/*--------------------------------*- C++ -*----------------------------------*\
| =========                 |                                                 |
| \\      /  F ield         | OpenFOAM: The Open Source CFD Toolbox           |
|  \\    /   O peration     | Version:  2412                                  |
|   \\  /    A nd           | Website:  www.openfoam.com                      |
|    \\/     M anipulation  |                                                 |
\*---------------------------------------------------------------------------*/
FoamFile
{
    version     2.0;
    format      ascii;
    arch        "LSB;label=32;scalar=64";
    class       volScalarField;
    location    "0.1";
    object      p;
}
// * * * * * * * * * * * * * * * * * * * * * * * * * * * * * * * * * * * * * //

dimensions      [1 -1 -2 0 0 0 0];

internalField   nonuniform List<scalar> 
1000
(
8.50886
8.50988
8.51172
8.51348
8.5148
8.5148
8.51348
8.51172
8.50988
8.50886
8.50988
8.51099
8.51301
8.51494
8.51642
8.51642
8.51494
8.513
8.51098
8.50988
8.51172
8.51301
8.51537
8.51765
8.51945
8.51945
8.51765
8.51537
8.513
8.51172
8.51348
8.51494
8.51765
8.52028
8.5224
8.5224
8.52028
8.51765
8.51494
8.51348
8.5148
8.51642
8.51945
8.5224
8.52485
8.52485
8.5224
8.51945
8.51642
8.5148
8.5148
8.51642
8.51945
8.5224
8.52485
8.52485
8.5224
8.51945
8.51642
8.5148
8.51348
8.51494
8.51765
8.52028
8.5224
8.5224
8.52028
8.51765
8.51494
8.51348
8.51172
8.51301
8.51537
8.51765
8.51945
8.51945
8.51765
8.51537
8.51301
8.51172
8.50988
8.51099
8.51301
8.51494
8.51642
8.51642
8.51494
8.51301
8.51099
8.50988
8.50886
8.50988
8.51172
8.51348
8.5148
8.5148
8.51348
8.51172
8.50988
8.50886
8.26154
8.26284
8.2652
8.26747
8.26921
8.26921
8.26747
8.2652
8.26284
8.26154
8.26284
8.26426
8.26688
8.2694
8.27137
8.27137
8.2694
8.26688
8.26426
8.26284
8.2652
8.26688
8.27001
8.27304
8.2755
8.2755
8.27304
8.27001
8.26688
8.2652
8.26747
8.2694
8.27304
8.27659
8.27957
8.27957
8.27659
8.27304
8.2694
8.26747
8.26921
8.27138
8.2755
8.27957
8.28308
8.28308
8.27957
8.2755
8.27137
8.26921
8.26921
8.27138
8.2755
8.27957
8.28308
8.28308
8.27957
8.2755
8.27138
8.26921
8.26747
8.2694
8.27304
8.27659
8.27957
8.27957
8.27659
8.27304
8.2694
8.26747
8.26521
8.26688
8.27001
8.27304
8.2755
8.2755
8.27304
8.27001
8.26688
8.2652
8.26284
8.26426
8.26688
8.2694
8.27138
8.27138
8.2694
8.26688
8.26426
8.26284
8.26154
8.26284
8.26521
8.26747
8.26921
8.26921
8.26747
8.2652
8.26284
8.26154
8.01361
8.01525
8.01827
8.02117
8.02345
8.02345
8.02117
8.01827
8.01525
8.0136
8.01525
8.01707
8.02045
8.02372
8.02636
8.02636
8.02372
8.02045
8.01707
8.01525
8.01827
8.02045
8.02457
8.0286
8.03198
8.03198
8.0286
8.02457
8.02045
8.01827
8.02117
8.02372
8.0286
8.03339
8.03759
8.03759
8.03339
8.0286
8.02372
8.02117
8.02345
8.02636
8.03198
8.03759
8.04268
8.04268
8.03759
8.03198
8.02636
8.02345
8.02345
8.02636
8.03198
8.03759
8.04268
8.04268
8.03759
8.03198
8.02636
8.02345
8.02117
8.02372
8.0286
8.03339
8.03759
8.03759
8.03339
8.0286
8.02372
8.02117
8.01827
8.02046
8.02457
8.0286
8.03198
8.03198
8.0286
8.02457
8.02045
8.01827
8.01525
8.01707
8.02046
8.02372
8.02636
8.02636
8.02372
8.02045
8.01707
8.01525
8.01361
8.01525
8.01827
8.02117
8.02345
8.02345
8.02117
8.01827
8.01525
8.01361
7.76489
7.76695
7.77078
7.77448
7.77746
7.77746
7.77448
7.77078
7.76695
7.76488
7.76695
7.76926
7.77361
7.77783
7.78136
7.78136
7.77783
7.77361
7.76926
7.76695
7.77078
7.77361
7.77901
7.78434
7.789
7.789
7.78434
7.77901
7.77361
7.77078
7.77448
7.77784
7.78434
7.79082
7.79679
7.79679
7.79082
7.78434
7.77783
7.77448
7.77746
7.78136
7.789
7.79679
7.80424
7.80424
7.79679
7.789
7.78136
7.77746
7.77746
7.78136
7.789
7.79679
7.80424
7.80424
7.79679
7.789
7.78136
7.77746
7.77448
7.77784
7.78435
7.79083
7.79679
7.79679
7.79082
7.78434
7.77783
7.77448
7.77078
7.77361
7.77901
7.78435
7.789
7.789
7.78435
7.77901
7.77361
7.77078
7.76695
7.76926
7.77361
7.77784
7.78136
7.78136
7.77784
7.77361
7.76926
7.76695
7.76489
7.76695
7.77078
7.77448
7.77746
7.77746
7.77448
7.77078
7.76695
7.76489
7.51517
7.51774
7.52256
7.52724
7.53112
7.53112
7.52724
7.52256
7.51774
7.51517
7.51774
7.52066
7.52621
7.53164
7.53634
7.53634
7.53164
7.52621
7.52066
7.51774
7.52256
7.52621
7.53325
7.5403
7.54673
7.54673
7.5403
7.53325
7.52621
7.52256
7.52724
7.53164
7.5403
7.54907
7.55758
7.55758
7.54906
7.5403
7.53164
7.52724
7.53112
7.53634
7.54673
7.55758
7.5686
7.5686
7.55758
7.54673
7.53634
7.53112
7.53112
7.53634
7.54673
7.55758
7.5686
7.5686
7.55758
7.54673
7.53634
7.53112
7.52724
7.53164
7.5403
7.54907
7.55758
7.55758
7.54907
7.5403
7.53164
7.52724
7.52256
7.52621
7.53325
7.5403
7.54673
7.54673
7.5403
7.53325
7.52621
7.52256
7.51774
7.52066
7.52621
7.53164
7.53634
7.53634
7.53164
7.52621
7.52066
7.51774
7.51518
7.51774
7.52256
7.52724
7.53112
7.53112
7.52724
7.52256
7.51774
7.51517
7.26422
7.26739
7.27338
7.27926
7.28427
7.28427
7.27926
7.27338
7.26739
7.26422
7.26739
7.27104
7.27805
7.28499
7.29125
7.29125
7.28499
7.27805
7.27104
7.26739
7.27338
7.27805
7.28716
7.29646
7.30533
7.30533
7.29646
7.28716
7.27805
7.27338
7.27926
7.28499
7.29646
7.3083
7.32053
7.32053
7.3083
7.29646
7.28499
7.27926
7.28428
7.29125
7.30533
7.32053
7.33701
7.33701
7.32053
7.30533
7.29125
7.28427
7.28428
7.29125
7.30533
7.32053
7.33701
7.33701
7.32053
7.30533
7.29125
7.28427
7.27926
7.28499
7.29646
7.30831
7.32053
7.32053
7.3083
7.29646
7.28499
7.27926
7.27338
7.27806
7.28716
7.29646
7.30533
7.30533
7.29646
7.28716
7.27805
7.27338
7.26739
7.27104
7.27806
7.28499
7.29125
7.29125
7.28499
7.27805
7.27104
7.26739
7.26422
7.26739
7.27338
7.27926
7.28428
7.28428
7.27926
7.27338
7.26739
7.26422
7.01172
7.01559
7.02295
7.03026
7.0367
7.0367
7.03026
7.02295
7.01559
7.01172
7.01559
7.02011
7.02888
7.03768
7.04598
7.04598
7.03768
7.02888
7.02011
7.01559
7.02295
7.02888
7.04055
7.05276
7.06498
7.06498
7.05276
7.04055
7.02888
7.02295
7.03026
7.03768
7.05276
7.06875
7.0864
7.0864
7.06874
7.05276
7.03768
7.03026
7.0367
7.04598
7.06498
7.0864
7.1113
7.1113
7.0864
7.06498
7.04598
7.0367
7.0367
7.04598
7.06498
7.0864
7.1113
7.1113
7.0864
7.06498
7.04598
7.0367
7.03026
7.03769
7.05276
7.06875
7.0864
7.0864
7.06875
7.05276
7.03768
7.03026
7.02295
7.02888
7.04055
7.05276
7.06498
7.06498
7.05276
7.04055
7.02888
7.02295
7.01559
7.02011
7.02888
7.03769
7.04598
7.04598
7.03769
7.02888
7.02011
7.01559
7.01172
7.01559
7.02295
7.03026
7.0367
7.0367
7.03026
7.02295
7.01559
7.01172
6.75732
6.76198
6.77089
6.77989
6.78808
6.78808
6.77989
6.77089
6.76198
6.75732
6.76198
6.76752
6.77835
6.78941
6.80037
6.80037
6.78941
6.77835
6.76752
6.76198
6.77089
6.77835
6.7931
6.80905
6.82583
6.82583
6.80905
6.7931
6.77835
6.77089
6.77989
6.78942
6.80905
6.83056
6.85617
6.85617
6.83056
6.80905
6.78941
6.77989
6.78808
6.80037
6.82583
6.85617
6.89424
6.89424
6.85617
6.82583
6.80037
6.78808
6.78808
6.80037
6.82583
6.85617
6.89424
6.89424
6.85617
6.82583
6.80037
6.78808
6.77989
6.78942
6.80905
6.83057
6.85617
6.85617
6.83057
6.80905
6.78942
6.77989
6.7709
6.77835
6.7931
6.80905
6.82583
6.82583
6.80905
6.7931
6.77835
6.77089
6.76199
6.76752
6.77835
6.78942
6.80037
6.80037
6.78942
6.77835
6.76752
6.76199
6.75732
6.76199
6.7709
6.77989
6.78808
6.78808
6.77989
6.77089
6.76199
6.75732
6.50062
6.50616
6.51675
6.52769
6.53794
6.53794
6.52768
6.51675
6.50616
6.50062
6.50616
6.51284
6.526
6.53976
6.55409
6.55409
6.53975
6.526
6.51284
6.50616
6.51676
6.526
6.54434
6.56502
6.58789
6.58789
6.56502
6.54434
6.526
6.51675
6.52769
6.53976
6.56502
6.59383
6.63109
6.63108
6.59383
6.56502
6.53976
6.52769
6.53794
6.55409
6.58789
6.63109
6.68993
6.68993
6.63109
6.58789
6.55409
6.53794
6.53794
6.55409
6.5879
6.63109
6.68993
6.68993
6.63109
6.58789
6.55409
6.53794
6.52769
6.53976
6.56502
6.59384
6.63109
6.63109
6.59384
6.56502
6.53976
6.52769
6.51676
6.526
6.54434
6.56502
6.5879
6.5879
6.56502
6.54434
6.526
6.51676
6.50616
6.51284
6.526
6.53976
6.55409
6.55409
6.53976
6.526
6.51284
6.50616
6.50062
6.50616
6.51676
6.52769
6.53794
6.53794
6.52769
6.51676
6.50616
6.50062
6.24117
6.24764
6.25997
6.27305
6.28566
6.28566
6.27305
6.25997
6.24764
6.24117
6.24764
6.25557
6.27126
6.28812
6.30669
6.30669
6.28812
6.27126
6.25557
6.24764
6.25998
6.27126
6.29357
6.32011
6.35088
6.35088
6.3201
6.29357
6.27126
6.25997
6.27305
6.28812
6.32011
6.35837
6.41264
6.41264
6.35837
6.32011
6.28812
6.27305
6.28566
6.30669
6.35088
6.41264
6.50444
6.50444
6.41264
6.35088
6.30669
6.28566
6.28566
6.30669
6.35088
6.41264
6.50444
6.50444
6.41264
6.35088
6.30669
6.28566
6.27305
6.28812
6.32011
6.35837
6.41264
6.41264
6.35837
6.32011
6.28812
6.27305
6.25998
6.27127
6.29357
6.32011
6.35088
6.35088
6.32011
6.29357
6.27126
6.25998
6.24765
6.25557
6.27127
6.28812
6.30669
6.30669
6.28812
6.27126
6.25557
6.24765
6.24117
6.24765
6.25998
6.27305
6.28566
6.28566
6.27305
6.25998
6.24765
6.24117
)
;

boundaryField
{
    bottom
    {
        type            calculated;
        value           nonuniform List<scalar> 0();
    }
    atmosphere
    {
        type            calculated;
        value           nonuniform List<scalar> 0();
    }
    walls
    {
        type            calculated;
        value           nonuniform List<scalar> 
400
(
8.50886
8.50988
8.51172
8.51348
8.5148
8.5148
8.51348
8.51172
8.50988
8.50886
8.26154
8.26284
8.2652
8.26747
8.26921
8.26921
8.26747
8.26521
8.26284
8.26154
8.01361
8.01525
8.01827
8.02117
8.02345
8.02345
8.02117
8.01827
8.01525
8.01361
7.76489
7.76695
7.77078
7.77448
7.77746
7.77746
7.77448
7.77078
7.76695
7.76489
7.51517
7.51774
7.52256
7.52724
7.53112
7.53112
7.52724
7.52256
7.51774
7.51518
7.26422
7.26739
7.27338
7.27926
7.28428
7.28428
7.27926
7.27338
7.26739
7.26422
7.01172
7.01559
7.02295
7.03026
7.0367
7.0367
7.03026
7.02295
7.01559
7.01172
6.75732
6.76198
6.77089
6.77989
6.78808
6.78808
6.77989
6.7709
6.76199
6.75732
6.50062
6.50616
6.51676
6.52769
6.53794
6.53794
6.52769
6.51676
6.50616
6.50062
6.24117
6.24764
6.25998
6.27305
6.28566
6.28566
6.27305
6.25998
6.24765
6.24117
8.50886
8.50988
8.51172
8.51348
8.5148
8.5148
8.51348
8.51172
8.50988
8.50886
8.26154
8.26284
8.2652
8.26747
8.26921
8.26921
8.26747
8.2652
8.26284
8.26154
8.0136
8.01525
8.01827
8.02117
8.02345
8.02345
8.02117
8.01827
8.01525
8.01361
7.76488
7.76695
7.77078
7.77448
7.77746
7.77746
7.77448
7.77078
7.76695
7.76489
7.51517
7.51774
7.52256
7.52724
7.53112
7.53112
7.52724
7.52256
7.51774
7.51517
7.26422
7.26739
7.27338
7.27926
7.28427
7.28427
7.27926
7.27338
7.26739
7.26422
7.01172
7.01559
7.02295
7.03026
7.0367
7.0367
7.03026
7.02295
7.01559
7.01172
6.75732
6.76198
6.77089
6.77989
6.78808
6.78808
6.77989
6.77089
6.76199
6.75732
6.50062
6.50616
6.51675
6.52769
6.53794
6.53794
6.52769
6.51676
6.50616
6.50062
6.24117
6.24764
6.25997
6.27305
6.28566
6.28566
6.27305
6.25998
6.24765
6.24117
8.50886
8.26154
8.01361
7.76489
7.51517
7.26422
7.01172
6.75732
6.50062
6.24117
8.50988
8.26284
8.01525
7.76695
7.51774
7.26739
7.01559
6.76198
6.50616
6.24764
8.51172
8.2652
8.01827
7.77078
7.52256
7.27338
7.02295
6.77089
6.51675
6.25997
8.51348
8.26747
8.02117
7.77448
7.52724
7.27926
7.03026
6.77989
6.52769
6.27305
8.5148
8.26921
8.02345
7.77746
7.53112
7.28427
7.0367
6.78808
6.53794
6.28566
8.5148
8.26921
8.02345
7.77746
7.53112
7.28427
7.0367
6.78808
6.53794
6.28566
8.51348
8.26747
8.02117
7.77448
7.52724
7.27926
7.03026
6.77989
6.52768
6.27305
8.51172
8.2652
8.01827
7.77078
7.52256
7.27338
7.02295
6.77089
6.51675
6.25997
8.50988
8.26284
8.01525
7.76695
7.51774
7.26739
7.01559
6.76198
6.50616
6.24764
8.50886
8.26154
8.0136
7.76488
7.51517
7.26422
7.01172
6.75732
6.50062
6.24117
8.50886
8.26154
8.01361
7.76489
7.51518
7.26422
7.01172
6.75732
6.50062
6.24117
8.50988
8.26284
8.01525
7.76695
7.51774
7.26739
7.01559
6.76199
6.50616
6.24765
8.51172
8.26521
8.01827
7.77078
7.52256
7.27338
7.02295
6.7709
6.51676
6.25998
8.51348
8.26747
8.02117
7.77448
7.52724
7.27926
7.03026
6.77989
6.52769
6.27305
8.5148
8.26921
8.02345
7.77746
7.53112
7.28428
7.0367
6.78808
6.53794
6.28566
8.5148
8.26921
8.02345
7.77746
7.53112
7.28428
7.0367
6.78808
6.53794
6.28566
8.51348
8.26747
8.02117
7.77448
7.52724
7.27926
7.03026
6.77989
6.52769
6.27305
8.51172
8.2652
8.01827
7.77078
7.52256
7.27338
7.02295
6.77089
6.51676
6.25998
8.50988
8.26284
8.01525
7.76695
7.51774
7.26739
7.01559
6.76199
6.50616
6.24765
8.50886
8.26154
8.01361
7.76489
7.51517
7.26422
7.01172
6.75732
6.50062
6.24117
)
;
    }
    procBoundary2to0
    {
        type            processor;
        value           nonuniform List<scalar> 
100
(
5.9785
5.98592
5.99989
6.01524
6.03037
6.03037
6.01524
5.99989
5.98592
5.9785
5.98592
5.99513
6.01341
6.03369
6.05738
6.05738
6.03369
6.01341
5.99513
5.98592
5.99989
6.01341
6.03971
6.07327
6.11379
6.11379
6.07327
6.03971
6.01341
5.99989
6.01524
6.03369
6.07327
6.12346
6.2023
6.2023
6.12346
6.07327
6.03369
6.01524
6.03037
6.05738
6.11379
6.2023
6.34676
6.34676
6.2023
6.11379
6.05738
6.03037
6.03037
6.05738
6.11379
6.2023
6.34676
6.34676
6.2023
6.11379
6.05738
6.03037
6.01524
6.03369
6.07327
6.12346
6.2023
6.2023
6.12346
6.07327
6.03369
6.01524
5.9999
6.01341
6.03972
6.07327
6.1138
6.11379
6.07327
6.03971
6.01341
5.99989
5.98592
5.99513
6.01341
6.03369
6.05738
6.05738
6.03369
6.01341
5.99513
5.98592
5.9785
5.98592
5.9999
6.01524
6.03037
6.03037
6.01524
5.9999
5.98592
5.9785
)
;
    }
    procBoundary2to3
    {
        type            processor;
        value           nonuniform List<scalar> 
100
(
8.7557
8.75649
8.75792
8.75929
8.76029
8.76029
8.75929
8.75792
8.75649
8.7557
8.75649
8.75735
8.7589
8.76038
8.76149
8.76149
8.76038
8.7589
8.75735
8.75649
8.75792
8.7589
8.76069
8.7624
8.76372
8.76372
8.7624
8.76069
8.7589
8.75792
8.75929
8.76038
8.76241
8.76435
8.76587
8.76587
8.76435
8.7624
8.76038
8.75929
8.76029
8.76149
8.76372
8.76587
8.7676
8.7676
8.76587
8.76372
8.76149
8.76029
8.76029
8.76149
8.76372
8.76587
8.7676
8.7676
8.76587
8.76372
8.76149
8.76029
8.75929
8.76039
8.76241
8.76435
8.76587
8.76587
8.76435
8.76241
8.76038
8.75929
8.75792
8.7589
8.76069
8.76241
8.76372
8.76372
8.76241
8.76069
8.7589
8.75792
8.75649
8.75735
8.7589
8.76039
8.76149
8.76149
8.76038
8.7589
8.75735
8.75649
8.7557
8.75649
8.75792
8.75929
8.76029
8.76029
8.75929
8.75792
8.75649
8.7557
)
;
    }
}


// ************************************************************************* //
