/*--------------------------------*- C++ -*----------------------------------*\
| =========                 |                                                 |
| \\      /  F ield         | OpenFOAM: The Open Source CFD Toolbox           |
|  \\    /   O peration     | Version:  2412                                  |
|   \\  /    A nd           | Website:  www.openfoam.com                      |
|    \\/     M anipulation  |                                                 |
\*---------------------------------------------------------------------------*/
FoamFile
{
    version     2.0;
    format      ascii;
    arch        "LSB;label=32;scalar=64";
    class       surfaceScalarField;
    location    "0.1";
    object      phi;
}
// * * * * * * * * * * * * * * * * * * * * * * * * * * * * * * * * * * * * * //

dimensions      [0 3 -1 0 0 0 0];

oriented        oriented;

internalField   nonuniform List<scalar> 
2700
(
-9.77364e-07
-9.77363e-07
8.27394e-06
-1.63254e-06
-1.05271e-06
7.09494e-06
-1.66425e-06
-1.19963e-06
4.91243e-06
-1.09592e-06
-1.34059e-06
2.81639e-06
-2.13224e-12
-1.46658e-06
1.15181e-06
1.09591e-06
-1.46658e-06
1.15181e-06
1.66425e-06
-1.34059e-06
2.81639e-06
1.63254e-06
-1.19963e-06
4.91243e-06
9.77358e-07
-1.05271e-06
7.09495e-06
-9.77362e-07
8.27394e-06
-1.05271e-06
-1.63254e-06
7.09495e-06
-1.76345e-06
-1.76345e-06
5.78056e-06
-1.80411e-06
-2.02034e-06
3.32279e-06
-1.19721e-06
-2.26772e-06
9.60197e-07
-2.90262e-12
-2.49183e-06
-9.71791e-07
1.19721e-06
-2.49183e-06
-9.71791e-07
1.80411e-06
-2.26772e-06
9.60197e-07
1.76345e-06
-2.02034e-06
3.32279e-06
1.0527e-06
-1.76345e-06
5.78056e-06
-1.63254e-06
7.09495e-06
-1.19963e-06
-1.66425e-06
4.91242e-06
-2.02034e-06
-1.80411e-06
3.32278e-06
-2.08149e-06
-2.08148e-06
2.96503e-07
-1.40034e-06
-2.34984e-06
-2.6255e-06
-1.54589e-12
-2.59995e-06
-5.12928e-06
1.40034e-06
-2.59995e-06
-5.12928e-06
2.08148e-06
-2.34983e-06
-2.62549e-06
2.02034e-06
-2.08148e-06
2.96504e-07
1.19962e-06
-1.80411e-06
3.32278e-06
-1.66425e-06
4.91243e-06
-1.34059e-06
-1.09591e-06
2.8164e-06
-2.26773e-06
-1.19721e-06
9.60201e-07
-2.34984e-06
-1.40033e-06
-2.62548e-06
-1.59941e-06
-1.5994e-06
-6.09704e-06
-3.30407e-12
-1.79085e-06
-9.1886e-06
1.5994e-06
-1.79085e-06
-9.1886e-06
2.34983e-06
-1.5994e-06
-6.09704e-06
2.26772e-06
-1.40034e-06
-2.62548e-06
1.34058e-06
-1.19721e-06
9.60201e-07
-1.09591e-06
2.8164e-06
-1.46658e-06
2.43497e-12
1.1518e-06
-2.49183e-06
1.98197e-12
-9.71802e-07
-2.59996e-06
1.88081e-12
-5.12928e-06
-1.79086e-06
1.53053e-12
-9.18862e-06
-1.45612e-12
1.5524e-12
-1.2946e-05
1.79085e-06
1.18243e-12
-1.2946e-05
2.59995e-06
1.61612e-12
-9.18861e-06
2.49183e-06
1.62331e-12
-5.12928e-06
1.46658e-06
1.86831e-12
-9.718e-07
3.21532e-12
1.1518e-06
-1.46658e-06
1.09592e-06
1.15182e-06
-2.49184e-06
1.19721e-06
-9.71786e-07
-2.59996e-06
1.40034e-06
-5.12926e-06
-1.79086e-06
1.59941e-06
-9.1886e-06
-3.46457e-12
1.79086e-06
-1.2946e-05
1.79085e-06
1.79086e-06
-1.2946e-05
2.59995e-06
1.59941e-06
-9.1886e-06
2.49183e-06
1.40034e-06
-5.12926e-06
1.46658e-06
1.19721e-06
-9.71786e-07
1.09592e-06
1.15182e-06
-1.34059e-06
1.66425e-06
2.81639e-06
-2.26773e-06
1.80411e-06
9.60188e-07
-2.34984e-06
2.08149e-06
-2.62549e-06
-1.59941e-06
2.34984e-06
-6.09706e-06
-1.61068e-12
2.59996e-06
-9.18861e-06
1.5994e-06
2.59996e-06
-9.18861e-06
2.34984e-06
2.34984e-06
-6.09705e-06
2.26772e-06
2.08149e-06
-2.62549e-06
1.34059e-06
1.80411e-06
9.6019e-07
1.66425e-06
2.81639e-06
-1.19963e-06
1.63254e-06
4.91244e-06
-2.02035e-06
1.76345e-06
3.32279e-06
-2.08149e-06
2.02034e-06
2.96516e-07
-1.40034e-06
2.26773e-06
-2.62548e-06
-3.41354e-12
2.49183e-06
-5.12926e-06
1.40033e-06
2.49183e-06
-5.12926e-06
2.08148e-06
2.26773e-06
-2.62548e-06
2.02034e-06
2.02034e-06
2.96515e-07
1.19963e-06
1.76345e-06
3.32279e-06
1.63254e-06
4.91244e-06
-1.05271e-06
9.77365e-07
7.09495e-06
-1.76345e-06
1.05271e-06
5.78056e-06
-1.80412e-06
1.19963e-06
3.32278e-06
-1.19721e-06
1.34059e-06
9.60192e-07
-2.18672e-12
1.46658e-06
-9.71796e-07
1.19721e-06
1.46658e-06
-9.71797e-07
1.80411e-06
1.34059e-06
9.60193e-07
1.76345e-06
1.19963e-06
3.32278e-06
1.05271e-06
1.05271e-06
5.78056e-06
9.77366e-07
7.09495e-06
-9.77367e-07
8.27395e-06
-1.63255e-06
7.09495e-06
-1.66425e-06
4.91244e-06
-1.09592e-06
2.8164e-06
-2.92025e-12
1.15181e-06
1.09591e-06
1.15181e-06
1.66425e-06
2.8164e-06
1.63254e-06
4.91243e-06
9.77363e-07
7.09495e-06
8.27395e-06
-1.25922e-06
-1.25923e-06
1.07924e-05
-2.11098e-06
-1.36768e-06
9.31436e-06
-2.16204e-06
-1.5824e-06
6.54586e-06
-1.43729e-06
-1.78929e-06
3.88091e-06
-3.32576e-12
-1.98151e-06
1.696e-06
1.43729e-06
-1.98151e-06
1.696e-06
2.16203e-06
-1.78929e-06
3.88091e-06
2.11098e-06
-1.5824e-06
6.54586e-06
1.25922e-06
-1.36768e-06
9.31436e-06
-1.25923e-06
1.07924e-05
-1.36768e-06
-2.11098e-06
9.31436e-06
-2.3007e-06
-2.30071e-06
7.64659e-06
-2.36708e-06
-2.67886e-06
4.48559e-06
-1.58864e-06
-3.04513e-06
1.43758e-06
-3.87003e-12
-3.39058e-06
-1.15138e-06
1.58864e-06
-3.39058e-06
-1.15138e-06
2.36707e-06
-3.04513e-06
1.43758e-06
2.3007e-06
-2.67886e-06
4.48559e-06
1.36767e-06
-2.3007e-06
7.64659e-06
-2.11099e-06
9.31436e-06
-1.5824e-06
-2.16205e-06
6.54586e-06
-2.67885e-06
-2.36708e-06
4.48558e-06
-2.78097e-06
-2.78098e-06
5.00716e-07
-1.89769e-06
-3.18435e-06
-3.36958e-06
-2.47637e-12
-3.57814e-06
-6.83943e-06
1.89769e-06
-3.57814e-06
-6.83944e-06
2.78097e-06
-3.18434e-06
-3.36958e-06
2.67885e-06
-2.78098e-06
5.00717e-07
1.5824e-06
-2.36708e-06
4.48559e-06
-2.16205e-06
6.54586e-06
-1.78929e-06
-1.4373e-06
3.88092e-06
-3.04513e-06
-1.58865e-06
1.43759e-06
-3.18434e-06
-1.8977e-06
-3.36957e-06
-2.2042e-06
-2.20421e-06
-8.05734e-06
-4.04222e-12
-2.51375e-06
-1.24572e-05
2.2042e-06
-2.51375e-06
-1.24572e-05
3.18433e-06
-2.20421e-06
-8.05734e-06
3.04512e-06
-1.8977e-06
-3.36957e-06
1.78929e-06
-1.58865e-06
1.43759e-06
-1.4373e-06
3.88092e-06
-1.9815e-06
-9.63355e-12
1.69599e-06
-3.39058e-06
-8.85236e-12
-1.1514e-06
-3.57813e-06
-8.72662e-12
-6.83944e-06
-2.51374e-06
-8.47946e-12
-1.24572e-05
-1.86443e-12
-7.94539e-12
-1.79735e-05
2.51374e-06
-8.31059e-12
-1.79735e-05
3.57813e-06
-7.29064e-12
-1.24572e-05
3.39057e-06
-8.63389e-12
-6.83944e-06
1.9815e-06
-7.01481e-12
-1.1514e-06
-9.43002e-12
1.69599e-06
-1.9815e-06
1.43728e-06
1.69601e-06
-3.39058e-06
1.58863e-06
-1.15138e-06
-3.57813e-06
1.89768e-06
-6.83942e-06
-2.51374e-06
2.20419e-06
-1.24572e-05
-3.64616e-12
2.51373e-06
-1.79735e-05
2.51374e-06
2.51373e-06
-1.79735e-05
3.57812e-06
2.20419e-06
-1.24572e-05
3.39057e-06
1.89768e-06
-6.83942e-06
1.9815e-06
1.58863e-06
-1.15138e-06
1.43728e-06
1.69601e-06
-1.78929e-06
2.16203e-06
3.8809e-06
-3.04513e-06
2.36706e-06
1.43757e-06
-3.18434e-06
2.78096e-06
-3.36958e-06
-2.2042e-06
3.18433e-06
-8.05735e-06
-1.58353e-12
3.57812e-06
-1.24572e-05
2.2042e-06
3.57812e-06
-1.24572e-05
3.18434e-06
3.18433e-06
-8.05735e-06
3.04513e-06
2.78096e-06
-3.36958e-06
1.78929e-06
2.36707e-06
1.43757e-06
2.16203e-06
3.8809e-06
-1.5824e-06
2.11097e-06
6.54587e-06
-2.67885e-06
2.30069e-06
4.4856e-06
-2.78097e-06
2.67884e-06
5.0073e-07
-1.89769e-06
3.04512e-06
-3.36957e-06
-3.31819e-12
3.39057e-06
-6.83942e-06
1.89769e-06
3.39057e-06
-6.83942e-06
2.78096e-06
3.04512e-06
-3.36957e-06
2.67885e-06
2.67884e-06
5.00728e-07
1.58239e-06
2.30069e-06
4.4856e-06
2.11097e-06
6.54587e-06
-1.36768e-06
1.25921e-06
9.31436e-06
-2.3007e-06
1.36767e-06
7.64658e-06
-2.36707e-06
1.58239e-06
4.48559e-06
-1.58864e-06
1.78928e-06
1.43758e-06
-1.98845e-12
1.9815e-06
-1.15139e-06
1.58864e-06
1.9815e-06
-1.15139e-06
2.36707e-06
1.78928e-06
1.43758e-06
2.3007e-06
1.58239e-06
4.48559e-06
1.36767e-06
1.36767e-06
7.64658e-06
1.25921e-06
9.31435e-06
-1.25922e-06
1.07924e-05
-2.11098e-06
9.31436e-06
-2.16204e-06
6.54586e-06
-1.43729e-06
3.88091e-06
-2.61539e-12
1.696e-06
1.43729e-06
1.696e-06
2.16203e-06
3.88091e-06
2.11097e-06
6.54586e-06
1.25922e-06
9.31436e-06
1.07924e-05
-1.61483e-06
-1.61483e-06
1.4022e-05
-2.71769e-06
-1.77009e-06
1.21873e-05
-2.79903e-06
-2.08242e-06
8.70959e-06
-1.8807e-06
-2.38512e-06
5.34769e-06
-2.02714e-12
-2.67838e-06
2.49366e-06
1.8807e-06
-2.67838e-06
2.49366e-06
2.79902e-06
-2.38512e-06
5.34769e-06
2.71769e-06
-2.08242e-06
8.70959e-06
1.61482e-06
-1.77009e-06
1.21873e-05
-1.61482e-06
1.4022e-05
-1.77009e-06
-2.71769e-06
1.21873e-05
-2.99136e-06
-2.99136e-06
1.00891e-05
-3.09869e-06
-3.54564e-06
6.05613e-06
-2.10663e-06
-4.08682e-06
2.14719e-06
-2.84581e-12
-4.61994e-06
-1.31647e-06
2.10662e-06
-4.61994e-06
-1.31647e-06
3.09869e-06
-4.08682e-06
2.14719e-06
2.99135e-06
-3.54564e-06
6.05613e-06
1.77009e-06
-2.99136e-06
1.00891e-05
-2.71769e-06
1.21873e-05
-2.08242e-06
-2.79902e-06
8.70959e-06
-3.54564e-06
-3.09869e-06
6.05612e-06
-3.71502e-06
-3.71502e-06
8.39451e-07
-2.57665e-06
-4.32161e-06
-4.27318e-06
-1.32351e-12
-4.94463e-06
-9.09142e-06
2.57665e-06
-4.94463e-06
-9.09142e-06
3.71502e-06
-4.32161e-06
-4.27318e-06
3.54564e-06
-3.71502e-06
8.39452e-07
2.08242e-06
-3.09869e-06
6.05612e-06
-2.79902e-06
8.70959e-06
-2.38512e-06
-1.8807e-06
5.3477e-06
-4.08682e-06
-2.10663e-06
2.1472e-06
-4.32161e-06
-2.57665e-06
-4.27317e-06
-3.05023e-06
-3.05022e-06
-1.06001e-05
-3.1588e-12
-3.55437e-06
-1.68977e-05
3.05022e-06
-3.55437e-06
-1.68977e-05
4.32161e-06
-3.05022e-06
-1.06001e-05
4.08681e-06
-2.57665e-06
-4.27317e-06
2.38512e-06
-2.10663e-06
2.1472e-06
-1.8807e-06
5.34769e-06
-2.67838e-06
1.61378e-12
2.49365e-06
-4.61994e-06
1.25335e-12
-1.31649e-06
-4.94463e-06
1.11901e-12
-9.09142e-06
-3.55437e-06
8.03807e-13
-1.68977e-05
-1.2036e-12
7.74503e-13
-2.50823e-05
3.55437e-06
3.65081e-13
-2.50823e-05
4.94463e-06
9.04777e-13
-1.68977e-05
4.61994e-06
8.36112e-13
-9.09142e-06
2.67838e-06
1.22427e-12
-1.31648e-06
2.38965e-12
2.49365e-06
-2.67838e-06
1.8807e-06
2.49367e-06
-4.61994e-06
2.10663e-06
-1.31647e-06
-4.94463e-06
2.57665e-06
-9.09141e-06
-3.55437e-06
3.05023e-06
-1.68977e-05
-3.34196e-12
3.55437e-06
-2.50822e-05
3.55437e-06
3.55437e-06
-2.50822e-05
4.94463e-06
3.05023e-06
-1.68977e-05
4.61994e-06
2.57665e-06
-9.09141e-06
2.67838e-06
2.10663e-06
-1.31647e-06
1.8807e-06
2.49367e-06
-2.38512e-06
2.79902e-06
5.34768e-06
-4.08682e-06
3.09869e-06
2.14718e-06
-4.32161e-06
3.71502e-06
-4.27318e-06
-3.05023e-06
4.32161e-06
-1.06002e-05
-1.35006e-12
4.94463e-06
-1.68977e-05
3.05022e-06
4.94463e-06
-1.68977e-05
4.32161e-06
4.32161e-06
-1.06001e-05
4.08682e-06
3.71502e-06
-4.27318e-06
2.38512e-06
3.09869e-06
2.14718e-06
2.79903e-06
5.34768e-06
-2.08242e-06
2.71769e-06
8.7096e-06
-3.54565e-06
2.99136e-06
6.05613e-06
-3.71502e-06
3.54564e-06
8.39466e-07
-2.57666e-06
4.08682e-06
-4.27317e-06
-3.28639e-12
4.61994e-06
-9.09141e-06
2.57665e-06
4.61994e-06
-9.09141e-06
3.71502e-06
4.08682e-06
-4.27317e-06
3.54564e-06
3.54564e-06
8.39464e-07
2.08242e-06
2.99136e-06
6.05613e-06
2.71769e-06
8.7096e-06
-1.7701e-06
1.61483e-06
1.21873e-05
-2.99136e-06
1.77009e-06
1.00891e-05
-3.09869e-06
2.08242e-06
6.05612e-06
-2.10663e-06
2.38512e-06
2.14719e-06
-1.98594e-12
2.67838e-06
-1.31648e-06
2.10663e-06
2.67838e-06
-1.31648e-06
3.09869e-06
2.38512e-06
2.14719e-06
2.99136e-06
2.08242e-06
6.05612e-06
1.77009e-06
1.77009e-06
1.00891e-05
1.61483e-06
1.21873e-05
-1.61483e-06
1.4022e-05
-2.7177e-06
1.21873e-05
-2.79903e-06
8.7096e-06
-1.8807e-06
5.34769e-06
-2.7828e-12
2.49366e-06
1.8807e-06
2.49366e-06
2.79902e-06
5.34769e-06
2.71769e-06
8.7096e-06
1.61482e-06
1.21873e-05
1.4022e-05
-2.05923e-06
-2.05923e-06
1.81404e-05
-3.4801e-06
-2.28013e-06
1.58883e-05
-3.60818e-06
-2.73187e-06
1.15695e-05
-2.45349e-06
-3.17309e-06
7.36606e-06
-3.29772e-12
-3.62031e-06
3.66046e-06
2.45348e-06
-3.62031e-06
3.66046e-06
3.60817e-06
-3.17309e-06
7.36606e-06
3.4801e-06
-2.73187e-06
1.15695e-05
2.05923e-06
-2.28013e-06
1.58883e-05
-2.05923e-06
1.81404e-05
-2.28013e-06
-3.4801e-06
1.58883e-05
-3.87268e-06
-3.87268e-06
1.32742e-05
-4.04459e-06
-4.68099e-06
8.17713e-06
-2.79027e-06
-5.47857e-06
3.19832e-06
-3.92804e-12
-6.30208e-06
-1.425e-06
2.79026e-06
-6.30208e-06
-1.425e-06
4.04458e-06
-5.47856e-06
3.19832e-06
3.87268e-06
-4.68099e-06
8.17713e-06
2.28013e-06
-3.87268e-06
1.32742e-05
-3.4801e-06
1.58883e-05
-2.73187e-06
-3.60818e-06
1.15695e-05
-4.68099e-06
-4.04459e-06
8.17712e-06
-4.95995e-06
-4.95996e-06
1.39736e-06
-3.50445e-06
-5.87255e-06
-5.33472e-06
-2.52895e-12
-6.86332e-06
-1.20347e-05
3.50445e-06
-6.86332e-06
-1.20347e-05
4.95995e-06
-5.87255e-06
-5.33472e-06
4.68098e-06
-4.95996e-06
1.39736e-06
2.73187e-06
-4.04459e-06
8.17712e-06
-3.60818e-06
1.15695e-05
-3.17309e-06
-2.45349e-06
7.36607e-06
-5.47856e-06
-2.79027e-06
3.19833e-06
-5.87255e-06
-3.50446e-06
-5.33471e-06
-4.2389e-06
-4.2389e-06
-1.38675e-05
-4.32549e-12
-5.06629e-06
-2.29337e-05
4.23889e-06
-5.06629e-06
-2.29337e-05
5.87254e-06
-4.2389e-06
-1.38675e-05
5.47856e-06
-3.50446e-06
-5.33471e-06
3.17308e-06
-2.79027e-06
3.19833e-06
-2.4535e-06
7.36607e-06
-3.62031e-06
-7.52164e-12
3.66045e-06
-6.30208e-06
-6.85917e-12
-1.42501e-06
-6.86332e-06
-6.88718e-12
-1.20347e-05
-5.06629e-06
-6.74312e-12
-2.29337e-05
-2.0118e-12
-6.25459e-12
-3.52149e-05
5.06628e-06
-6.68708e-12
-3.52149e-05
6.86331e-06
-5.51939e-12
-2.29337e-05
6.30207e-06
-6.94972e-12
-1.20347e-05
3.62031e-06
-5.25321e-12
-1.42501e-06
-7.49332e-12
3.66045e-06
-3.62031e-06
2.45348e-06
3.66047e-06
-6.30208e-06
2.79026e-06
-1.42499e-06
-6.86332e-06
3.50444e-06
-1.20346e-05
-5.06629e-06
4.23889e-06
-2.29337e-05
-3.96934e-12
5.06628e-06
-3.52148e-05
5.06628e-06
5.06628e-06
-3.52148e-05
6.86331e-06
4.23889e-06
-2.29337e-05
6.30207e-06
3.50444e-06
-1.20346e-05
3.62031e-06
2.79026e-06
-1.42499e-06
2.45348e-06
3.66047e-06
-3.17309e-06
3.60817e-06
7.36606e-06
-5.47856e-06
4.04458e-06
3.19831e-06
-5.87254e-06
4.95994e-06
-5.33473e-06
-4.2389e-06
5.87254e-06
-1.38675e-05
-1.68851e-12
6.86331e-06
-2.29337e-05
4.23889e-06
6.86331e-06
-2.29337e-05
5.87254e-06
5.87254e-06
-1.38675e-05
5.47856e-06
4.95994e-06
-5.33473e-06
3.17308e-06
4.04458e-06
3.19831e-06
3.60817e-06
7.36605e-06
-2.73187e-06
3.48009e-06
1.15695e-05
-4.68099e-06
3.87267e-06
8.17714e-06
-4.95995e-06
4.68098e-06
1.39737e-06
-3.50445e-06
5.47855e-06
-5.33471e-06
-3.63503e-12
6.30207e-06
-1.20346e-05
3.50445e-06
6.30207e-06
-1.20346e-05
4.95995e-06
5.47855e-06
-5.33471e-06
4.68098e-06
4.68098e-06
1.39737e-06
2.73186e-06
3.87267e-06
8.17714e-06
3.48009e-06
1.15695e-05
-2.28013e-06
2.05922e-06
1.58883e-05
-3.87268e-06
2.28012e-06
1.32742e-05
-4.04459e-06
2.73186e-06
8.17713e-06
-2.79027e-06
3.17308e-06
3.19832e-06
-2.13507e-12
3.62031e-06
-1.425e-06
2.79026e-06
3.62031e-06
-1.425e-06
4.04459e-06
3.17308e-06
3.19832e-06
3.87268e-06
2.73186e-06
8.17712e-06
2.28012e-06
2.28012e-06
1.32742e-05
2.05922e-06
1.58883e-05
-2.05923e-06
1.81404e-05
-3.4801e-06
1.58883e-05
-3.60818e-06
1.15695e-05
-2.45349e-06
7.36606e-06
-2.85075e-12
3.66046e-06
2.45348e-06
3.66046e-06
3.60817e-06
7.36606e-06
3.48009e-06
1.15695e-05
2.05922e-06
1.58883e-05
1.81404e-05
-2.6085e-06
-2.6085e-06
2.33574e-05
-4.42803e-06
-2.92053e-06
2.06283e-05
-4.62731e-06
-3.56943e-06
1.53382e-05
-3.1885e-06
-4.20979e-06
1.0137e-05
-1.91342e-12
-4.89112e-06
5.36305e-06
3.1885e-06
-4.89112e-06
5.36305e-06
4.6273e-06
-4.20979e-06
1.0137e-05
4.42802e-06
-3.56943e-06
1.53382e-05
2.60849e-06
-2.92053e-06
2.06283e-05
-2.6085e-06
2.33574e-05
-2.92053e-06
-4.42803e-06
2.06283e-05
-4.98758e-06
-4.98758e-06
1.74083e-05
-5.26019e-06
-6.15904e-06
1.10393e-05
-3.68963e-06
-7.33095e-06
4.7489e-06
-2.76643e-12
-8.60365e-06
-1.40211e-06
3.68962e-06
-8.60365e-06
-1.40211e-06
5.26019e-06
-7.33095e-06
4.7489e-06
4.98758e-06
-6.15904e-06
1.10393e-05
2.92052e-06
-4.98758e-06
1.74083e-05
-4.42803e-06
2.06283e-05
-3.56943e-06
-4.62731e-06
1.53382e-05
-6.15904e-06
-5.26019e-06
1.10393e-05
-6.61517e-06
-6.61517e-06
2.30959e-06
-4.773e-06
-7.98874e-06
-6.51912e-06
-1.05415e-12
-9.57289e-06
-1.58384e-05
4.773e-06
-9.57289e-06
-1.58384e-05
6.61516e-06
-7.98874e-06
-6.51912e-06
6.15903e-06
-6.61517e-06
2.30959e-06
3.56942e-06
-5.26019e-06
1.10393e-05
-4.62731e-06
1.53382e-05
-4.20979e-06
-3.1885e-06
1.0137e-05
-7.33095e-06
-3.68963e-06
4.7489e-06
-7.98874e-06
-4.773e-06
-6.51911e-06
-5.9167e-06
-5.9167e-06
-1.80116e-05
-2.82576e-12
-7.2853e-06
-3.1138e-05
5.91669e-06
-7.2853e-06
-3.1138e-05
7.98873e-06
-5.9167e-06
-1.80116e-05
7.33094e-06
-4.773e-06
-6.51911e-06
4.20978e-06
-3.68963e-06
4.7489e-06
-3.1885e-06
1.0137e-05
-4.89112e-06
5.84482e-13
5.36304e-06
-8.60365e-06
3.76972e-13
-1.40213e-06
-9.57289e-06
2.08869e-13
-1.58385e-05
-7.2853e-06
3.52397e-14
-3.1138e-05
-7.80698e-13
-4.09869e-14
-4.97855e-05
7.2853e-06
-4.64351e-13
-4.97855e-05
9.57289e-06
1.65718e-13
-3.1138e-05
8.60365e-06
-7.60613e-14
-1.58385e-05
4.89111e-06
5.03613e-13
-1.40213e-06
1.26708e-12
5.36304e-06
-4.89112e-06
3.1885e-06
5.36306e-06
-8.60365e-06
3.68963e-06
-1.40211e-06
-9.57289e-06
4.773e-06
-1.58384e-05
-7.2853e-06
5.91669e-06
-3.1138e-05
-3.01506e-12
7.2853e-06
-4.97855e-05
7.2853e-06
7.2853e-06
-4.97855e-05
9.57288e-06
5.91669e-06
-3.1138e-05
8.60365e-06
4.773e-06
-1.58384e-05
4.89111e-06
3.68963e-06
-1.40211e-06
3.1885e-06
5.36306e-06
-4.20979e-06
4.62731e-06
1.0137e-05
-7.33095e-06
5.26019e-06
4.74888e-06
-7.98874e-06
6.61517e-06
-6.51913e-06
-5.9167e-06
7.98874e-06
-1.80116e-05
-9.26117e-13
9.57289e-06
-3.1138e-05
5.91669e-06
9.57289e-06
-3.1138e-05
7.98874e-06
7.98874e-06
-1.80116e-05
7.33095e-06
6.61516e-06
-6.51913e-06
4.20978e-06
5.26019e-06
4.74888e-06
4.62731e-06
1.0137e-05
-3.56943e-06
4.42802e-06
1.53382e-05
-6.15904e-06
4.98758e-06
1.10393e-05
-6.61517e-06
6.15903e-06
2.30961e-06
-4.773e-06
7.33095e-06
-6.51911e-06
-3.03298e-12
8.60365e-06
-1.58384e-05
4.773e-06
8.60365e-06
-1.58384e-05
6.61516e-06
7.33095e-06
-6.51911e-06
6.15903e-06
6.15903e-06
2.30961e-06
3.56942e-06
4.98758e-06
1.10393e-05
4.42802e-06
1.53382e-05
-2.92053e-06
2.6085e-06
2.06283e-05
-4.98759e-06
2.92053e-06
1.74083e-05
-5.26019e-06
3.56943e-06
1.10393e-05
-3.68963e-06
4.20978e-06
4.74889e-06
-1.73987e-12
4.89112e-06
-1.40212e-06
3.68962e-06
4.89112e-06
-1.40212e-06
5.26019e-06
4.20978e-06
4.74889e-06
4.98758e-06
3.56943e-06
1.10393e-05
2.92052e-06
2.92053e-06
1.74083e-05
2.6085e-06
2.06283e-05
-2.6085e-06
2.33574e-05
-4.42803e-06
2.06283e-05
-4.62731e-06
1.53382e-05
-3.18851e-06
1.0137e-05
-2.58653e-12
5.36305e-06
3.1885e-06
5.36305e-06
4.6273e-06
1.0137e-05
4.42802e-06
1.53382e-05
2.6085e-06
2.06283e-05
2.33574e-05
-3.27873e-06
-3.27873e-06
2.99148e-05
-5.59195e-06
-3.71582e-06
2.66573e-05
-5.89806e-06
-4.64036e-06
2.02846e-05
-4.12403e-06
-5.56496e-06
1.39279e-05
-3.40879e-12
-6.60098e-06
7.83997e-06
4.12403e-06
-6.60098e-06
7.83997e-06
5.89805e-06
-5.56496e-06
1.39279e-05
5.59195e-06
-4.64036e-06
2.02846e-05
3.27873e-06
-3.71582e-06
2.66573e-05
-3.27873e-06
2.99148e-05
-3.71582e-06
-5.59196e-06
2.66573e-05
-6.38355e-06
-6.38355e-06
2.27437e-05
-6.81124e-06
-8.06871e-06
1.48953e-05
-4.86775e-06
-9.78442e-06
7.02484e-06
-4.14875e-12
-1.17513e-05
-1.11952e-06
4.86774e-06
-1.17513e-05
-1.11952e-06
6.81123e-06
-9.78442e-06
7.02484e-06
6.38354e-06
-8.06871e-06
1.48953e-05
3.71582e-06
-6.38355e-06
2.27437e-05
-5.59196e-06
2.66573e-05
-4.64036e-06
-5.89806e-06
2.02846e-05
-8.06871e-06
-6.81124e-06
1.48953e-05
-8.8087e-06
-8.8087e-06
3.78954e-06
-6.50705e-06
-1.0877e-05
-7.72825e-06
-2.9163e-12
-1.34244e-05
-2.06725e-05
6.50705e-06
-1.34244e-05
-2.06725e-05
8.80869e-06
-1.0877e-05
-7.72826e-06
8.0687e-06
-8.8087e-06
3.78954e-06
4.64036e-06
-6.81124e-06
1.48953e-05
-5.89806e-06
2.02846e-05
-5.56496e-06
-4.12404e-06
1.39279e-05
-9.78442e-06
-4.86775e-06
7.02484e-06
-1.0877e-05
-6.50706e-06
-7.72824e-06
-8.29592e-06
-8.29593e-06
-2.31737e-05
-4.99151e-12
-1.05781e-05
-4.22802e-05
8.29592e-06
-1.05781e-05
-4.22802e-05
1.0877e-05
-8.29593e-06
-2.31737e-05
9.78442e-06
-6.50706e-06
-7.72824e-06
5.56496e-06
-4.86775e-06
7.02484e-06
-4.12404e-06
1.39279e-05
-6.60098e-06
-5.80835e-12
7.83996e-06
-1.17513e-05
-5.32828e-12
-1.11953e-06
-1.34244e-05
-5.74354e-12
-2.06725e-05
-1.05781e-05
-5.83488e-12
-4.22802e-05
-2.7422e-12
-5.60573e-12
-7.09417e-05
1.05781e-05
-6.19127e-12
-7.09417e-05
1.34244e-05
-4.37958e-12
-4.22802e-05
1.17513e-05
-6.01671e-12
-2.06725e-05
6.60098e-06
-3.90291e-12
-1.11954e-06
-5.93446e-12
7.83996e-06
-6.60098e-06
4.12402e-06
7.83998e-06
-1.17513e-05
4.86774e-06
-1.11951e-06
-1.34244e-05
6.50705e-06
-2.06725e-05
-1.05781e-05
8.29591e-06
-4.22802e-05
-4.89276e-12
1.05781e-05
-7.09417e-05
1.05781e-05
1.05781e-05
-7.09417e-05
1.34244e-05
8.29591e-06
-4.22802e-05
1.17513e-05
6.50705e-06
-2.06725e-05
6.60098e-06
4.86774e-06
-1.11951e-06
4.12402e-06
7.83998e-06
-5.56496e-06
5.89805e-06
1.39279e-05
-9.78442e-06
6.81123e-06
7.02483e-06
-1.0877e-05
8.80869e-06
-7.72826e-06
-8.29592e-06
1.0877e-05
-2.31737e-05
-2.22448e-12
1.34244e-05
-4.22802e-05
8.29592e-06
1.34244e-05
-4.22802e-05
1.0877e-05
1.0877e-05
-2.31737e-05
9.78442e-06
8.80869e-06
-7.72826e-06
5.56496e-06
6.81123e-06
7.02482e-06
5.89805e-06
1.39279e-05
-4.64036e-06
5.59195e-06
2.02846e-05
-8.06871e-06
6.38354e-06
1.48953e-05
-8.8087e-06
8.0687e-06
3.78956e-06
-6.50706e-06
9.78441e-06
-7.72824e-06
-4.31466e-12
1.17513e-05
-2.06725e-05
6.50705e-06
1.17513e-05
-2.06725e-05
8.80869e-06
9.78442e-06
-7.72824e-06
8.0687e-06
8.0687e-06
3.78956e-06
4.64035e-06
6.38354e-06
1.48953e-05
5.59195e-06
2.02846e-05
-3.71582e-06
3.27872e-06
2.66573e-05
-6.38355e-06
3.71582e-06
2.27437e-05
-6.81124e-06
4.64035e-06
1.48953e-05
-4.86775e-06
5.56496e-06
7.02483e-06
-2.48743e-12
6.60097e-06
-1.11953e-06
4.86774e-06
6.60097e-06
-1.11953e-06
6.81123e-06
5.56496e-06
7.02483e-06
6.38354e-06
4.64035e-06
1.48953e-05
3.71582e-06
3.71582e-06
2.27437e-05
3.27872e-06
2.66573e-05
-3.27873e-06
2.99148e-05
-5.59195e-06
2.66573e-05
-5.89806e-06
2.02846e-05
-4.12404e-06
1.39279e-05
-3.26134e-12
7.83997e-06
4.12403e-06
7.83997e-06
5.89805e-06
1.39279e-05
5.59195e-06
2.02846e-05
3.27872e-06
2.66573e-05
2.99148e-05
-4.08406e-06
-4.08406e-06
3.80829e-05
-6.99968e-06
-4.69043e-06
3.42633e-05
-7.46331e-06
-5.99476e-06
2.6743e-05
-5.30252e-06
-7.32178e-06
1.90889e-05
-1.82442e-12
-8.89266e-06
1.14301e-05
5.30252e-06
-8.89266e-06
1.14301e-05
7.46331e-06
-7.32178e-06
1.90889e-05
6.99967e-06
-5.99476e-06
2.6743e-05
4.08405e-06
-4.69043e-06
3.42633e-05
-4.08406e-06
3.80829e-05
-4.69043e-06
-6.99968e-06
3.42633e-05
-8.10969e-06
-8.10969e-06
2.95822e-05
-8.77328e-06
-1.05119e-05
2.0076e-05
-6.403e-06
-1.30127e-05
1.03455e-05
-2.75094e-12
-1.605e-05
-3.6523e-07
6.403e-06
-1.605e-05
-3.6523e-07
8.77327e-06
-1.30127e-05
1.03455e-05
8.10968e-06
-1.05119e-05
2.0076e-05
4.69042e-06
-8.10969e-06
2.95822e-05
-6.99968e-06
3.42633e-05
-5.99476e-06
-7.46331e-06
2.6743e-05
-1.05119e-05
-8.77328e-06
2.0076e-05
-1.17022e-05
-1.17022e-05
6.17021e-06
-8.87353e-06
-1.48182e-05
-8.7515e-06
-8.48124e-13
-1.89386e-05
-2.66575e-05
8.87352e-06
-1.89386e-05
-2.66575e-05
1.17022e-05
-1.48182e-05
-8.75151e-06
1.05119e-05
-1.17022e-05
6.17021e-06
5.99475e-06
-8.77328e-06
2.0076e-05
-7.46331e-06
2.6743e-05
-7.32178e-06
-5.30252e-06
1.90889e-05
-1.30127e-05
-6.403e-06
1.03455e-05
-1.48182e-05
-8.87353e-06
-8.75149e-06
-1.16849e-05
-1.16849e-05
-2.94404e-05
-2.40282e-12
-1.55214e-05
-5.73822e-05
1.16849e-05
-1.55214e-05
-5.73822e-05
1.48182e-05
-1.16849e-05
-2.94404e-05
1.30127e-05
-8.87353e-06
-8.75149e-06
7.32177e-06
-6.403e-06
1.03455e-05
-5.30252e-06
1.90889e-05
-8.89266e-06
5.11738e-13
1.14301e-05
-1.605e-05
5.00299e-13
-3.6525e-07
-1.89386e-05
2.55829e-13
-2.66575e-05
-1.55214e-05
3.44356e-13
-5.73822e-05
-2.90159e-13
2.37253e-13
-0.000101985
1.55214e-05
-9.27087e-14
-0.000101985
1.89386e-05
6.52042e-13
-5.73823e-05
1.605e-05
7.86138e-14
-2.66575e-05
8.89265e-06
9.19813e-13
-3.6525e-07
1.02978e-12
1.14301e-05
-8.89266e-06
5.30252e-06
1.14301e-05
-1.605e-05
6.403e-06
-3.65223e-07
-1.89386e-05
8.87352e-06
-2.66575e-05
-1.55214e-05
1.16849e-05
-5.73822e-05
-2.49433e-12
1.55214e-05
-0.000101985
1.55214e-05
1.55214e-05
-0.000101985
1.89386e-05
1.16849e-05
-5.73822e-05
1.605e-05
8.87352e-06
-2.66575e-05
8.89265e-06
6.403e-06
-3.65224e-07
5.30252e-06
1.14301e-05
-7.32178e-06
7.46331e-06
1.90889e-05
-1.30127e-05
8.77328e-06
1.03455e-05
-1.48182e-05
1.17022e-05
-8.75151e-06
-1.16849e-05
1.48182e-05
-2.94404e-05
-2.97128e-13
1.89386e-05
-5.73823e-05
1.16849e-05
1.89386e-05
-5.73823e-05
1.48182e-05
1.48182e-05
-2.94404e-05
1.30127e-05
1.17022e-05
-8.75151e-06
7.32177e-06
8.77328e-06
1.03455e-05
7.46331e-06
1.90889e-05
-5.99476e-06
6.99967e-06
2.6743e-05
-1.05119e-05
8.10969e-06
2.0076e-05
-1.17022e-05
1.05119e-05
6.17023e-06
-8.87353e-06
1.30127e-05
-8.75148e-06
-2.72618e-12
1.605e-05
-2.66575e-05
8.87352e-06
1.605e-05
-2.66575e-05
1.17022e-05
1.30127e-05
-8.75149e-06
1.05119e-05
1.05119e-05
6.17023e-06
5.99475e-06
8.10969e-06
2.0076e-05
6.99967e-06
2.6743e-05
-4.69043e-06
4.08405e-06
3.42633e-05
-8.10969e-06
4.69042e-06
2.95822e-05
-8.77328e-06
5.99475e-06
2.0076e-05
-6.403e-06
7.32177e-06
1.03455e-05
-1.51772e-12
8.89266e-06
-3.65242e-07
6.403e-06
8.89265e-06
-3.65242e-07
8.77327e-06
7.32177e-06
1.03455e-05
8.10969e-06
5.99475e-06
2.0076e-05
4.69042e-06
4.69042e-06
2.95822e-05
4.08405e-06
3.42633e-05
-4.08406e-06
3.80829e-05
-6.99968e-06
3.42633e-05
-7.46331e-06
2.6743e-05
-5.30252e-06
1.90889e-05
-2.43374e-12
1.14301e-05
5.30252e-06
1.14301e-05
7.46331e-06
1.90889e-05
6.99967e-06
2.6743e-05
4.08405e-06
3.42633e-05
3.80829e-05
-5.03408e-06
-5.03408e-06
4.8151e-05
-8.67129e-06
-5.86577e-06
4.37663e-05
-9.36272e-06
-7.68446e-06
3.51189e-05
-6.76751e-06
-9.57517e-06
2.60688e-05
-3.64233e-12
-1.19464e-05
1.6609e-05
6.7675e-06
-1.19464e-05
1.6609e-05
9.36271e-06
-9.57517e-06
2.60688e-05
8.67129e-06
-7.68446e-06
3.51188e-05
5.03408e-06
-5.86576e-06
4.37663e-05
-5.03408e-06
4.8151e-05
-5.86576e-06
-8.67129e-06
4.37663e-05
-1.02118e-05
-1.02118e-05
3.82742e-05
-1.12282e-05
-1.35988e-05
2.70067e-05
-8.38868e-06
-1.72245e-05
1.51553e-05
-4.47403e-12
-2.19062e-05
1.20585e-06
8.38867e-06
-2.19062e-05
1.20585e-06
1.12282e-05
-1.72245e-05
1.51553e-05
1.02118e-05
-1.35988e-05
2.70067e-05
5.86576e-06
-1.02118e-05
3.82742e-05
-8.6713e-06
4.37663e-05
-7.68446e-06
-9.36272e-06
3.51188e-05
-1.35988e-05
-1.12282e-05
2.70067e-05
-1.54948e-05
-1.54948e-05
9.9622e-06
-1.20911e-05
-2.01912e-05
-9.18857e-06
-3.49683e-12
-2.68958e-05
-3.3759e-05
1.20911e-05
-2.68958e-05
-3.3759e-05
1.54948e-05
-2.01912e-05
-9.18857e-06
1.35988e-05
-1.54948e-05
9.9622e-06
7.68446e-06
-1.12282e-05
2.70067e-05
-9.36272e-06
3.51188e-05
-9.57517e-06
-6.76751e-06
2.60688e-05
-1.72245e-05
-8.38868e-06
1.51553e-05
-2.01912e-05
-1.20911e-05
-9.18855e-06
-1.65316e-05
-1.65316e-05
-3.67597e-05
-5.88668e-12
-2.30342e-05
-7.77754e-05
1.65315e-05
-2.30342e-05
-7.77754e-05
2.01912e-05
-1.65316e-05
-3.67597e-05
1.72245e-05
-1.20911e-05
-9.18856e-06
9.57517e-06
-8.38868e-06
1.51553e-05
-6.76751e-06
2.60688e-05
-1.19464e-05
-4.98888e-12
1.66089e-05
-2.19062e-05
-4.86328e-12
1.20583e-06
-2.68958e-05
-5.88126e-12
-3.3759e-05
-2.30342e-05
-6.11921e-12
-7.77755e-05
-4.14754e-12
-6.74625e-12
-0.000148053
2.30342e-05
-7.5482e-12
-0.000148053
2.68958e-05
-4.91298e-12
-7.77755e-05
2.19062e-05
-6.40492e-12
-3.3759e-05
1.19464e-05
-4.21562e-12
1.20583e-06
-5.13248e-12
1.66089e-05
-1.19464e-05
6.7675e-06
1.6609e-05
-2.19062e-05
8.38867e-06
1.20586e-06
-2.68958e-05
1.20911e-05
-3.3759e-05
-2.30342e-05
1.65315e-05
-7.77754e-05
-6.50126e-12
2.30342e-05
-0.000148053
2.30342e-05
2.30342e-05
-0.000148053
2.68958e-05
1.65315e-05
-7.77755e-05
2.19062e-05
1.20911e-05
-3.3759e-05
1.19464e-05
8.38867e-06
1.20585e-06
6.7675e-06
1.6609e-05
-9.57517e-06
9.36271e-06
2.60688e-05
-1.72245e-05
1.12282e-05
1.51553e-05
-2.01912e-05
1.54948e-05
-9.18858e-06
-1.65316e-05
2.01912e-05
-3.67597e-05
-3.21623e-12
2.68958e-05
-7.77755e-05
1.65315e-05
2.68958e-05
-7.77755e-05
2.01912e-05
2.01912e-05
-3.67597e-05
1.72245e-05
1.54948e-05
-9.18858e-06
9.57517e-06
1.12282e-05
1.51553e-05
9.36271e-06
2.60688e-05
-7.68446e-06
8.67129e-06
3.51189e-05
-1.35988e-05
1.02118e-05
2.70067e-05
-1.54948e-05
1.35988e-05
9.96222e-06
-1.20911e-05
1.72245e-05
-9.18855e-06
-5.24049e-12
2.19062e-05
-3.3759e-05
1.20911e-05
2.19062e-05
-3.3759e-05
1.54948e-05
1.72245e-05
-9.18855e-06
1.35988e-05
1.35988e-05
9.96222e-06
7.68446e-06
1.02118e-05
2.70067e-05
8.67129e-06
3.51189e-05
-5.86577e-06
5.03408e-06
4.37663e-05
-1.02118e-05
5.86576e-06
3.82742e-05
-1.12282e-05
7.68446e-06
2.70067e-05
-8.38868e-06
9.57517e-06
1.51553e-05
-2.90469e-12
1.19464e-05
1.20583e-06
8.38868e-06
1.19464e-05
1.20583e-06
1.12282e-05
9.57517e-06
1.51553e-05
1.02118e-05
7.68446e-06
2.70067e-05
5.86577e-06
5.86576e-06
3.82742e-05
5.03408e-06
4.37663e-05
-5.03408e-06
4.81511e-05
-8.67129e-06
4.37663e-05
-9.36272e-06
3.51189e-05
-6.76751e-06
2.60688e-05
-3.68621e-12
1.6609e-05
6.7675e-06
1.6609e-05
9.36271e-06
2.60688e-05
8.67129e-06
3.51189e-05
5.03408e-06
4.37663e-05
4.81511e-05
-6.12946e-06
-6.12946e-06
6.04099e-05
-1.0611e-05
-7.2551e-06
5.55029e-05
-1.16248e-05
-9.75497e-06
4.58876e-05
-8.5565e-06
-1.24241e-05
3.54246e-05
-1.85696e-12
-1.59797e-05
2.40322e-05
8.55649e-06
-1.59797e-05
2.40322e-05
1.16248e-05
-1.24241e-05
3.54246e-05
1.0611e-05
-9.75497e-06
4.58876e-05
6.12945e-06
-7.2551e-06
5.55029e-05
-6.12946e-06
6.04099e-05
-7.2551e-06
-1.0611e-05
5.55029e-05
-1.27232e-05
-1.27232e-05
4.92104e-05
-1.42595e-05
-1.74335e-05
3.62216e-05
-1.09322e-05
-2.26555e-05
2.20593e-05
-2.85477e-12
-2.98496e-05
4.14341e-06
1.09322e-05
-2.98496e-05
4.14341e-06
1.42595e-05
-2.26555e-05
2.20593e-05
1.27232e-05
-1.74335e-05
3.62216e-05
7.25508e-06
-1.27232e-05
4.92104e-05
-1.0611e-05
5.55029e-05
-9.75497e-06
-1.16248e-05
4.58876e-05
-1.74335e-05
-1.42595e-05
3.62216e-05
-2.04193e-05
-2.04193e-05
1.59337e-05
-1.64341e-05
-2.75013e-05
-8.32794e-06
-8.85187e-13
-3.84746e-05
-4.15681e-05
1.64341e-05
-3.84746e-05
-4.15681e-05
2.04193e-05
-2.75013e-05
-8.32794e-06
1.74335e-05
-2.04193e-05
1.59337e-05
9.75496e-06
-1.42595e-05
3.62216e-05
-1.16248e-05
4.58876e-05
-1.24241e-05
-8.5565e-06
3.54246e-05
-2.26555e-05
-1.09322e-05
2.20593e-05
-2.75013e-05
-1.64341e-05
-8.32792e-06
-2.34858e-05
-2.34858e-05
-4.47907e-05
-2.4067e-12
-3.45975e-05
-0.000105138
2.34858e-05
-3.45975e-05
-0.000105138
2.75013e-05
-2.34858e-05
-4.47907e-05
2.26554e-05
-1.64341e-05
-8.32792e-06
1.24241e-05
-1.09322e-05
2.20593e-05
-8.5565e-06
3.54246e-05
-1.59797e-05
1.53454e-12
2.40322e-05
-2.98496e-05
1.61093e-12
4.14338e-06
-3.84746e-05
1.23786e-12
-4.15681e-05
-3.45975e-05
1.38839e-12
-0.000105138
-6.17644e-13
9.01121e-13
-0.000217248
3.45975e-05
8.60019e-13
-0.000217248
3.84746e-05
2.16975e-12
-0.000105138
2.98495e-05
1.2443e-12
-4.15681e-05
1.59797e-05
2.45124e-12
4.14338e-06
1.83593e-12
2.40322e-05
-1.59797e-05
8.5565e-06
2.40322e-05
-2.98496e-05
1.09322e-05
4.14341e-06
-3.84746e-05
1.64341e-05
-4.15681e-05
-3.45975e-05
2.34858e-05
-0.000105138
-2.63801e-12
3.45975e-05
-0.000217248
3.45975e-05
3.45975e-05
-0.000217248
3.84746e-05
2.34858e-05
-0.000105138
2.98495e-05
1.64341e-05
-4.15681e-05
1.59797e-05
1.09322e-05
4.14341e-06
8.5565e-06
2.40322e-05
-1.24241e-05
1.16248e-05
3.54246e-05
-2.26555e-05
1.42595e-05
2.20593e-05
-2.75013e-05
2.04193e-05
-8.32796e-06
-2.34858e-05
2.75013e-05
-4.47908e-05
1.23339e-13
3.84746e-05
-0.000105138
2.34858e-05
3.84746e-05
-0.000105138
2.75013e-05
2.75013e-05
-4.47908e-05
2.26554e-05
2.04193e-05
-8.32795e-06
1.24241e-05
1.42595e-05
2.20593e-05
1.16248e-05
3.54246e-05
-9.75497e-06
1.0611e-05
4.58876e-05
-1.74335e-05
1.27232e-05
3.62216e-05
-2.04193e-05
1.74335e-05
1.59337e-05
-1.64341e-05
2.26554e-05
-8.32791e-06
-2.53635e-12
2.98496e-05
-4.15681e-05
1.64341e-05
2.98495e-05
-4.15681e-05
2.04193e-05
2.26554e-05
-8.32792e-06
1.74335e-05
1.74335e-05
1.59337e-05
9.75496e-06
1.27232e-05
3.62216e-05
1.0611e-05
4.58876e-05
-7.2551e-06
6.12945e-06
5.55029e-05
-1.27232e-05
7.25509e-06
4.92104e-05
-1.42595e-05
9.75496e-06
3.62216e-05
-1.09322e-05
1.24241e-05
2.20593e-05
-1.34476e-12
1.59797e-05
4.14339e-06
1.09322e-05
1.59797e-05
4.14339e-06
1.42595e-05
1.24241e-05
2.20593e-05
1.27232e-05
9.75496e-06
3.62216e-05
7.25509e-06
7.25509e-06
4.92104e-05
6.12945e-06
5.55029e-05
-6.12946e-06
6.041e-05
-1.0611e-05
5.55029e-05
-1.16248e-05
4.58876e-05
-8.5565e-06
3.54246e-05
-2.38733e-12
2.40322e-05
8.55649e-06
2.40322e-05
1.16248e-05
3.54246e-05
1.0611e-05
4.58876e-05
6.12945e-06
5.55029e-05
6.04099e-05
-7.35765e-06
-7.35765e-06
-1.27984e-05
-8.85731e-06
-1.4255e-05
-1.22342e-05
-1.06903e-05
-1.5959e-05
-3.72748e-12
-2.12398e-05
1.06902e-05
-2.12398e-05
1.4255e-05
-1.5959e-05
1.27984e-05
-1.22342e-05
7.35765e-06
-8.8573e-06
-7.35765e-06
-8.8573e-06
-1.27984e-05
-1.56525e-05
-1.56525e-05
-1.79356e-05
-2.20946e-05
-1.41424e-05
-2.95527e-05
-4.38127e-12
-4.05549e-05
1.41424e-05
-4.05549e-05
1.79356e-05
-2.95527e-05
1.56525e-05
-2.20946e-05
8.85731e-06
-1.56525e-05
-1.27984e-05
-1.22342e-05
-1.4255e-05
-2.20946e-05
-1.79356e-05
-2.67312e-05
-2.67312e-05
-2.22254e-05
-3.74049e-05
-4.13831e-12
-5.54721e-05
2.22254e-05
-5.54721e-05
2.67312e-05
-3.74049e-05
2.20946e-05
-2.67312e-05
1.22342e-05
-1.79356e-05
-1.4255e-05
-1.5959e-05
-1.06903e-05
-2.95527e-05
-1.41424e-05
-3.74049e-05
-2.22254e-05
-3.34849e-05
-3.34849e-05
-6.04474e-12
-5.26477e-05
3.34849e-05
-5.26477e-05
3.74049e-05
-3.34849e-05
2.95527e-05
-2.22254e-05
1.5959e-05
-1.41424e-05
-1.06903e-05
-2.12398e-05
-5.02156e-12
-4.05549e-05
-4.94252e-12
-5.54721e-05
-6.49448e-12
-5.26477e-05
-5.9789e-12
-5.13287e-12
-7.02653e-12
5.26477e-05
-8.19639e-12
5.54721e-05
-5.49278e-12
4.05549e-05
-7.17633e-12
2.12398e-05
-4.53503e-12
-5.13229e-12
-2.12398e-05
1.06902e-05
-4.05549e-05
1.41424e-05
-5.54721e-05
2.22254e-05
-5.26477e-05
3.34849e-05
-7.71537e-12
5.26477e-05
5.26477e-05
5.26477e-05
5.54721e-05
3.34849e-05
4.05549e-05
2.22254e-05
2.12398e-05
1.41424e-05
1.06902e-05
-1.5959e-05
1.4255e-05
-2.95527e-05
1.79356e-05
-3.74049e-05
2.67312e-05
-3.34849e-05
3.74049e-05
-3.53335e-12
5.54721e-05
3.34849e-05
5.54721e-05
3.74049e-05
3.74049e-05
2.95527e-05
2.67312e-05
1.5959e-05
1.79356e-05
1.4255e-05
-1.22342e-05
1.27984e-05
-2.20946e-05
1.56525e-05
-2.67312e-05
2.20946e-05
-2.22254e-05
2.95527e-05
-6.03119e-12
4.05549e-05
2.22254e-05
4.05549e-05
2.67312e-05
2.95527e-05
2.20946e-05
2.20946e-05
1.22342e-05
1.56525e-05
1.27984e-05
-8.85731e-06
7.35765e-06
-1.56525e-05
8.85731e-06
-1.79356e-05
1.22342e-05
-1.41424e-05
1.5959e-05
-3.05512e-12
2.12398e-05
1.41424e-05
2.12398e-05
1.79356e-05
1.5959e-05
1.56525e-05
1.22342e-05
8.85731e-06
8.85731e-06
7.35766e-06
-7.35765e-06
-1.27984e-05
-1.4255e-05
-1.06903e-05
-3.82351e-12
1.06902e-05
1.4255e-05
1.27984e-05
7.35766e-06
)
;

boundaryField
{
    bottom
    {
        type            calculated;
        value           nonuniform List<scalar> 0();
    }
    atmosphere
    {
        type            calculated;
        value           nonuniform List<scalar> 0();
    }
    walls
    {
        type            calculated;
        value           uniform 0;
    }
    procBoundary2to0
    {
        type            processor;
        value           nonuniform List<scalar> 
100
(
7.51252e-05
6.98009e-05
5.95783e-05
4.78188e-05
3.45817e-05
3.45817e-05
4.78188e-05
5.95783e-05
6.98009e-05
7.51252e-05
6.98009e-05
6.28008e-05
4.83651e-05
3.18598e-05
9.31617e-06
9.31617e-06
3.18598e-05
4.83651e-05
6.28008e-05
6.98009e-05
5.95783e-05
4.83651e-05
2.52067e-05
-4.98158e-06
-4.88764e-05
-4.88764e-05
-4.98158e-06
2.52067e-05
4.83651e-05
5.95783e-05
4.78188e-05
3.18598e-05
-4.98156e-06
-5.26307e-05
-0.000141448
-0.000141448
-5.26307e-05
-4.98156e-06
3.18598e-05
4.78188e-05
3.45817e-05
9.31614e-06
-4.88765e-05
-0.000141448
-0.000322544
-0.000322544
-0.000141448
-4.88764e-05
9.31614e-06
3.45817e-05
3.45817e-05
9.31617e-06
-4.88764e-05
-0.000141448
-0.000322543
-0.000322543
-0.000141448
-4.88764e-05
9.31617e-06
3.45817e-05
4.78188e-05
3.18598e-05
-4.98159e-06
-5.26308e-05
-0.000141448
-0.000141448
-5.26308e-05
-4.98159e-06
3.18598e-05
4.78188e-05
5.95783e-05
4.83651e-05
2.52068e-05
-4.98155e-06
-4.88764e-05
-4.88764e-05
-4.98155e-06
2.52068e-05
4.83651e-05
5.95783e-05
6.98009e-05
6.28008e-05
4.83651e-05
3.18598e-05
9.31615e-06
9.31615e-06
3.18598e-05
4.83651e-05
6.28008e-05
6.98009e-05
7.51252e-05
6.98009e-05
5.95783e-05
4.78188e-05
3.45817e-05
3.45817e-05
4.78188e-05
5.95783e-05
6.98009e-05
7.51252e-05
)
;
    }
    procBoundary2to3
    {
        type            processor;
        value           nonuniform List<scalar> 
100
(
-6.31925e-06
-5.38709e-06
-3.68113e-06
-2.04417e-06
-7.81179e-07
-7.81179e-07
-2.04417e-06
-3.68113e-06
-5.38709e-06
-6.31924e-06
-5.3871e-06
-4.35911e-06
-2.46145e-06
-6.39994e-07
7.99797e-07
7.99797e-07
-6.39994e-07
-2.46145e-06
-4.35911e-06
-5.3871e-06
-3.68112e-06
-2.46144e-06
-1.74256e-07
2.02642e-06
3.83703e-06
3.83703e-06
2.02642e-06
-1.74256e-07
-2.46144e-06
-3.68112e-06
-2.04418e-06
-6.39998e-07
2.02641e-06
4.59615e-06
6.78006e-06
6.78006e-06
4.59615e-06
2.02641e-06
-6.39997e-07
-2.04418e-06
-7.81172e-07
7.99809e-07
3.83703e-06
6.78008e-06
9.36425e-06
9.36425e-06
6.78008e-06
3.83703e-06
7.99808e-07
-7.81172e-07
-7.81187e-07
7.99794e-07
3.83701e-06
6.78006e-06
9.36424e-06
9.36424e-06
6.78006e-06
3.83702e-06
7.99794e-07
-7.81185e-07
-2.04416e-06
-6.39983e-07
2.02642e-06
4.59616e-06
6.78008e-06
6.78008e-06
4.59616e-06
2.02642e-06
-6.39985e-07
-2.04416e-06
-3.68113e-06
-2.46145e-06
-1.74268e-07
2.02641e-06
3.83702e-06
3.83702e-06
2.02641e-06
-1.74267e-07
-2.46145e-06
-3.68113e-06
-5.38709e-06
-4.35911e-06
-2.46144e-06
-6.39987e-07
7.99804e-07
7.99805e-07
-6.39988e-07
-2.46144e-06
-4.35911e-06
-5.38709e-06
-6.31924e-06
-5.38709e-06
-3.68113e-06
-2.04417e-06
-7.81178e-07
-7.81177e-07
-2.04417e-06
-3.68113e-06
-5.38709e-06
-6.31924e-06
)
;
    }
}


// ************************************************************************* //
