/*--------------------------------*- C++ -*----------------------------------*\
| =========                 |                                                 |
| \\      /  F ield         | OpenFOAM: The Open Source CFD Toolbox           |
|  \\    /   O peration     | Version:  2412                                  |
|   \\  /    A nd           | Website:  www.openfoam.com                      |
|    \\/     M anipulation  |                                                 |
\*---------------------------------------------------------------------------*/
FoamFile
{
    version     2.0;
    format      ascii;
    arch        "LSB;label=32;scalar=64";
    class       volScalarField;
    location    "0.63";
    object      p_rgh;
}
// * * * * * * * * * * * * * * * * * * * * * * * * * * * * * * * * * * * * * //

dimensions      [1 -1 -2 0 0 0 0];

internalField   nonuniform List<scalar> 
4000
(
235.777
143.399
113.46
114.608
118.472
118.472
114.608
113.46
143.4
235.778
143.397
24.6784
30.3337
20.0913
22.8574
22.8571
20.0915
30.334
24.6789
143.397
113.451
30.3276
32.8616
28.1212
28.0589
28.0586
28.1213
32.8618
30.3281
113.452
114.599
20.0835
28.1182
33.7735
34.8777
34.8778
33.7737
28.1187
20.0842
114.6
118.466
22.8521
28.0564
34.8744
36.9347
36.9346
34.8745
28.0572
22.8529
118.467
118.467
22.8526
28.0556
34.8738
36.9321
36.932
34.8739
28.0565
22.8536
118.468
114.604
20.0872
28.1175
33.7697
34.8706
34.8707
33.7699
28.1181
20.0882
114.605
113.456
30.3299
32.8577
28.1145
28.0533
28.053
28.1146
32.858
30.3307
113.457
143.396
24.6749
30.3237
20.0794
22.8474
22.847
20.0793
30.3239
24.6755
143.396
235.774
143.393
113.447
114.595
118.461
118.46
114.595
113.447
143.394
235.774
244.023
99.9316
62.871
58.2074
63.6566
63.6557
58.2074
62.8714
99.9322
244.024
99.9286
1.8708
10.9495
6.9196
6.83137
6.83143
6.91983
10.9496
1.87127
99.929
62.8601
10.9424
14.6749
13.7449
13.9312
13.9312
13.7451
14.6751
10.9428
62.8605
58.1976
6.9112
13.7418
12.0649
12.0347
12.0348
12.0651
13.7423
6.9119
58.198
63.6496
6.82517
13.9289
12.0313
19.3593
19.359
12.0314
13.9297
6.82606
63.6502
63.6501
6.82663
13.9282
12.0308
19.3562
19.356
12.0309
13.9292
6.82765
63.6511
58.2029
6.91555
13.7413
12.0612
12.0274
12.0276
12.0614
13.742
6.91658
58.2037
62.8673
10.9454
14.671
13.7382
13.9259
13.9256
13.7383
14.6713
10.9462
62.8683
99.9283
1.8672
10.9383
6.90698
6.8202
6.82008
6.90691
10.9383
1.86776
99.929
244.02
99.9249
62.856
58.193
63.6442
63.6433
58.1927
62.8562
99.9257
244.021
276.133
82.0316
67.7855
67.1985
76.876
76.8759
67.1987
67.7856
82.032
276.134
82.0262
2.50961
12.892
5.82465
7.05763
7.05764
5.82492
12.8921
2.5101
82.0269
67.7668
12.8816
21.0527
16.9568
16.2241
16.2239
16.957
21.0528
12.882
67.7673
67.1838
5.81349
16.953
15.3237
14.6985
14.6987
15.3239
16.9534
5.8143
67.1844
76.8665
7.05034
16.2232
14.6938
13.7643
13.7643
14.6937
16.2243
7.05126
76.8672
76.8697
7.0525
16.2217
14.6941
13.7622
13.7623
14.6939
16.223
7.0536
76.8706
67.194
5.82057
16.9532
15.3199
14.6894
14.6897
15.3201
16.9538
5.8218
67.1953
67.7814
12.888
21.0487
16.9493
16.2209
16.2204
16.9493
21.049
12.8889
67.7828
82.0281
2.50612
12.8776
5.80929
7.04494
7.04473
5.80912
12.8774
2.5067
82.0294
276.13
82.023
67.7628
67.1791
76.8601
76.8597
67.1787
67.7625
82.0235
276.131
273.749
57.2179
46.0282
41.0326
45.0242
45.024
41.0328
46.0285
57.2183
273.75
57.2065
2.14531
11.0571
6.08981
6.93667
6.93653
6.09003
11.0572
2.14573
57.207
46.0019
11.0395
16.281
12.5955
12.6535
12.6532
12.5956
16.2814
11.04
46.0025
41.0132
6.07405
12.59
11.6028
12.089
12.0891
11.6029
12.5905
6.07488
41.0141
45.0132
6.92711
12.6497
12.0859
12.8156
12.8157
12.086
12.6505
6.92801
45.0143
45.0175
6.93055
12.6497
12.0856
12.8139
12.814
12.0857
12.6507
6.9317
45.0189
41.0282
6.08553
12.5918
11.5992
12.0824
12.0826
11.5994
12.5926
6.08695
41.0298
46.0245
11.0532
16.2774
12.5863
12.646
12.6456
12.5862
16.2778
11.0545
46.0264
57.2146
2.14192
11.0357
6.06971
6.9208
6.92042
6.06928
11.0353
2.14243
57.216
273.746
57.2032
45.9981
41.0087
45.0063
45.0058
41.0081
45.9977
57.2039
273.748
235.901
51.9326
36.4615
31.1283
34.7283
34.7288
31.1286
36.4617
51.933
235.901
51.9104
4.49484
10.6158
6.60633
7.42599
7.42581
6.60642
10.6159
4.49529
51.911
36.4217
10.5861
16.842
13.4437
13.9707
13.9707
13.4437
16.8426
10.5867
36.4224
31.1014
6.58403
13.4361
11.3992
11.8202
11.8203
11.3993
13.4366
6.5848
31.1021
34.7142
7.41401
13.9645
11.8177
12.356
12.3561
11.8179
13.9652
7.4149
34.7153
34.7218
7.41916
13.9663
11.8174
12.3547
12.3548
11.8176
13.9672
7.42037
34.7232
31.1239
6.6019
13.4399
11.3958
11.8148
11.8149
11.3959
13.4407
6.6035
31.1257
36.4579
10.612
16.8387
13.4325
13.9601
13.9599
13.4321
16.8393
10.6139
36.4604
51.9295
4.49165
10.5825
6.57956
7.40698
7.4065
6.5787
10.5817
4.49217
51.9318
235.898
51.9074
36.4181
31.0967
34.7068
34.7069
31.0958
36.4171
51.9082
235.899
278.827
48.6278
29.4024
24.2825
27.6264
27.6268
24.2829
29.4027
48.6282
278.828
48.5924
5.14254
10.304
6.46026
7.24404
7.24395
6.46038
10.3042
5.14295
48.5929
29.3409
10.2463
13.5479
11.8479
11.8653
11.8652
11.8479
13.5484
10.2469
29.3417
24.2457
6.42748
11.8379
10.088
10.8021
10.8021
10.0881
11.8384
6.42828
24.2465
27.6095
7.22969
11.8585
10.8001
11.474
11.4741
10.8004
11.8592
7.23066
27.6107
27.6193
7.23702
11.8609
10.7999
11.4732
11.4733
10.8002
11.8618
7.2384
27.621
24.2784
6.4561
11.8444
10.0852
10.7979
10.7979
10.0854
11.8454
6.45813
24.2807
29.3992
10.3007
13.545
11.8345
11.854
11.8537
11.834
13.5455
10.3035
29.4029
48.625
5.13962
10.243
6.42321
7.22233
7.2218
6.42183
10.2414
5.14052
48.6286
278.825
48.5897
29.3377
24.2412
27.6016
27.6014
24.2399
29.3359
48.5909
278.827
311.798
51.0724
26.3406
20.1762
23.4428
23.4429
20.1767
26.341
51.0725
311.799
51.03
5.79059
11.3981
6.5074
7.60179
7.60164
6.50747
11.3983
5.79078
51.0304
26.2525
11.2763
11.9178
11.4791
11.5392
11.5387
11.479
11.9183
11.2769
26.2532
20.1299
6.45785
11.4669
9.3882
10.019
10.0197
9.38861
11.4675
6.45874
20.1307
23.4241
7.58606
11.5326
10.0179
10.6874
10.6876
10.0184
11.5332
7.58707
23.4254
23.4354
7.595
11.5349
10.0188
10.6873
10.6875
10.0192
11.5359
7.59653
23.4373
20.1726
6.50377
11.4761
9.3868
10.017
10.0175
9.38708
11.4773
6.50654
20.1756
26.3379
11.3952
11.9154
11.4642
11.5285
11.5278
11.4634
11.9159
11.3999
26.3431
51.0697
5.78793
11.2735
6.45419
7.57888
7.57813
6.45181
11.2699
5.79034
51.0755
311.796
51.0275
26.2497
20.1258
23.4162
23.4155
20.1238
26.2463
51.0294
311.799
348.194
50.1065
26.2786
18.0811
19.8032
19.8032
18.0817
26.279
50.1064
348.195
50.058
5.78814
11.6975
6.11374
7.62613
7.62599
6.11384
11.6977
5.78834
50.0584
26.1723
11.413
11.0682
11.1351
10.8824
10.8823
11.1351
11.0686
11.4138
26.1728
18.0322
6.04874
11.1225
8.17068
8.72235
8.72251
8.17101
11.123
6.04959
18.0328
19.7856
7.6107
10.8773
8.72311
9.86756
9.8677
8.72348
10.8779
7.61169
19.7867
19.7964
7.62051
10.8799
8.72303
9.86831
9.86846
8.72344
10.881
7.62232
19.7985
18.0782
6.11078
11.1333
8.17064
8.72363
8.72369
8.17095
11.1347
6.11461
18.0817
26.2764
11.6952
11.0664
11.1207
10.8747
10.8742
11.1195
11.0668
11.703
26.284
50.1041
5.78609
11.4109
6.0457
7.60456
7.60353
6.0418
11.4024
5.79333
50.1124
348.193
50.0561
26.1699
18.0285
19.7782
19.7772
18.0259
26.164
50.058
348.196
242.542
44.7153
26.3982
17.0443
16.8405
16.8404
17.0453
26.3984
44.7152
242.542
44.7058
4.91115
11.4406
5.44851
6.99666
6.99691
5.44856
11.4408
4.91139
44.7063
26.3646
11.4701
11.0865
10.627
10.1508
10.1533
10.6271
11.0869
11.4709
26.3651
17.0087
5.42921
10.622
6.65512
8.20035
8.20048
6.6554
10.6225
5.43009
17.0086
16.8275
6.98674
10.1488
8.20447
9.30388
9.30402
8.20484
10.1498
6.98771
16.8286
16.8352
6.99294
10.1535
8.20314
9.30586
9.30603
8.20357
10.1547
6.99487
16.8372
17.0425
5.44644
10.6264
6.65656
8.20714
8.20716
6.65688
10.6284
5.45285
17.0459
26.3964
11.439
11.0855
10.6214
10.1489
10.1507
10.6198
11.086
11.4646
26.4074
44.7135
4.90973
11.4687
5.42713
6.98204
6.98123
5.42129
11.4452
4.91016
44.7203
242.54
44.7046
26.3628
17.0051
16.8215
16.8205
17.003
26.3536
44.6995
242.542
77.0687
33.7029
23.2825
14.6512
14.4171
14.417
14.6517
23.2826
33.703
77.0687
33.6987
4.38093
10.4714
4.58726
6.03571
6.03567
4.58758
10.4718
4.38129
33.6992
23.2714
10.4785
11.1502
9.48828
9.23245
9.23305
9.4884
11.1506
10.4791
23.2719
14.6353
4.57945
9.48738
6.3808
7.75932
7.75947
6.38108
9.48797
4.58019
14.6357
14.4093
6.03057
9.23511
7.77114
8.87344
8.87356
7.77151
9.23597
6.03152
14.4103
14.4135
6.03341
9.23473
7.76509
8.87713
8.87729
7.76548
9.23589
6.03522
14.4153
14.6498
4.58641
9.48886
6.38386
7.77681
7.77684
6.38416
9.49065
4.59096
14.6532
23.2812
10.4706
11.1499
9.48811
9.23658
9.23673
9.48723
11.1504
10.4808
23.2885
33.7017
4.38
10.4776
4.57823
6.02763
6.02671
4.5747
10.4689
4.38043
33.7051
77.0673
33.6979
23.2701
14.633
14.4051
14.4042
14.6307
23.2641
33.6957
77.0684
62.8768
26.0863
19.1762
12.2846
12.3317
12.3318
12.2849
19.1763
26.0866
62.8776
26.0843
5.04315
9.67162
5.00455
5.82312
5.82306
5.00475
9.67193
5.04348
26.085
19.1719
9.67449
11.2687
8.48201
8.98535
8.98536
8.4822
11.2689
9.67496
19.1725
12.2774
5.00157
8.48408
6.65425
7.52606
7.5262
6.65453
8.4846
5.00223
12.2779
12.3272
5.82057
8.99151
7.56557
8.6512
8.65148
7.56593
8.9922
5.82146
12.3281
12.3297
5.82213
8.98778
7.53553
8.65767
8.65827
7.53581
8.98878
5.82359
12.3312
12.2837
5.00425
8.48343
6.65824
7.57508
7.57514
6.65853
8.48472
5.00725
12.2863
19.1753
9.67123
11.2687
8.48557
8.99371
8.9934
8.48507
11.2692
9.67586
19.1797
26.0856
5.0425
9.67399
5.00106
5.81916
5.81848
4.999
9.67048
5.04297
26.0878
62.8766
26.0839
19.1711
12.276
12.3245
12.3241
12.2743
19.1677
26.0827
62.877
235.084
26.8294
17.0724
10.6716
10.7064
10.7067
10.6717
17.0726
26.8296
235.086
26.8284
8.38532
9.90539
6.29386
6.83701
6.83708
6.29406
9.90559
8.38552
26.8291
17.0701
9.90648
13.1903
8.32045
8.80078
8.80005
8.32035
13.1905
9.90686
17.0707
10.6681
6.29291
8.32553
7.55915
7.71674
7.71686
7.55936
8.32603
6.29354
10.6686
10.7038
6.83577
8.80258
7.73181
8.66394
8.66442
7.73203
8.80321
6.83656
10.7047
10.7055
6.83671
8.80173
7.72378
8.66937
8.67019
7.72399
8.80259
6.83789
10.7068
10.671
6.294
8.32223
7.56302
7.73881
7.73891
7.56327
8.32338
6.29607
10.6729
17.0719
9.90519
13.1908
8.32775
8.80371
8.8028
8.32726
13.1912
9.90785
17.0748
26.8288
8.38476
9.90619
6.29284
6.83504
6.83467
6.2917
9.90437
8.38511
26.8307
235.086
26.8282
17.0696
10.6672
10.7023
10.7021
10.666
17.0677
26.8273
235.085
289.804
29.6505
16.5646
9.52573
9.62523
9.62587
9.52588
16.5649
29.6504
289.803
29.6501
15.4925
13.1455
7.35055
7.75325
7.75356
7.35072
13.1454
15.4928
29.651
16.5631
13.1458
15.9975
8.10696
8.82361
8.82166
8.10685
15.9976
13.1461
16.5636
9.52385
7.35014
8.10918
8.14089
8.01187
8.01124
8.14107
8.10963
7.3507
9.52438
9.62372
7.75291
8.82635
8.01872
8.8696
8.87001
8.01871
8.8269
7.75409
9.62458
9.62529
7.75379
8.82321
8.01567
8.87349
8.87375
8.01584
8.82416
7.7552
9.62642
9.52544
7.35083
8.10824
8.14392
8.02303
8.02248
8.14416
8.1091
7.35228
9.5269
16.5645
13.1452
15.9981
8.11071
8.82711
8.82528
8.11035
15.9984
13.1468
16.5663
29.65
15.4923
13.1456
7.35024
7.75297
7.75295
7.3496
13.1443
15.4927
29.6519
289.802
29.6503
16.5628
9.52331
9.6229
9.62317
9.52262
16.5618
29.6496
289.802
309.795
32.2238
16.0887
8.76191
9.10156
9.10227
8.76226
16.0886
32.2237
309.794
32.2235
14.6644
14.4334
7.20238
8.38313
8.38356
7.20251
14.4336
14.665
32.2239
16.0879
14.4333
16.0682
7.81909
9.10435
9.10457
7.81887
16.0685
14.4336
16.0882
8.76061
7.20216
7.82019
8.39192
8.40995
8.40989
8.39204
7.82057
7.20264
8.76097
9.10031
8.38335
9.10566
8.41312
8.88437
8.88444
8.41342
9.10607
8.38496
9.10085
9.10185
8.38425
9.10589
8.41274
8.88607
8.88602
8.41308
9.10637
8.38596
9.10248
8.76186
7.20265
7.81989
8.39403
8.41592
8.41585
8.39412
7.82058
7.20367
8.76271
16.0882
14.4334
16.0689
7.8212
9.10684
9.10694
7.82086
16.0693
14.4343
16.0895
32.2234
14.6648
14.4334
7.20234
8.38397
8.38414
7.20197
14.4329
14.6655
32.2245
309.793
32.2234
16.0876
8.76043
9.10004
9.10043
8.76014
16.0869
32.223
309.793
367.444
32.4269
15.4631
7.90833
8.28451
8.28423
7.90856
15.4624
32.427
367.444
32.4267
10.9757
11.2711
6.85713
8.01184
8.0112
6.85719
11.2713
10.9762
32.427
15.4628
11.271
12.1885
7.46234
8.18002
8.18146
7.46237
12.1888
11.2713
15.4631
7.90761
6.85704
7.46282
8.09319
8.36449
8.36446
8.09328
7.46311
6.8574
7.90806
8.28419
8.01165
8.18006
8.36603
8.72119
8.72125
8.36628
8.1799
8.01101
8.28485
8.28393
8.01071
8.18221
8.36613
8.72218
8.72211
8.3664
8.1819
8.01033
8.28492
7.90832
6.85735
7.4631
8.09452
8.36765
8.36761
8.09462
7.46356
6.85807
7.90909
15.462
11.2712
12.1891
7.46356
8.1811
8.18221
7.4635
12.1895
11.2718
15.4627
32.4268
10.9761
11.2711
6.85717
8.01079
8.01012
6.85696
11.271
10.9766
32.4275
367.444
32.4266
15.4624
7.90763
8.28387
8.28357
7.90745
15.4614
32.4265
367.444
392.665
31.1811
14.7288
7.48428
7.93333
7.9309
7.48433
14.7288
31.1813
392.665
31.1809
9.24389
9.28825
6.60224
7.3261
7.32578
6.60241
9.28849
9.24419
31.1813
14.7287
9.28818
9.9085
7.39537
7.59162
7.59214
7.39539
9.90871
9.28846
14.7292
7.48406
6.6022
7.39565
7.8208
8.12851
8.12863
7.82095
7.3959
6.60255
7.48453
7.93417
7.32594
7.59184
8.12913
8.51496
8.51454
8.12937
7.59197
7.3255
7.93479
7.93051
7.32547
7.59268
8.12951
8.51444
8.51316
8.12971
7.59278
7.32515
7.93207
7.48438
6.60263
7.39589
7.82171
8.13015
8.1302
7.82187
7.39626
6.60319
7.48517
14.7288
9.28854
9.90892
7.39616
7.59247
7.59289
7.39613
9.90915
9.28896
14.7295
31.1812
9.24411
9.28836
6.60238
7.3254
7.32504
6.60238
9.28843
9.24442
31.1818
392.665
31.1811
14.7287
7.484
7.93302
7.93114
7.48387
14.7284
31.1812
392.665
416.955
28.3857
13.6594
7.32048
8.16443
8.16503
7.32006
13.6606
28.3859
416.955
28.3856
8.52313
8.35402
6.45914
6.92948
6.92973
6.45937
8.35436
8.52336
28.3859
13.6592
8.35397
8.71896
7.50123
7.35326
7.35328
7.50146
8.71918
8.35428
13.6598
7.32066
6.4591
7.50129
7.23261
7.51969
7.51994
7.2328
7.50142
6.45938
7.32107
8.16452
6.9295
7.3536
7.51998
7.76255
7.76211
7.52037
7.35387
6.92989
8.16528
8.16566
6.92993
7.35369
7.5204
7.76194
7.76228
7.52063
7.35398
6.93031
8.16608
7.32021
6.45957
7.50181
7.23325
7.52064
7.52076
7.23344
7.50199
6.45995
7.32113
13.661
8.35448
8.71934
7.50164
7.354
7.35399
7.50184
8.71955
8.35483
13.6616
28.3859
8.52331
8.35423
6.4593
6.92969
6.92983
6.4594
8.35445
8.52353
28.3863
416.955
28.3858
13.6597
7.32048
8.16437
8.16461
7.32016
13.6605
28.386
416.955
447.93
25.9231
12.316
7.17506
7.96179
7.96208
7.17088
12.3162
25.9233
447.93
25.9231
8.01859
7.82337
6.29655
6.80262
6.80272
6.29686
7.82366
8.01877
25.9233
12.3159
7.82334
8.09263
7.13382
7.27468
7.2747
7.13426
8.09287
7.82362
12.316
7.17576
6.29649
7.13379
6.65295
7.07632
7.07649
6.65311
7.13392
6.29676
7.17428
7.96228
6.80267
7.27491
7.07647
7.25679
7.25639
7.07678
7.27518
6.80298
7.96257
7.9625
6.80286
7.27499
7.07672
7.25592
7.25523
7.07693
7.27527
6.80317
7.96313
7.16983
6.29702
7.13454
6.65343
7.07687
7.07694
6.65357
7.1346
6.29729
7.16988
12.3164
7.82377
8.09301
7.13413
7.27523
7.27524
7.13447
8.09321
7.82407
12.3167
25.9232
8.01874
7.8236
6.29674
6.80282
6.80287
6.29692
7.82381
8.01891
25.9236
447.93
25.9233
12.3159
7.17336
7.96169
7.96212
7.17011
12.3161
25.9234
447.93
473.459
23.4533
10.9023
7.02766
7.58399
7.58411
7.01992
10.9015
23.4534
473.46
23.4532
7.59354
7.3965
6.16874
6.67701
6.67707
6.16923
7.39637
7.59369
23.4534
10.9024
7.39655
7.79641
6.87545
7.37835
7.37836
6.87634
7.79666
7.39665
10.9022
7.02876
6.16868
6.8753
6.50687
6.90041
6.9003
6.50706
6.87556
6.16904
7.02556
7.5834
6.67706
7.37854
6.90057
7.04983
7.0499
6.90048
7.37898
6.67733
7.5819
7.58441
6.67717
7.37861
6.90052
7.05005
7.05013
6.9005
7.37906
6.67743
7.58248
7.01755
6.16944
6.87666
6.50729
6.90066
6.9006
6.50746
6.87669
6.16971
7.01669
10.9012
7.39635
7.79677
6.87582
7.37895
7.37896
6.8765
7.79697
7.39656
10.9014
23.4534
7.59368
7.39659
6.16904
6.67721
6.67722
6.16939
7.39649
7.59383
23.4536
473.46
23.4534
10.902
7.02441
7.58198
7.58168
7.01824
10.9013
23.4535
473.46
500.235
20.7543
9.61246
6.79755
6.97845
6.97842
6.79904
9.61239
20.7544
500.235
20.7543
7.22309
7.1441
6.03435
6.62719
6.62728
6.03455
7.14384
7.2233
20.7544
9.61245
7.14418
7.66724
6.75122
7.76294
7.76294
6.7514
7.66743
7.14422
9.61263
6.7973
6.03434
6.75123
6.44414
7.41714
7.41708
6.44429
6.75144
6.03458
6.79803
6.97804
6.6273
7.76312
7.41726
6.92325
6.92329
7.41719
7.76365
6.62761
6.97821
6.97833
6.62749
7.76315
7.41727
6.92338
6.92343
7.41729
7.76371
6.62779
6.97845
6.79949
6.03466
6.75154
6.44444
7.41733
7.41735
6.44461
6.75171
6.03488
6.79984
9.61238
7.14378
7.66751
6.7515
7.76356
7.76357
6.75163
7.66768
7.14396
9.61259
20.7543
7.22334
7.14418
6.03456
6.62745
6.62751
6.03471
7.14397
7.22354
20.7545
500.235
20.7544
9.61255
6.79815
6.9785
6.97836
6.79928
9.61243
20.7544
500.236
351.831
17.9699
8.60815
6.61292
6.78132
6.78514
6.62082
8.61009
17.9697
351.832
17.9699
7.10529
6.9657
5.86475
6.70559
6.70588
5.86481
6.96567
7.10555
17.9698
8.60782
6.96574
7.663
6.78614
7.85935
7.85941
6.78539
7.66324
6.96589
8.60871
6.61151
5.86477
6.78647
6.73877
7.3401
7.34014
6.7389
6.78683
5.86494
6.61491
6.78049
6.70566
7.85941
7.34013
6.88622
6.88631
7.34023
7.85957
6.70608
6.78344
6.78436
6.70615
7.85952
7.34022
6.88646
6.88662
7.34031
7.85967
6.70655
6.78701
6.62296
5.86487
6.78541
6.73899
7.34028
7.34032
6.73917
6.78601
5.86505
6.62371
8.61067
6.96567
7.66332
6.78654
7.85959
7.85964
6.78598
7.6635
6.96588
8.61098
17.9696
7.10562
6.96589
5.86492
6.70598
6.70623
5.86496
6.96586
7.10588
17.9697
351.832
17.9698
8.60894
6.61601
6.78402
6.78765
6.62186
8.61037
17.9697
351.834
137.762
15.1274
7.74947
6.51458
6.9572
6.95452
6.52167
7.75173
15.1276
137.762
15.1274
7.81994
6.61665
5.68645
6.96461
6.96517
5.68611
6.61668
7.82011
15.1275
7.7491
6.61668
7.70593
6.57287
7.68319
7.68324
6.57269
7.7062
6.61684
7.75011
6.5134
5.68656
6.573
6.85009
7.18238
7.18242
6.85018
6.57323
5.68669
6.51653
6.95837
6.96465
7.68324
7.18241
6.85762
6.85782
7.18249
7.68338
6.96532
6.95804
6.95541
6.96553
7.68332
7.18247
6.85808
6.85836
7.18255
7.68346
6.96618
6.95531
6.52381
5.68608
6.57271
6.85023
7.18252
7.18255
6.85031
6.57299
5.68633
6.5247
7.75242
6.6167
7.7063
6.57318
7.68341
7.68344
6.57302
7.7065
6.61689
7.75277
15.1277
7.82015
6.61685
5.68656
6.96525
6.96576
5.6863
6.61688
7.82037
15.1278
137.762
15.1275
7.75041
6.51747
6.95696
6.95445
6.52292
7.75214
15.1277
137.763
59.2599
12.3017
7.16106
6.40224
7.10616
7.1061
6.39606
7.16117
12.3025
59.2605
12.3016
8.65322
6.12443
5.53671
6.85468
6.85458
5.53626
6.12445
8.65317
12.302
7.16103
6.12446
7.49531
6.28518
7.43131
7.43135
6.2855
7.4955
6.12459
7.16126
6.40311
5.5368
6.28511
6.15062
7.00202
7.00204
6.15064
6.28519
5.53674
6.40125
7.10616
6.85469
7.43134
7.00203
6.45075
6.45076
7.00211
7.43147
6.85472
7.10619
7.10605
6.85454
7.4314
7.00208
6.45079
6.45081
7.00215
7.43152
6.85457
7.10609
6.39432
5.53614
6.28555
6.1506
7.00213
7.00215
6.15059
6.28555
5.53621
6.39453
7.16125
6.12447
7.49557
6.28532
7.43149
7.43152
6.28556
7.49574
6.12462
7.16155
12.3027
8.65307
6.12461
5.53666
6.85471
6.85462
5.53629
6.12462
8.65306
12.303
59.2605
12.3021
7.16129
6.4004
7.10617
7.10611
6.39603
7.16147
12.3028
59.2615
25.9876
9.74253
6.46677
5.63862
6.22
6.22025
5.63723
6.46676
9.74323
25.9884
9.74246
7.66317
5.66578
5.32054
5.87221
5.87189
5.32055
5.66585
7.66316
9.74283
6.46681
5.66579
6.93382
5.92766
7.11119
7.11122
5.9278
6.93401
5.66593
6.46691
5.63895
5.32052
5.92763
5.55515
6.77202
6.77203
5.5552
5.92769
5.32043
5.63823
6.2199
5.87217
7.11121
6.77203
6.00819
6.00817
6.77209
7.11132
5.87179
6.21987
6.22027
5.87164
7.11126
6.77205
6.00814
6.00811
6.77211
7.11136
5.87125
6.22014
5.6367
5.32054
5.92784
5.55522
6.7721
6.77211
5.55527
5.92787
5.32048
5.63622
6.46678
5.66589
6.93407
5.92776
7.11134
7.11136
5.92787
6.93422
5.66602
6.46692
9.74344
7.66309
5.66597
5.32051
5.87187
5.87154
5.32053
5.66603
7.66306
9.74374
25.9884
9.74296
6.46692
5.63798
6.21993
6.22011
5.63654
6.46691
9.74359
25.9901
18.9407
8.30567
5.7114
5.09688
5.38978
5.38976
5.09896
5.71177
8.30603
18.9396
8.30563
6.36849
5.0919
5.00753
5.24388
5.2439
5.00805
5.09224
6.36852
8.30582
5.71137
5.09187
5.96329
5.53154
6.23329
6.23326
5.53149
5.96344
5.09205
5.71159
5.0966
5.00747
5.53158
5.37246
5.89121
5.89121
5.37253
5.53168
5.00771
5.09727
5.38971
5.24392
6.23329
5.89121
5.69582
5.69583
5.89125
6.23324
5.24409
5.38948
5.38969
5.24393
6.23323
5.89122
5.69582
5.69583
5.89126
6.23319
5.24411
5.38949
5.09964
5.00823
5.53151
5.37257
5.89127
5.89128
5.37264
5.53163
5.00833
5.09979
5.71191
5.09236
5.96349
5.53166
6.23329
6.23326
5.53162
5.96363
5.09247
5.71206
8.30617
6.3685
5.09214
5.00778
5.24407
5.24409
5.00819
5.09241
6.3685
8.30631
18.9397
8.3059
5.71167
5.09756
5.38955
5.38955
5.09918
5.71196
8.30622
18.9373
35.911
7.89113
5.12664
4.98722
5.03955
5.03956
4.98943
5.12689
7.89137
35.9084
7.8911
5.47235
4.62374
4.82336
5.00484
5.00485
4.82353
4.62367
5.47239
7.89121
5.12662
4.62376
5.2428
5.17954
5.41518
5.41519
5.17964
5.24293
4.62384
5.1268
4.98688
4.82338
5.17953
5.36752
5.34242
5.34243
5.36757
5.1796
4.82372
4.98769
5.03958
5.00487
5.41519
5.34243
5.49775
5.49776
5.34247
5.41524
5.00503
5.03975
5.03959
5.00488
5.41521
5.34244
5.49777
5.49779
5.34249
5.41526
5.00503
5.03976
4.99018
4.82361
5.17967
5.36759
5.34248
5.34249
5.36763
5.17971
4.82388
4.99048
5.127
4.62365
5.24298
5.17963
5.41526
5.41528
5.17971
5.24309
4.62375
5.12714
7.89147
5.4724
4.62386
4.82367
5.00501
5.00502
4.82379
4.6238
5.47242
7.89154
35.9084
7.89127
5.12686
4.98801
5.03973
5.03974
4.98986
5.12708
7.89148
35.9026
48.4749
7.47178
4.92061
4.707
4.77207
4.77204
4.70604
4.92068
7.47201
48.4739
7.47176
4.89645
4.59485
4.54772
4.7999
4.79992
4.54763
4.59482
4.8965
7.47185
4.9206
4.59486
4.95778
4.91816
5.1258
5.12582
4.91826
4.95789
4.59494
4.92071
4.70714
4.54775
4.91814
5.2216
5.15575
5.15576
5.22164
4.9182
4.54781
4.70701
4.77212
4.79993
5.12581
5.15575
5.37526
5.37528
5.15579
5.12588
4.80006
4.77229
4.77206
4.79996
5.12584
5.15577
5.37529
5.3753
5.15581
5.12591
4.80009
4.77225
4.70572
4.54761
4.91828
5.22165
5.1558
5.15581
5.22169
4.91832
4.54769
4.70582
4.92073
4.59482
4.95794
4.91822
5.12589
5.12591
4.91831
4.95802
4.5949
4.92082
7.47211
4.89653
4.59496
4.54779
4.80005
4.80007
4.54771
4.59493
4.89656
7.47218
48.4739
7.47191
4.92076
4.70687
4.77226
4.77223
4.70613
4.92082
7.47211
48.4715
70.2336
6.81869
5.49124
4.25716
4.73878
4.73876
4.25659
5.49139
6.81889
70.2352
6.81866
4.29096
4.88368
4.26223
4.83455
4.83459
4.26214
4.88367
4.29099
6.81873
5.49119
4.88368
4.86886
4.73236
5.0034
5.00342
4.7324
4.86893
4.88374
5.49129
4.25727
4.26224
4.73236
5.12804
5.084
5.08401
5.12807
4.73241
4.26219
4.25713
4.73884
4.83458
5.00341
5.084
5.31127
5.31128
5.08404
5.00347
4.83475
4.73909
4.73881
4.83465
5.00343
5.08401
5.31129
5.3113
5.08405
5.00349
4.83482
4.73907
4.25641
4.2621
4.73242
5.12808
5.08404
5.08405
5.1281
4.73246
4.26209
4.2564
5.49147
4.88367
4.86895
4.73241
5.00347
5.00349
4.73245
4.86901
4.88372
5.49154
6.81897
4.291
4.88376
4.2622
4.83473
4.83477
4.26213
4.88375
4.29101
6.81903
70.2351
6.81878
5.49136
4.25704
4.73905
4.73904
4.25656
5.4915
6.81897
70.2386
142.708
6.06605
6.71688
4.03463
4.88309
4.88312
4.03489
6.71698
6.0662
142.711
6.06602
3.33986
4.83485
4.04008
5.02691
5.02695
4.04009
4.83485
3.33984
6.06607
6.71685
4.83486
4.78091
4.59011
4.95092
4.95093
4.59013
4.78095
4.8349
6.71684
4.0346
4.04008
4.59011
5.10376
5.17234
5.17235
5.10379
4.59015
4.0401
4.03471
4.88312
5.02694
4.95093
5.17235
5.32086
5.32087
5.17237
4.95097
5.02708
4.88323
4.88314
5.027
4.95094
5.17236
5.32087
5.32088
5.17238
4.95098
5.02713
4.88325
4.03498
4.04009
4.59014
5.10379
5.17237
5.17238
5.10382
4.59018
4.04012
4.03503
6.717
4.83484
4.78096
4.59015
4.95097
4.95098
4.59017
4.781
4.83488
6.71699
6.06626
3.33984
4.8349
4.0401
5.02706
5.0271
4.04012
4.8349
3.33983
6.06629
142.711
6.06609
6.71684
4.03475
4.88322
4.88324
4.03495
6.71696
6.06624
142.718
157.021
5.68892
6.57293
3.99991
4.35139
4.35141
3.99997
6.57278
5.68903
157.021
5.68889
2.24885
4.472
3.96433
4.94572
4.94569
3.96435
4.47197
2.24883
5.68892
6.57298
4.472
4.68646
4.51651
5.04919
5.0492
4.51653
4.68648
4.47201
6.57295
3.9999
3.96434
4.51651
5.16051
5.4859
5.48591
5.16053
4.51654
3.96437
3.99993
4.35134
4.94569
5.0492
5.48591
5.44816
5.44817
5.48593
5.04923
4.94554
4.35118
4.35137
4.94565
5.04921
5.48592
5.44817
5.44817
5.48594
5.04924
4.9455
4.35119
3.99999
3.96436
4.51653
5.16053
5.48593
5.48594
5.16055
4.51656
3.9644
4.00002
6.57271
4.47196
4.68649
4.51654
5.04923
5.04924
4.51656
4.68652
4.47198
6.57274
5.68907
2.24881
4.47201
3.96437
4.94557
4.94555
3.96439
4.472
2.2488
5.6891
157.021
5.68892
6.57289
3.99995
4.35121
4.35123
4
6.57279
5.68904
157.02
161.73
5.9537
6.0781
4.11948
4.40433
4.40432
4.11946
6.07805
5.95379
161.73
5.95367
1.13277
3.97003
3.98662
4.6965
4.69645
3.98661
3.97
1.13272
5.9537
6.0781
3.97003
4.61625
4.54933
5.42044
5.42045
4.54934
4.61626
3.97002
6.07812
4.11948
3.98662
4.54933
5.23047
5.6547
5.6547
5.23048
4.54935
3.98664
4.1195
4.40433
4.69647
5.42044
5.6547
5.57449
5.5745
5.65472
5.42047
4.69633
4.40435
4.40432
4.69639
5.42045
5.6547
5.5745
5.57451
5.65472
5.42048
4.69626
4.40435
4.11946
3.9866
4.54934
5.23048
5.65472
5.65472
5.23049
4.54936
3.98663
4.11949
6.07804
3.96999
4.61626
4.54935
5.42047
5.42048
4.54936
4.61627
3.96998
6.07809
5.95382
1.1327
3.97001
3.98663
4.69636
4.69632
3.98663
3.96999
1.13267
5.95387
161.73
5.95369
6.07811
4.11949
4.40434
4.40434
4.11948
6.07809
5.95382
161.729
172.062
7.81635
6.18127
4.33682
4.62235
4.62235
4.33682
6.18129
7.81645
172.063
7.81633
1.15782
3.25449
4.09899
4.86657
4.86658
4.09899
3.25447
1.15781
7.81638
6.18125
3.25449
4.57542
4.73145
5.66904
5.66904
4.73145
4.57543
3.25446
6.18124
4.33682
4.099
4.73145
5.49236
5.84368
5.84368
5.49236
4.73146
4.09901
4.33684
4.62235
4.8666
5.66904
5.84367
5.75348
5.75348
5.84369
5.66906
4.86675
4.62238
4.62235
4.86661
5.66904
5.84367
5.75348
5.75349
5.8437
5.66907
4.86676
4.62238
4.33682
4.09898
4.73145
5.49236
5.8437
5.8437
5.49237
4.73146
4.099
4.33685
6.18129
3.25445
4.57542
4.73146
5.66906
5.66906
4.73146
4.57543
3.25443
6.18129
7.81647
1.15778
3.25445
4.099
4.86672
4.86673
4.099
3.25443
1.15782
7.81658
172.063
7.81637
6.18123
4.33683
4.62237
4.62237
4.33684
6.18127
7.81652
172.063
177.018
12.5223
6.34253
4.62306
5.02472
5.02472
4.62306
6.34254
12.5224
177.018
12.5223
4.62588
2.99446
4.36771
5.46433
5.46433
4.3677
2.99445
4.62588
12.5224
6.34251
2.99446
4.62609
5.09357
6.01896
6.01897
5.09358
4.62609
2.99443
6.34249
4.62305
4.36771
5.09357
5.83393
5.94853
5.94853
5.83394
5.09358
4.3677
4.62306
5.02472
5.46433
6.01897
5.94853
6.04596
6.04596
5.94853
6.01898
5.46435
5.02473
5.02472
5.46433
6.01897
5.94853
6.04596
6.04596
5.94853
6.01898
5.46434
5.02473
4.62306
4.3677
5.09358
5.83394
5.94853
5.94854
5.83396
5.09359
4.3677
4.62306
6.34253
2.99443
4.62608
5.09358
6.01898
6.01898
5.09359
4.62608
2.99441
6.34252
12.5224
4.62587
2.99441
4.3677
5.46434
5.46434
4.3677
2.99441
4.62593
12.5226
177.018
12.5224
6.34246
4.62305
5.02472
5.02473
4.62306
6.3425
12.5226
177.019
183.441
20.0135
6.73242
5.06125
5.58672
5.58672
5.06125
6.73243
20.0136
183.442
20.0134
7.28784
3.63338
4.90537
5.99727
5.99728
4.90537
3.63338
7.2878
20.0136
6.73242
3.63338
4.95678
5.6199
6.38636
6.38636
5.6199
4.95679
3.63337
6.73239
5.06125
4.90537
5.6199
6.11255
6.3746
6.3746
6.11255
5.61991
4.90538
5.06125
5.58672
5.99727
6.38636
6.3746
6.45244
6.45244
6.3746
6.38636
5.99728
5.58672
5.58671
5.99728
6.38636
6.3746
6.45244
6.45244
6.3746
6.38637
5.99729
5.58672
5.06124
4.90537
5.6199
6.11255
6.3746
6.3746
6.11256
5.61991
4.90538
5.06125
6.73242
3.63337
4.95678
5.61991
6.38636
6.38637
5.61991
4.95679
3.63336
6.73242
20.0136
7.28778
3.63335
4.90537
5.99728
5.99729
4.90537
3.63336
7.28777
20.0139
183.442
20.0136
6.73237
5.06124
5.58671
5.58671
5.06124
6.7324
20.0138
183.442
189.272
24.4644
7.2153
5.71982
6.2899
6.2899
5.71982
7.2153
24.4644
189.272
24.4644
8.16751
4.86968
5.75627
6.481
6.481
5.75627
4.86968
8.1675
24.4644
7.21529
4.86968
5.6951
6.28124
6.67978
6.67978
6.28124
5.6951
4.86967
7.21527
5.71982
5.75627
6.28124
6.61785
6.92776
6.92776
6.61785
6.28124
5.75628
5.71982
6.2899
6.481
6.67978
6.92776
6.9197
6.9197
6.92776
6.67979
6.481
6.2899
6.2899
6.481
6.67978
6.92776
6.9197
6.9197
6.92776
6.67979
6.481
6.2899
5.71982
5.75627
6.28123
6.61785
6.92776
6.92776
6.61786
6.28124
5.75628
5.71983
7.21529
4.86967
5.6951
6.28124
6.67979
6.67979
6.28124
5.69511
4.86968
7.21529
24.4644
8.16748
4.86966
5.75627
6.481
6.481
5.75628
4.86968
8.16749
24.4646
189.272
24.4644
7.21525
5.71981
6.28989
6.2899
5.71982
7.21527
24.4645
189.273
146.119
22.1152
7.63031
6.59326
7.05488
7.05488
6.59326
7.6303
22.1152
146.118
22.1152
9.63526
6.32826
6.7648
7.15727
7.15727
6.76481
6.32826
9.63525
22.1152
7.6303
6.32826
6.69761
7.01148
7.25147
7.25147
7.01148
6.69761
6.32825
7.63028
6.59326
6.7648
7.01148
7.26992
7.46472
7.46472
7.26993
7.01148
6.76481
6.59326
7.05488
7.15727
7.25147
7.46472
7.40672
7.40672
7.46472
7.25148
7.15727
7.05489
7.05488
7.15727
7.25147
7.46472
7.40672
7.40672
7.46472
7.25148
7.15727
7.05489
6.59326
6.7648
7.01148
7.26993
7.46472
7.46472
7.26993
7.01148
6.76482
6.59327
7.6303
6.32825
6.6976
7.01148
7.25147
7.25147
7.01148
6.69761
6.32826
7.6303
22.1152
9.63524
6.32824
6.76481
7.15727
7.15727
6.76481
6.32826
9.63524
22.1152
146.119
22.1152
7.63027
6.59326
7.05488
7.05488
6.59326
7.63028
22.1151
146.118
61.6307
17.2413
8.26767
7.59786
7.80238
7.80238
7.59786
8.26767
17.2412
61.6304
17.2413
10.461
7.7155
7.74059
7.8568
7.8568
7.7406
7.7155
10.461
17.2412
8.26767
7.71549
7.69717
7.78231
7.8678
7.8678
7.78231
7.69717
7.71549
8.26766
7.59786
7.74059
7.78231
8.08014
7.94755
7.94755
8.08014
7.78231
7.7406
7.59786
7.80238
7.8568
7.8678
7.94755
7.9031
7.9031
7.94755
7.8678
7.8568
7.80238
7.80238
7.8568
7.86779
7.94755
7.9031
7.9031
7.94755
7.8678
7.8568
7.80238
7.59786
7.74059
7.78231
8.08014
7.94755
7.94755
8.08014
7.78231
7.7406
7.59787
8.26767
7.71549
7.69716
7.78231
7.8678
7.8678
7.78231
7.69717
7.7155
8.26767
17.2412
10.461
7.71549
7.7406
7.8568
7.8568
7.7406
7.7155
10.461
17.2412
61.6304
17.2412
8.26765
7.59786
7.80238
7.80238
7.59787
8.26766
17.2412
61.6299
30.5548
13.6922
9.11575
8.52283
8.46168
8.46168
8.52283
9.11576
13.6922
30.5546
13.6922
10.8025
8.85998
8.54952
8.48483
8.48483
8.54952
8.85998
10.8025
13.6922
9.11575
8.85998
8.51322
8.56655
8.45679
8.45679
8.56656
8.51322
8.85998
9.11575
8.52283
8.54952
8.56655
8.69894
8.49305
8.49305
8.69894
8.56656
8.54953
8.52283
8.46168
8.48483
8.45678
8.49305
8.406
8.406
8.49305
8.45679
8.48483
8.46168
8.46168
8.48483
8.45678
8.49305
8.406
8.406
8.49305
8.45679
8.48483
8.46169
8.52283
8.54952
8.56655
8.69894
8.49305
8.49305
8.69895
8.56656
8.54953
8.52284
9.11576
8.85998
8.51322
8.56655
8.45678
8.45678
8.56656
8.51322
8.85998
9.11576
13.6922
10.8025
8.85997
8.54952
8.48483
8.48483
8.54953
8.85998
10.8025
13.6922
30.5547
13.6922
9.11575
8.52283
8.46168
8.46168
8.52284
9.11576
13.6922
30.5545
17.9714
12.0077
9.80847
9.19696
9.02451
9.02451
9.19696
9.80847
12.0077
17.9713
12.0077
10.8315
9.5436
9.15675
9.02517
9.02517
9.15675
9.5436
10.8315
12.0077
9.80847
9.5436
9.15039
9.17951
8.99052
8.99052
9.17951
9.15039
9.5436
9.80847
9.19696
9.15675
9.17951
9.24575
8.98045
8.98045
9.24575
9.17951
9.15675
9.19696
9.02451
9.02517
8.99052
8.98045
8.89978
8.89978
8.98045
8.99052
9.02517
9.02451
9.02451
9.02517
8.99052
8.98045
8.89978
8.89978
8.98045
8.99052
9.02517
9.02451
9.19696
9.15675
9.17951
9.24575
8.98045
8.98045
9.24575
9.17951
9.15675
9.19696
9.80847
9.5436
9.15039
9.17951
8.99052
8.99052
9.17951
9.15039
9.5436
9.80847
12.0077
10.8315
9.5436
9.15675
9.02517
9.02517
9.15675
9.5436
10.8315
12.0077
17.9713
12.0077
9.80846
9.19696
9.02451
9.02451
9.19696
9.80847
12.0077
17.9713
12.0628
10.725
9.95914
9.64898
9.5019
9.5019
9.64898
9.95914
10.725
12.0628
10.725
10.3058
9.82419
9.63246
9.50363
9.50363
9.63246
9.82419
10.3058
10.725
9.95914
9.82419
9.65163
9.60534
9.46465
9.46465
9.60534
9.65163
9.82419
9.95913
9.64898
9.63246
9.60534
9.55617
9.43946
9.43946
9.55617
9.60534
9.63246
9.64898
9.5019
9.50363
9.46465
9.43946
9.37801
9.37801
9.43946
9.46465
9.50363
9.5019
9.5019
9.50363
9.46465
9.43946
9.37801
9.37801
9.43946
9.46465
9.50363
9.5019
9.64898
9.63246
9.60534
9.55617
9.43946
9.43946
9.55617
9.60534
9.63246
9.64898
9.95914
9.82419
9.65163
9.60534
9.46465
9.46465
9.60534
9.65163
9.82419
9.95913
10.725
10.3058
9.82419
9.63246
9.50363
9.50363
9.63246
9.82419
10.3058
10.725
12.0628
10.725
9.95913
9.64898
9.50189
9.50189
9.64898
9.95913
10.725
12.0628
)
;

boundaryField
{
    bottom
    {
        type            fixedFluxPressure;
        gradient        uniform 0;
        value           nonuniform List<scalar> 
100
(
235.777
143.397
113.451
114.599
118.466
118.467
114.604
113.456
143.396
235.774
143.399
24.6784
30.3276
20.0835
22.8521
22.8526
20.0872
30.3299
24.6749
143.393
113.46
30.3337
32.8616
28.1182
28.0564
28.0556
28.1175
32.8577
30.3237
113.447
114.608
20.0913
28.1212
33.7735
34.8744
34.8738
33.7697
28.1145
20.0794
114.595
118.472
22.8574
28.0589
34.8777
36.9347
36.9321
34.8706
28.0533
22.8474
118.461
118.472
22.8571
28.0586
34.8778
36.9346
36.932
34.8707
28.053
22.847
118.46
114.608
20.0915
28.1213
33.7737
34.8745
34.8739
33.7699
28.1146
20.0793
114.595
113.46
30.334
32.8618
28.1187
28.0572
28.0565
28.1181
32.858
30.3239
113.447
143.4
24.6789
30.3281
20.0842
22.8529
22.8536
20.0882
30.3307
24.6755
143.394
235.778
143.397
113.452
114.6
118.467
118.468
114.605
113.457
143.396
235.774
)
;
    }
    atmosphere
    {
        type            prghTotalPressure;
        p0              uniform 0;
        value           nonuniform List<scalar> 
100
(
10.5971
9.88692
9.81176
9.79083
9.70794
9.70794
9.79083
9.81176
9.88692
10.5971
9.88692
9.81654
9.81124
9.78942
9.70874
9.70873
9.78942
9.81124
9.81654
9.88692
9.81176
9.81124
9.7937
9.7457
9.68233
9.68233
9.7457
9.7937
9.81124
9.81176
9.79083
9.78942
9.7457
9.71857
9.67207
9.67207
9.71857
9.7457
9.78941
9.79083
9.70794
9.70874
9.68233
9.67207
9.6083
9.6083
9.67207
9.68233
9.70873
9.70794
9.70794
9.70874
9.68233
9.67207
9.6083
9.6083
9.67207
9.68233
9.70873
9.70794
9.79083
9.78942
9.7457
9.71857
9.67207
9.67207
9.71857
9.74569
9.78941
9.79083
9.81176
9.81124
9.7937
9.7457
9.68233
9.68233
9.74569
9.7937
9.81124
9.81176
9.88692
9.81654
9.81124
9.78942
9.70873
9.70873
9.78941
9.81124
9.81654
9.88692
10.5971
9.88692
9.81176
9.79083
9.70794
9.70794
9.79083
9.81176
9.88692
10.5971
)
;
    }
    walls
    {
        type            fixedFluxPressure;
        gradient        uniform 0;
        value           nonuniform List<scalar> 
1600
(
235.777
143.397
113.451
114.599
118.466
118.467
114.604
113.456
143.396
235.774
244.023
99.9286
62.8601
58.1976
63.6496
63.6501
58.2029
62.8673
99.9283
244.02
276.133
82.0262
67.7668
67.1838
76.8665
76.8697
67.194
67.7814
82.0281
276.13
273.749
57.2065
46.0019
41.0132
45.0132
45.0175
41.0282
46.0245
57.2146
273.746
235.901
51.9104
36.4217
31.1014
34.7142
34.7218
31.1239
36.4579
51.9295
235.898
278.827
48.5924
29.3409
24.2457
27.6095
27.6193
24.2784
29.3992
48.625
278.825
311.798
51.03
26.2525
20.1299
23.4241
23.4354
20.1726
26.3379
51.0697
311.796
348.194
50.058
26.1723
18.0322
19.7856
19.7964
18.0782
26.2764
50.1041
348.193
242.542
44.7058
26.3646
17.0087
16.8275
16.8352
17.0425
26.3964
44.7135
242.54
77.0687
33.6987
23.2714
14.6353
14.4093
14.4135
14.6498
23.2812
33.7017
77.0673
62.8768
26.0843
19.1719
12.2774
12.3272
12.3297
12.2837
19.1753
26.0856
62.8766
235.084
26.8284
17.0701
10.6681
10.7038
10.7055
10.671
17.0719
26.8288
235.086
289.804
29.6501
16.5631
9.52385
9.62372
9.62529
9.52544
16.5645
29.65
289.802
309.795
32.2235
16.0879
8.76061
9.10031
9.10185
8.76186
16.0882
32.2234
309.793
367.444
32.4267
15.4628
7.90761
8.28419
8.28393
7.90832
15.462
32.4268
367.444
392.665
31.1809
14.7287
7.48406
7.93417
7.93051
7.48438
14.7288
31.1812
392.665
416.955
28.3856
13.6592
7.32066
8.16452
8.16566
7.32021
13.661
28.3859
416.955
447.93
25.9231
12.3159
7.17576
7.96228
7.9625
7.16983
12.3164
25.9232
447.93
473.459
23.4532
10.9024
7.02876
7.5834
7.58441
7.01755
10.9012
23.4534
473.46
500.235
20.7543
9.61245
6.7973
6.97804
6.97833
6.79949
9.61238
20.7543
500.235
351.831
17.9699
8.60782
6.61151
6.78049
6.78436
6.62296
8.61067
17.9696
351.832
137.762
15.1274
7.7491
6.5134
6.95837
6.95541
6.52381
7.75242
15.1277
137.762
59.2599
12.3016
7.16103
6.40311
7.10616
7.10605
6.39432
7.16125
12.3027
59.2605
25.9876
9.74246
6.46681
5.63895
6.2199
6.22027
5.6367
6.46678
9.74344
25.9884
18.9407
8.30563
5.71137
5.0966
5.38971
5.38969
5.09964
5.71191
8.30617
18.9397
35.911
7.8911
5.12662
4.98688
5.03958
5.03959
4.99018
5.127
7.89147
35.9084
48.4749
7.47176
4.9206
4.70714
4.77212
4.77206
4.70572
4.92073
7.47211
48.4739
70.2336
6.81866
5.49119
4.25727
4.73884
4.73881
4.25641
5.49147
6.81897
70.2351
142.708
6.06602
6.71685
4.0346
4.88312
4.88314
4.03498
6.717
6.06626
142.711
157.021
5.68889
6.57298
3.9999
4.35134
4.35137
3.99999
6.57271
5.68907
157.021
161.73
5.95367
6.0781
4.11948
4.40433
4.40432
4.11946
6.07804
5.95382
161.73
172.062
7.81633
6.18125
4.33682
4.62235
4.62235
4.33682
6.18129
7.81647
172.063
177.018
12.5223
6.34251
4.62305
5.02472
5.02472
4.62306
6.34253
12.5224
177.018
183.441
20.0134
6.73242
5.06125
5.58672
5.58671
5.06124
6.73242
20.0136
183.442
189.272
24.4644
7.21529
5.71982
6.2899
6.2899
5.71982
7.21529
24.4644
189.272
146.119
22.1152
7.6303
6.59326
7.05488
7.05488
6.59326
7.6303
22.1152
146.119
61.6307
17.2413
8.26767
7.59786
7.80238
7.80238
7.59786
8.26767
17.2412
61.6304
30.5548
13.6922
9.11575
8.52283
8.46168
8.46168
8.52283
9.11576
13.6922
30.5547
17.9714
12.0077
9.80847
9.19696
9.02451
9.02451
9.19696
9.80847
12.0077
17.9713
12.0628
10.725
9.95914
9.64898
9.5019
9.5019
9.64898
9.95914
10.725
12.0628
235.778
143.397
113.452
114.6
118.467
118.468
114.605
113.457
143.396
235.774
244.024
99.929
62.8605
58.198
63.6502
63.6511
58.2037
62.8683
99.929
244.021
276.134
82.0269
67.7673
67.1844
76.8672
76.8706
67.1953
67.7828
82.0294
276.131
273.75
57.207
46.0025
41.0141
45.0143
45.0189
41.0298
46.0264
57.216
273.748
235.901
51.911
36.4224
31.1021
34.7153
34.7232
31.1257
36.4604
51.9318
235.899
278.828
48.5929
29.3417
24.2465
27.6107
27.621
24.2807
29.4029
48.6286
278.827
311.799
51.0304
26.2532
20.1307
23.4254
23.4373
20.1756
26.3431
51.0755
311.799
348.195
50.0584
26.1728
18.0328
19.7867
19.7985
18.0817
26.284
50.1124
348.196
242.542
44.7063
26.3651
17.0086
16.8286
16.8372
17.0459
26.4074
44.7203
242.542
77.0687
33.6992
23.2719
14.6357
14.4103
14.4153
14.6532
23.2885
33.7051
77.0684
62.8776
26.085
19.1725
12.2779
12.3281
12.3312
12.2863
19.1797
26.0878
62.877
235.086
26.8291
17.0707
10.6686
10.7047
10.7068
10.6729
17.0748
26.8307
235.085
289.803
29.651
16.5636
9.52438
9.62458
9.62642
9.5269
16.5663
29.6519
289.802
309.794
32.2239
16.0882
8.76097
9.10085
9.10248
8.76271
16.0895
32.2245
309.793
367.444
32.427
15.4631
7.90806
8.28485
8.28492
7.90909
15.4627
32.4275
367.444
392.665
31.1813
14.7292
7.48453
7.93479
7.93207
7.48517
14.7295
31.1818
392.665
416.955
28.3859
13.6598
7.32107
8.16528
8.16608
7.32113
13.6616
28.3863
416.955
447.93
25.9233
12.316
7.17428
7.96257
7.96313
7.16988
12.3167
25.9236
447.93
473.46
23.4534
10.9022
7.02556
7.5819
7.58248
7.01669
10.9014
23.4536
473.46
500.235
20.7544
9.61263
6.79803
6.97821
6.97845
6.79984
9.61259
20.7545
500.236
351.832
17.9698
8.60871
6.61491
6.78344
6.78701
6.62371
8.61098
17.9697
351.834
137.762
15.1275
7.75011
6.51653
6.95804
6.95531
6.5247
7.75277
15.1278
137.763
59.2605
12.302
7.16126
6.40125
7.10619
7.10609
6.39453
7.16155
12.303
59.2615
25.9884
9.74283
6.46691
5.63823
6.21987
6.22014
5.63622
6.46692
9.74374
25.9901
18.9396
8.30582
5.71159
5.09727
5.38948
5.38949
5.09979
5.71206
8.30631
18.9373
35.9084
7.89121
5.1268
4.98769
5.03975
5.03976
4.99048
5.12714
7.89154
35.9026
48.4739
7.47185
4.92071
4.70701
4.77229
4.77225
4.70582
4.92082
7.47218
48.4715
70.2352
6.81873
5.49129
4.25713
4.73909
4.73907
4.2564
5.49154
6.81903
70.2386
142.711
6.06607
6.71684
4.03471
4.88323
4.88325
4.03503
6.71699
6.06629
142.718
157.021
5.68892
6.57295
3.99993
4.35118
4.35119
4.00002
6.57274
5.6891
157.02
161.73
5.9537
6.07812
4.1195
4.40435
4.40435
4.11949
6.07809
5.95387
161.729
172.063
7.81638
6.18124
4.33684
4.62238
4.62238
4.33685
6.18129
7.81658
172.063
177.018
12.5224
6.34249
4.62306
5.02473
5.02473
4.62306
6.34252
12.5226
177.019
183.442
20.0136
6.73239
5.06125
5.58672
5.58672
5.06125
6.73242
20.0139
183.442
189.272
24.4644
7.21527
5.71982
6.2899
6.2899
5.71983
7.21529
24.4646
189.273
146.118
22.1152
7.63028
6.59326
7.05489
7.05489
6.59327
7.6303
22.1152
146.118
61.6304
17.2412
8.26766
7.59786
7.80238
7.80238
7.59787
8.26767
17.2412
61.6299
30.5546
13.6922
9.11575
8.52283
8.46168
8.46169
8.52284
9.11576
13.6922
30.5545
17.9713
12.0077
9.80847
9.19696
9.02451
9.02451
9.19696
9.80847
12.0077
17.9713
12.0628
10.725
9.95913
9.64898
9.5019
9.5019
9.64898
9.95913
10.725
12.0628
235.777
244.023
276.133
273.749
235.901
278.827
311.798
348.194
242.542
77.0687
62.8768
235.084
289.804
309.795
367.444
392.665
416.955
447.93
473.459
500.235
143.399
99.9316
82.0316
57.2179
51.9326
48.6278
51.0724
50.1065
44.7153
33.7029
26.0863
26.8294
29.6505
32.2238
32.4269
31.1811
28.3857
25.9231
23.4533
20.7543
113.46
62.871
67.7855
46.0282
36.4615
29.4024
26.3406
26.2786
26.3982
23.2825
19.1762
17.0724
16.5646
16.0887
15.4631
14.7288
13.6594
12.316
10.9023
9.61246
114.608
58.2074
67.1985
41.0326
31.1283
24.2825
20.1762
18.0811
17.0443
14.6512
12.2846
10.6716
9.52573
8.76191
7.90833
7.48428
7.32048
7.17506
7.02766
6.79755
118.472
63.6566
76.876
45.0242
34.7283
27.6264
23.4428
19.8032
16.8405
14.4171
12.3317
10.7064
9.62523
9.10156
8.28451
7.93333
8.16443
7.96179
7.58399
6.97845
118.472
63.6557
76.8759
45.024
34.7288
27.6268
23.4429
19.8032
16.8404
14.417
12.3318
10.7067
9.62587
9.10227
8.28423
7.9309
8.16503
7.96208
7.58411
6.97842
114.608
58.2074
67.1987
41.0328
31.1286
24.2829
20.1767
18.0817
17.0453
14.6517
12.2849
10.6717
9.52588
8.76226
7.90856
7.48433
7.32006
7.17088
7.01992
6.79904
113.46
62.8714
67.7856
46.0285
36.4617
29.4027
26.341
26.279
26.3984
23.2826
19.1763
17.0726
16.5649
16.0886
15.4624
14.7288
13.6606
12.3162
10.9015
9.61239
143.4
99.9322
82.032
57.2183
51.933
48.6282
51.0725
50.1064
44.7152
33.703
26.0866
26.8296
29.6504
32.2237
32.427
31.1813
28.3859
25.9233
23.4534
20.7544
235.778
244.024
276.134
273.75
235.901
278.828
311.799
348.195
242.542
77.0687
62.8776
235.086
289.803
309.794
367.444
392.665
416.955
447.93
473.46
500.235
351.831
137.762
59.2599
25.9876
18.9407
35.911
48.4749
70.2336
142.708
157.021
161.73
172.062
177.018
183.441
189.272
146.119
61.6307
30.5548
17.9714
12.0628
17.9699
15.1274
12.3017
9.74253
8.30567
7.89113
7.47178
6.81869
6.06605
5.68892
5.9537
7.81635
12.5223
20.0135
24.4644
22.1152
17.2413
13.6922
12.0077
10.725
8.60815
7.74947
7.16106
6.46677
5.7114
5.12664
4.92061
5.49124
6.71688
6.57293
6.0781
6.18127
6.34253
6.73242
7.2153
7.63031
8.26767
9.11575
9.80847
9.95914
6.61292
6.51458
6.40224
5.63862
5.09688
4.98722
4.707
4.25716
4.03463
3.99991
4.11948
4.33682
4.62306
5.06125
5.71982
6.59326
7.59786
8.52283
9.19696
9.64898
6.78132
6.9572
7.10616
6.22
5.38978
5.03955
4.77207
4.73878
4.88309
4.35139
4.40433
4.62235
5.02472
5.58672
6.2899
7.05488
7.80238
8.46168
9.02451
9.5019
6.78514
6.95452
7.1061
6.22025
5.38976
5.03956
4.77204
4.73876
4.88312
4.35141
4.40432
4.62235
5.02472
5.58672
6.2899
7.05488
7.80238
8.46168
9.02451
9.5019
6.62082
6.52167
6.39606
5.63723
5.09896
4.98943
4.70604
4.25659
4.03489
3.99997
4.11946
4.33682
4.62306
5.06125
5.71982
6.59326
7.59786
8.52283
9.19696
9.64898
8.61009
7.75173
7.16117
6.46676
5.71177
5.12689
4.92068
5.49139
6.71698
6.57278
6.07805
6.18129
6.34254
6.73243
7.2153
7.6303
8.26767
9.11576
9.80847
9.95914
17.9697
15.1276
12.3025
9.74323
8.30603
7.89137
7.47201
6.81889
6.0662
5.68903
5.95379
7.81645
12.5224
20.0136
24.4644
22.1152
17.2412
13.6922
12.0077
10.725
351.832
137.762
59.2605
25.9884
18.9396
35.9084
48.4739
70.2352
142.711
157.021
161.73
172.063
177.018
183.442
189.272
146.118
61.6304
30.5546
17.9713
12.0628
235.774
244.02
276.13
273.746
235.898
278.825
311.796
348.193
242.54
77.0673
62.8766
235.086
289.802
309.793
367.444
392.665
416.955
447.93
473.46
500.235
143.393
99.9249
82.023
57.2032
51.9074
48.5897
51.0275
50.0561
44.7046
33.6979
26.0839
26.8282
29.6503
32.2234
32.4266
31.1811
28.3858
25.9233
23.4534
20.7544
113.447
62.856
67.7628
45.9981
36.4181
29.3377
26.2497
26.1699
26.3628
23.2701
19.1711
17.0696
16.5628
16.0876
15.4624
14.7287
13.6597
12.3159
10.902
9.61255
114.595
58.193
67.1791
41.0087
31.0967
24.2412
20.1258
18.0285
17.0051
14.633
12.276
10.6672
9.52331
8.76043
7.90763
7.484
7.32048
7.17336
7.02441
6.79815
118.461
63.6442
76.8601
45.0063
34.7068
27.6016
23.4162
19.7782
16.8215
14.4051
12.3245
10.7023
9.6229
9.10004
8.28387
7.93302
8.16437
7.96169
7.58198
6.9785
118.46
63.6433
76.8597
45.0058
34.7069
27.6014
23.4155
19.7772
16.8205
14.4042
12.3241
10.7021
9.62317
9.10043
8.28357
7.93114
8.16461
7.96212
7.58168
6.97836
114.595
58.1927
67.1787
41.0081
31.0958
24.2399
20.1238
18.0259
17.003
14.6307
12.2743
10.666
9.52262
8.76014
7.90745
7.48387
7.32016
7.17011
7.01824
6.79928
113.447
62.8562
67.7625
45.9977
36.4171
29.3359
26.2463
26.164
26.3536
23.2641
19.1677
17.0677
16.5618
16.0869
15.4614
14.7284
13.6605
12.3161
10.9013
9.61243
143.394
99.9257
82.0235
57.2039
51.9082
48.5909
51.0294
50.058
44.6995
33.6957
26.0827
26.8273
29.6496
32.223
32.4265
31.1812
28.386
25.9234
23.4535
20.7544
235.774
244.021
276.131
273.748
235.899
278.827
311.799
348.196
242.542
77.0684
62.877
235.085
289.802
309.793
367.444
392.665
416.955
447.93
473.46
500.236
351.832
137.762
59.2605
25.9884
18.9397
35.9084
48.4739
70.2351
142.711
157.021
161.73
172.063
177.018
183.442
189.272
146.119
61.6304
30.5547
17.9713
12.0628
17.9698
15.1275
12.3021
9.74296
8.3059
7.89127
7.47191
6.81878
6.06609
5.68892
5.95369
7.81637
12.5224
20.0136
24.4644
22.1152
17.2412
13.6922
12.0077
10.725
8.60894
7.75041
7.16129
6.46692
5.71167
5.12686
4.92076
5.49136
6.71684
6.57289
6.07811
6.18123
6.34246
6.73237
7.21525
7.63027
8.26765
9.11575
9.80846
9.95913
6.61601
6.51747
6.4004
5.63798
5.09756
4.98801
4.70687
4.25704
4.03475
3.99995
4.11949
4.33683
4.62305
5.06124
5.71981
6.59326
7.59786
8.52283
9.19696
9.64898
6.78402
6.95696
7.10617
6.21993
5.38955
5.03973
4.77226
4.73905
4.88322
4.35121
4.40434
4.62237
5.02472
5.58671
6.28989
7.05488
7.80238
8.46168
9.02451
9.50189
6.78765
6.95445
7.10611
6.22011
5.38955
5.03974
4.77223
4.73904
4.88324
4.35123
4.40434
4.62237
5.02473
5.58671
6.2899
7.05488
7.80238
8.46168
9.02451
9.50189
6.62186
6.52292
6.39603
5.63654
5.09918
4.98986
4.70613
4.25656
4.03495
4
4.11948
4.33684
4.62306
5.06124
5.71982
6.59326
7.59787
8.52284
9.19696
9.64898
8.61037
7.75214
7.16147
6.46691
5.71196
5.12708
4.92082
5.4915
6.71696
6.57279
6.07809
6.18127
6.3425
6.7324
7.21527
7.63028
8.26766
9.11576
9.80847
9.95913
17.9697
15.1277
12.3028
9.74359
8.30622
7.89148
7.47211
6.81897
6.06624
5.68904
5.95382
7.81652
12.5226
20.0138
24.4645
22.1151
17.2412
13.6922
12.0077
10.725
351.834
137.763
59.2615
25.9901
18.9373
35.9026
48.4715
70.2386
142.718
157.02
161.729
172.063
177.019
183.442
189.273
146.118
61.6299
30.5545
17.9713
12.0628
)
;
    }
}


// ************************************************************************* //
