/*--------------------------------*- C++ -*----------------------------------*\
| =========                 |                                                 |
| \\      /  F ield         | OpenFOAM: The Open Source CFD Toolbox           |
|  \\    /   O peration     | Version:  2412                                  |
|   \\  /    A nd           | Website:  www.openfoam.com                      |
|    \\/     M anipulation  |                                                 |
\*---------------------------------------------------------------------------*/
FoamFile
{
    version     2.0;
    format      ascii;
    arch        "LSB;label=32;scalar=64";
    class       volScalarField;
    location    "0.93";
    object      p;
}
// * * * * * * * * * * * * * * * * * * * * * * * * * * * * * * * * * * * * * //

dimensions      [1 -1 -2 0 0 0 0];

internalField   nonuniform List<scalar> 
1000
(
7.48175
5.26194
5.79629
5.61424
5.6884
5.68839
5.61418
5.79625
5.26193
7.48208
5.26195
5.42534
5.55315
5.65149
5.72609
5.72607
5.65143
5.55315
5.42532
5.26193
5.79629
5.55315
5.71446
5.661
5.65781
5.65781
5.66102
5.71446
5.55308
5.79625
5.61424
5.65149
5.661
5.80439
5.72751
5.7275
5.8044
5.66098
5.65146
5.61421
5.6884
5.72608
5.65781
5.72751
5.72167
5.72167
5.72751
5.65779
5.72605
5.68838
5.68839
5.72606
5.65781
5.72749
5.72166
5.72165
5.72749
5.65779
5.72603
5.68837
5.61416
5.65141
5.66103
5.8044
5.72751
5.7275
5.8044
5.66102
5.65139
5.61414
5.79624
5.55315
5.71447
5.66096
5.65777
5.65778
5.66099
5.71446
5.55309
5.79622
5.26192
5.42532
5.55306
5.65145
5.72605
5.72603
5.65141
5.55307
5.4253
5.26191
7.48219
5.26193
5.79625
5.6142
5.68837
5.68837
5.61416
5.79623
5.26192
7.48232
6.60081
4.89091
5.52775
5.3224
5.37821
5.3782
5.32238
5.52775
4.89091
6.60097
4.89091
5.03458
5.16972
5.29606
5.38279
5.38279
5.29601
5.16974
5.03457
4.89091
5.52775
5.16972
5.40473
5.30716
5.32599
5.32599
5.30722
5.40477
5.16967
5.52774
5.32239
5.29605
5.30716
5.4434
5.3756
5.37559
5.44341
5.30716
5.29603
5.32238
5.37821
5.38279
5.32599
5.3756
5.38029
5.38029
5.3756
5.32597
5.38278
5.37819
5.37819
5.38279
5.32599
5.37558
5.38028
5.38028
5.37559
5.32598
5.38278
5.37818
5.32237
5.29599
5.30725
5.44341
5.3756
5.3756
5.44342
5.30725
5.29598
5.32236
5.52774
5.16975
5.4048
5.30715
5.32596
5.32597
5.30721
5.40482
5.1697
5.52774
4.89091
5.03457
5.16966
5.29603
5.38277
5.38277
5.29599
5.16968
5.03456
4.89092
6.60102
4.89092
5.52774
5.32238
5.37818
5.37817
5.32237
5.52775
4.89093
6.60114
6.04952
4.55219
5.30247
5.04924
5.09618
5.09617
5.04922
5.30245
4.5522
6.04953
4.55219
4.74467
4.81477
4.96828
5.06256
5.06259
4.96826
4.8148
4.74467
4.5522
5.30247
4.81478
5.08325
4.94513
5.01405
5.01404
4.94517
5.08328
4.81474
5.30246
5.04923
4.96828
4.94512
5.05314
5.02981
5.02981
5.05315
4.94512
4.96827
5.04922
5.09619
5.06256
5.01405
5.02981
5.04793
5.04793
5.02981
5.01403
5.06258
5.09617
5.09617
5.0626
5.01404
5.0298
5.04793
5.04792
5.02981
5.01404
5.06261
5.09616
5.04922
4.96825
4.94519
5.05315
5.02981
5.02981
5.05315
4.94519
4.96825
5.04921
5.30245
4.81482
5.0833
4.94511
5.01402
5.01403
4.94516
5.08334
4.81478
5.30246
4.5522
4.74467
4.81473
4.96827
5.06257
5.06259
4.96825
4.81476
4.74466
4.55221
6.04953
4.55221
5.30246
5.04922
5.09617
5.09616
5.04921
5.30246
4.55221
6.04958
6.68661
4.24753
5.07232
4.78759
4.81702
4.81702
4.78758
5.07231
4.24755
6.68707
4.24753
4.47994
4.47065
4.67602
4.75531
4.75534
4.67599
4.47069
4.47996
4.24755
5.07232
4.47067
4.72183
4.57494
4.70532
4.70531
4.57496
4.72185
4.47065
5.07233
4.78758
4.67602
4.57494
4.67618
4.7024
4.7024
4.67616
4.57492
4.67601
4.78758
4.81702
4.75531
4.70532
4.7024
4.73503
4.73503
4.7024
4.7053
4.75532
4.81702
4.81702
4.75534
4.70531
4.70239
4.73502
4.73502
4.70239
4.70531
4.75535
4.81702
4.78758
4.67599
4.57497
4.67616
4.7024
4.70239
4.67615
4.57496
4.67599
4.78758
5.07231
4.4707
4.72185
4.57491
4.70529
4.7053
4.57493
4.72189
4.47069
5.07233
4.24755
4.47996
4.47063
4.67601
4.75532
4.75534
4.67599
4.47066
4.47996
4.24757
6.68718
4.24757
5.07234
4.78758
4.81701
4.81702
4.78758
5.07234
4.24757
6.68733
7.29418
3.81103
4.80346
4.50296
4.53031
4.53032
4.50295
4.80345
3.81105
7.2933
3.81102
4.15027
4.10437
4.37785
4.44333
4.44335
4.37782
4.10438
4.1503
3.81103
4.80347
4.10439
4.33385
4.22165
4.39956
4.39956
4.22164
4.33386
4.10439
4.80346
4.50296
4.37786
4.22165
4.34043
4.39122
4.39122
4.34039
4.22162
4.37785
4.50295
4.53031
4.44333
4.39956
4.39122
4.43041
4.43041
4.39122
4.39955
4.44333
4.53031
4.53032
4.44335
4.39956
4.39122
4.43041
4.4304
4.39121
4.39955
4.44335
4.53032
4.50295
4.37782
4.22164
4.34037
4.39121
4.39121
4.34036
4.22162
4.37781
4.50294
4.80345
4.1044
4.33386
4.2216
4.39954
4.39954
4.22161
4.33389
4.1044
4.80346
3.81105
4.1503
4.10436
4.37784
4.44332
4.44334
4.37782
4.10438
4.1503
3.81105
7.29316
3.81103
4.80345
4.50295
4.5303
4.53031
4.50294
4.80345
3.81104
7.29296
5.61449
3.3406
4.38293
4.22773
4.21156
4.21156
4.22774
4.38294
3.34058
5.61406
3.3406
3.79022
3.77559
4.11203
4.12884
4.12885
4.11201
3.77557
3.79025
3.34058
4.38293
3.77561
3.93888
3.91337
4.10897
4.10897
3.91334
3.93889
3.77562
4.38293
4.22773
4.11204
3.91337
4.04835
4.09184
4.09184
4.0483
3.91334
4.11203
4.22772
4.21156
4.12884
4.10897
4.09184
4.13611
4.13611
4.09183
4.10896
4.12883
4.21155
4.21156
4.12885
4.10896
4.09184
4.13611
4.13611
4.09183
4.10895
4.12884
4.21156
4.22775
4.112
3.91334
4.04829
4.09183
4.09183
4.04827
3.91332
4.112
4.22774
4.38295
3.77558
3.93889
3.91333
4.10895
4.10895
3.91331
3.9389
3.77559
4.38295
3.34056
3.79025
3.7756
4.11202
4.12883
4.12883
4.112
3.77558
3.79026
3.34052
5.61397
3.34056
4.38291
4.22771
4.21154
4.21155
4.22772
4.38293
3.34052
5.61382
4.86531
3.1372
3.98259
3.9469
3.90528
3.90528
3.94692
3.98263
3.13717
4.86541
3.1372
3.44974
3.51847
3.82619
3.82414
3.82414
3.82617
3.51844
3.44977
3.13719
3.98258
3.5185
3.69619
3.65303
3.84777
3.84776
3.65298
3.69617
3.5185
3.98258
3.94689
3.82618
3.65304
3.77385
3.80372
3.80372
3.77382
3.65301
3.82617
3.94689
3.90528
3.82414
3.84777
3.80372
3.8502
3.8502
3.80371
3.84776
3.82412
3.90528
3.90528
3.82414
3.84776
3.80372
3.8502
3.8502
3.80371
3.84774
3.82413
3.90528
3.94694
3.82617
3.65297
3.7738
3.80371
3.80371
3.77379
3.65295
3.82615
3.94693
3.98264
3.51843
3.69616
3.653
3.84775
3.84774
3.65296
3.69612
3.51845
3.98262
3.13716
3.44977
3.51849
3.82616
3.82412
3.82412
3.82616
3.51846
3.44978
3.13713
4.86542
3.13718
3.98256
3.94688
3.90527
3.90527
3.9469
3.98259
3.13714
4.8654
5.61329
2.99443
3.66868
3.61315
3.60891
3.60891
3.61317
3.66872
2.9944
5.61335
2.99443
3.11227
3.28952
3.50229
3.53258
3.53258
3.50226
3.28949
3.11228
2.99442
3.66867
3.28953
3.59437
3.42237
3.59962
3.59962
3.42232
3.59435
3.28955
3.66867
3.61315
3.50229
3.42237
3.48636
3.52156
3.52155
3.48634
3.42236
3.50226
3.61314
3.60891
3.53258
3.59961
3.52156
3.56798
3.56798
3.52155
3.59961
3.53256
3.6089
3.60891
3.53258
3.59961
3.52155
3.56798
3.56798
3.52154
3.5996
3.53256
3.6089
3.61318
3.50225
3.42229
3.48633
3.52154
3.52154
3.48632
3.42228
3.50223
3.61317
3.66874
3.28948
3.59433
3.42235
3.59961
3.5996
3.4223
3.59427
3.28949
3.66872
2.99438
3.11228
3.28955
3.50226
3.53256
3.53256
3.50224
3.28951
3.11228
2.99436
5.61335
2.99441
3.66865
3.61312
3.60889
3.60889
3.61314
3.66868
2.99437
5.61335
6.26349
2.74869
3.39744
3.2442
3.30739
3.3074
3.24419
3.39748
2.74868
6.26337
2.7487
2.74295
3.06333
3.19826
3.24498
3.24498
3.19823
3.06332
2.74295
2.74869
3.39743
3.06334
3.40168
3.19088
3.33702
3.33703
3.19085
3.40169
3.06334
3.39743
3.24421
3.19826
3.19088
3.19916
3.24
3.24
3.19915
3.19087
3.19824
3.24419
3.30739
3.24498
3.33702
3.24
3.28489
3.28489
3.23999
3.33702
3.24497
3.30739
3.3074
3.24498
3.33703
3.23999
3.28489
3.28489
3.23999
3.33702
3.24497
3.30739
3.24418
3.19822
3.19084
3.19914
3.23998
3.23998
3.19914
3.19083
3.1982
3.24417
3.39749
3.06331
3.40168
3.19087
3.33702
3.33702
3.19084
3.40166
3.06331
3.39748
2.74867
2.74294
3.06334
3.19823
3.24496
3.24496
3.19821
3.06332
2.74294
2.74866
6.26335
2.74868
3.39742
3.24417
3.30737
3.30738
3.24416
3.39745
2.74866
6.26326
4.17161
2.43113
3.04684
2.9286
3.00329
3.00329
2.92855
3.04686
2.43112
4.1716
2.43114
2.43034
2.83152
2.90817
2.95803
2.95804
2.90815
2.83152
2.43032
2.43114
3.04683
2.83153
3.06204
2.93926
3.05295
3.05296
2.93925
3.06205
2.83152
3.04683
2.9286
2.90817
2.93926
2.91416
2.95733
2.95733
2.91415
2.93925
2.90816
2.92859
3.00329
2.95803
3.05295
2.95733
2.99882
2.99882
2.95732
3.05295
2.95803
3.00328
3.0033
2.95804
3.05296
2.95733
2.99882
2.99882
2.95732
3.05296
2.95803
3.00329
2.92853
2.90814
2.93925
2.91415
2.95732
2.95732
2.91415
2.93924
2.90813
2.92852
3.04686
2.83153
3.06205
2.93925
3.05295
3.05295
2.93923
3.06205
2.83152
3.04686
2.43112
2.4303
2.83152
2.90815
2.95802
2.95803
2.90813
2.83151
2.43029
2.43112
4.1716
2.43113
3.04683
2.92858
3.00327
3.00328
2.92854
3.04684
2.43113
4.17161
)
;

boundaryField
{
    bottom
    {
        type            calculated;
        value           nonuniform List<scalar> 0();
    }
    atmosphere
    {
        type            calculated;
        value           nonuniform List<scalar> 0();
    }
    walls
    {
        type            calculated;
        value           nonuniform List<scalar> 
400
(
7.48175
5.26195
5.79629
5.61424
5.6884
5.68839
5.61416
5.79624
5.26192
7.48219
6.60081
4.89091
5.52775
5.32239
5.37821
5.37819
5.32237
5.52774
4.89091
6.60102
6.04952
4.55219
5.30247
5.04923
5.09619
5.09617
5.04922
5.30245
4.5522
6.04953
6.68661
4.24753
5.07232
4.78758
4.81702
4.81702
4.78758
5.07231
4.24755
6.68718
7.29418
3.81102
4.80347
4.50296
4.53031
4.53032
4.50295
4.80345
3.81105
7.29316
5.61449
3.3406
4.38293
4.22773
4.21156
4.21156
4.22775
4.38295
3.34056
5.61397
4.86531
3.1372
3.98258
3.94689
3.90528
3.90528
3.94694
3.98264
3.13716
4.86542
5.61329
2.99443
3.66867
3.61315
3.60891
3.60891
3.61318
3.66874
2.99438
5.61335
6.26349
2.7487
3.39743
3.24421
3.30739
3.3074
3.24418
3.39749
2.74867
6.26335
4.17161
2.43114
3.04683
2.9286
3.00329
3.0033
2.92853
3.04686
2.43112
4.1716
7.48208
5.26193
5.79625
5.61421
5.68838
5.68837
5.61414
5.79622
5.26191
7.48232
6.60097
4.89091
5.52774
5.32238
5.37819
5.37818
5.32236
5.52774
4.89092
6.60114
6.04953
4.5522
5.30246
5.04922
5.09617
5.09616
5.04921
5.30246
4.55221
6.04958
6.68707
4.24755
5.07233
4.78758
4.81702
4.81702
4.78758
5.07233
4.24757
6.68733
7.2933
3.81103
4.80346
4.50295
4.53031
4.53032
4.50294
4.80346
3.81105
7.29296
5.61406
3.34058
4.38293
4.22772
4.21155
4.21156
4.22774
4.38295
3.34052
5.61382
4.86541
3.13719
3.98258
3.94689
3.90528
3.90528
3.94693
3.98262
3.13713
4.8654
5.61335
2.99442
3.66867
3.61314
3.6089
3.6089
3.61317
3.66872
2.99436
5.61335
6.26337
2.74869
3.39743
3.24419
3.30739
3.30739
3.24417
3.39748
2.74866
6.26326
4.1716
2.43114
3.04683
2.92859
3.00328
3.00329
2.92852
3.04686
2.43112
4.17161
7.48175
6.60081
6.04952
6.68661
7.29418
5.61449
4.86531
5.61329
6.26349
4.17161
5.26194
4.89091
4.55219
4.24753
3.81103
3.3406
3.1372
2.99443
2.74869
2.43113
5.79629
5.52775
5.30247
5.07232
4.80346
4.38293
3.98259
3.66868
3.39744
3.04684
5.61424
5.3224
5.04924
4.78759
4.50296
4.22773
3.9469
3.61315
3.2442
2.9286
5.6884
5.37821
5.09618
4.81702
4.53031
4.21156
3.90528
3.60891
3.30739
3.00329
5.68839
5.3782
5.09617
4.81702
4.53032
4.21156
3.90528
3.60891
3.3074
3.00329
5.61418
5.32238
5.04922
4.78758
4.50295
4.22774
3.94692
3.61317
3.24419
2.92855
5.79625
5.52775
5.30245
5.07231
4.80345
4.38294
3.98263
3.66872
3.39748
3.04686
5.26193
4.89091
4.5522
4.24755
3.81105
3.34058
3.13717
2.9944
2.74868
2.43112
7.48208
6.60097
6.04953
6.68707
7.2933
5.61406
4.86541
5.61335
6.26337
4.1716
7.48219
6.60102
6.04953
6.68718
7.29316
5.61397
4.86542
5.61335
6.26335
4.1716
5.26193
4.89092
4.55221
4.24757
3.81103
3.34056
3.13718
2.99441
2.74868
2.43113
5.79625
5.52774
5.30246
5.07234
4.80345
4.38291
3.98256
3.66865
3.39742
3.04683
5.6142
5.32238
5.04922
4.78758
4.50295
4.22771
3.94688
3.61312
3.24417
2.92858
5.68837
5.37818
5.09617
4.81701
4.5303
4.21154
3.90527
3.60889
3.30737
3.00327
5.68837
5.37817
5.09616
4.81702
4.53031
4.21155
3.90527
3.60889
3.30738
3.00328
5.61416
5.32237
5.04921
4.78758
4.50294
4.22772
3.9469
3.61314
3.24416
2.92854
5.79623
5.52775
5.30246
5.07234
4.80345
4.38293
3.98259
3.66868
3.39745
3.04684
5.26192
4.89093
4.55221
4.24757
3.81104
3.34052
3.13714
2.99437
2.74866
2.43113
7.48232
6.60114
6.04958
6.68733
7.29296
5.61382
4.8654
5.61335
6.26326
4.17161
)
;
    }
    procBoundary0to1
    {
        type            processor;
        value           nonuniform List<scalar> 
100
(
3.56009
2.18085
2.75591
2.67654
2.71523
2.71523
2.67649
2.75592
2.18084
3.56012
2.18086
2.15328
2.57832
2.61721
2.6714
2.6714
2.6172
2.57833
2.15327
2.18085
2.7559
2.57832
2.73606
2.66626
2.76695
2.76696
2.66625
2.73605
2.57832
2.75591
2.67654
2.61721
2.66625
2.62728
2.67081
2.67081
2.62728
2.66624
2.6172
2.67654
2.71523
2.6714
2.76695
2.67081
2.7114
2.71141
2.67081
2.76695
2.67139
2.71522
2.71523
2.6714
2.76696
2.67081
2.71141
2.71141
2.67081
2.76696
2.67139
2.71523
2.67647
2.61719
2.66625
2.62728
2.67081
2.67081
2.62728
2.66624
2.61718
2.67647
2.75591
2.57833
2.73605
2.66622
2.76695
2.76695
2.66622
2.73604
2.57833
2.75591
2.18083
2.15327
2.57832
2.6172
2.67139
2.67139
2.61719
2.57832
2.15326
2.18083
3.56013
2.18085
2.75591
2.67654
2.71522
2.71522
2.67649
2.75591
2.18084
3.56014
)
;
    }
    procBoundary0to2
    {
        type            processor;
        value           nonuniform List<scalar> 
100
(
7.40116
5.63725
6.11735
5.93465
6.01812
6.01813
5.93462
6.1173
5.63723
7.40081
5.63726
5.84577
5.94355
6.01021
6.0719
6.07189
6.01015
5.94354
5.84573
5.63722
6.11735
5.94355
6.06422
6.00529
6.01037
6.01038
6.00528
6.0642
5.94347
6.11729
5.93464
6.01022
6.0053
6.143
6.07323
6.07321
6.14302
6.00526
6.01019
5.93462
6.01812
6.07189
6.01037
6.07323
6.06009
6.06008
6.07322
6.01033
6.07187
6.01811
6.01814
6.07188
6.01038
6.07321
6.06007
6.06006
6.07321
6.01035
6.07186
6.01812
5.9346
6.01014
6.00529
6.14302
6.07322
6.07321
6.14303
6.00526
6.01013
5.93458
6.11728
5.94353
6.06419
6.00524
6.01031
6.01033
6.00524
6.06416
5.94346
6.11724
5.63723
5.84572
5.94344
6.01019
6.07187
6.07186
6.01014
5.94344
5.84569
5.6372
7.40072
5.63721
6.11728
5.93461
6.0181
6.01811
5.93459
6.11726
5.63721
7.40055
)
;
    }
}


// ************************************************************************* //
