/*--------------------------------*- C++ -*----------------------------------*\
| =========                 |                                                 |
| \\      /  F ield         | OpenFOAM: The Open Source CFD Toolbox           |
|  \\    /   O peration     | Version:  2412                                  |
|   \\  /    A nd           | Website:  www.openfoam.com                      |
|    \\/     M anipulation  |                                                 |
\*---------------------------------------------------------------------------*/
FoamFile
{
    version     2.0;
    format      ascii;
    arch        "LSB;label=32;scalar=64";
    class       volScalarField;
    location    "0.33";
    object      p;
}
// * * * * * * * * * * * * * * * * * * * * * * * * * * * * * * * * * * * * * //

dimensions      [1 -1 -2 0 0 0 0];

internalField   nonuniform List<scalar> 
4000
(
15.1093
15.1723
15.2869
15.4184
15.5264
15.5264
15.4184
15.2869
15.1723
15.1093
15.1723
15.2493
15.3907
15.5598
15.707
15.707
15.5598
15.3907
15.2493
15.1723
15.2869
15.3907
15.5866
15.8345
16.068
16.068
15.8345
15.5866
15.3907
15.2869
15.4184
15.5598
15.8345
16.2122
16.6096
16.6096
16.2122
15.8345
15.5598
15.4184
15.5264
15.707
16.068
16.6096
17.2221
17.2221
16.6097
16.068
15.707
15.5265
15.5264
15.707
16.068
16.6096
17.2221
17.2221
16.6096
16.068
15.707
15.5264
15.4184
15.5598
15.8345
16.2122
16.6096
16.6096
16.2122
15.8345
15.5598
15.4184
15.2869
15.3907
15.5866
15.8345
16.068
16.068
15.8345
15.5866
15.3907
15.2869
15.1723
15.2493
15.3907
15.5598
15.707
15.707
15.5598
15.3907
15.2493
15.1723
15.1093
15.1723
15.2869
15.4184
15.5264
15.5264
15.4184
15.2869
15.1723
15.1093
14.8325
14.8954
15.0109
15.1446
15.2558
15.2558
15.1446
15.0109
14.8954
14.8325
14.8954
14.9732
15.1164
15.2906
15.4464
15.4464
15.2906
15.1164
14.9732
14.8954
15.0109
15.1164
15.3161
15.5761
15.8278
15.8278
15.5761
15.3161
15.1164
15.0109
15.1446
15.2906
15.5761
15.9842
16.4353
16.4353
15.9842
15.5761
15.2906
15.1446
15.2558
15.4464
15.8278
16.4353
17.1638
17.1638
16.4353
15.8278
15.4464
15.2558
15.2558
15.4464
15.8278
16.4353
17.1638
17.1638
16.4353
15.8278
15.4464
15.2558
15.1446
15.2906
15.5761
15.9842
16.4353
16.4353
15.9842
15.5761
15.2906
15.1446
15.0109
15.1164
15.3161
15.5761
15.8278
15.8278
15.5761
15.3161
15.1164
15.0109
14.8954
14.9732
15.1164
15.2906
15.4464
15.4464
15.2906
15.1164
14.9732
14.8954
14.8325
14.8954
15.0109
15.1446
15.2558
15.2558
15.1446
15.0109
14.8954
14.8325
14.5213
14.5848
14.7017
14.8394
14.9571
14.9571
14.8394
14.7017
14.5848
14.5213
14.5848
14.6645
14.8111
14.9949
15.1659
15.1659
14.9949
14.8111
14.6645
14.5848
14.7017
14.8111
15.0186
15.3005
15.5839
15.5839
15.3005
15.0186
14.8111
14.7017
14.8394
14.9949
15.3005
15.7675
16.3291
16.3291
15.7675
15.3005
14.9949
14.8394
14.9571
15.1659
15.5839
16.3291
17.3089
17.3089
16.3291
15.584
15.1659
14.9571
14.9571
15.1659
15.5839
16.3291
17.3089
17.3089
16.3291
15.584
15.1659
14.9571
14.8394
14.9949
15.3005
15.7675
16.3291
16.3291
15.7675
15.3005
14.9949
14.8394
14.7017
14.8111
15.0186
15.3005
15.584
15.584
15.3005
15.0186
14.8111
14.7017
14.5848
14.6645
14.8111
14.9949
15.1659
15.1659
14.9949
14.8111
14.6645
14.5848
14.5213
14.5848
14.7017
14.8394
14.9571
14.9571
14.8394
14.7017
14.5848
14.5212
14.1775
14.241
14.3587
14.5001
14.6252
14.6252
14.5001
14.3587
14.241
14.1775
14.241
14.3219
14.4711
14.6659
14.8568
14.8568
14.6659
14.4711
14.3219
14.241
14.3587
14.4711
14.685
14.9918
15.314
15.314
14.9918
14.685
14.4711
14.3587
14.5001
14.6659
14.9918
15.5427
16.2753
16.2753
15.5428
14.9918
14.6659
14.5001
14.6252
14.8568
15.314
16.2753
17.683
17.683
16.2753
15.314
14.8568
14.6252
14.6252
14.8568
15.314
16.2753
17.683
17.6829
16.2753
15.314
14.8568
14.6252
14.5001
14.6659
14.9918
15.5428
16.2753
16.2753
15.5428
14.9918
14.6659
14.5001
14.3587
14.4711
14.685
14.9918
15.314
15.314
14.9918
14.685
14.4711
14.3587
14.241
14.3219
14.4711
14.6659
14.8568
14.8568
14.6659
14.4711
14.3219
14.241
14.1775
14.241
14.3587
14.5001
14.6252
14.6252
14.5001
14.3587
14.241
14.1775
13.7997
13.8624
13.9791
14.122
14.2527
14.2527
14.122
13.9791
13.8624
13.7997
13.8624
13.9427
14.0916
14.295
14.5047
14.5047
14.295
14.0916
13.9427
13.8624
13.9791
14.0916
14.3053
14.6291
14.9729
14.9729
14.6291
14.3053
14.0916
13.9791
14.122
14.295
14.6291
15.2702
16.1922
16.1922
15.2702
14.6291
14.295
14.122
14.2527
14.5047
14.9729
16.1922
18.2171
18.2171
16.1923
14.9729
14.5047
14.2527
14.2527
14.5047
14.9729
16.1922
18.2171
18.2171
16.1923
14.9729
14.5047
14.2527
14.122
14.295
14.6291
15.2702
16.1923
16.1923
15.2702
14.6291
14.295
14.122
13.9791
14.0916
14.3053
14.6291
14.9729
14.9729
14.6291
14.3053
14.0916
13.9791
13.8624
13.9427
14.0916
14.295
14.5047
14.5047
14.295
14.0916
13.9427
13.8624
13.7997
13.8624
13.9791
14.122
14.2527
14.2527
14.122
13.9791
13.8624
13.7997
13.3873
13.4476
13.5606
13.7007
13.8316
13.8316
13.7007
13.5606
13.4476
13.3873
13.4476
13.525
13.6673
13.8714
14.0841
14.0841
13.8714
13.6673
13.525
13.4476
13.5606
13.6673
13.8682
14.1797
14.464
14.464
14.1797
13.8682
13.6673
13.5606
13.7007
13.8714
14.1797
14.8504
15.8506
15.8506
14.8504
14.1797
13.8714
13.7007
13.8316
14.0841
14.464
15.8506
18.3468
18.3468
15.8507
14.464
14.0841
13.8316
13.8316
14.0841
14.464
15.8506
18.3468
18.3468
15.8507
14.464
14.0841
13.8316
13.7007
13.8714
14.1797
14.8504
15.8507
15.8507
14.8504
14.1797
13.8714
13.7007
13.5606
13.6673
13.8682
14.1797
14.464
14.464
14.1797
13.8682
13.6673
13.5606
13.4476
13.525
13.6673
13.8714
14.0841
14.0841
13.8714
13.6673
13.525
13.4476
13.3873
13.4476
13.5606
13.7007
13.8316
13.8316
13.7007
13.5606
13.4476
13.3873
12.9408
12.9969
13.1031
13.2334
13.3567
13.3567
13.2334
13.1031
12.9969
12.9408
12.9969
13.0677
13.1952
13.3862
13.5504
13.5504
13.3862
13.1952
13.0677
12.9969
13.1031
13.1952
13.3687
13.6018
13.7083
13.7083
13.6018
13.3687
13.1952
13.103
13.2334
13.3862
13.6018
14.1537
15.0961
15.0961
14.1537
13.6018
13.3862
13.2334
13.3567
13.5504
13.7083
15.0961
16.2613
16.2614
15.0962
13.7083
13.5504
13.3567
13.3567
13.5504
13.7083
15.0961
16.2614
16.2614
15.0962
13.7083
13.5504
13.3567
13.2334
13.3862
13.6018
14.1537
15.0962
15.0962
14.1537
13.6018
13.3862
13.2334
13.103
13.1952
13.3687
13.6018
13.7083
13.7083
13.6018
13.3687
13.1952
13.103
12.9969
13.0677
13.1952
13.3862
13.5504
13.5504
13.3862
13.1952
13.0677
12.9969
12.9408
12.9969
13.103
13.2334
13.3567
13.3567
13.2334
13.103
12.9969
12.9408
12.4613
12.5116
12.609
12.7227
12.836
12.836
12.7227
12.609
12.5116
12.4613
12.5116
12.5723
12.6777
12.838
12.8994
12.8994
12.838
12.6777
12.5723
12.5116
12.609
12.6777
12.8177
12.8757
12.7419
12.7419
12.8757
12.8176
12.6777
12.609
12.7227
12.838
12.8757
13.1622
13.6488
13.6488
13.1622
12.8757
12.838
12.7227
12.836
12.8994
12.7419
13.6488
12.5795
12.5795
13.6489
12.7418
12.8994
12.836
12.836
12.8994
12.7419
13.6488
12.5795
12.5796
13.6489
12.7418
12.8994
12.836
12.7227
12.838
12.8757
13.1622
13.6489
13.6489
13.1622
12.8757
12.838
12.7227
12.609
12.6777
12.8176
12.8757
12.7418
12.7418
12.8757
12.8176
12.6777
12.609
12.5116
12.5723
12.6777
12.838
12.8994
12.8994
12.838
12.6777
12.5723
12.5116
12.4613
12.5116
12.609
12.7227
12.836
12.836
12.7227
12.609
12.5116
12.4612
11.9506
11.9946
12.0843
12.1773
12.2792
12.2792
12.1773
12.0843
11.9946
11.9506
11.9946
12.0433
12.1252
12.2368
12.193
12.193
12.2368
12.1251
12.0433
11.9946
12.0843
12.1251
12.2212
12.113
11.8839
11.8839
12.1129
12.2212
12.1251
12.0843
12.1773
12.2368
12.113
12.0512
11.7955
11.7955
12.0511
12.1129
12.2368
12.1773
12.2792
12.193
11.8839
11.7955
11.0405
11.0405
11.7952
11.8838
12.1929
12.2791
12.2792
12.193
11.8839
11.7955
11.0405
11.0405
11.7952
11.8838
12.1929
12.2791
12.1773
12.2368
12.1129
12.0511
11.7952
11.7952
12.051
12.1129
12.2368
12.1773
12.0843
12.1251
12.2212
12.1129
11.8838
11.8838
12.1129
12.2212
12.1251
12.0843
11.9946
12.0433
12.1251
12.2368
12.1929
12.1929
12.2368
12.1251
12.0433
11.9946
11.9506
11.9946
12.0843
12.1773
12.2791
12.2791
12.1773
12.0843
11.9946
11.9506
11.411
11.4494
11.5369
11.6112
11.7164
11.7164
11.6112
11.5368
11.4494
11.411
11.4494
11.4874
11.5563
11.6112
11.5589
11.5589
11.6112
11.5563
11.4874
11.4494
11.5369
11.5563
11.6268
11.4304
11.2504
11.2504
11.4304
11.6268
11.5563
11.5368
11.6112
11.6112
11.4304
11.0953
10.7225
10.7226
11.0953
11.4304
11.6112
11.6112
11.7164
11.5589
11.2504
10.7225
11.5275
11.5277
10.722
11.2503
11.5589
11.7164
11.7164
11.5589
11.2504
10.7226
11.5277
11.5279
10.722
11.2503
11.5589
11.7164
11.6112
11.6112
11.4304
11.0953
10.722
10.722
11.0952
11.4304
11.6112
11.6112
11.5368
11.5563
11.6268
11.4304
11.2503
11.2503
11.4304
11.6268
11.5563
11.5368
11.4494
11.4874
11.5563
11.6112
11.5589
11.5589
11.6112
11.5563
11.4874
11.4494
11.411
11.4494
11.5368
11.6112
11.7164
11.7164
11.6112
11.5368
11.4494
11.411
10.844
10.8786
10.9731
11.0355
11.1605
11.1605
11.0355
10.9731
10.8786
10.844
10.8786
10.9097
10.987
10.9932
11.0338
11.0338
10.9932
10.987
10.9097
10.8786
10.9731
10.987
11.0705
10.8729
10.8453
10.8453
10.8729
11.0705
10.987
10.9731
11.0355
10.9932
10.8729
10.3284
10.2901
10.2901
10.3284
10.8729
10.9932
11.0355
11.1605
11.0338
10.8453
10.2901
11.8457
11.8458
10.2899
10.8453
11.0338
11.1605
11.1605
11.0338
10.8453
10.2901
11.8458
11.8458
10.2899
10.8452
11.0338
11.1605
11.0355
10.9932
10.8729
10.3284
10.2899
10.2899
10.3284
10.8729
10.9932
11.0355
10.9731
10.987
11.0705
10.8729
10.8453
10.8452
10.8729
11.0705
10.987
10.9731
10.8786
10.9097
10.987
10.9932
11.0338
11.0338
10.9932
10.987
10.9097
10.8786
10.844
10.8786
10.9731
11.0355
11.1605
11.1605
11.0355
10.9731
10.8786
10.844
10.2495
10.2825
10.3942
10.4534
10.6179
10.6179
10.4534
10.3942
10.2825
10.2495
10.2825
10.3107
10.4195
10.387
10.5697
10.5697
10.387
10.4195
10.3107
10.2825
10.3942
10.4195
10.5724
10.4391
10.704
10.704
10.4391
10.5724
10.4195
10.3942
10.4534
10.387
10.4391
9.62114
9.75533
9.75532
9.62113
10.4391
10.387
10.4534
10.6179
10.5697
10.704
9.75533
7.27953
7.2795
9.75521
10.704
10.5697
10.6179
10.6179
10.5697
10.704
9.75532
7.27949
7.27942
9.7552
10.704
10.5697
10.6179
10.4534
10.387
10.4391
9.62113
9.75521
9.7552
9.62112
10.4391
10.387
10.4534
10.3942
10.4195
10.5724
10.4391
10.704
10.704
10.4391
10.5724
10.4195
10.3942
10.2825
10.3107
10.4195
10.387
10.5697
10.5697
10.387
10.4195
10.3107
10.2825
10.2495
10.2825
10.3942
10.4534
10.6179
10.6179
10.4534
10.3942
10.2825
10.2495
9.62564
9.65819
9.79465
9.85813
10.0873
10.0873
9.85813
9.79465
9.65818
9.62564
9.65819
9.68608
9.84557
9.7852
10.1568
10.1568
9.78519
9.84556
9.68607
9.65818
9.79465
9.84556
10.119
10.1071
10.8257
10.8257
10.1071
10.119
9.84556
9.79465
9.85813
9.7852
10.1071
8.8943
9.43827
9.43826
8.89429
10.1071
9.78519
9.85812
10.0873
10.1568
10.8257
9.43827
13.4663
13.4663
9.43822
10.8257
10.1568
10.0872
10.0873
10.1568
10.8257
9.43826
13.4663
13.4663
9.43822
10.8257
10.1568
10.0872
9.85812
9.78519
10.1071
8.89428
9.43822
9.43821
8.89428
10.1071
9.78518
9.85812
9.79465
9.84556
10.119
10.1071
10.8257
10.8257
10.1071
10.119
9.84555
9.79464
9.65818
9.68607
9.84556
9.78519
10.1568
10.1568
9.78518
9.84555
9.68606
9.65818
9.62564
9.65818
9.79464
9.85812
10.0872
10.0872
9.85812
9.79464
9.65818
9.62563
8.96873
8.99986
9.16177
9.2326
9.54469
9.54469
9.2326
9.16176
8.99986
8.96873
8.99986
9.02793
9.24545
9.17011
9.77938
9.77938
9.17011
9.24545
9.02792
8.99986
9.16177
9.24545
9.65921
9.82253
10.9901
10.9901
9.82253
9.65921
9.24545
9.16176
9.2326
9.17011
9.82253
8.1226
9.01566
9.01565
8.12259
9.82253
9.1701
9.23259
9.54469
9.77938
10.9901
9.01566
11.2439
11.2439
9.01565
10.9901
9.77937
9.54468
9.54468
9.77937
10.9901
9.01564
11.2439
11.2439
9.01564
10.9901
9.77937
9.54468
9.2326
9.17011
9.82253
8.12259
9.01565
9.01564
8.12258
9.82253
9.1701
9.23259
9.16176
9.24545
9.65921
9.82253
10.9901
10.9901
9.82253
9.6592
9.24544
9.16176
8.99986
9.02792
9.24545
9.1701
9.77937
9.77937
9.1701
9.24544
9.02791
8.99985
8.96872
8.99986
9.16176
9.23259
9.54468
9.54468
9.23259
9.16176
8.99985
8.96872
8.27479
8.30031
8.47711
8.55023
8.94319
8.94319
8.55023
8.4771
8.3003
8.27479
8.30031
8.3262
8.58834
8.51369
9.45611
9.45611
8.51369
8.58834
8.32619
8.3003
8.4771
8.58834
9.10684
9.4874
11.0388
11.0388
9.4874
9.10684
8.58833
8.4771
8.55023
8.51369
9.4874
7.42972
8.92447
8.92446
7.42972
9.4874
8.51369
8.55022
8.94319
9.45611
11.0388
8.92447
9.95346
9.95346
8.92448
11.0388
9.4561
8.94319
8.94319
9.45611
11.0388
8.92446
9.95346
9.95346
8.92447
11.0388
9.4561
8.94319
8.55023
8.51369
9.4874
7.42972
8.92448
8.92447
7.42972
9.4874
8.51369
8.55022
8.4771
8.58833
9.10684
9.4874
11.0388
11.0388
9.4874
9.10684
8.58833
8.4771
8.3003
8.32619
8.58833
8.51369
9.4561
9.4561
8.51368
8.58833
8.32619
8.3003
8.27478
8.3003
8.4771
8.55022
8.94319
8.94319
8.55022
8.4771
8.3003
8.27478
7.54157
7.55355
7.72096
7.7796
8.22267
8.22267
7.7796
7.72096
7.55355
7.54157
7.55355
7.57092
7.83765
7.77932
9.164
9.164
7.77932
7.83765
7.57091
7.55355
7.72096
7.83765
8.33981
8.86364
10.7099
10.7099
8.86364
8.33981
7.83765
7.72096
7.7796
7.77932
8.86364
6.61579
8.65547
8.65546
6.61581
8.86364
7.77932
7.77959
8.22266
9.164
10.7099
8.65546
6.50365
6.50364
8.65547
10.7099
9.16399
8.22266
8.22266
9.164
10.7099
8.65546
6.50364
6.50363
8.65547
10.7099
9.16399
8.22266
7.77959
7.77932
8.86364
6.6158
8.65547
8.65547
6.61582
8.86364
7.77931
7.77959
7.72096
7.83765
8.3398
8.86364
10.7099
10.7099
8.86364
8.3398
7.83764
7.72095
7.55355
7.57091
7.83765
7.77932
9.16399
9.16399
7.77931
7.83764
7.57091
7.55355
7.54156
7.55355
7.72095
7.77959
8.22266
8.22266
7.77959
7.72095
7.55355
7.54156
6.77142
6.75837
6.87986
6.88894
7.30512
7.30512
6.88894
6.87986
6.75837
6.77142
6.75837
6.7543
6.95348
6.90852
8.66835
8.66836
6.90852
6.95347
6.75429
6.75837
6.87986
6.95348
7.2235
7.73909
8.92766
8.92766
7.73909
7.22349
6.95347
6.87985
6.88894
6.90852
7.73909
5.50263
7.42396
7.42396
5.50264
7.73909
6.90852
6.88893
7.30512
8.66835
8.92765
7.42396
-10.4095
-10.4095
7.42394
8.92765
8.66835
7.30511
7.30512
8.66835
8.92766
7.42396
-10.4095
-10.4095
7.42395
8.92766
8.66835
7.30511
6.88893
6.90852
7.73909
5.50264
7.42394
7.42395
5.50266
7.73909
6.90852
6.88893
6.87985
6.95347
7.22349
7.73909
8.92765
8.92766
7.73909
7.22349
6.95347
6.87985
6.75836
6.75429
6.95347
6.90852
8.66834
8.66835
6.90852
6.95347
6.75429
6.75836
6.77141
6.75836
6.87985
6.88893
7.30511
7.30511
6.88893
6.87985
6.75836
6.77141
5.97429
5.92304
5.95744
5.86353
6.15392
6.15392
5.86353
5.95744
5.92304
5.97428
5.92304
5.8786
5.92636
5.83816
7.58179
7.58179
5.83816
5.92636
5.8786
5.92304
5.95744
5.92636
5.71972
5.94225
5.50463
5.50463
5.94225
5.71972
5.92636
5.95744
5.86353
5.83816
5.94225
4.45587
4.37133
4.37134
4.45588
5.94225
5.83816
5.86352
6.15392
7.58179
5.50463
4.37132
-10.317
-10.3169
4.37132
5.50464
7.58178
6.15391
6.15392
7.58179
5.50463
4.37134
-10.3169
-10.3169
4.37133
5.50464
7.58178
6.15391
5.86352
5.83816
5.94224
4.45588
4.37132
4.37133
4.45589
5.94224
5.83815
5.86352
5.95744
5.92635
5.71972
5.94225
5.50464
5.50464
5.94224
5.71972
5.92635
5.95744
5.92303
5.8786
5.92635
5.83816
7.58178
7.58178
5.83815
5.92635
5.87859
5.92303
5.97428
5.92303
5.95744
5.86352
6.15391
6.15391
5.86352
5.95744
5.92303
5.97428
5.16932
5.06829
4.98322
4.73662
4.82942
4.82942
4.73662
4.98322
5.06829
5.16932
5.06829
4.96183
4.79617
4.52873
5.7444
5.7444
4.52873
4.79617
4.96183
5.06829
4.98322
4.79617
4.004
3.64103
2.52068
2.52068
3.64102
4.004
4.79617
4.98322
4.73662
4.52873
3.64103
3.38509
3.09696
3.09698
3.3851
3.64103
4.52873
4.73662
4.82941
5.7444
2.52068
3.09696
49.7211
49.7211
3.09694
2.52066
5.74438
4.82941
4.82941
5.74439
2.52068
3.09698
49.7211
49.7211
3.09696
2.52066
5.74438
4.82941
4.73662
4.52873
3.64102
3.3851
3.09694
3.09696
3.38511
3.64102
4.52872
4.73662
4.98322
4.79617
4.004
3.64103
2.52066
2.52066
3.64102
4.004
4.79617
4.98321
5.06829
4.96183
4.79617
4.52873
5.74438
5.74438
4.52872
4.79617
4.96183
5.06829
5.16932
5.06829
4.98322
4.73662
4.82941
4.82941
4.73662
4.98321
5.06829
5.16931
4.38416
4.22707
4.01427
3.58944
3.46329
3.46329
3.58944
4.01427
4.22707
4.38416
4.22707
4.04258
3.64148
3.03945
3.26651
3.26651
3.03944
3.64147
4.04257
4.22707
4.01427
3.64148
2.41589
1.21166
0.77453
0.774526
1.21164
2.41589
3.64147
4.01427
3.58944
3.03945
1.21165
2.17444
4.0049
4.00491
2.17447
1.21165
3.03944
3.58944
3.46329
3.26651
0.774529
4.0049
1.24443
1.24443
4.0049
0.774486
3.26651
3.46329
3.46329
3.26651
0.774524
4.00491
1.24443
1.24443
4.00491
0.774482
3.26651
3.46329
3.58944
3.03944
1.21164
2.17446
4.00489
4.00491
2.17449
1.21163
3.03944
3.58943
4.01427
3.64147
2.41589
1.21165
0.774485
0.774482
1.21163
2.41589
3.64147
4.01427
4.22707
4.04257
3.64147
3.03944
3.26651
3.26651
3.03944
3.64147
4.04257
4.22706
4.38416
4.22707
4.01427
3.58944
3.46329
3.46329
3.58943
4.01427
4.22706
4.38415
3.65119
3.43719
3.12396
2.53525
2.19571
2.19571
2.53525
3.12396
3.43719
3.65119
3.43719
3.16757
2.60223
1.50988
0.645082
0.645082
1.50988
2.60223
3.16757
3.43719
3.12396
2.60223
1.22263
-0.867773
-0.234532
-0.234535
-0.867774
1.22262
2.60223
3.12396
2.53525
1.50988
-0.867774
0.453846
0.183741
0.183742
0.453856
-0.867775
1.50988
2.53525
2.19571
0.645081
-0.234533
0.18374
-0.43917
-0.43917
0.183749
-0.234537
0.64509
2.19571
2.19571
0.645079
-0.234537
0.183741
-0.439171
-0.439172
0.183749
-0.23454
0.645089
2.19571
2.53525
1.50988
-0.867776
0.453854
0.183748
0.183749
0.453864
-0.867777
1.50988
2.53525
3.12396
2.60223
1.22262
-0.867777
-0.234538
-0.23454
-0.867777
1.22262
2.60222
3.12396
3.43719
3.16757
2.60223
1.50988
0.645089
0.645088
1.50988
2.60222
3.16757
3.43719
3.65119
3.43719
3.12396
2.53525
2.19571
2.19571
2.53525
3.12396
3.43719
3.65118
3.00467
2.73824
2.37459
1.69227
1.1731
1.1731
1.69226
2.37459
2.73824
3.00467
2.73824
2.38032
1.773
0.231422
-1.2699
-1.2699
0.231422
1.773
2.38032
2.73824
2.37459
1.773
0.587503
-1.85898
-0.734477
-0.73448
-1.85898
0.587501
1.773
2.37459
1.69226
0.231421
-1.85898
-0.449411
-1.0131
-1.0131
-0.4494
-1.85898
0.231419
1.69226
1.1731
-1.2699
-0.734478
-1.0131
-0.770878
-0.770879
-1.0131
-0.734473
-1.2699
1.1731
1.1731
-1.2699
-0.734481
-1.0131
-0.77088
-0.770881
-1.0131
-0.734477
-1.2699
1.17309
1.69226
0.23142
-1.85898
-0.449402
-1.0131
-1.0131
-0.449393
-1.85898
0.231418
1.69226
2.37459
1.773
0.587499
-1.85898
-0.734474
-0.734477
-1.85898
0.587497
1.773
2.37459
2.73824
2.38032
1.773
0.231418
-1.2699
-1.2699
0.231418
1.773
2.38032
2.73824
3.00466
2.73824
2.37459
1.69226
1.17309
1.17309
1.69226
2.37459
2.73824
3.00466
2.46412
2.16103
1.80305
1.08327
0.464863
0.464863
1.08327
1.80305
2.16104
2.46412
2.16103
1.72307
1.17917
-0.460745
-2.00146
-2.00146
-0.460745
1.17917
1.72307
2.16103
1.80305
1.17917
0.224117
-1.83854
-1.4707
-1.4707
-1.83854
0.224116
1.17917
1.80305
1.08327
-0.460746
-1.83854
-0.941228
-1.33394
-1.33394
-0.941219
-1.83854
-0.460748
1.08327
0.464862
-2.00146
-1.4707
-1.33394
-0.989333
-0.989334
-1.33393
-1.4707
-2.00147
0.46486
0.464861
-2.00146
-1.47071
-1.33394
-0.989335
-0.989336
-1.33394
-1.47071
-2.00147
0.464859
1.08327
-0.460747
-1.83854
-0.941221
-1.33394
-1.33394
-0.941213
-1.83855
-0.460749
1.08327
1.80304
1.17917
0.224114
-1.83855
-1.47071
-1.47071
-1.83855
0.224112
1.17917
1.80304
2.16103
1.72307
1.17917
-0.460749
-2.00147
-2.00147
-0.460749
1.17917
1.72307
2.16103
2.46412
2.16103
1.80305
1.08327
0.46486
0.464859
1.08327
1.80304
2.16103
2.46412
2.02382
1.74514
1.39318
0.738503
0.122525
0.122525
0.738503
1.39318
1.74514
2.02382
1.74514
1.33059
0.75752
-0.626014
-2.17128
-2.17128
-0.626013
0.757519
1.33059
1.74514
1.39318
0.75752
0.0422969
-1.68589
-1.53128
-1.53129
-1.68589
0.0422955
0.75752
1.39318
0.738502
-0.626014
-1.68589
-1.2085
-1.31938
-1.31938
-1.20849
-1.68589
-0.626015
0.738502
0.122523
-2.17129
-1.53129
-1.31938
-0.894321
-0.894322
-1.31938
-1.53129
-2.17129
0.122522
0.122523
-2.17129
-1.53129
-1.31938
-0.894322
-0.894323
-1.31938
-1.53129
-2.17129
0.122522
0.738501
-0.626015
-1.68589
-1.20849
-1.31938
-1.31938
-1.20848
-1.68589
-0.626016
0.738501
1.39318
0.757517
0.0422939
-1.68589
-1.53129
-1.53129
-1.68589
0.0422924
0.757517
1.39318
1.74514
1.33059
0.757518
-0.626016
-2.17129
-2.17129
-0.626016
0.757517
1.33059
1.74514
2.02382
1.74514
1.39318
0.738501
0.122522
0.122522
0.738501
1.39318
1.74514
2.02382
1.70576
1.45615
1.14352
0.595936
0.0658645
0.0658644
0.595936
1.14352
1.45615
1.70576
1.45615
1.09228
0.545207
-0.490501
-2.0242
-2.0242
-0.4905
0.545206
1.09228
1.45615
1.14352
0.545206
0.00507204
-1.42043
-1.29851
-1.29851
-1.42043
0.0050712
0.545206
1.14352
0.595935
-0.490502
-1.42043
-1.1332
-1.04661
-1.04661
-1.13319
-1.42043
-0.490501
0.595935
0.065863
-2.0242
-1.29851
-1.04661
-0.64326
-0.643261
-1.0466
-1.29851
-2.0242
0.0658628
0.0658626
-2.0242
-1.29852
-1.04661
-0.643261
-0.643262
-1.04661
-1.29851
-2.0242
0.0658623
0.595934
-0.490502
-1.42043
-1.13319
-1.0466
-1.04661
-1.13318
-1.42043
-0.490501
0.595934
1.14351
0.545205
0.00506978
-1.42043
-1.29851
-1.29851
-1.42043
0.00506879
0.545205
1.14351
1.45614
1.09228
0.545205
-0.490502
-2.0242
-2.0242
-0.490501
0.545205
1.09228
1.45614
1.70576
1.45614
1.14351
0.595934
0.0658624
0.0658623
0.595934
1.14351
1.45614
1.70576
1.493
1.27878
1.02182
0.588005
0.141909
0.141909
0.588005
1.02182
1.27878
1.493
1.27878
0.983178
0.504219
-0.213946
-1.46229
-1.46229
-0.213945
0.504218
0.983178
1.27878
1.02182
0.504218
0.0958561
-1.02271
-0.91114
-0.91114
-1.02271
0.0958558
0.504219
1.02182
0.588004
-0.213946
-1.02271
-0.861348
-0.679322
-0.679322
-0.861345
-1.02271
-0.213944
0.588005
0.141908
-1.46229
-0.911141
-0.679322
-0.435716
-0.435717
-0.67932
-0.911139
-1.46229
0.141908
0.141908
-1.4623
-0.911141
-0.679323
-0.435717
-0.435717
-0.679321
-0.911139
-1.46229
0.141908
0.588003
-0.213946
-1.02271
-0.861346
-0.679321
-0.679321
-0.861342
-1.02271
-0.213945
0.588004
1.02182
0.504217
0.0958545
-1.02271
-0.911139
-0.911139
-1.02271
0.0958541
0.504217
1.02182
1.27878
0.983177
0.504217
-0.213945
-1.46229
-1.46229
-0.213945
0.504217
0.983177
1.27878
1.49299
1.27878
1.02182
0.588004
0.141908
0.141908
0.588004
1.02182
1.27878
1.49299
1.36132
1.18748
0.991335
0.669057
0.297593
0.297593
0.669057
0.991335
1.18748
1.36132
1.18748
0.969672
0.584008
0.128018
-0.756684
-0.756684
0.128019
0.584008
0.969672
1.18748
0.991335
0.584008
0.280044
-0.517936
-0.447307
-0.447307
-0.517935
0.280044
0.584008
0.991335
0.669056
0.128018
-0.517936
-0.433504
-0.267312
-0.267312
-0.433502
-0.517934
0.12802
0.669056
0.297592
-0.756685
-0.447307
-0.267312
-0.0818563
-0.0818568
-0.26731
-0.447305
-0.756681
0.297593
0.297591
-0.756685
-0.447308
-0.267312
-0.0818569
-0.0818574
-0.26731
-0.447306
-0.756682
0.297593
0.669055
0.128018
-0.517936
-0.433502
-0.267311
-0.267311
-0.433501
-0.517934
0.12802
0.669056
0.991334
0.584007
0.280043
-0.517935
-0.447306
-0.447306
-0.517934
0.280043
0.584007
0.991334
1.18748
0.969671
0.584007
0.128019
-0.756682
-0.756682
0.12802
0.584007
0.969671
1.18748
1.36131
1.18748
0.991334
0.669056
0.297593
0.297593
0.669056
0.991334
1.18748
1.36131
1.28523
1.15533
1.0165
0.800353
0.508821
0.508821
0.800353
1.0165
1.15533
1.28523
1.15533
1.01074
0.733739
0.478231
-0.117972
-0.117972
0.478231
0.733739
1.01074
1.15533
1.01649
0.733738
0.519162
0.0242084
0.0886883
0.0886881
0.0242089
0.519163
0.733739
1.0165
0.800352
0.47823
0.0242082
0.0187617
0.193835
0.193835
0.0187629
0.02421
0.478232
0.800353
0.50882
-0.117973
0.0886878
0.193835
0.395274
0.395273
0.193835
0.0886895
-0.11797
0.508822
0.50882
-0.117973
0.0886875
0.193835
0.395273
0.395273
0.193836
0.0886892
-0.11797
0.508821
0.800351
0.47823
0.024208
0.0187623
0.193835
0.193835
0.0187634
0.0242098
0.478232
0.800352
1.01649
0.733738
0.519162
0.0242094
0.0886893
0.0886891
0.0242098
0.519162
0.733738
1.01649
1.15533
1.01074
0.733738
0.478232
-0.11797
-0.117971
0.478232
0.733738
1.01074
1.15533
1.28522
1.15533
1.01649
0.800352
0.508821
0.508821
0.800352
1.01649
1.15533
1.28522
1.24107
1.15351
1.06436
0.942667
0.73478
0.73478
0.942667
1.06436
1.15351
1.24107
1.15351
1.07024
0.895121
0.790885
0.453632
0.453632
0.790885
0.895121
1.07024
1.15351
1.06436
0.895121
0.762253
0.537493
0.621601
0.621601
0.537493
0.762253
0.895121
1.06436
0.942666
0.790885
0.537493
0.502097
0.659128
0.659129
0.502098
0.537494
0.790886
0.942667
0.734779
0.453631
0.621601
0.659128
0.833331
0.833332
0.659129
0.621602
0.453633
0.73478
0.734779
0.453631
0.621601
0.659128
0.833331
0.833332
0.659129
0.621602
0.453633
0.73478
0.942666
0.790884
0.537492
0.502097
0.659128
0.659129
0.502098
0.537494
0.790886
0.942666
1.06436
0.89512
0.762252
0.537494
0.621602
0.621602
0.537494
0.762253
0.89512
1.06436
1.15351
1.07024
0.89512
0.790885
0.453633
0.453633
0.790886
0.89512
1.07024
1.15351
1.24107
1.15351
1.06436
0.942666
0.73478
0.73478
0.942666
1.06436
1.15351
1.24107
1.20889
1.15777
1.10845
1.06138
0.926852
0.926852
1.06138
1.10845
1.15777
1.20889
1.15777
1.12166
1.02454
1.02727
0.899799
0.899799
1.02727
1.02454
1.12166
1.15777
1.10845
1.02454
0.958478
0.924932
1.02794
1.02794
0.924932
0.958478
1.02454
1.10845
1.06138
1.02727
0.924931
0.964432
1.09691
1.09691
0.964432
0.924933
1.02727
1.06138
0.926851
0.899798
1.02794
1.09691
1.23425
1.23425
1.09691
1.02794
0.8998
0.926851
0.926851
0.899798
1.02794
1.09691
1.23425
1.23425
1.09691
1.02794
0.8998
0.926851
1.06138
1.02727
0.924931
0.964432
1.09691
1.09691
0.964431
0.924932
1.02727
1.06138
1.10845
1.02454
0.958477
0.924932
1.02794
1.02794
0.924932
0.958478
1.02454
1.10845
1.15777
1.12166
1.02454
1.02727
0.899799
0.899799
1.02727
1.02454
1.12166
1.15777
1.20889
1.15777
1.10845
1.06138
0.926851
0.926851
1.06138
1.10845
1.15777
1.20889
1.17366
1.15165
1.13198
1.13758
1.05571
1.05571
1.13758
1.13198
1.15165
1.17366
1.15165
1.14929
1.11278
1.17333
1.17933
1.17933
1.17333
1.11278
1.14929
1.15165
1.13198
1.11278
1.09006
1.17933
1.29833
1.29833
1.17933
1.09006
1.11278
1.13198
1.13758
1.17332
1.17933
1.30314
1.40171
1.40171
1.30314
1.17933
1.17333
1.13758
1.05571
1.17933
1.29833
1.40171
1.51872
1.51872
1.40171
1.29833
1.17933
1.05571
1.05571
1.17933
1.29833
1.40171
1.51872
1.51872
1.40171
1.29833
1.17933
1.05571
1.13758
1.17332
1.17933
1.30314
1.40171
1.40171
1.30314
1.17933
1.17332
1.13758
1.13198
1.11278
1.09006
1.17933
1.29833
1.29833
1.17933
1.09006
1.11278
1.13198
1.15165
1.14929
1.11278
1.17332
1.17933
1.17933
1.17332
1.11278
1.14929
1.15165
1.17365
1.15165
1.13198
1.13758
1.05571
1.05571
1.13758
1.13198
1.15165
1.17365
1.12542
1.12482
1.12543
1.16392
1.11633
1.11633
1.16392
1.12543
1.12482
1.12542
1.12482
1.14391
1.1506
1.23464
1.31284
1.31284
1.23464
1.1506
1.14391
1.12482
1.12543
1.1506
1.15527
1.30618
1.43416
1.43416
1.30618
1.15527
1.1506
1.12543
1.16392
1.23464
1.30618
1.45695
1.55762
1.55762
1.45695
1.30618
1.23464
1.16392
1.11633
1.31284
1.43416
1.55762
1.65744
1.65744
1.55762
1.43416
1.31284
1.11633
1.11633
1.31284
1.43416
1.55762
1.65744
1.65744
1.55762
1.43416
1.31284
1.11633
1.16392
1.23464
1.30618
1.45695
1.55762
1.55762
1.45695
1.30618
1.23464
1.16392
1.12543
1.1506
1.15527
1.30618
1.43416
1.43416
1.30618
1.15527
1.1506
1.12543
1.12482
1.14391
1.1506
1.23464
1.31284
1.31284
1.23464
1.1506
1.14391
1.12482
1.12542
1.12482
1.12543
1.16392
1.11633
1.11633
1.16392
1.12543
1.12482
1.12542
1.0585
1.07217
1.08551
1.14058
1.11545
1.11545
1.14058
1.08551
1.07217
1.0585
1.07217
1.1031
1.13603
1.22603
1.33505
1.33505
1.22603
1.13603
1.1031
1.07217
1.08551
1.13603
1.15687
1.3233
1.45645
1.45645
1.3233
1.15687
1.13603
1.08551
1.14058
1.22603
1.3233
1.47363
1.60513
1.60513
1.47363
1.3233
1.22603
1.14058
1.11545
1.33505
1.45645
1.60513
1.68911
1.68911
1.60513
1.45645
1.33505
1.11545
1.11545
1.33505
1.45645
1.60513
1.68911
1.68911
1.60513
1.45645
1.33505
1.11545
1.14058
1.22603
1.3233
1.47363
1.60513
1.60513
1.47363
1.3233
1.22603
1.14058
1.08551
1.13603
1.15687
1.3233
1.45645
1.45645
1.3233
1.15687
1.13603
1.08551
1.07217
1.1031
1.13603
1.22603
1.33505
1.33505
1.22603
1.13603
1.1031
1.07217
1.0585
1.07217
1.08551
1.14058
1.11545
1.11545
1.14058
1.08551
1.07217
1.0585
0.970326
0.992323
1.01281
1.07321
1.06149
1.06149
1.07321
1.01281
0.992324
0.970327
0.992323
1.02846
1.07506
1.16312
1.27564
1.27564
1.16312
1.07506
1.02846
0.992324
1.01281
1.07506
1.10581
1.27706
1.38934
1.38934
1.27706
1.10581
1.07506
1.01281
1.07321
1.16312
1.27706
1.42011
1.55263
1.55263
1.42011
1.27706
1.16312
1.07321
1.06149
1.27564
1.38934
1.55263
1.62199
1.62199
1.55263
1.38934
1.27564
1.06149
1.06149
1.27564
1.38934
1.55263
1.62199
1.62199
1.55263
1.38934
1.27564
1.06149
1.07321
1.16312
1.27706
1.42011
1.55263
1.55263
1.42011
1.27706
1.16312
1.07321
1.01281
1.07506
1.10581
1.27706
1.38934
1.38934
1.27706
1.10581
1.07506
1.01281
0.992323
1.02846
1.07506
1.16312
1.27564
1.27564
1.16312
1.07506
1.02846
0.992323
0.970326
0.992323
1.01281
1.07321
1.06149
1.06149
1.07321
1.01281
0.992323
0.970326
0.861625
0.88711
0.910698
0.969018
0.963842
0.963842
0.969018
0.910698
0.88711
0.861625
0.88711
0.923869
0.975168
1.05473
1.15602
1.15602
1.05473
0.975168
0.923869
0.88711
0.910698
0.975168
1.01252
1.17473
1.25705
1.25705
1.17473
1.01252
0.975168
0.910698
0.969018
1.05473
1.17473
1.30592
1.41696
1.41696
1.30592
1.17473
1.05473
0.969018
0.963841
1.15602
1.25705
1.41696
1.47048
1.47048
1.41696
1.25705
1.15602
0.963841
0.963841
1.15602
1.25705
1.41696
1.47048
1.47048
1.41696
1.25705
1.15602
0.963841
0.969018
1.05473
1.17473
1.30592
1.41696
1.41696
1.30592
1.17473
1.05473
0.969018
0.910698
0.975168
1.01252
1.17473
1.25705
1.25705
1.17473
1.01252
0.975168
0.910698
0.887109
0.923868
0.975168
1.05473
1.15602
1.15602
1.05473
0.975168
0.923868
0.887109
0.861625
0.887109
0.910698
0.969018
0.963841
0.963841
0.969018
0.910698
0.887109
0.861625
0.732734
0.758089
0.781349
0.833328
0.832388
0.832388
0.833328
0.781349
0.758089
0.732734
0.758089
0.791924
0.841673
0.909902
0.992745
0.992745
0.909902
0.841673
0.791924
0.758089
0.781349
0.841673
0.879736
1.02271
1.08051
1.08051
1.02271
0.879736
0.841673
0.781349
0.833328
0.909902
1.02271
1.15141
1.22548
1.22548
1.15141
1.02271
0.909902
0.833328
0.832387
0.992745
1.08051
1.22548
1.25788
1.25788
1.22548
1.08051
0.992745
0.832387
0.832387
0.992745
1.08051
1.22548
1.25788
1.25788
1.22548
1.08051
0.992745
0.832387
0.833327
0.909901
1.02271
1.15141
1.22548
1.22548
1.15141
1.02271
0.909901
0.833327
0.781348
0.841672
0.879736
1.02271
1.08051
1.08051
1.02271
0.879736
0.841672
0.781348
0.758089
0.791924
0.841672
0.909901
0.992745
0.992745
0.909901
0.841672
0.791924
0.758089
0.732734
0.758089
0.781348
0.833327
0.832387
0.832387
0.833327
0.781348
0.758089
0.732734
0.589197
0.611401
0.632016
0.673635
0.674925
0.674925
0.673635
0.632016
0.611401
0.589198
0.611401
0.640398
0.683307
0.73758
0.799173
0.799173
0.73758
0.683307
0.640398
0.611401
0.632016
0.683307
0.717983
0.834001
0.875067
0.875067
0.834001
0.717983
0.683307
0.632016
0.673635
0.73758
0.834001
0.949128
0.992411
0.992411
0.949128
0.834001
0.73758
0.673635
0.674925
0.799173
0.875067
0.992411
0.999877
0.999877
0.992411
0.875067
0.799173
0.674925
0.674925
0.799173
0.875067
0.992411
0.999877
0.999877
0.992411
0.875067
0.799173
0.674925
0.673634
0.737579
0.834001
0.949128
0.992411
0.992411
0.949128
0.834001
0.737579
0.673634
0.632016
0.683307
0.717983
0.834001
0.875067
0.875067
0.834001
0.717983
0.683307
0.632016
0.611401
0.640398
0.683307
0.737579
0.799173
0.799173
0.737579
0.683307
0.640398
0.611401
0.589197
0.611401
0.632016
0.673634
0.674925
0.674925
0.673634
0.632016
0.611401
0.589197
0.428202
0.44605
0.462433
0.494307
0.501396
0.501396
0.494307
0.462433
0.44605
0.428202
0.44605
0.46821
0.501811
0.543245
0.587074
0.587074
0.543245
0.501811
0.46821
0.44605
0.462433
0.501811
0.526059
0.614916
0.640232
0.640232
0.614916
0.52606
0.501811
0.462433
0.494307
0.543245
0.614916
0.705566
0.722593
0.722593
0.705566
0.614916
0.543245
0.494307
0.501396
0.587074
0.640232
0.722593
0.706286
0.706286
0.722593
0.640232
0.587074
0.501396
0.501396
0.587074
0.640232
0.722593
0.706286
0.706286
0.722593
0.640232
0.587074
0.501396
0.494307
0.543245
0.614916
0.705566
0.722593
0.722593
0.705566
0.614916
0.543244
0.494307
0.462433
0.501811
0.526059
0.614916
0.640232
0.640232
0.614916
0.526059
0.501811
0.462433
0.446049
0.46821
0.501811
0.543244
0.587074
0.587074
0.543244
0.501811
0.46821
0.446049
0.428202
0.446049
0.462433
0.494307
0.501396
0.501396
0.494307
0.462433
0.446049
0.428202
0.265428
0.276168
0.286692
0.303497
0.308269
0.308269
0.303497
0.286692
0.276168
0.265428
0.276168
0.290736
0.31062
0.333611
0.357263
0.357263
0.333611
0.31062
0.290736
0.276168
0.286692
0.31062
0.329289
0.373625
0.391603
0.391603
0.373625
0.329289
0.31062
0.286692
0.303497
0.333611
0.373625
0.429503
0.430278
0.430278
0.429503
0.373625
0.333611
0.303497
0.308269
0.357263
0.391603
0.430278
0.389818
0.389818
0.430279
0.391603
0.357263
0.308269
0.308269
0.357263
0.391603
0.430278
0.389818
0.389818
0.430278
0.391603
0.357263
0.308269
0.303497
0.333611
0.373625
0.429503
0.430278
0.430278
0.429503
0.373625
0.333611
0.303497
0.286692
0.31062
0.329289
0.373625
0.391603
0.391603
0.373625
0.329289
0.31062
0.286692
0.276168
0.290735
0.31062
0.333611
0.357263
0.357263
0.333611
0.31062
0.290735
0.276168
0.265427
0.276168
0.286692
0.303497
0.308269
0.308269
0.303497
0.286692
0.276168
0.265427
0.0810003
0.0864273
0.0927339
0.102891
0.112095
0.112095
0.102891
0.0927339
0.0864273
0.0810004
0.0864273
0.0932798
0.103712
0.115494
0.130225
0.130225
0.115494
0.103712
0.0932798
0.0864273
0.0927339
0.103712
0.1085
0.13733
0.138901
0.138901
0.13733
0.1085
0.103712
0.0927339
0.102891
0.115494
0.13733
0.170552
0.112932
0.112932
0.170552
0.13733
0.115494
0.102891
0.112095
0.130225
0.138901
0.112932
0.0500168
0.0500168
0.112932
0.138901
0.130225
0.112095
0.112095
0.130225
0.138901
0.112932
0.0500168
0.0500168
0.112932
0.138901
0.130225
0.112095
0.102891
0.115494
0.13733
0.170552
0.112932
0.112932
0.170552
0.13733
0.115494
0.102891
0.0927338
0.103712
0.1085
0.13733
0.138901
0.138901
0.13733
0.1085
0.103712
0.0927338
0.0864273
0.0932797
0.103712
0.115494
0.130225
0.130225
0.115494
0.103712
0.0932797
0.0864273
0.0810003
0.0864273
0.0927338
0.102891
0.112095
0.112095
0.102891
0.0927338
0.0864273
0.0810003
)
;

boundaryField
{
    bottom
    {
        type            calculated;
        value           nonuniform List<scalar> 
100
(
15.2319
15.2949
15.4095
15.541
15.6491
15.6491
15.541
15.4095
15.2949
15.2319
15.2949
15.3719
15.5134
15.6824
15.8297
15.8297
15.6824
15.5134
15.3719
15.2949
15.4095
15.5134
15.7092
15.9571
16.1906
16.1906
15.9571
15.7092
15.5134
15.4095
15.541
15.6824
15.9571
16.3348
16.7323
16.7323
16.3348
15.9571
15.6824
15.541
15.6491
15.8297
16.1906
16.7323
17.3447
17.3447
16.7323
16.1906
15.8297
15.6491
15.6491
15.8297
16.1906
16.7323
17.3447
17.3447
16.7323
16.1906
15.8297
15.6491
15.541
15.6824
15.9571
16.3348
16.7323
16.7323
16.3348
15.9571
15.6824
15.541
15.4095
15.5134
15.7092
15.9571
16.1906
16.1906
15.9571
15.7092
15.5134
15.4095
15.2949
15.3719
15.5134
15.6824
15.8297
15.8297
15.6824
15.5134
15.3719
15.2949
15.2319
15.2949
15.4095
15.541
15.6491
15.6491
15.541
15.4095
15.2949
15.2319
)
;
    }
    atmosphere
    {
        type            calculated;
        value           nonuniform List<scalar> 
100
(
0
0
0
0
-0.00014885
-0.000148848
0
0
0
0
0
0
0
0
-0.00602679
-0.00602682
0
0
0
0
0
0
0
0
-0.0208125
-0.0208126
0
0
0
0
0
0
0
-0.00350777
-0.0703817
-0.0703817
-0.00350776
0
0
0
-0.000148849
-0.00602682
-0.0208126
-0.0703817
-0.145209
-0.145209
-0.0703816
-0.0208125
-0.00602678
-0.00014885
-0.000148849
-0.00602682
-0.0208126
-0.0703817
-0.145209
-0.145209
-0.0703816
-0.0208125
-0.00602678
-0.00014885
0
0
0
-0.00350776
-0.0703816
-0.0703817
-0.00350776
0
0
0
0
0
0
0
-0.0208125
-0.0208126
0
0
0
0
0
0
0
0
-0.00602678
-0.00602681
0
0
0
0
0
0
0
0
-0.00014885
-0.000148849
0
0
0
0
)
;
    }
    walls
    {
        type            calculated;
        value           nonuniform List<scalar> 
1600
(
15.1093
15.1723
15.2869
15.4184
15.5264
15.5264
15.4184
15.2869
15.1723
15.1093
14.8325
14.8954
15.0109
15.1446
15.2558
15.2558
15.1446
15.0109
14.8954
14.8325
14.5213
14.5848
14.7017
14.8394
14.9571
14.9571
14.8394
14.7017
14.5848
14.5213
14.1775
14.241
14.3587
14.5001
14.6252
14.6252
14.5001
14.3587
14.241
14.1775
13.7997
13.8624
13.9791
14.122
14.2527
14.2527
14.122
13.9791
13.8624
13.7997
13.3873
13.4476
13.5606
13.7007
13.8316
13.8316
13.7007
13.5606
13.4476
13.3873
12.9408
12.9969
13.1031
13.2334
13.3567
13.3567
13.2334
13.103
12.9969
12.9408
12.4613
12.5116
12.609
12.7227
12.836
12.836
12.7227
12.609
12.5116
12.4613
11.9506
11.9946
12.0843
12.1773
12.2792
12.2792
12.1773
12.0843
11.9946
11.9506
11.411
11.4494
11.5369
11.6112
11.7164
11.7164
11.6112
11.5368
11.4494
11.411
10.844
10.8786
10.9731
11.0355
11.1605
11.1605
11.0355
10.9731
10.8786
10.844
10.2495
10.2825
10.3942
10.4534
10.6179
10.6179
10.4534
10.3942
10.2825
10.2495
9.62564
9.65819
9.79465
9.85813
10.0873
10.0873
9.85812
9.79465
9.65818
9.62564
8.96873
8.99986
9.16177
9.2326
9.54469
9.54468
9.2326
9.16176
8.99986
8.96872
8.27479
8.30031
8.4771
8.55023
8.94319
8.94319
8.55023
8.4771
8.3003
8.27478
7.54157
7.55355
7.72096
7.7796
8.22266
8.22266
7.77959
7.72096
7.55355
7.54156
6.77142
6.75837
6.87986
6.88894
7.30512
7.30512
6.88893
6.87985
6.75836
6.77141
5.97429
5.92304
5.95744
5.86353
6.15392
6.15392
5.86352
5.95744
5.92303
5.97428
5.16932
5.06829
4.98322
4.73662
4.82941
4.82941
4.73662
4.98322
5.06829
5.16932
4.38416
4.22707
4.01427
3.58944
3.46329
3.46329
3.58944
4.01427
4.22707
4.38416
3.65119
3.43719
3.12396
2.53525
2.19571
2.19571
2.53525
3.12396
3.43719
3.65119
3.00467
2.73824
2.37459
1.69226
1.1731
1.1731
1.69226
2.37459
2.73824
3.00466
2.46412
2.16103
1.80305
1.08327
0.464862
0.464861
1.08327
1.80304
2.16103
2.46412
2.02382
1.74514
1.39318
0.738502
0.122523
0.122523
0.738501
1.39318
1.74514
2.02382
1.70576
1.45615
1.14352
0.595935
0.065863
0.0658626
0.595934
1.14351
1.45614
1.70576
1.493
1.27878
1.02182
0.588004
0.141908
0.141908
0.588003
1.02182
1.27878
1.49299
1.36132
1.18748
0.991335
0.669056
0.297592
0.297591
0.669055
0.991334
1.18748
1.36131
1.28523
1.15533
1.01649
0.800352
0.50882
0.50882
0.800351
1.01649
1.15533
1.28522
1.24107
1.15351
1.06436
0.942666
0.734779
0.734779
0.942666
1.06436
1.15351
1.24107
1.20889
1.15777
1.10845
1.06138
0.926851
0.926851
1.06138
1.10845
1.15777
1.20889
1.17366
1.15165
1.13198
1.13758
1.05571
1.05571
1.13758
1.13198
1.15165
1.17365
1.12542
1.12482
1.12543
1.16392
1.11633
1.11633
1.16392
1.12543
1.12482
1.12542
1.0585
1.07217
1.08551
1.14058
1.11545
1.11545
1.14058
1.08551
1.07217
1.0585
0.970326
0.992323
1.01281
1.07321
1.06149
1.06149
1.07321
1.01281
0.992323
0.970326
0.861625
0.88711
0.910698
0.969018
0.963841
0.963841
0.969018
0.910698
0.887109
0.861625
0.732734
0.758089
0.781349
0.833328
0.832387
0.832387
0.833327
0.781348
0.758089
0.732734
0.589197
0.611401
0.632016
0.673635
0.674925
0.674925
0.673634
0.632016
0.611401
0.589197
0.428202
0.44605
0.462433
0.494307
0.501396
0.501396
0.494307
0.462433
0.446049
0.428202
0.265428
0.276168
0.286692
0.303497
0.308269
0.308269
0.303497
0.286692
0.276168
0.265427
0.0810003
0.0864273
0.0927339
0.102891
0.112095
0.112095
0.102891
0.0927338
0.0864273
0.0810003
15.1093
15.1723
15.2869
15.4184
15.5265
15.5264
15.4184
15.2869
15.1723
15.1093
14.8325
14.8954
15.0109
15.1446
15.2558
15.2558
15.1446
15.0109
14.8954
14.8325
14.5213
14.5848
14.7017
14.8394
14.9571
14.9571
14.8394
14.7017
14.5848
14.5212
14.1775
14.241
14.3587
14.5001
14.6252
14.6252
14.5001
14.3587
14.241
14.1775
13.7997
13.8624
13.9791
14.122
14.2527
14.2527
14.122
13.9791
13.8624
13.7997
13.3873
13.4476
13.5606
13.7007
13.8316
13.8316
13.7007
13.5606
13.4476
13.3873
12.9408
12.9969
13.103
13.2334
13.3567
13.3567
13.2334
13.103
12.9969
12.9408
12.4613
12.5116
12.609
12.7227
12.836
12.836
12.7227
12.609
12.5116
12.4612
11.9506
11.9946
12.0843
12.1773
12.2791
12.2791
12.1773
12.0843
11.9946
11.9506
11.411
11.4494
11.5368
11.6112
11.7164
11.7164
11.6112
11.5368
11.4494
11.411
10.844
10.8786
10.9731
11.0355
11.1605
11.1605
11.0355
10.9731
10.8786
10.844
10.2495
10.2825
10.3942
10.4534
10.6179
10.6179
10.4534
10.3942
10.2825
10.2495
9.62564
9.65818
9.79465
9.85812
10.0872
10.0872
9.85812
9.79464
9.65818
9.62563
8.96873
8.99986
9.16176
9.23259
9.54468
9.54468
9.23259
9.16176
8.99985
8.96872
8.27479
8.3003
8.4771
8.55022
8.94319
8.94319
8.55022
8.4771
8.3003
8.27478
7.54157
7.55355
7.72096
7.77959
8.22266
8.22266
7.77959
7.72095
7.55355
7.54156
6.77142
6.75837
6.87985
6.88893
7.30511
7.30511
6.88893
6.87985
6.75836
6.77141
5.97428
5.92304
5.95744
5.86352
6.15391
6.15391
5.86352
5.95744
5.92303
5.97428
5.16932
5.06829
4.98322
4.73662
4.82941
4.82941
4.73662
4.98321
5.06829
5.16931
4.38416
4.22707
4.01427
3.58944
3.46329
3.46329
3.58943
4.01427
4.22706
4.38415
3.65119
3.43719
3.12396
2.53525
2.19571
2.19571
2.53525
3.12396
3.43719
3.65118
3.00467
2.73824
2.37459
1.69226
1.1731
1.17309
1.69226
2.37459
2.73824
3.00466
2.46412
2.16103
1.80305
1.08327
0.46486
0.464859
1.08327
1.80304
2.16103
2.46412
2.02382
1.74514
1.39318
0.738502
0.122522
0.122522
0.738501
1.39318
1.74514
2.02382
1.70576
1.45615
1.14352
0.595935
0.0658628
0.0658623
0.595934
1.14351
1.45614
1.70576
1.493
1.27878
1.02182
0.588005
0.141908
0.141908
0.588004
1.02182
1.27878
1.49299
1.36132
1.18748
0.991335
0.669056
0.297593
0.297593
0.669056
0.991334
1.18748
1.36131
1.28523
1.15533
1.0165
0.800353
0.508822
0.508821
0.800352
1.01649
1.15533
1.28522
1.24107
1.15351
1.06436
0.942667
0.73478
0.73478
0.942666
1.06436
1.15351
1.24107
1.20889
1.15777
1.10845
1.06138
0.926851
0.926851
1.06138
1.10845
1.15777
1.20889
1.17366
1.15165
1.13198
1.13758
1.05571
1.05571
1.13758
1.13198
1.15165
1.17365
1.12542
1.12482
1.12543
1.16392
1.11633
1.11633
1.16392
1.12543
1.12482
1.12542
1.0585
1.07217
1.08551
1.14058
1.11545
1.11545
1.14058
1.08551
1.07217
1.0585
0.970327
0.992324
1.01281
1.07321
1.06149
1.06149
1.07321
1.01281
0.992323
0.970326
0.861625
0.88711
0.910698
0.969018
0.963841
0.963841
0.969018
0.910698
0.887109
0.861625
0.732734
0.758089
0.781349
0.833328
0.832387
0.832387
0.833327
0.781348
0.758089
0.732734
0.589198
0.611401
0.632016
0.673635
0.674925
0.674925
0.673634
0.632016
0.611401
0.589197
0.428202
0.44605
0.462433
0.494307
0.501396
0.501396
0.494307
0.462433
0.446049
0.428202
0.265428
0.276168
0.286692
0.303497
0.308269
0.308269
0.303497
0.286692
0.276168
0.265427
0.0810004
0.0864273
0.0927339
0.102891
0.112095
0.112095
0.102891
0.0927338
0.0864273
0.0810003
15.1093
14.8325
14.5213
14.1775
13.7997
13.3873
12.9408
12.4613
11.9506
11.411
10.844
10.2495
9.62564
8.96873
8.27479
7.54157
6.77142
5.97429
5.16932
4.38416
15.1723
14.8954
14.5848
14.241
13.8624
13.4476
12.9969
12.5116
11.9946
11.4494
10.8786
10.2825
9.65819
8.99986
8.30031
7.55355
6.75837
5.92304
5.06829
4.22707
15.2869
15.0109
14.7017
14.3587
13.9791
13.5606
13.1031
12.609
12.0843
11.5369
10.9731
10.3942
9.79465
9.16177
8.47711
7.72096
6.87986
5.95744
4.98322
4.01427
15.4184
15.1446
14.8394
14.5001
14.122
13.7007
13.2334
12.7227
12.1773
11.6112
11.0355
10.4534
9.85813
9.2326
8.55023
7.7796
6.88894
5.86353
4.73662
3.58944
15.5264
15.2558
14.9571
14.6252
14.2527
13.8316
13.3567
12.836
12.2792
11.7164
11.1605
10.6179
10.0873
9.54469
8.94319
8.22267
7.30512
6.15392
4.82942
3.46329
15.5264
15.2558
14.9571
14.6252
14.2527
13.8316
13.3567
12.836
12.2792
11.7164
11.1605
10.6179
10.0873
9.54469
8.94319
8.22267
7.30512
6.15392
4.82942
3.46329
15.4184
15.1446
14.8394
14.5001
14.122
13.7007
13.2334
12.7227
12.1773
11.6112
11.0355
10.4534
9.85813
9.2326
8.55023
7.7796
6.88894
5.86353
4.73662
3.58944
15.2869
15.0109
14.7017
14.3587
13.9791
13.5606
13.1031
12.609
12.0843
11.5368
10.9731
10.3942
9.79465
9.16176
8.4771
7.72096
6.87986
5.95744
4.98322
4.01427
15.1723
14.8954
14.5848
14.241
13.8624
13.4476
12.9969
12.5116
11.9946
11.4494
10.8786
10.2825
9.65818
8.99986
8.3003
7.55355
6.75837
5.92304
5.06829
4.22707
15.1093
14.8325
14.5213
14.1775
13.7997
13.3873
12.9408
12.4613
11.9506
11.411
10.844
10.2495
9.62564
8.96873
8.27479
7.54157
6.77142
5.97428
5.16932
4.38416
3.65119
3.00467
2.46412
2.02382
1.70576
1.493
1.36132
1.28523
1.24107
1.20889
1.17366
1.12542
1.0585
0.970326
0.861625
0.732734
0.589197
0.428202
0.265428
0.0810003
3.43719
2.73824
2.16103
1.74514
1.45615
1.27878
1.18748
1.15533
1.15351
1.15777
1.15165
1.12482
1.07217
0.992323
0.88711
0.758089
0.611401
0.44605
0.276168
0.0864273
3.12396
2.37459
1.80305
1.39318
1.14352
1.02182
0.991335
1.0165
1.06436
1.10845
1.13198
1.12543
1.08551
1.01281
0.910698
0.781349
0.632016
0.462433
0.286692
0.0927339
2.53525
1.69227
1.08327
0.738503
0.595936
0.588005
0.669057
0.800353
0.942667
1.06138
1.13758
1.16392
1.14058
1.07321
0.969018
0.833328
0.673635
0.494307
0.303497
0.102891
2.19571
1.1731
0.464863
0.122525
0.0658645
0.141909
0.297593
0.508821
0.73478
0.926852
1.05571
1.11633
1.11545
1.06149
0.963842
0.832388
0.674925
0.501396
0.308269
0.112095
2.19571
1.1731
0.464863
0.122525
0.0658644
0.141909
0.297593
0.508821
0.73478
0.926852
1.05571
1.11633
1.11545
1.06149
0.963842
0.832388
0.674925
0.501396
0.308269
0.112095
2.53525
1.69226
1.08327
0.738503
0.595936
0.588005
0.669057
0.800353
0.942667
1.06138
1.13758
1.16392
1.14058
1.07321
0.969018
0.833328
0.673635
0.494307
0.303497
0.102891
3.12396
2.37459
1.80305
1.39318
1.14352
1.02182
0.991335
1.0165
1.06436
1.10845
1.13198
1.12543
1.08551
1.01281
0.910698
0.781349
0.632016
0.462433
0.286692
0.0927339
3.43719
2.73824
2.16104
1.74514
1.45615
1.27878
1.18748
1.15533
1.15351
1.15777
1.15165
1.12482
1.07217
0.992324
0.88711
0.758089
0.611401
0.44605
0.276168
0.0864273
3.65119
3.00467
2.46412
2.02382
1.70576
1.493
1.36132
1.28523
1.24107
1.20889
1.17366
1.12542
1.0585
0.970327
0.861625
0.732734
0.589198
0.428202
0.265428
0.0810004
15.1093
14.8325
14.5213
14.1775
13.7997
13.3873
12.9408
12.4613
11.9506
11.411
10.844
10.2495
9.62564
8.96872
8.27478
7.54156
6.77141
5.97428
5.16932
4.38416
15.1723
14.8954
14.5848
14.241
13.8624
13.4476
12.9969
12.5116
11.9946
11.4494
10.8786
10.2825
9.65818
8.99986
8.3003
7.55355
6.75836
5.92303
5.06829
4.22707
15.2869
15.0109
14.7017
14.3587
13.9791
13.5606
13.103
12.609
12.0843
11.5368
10.9731
10.3942
9.79464
9.16176
8.4771
7.72095
6.87985
5.95744
4.98322
4.01427
15.4184
15.1446
14.8394
14.5001
14.122
13.7007
13.2334
12.7227
12.1773
11.6112
11.0355
10.4534
9.85812
9.23259
8.55022
7.77959
6.88893
5.86352
4.73662
3.58944
15.5264
15.2558
14.9571
14.6252
14.2527
13.8316
13.3567
12.836
12.2791
11.7164
11.1605
10.6179
10.0872
9.54468
8.94319
8.22266
7.30511
6.15391
4.82941
3.46329
15.5264
15.2558
14.9571
14.6252
14.2527
13.8316
13.3567
12.836
12.2791
11.7164
11.1605
10.6179
10.0872
9.54468
8.94319
8.22266
7.30511
6.15391
4.82941
3.46329
15.4184
15.1446
14.8394
14.5001
14.122
13.7007
13.2334
12.7227
12.1773
11.6112
11.0355
10.4534
9.85812
9.23259
8.55022
7.77959
6.88893
5.86352
4.73662
3.58943
15.2869
15.0109
14.7017
14.3587
13.9791
13.5606
13.103
12.609
12.0843
11.5368
10.9731
10.3942
9.79464
9.16176
8.4771
7.72095
6.87985
5.95744
4.98321
4.01427
15.1723
14.8954
14.5848
14.241
13.8624
13.4476
12.9969
12.5116
11.9946
11.4494
10.8786
10.2825
9.65818
8.99985
8.3003
7.55355
6.75836
5.92303
5.06829
4.22706
15.1093
14.8325
14.5212
14.1775
13.7997
13.3873
12.9408
12.4612
11.9506
11.411
10.844
10.2495
9.62563
8.96872
8.27478
7.54156
6.77141
5.97428
5.16931
4.38415
3.65119
3.00466
2.46412
2.02382
1.70576
1.49299
1.36131
1.28522
1.24107
1.20889
1.17365
1.12542
1.0585
0.970326
0.861625
0.732734
0.589197
0.428202
0.265427
0.0810003
3.43719
2.73824
2.16103
1.74514
1.45614
1.27878
1.18748
1.15533
1.15351
1.15777
1.15165
1.12482
1.07217
0.992323
0.887109
0.758089
0.611401
0.446049
0.276168
0.0864273
3.12396
2.37459
1.80305
1.39318
1.14351
1.02182
0.991334
1.01649
1.06436
1.10845
1.13198
1.12543
1.08551
1.01281
0.910698
0.781348
0.632016
0.462433
0.286692
0.0927338
2.53525
1.69226
1.08327
0.738501
0.595934
0.588004
0.669056
0.800352
0.942666
1.06138
1.13758
1.16392
1.14058
1.07321
0.969018
0.833327
0.673634
0.494307
0.303497
0.102891
2.19571
1.17309
0.46486
0.122522
0.0658624
0.141908
0.297593
0.508821
0.73478
0.926851
1.05571
1.11633
1.11545
1.06149
0.963841
0.832387
0.674925
0.501396
0.308269
0.112095
2.19571
1.17309
0.464859
0.122522
0.0658623
0.141908
0.297593
0.508821
0.73478
0.926851
1.05571
1.11633
1.11545
1.06149
0.963841
0.832387
0.674925
0.501396
0.308269
0.112095
2.53525
1.69226
1.08327
0.738501
0.595934
0.588004
0.669056
0.800352
0.942666
1.06138
1.13758
1.16392
1.14058
1.07321
0.969018
0.833327
0.673634
0.494307
0.303497
0.102891
3.12396
2.37459
1.80304
1.39318
1.14351
1.02182
0.991334
1.01649
1.06436
1.10845
1.13198
1.12543
1.08551
1.01281
0.910698
0.781348
0.632016
0.462433
0.286692
0.0927338
3.43719
2.73824
2.16103
1.74514
1.45614
1.27878
1.18748
1.15533
1.15351
1.15777
1.15165
1.12482
1.07217
0.992323
0.887109
0.758089
0.611401
0.446049
0.276168
0.0864273
3.65118
3.00466
2.46412
2.02382
1.70576
1.49299
1.36131
1.28522
1.24107
1.20889
1.17365
1.12542
1.0585
0.970326
0.861625
0.732734
0.589197
0.428202
0.265427
0.0810003
)
;
    }
}


// ************************************************************************* //
