/*--------------------------------*- C++ -*----------------------------------*\
| =========                 |                                                 |
| \\      /  F ield         | OpenFOAM: The Open Source CFD Toolbox           |
|  \\    /   O peration     | Version:  2412                                  |
|   \\  /    A nd           | Website:  www.openfoam.com                      |
|    \\/     M anipulation  |                                                 |
\*---------------------------------------------------------------------------*/
FoamFile
{
    version     2.0;
    format      ascii;
    arch        "LSB;label=32;scalar=64";
    class       volScalarField;
    location    "0.61";
    object      p_rgh;
}
// * * * * * * * * * * * * * * * * * * * * * * * * * * * * * * * * * * * * * //

dimensions      [1 -1 -2 0 0 0 0];

internalField   nonuniform List<scalar> 
1000
(
28.435
10.0727
5.5996
4.57606
4.84766
4.8477
4.58694
5.60161
10.0725
28.4354
10.0728
7.72824
4.86937
3.93894
4.60527
4.60539
3.93893
4.86956
7.72813
10.0728
5.59942
4.8695
6.25781
5.13811
5.96586
5.96587
5.1373
6.25792
4.86961
5.60033
4.5743
3.93923
5.13857
4.7226
5.68126
5.68132
4.72264
5.13881
3.93922
4.57884
4.84816
4.60573
5.96628
5.6815
5.22384
5.22365
5.68141
5.96669
4.60585
4.84836
4.84833
4.60605
5.9665
5.68191
5.22374
5.2237
5.68192
5.96693
4.60617
4.84852
4.59042
3.9396
5.13789
4.72322
5.68193
5.68209
4.72329
5.13838
3.9396
4.59105
5.60288
4.87035
6.25866
5.13911
5.96711
5.96715
5.13851
6.25875
4.87043
5.60309
10.0732
7.72878
4.87037
3.93991
4.60641
4.60652
3.9399
4.87053
7.72871
10.0733
28.4363
10.0735
5.60138
4.58121
4.84892
4.84896
4.58911
5.60285
10.0734
28.4367
18.563
8.21527
4.84374
4.3045
4.56611
4.56615
4.31537
4.84542
8.2152
18.5629
8.21539
6.80825
4.26361
3.6939
4.55758
4.5579
3.69372
4.26363
6.80805
8.21534
4.84366
4.26372
5.87998
4.72383
5.9175
5.91753
4.72354
5.88002
4.26376
4.8443
4.30302
3.69417
4.72408
5.04372
5.5425
5.54252
5.04378
4.72423
3.69413
4.30723
4.56665
4.55796
5.91777
5.54265
5.0819
5.08191
5.54265
5.91778
4.55824
4.56738
4.56676
4.55859
5.91796
5.54283
5.08204
5.08203
5.54283
5.91797
4.55883
4.56743
4.31863
3.69426
4.72407
5.04426
5.54297
5.54297
5.04438
4.7243
3.6943
4.31898
4.84661
4.26427
5.88062
4.72461
5.91822
5.91824
4.72436
5.88067
4.26432
4.84684
8.2159
6.80857
4.26439
3.69467
4.55869
4.55897
3.69455
4.26443
6.80842
8.21599
18.5636
8.216
4.84521
4.3094
4.56778
4.56778
4.31705
4.84657
8.21603
18.5634
53.9123
7.62969
4.2067
3.99169
4.70351
4.70339
3.98544
4.20617
7.62998
53.9112
7.62974
5.16652
3.70806
3.53657
4.74982
4.75032
3.53603
3.708
5.16646
7.62979
4.20693
3.70817
5.09978
4.34564
5.59984
5.59986
4.34583
5.0998
3.70817
4.20677
3.9928
3.53686
4.34568
4.87004
5.39391
5.39392
4.86999
4.34564
3.53677
3.99092
4.70421
4.75016
5.60006
5.39403
4.97766
4.97777
5.39402
5.60007
4.75063
4.7059
4.70401
4.75105
5.60022
5.39417
4.97809
4.97826
5.39416
5.60022
4.75147
4.70569
3.98506
3.53636
4.34629
4.8703
5.39428
5.39428
4.87021
4.34621
3.53638
3.9863
4.2067
3.70853
5.10032
4.34617
5.60043
5.60045
4.34631
5.10036
3.70856
4.20686
7.63069
5.16698
3.70871
3.53712
4.75099
4.75143
3.53666
3.70868
5.16692
7.63074
53.9116
7.63042
4.20727
3.99059
4.70601
4.7059
3.98751
4.20706
7.6307
53.9104
117.003
6.8936
3.62902
3.39702
4.77955
4.77949
3.39021
3.62874
6.894
117.003
6.89361
4.0037
3.04978
3.26004
4.76036
4.76032
3.25988
3.04977
4.0037
6.89371
3.62919
3.04985
3.91254
3.97748
5.30914
5.30915
3.97759
3.91256
3.04986
3.6291
3.3983
3.26019
3.97751
4.06266
5.26529
5.26529
4.06262
3.97746
3.25999
3.39584
4.77983
4.7606
5.30932
5.26538
4.83112
4.83113
5.26537
5.30931
4.76054
4.77974
4.77982
4.76062
5.30944
5.26549
4.83128
4.83133
5.26548
5.30943
4.76057
4.77974
3.38806
3.26023
3.97797
4.06288
5.26558
5.26558
4.06283
3.97789
3.2601
3.38686
3.62909
3.05022
3.91301
3.97789
5.30961
5.30962
3.97798
3.91303
3.05022
3.62903
6.89465
4.00418
3.05034
3.26045
4.76089
4.76085
3.26032
3.05032
4.00415
6.8947
117.003
6.89428
3.62956
3.3953
4.78011
4.78006
3.38918
3.62927
6.89463
117.003
121.676
5.8949
3.27516
2.69178
3.97831
3.97828
2.6966
3.27536
5.89512
121.677
5.89492
2.933
2.60223
2.85896
3.89023
3.88987
2.85891
2.60217
2.93297
5.89496
3.27522
2.60228
3.16563
3.64852
5.115
5.115
3.64848
3.16564
2.60226
3.2753
2.69128
2.85909
3.6486
3.79104
5.19716
5.19715
3.79104
3.64858
2.85901
2.69253
3.97847
3.89036
5.11515
5.19724
4.56483
4.56481
5.19723
5.11513
3.88986
3.97793
3.97849
3.88987
5.11524
5.19732
4.56487
4.56485
5.19731
5.11522
3.88943
3.97797
2.69866
2.85925
3.64878
3.79129
5.1974
5.1974
3.79129
3.64877
2.85919
2.69876
3.27584
2.60254
3.16602
3.64888
5.11538
5.11538
3.64885
3.16603
2.60252
3.27585
5.89563
2.93338
2.60268
2.85938
3.89023
3.88993
2.85934
2.60262
2.93333
5.89566
121.677
5.89543
3.27577
2.69358
3.97831
3.9783
2.6974
3.27592
5.89564
121.677
110.885
4.73125
3.64306
2.39961
3.23469
3.23477
2.40112
3.64303
4.73135
110.885
4.73127
1.80942
2.55868
2.5762
3.34552
3.3455
2.57652
2.55858
1.80934
4.73126
3.64311
2.55873
2.982
3.43868
4.62968
4.62962
3.43866
2.98202
2.5587
3.64311
2.39951
2.57629
3.43874
3.86252
4.6247
4.62469
3.86253
3.43874
2.5765
2.40008
3.23476
3.34568
4.62979
4.62477
4.40674
4.40673
4.62474
4.62964
3.34564
3.23434
3.23497
3.34571
4.62977
4.62481
4.4068
4.40678
4.6248
4.62962
3.34568
3.2345
2.40196
2.57693
3.43892
3.86276
4.62489
4.62488
3.86277
3.43892
2.57705
2.40219
3.64339
2.55889
2.98234
3.439
4.62987
4.62982
3.43898
2.98234
2.55886
3.6434
4.73175
1.80967
2.55905
2.5768
3.34589
3.34587
2.57704
2.55895
1.8096
4.73175
110.885
4.73164
3.6435
2.40062
3.23467
3.23473
2.4019
3.6435
4.73175
110.885
131.398
3.7339
4.27478
2.26388
3.19881
3.19881
2.26327
4.27476
3.73395
131.398
3.73391
0.556115
2.46535
2.51251
3.33275
3.33274
2.51252
2.46529
0.55602
3.73387
4.27484
2.4654
3.05795
3.39299
4.08962
4.08961
3.393
3.05795
2.46537
4.27478
2.26408
2.5126
3.39304
4.04557
4.2594
4.25939
4.04557
3.39303
2.51262
2.26393
3.19897
3.33289
4.08972
4.25945
4.40141
4.40141
4.25944
4.08968
3.33287
3.19895
3.19901
3.33292
4.08976
4.2595
4.40147
4.40147
4.25949
4.08973
3.3329
3.199
2.2633
2.51277
3.39322
4.04574
4.25956
4.25956
4.04574
3.39321
2.51278
2.26327
4.27504
2.46554
3.05821
3.39325
4.08986
4.08985
3.39326
3.05822
2.46553
4.27499
3.73427
0.556287
2.46564
2.51286
3.33307
3.33306
2.51286
2.46559
0.556202
3.73425
131.398
3.73418
4.27509
2.26411
3.19918
3.19918
2.26359
4.27507
3.73424
131.399
150.38
3.54642
3.75522
2.4271
3.33643
3.33641
2.42693
3.75519
3.54646
150.38
3.54642
-0.817421
2.09513
2.64518
3.45999
3.45999
2.64512
2.09508
-0.817518
3.54638
3.75529
2.09517
3.20318
3.51517
4.10175
4.10175
3.51517
3.20317
2.09514
3.75524
2.42723
2.64526
3.51521
4.26164
4.34673
4.34673
4.26163
3.5152
2.64522
2.42717
3.33659
3.46011
4.10184
4.34678
4.60177
4.60177
4.34677
4.10183
3.46012
3.33664
3.33659
3.46016
4.10188
4.34682
4.60182
4.60182
4.34682
4.10188
3.46017
3.33666
2.42708
2.64531
3.51535
4.26178
4.34687
4.34687
4.26177
3.51534
2.64529
2.42707
3.7554
2.09529
3.20338
3.51538
4.10197
4.10197
3.51538
3.20338
2.09527
3.75536
3.54673
-0.817302
2.09536
2.64543
3.46028
3.46028
2.64538
2.09532
-0.817382
3.54671
150.381
3.54663
3.75546
2.42736
3.33681
3.33679
2.42721
3.75544
3.5467
150.381
155.594
4.94414
3.36967
2.79168
3.87724
3.87722
2.79169
3.36965
4.9442
155.594
4.94413
-1.40617
1.49989
2.8986
4.03532
4.03535
2.89858
1.49985
-1.40624
4.94412
3.36971
1.49992
3.36518
3.80802
4.35554
4.35553
3.80801
3.36517
1.49987
3.36967
2.79175
2.89866
3.80805
4.6094
4.65274
4.65274
4.6094
3.80805
2.89863
2.79175
3.8774
4.03544
4.35561
4.65278
4.90415
4.90415
4.65278
4.3556
4.03551
3.87754
3.8774
4.03552
4.35564
4.65282
4.90419
4.90419
4.65282
4.35564
4.03559
3.87755
2.79188
2.89874
3.80816
4.60952
4.65286
4.65286
4.60951
3.80815
2.89872
2.79188
3.36983
1.50002
3.36534
3.80819
4.35572
4.35571
3.80819
3.36533
1.49997
3.3698
4.94444
-1.40606
1.50005
2.8988
4.03563
4.03566
2.89879
1.50001
-1.4061
4.94447
155.594
4.94433
3.36986
2.79193
3.87765
3.87764
2.79195
3.36986
4.94444
155.595
160.57
8.84753
3.51997
3.28782
4.53039
4.53039
3.28781
3.51996
8.84761
160.57
8.84751
0.268017
1.06814
3.30273
4.66019
4.66019
3.30272
1.06811
0.267937
8.84755
3.52
1.06816
3.55243
4.26689
4.80221
4.80221
4.26688
3.55242
1.06812
3.51996
3.28788
3.30278
4.26692
5.1012
5.19137
5.19137
5.10119
4.26691
3.30276
3.28786
4.53048
4.66027
4.80227
5.19141
5.31018
5.31018
5.19141
4.80227
4.66024
4.53044
4.5305
4.66029
4.8023
5.19144
5.31021
5.31021
5.19144
4.8023
4.66026
4.53046
3.28795
3.30285
4.267
5.10129
5.19147
5.19147
5.10128
4.267
3.30284
3.28794
3.52011
1.06825
3.55256
4.26703
4.80236
4.80236
4.26703
3.55256
1.06823
3.52008
8.84781
0.268086
1.06826
3.3029
4.66035
4.66035
3.30289
1.06825
0.268077
8.84791
160.57
8.84771
3.5201
3.28801
4.53056
4.53056
3.288
3.52011
8.84787
160.571
)
;

boundaryField
{
    bottom
    {
        type            fixedFluxPressure;
        gradient        nonuniform List<scalar> 0();
        value           nonuniform List<scalar> 0();
    }
    atmosphere
    {
        type            prghTotalPressure;
        p0              nonuniform List<scalar> 0();
        value           nonuniform List<scalar> 0();
    }
    walls
    {
        type            fixedFluxPressure;
        gradient        uniform 0;
        value           nonuniform List<scalar> 
400
(
28.435
10.0728
5.59942
4.5743
4.84816
4.84833
4.59042
5.60288
10.0732
28.4363
18.563
8.21539
4.84366
4.30302
4.56665
4.56676
4.31863
4.84661
8.2159
18.5636
53.9123
7.62974
4.20693
3.9928
4.70421
4.70401
3.98506
4.2067
7.63069
53.9116
117.003
6.89361
3.62919
3.3983
4.77983
4.77982
3.38806
3.62909
6.89465
117.003
121.676
5.89492
3.27522
2.69128
3.97847
3.97849
2.69866
3.27584
5.89563
121.677
110.885
4.73127
3.64311
2.39951
3.23476
3.23497
2.40196
3.64339
4.73175
110.885
131.398
3.73391
4.27484
2.26408
3.19897
3.19901
2.2633
4.27504
3.73427
131.398
150.38
3.54642
3.75529
2.42723
3.33659
3.33659
2.42708
3.7554
3.54673
150.381
155.594
4.94413
3.36971
2.79175
3.8774
3.8774
2.79188
3.36983
4.94444
155.594
160.57
8.84751
3.52
3.28788
4.53048
4.5305
3.28795
3.52011
8.84781
160.57
28.4354
10.0728
5.60033
4.57884
4.84836
4.84852
4.59105
5.60309
10.0733
28.4367
18.5629
8.21534
4.8443
4.30723
4.56738
4.56743
4.31898
4.84684
8.21599
18.5634
53.9112
7.62979
4.20677
3.99092
4.7059
4.70569
3.9863
4.20686
7.63074
53.9104
117.003
6.89371
3.6291
3.39584
4.77974
4.77974
3.38686
3.62903
6.8947
117.003
121.677
5.89496
3.2753
2.69253
3.97793
3.97797
2.69876
3.27585
5.89566
121.677
110.885
4.73126
3.64311
2.40008
3.23434
3.2345
2.40219
3.6434
4.73175
110.885
131.398
3.73387
4.27478
2.26393
3.19895
3.199
2.26327
4.27499
3.73425
131.399
150.38
3.54638
3.75524
2.42717
3.33664
3.33666
2.42707
3.75536
3.54671
150.381
155.594
4.94412
3.36967
2.79175
3.87754
3.87755
2.79188
3.3698
4.94447
155.595
160.57
8.84755
3.51996
3.28786
4.53044
4.53046
3.28794
3.52008
8.84791
160.571
28.435
18.563
53.9123
117.003
121.676
110.885
131.398
150.38
155.594
160.57
10.0727
8.21527
7.62969
6.8936
5.8949
4.73125
3.7339
3.54642
4.94414
8.84753
5.5996
4.84374
4.2067
3.62902
3.27516
3.64306
4.27478
3.75522
3.36967
3.51997
4.57606
4.3045
3.99169
3.39702
2.69178
2.39961
2.26388
2.4271
2.79168
3.28782
4.84766
4.56611
4.70351
4.77955
3.97831
3.23469
3.19881
3.33643
3.87724
4.53039
4.8477
4.56615
4.70339
4.77949
3.97828
3.23477
3.19881
3.33641
3.87722
4.53039
4.58694
4.31537
3.98544
3.39021
2.6966
2.40112
2.26327
2.42693
2.79169
3.28781
5.60161
4.84542
4.20617
3.62874
3.27536
3.64303
4.27476
3.75519
3.36965
3.51996
10.0725
8.2152
7.62998
6.894
5.89512
4.73135
3.73395
3.54646
4.9442
8.84761
28.4354
18.5629
53.9112
117.003
121.677
110.885
131.398
150.38
155.594
160.57
28.4363
18.5636
53.9116
117.003
121.677
110.885
131.398
150.381
155.594
160.57
10.0735
8.216
7.63042
6.89428
5.89543
4.73164
3.73418
3.54663
4.94433
8.84771
5.60138
4.84521
4.20727
3.62956
3.27577
3.6435
4.27509
3.75546
3.36986
3.5201
4.58121
4.3094
3.99059
3.3953
2.69358
2.40062
2.26411
2.42736
2.79193
3.28801
4.84892
4.56778
4.70601
4.78011
3.97831
3.23467
3.19918
3.33681
3.87765
4.53056
4.84896
4.56778
4.7059
4.78006
3.9783
3.23473
3.19918
3.33679
3.87764
4.53056
4.58911
4.31705
3.98751
3.38918
2.6974
2.4019
2.26359
2.42721
2.79195
3.288
5.60285
4.84657
4.20706
3.62927
3.27592
3.6435
4.27507
3.75544
3.36986
3.52011
10.0734
8.21603
7.6307
6.89463
5.89564
4.73175
3.73424
3.5467
4.94444
8.84787
28.4367
18.5634
53.9104
117.003
121.677
110.885
131.399
150.381
155.595
160.571
)
;
    }
    procBoundary0to1
    {
        type            processor;
        value           nonuniform List<scalar> 
100
(
166.404
14.1591
4.09759
3.99235
4.99041
4.9904
3.99234
4.09757
14.1591
166.404
14.159
2.96428
2.08765
4.09986
5.43599
5.43598
4.09986
2.08763
2.96424
14.1591
4.09761
2.08767
4.11084
4.93482
5.46455
5.46455
4.93482
4.11083
2.08764
4.09758
3.9924
4.0999
4.93484
5.70527
5.91554
5.91554
5.70527
4.93484
4.0999
3.99239
4.99048
5.43605
5.4646
5.91557
5.80702
5.80701
5.91557
5.46459
5.43603
4.99044
4.99049
5.43606
5.46462
5.9156
5.80704
5.80704
5.91559
5.46462
5.43604
4.99046
3.99246
4.09997
4.93491
5.70535
5.91562
5.91562
5.70535
4.93491
4.09997
3.99245
4.0977
2.08775
4.11095
4.93494
5.46467
5.46467
4.93494
4.11095
2.08776
4.09768
14.1593
2.96435
2.08776
4.10001
5.43612
5.43612
4.10001
2.08778
2.96436
14.1594
166.404
14.1592
4.0977
3.9925
4.99054
4.99054
3.9925
4.0977
14.1594
166.405
)
;
    }
    procBoundary0to2
    {
        type            processor;
        value           nonuniform List<scalar> 
100
(
73.5442
13.1938
6.73589
4.93431
5.52476
5.52563
4.93539
6.73394
13.194
73.5443
13.1938
6.53211
5.43412
4.19412
4.80324
4.80324
4.19427
5.43419
6.53227
13.194
6.73651
5.43429
6.29451
5.23621
5.68476
5.68469
5.23661
6.2945
5.43438
6.73563
4.93453
4.19445
5.23629
4.58839
5.15594
5.15593
4.58841
5.23639
4.19452
4.93498
5.52429
4.80378
5.68525
5.1562
5.36834
5.36813
5.15611
5.68549
4.80381
5.52124
5.52627
4.80394
5.68535
5.15643
5.36837
5.36843
5.15634
5.68562
4.80397
5.523
4.93648
4.1951
5.23742
4.58907
5.15657
5.15656
4.58909
5.23737
4.19512
4.93657
6.73431
5.43506
6.29532
5.2373
5.68603
5.68598
5.23759
6.29534
5.43514
6.73417
13.1949
6.53319
5.43525
4.19535
4.80451
4.8045
4.19545
5.43531
6.53334
13.1949
73.5452
13.1949
6.73619
4.93598
5.5235
5.52409
4.93678
6.73476
13.1951
73.5454
)
;
    }
}


// ************************************************************************* //
