/*--------------------------------*- C++ -*----------------------------------*\
| =========                 |                                                 |
| \\      /  F ield         | OpenFOAM: The Open Source CFD Toolbox           |
|  \\    /   O peration     | Version:  2412                                  |
|   \\  /    A nd           | Website:  www.openfoam.com                      |
|    \\/     M anipulation  |                                                 |
\*---------------------------------------------------------------------------*/
FoamFile
{
    version     2.0;
    format      ascii;
    arch        "LSB;label=32;scalar=64";
    class       volScalarField;
    location    "0.48";
    object      p_rgh;
}
// * * * * * * * * * * * * * * * * * * * * * * * * * * * * * * * * * * * * * //

dimensions      [1 -1 -2 0 0 0 0];

internalField   nonuniform List<scalar> 
4000
(
623.018
437.322
423.403
523.41
845.664
845.667
523.41
423.403
437.322
623.018
437.322
99.9049
54.4236
78.6281
164.665
164.664
78.628
54.4236
99.905
437.322
423.403
54.4236
83.5236
105.131
156.928
156.928
105.131
83.5234
54.4236
423.403
523.41
78.6281
105.132
98.1323
115.772
115.772
98.1321
105.131
78.628
523.409
845.664
164.665
156.928
115.772
385.586
385.586
115.772
156.928
164.664
845.654
845.667
164.664
156.928
115.772
385.586
385.586
115.772
156.928
164.664
845.657
523.41
78.628
105.131
98.1321
115.772
115.772
98.132
105.131
78.6279
523.409
423.403
54.4236
83.5234
105.131
156.928
156.928
105.131
83.5233
54.4235
423.403
437.322
99.905
54.4236
78.628
164.664
164.664
78.6279
54.4235
99.905
437.322
623.018
437.322
423.403
523.409
845.654
845.657
523.409
423.403
437.322
623.018
423.562
117.353
44.5558
3.79162
4.39516
4.39545
3.79159
44.5556
117.352
423.562
117.353
-26.2548
-2.09662
-7.38575
9.74739
9.74737
-7.38577
-2.09663
-26.2547
117.353
44.5558
-2.09662
21.9026
16.3903
34.4654
34.4654
16.3902
21.9025
-2.09661
44.5557
3.79162
-7.38573
16.3903
6.91643
11.7658
11.7658
6.91633
16.3901
-7.38576
3.79146
4.39513
9.74737
34.4654
11.7658
121.308
121.308
11.7658
34.4653
9.74726
4.39418
4.39547
9.74734
34.4654
11.7658
121.308
121.309
11.7658
34.4654
9.74723
4.39455
3.7916
-7.38576
16.3902
6.91633
11.7658
11.7658
6.91623
16.39
-7.38579
3.79143
44.5556
-2.09663
21.9025
16.3901
34.4653
34.4654
16.39
21.9025
-2.09661
44.5555
117.352
-26.2547
-2.09661
-7.38578
9.74726
9.74726
-7.3858
-2.09662
-26.2547
117.352
423.562
117.353
44.5557
3.79145
4.39422
4.39453
3.79143
44.5555
117.352
423.562
317.698
86.4199
75.7678
70.4897
90.131
90.1308
70.4896
75.7676
86.4199
317.698
86.4199
-29.619
1.59813
-7.00785
8.99187
8.99186
-7.00787
1.59811
-29.6189
86.4199
75.7678
1.59813
25.81
16.1769
23.1455
23.1456
16.1768
25.81
1.59816
75.7678
70.4897
-7.00783
16.1769
4.98641
9.22599
9.226
4.98633
16.1768
-7.00781
70.4898
90.1308
8.99185
23.1455
9.22599
12.6801
12.6801
9.22596
23.1455
8.99184
90.1313
90.1308
8.99185
23.1456
9.226
12.6801
12.6801
9.22598
23.1456
8.99184
90.1312
70.4896
-7.00786
16.1768
4.98633
9.22597
9.22598
4.98624
16.1767
-7.00783
70.4896
75.7676
1.59811
25.81
16.1768
23.1455
23.1456
16.1767
25.8099
1.59814
75.7676
86.4199
-29.6189
1.59815
-7.00782
8.99186
8.99186
-7.00784
1.59813
-29.6188
86.4198
317.698
86.4199
75.7678
70.4898
90.1315
90.1313
70.4897
75.7676
86.4198
317.698
220.191
52.2528
52.4544
47.8145
56.7129
56.713
47.8144
52.4544
52.2528
220.191
52.2528
-44.5556
-3.46474
-14.1278
0.953873
0.9539
-14.1278
-3.46472
-44.5554
52.2527
52.4544
-3.46474
19.2966
10.2031
13.4004
13.4005
10.203
19.2965
-3.46468
52.4545
47.8145
-14.1278
10.2032
3.19799
6.77292
6.77293
3.19794
10.203
-14.1277
47.8145
56.7128
0.953857
13.4004
6.77291
10.8594
10.8594
6.77289
13.4004
0.953883
56.713
56.713
0.953901
13.4005
6.77293
10.8594
10.8594
6.77291
13.4005
0.953919
56.7131
47.8144
-14.1278
10.203
3.19793
6.7729
6.77291
3.19787
10.2029
-14.1277
47.8144
52.4544
-3.46472
19.2965
10.203
13.4004
13.4005
10.2029
19.2965
-3.46466
52.4545
52.2528
-44.5554
-3.46468
-14.1277
0.953892
0.953914
-14.1277
-3.46467
-44.5552
52.2528
220.191
52.2527
52.4545
47.8145
56.713
56.7131
47.8144
52.4545
52.2528
220.191
134.762
32.0601
29.7744
23.8612
31.2096
31.2098
23.8611
29.7745
32.0602
134.762
32.0601
-42.724
-4.42212
-14.8919
-1.66633
-1.6663
-14.8919
-4.42206
-42.7239
32.0601
29.7744
-4.42212
13.729
6.57682
10.1719
10.172
6.57675
13.729
-4.42205
29.7745
23.8612
-14.8919
6.57684
1.91719
6.24592
6.24594
1.91712
6.57679
-14.8918
23.8612
31.2096
-1.66634
10.1719
6.24591
10.6857
10.6857
6.2459
10.1719
-1.66632
31.2097
31.2098
-1.6663
10.172
6.24593
10.6857
10.6857
6.24591
10.172
-1.66629
31.2099
23.8611
-14.8919
6.57675
1.91712
6.2459
6.24592
1.91705
6.5767
-14.8919
23.8611
29.7745
-4.42207
13.729
6.57677
10.1719
10.172
6.57669
13.729
-4.42199
29.7746
32.0601
-42.7239
-4.42205
-14.8918
-1.66632
-1.6663
-14.8919
-4.422
-42.7238
32.0602
134.762
32.0601
29.7745
23.8612
31.2097
31.2098
23.8611
29.7746
32.0602
134.762
79.0238
19.0965
17.0108
10.824
19.7213
19.7211
10.824
17.0109
19.0965
79.0238
19.0965
-34.5997
-6.04681
-15.8203
-1.90072
-1.90068
-15.8203
-6.04675
-34.5996
19.0965
17.0108
-6.04682
10.1923
3.08127
7.57771
7.57776
3.08124
10.1924
-6.04679
17.0109
10.824
-15.8202
3.08129
0.621713
4.55849
4.5585
0.62169
3.08137
-15.8203
10.824
19.7213
-1.90073
7.57769
4.55848
8.61071
8.6107
4.55846
7.5777
-1.90072
19.7213
19.7212
-1.90066
7.57776
4.5585
8.6107
8.6107
4.55848
7.57777
-1.90066
19.7212
10.824
-15.8203
3.08124
0.621685
4.55847
4.55849
0.621662
3.08132
-15.8204
10.824
17.0109
-6.04676
10.1924
3.08134
7.57772
7.57776
3.08131
10.1924
-6.04674
17.0109
19.0965
-34.5996
-6.04679
-15.8203
-1.90072
-1.90068
-15.8204
-6.04674
-34.5996
19.0965
79.0238
19.0965
17.0109
10.824
19.7212
19.7211
10.824
17.0109
19.0965
79.0238
46.2191
10.256
9.07063
1.55624
6.80468
6.8045
1.5562
9.07065
10.2559
46.2192
10.256
-28.9146
-5.88419
-16.9815
-1.26562
-1.26573
-16.9816
-5.88411
-28.9145
10.256
9.07063
-5.88422
7.19681
2.59286
5.50314
5.50321
2.59284
7.19684
-5.88421
9.07063
1.55627
-16.9814
2.59289
0.969035
3.15352
3.15354
0.969027
2.593
-16.9815
1.55626
6.80477
-1.26556
5.50311
3.1535
6.47857
6.47855
3.1535
5.50312
-1.26558
6.80474
6.80449
-1.26572
5.50321
3.15353
6.47855
6.47854
3.15352
5.50322
-1.26574
6.80448
1.55622
-16.9816
2.59285
0.969023
3.15351
3.15353
0.969018
2.59297
-16.9816
1.5562
9.07065
-5.88412
7.19684
2.59297
5.50315
5.50321
2.59296
7.19687
-5.88412
9.07065
10.2559
-28.9145
-5.88419
-16.9815
-1.26565
-1.26575
-16.9816
-5.88412
-28.9145
10.256
46.2192
10.256
9.07063
1.55623
6.80465
6.80449
1.55619
9.07065
10.256
46.2192
27.1287
3.85104
3.65656
-2.58413
-1.86242
-1.86244
-2.58413
3.65658
3.85105
27.1288
3.85105
-23.0436
-7.59774
-16.8968
-2.87897
-2.87896
-16.8969
-7.59768
-23.0436
3.85106
3.65656
-7.59777
3.72714
3.65545
3.47514
3.47522
3.65544
3.72712
-7.59776
3.65656
-2.58411
-16.8968
3.65546
4.13886
1.84341
1.84342
4.13878
3.65562
-16.8969
-2.58412
-1.86241
-2.87894
3.47509
1.84339
4.74171
4.74168
1.84339
3.4751
-2.87895
-1.86241
-1.86244
-2.87893
3.47521
1.8434
4.74167
4.74166
1.8434
3.47521
-2.87895
-1.86244
-2.58412
-16.8969
3.65545
4.13878
1.84342
1.84342
4.13872
3.65562
-16.8969
-2.58412
3.65658
-7.59769
3.72712
3.6556
3.47514
3.47521
3.65561
3.72709
-7.59769
3.65658
3.85104
-23.0436
-7.59774
-16.8969
-2.87899
-2.87899
-16.8969
-7.59769
-23.0436
3.85106
27.1288
3.85105
3.65656
-2.58413
-1.86243
-1.86244
-2.58414
3.65658
3.85106
27.1288
15.8596
-0.589037
0.87229
-3.37709
-3.15644
-3.15641
-3.3771
0.872307
-0.589044
15.8597
-0.589033
-14.4777
-7.61427
-12.3513
-1.75303
-1.75287
-12.3513
-7.61421
-14.4777
-0.58902
0.872288
-7.61429
1.0998
2.7784
2.15029
2.15026
2.77857
1.09975
-7.61428
0.872296
-3.37709
-12.3513
2.77839
6.33059
1.1257
1.12563
6.33059
2.77855
-12.3513
-3.37709
-3.15645
-1.75304
2.15025
1.12567
3.48017
3.48013
1.12567
2.15022
-1.75303
-3.15645
-3.15642
-1.75282
2.15021
1.12558
3.48011
3.48009
1.12558
2.15019
-1.75283
-3.15641
-3.37709
-12.3513
2.77859
6.33059
1.1257
1.12563
6.3306
2.77875
-12.3513
-3.3771
0.872302
-7.61422
1.09974
2.77856
2.15025
2.15023
2.77872
1.09969
-7.61423
0.872305
-0.589048
-14.4777
-7.61427
-12.3513
-1.75303
-1.75289
-12.3513
-7.61423
-14.4777
-0.589041
15.8597
-0.589026
0.872293
-3.3771
-3.15644
-3.15641
-3.37711
0.872306
-0.589039
15.8597
8.79928
-3.97622
-0.6679
-3.24286
-2.32266
-2.32265
-3.24288
-0.667888
-3.97621
8.7994
-3.97622
-7.94668
-5.59635
-6.84373
2.22218
2.22241
-6.84381
-5.59631
-7.94672
-3.97621
-0.6679
-5.59636
0.664122
-0.979964
2.34235
2.34163
-0.97979
0.664074
-5.59636
-0.66789
-3.24286
-6.84373
-0.979967
7.22735
1.19654
1.19619
7.22741
-0.979801
-6.84375
-3.24287
-2.32267
2.22215
2.34239
1.1965
3.40017
3.40009
1.19648
2.34221
2.22218
-2.32267
-2.32266
2.22247
2.34141
1.19604
3.40006
3.4
1.19606
2.34131
2.22248
-2.32266
-3.24289
-6.84383
-0.979777
7.22742
1.19652
1.1962
7.22748
-0.979621
-6.84384
-3.24289
-0.667893
-5.59632
0.664064
-0.979808
2.34217
2.34153
-0.979644
0.664024
-5.59633
-0.667888
-3.97622
-7.94674
-5.59636
-6.84376
2.2222
2.22241
-6.84382
-5.59633
-7.94677
-3.97621
8.7994
-3.97621
-0.667895
-3.24287
-2.32267
-2.32266
-3.24289
-0.667887
-3.97621
8.79948
4.4573
-7.13657
-1.78273
-3.1675
-1.58948
-1.58953
-3.16753
-1.78275
-7.1366
4.45736
-7.13656
-5.45604
-3.49988
-4.04821
5.45739
5.45724
-4.04838
-3.49992
-5.45612
-7.13656
-1.78273
-3.49988
0.493228
-0.53506
5.1966
5.19397
-0.535066
0.493161
-3.4999
-1.78272
-3.1675
-4.04818
-0.53506
8.47923
2.97103
2.97001
8.47923
-0.535185
-4.04821
-3.1675
-1.58947
5.45746
5.19684
2.97094
5.29445
5.29419
2.97088
5.19624
5.45743
-1.58948
-1.58955
5.45722
5.19326
2.96964
5.29413
5.29386
2.96968
5.19295
5.45722
-1.58955
-3.16754
-4.04842
-0.535075
8.47923
2.97095
2.97003
8.47925
-0.535195
-4.04842
-3.16754
-1.78276
-3.49994
0.493148
-0.535191
5.19599
5.19365
-0.535191
0.493097
-3.49995
-1.78275
-7.13661
-5.45614
-3.49992
-4.04825
5.45736
5.45723
-4.04839
-3.49994
-5.45618
-7.13659
4.45736
-7.13657
-1.78273
-3.16751
-1.5895
-1.58953
-3.16754
-1.78274
-7.13659
4.45734
0.831666
-8.33527
-2.15634
-2.40063
-0.483542
-0.483643
-2.40068
-2.1564
-8.33541
0.831634
-8.33527
-4.10633
-2.2762
-1.92864
7.40132
7.40069
-1.92877
-2.27629
-4.10642
-8.33526
-2.15633
-2.27618
0.668218
3.32849
9.27514
9.27494
3.3283
0.668133
-2.27623
-2.15633
-2.40063
-1.92864
3.32842
10.5004
7.56935
7.56847
10.5003
3.32766
-1.92867
-2.40064
-0.483521
7.40143
9.27517
7.56932
7.76339
7.76366
7.56933
9.27507
7.4013
-0.483545
-0.48367
7.4005
9.27489
7.56821
7.76378
7.76385
7.5683
9.27482
7.40047
-0.483678
-2.40069
-1.92881
3.32824
10.5002
7.56936
7.56855
10.5001
3.32749
-1.92882
-2.40069
-2.15641
-2.27632
0.668119
3.32774
9.27503
9.27486
3.32756
0.668057
-2.27634
-2.1564
-8.33542
-4.10645
-2.27625
-1.92868
7.40118
7.40065
-1.92878
-2.27632
-4.1065
-8.3354
0.831631
-8.33527
-2.15634
-2.40065
-0.483569
-0.483656
-2.40069
-2.15639
-8.3354
0.83159
2.1681
-5.49581
-1.29016
-0.708909
1.12416
1.12414
-0.708941
-1.29024
-5.4959
2.16806
-5.49581
-1.69168
-0.705653
0.10215
4.46853
4.46756
0.102407
-0.705767
-1.69176
-5.49583
-1.29016
-0.705633
1.27925
8.26556
10.3482
10.3481
8.26543
1.27919
-0.70569
-1.29017
-0.708915
0.102016
8.26574
5.90507
6.26788
6.27003
5.90547
8.26565
0.102038
-0.708925
1.12414
4.46863
10.3485
6.26821
3.58251
3.58267
6.26852
10.3485
4.46841
1.12412
1.12413
4.46719
10.3482
6.27096
3.5827
3.58295
6.27104
10.3482
4.46712
1.12412
-0.708952
0.102436
8.26548
5.90546
6.26825
6.27017
5.90575
8.26544
0.102424
-0.708955
-1.29025
-0.705794
1.27918
8.26547
10.3482
10.3481
8.26538
1.27913
-0.705824
-1.29025
-5.49591
-1.69177
-0.705717
0.102158
4.46831
4.46748
0.102388
-0.705804
-1.69183
-5.49591
2.16805
-5.49583
-1.29017
-0.708924
1.12414
1.12412
-0.708949
-1.29024
-5.4959
2.16804
6.94565
-0.288857
1.09709
1.22261
2.87348
2.87375
1.2226
1.09705
-0.288846
6.94562
-0.288857
1.73345
1.43595
2.14503
4.03046
4.02986
2.14509
1.43587
1.73342
-0.288897
1.09708
1.43596
2.37797
6.92568
6.44896
6.45094
6.92552
2.37795
1.43592
1.09707
1.22261
2.145
6.92555
2.93863
3.79988
3.80041
2.9387
6.92571
2.145
1.2226
2.87338
4.03069
6.44898
3.79993
3.54703
3.54707
3.80002
6.44963
4.03056
2.8734
2.8738
4.02979
6.45155
3.8006
3.54709
3.54714
3.80064
6.45201
4.02974
2.87378
1.2226
2.1451
6.92538
2.93869
3.79999
3.80046
2.93875
6.92555
2.14509
1.22259
1.09705
1.43585
2.37796
6.92581
6.44962
6.45139
6.92566
2.37795
1.43583
1.09705
-0.288851
1.73341
1.43591
2.14502
4.03034
4.02981
2.14508
1.43585
1.73339
-0.288863
6.94562
-0.2889
1.09707
1.2226
2.8735
2.87374
1.2226
1.09705
-0.288861
6.94563
11.0213
4.55476
3.3427
3.04451
4.7188
4.7196
3.04451
3.34271
4.55478
11.0213
4.55476
5.00718
3.56588
4.02721
5.32426
5.32547
4.02712
3.56591
5.00718
4.55472
3.34269
3.56587
3.82561
4.99604
4.92248
4.92328
4.99581
3.82563
3.56587
3.34268
3.0445
4.02723
4.99604
3.70067
4.0541
4.05431
3.70069
4.99608
4.02721
3.04449
4.71854
5.32408
4.92244
4.05408
4.329
4.32902
4.05413
4.92262
5.32427
4.71868
4.71978
5.32589
4.92352
4.05436
4.32903
4.32904
4.05439
4.92362
5.32589
4.7198
3.0445
4.0271
4.99575
3.7007
4.05416
4.05435
3.70071
4.99584
4.0271
3.0445
3.34271
3.56592
3.82565
4.99607
4.92267
4.92338
4.99588
3.82567
3.56592
3.3427
4.55478
5.00718
3.56588
4.02719
5.32445
5.32549
4.02713
3.56591
5.00719
4.55477
11.0213
4.55472
3.34269
3.0445
4.71893
4.71962
3.0445
3.3427
4.55477
11.0213
11.0117
7.21758
5.07811
4.51243
6.0053
6.00368
4.51242
5.07813
7.21758
11.0117
7.21758
6.92485
5.23251
5.53199
6.57421
6.57682
5.53175
5.23259
6.92487
7.21756
5.0781
5.23248
5.22758
5.74324
5.45074
5.45111
5.74318
5.2276
5.23249
5.07809
4.51243
5.53206
5.74325
4.81169
4.90411
4.9042
4.81168
5.74324
5.53202
4.51242
6.00582
6.57355
5.45067
4.9041
5.23443
5.23445
4.90412
5.45074
6.57406
6.00555
6.00335
6.57749
5.45119
4.90422
5.23445
5.23447
4.90424
5.45122
6.57761
6.00333
4.51242
5.5317
5.74316
4.81168
4.90415
4.90423
4.81167
5.74317
5.53169
4.51241
5.07813
5.23262
5.22762
5.74322
5.45081
5.45114
5.74318
5.22764
5.23262
5.07812
7.21759
6.92488
5.23252
5.53195
6.5747
6.57696
5.53174
5.2326
6.9249
7.21757
11.0117
7.21756
5.0781
4.51242
6.00504
6.00365
4.51241
5.07812
7.21757
11.0116
9.49294
7.90371
6.14169
5.63645
6.88001
6.87875
5.63643
6.14169
7.90371
9.49293
7.90372
7.59131
6.31403
6.54283
7.58249
7.58165
6.54286
6.31407
7.59132
7.9037
6.14168
6.31402
6.23367
6.97846
6.30283
6.30291
6.97843
6.23367
6.31402
6.14167
5.63646
6.54282
6.97848
6.13383
5.88362
5.88362
6.13385
6.97846
6.54283
5.63644
6.88032
7.5826
6.30279
5.88362
6.11796
6.11797
5.88364
6.30281
7.58256
6.88003
6.87839
7.58129
6.3029
5.88362
6.11798
6.11799
5.88364
6.30291
7.58138
6.8783
5.63642
6.54287
6.97843
6.13387
5.88364
5.88364
6.13391
6.97842
6.54287
5.63642
6.14169
6.31409
6.23367
6.97844
6.30286
6.30292
6.97841
6.23367
6.31409
6.14168
7.90371
7.59132
6.31404
6.54283
7.58244
7.58173
6.54286
6.31408
7.59133
7.90369
9.49293
7.90371
6.14167
5.63644
6.87974
6.87865
5.63642
6.14168
7.9037
9.49291
8.80198
8.01736
6.83809
6.51518
7.76931
7.77007
6.51516
6.83809
8.01736
8.80198
8.01736
7.84908
7.04775
7.28095
8.17869
8.17672
7.28108
7.04775
7.84908
8.01735
6.83809
7.04775
7.00099
8.08585
7.16572
7.16537
8.08591
7.001
7.04774
6.83808
6.51518
7.28092
8.08584
7.88162
6.94145
6.94141
7.88168
8.08584
7.28094
6.51517
7.76903
8.17918
7.1658
6.94147
6.92435
6.92436
6.94148
7.16571
8.17862
7.76911
7.7702
8.17614
7.16527
6.94142
6.92436
6.92436
6.94145
7.16523
8.1759
7.77017
6.51516
7.28111
8.08594
7.88173
6.94147
6.94145
7.88184
8.08593
7.28111
6.51515
6.83809
7.04775
7.00101
8.08586
7.16564
7.16534
8.08591
7.00101
7.04775
6.83808
8.01736
7.84908
7.04775
7.28097
8.17816
8.17647
7.28108
7.04775
7.84908
8.01735
8.80198
8.01735
6.83808
6.51517
7.76939
7.77004
6.51516
6.83808
8.01735
8.80196
8.68137
8.19331
7.38708
7.20925
8.53373
8.53467
7.20925
7.38708
8.19332
8.68137
8.19331
8.10359
7.60435
7.88173
8.62428
8.6249
7.88178
7.60434
8.10358
8.1933
7.38708
7.60435
7.63883
8.94793
7.89754
7.89742
8.948
7.63885
7.60435
7.38707
7.20925
7.88173
8.94792
9.03305
7.92711
7.92708
9.03309
8.94792
7.88174
7.20924
8.53357
8.62404
7.89759
7.92714
7.67292
7.67292
7.92714
7.89755
8.62386
8.53381
8.53503
8.62499
7.89741
7.92709
7.67292
7.67293
7.92713
7.8974
8.62473
8.53513
7.20925
7.88179
8.94804
9.03312
7.92712
7.92711
9.03311
8.94803
7.8818
7.20925
7.38708
7.60434
7.63885
8.94794
7.89752
7.89741
8.948
7.63887
7.60434
7.38708
8.19332
8.10358
7.60435
7.88174
8.6241
8.62464
7.88179
7.60434
8.10358
8.1933
8.68137
8.1933
7.38708
7.20925
8.53396
8.53478
7.20925
7.38708
8.1933
8.68136
8.66732
8.37676
7.83517
7.75941
8.92079
8.92089
7.75943
7.83517
8.37676
8.66732
8.37676
8.33881
8.0401
8.33977
8.92504
8.92668
8.3398
8.0401
8.3388
8.37675
7.83517
8.0401
8.15523
9.29167
8.50357
8.50358
9.29178
8.15524
8.0401
7.83516
7.75941
8.33977
9.29163
9.83318
8.61217
8.61215
9.83322
9.29169
8.33976
7.75941
8.9208
8.92446
8.50358
8.61219
8.2592
8.25919
8.61218
8.50367
8.92469
8.9209
8.92095
8.92701
8.50358
8.61215
8.25919
8.25918
8.61217
8.50368
8.927
8.92104
7.75943
8.3398
9.29175
9.83326
8.61215
8.61215
9.83324
9.2918
8.33979
7.75943
7.83517
8.04009
8.15525
9.29173
8.50366
8.50366
9.29183
8.15526
8.04009
7.83517
8.37676
8.3388
8.0401
8.33976
8.92524
8.92666
8.33979
8.0401
8.3388
8.37675
8.66732
8.37675
7.83517
7.75941
8.92088
8.92097
7.75943
7.83517
8.37675
8.66731
8.71405
8.54366
8.19196
8.19122
9.31462
9.31434
8.19123
8.19196
8.54366
8.71404
8.54366
8.54362
8.37985
8.67641
9.36255
9.36204
8.67643
8.37984
8.54362
8.54366
8.19196
8.37985
8.5466
9.67263
8.98809
8.98815
9.67266
8.54659
8.37985
8.19196
8.19121
8.67641
9.67263
10.089
8.91452
8.91451
10.0888
9.67266
8.6764
8.19121
9.31468
9.36267
8.98809
8.91451
8.7155
8.7155
8.9145
8.9882
9.36309
9.31466
9.31425
9.36193
8.9882
8.91449
8.7155
8.7155
8.91448
8.98829
9.3624
9.31427
8.19123
8.67642
9.67268
10.0887
8.9145
8.9145
10.0888
9.67266
8.67642
8.19123
8.19196
8.37984
8.54659
9.67267
8.98818
8.98823
9.67266
8.54659
8.37984
8.19196
8.54366
8.54362
8.37985
8.67641
9.3629
9.36245
8.67642
8.37984
8.54362
8.54366
8.71404
8.54366
8.19196
8.19122
9.31461
9.31437
8.19123
8.19196
8.54366
8.71404
8.80094
8.70384
8.48151
8.53879
9.75551
9.75551
8.53879
8.48151
8.70384
8.80094
8.70384
8.72593
8.64882
8.96451
10.0457
10.0457
8.96444
8.64882
8.72593
8.70383
8.48151
8.64882
8.83305
9.99953
10.0427
10.0424
9.99951
8.83305
8.64882
8.48151
8.53878
8.96452
9.99954
9.88833
9.16881
9.16879
9.88834
9.99951
8.96452
8.53879
9.75571
10.0459
10.0428
9.16881
9.10594
9.10594
9.1688
10.0429
10.0459
9.75573
9.75571
10.0459
10.0423
9.16877
9.10594
9.10594
9.16876
10.0425
10.0459
9.75573
8.53878
8.96441
9.99952
9.88835
9.16881
9.16878
9.88832
9.99947
8.96442
8.53879
8.48151
8.64882
8.83305
9.9995
10.0428
10.0425
9.99948
8.83305
8.64881
8.48151
8.70384
8.72593
8.64882
8.9645
10.0458
10.0458
8.96444
8.64881
8.72592
8.70383
8.80094
8.70383
8.48151
8.5388
9.75559
9.75559
8.5388
8.48151
8.70383
8.80094
8.90445
8.85466
8.71934
8.80826
9.98356
9.98354
8.80826
8.71934
8.85466
8.90445
8.85466
8.88828
8.87222
9.20737
10.3619
10.3619
9.20735
8.87222
8.88828
8.85466
8.71934
8.87222
9.06316
10.1759
10.1364
10.1363
10.1758
9.06316
8.87222
8.71934
8.80826
9.20738
10.1759
10.0453
9.48231
9.48232
10.0454
10.1759
9.20737
8.80825
9.98345
10.3621
10.1364
9.48232
9.41494
9.41494
9.48231
10.1361
10.3621
9.98337
9.98342
10.3621
10.1363
9.48231
9.41494
9.41494
9.4823
10.1359
10.3622
9.98333
8.80826
9.20733
10.1758
10.0454
9.48231
9.48231
10.0454
10.1759
9.20733
8.80825
8.71934
8.87222
9.06316
10.1759
10.1361
10.136
10.1759
9.06317
8.87222
8.71934
8.85466
8.88828
8.87222
9.20736
10.362
10.362
9.20734
8.87222
8.88827
8.85466
8.90445
8.85466
8.71934
8.80825
9.98345
9.98343
8.80825
8.71934
8.85466
8.90445
9.01265
8.99297
8.91425
9.02064
9.98134
9.98136
9.02064
8.91425
8.99297
9.01265
8.99297
9.03207
9.05728
9.36407
10.613
10.6129
9.36403
9.05728
9.03206
8.99297
8.91425
9.05728
9.24858
10.3291
9.73364
9.73364
10.3291
9.24858
9.05728
8.91424
9.02064
9.36406
10.3291
10.1733
10.0289
10.029
10.1733
10.3291
9.36405
9.02063
9.98132
10.6132
9.73363
10.0289
9.68997
9.68997
10.029
9.73362
10.6131
9.98131
9.98134
10.6131
9.73362
10.029
9.68997
9.68997
10.029
9.73361
10.613
9.98133
9.02064
9.36401
10.3291
10.1733
10.029
10.029
10.1734
10.3291
9.364
9.02063
8.91425
9.05728
9.24858
10.3291
9.73363
9.73363
10.3291
9.24858
9.05728
8.91424
8.99297
9.03206
9.05728
9.36405
10.613
10.6129
9.36402
9.05728
9.03206
8.99297
9.01265
8.99297
8.91424
9.02063
9.98133
9.98134
9.02063
8.91424
8.99297
9.01265
9.11837
9.11715
9.07408
9.18713
10.1803
10.1803
9.18713
9.07408
9.11715
9.11837
9.11715
9.15814
9.2062
9.48444
10.0419
10.0415
9.48443
9.2062
9.15813
9.11715
9.07408
9.2062
9.39311
10.2931
9.91977
9.91975
10.2931
9.39312
9.2062
9.07408
9.18713
9.48445
10.2931
10.5801
10.8397
10.8397
10.5801
10.2931
9.48444
9.18713
10.1803
10.0417
9.91976
10.8397
10.2827
10.2827
10.8397
9.91975
10.0414
10.1804
10.1803
10.041
9.91974
10.8397
10.2827
10.2828
10.8397
9.91973
10.0407
10.1804
9.18713
9.48442
10.2931
10.5801
10.8397
10.8397
10.5802
10.2931
9.48442
9.18713
9.07408
9.2062
9.39312
10.2931
9.91976
9.91975
10.2931
9.39312
9.2062
9.07408
9.11715
9.15813
9.2062
9.48444
10.0415
10.0411
9.48442
9.2062
9.15813
9.11714
9.11837
9.11715
9.07408
9.18713
10.1804
10.1804
9.18713
9.07408
9.11714
9.11837
9.2173
9.22686
9.20601
9.32036
10.3743
10.3743
9.32036
9.20601
9.22686
9.2173
9.22686
9.26745
9.32611
9.56656
9.86244
9.86247
9.56656
9.32611
9.26745
9.22686
9.20601
9.32611
9.5062
10.2317
10.071
10.0709
10.2317
9.50621
9.32611
9.20601
9.32036
9.56657
10.2317
10.9568
11.0081
11.0081
10.9568
10.2317
9.56656
9.32035
10.3743
9.86242
10.071
11.0081
11.0448
11.0448
11.0081
10.0709
9.86244
10.3744
10.3743
9.86247
10.0709
11.0081
11.0448
11.0448
11.0081
10.0709
9.86248
10.3744
9.32036
9.56656
10.2317
10.9568
11.0081
11.0081
10.9568
10.2317
9.56655
9.32035
9.20602
9.32611
9.50621
10.2317
10.0709
10.0709
10.2317
9.50621
9.32611
9.20601
9.22686
9.26745
9.32611
9.56656
9.86245
9.86248
9.56655
9.32611
9.26745
9.22686
9.2173
9.22686
9.20601
9.32035
10.3744
10.3744
9.32035
9.20601
9.22686
9.2173
9.3072
9.3226
9.31493
9.4262
10.4205
10.4205
9.4262
9.31493
9.3226
9.3072
9.3226
9.36118
9.42178
9.63906
10.6439
10.6441
9.63907
9.42178
9.36118
9.3226
9.31493
9.42178
9.58579
10.2069
10.7971
10.7972
10.2069
9.58579
9.42178
9.31492
9.4262
9.63906
10.2069
11.0888
11.1437
11.1437
11.0888
10.2069
9.63906
9.4262
10.4205
10.6439
10.7971
11.1437
11.1654
11.1654
11.1437
10.7972
10.6441
10.4204
10.4205
10.6441
10.7972
11.1437
11.1654
11.1654
11.1437
10.7972
10.6443
10.4204
9.4262
9.63907
10.2069
11.0888
11.1437
11.1437
11.0888
10.2069
9.63906
9.4262
9.31493
9.42178
9.58579
10.2069
10.7972
10.7972
10.2069
9.58579
9.42178
9.31493
9.3226
9.36118
9.42178
9.63906
10.6441
10.6442
9.63906
9.42178
9.36118
9.3226
9.3072
9.3226
9.31492
9.4262
10.4204
10.4204
9.4262
9.31492
9.3226
9.3072
9.38726
9.40534
9.40474
9.51029
10.3745
10.3745
9.51029
9.40474
9.40534
9.38726
9.40534
9.44086
9.49875
9.70999
11.0112
11.0112
9.70999
9.49875
9.44086
9.40534
9.40474
9.49875
9.64097
10.2102
11.1027
11.1027
10.2102
9.64097
9.49875
9.40474
9.51029
9.70999
10.2102
11.1586
11.2499
11.2499
11.1586
10.2102
9.70999
9.51029
10.3745
11.0112
11.1027
11.2499
10.6172
10.6172
11.2499
11.1027
11.0112
10.3745
10.3745
11.0112
11.1027
11.2499
10.6172
10.6172
11.2499
11.1027
11.0112
10.3745
9.51029
9.70999
10.2102
11.1586
11.2499
11.2499
11.1586
10.2102
9.70999
9.51028
9.40474
9.49875
9.64097
10.2102
11.1027
11.1027
10.2102
9.64097
9.49875
9.40474
9.40534
9.44086
9.49875
9.70999
11.0112
11.0112
9.70999
9.49875
9.44086
9.40534
9.38726
9.40534
9.40474
9.51029
10.3745
10.3745
9.51028
9.40474
9.40534
9.38726
9.45763
9.47644
9.47936
9.57621
10.3594
10.3594
9.57621
9.47936
9.47644
9.45763
9.47644
9.50858
9.56223
9.7588
10.5224
10.5224
9.7588
9.56224
9.50857
9.47644
9.47936
9.56223
9.6852
10.2044
11.1992
11.1992
10.2044
9.6852
9.56223
9.47936
9.57621
9.7588
10.2044
11.0747
11.3362
11.3362
11.0747
10.2044
9.7588
9.57621
10.3594
10.5225
11.1992
11.3362
10.1208
10.1208
11.3362
11.1992
10.5224
10.3594
10.3594
10.5224
11.1992
11.3362
10.1208
10.1208
11.3362
11.1992
10.5224
10.3594
9.57621
9.7588
10.2044
11.0747
11.3362
11.3362
11.0747
10.2044
9.7588
9.57621
9.47936
9.56224
9.6852
10.2044
11.1992
11.1992
10.2044
9.6852
9.56223
9.47936
9.47644
9.50858
9.56223
9.7588
10.5224
10.5224
9.7588
9.56223
9.50857
9.47644
9.45763
9.47644
9.47936
9.57621
10.3594
10.3594
9.57621
9.47936
9.47644
9.45763
9.51882
9.53718
9.54165
9.62818
10.3239
10.3239
9.62818
9.54165
9.53718
9.51882
9.53718
9.5659
9.61523
9.79696
10.139
10.139
9.79696
9.61523
9.5659
9.53718
9.54165
9.61523
9.72227
10.1469
11.286
11.286
10.1469
9.72227
9.61523
9.54165
9.62818
9.79696
10.1469
10.8216
11.0514
11.0514
10.8216
10.1469
9.79696
9.62818
10.3239
10.139
11.286
11.0514
10.0815
10.0815
11.0514
11.286
10.1389
10.3239
10.3239
10.139
11.286
11.0514
10.0815
10.0815
11.0514
11.286
10.1389
10.3239
9.62818
9.79696
10.1469
10.8216
11.0514
11.0514
10.8216
10.1469
9.79696
9.62818
9.54165
9.61523
9.72227
10.1469
11.286
11.286
10.1469
9.72227
9.61523
9.54165
9.53718
9.5659
9.61523
9.79696
10.1389
10.1389
9.79696
9.61523
9.5659
9.53718
9.51882
9.53718
9.54165
9.62818
10.3239
10.3239
9.62818
9.54165
9.53718
9.51882
9.57174
9.58891
9.59387
9.66997
10.2689
10.2689
9.66997
9.59387
9.58891
9.57174
9.58891
9.61419
9.6587
9.81594
10.2156
10.2156
9.81594
9.6587
9.61419
9.58891
9.59387
9.6587
9.74871
10.0731
11.0855
11.0854
10.0731
9.74871
9.6587
9.59387
9.66997
9.81594
10.0731
10.8074
10.336
10.336
10.8074
10.0731
9.81594
9.66997
10.2689
10.2156
11.0855
10.336
10.0274
10.0274
10.336
11.0854
10.2156
10.2689
10.2689
10.2156
11.0854
10.336
10.0274
10.0274
10.336
11.0854
10.2156
10.2689
9.66997
9.81594
10.0731
10.8074
10.336
10.336
10.8074
10.0731
9.81594
9.66997
9.59387
9.6587
9.74871
10.0731
11.0854
11.0854
10.0731
9.74871
9.6587
9.59387
9.58891
9.61419
9.6587
9.81594
10.2156
10.2156
9.81594
9.6587
9.61419
9.58891
9.57174
9.58891
9.59387
9.66997
10.2689
10.2689
9.66997
9.59387
9.58891
9.57174
9.61697
9.63257
9.63746
9.70247
10.2149
10.2149
9.70247
9.63746
9.63257
9.61697
9.63257
9.65443
9.69348
9.82352
10.5563
10.5563
9.82352
9.69348
9.65443
9.63257
9.63746
9.69348
9.77459
10.1042
10.3927
10.3927
10.1042
9.77459
9.69348
9.63746
9.70247
9.82352
10.1042
10.853
10.1983
10.1983
10.853
10.1042
9.82352
9.70247
10.2149
10.5563
10.3927
10.1983
9.97473
9.97473
10.1983
10.3927
10.5563
10.2149
10.2149
10.5563
10.3927
10.1983
9.97473
9.97473
10.1983
10.3927
10.5563
10.2149
9.70247
9.82352
10.1042
10.853
10.1983
10.1983
10.853
10.1042
9.82352
9.70247
9.63746
9.69348
9.77459
10.1042
10.3927
10.3927
10.1042
9.77459
9.69348
9.63746
9.63257
9.65443
9.69348
9.82352
10.5563
10.5563
9.82352
9.69348
9.65443
9.63257
9.61697
9.63257
9.63746
9.70247
10.2149
10.2149
9.70247
9.63746
9.63257
9.61697
9.65588
9.66959
9.67416
9.72838
10.1616
10.1616
9.72838
9.67416
9.66959
9.65588
9.66959
9.68814
9.7213
9.83042
10.6059
10.6059
9.83042
9.7213
9.68814
9.66959
9.67416
9.7213
9.80432
10.117
10.1794
10.1794
10.117
9.80432
9.7213
9.67416
9.72839
9.83042
10.117
10.8912
10.1714
10.1714
10.8912
10.117
9.83042
9.72838
10.1616
10.6059
10.1794
10.1714
9.96008
9.96008
10.1714
10.1794
10.6059
10.1616
10.1616
10.6059
10.1794
10.1714
9.96008
9.96008
10.1714
10.1794
10.6059
10.1616
9.72838
9.83042
10.117
10.8912
10.1714
10.1714
10.8912
10.117
9.83042
9.72838
9.67416
9.7213
9.80432
10.117
10.1794
10.1794
10.117
9.80432
9.7213
9.67416
9.66959
9.68814
9.7213
9.83042
10.6059
10.6059
9.83042
9.7213
9.68813
9.66959
9.65588
9.66959
9.67416
9.72838
10.1616
10.1616
9.72838
9.67416
9.66959
9.65588
9.68833
9.70026
9.70438
9.7491
10.0981
10.0981
9.7491
9.70438
9.70026
9.68833
9.70026
9.71581
9.74332
9.84287
10.6499
10.6499
9.84287
9.74332
9.71581
9.70026
9.70438
9.74332
9.82176
10.0856
10.1542
10.1542
10.0856
9.82176
9.74332
9.70438
9.7491
9.84287
10.0856
10.3772
10.0821
10.0821
10.3772
10.0856
9.84287
9.7491
10.0981
10.6499
10.1542
10.0821
9.9456
9.9456
10.0821
10.1542
10.6499
10.0981
10.0981
10.6499
10.1542
10.0821
9.9456
9.9456
10.0821
10.1542
10.6499
10.0981
9.7491
9.84287
10.0856
10.3772
10.0821
10.0821
10.3773
10.0856
9.84287
9.7491
9.70438
9.74332
9.82176
10.0856
10.1542
10.1542
10.0856
9.82176
9.74332
9.70438
9.70026
9.71581
9.74332
9.84287
10.6499
10.6499
9.84287
9.74332
9.71581
9.70026
9.68833
9.70026
9.70438
9.7491
10.0981
10.0981
9.7491
9.70438
9.70026
9.68833
9.71686
9.72669
9.73039
9.76616
10.0311
10.0311
9.76616
9.73039
9.72669
9.71686
9.72669
9.73944
9.76163
9.85213
10.6892
10.6892
9.85213
9.76163
9.73944
9.72669
9.73039
9.76163
9.8285
10.001
10.2429
10.2429
10.001
9.8285
9.76163
9.73039
9.76616
9.85213
10.001
10.217
10.0351
10.0351
10.217
10.001
9.85213
9.76616
10.0311
10.6892
10.2429
10.0351
9.92927
9.92927
10.0351
10.2429
10.6892
10.0311
10.0311
10.6892
10.2429
10.0351
9.92927
9.92927
10.0351
10.2429
10.6892
10.0311
9.76616
9.85213
10.001
10.217
10.0351
10.0351
10.217
10.001
9.85213
9.76616
9.73039
9.76163
9.8285
10.001
10.2429
10.2429
10.001
9.8285
9.76163
9.73039
9.72669
9.73944
9.76163
9.85213
10.6892
10.6892
9.85213
9.76163
9.73944
9.72669
9.71686
9.72669
9.73039
9.76616
10.0311
10.0311
9.76616
9.73039
9.72669
9.71686
9.73913
9.7474
9.75077
9.77825
9.9544
9.9544
9.77825
9.75077
9.7474
9.73913
9.7474
9.75777
9.77533
9.84731
10.5178
10.5178
9.84731
9.77533
9.75777
9.7474
9.75077
9.77533
9.8202
9.91307
10.2099
10.2099
9.91307
9.8202
9.77533
9.75077
9.77825
9.84731
9.91307
10.1236
10.0359
10.0359
10.1236
9.91307
9.84731
9.77825
9.9544
10.5178
10.2099
10.0359
9.91503
9.91503
10.0359
10.2099
10.5178
9.9544
9.9544
10.5178
10.2099
10.0359
9.91503
9.91503
10.0359
10.2099
10.5178
9.9544
9.77825
9.84731
9.91307
10.1236
10.0359
10.0359
10.1236
9.91307
9.84731
9.77825
9.75077
9.77533
9.8202
9.91307
10.2099
10.2099
9.91307
9.8202
9.77533
9.75077
9.7474
9.75777
9.77533
9.84731
10.5178
10.5178
9.84731
9.77533
9.75777
9.7474
9.73913
9.7474
9.75077
9.77825
9.9544
9.9544
9.77825
9.75077
9.7474
9.73913
9.76111
9.76698
9.76957
9.78677
9.91755
9.91755
9.78677
9.76957
9.76698
9.76111
9.76698
9.77486
9.78766
9.84138
10.0906
10.0906
9.84138
9.78766
9.77486
9.76698
9.76957
9.78766
9.8195
9.95398
10.0673
10.0673
9.95398
9.8195
9.78766
9.76957
9.78677
9.84138
9.95398
10.2648
10.016
10.016
10.2648
9.95398
9.84138
9.78677
9.91755
10.0906
10.0673
10.016
9.89412
9.89412
10.016
10.0673
10.0906
9.91755
9.91755
10.0906
10.0673
10.016
9.89412
9.89412
10.016
10.0673
10.0906
9.91755
9.78677
9.84138
9.95398
10.2648
10.016
10.016
10.2648
9.95398
9.84138
9.78677
9.76957
9.78766
9.8195
9.95398
10.0673
10.0673
9.95398
9.8195
9.78766
9.76957
9.76698
9.77486
9.78766
9.84138
10.0906
10.0906
9.84138
9.78766
9.77486
9.76698
9.76111
9.76698
9.76957
9.78677
9.91755
9.91755
9.78677
9.76957
9.76698
9.76111
9.77485
9.77959
9.78202
9.79348
9.88573
9.88573
9.79348
9.78202
9.77959
9.77485
9.77959
9.78537
9.79504
9.8397
9.99952
9.99952
9.8397
9.79504
9.78537
9.77959
9.78202
9.79504
9.82366
10.1698
9.96561
9.96561
10.1698
9.82366
9.79504
9.78202
9.79348
9.8397
10.1698
10.2723
9.96134
9.96134
10.2723
10.1698
9.8397
9.79348
9.88573
9.99952
9.96561
9.96134
9.86563
9.86563
9.96134
9.96561
9.99952
9.88573
9.88573
9.99952
9.96561
9.96134
9.86563
9.86563
9.96134
9.96561
9.99952
9.88573
9.79348
9.8397
10.1698
10.2723
9.96134
9.96134
10.2723
10.1698
9.8397
9.79348
9.78202
9.79504
9.82366
10.1698
9.96561
9.96561
10.1698
9.82366
9.79504
9.78202
9.77959
9.78537
9.79504
9.8397
9.99952
9.99952
9.8397
9.79504
9.78537
9.77959
9.77485
9.77959
9.78202
9.79348
9.88573
9.88573
9.79348
9.78202
9.77959
9.77485
9.79411
9.79638
9.79684
9.80164
9.85724
9.85724
9.80164
9.79684
9.79638
9.79411
9.79638
9.79965
9.80429
9.83782
9.91657
9.91657
9.83782
9.80429
9.79965
9.79638
9.79684
9.80429
9.82882
10.1187
9.90967
9.90967
10.1187
9.82882
9.80429
9.79684
9.80164
9.83782
10.1187
10.1193
9.88076
9.88076
10.1193
10.1187
9.83782
9.80164
9.85724
9.91657
9.90967
9.88076
9.83528
9.83528
9.88076
9.90967
9.91657
9.85724
9.85724
9.91657
9.90967
9.88076
9.83528
9.83528
9.88076
9.90967
9.91657
9.85724
9.80164
9.83782
10.1187
10.1193
9.88076
9.88076
10.1193
10.1187
9.83782
9.80164
9.79684
9.80429
9.82882
10.1187
9.90967
9.90967
10.1187
9.82882
9.80429
9.79684
9.79638
9.79965
9.80429
9.83782
9.91657
9.91657
9.83782
9.80429
9.79965
9.79638
9.79411
9.79638
9.79684
9.80164
9.85724
9.85724
9.80164
9.79684
9.79638
9.79411
9.80039
9.8019
9.80386
9.80788
9.82829
9.82829
9.80788
9.80386
9.8019
9.80039
9.8019
9.80297
9.80658
9.84006
9.8525
9.8525
9.84006
9.80658
9.80297
9.8019
9.80386
9.80658
9.82738
9.96919
9.85017
9.85017
9.96919
9.82738
9.80658
9.80386
9.80788
9.84006
9.96919
9.93851
9.83409
9.83409
9.93851
9.96919
9.84006
9.80788
9.82829
9.8525
9.85017
9.83409
9.815
9.815
9.83409
9.85017
9.8525
9.82829
9.82829
9.8525
9.85017
9.83409
9.815
9.815
9.83409
9.85017
9.8525
9.82829
9.80788
9.84006
9.96919
9.93851
9.83409
9.83409
9.93851
9.96919
9.84006
9.80788
9.80386
9.80658
9.82738
9.96919
9.85017
9.85017
9.96919
9.82738
9.80658
9.80386
9.8019
9.80297
9.80658
9.84006
9.8525
9.8525
9.84006
9.80658
9.80297
9.8019
9.80039
9.8019
9.80386
9.80788
9.82829
9.82829
9.80788
9.80386
9.8019
9.80039
)
;

boundaryField
{
    bottom
    {
        type            fixedFluxPressure;
        gradient        uniform 0;
        value           nonuniform List<scalar> 
100
(
623.018
437.322
423.403
523.41
845.664
845.667
523.41
423.403
437.322
623.018
437.322
99.9049
54.4236
78.6281
164.665
164.664
78.628
54.4236
99.905
437.322
423.403
54.4236
83.5236
105.132
156.928
156.928
105.131
83.5234
54.4236
423.403
523.41
78.6281
105.131
98.1323
115.772
115.772
98.1321
105.131
78.628
523.409
845.664
164.665
156.928
115.772
385.586
385.586
115.772
156.928
164.664
845.654
845.667
164.664
156.928
115.772
385.586
385.586
115.772
156.928
164.664
845.657
523.41
78.628
105.131
98.1321
115.772
115.772
98.132
105.131
78.6279
523.409
423.403
54.4236
83.5234
105.131
156.928
156.928
105.131
83.5233
54.4235
423.403
437.322
99.905
54.4236
78.628
164.664
164.664
78.6279
54.4235
99.905
437.322
623.018
437.322
423.403
523.409
845.654
845.657
523.409
423.403
437.322
623.018
)
;
    }
    atmosphere
    {
        type            prghTotalPressure;
        p0              uniform 0;
        value           nonuniform List<scalar> 
100
(
9.81
9.81
9.81006
9.8099
9.80447
9.80447
9.8099
9.81006
9.81
9.81
9.81
9.81008
9.8113
9.84081
9.80631
9.80631
9.84081
9.8113
9.81008
9.81
9.81006
9.8113
9.83064
9.96841
9.80893
9.80893
9.96841
9.83064
9.8113
9.81006
9.8099
9.84081
9.96841
9.9261
9.80927
9.80927
9.9261
9.96841
9.84081
9.8099
9.80447
9.80631
9.80893
9.80927
9.79836
9.79836
9.80927
9.80893
9.80631
9.80447
9.80447
9.80631
9.80893
9.80927
9.79836
9.79836
9.80927
9.80893
9.80631
9.80447
9.8099
9.84081
9.96841
9.9261
9.80927
9.80927
9.9261
9.96841
9.84081
9.8099
9.81006
9.8113
9.83064
9.96841
9.80893
9.80893
9.96841
9.83064
9.8113
9.81006
9.81
9.81008
9.8113
9.84081
9.80631
9.80631
9.84081
9.8113
9.81008
9.81
9.81
9.81
9.81006
9.8099
9.80447
9.80447
9.8099
9.81006
9.81
9.81
)
;
    }
    walls
    {
        type            fixedFluxPressure;
        gradient        uniform 0;
        value           nonuniform List<scalar> 
1600
(
623.018
437.322
423.403
523.41
845.664
845.667
523.41
423.403
437.322
623.018
423.562
117.353
44.5558
3.79162
4.39513
4.39547
3.7916
44.5556
117.352
423.562
317.698
86.4199
75.7678
70.4897
90.1308
90.1308
70.4896
75.7676
86.4199
317.698
220.191
52.2528
52.4544
47.8145
56.7128
56.713
47.8144
52.4544
52.2528
220.191
134.762
32.0601
29.7744
23.8612
31.2096
31.2098
23.8611
29.7745
32.0601
134.762
79.0238
19.0965
17.0108
10.824
19.7213
19.7212
10.824
17.0109
19.0965
79.0238
46.2191
10.256
9.07063
1.55627
6.80477
6.80449
1.55622
9.07065
10.2559
46.2192
27.1287
3.85105
3.65656
-2.58411
-1.86241
-1.86244
-2.58412
3.65658
3.85104
27.1288
15.8596
-0.589033
0.872288
-3.37709
-3.15645
-3.15642
-3.37709
0.872302
-0.589048
15.8597
8.79928
-3.97622
-0.6679
-3.24286
-2.32267
-2.32266
-3.24289
-0.667893
-3.97622
8.7994
4.4573
-7.13656
-1.78273
-3.1675
-1.58947
-1.58955
-3.16754
-1.78276
-7.13661
4.45736
0.831666
-8.33527
-2.15633
-2.40063
-0.483521
-0.48367
-2.40069
-2.15641
-8.33542
0.831631
2.1681
-5.49581
-1.29016
-0.708915
1.12414
1.12413
-0.708952
-1.29025
-5.49591
2.16805
6.94565
-0.288857
1.09708
1.22261
2.87338
2.8738
1.2226
1.09705
-0.288851
6.94562
11.0213
4.55476
3.34269
3.0445
4.71854
4.71978
3.0445
3.34271
4.55478
11.0213
11.0117
7.21758
5.0781
4.51243
6.00582
6.00335
4.51242
5.07813
7.21759
11.0117
9.49294
7.90372
6.14168
5.63646
6.88032
6.87839
5.63642
6.14169
7.90371
9.49293
8.80198
8.01736
6.83809
6.51518
7.76903
7.7702
6.51516
6.83809
8.01736
8.80198
8.68137
8.19331
7.38708
7.20925
8.53357
8.53503
7.20925
7.38708
8.19332
8.68137
8.66732
8.37676
7.83517
7.75941
8.9208
8.92095
7.75943
7.83517
8.37676
8.66732
8.71405
8.54366
8.19196
8.19121
9.31468
9.31425
8.19123
8.19196
8.54366
8.71404
8.80094
8.70384
8.48151
8.53878
9.75571
9.75571
8.53878
8.48151
8.70384
8.80094
8.90445
8.85466
8.71934
8.80826
9.98345
9.98342
8.80826
8.71934
8.85466
8.90445
9.01265
8.99297
8.91425
9.02064
9.98132
9.98134
9.02064
8.91425
8.99297
9.01265
9.11837
9.11715
9.07408
9.18713
10.1803
10.1803
9.18713
9.07408
9.11715
9.11837
9.2173
9.22686
9.20601
9.32036
10.3743
10.3743
9.32036
9.20602
9.22686
9.2173
9.3072
9.3226
9.31493
9.4262
10.4205
10.4205
9.4262
9.31493
9.3226
9.3072
9.38726
9.40534
9.40474
9.51029
10.3745
10.3745
9.51029
9.40474
9.40534
9.38726
9.45763
9.47644
9.47936
9.57621
10.3594
10.3594
9.57621
9.47936
9.47644
9.45763
9.51882
9.53718
9.54165
9.62818
10.3239
10.3239
9.62818
9.54165
9.53718
9.51882
9.57174
9.58891
9.59387
9.66997
10.2689
10.2689
9.66997
9.59387
9.58891
9.57174
9.61697
9.63257
9.63746
9.70247
10.2149
10.2149
9.70247
9.63746
9.63257
9.61697
9.65588
9.66959
9.67416
9.72839
10.1616
10.1616
9.72838
9.67416
9.66959
9.65588
9.68833
9.70026
9.70438
9.7491
10.0981
10.0981
9.7491
9.70438
9.70026
9.68833
9.71686
9.72669
9.73039
9.76616
10.0311
10.0311
9.76616
9.73039
9.72669
9.71686
9.73913
9.7474
9.75077
9.77825
9.9544
9.9544
9.77825
9.75077
9.7474
9.73913
9.76111
9.76698
9.76957
9.78677
9.91755
9.91755
9.78677
9.76957
9.76698
9.76111
9.77485
9.77959
9.78202
9.79348
9.88573
9.88573
9.79348
9.78202
9.77959
9.77485
9.79411
9.79638
9.79684
9.80164
9.85724
9.85724
9.80164
9.79684
9.79638
9.79411
9.80039
9.8019
9.80386
9.80788
9.82829
9.82829
9.80788
9.80386
9.8019
9.80039
623.018
437.322
423.403
523.409
845.654
845.657
523.409
423.403
437.322
623.018
423.562
117.353
44.5557
3.79146
4.39418
4.39455
3.79143
44.5555
117.352
423.562
317.698
86.4199
75.7678
70.4898
90.1313
90.1312
70.4896
75.7676
86.4198
317.698
220.191
52.2527
52.4545
47.8145
56.713
56.7131
47.8144
52.4545
52.2528
220.191
134.762
32.0601
29.7745
23.8612
31.2097
31.2099
23.8611
29.7746
32.0602
134.762
79.0238
19.0965
17.0109
10.824
19.7213
19.7212
10.824
17.0109
19.0965
79.0238
46.2192
10.256
9.07063
1.55626
6.80474
6.80448
1.5562
9.07065
10.256
46.2192
27.1288
3.85106
3.65656
-2.58412
-1.86241
-1.86244
-2.58412
3.65658
3.85106
27.1288
15.8597
-0.58902
0.872296
-3.37709
-3.15645
-3.15641
-3.3771
0.872305
-0.589041
15.8597
8.7994
-3.97621
-0.66789
-3.24287
-2.32267
-2.32266
-3.24289
-0.667888
-3.97621
8.79948
4.45736
-7.13656
-1.78272
-3.1675
-1.58948
-1.58955
-3.16754
-1.78275
-7.13659
4.45734
0.831634
-8.33526
-2.15633
-2.40064
-0.483545
-0.483678
-2.40069
-2.1564
-8.3354
0.83159
2.16806
-5.49583
-1.29017
-0.708925
1.12412
1.12412
-0.708955
-1.29025
-5.49591
2.16804
6.94562
-0.288897
1.09707
1.2226
2.8734
2.87378
1.22259
1.09705
-0.288863
6.94563
11.0213
4.55472
3.34268
3.04449
4.71868
4.7198
3.0445
3.3427
4.55477
11.0213
11.0117
7.21756
5.07809
4.51242
6.00555
6.00333
4.51241
5.07812
7.21757
11.0116
9.49293
7.9037
6.14167
5.63644
6.88003
6.8783
5.63642
6.14168
7.90369
9.49291
8.80198
8.01735
6.83808
6.51517
7.76911
7.77017
6.51515
6.83808
8.01735
8.80196
8.68137
8.1933
7.38707
7.20924
8.53381
8.53513
7.20925
7.38708
8.1933
8.68136
8.66732
8.37675
7.83516
7.75941
8.9209
8.92104
7.75943
7.83517
8.37675
8.66731
8.71404
8.54366
8.19196
8.19121
9.31466
9.31427
8.19123
8.19196
8.54366
8.71404
8.80094
8.70383
8.48151
8.53879
9.75573
9.75573
8.53879
8.48151
8.70383
8.80094
8.90445
8.85466
8.71934
8.80825
9.98337
9.98333
8.80825
8.71934
8.85466
8.90445
9.01265
8.99297
8.91424
9.02063
9.98131
9.98133
9.02063
8.91424
8.99297
9.01265
9.11837
9.11715
9.07408
9.18713
10.1804
10.1804
9.18713
9.07408
9.11714
9.11837
9.2173
9.22686
9.20601
9.32035
10.3744
10.3744
9.32035
9.20601
9.22686
9.2173
9.3072
9.3226
9.31492
9.4262
10.4204
10.4204
9.4262
9.31493
9.3226
9.3072
9.38726
9.40534
9.40474
9.51029
10.3745
10.3745
9.51028
9.40474
9.40534
9.38726
9.45763
9.47644
9.47936
9.57621
10.3594
10.3594
9.57621
9.47936
9.47644
9.45763
9.51882
9.53718
9.54165
9.62818
10.3239
10.3239
9.62818
9.54165
9.53718
9.51882
9.57174
9.58891
9.59387
9.66997
10.2689
10.2689
9.66997
9.59387
9.58891
9.57174
9.61697
9.63257
9.63746
9.70247
10.2149
10.2149
9.70247
9.63746
9.63257
9.61697
9.65588
9.66959
9.67416
9.72838
10.1616
10.1616
9.72838
9.67416
9.66959
9.65588
9.68833
9.70026
9.70438
9.7491
10.0981
10.0981
9.7491
9.70438
9.70026
9.68833
9.71686
9.72669
9.73039
9.76616
10.0311
10.0311
9.76616
9.73039
9.72669
9.71686
9.73913
9.7474
9.75077
9.77825
9.9544
9.9544
9.77825
9.75077
9.7474
9.73913
9.76111
9.76698
9.76957
9.78677
9.91755
9.91755
9.78677
9.76957
9.76698
9.76111
9.77485
9.77959
9.78202
9.79348
9.88573
9.88573
9.79348
9.78202
9.77959
9.77485
9.79411
9.79638
9.79684
9.80164
9.85724
9.85724
9.80164
9.79684
9.79638
9.79411
9.80039
9.8019
9.80386
9.80788
9.82829
9.82829
9.80788
9.80386
9.8019
9.80039
623.018
423.562
317.698
220.191
134.762
79.0238
46.2191
27.1287
15.8596
8.79928
4.4573
0.831666
2.1681
6.94565
11.0213
11.0117
9.49294
8.80198
8.68137
8.66732
437.322
117.353
86.4199
52.2528
32.0601
19.0965
10.256
3.85104
-0.589037
-3.97622
-7.13657
-8.33527
-5.49581
-0.288857
4.55476
7.21758
7.90371
8.01736
8.19331
8.37676
423.403
44.5558
75.7678
52.4544
29.7744
17.0108
9.07063
3.65656
0.87229
-0.6679
-1.78273
-2.15634
-1.29016
1.09709
3.3427
5.07811
6.14169
6.83809
7.38708
7.83517
523.41
3.79162
70.4897
47.8145
23.8612
10.824
1.55624
-2.58413
-3.37709
-3.24286
-3.1675
-2.40063
-0.708909
1.22261
3.04451
4.51243
5.63645
6.51518
7.20925
7.75941
845.664
4.39516
90.131
56.7129
31.2096
19.7213
6.80468
-1.86242
-3.15644
-2.32266
-1.58948
-0.483542
1.12416
2.87348
4.7188
6.0053
6.88001
7.76931
8.53373
8.92079
845.667
4.39545
90.1308
56.713
31.2098
19.7211
6.8045
-1.86244
-3.15641
-2.32265
-1.58953
-0.483643
1.12414
2.87375
4.7196
6.00368
6.87875
7.77007
8.53467
8.92089
523.41
3.79159
70.4896
47.8144
23.8611
10.824
1.5562
-2.58413
-3.3771
-3.24288
-3.16753
-2.40068
-0.708941
1.2226
3.04451
4.51242
5.63643
6.51516
7.20925
7.75943
423.403
44.5556
75.7676
52.4544
29.7745
17.0109
9.07065
3.65658
0.872307
-0.667888
-1.78275
-2.1564
-1.29024
1.09705
3.34271
5.07813
6.14169
6.83809
7.38708
7.83517
437.322
117.352
86.4199
52.2528
32.0602
19.0965
10.2559
3.85105
-0.589044
-3.97621
-7.1366
-8.33541
-5.4959
-0.288846
4.55478
7.21758
7.90371
8.01736
8.19332
8.37676
623.018
423.562
317.698
220.191
134.762
79.0238
46.2192
27.1288
15.8597
8.7994
4.45736
0.831634
2.16806
6.94562
11.0213
11.0117
9.49293
8.80198
8.68137
8.66732
8.71405
8.80094
8.90445
9.01265
9.11837
9.2173
9.3072
9.38726
9.45763
9.51882
9.57174
9.61697
9.65588
9.68833
9.71686
9.73913
9.76111
9.77485
9.79411
9.80039
8.54366
8.70384
8.85466
8.99297
9.11715
9.22686
9.3226
9.40534
9.47644
9.53718
9.58891
9.63257
9.66959
9.70026
9.72669
9.7474
9.76698
9.77959
9.79638
9.8019
8.19196
8.48151
8.71934
8.91425
9.07408
9.20601
9.31493
9.40474
9.47936
9.54165
9.59387
9.63746
9.67416
9.70438
9.73039
9.75077
9.76957
9.78202
9.79684
9.80386
8.19122
8.53879
8.80826
9.02064
9.18713
9.32036
9.4262
9.51029
9.57621
9.62818
9.66997
9.70247
9.72838
9.7491
9.76616
9.77825
9.78677
9.79348
9.80164
9.80788
9.31462
9.75551
9.98356
9.98134
10.1803
10.3743
10.4205
10.3745
10.3594
10.3239
10.2689
10.2149
10.1616
10.0981
10.0311
9.9544
9.91755
9.88573
9.85724
9.82829
9.31434
9.75551
9.98354
9.98136
10.1803
10.3743
10.4205
10.3745
10.3594
10.3239
10.2689
10.2149
10.1616
10.0981
10.0311
9.9544
9.91755
9.88573
9.85724
9.82829
8.19123
8.53879
8.80826
9.02064
9.18713
9.32036
9.4262
9.51029
9.57621
9.62818
9.66997
9.70247
9.72838
9.7491
9.76616
9.77825
9.78677
9.79348
9.80164
9.80788
8.19196
8.48151
8.71934
8.91425
9.07408
9.20601
9.31493
9.40474
9.47936
9.54165
9.59387
9.63746
9.67416
9.70438
9.73039
9.75077
9.76957
9.78202
9.79684
9.80386
8.54366
8.70384
8.85466
8.99297
9.11715
9.22686
9.3226
9.40534
9.47644
9.53718
9.58891
9.63257
9.66959
9.70026
9.72669
9.7474
9.76698
9.77959
9.79638
9.8019
8.71404
8.80094
8.90445
9.01265
9.11837
9.2173
9.3072
9.38726
9.45763
9.51882
9.57174
9.61697
9.65588
9.68833
9.71686
9.73913
9.76111
9.77485
9.79411
9.80039
623.018
423.562
317.698
220.191
134.762
79.0238
46.2192
27.1288
15.8597
8.7994
4.45736
0.831631
2.16805
6.94562
11.0213
11.0117
9.49293
8.80198
8.68137
8.66732
437.322
117.353
86.4199
52.2527
32.0601
19.0965
10.256
3.85105
-0.589026
-3.97621
-7.13657
-8.33527
-5.49583
-0.2889
4.55472
7.21756
7.90371
8.01735
8.1933
8.37675
423.403
44.5557
75.7678
52.4545
29.7745
17.0109
9.07063
3.65656
0.872293
-0.667895
-1.78273
-2.15634
-1.29017
1.09707
3.34269
5.0781
6.14167
6.83808
7.38708
7.83517
523.409
3.79145
70.4898
47.8145
23.8612
10.824
1.55623
-2.58413
-3.3771
-3.24287
-3.16751
-2.40065
-0.708924
1.2226
3.0445
4.51242
5.63644
6.51517
7.20925
7.75941
845.654
4.39422
90.1315
56.713
31.2097
19.7212
6.80465
-1.86243
-3.15644
-2.32267
-1.5895
-0.483569
1.12414
2.8735
4.71893
6.00504
6.87974
7.76939
8.53396
8.92088
845.657
4.39453
90.1313
56.7131
31.2098
19.7211
6.80449
-1.86244
-3.15641
-2.32266
-1.58953
-0.483656
1.12412
2.87374
4.71962
6.00365
6.87865
7.77004
8.53478
8.92097
523.409
3.79143
70.4897
47.8144
23.8611
10.824
1.55619
-2.58414
-3.37711
-3.24289
-3.16754
-2.40069
-0.708949
1.2226
3.0445
4.51241
5.63642
6.51516
7.20925
7.75943
423.403
44.5555
75.7676
52.4545
29.7746
17.0109
9.07065
3.65658
0.872306
-0.667887
-1.78274
-2.15639
-1.29024
1.09705
3.3427
5.07812
6.14168
6.83808
7.38708
7.83517
437.322
117.352
86.4198
52.2528
32.0602
19.0965
10.256
3.85106
-0.589039
-3.97621
-7.13659
-8.3354
-5.4959
-0.288861
4.55477
7.21757
7.9037
8.01735
8.1933
8.37675
623.018
423.562
317.698
220.191
134.762
79.0238
46.2192
27.1288
15.8597
8.79948
4.45734
0.83159
2.16804
6.94563
11.0213
11.0116
9.49291
8.80196
8.68136
8.66731
8.71404
8.80094
8.90445
9.01265
9.11837
9.2173
9.3072
9.38726
9.45763
9.51882
9.57174
9.61697
9.65588
9.68833
9.71686
9.73913
9.76111
9.77485
9.79411
9.80039
8.54366
8.70383
8.85466
8.99297
9.11715
9.22686
9.3226
9.40534
9.47644
9.53718
9.58891
9.63257
9.66959
9.70026
9.72669
9.7474
9.76698
9.77959
9.79638
9.8019
8.19196
8.48151
8.71934
8.91424
9.07408
9.20601
9.31492
9.40474
9.47936
9.54165
9.59387
9.63746
9.67416
9.70438
9.73039
9.75077
9.76957
9.78202
9.79684
9.80386
8.19122
8.5388
8.80825
9.02063
9.18713
9.32035
9.4262
9.51029
9.57621
9.62818
9.66997
9.70247
9.72838
9.7491
9.76616
9.77825
9.78677
9.79348
9.80164
9.80788
9.31461
9.75559
9.98345
9.98133
10.1804
10.3744
10.4204
10.3745
10.3594
10.3239
10.2689
10.2149
10.1616
10.0981
10.0311
9.9544
9.91755
9.88573
9.85724
9.82829
9.31437
9.75559
9.98343
9.98134
10.1804
10.3744
10.4204
10.3745
10.3594
10.3239
10.2689
10.2149
10.1616
10.0981
10.0311
9.9544
9.91755
9.88573
9.85724
9.82829
8.19123
8.5388
8.80825
9.02063
9.18713
9.32035
9.4262
9.51028
9.57621
9.62818
9.66997
9.70247
9.72838
9.7491
9.76616
9.77825
9.78677
9.79348
9.80164
9.80788
8.19196
8.48151
8.71934
8.91424
9.07408
9.20601
9.31492
9.40474
9.47936
9.54165
9.59387
9.63746
9.67416
9.70438
9.73039
9.75077
9.76957
9.78202
9.79684
9.80386
8.54366
8.70383
8.85466
8.99297
9.11714
9.22686
9.3226
9.40534
9.47644
9.53718
9.58891
9.63257
9.66959
9.70026
9.72669
9.7474
9.76698
9.77959
9.79638
9.8019
8.71404
8.80094
8.90445
9.01265
9.11837
9.2173
9.3072
9.38726
9.45763
9.51882
9.57174
9.61697
9.65588
9.68833
9.71686
9.73913
9.76111
9.77485
9.79411
9.80039
)
;
    }
}


// ************************************************************************* //
