/*--------------------------------*- C++ -*----------------------------------*\
| =========                 |                                                 |
| \\      /  F ield         | OpenFOAM: The Open Source CFD Toolbox           |
|  \\    /   O peration     | Version:  2412                                  |
|   \\  /    A nd           | Website:  www.openfoam.com                      |
|    \\/     M anipulation  |                                                 |
\*---------------------------------------------------------------------------*/
FoamFile
{
    version     2.0;
    format      ascii;
    arch        "LSB;label=32;scalar=64";
    class       volScalarField;
    location    "0.96";
    object      p_rgh;
}
// * * * * * * * * * * * * * * * * * * * * * * * * * * * * * * * * * * * * * //

dimensions      [1 -1 -2 0 0 0 0];

internalField   nonuniform List<scalar> 
1000
(
17.639
20.3283
17.6088
15.4743
15.5753
15.5749
15.4738
17.6092
20.3281
17.6388
20.3281
12.7989
12.2433
11.9606
11.8596
11.8598
11.9607
12.2432
12.7987
20.3277
17.6087
12.2433
12.4632
11.4033
11.7717
11.7717
11.4033
12.463
12.2432
17.6083
15.4745
11.9606
11.4032
11.8425
12.4632
12.4631
11.8424
11.4033
11.9605
15.4744
15.5755
11.8596
11.7717
12.4634
12.5936
12.5936
12.4634
11.7717
11.8595
15.5754
15.5748
11.8598
11.7718
12.4632
12.5937
12.5938
12.4633
11.7718
11.8597
15.5748
15.4737
11.9607
11.4033
11.8425
12.4635
12.4634
11.8424
11.4033
11.9606
15.4737
17.6094
12.2432
12.4629
11.4033
11.7717
11.7718
11.4033
12.4628
12.2431
17.6095
20.328
12.7986
12.2431
11.9605
11.8596
11.8597
11.9606
12.2431
12.7985
20.3276
17.6387
20.3276
17.6081
15.4741
15.575
15.5747
15.4737
17.6092
20.3276
17.6384
14.5398
17.5838
22.9038
13.4228
14.7469
14.7479
13.4225
22.9046
17.5845
14.5396
17.5833
13.0732
12.4011
12.0252
11.8135
11.8136
12.0252
12.4009
13.073
17.5826
22.9036
12.4012
11.7869
11.1564
11.6081
11.6082
11.1565
11.7869
12.401
22.9031
13.4229
12.0251
11.1564
12.0339
12.4963
12.4964
12.034
11.1565
12.025
13.4229
14.7465
11.8135
11.6081
12.4964
12.3418
12.3418
12.4965
11.6081
11.8135
14.7466
14.748
11.8136
11.6082
12.4965
12.342
12.3421
12.4965
11.6082
11.8136
14.7478
13.4225
12.0252
11.1566
12.0341
12.4965
12.4965
12.0342
11.1566
12.0251
13.4225
22.905
12.4009
11.7869
11.1565
11.6082
11.6082
11.1566
11.7869
12.4008
22.9053
17.5844
13.0729
12.4008
12.025
11.8135
11.8136
12.0251
12.4008
13.0728
17.5841
14.5398
17.5827
22.9028
13.4227
14.7469
14.7476
13.4226
22.9048
17.5835
14.5401
15.0305
14.9544
25.0936
13.6641
13.6165
13.6169
13.6643
25.0936
14.9549
15.0304
14.954
13.0715
12.3677
12.3873
11.7763
11.7764
12.3874
12.3679
13.0713
14.9537
25.0936
12.3676
11.7516
11.2515
11.5462
11.5463
11.2516
11.7517
12.3675
25.094
13.6641
12.3872
11.2514
11.9546
12.1693
12.1696
11.9546
11.2515
12.3871
13.664
13.6162
11.7763
11.5462
12.1693
12.3845
12.3845
12.1694
11.5463
11.7763
13.6162
13.6169
11.7764
11.5463
12.1697
12.3847
12.3848
12.1697
11.5463
11.7764
13.6167
13.6643
12.3874
11.2516
11.9547
12.1694
12.1696
11.9547
11.2516
12.3873
13.6639
25.0939
12.3678
11.7518
11.2515
11.5463
11.5463
11.2516
11.7518
12.3678
25.0941
14.9549
13.0713
12.3676
12.3872
11.7764
11.7764
12.3873
12.3678
13.0713
14.9548
15.0306
14.9539
25.0944
13.664
13.6164
13.6167
13.6639
25.0943
14.9545
15.0309
15.5346
14.8685
26.2178
18.5005
13.3877
13.3879
18.5015
26.2177
14.8689
15.5343
14.8681
13.289
12.8647
12.7354
11.9398
11.9398
12.7355
12.8649
13.2889
14.8681
26.2177
12.8645
12.5355
11.7518
11.5724
11.5724
11.7518
12.5356
12.8645
26.2181
18.5002
12.7353
11.7519
11.5946
11.5072
11.5073
11.5946
11.752
12.7353
18.4998
13.3875
11.9397
11.5723
11.5072
11.67
11.6701
11.5073
11.5723
11.9398
13.3873
13.3879
11.9398
11.5724
11.5073
11.67
11.6699
11.5074
11.5723
11.9399
13.3876
18.5012
12.7354
11.7518
11.5945
11.5072
11.5073
11.5944
11.752
12.7355
18.4996
26.218
12.8648
12.5358
11.752
11.5723
11.5724
11.7521
12.5359
12.8649
26.2182
14.8689
13.2889
12.8647
12.7354
11.9398
11.9398
12.7355
12.8649
13.289
14.8689
15.5344
14.8683
26.2185
18.4999
13.3875
13.3876
18.4996
26.2184
14.8687
15.5346
20.2915
15.806
27.332
21.8398
12.6544
12.6544
21.8399
27.3318
15.8062
20.2902
15.8055
13.0177
13.2319
12.9971
11.6921
11.6921
12.9975
13.2322
13.0177
15.8051
27.3319
13.2317
13.28
12.5478
11.8205
11.8202
12.5476
13.2803
13.2318
27.3323
21.8398
12.9969
12.5478
11.5289
11.3243
11.3243
11.529
12.5476
12.9972
21.8395
12.6543
11.692
11.8207
11.3243
11.4495
11.4496
11.3243
11.8209
11.692
12.6541
12.6544
11.6921
11.8203
11.3244
11.4497
11.4497
11.3244
11.8206
11.692
12.6543
21.8399
12.9974
12.5476
11.529
11.3243
11.3244
11.529
12.5475
12.9977
21.8393
27.3321
13.2321
13.2801
12.5477
11.8206
11.8205
12.5476
13.2803
13.2322
27.3324
15.8059
13.0177
13.2319
12.9973
11.6921
11.6921
12.9977
13.2323
13.0178
15.8055
20.2898
15.8054
27.3327
21.8399
12.6543
12.6544
21.8397
27.3326
15.8056
20.2892
30.6082
18.4394
28.2363
16.0124
11.5891
11.5891
16.012
28.236
18.4388
30.6054
18.4389
12.3715
12.7008
12.6002
11.3544
11.3545
12.6006
12.7011
12.3716
18.4376
28.2355
12.7006
12.9694
12.273
12.2587
12.2588
12.2731
12.9695
12.7007
28.237
16.0126
12.6001
12.2729
11.4291
11.2393
11.2394
11.4293
12.2728
12.6005
16.0125
11.5891
11.3544
12.2586
11.2394
11.3138
11.3138
11.2393
12.2585
11.3544
11.5891
11.5891
11.3544
12.2588
11.2394
11.3138
11.3139
11.2394
12.2587
11.3544
11.5891
16.012
12.6007
12.273
11.4294
11.2393
11.2394
11.4296
12.273
12.6009
16.0121
28.2357
12.701
12.9696
12.2729
12.2586
12.2587
12.273
12.9696
12.7011
28.2373
18.4382
12.3716
12.7008
12.6005
11.3544
11.3545
12.6009
12.7011
12.3716
18.4372
30.6046
18.4376
28.2385
16.0127
11.5892
11.5892
16.0125
28.2386
18.4372
30.6032
52.1479
22.3296
26.3345
12.8848
11.1887
11.1887
12.8843
26.3318
22.3283
52.1409
22.3295
11.9876
12.1061
11.6958
11.1889
11.1889
11.6959
12.1064
11.9878
22.3279
26.3357
12.106
12.1435
11.6284
12.0979
12.098
11.6285
12.1436
12.1061
26.338
12.885
11.6958
11.6283
11.216
11.1573
11.1573
11.2162
11.6283
11.696
12.885
11.1887
11.1889
12.098
11.1573
11.2001
11.2001
11.1574
12.0982
11.1889
11.1887
11.1887
11.189
12.0981
11.1573
11.2001
11.2001
11.1573
12.0982
11.189
11.1887
12.8843
11.696
11.6284
11.2162
11.1574
11.1573
11.2163
11.6285
11.6961
12.8844
26.3317
12.1064
12.1436
11.6284
12.098
12.0981
11.6285
12.1437
12.1065
26.3344
22.3277
11.9878
12.1062
11.696
11.1889
11.1889
11.696
12.1064
11.9879
22.3265
52.1389
22.3276
26.3376
12.8849
11.1887
11.1887
12.8845
26.3356
22.3265
52.1355
98.8791
21.3579
24.9669
11.6472
11.0714
11.0714
11.6469
24.9659
21.357
98.8444
21.3587
11.8107
11.7851
11.2515
11.0913
11.0913
11.2516
11.7854
11.8109
21.3581
24.9688
11.785
11.6344
11.1941
11.3269
11.327
11.1942
11.6344
11.7854
24.9702
11.6473
11.2515
11.1941
11.1247
11.0814
11.0814
11.1248
11.1941
11.2516
11.6473
11.0714
11.0913
11.327
11.0814
11.0952
11.0952
11.0815
11.3269
11.0913
11.0714
11.0713
11.0913
11.327
11.0814
11.0952
11.0952
11.0815
11.327
11.0913
11.0713
11.6469
11.2517
11.1942
11.1248
11.0815
11.0815
11.1248
11.1942
11.2517
11.6469
24.9672
11.7854
11.6344
11.1942
11.3269
11.3269
11.1942
11.6345
11.7856
24.9682
21.3572
11.8109
11.7855
11.2516
11.0913
11.0913
11.2517
11.7856
11.8111
21.3567
98.8341
21.3574
24.9683
11.6472
11.0713
11.0713
11.6469
24.967
21.3564
98.8183
178.09
18.0379
21.2326
11.2524
10.9896
10.9897
11.253
21.2333
18.0391
178.114
18.0379
11.804
11.73
11.1418
11.0391
11.0391
11.1418
11.73
11.8042
18.0389
21.2331
11.73
11.2602
11.0859
11.1292
11.1292
11.0859
11.2601
11.7301
21.2339
11.2524
11.1418
11.0859
11.1912
11.0342
11.0342
11.1911
11.0859
11.1418
11.2527
10.9896
11.0391
11.1292
11.0342
11.0015
11.0015
11.0342
11.1292
11.0391
10.9896
10.9897
11.0392
11.1293
11.0342
11.0015
11.0015
11.0342
11.1292
11.0392
10.9897
11.2532
11.1419
11.0859
11.1911
11.0342
11.0342
11.191
11.0858
11.1419
11.2533
21.2341
11.7299
11.2601
11.0859
11.1292
11.1292
11.0858
11.2601
11.73
21.2344
18.0395
11.8043
11.7302
11.1418
11.0391
11.0392
11.1419
11.7301
11.8043
18.0398
178.121
18.0391
21.2333
11.2527
10.9896
10.9897
11.2531
21.2335
18.0397
178.13
187.125
16.4023
18.3315
11.5343
11.0755
11.0756
11.5355
18.3314
16.403
187.151
16.4023
11.8853
11.692
11.2467
11.1379
11.1381
11.2465
11.6918
11.8854
16.4027
18.3317
11.692
11.1484
11.0589
11.2992
11.2993
11.0587
11.1484
11.6919
18.3321
11.5341
11.2467
11.0589
11.291
11.0633
11.0633
11.291
11.0589
11.2467
11.5347
11.0755
11.1379
11.2992
11.0633
10.9365
10.9365
11.0633
11.2993
11.138
11.0755
11.0756
11.1381
11.2993
11.0633
10.9365
10.9365
11.0633
11.2993
11.1381
11.0756
11.5359
11.2465
11.0586
11.291
11.0633
11.0633
11.291
11.0586
11.2465
11.5361
18.3317
11.6917
11.1483
11.0588
11.2992
11.2992
11.0586
11.1483
11.6916
18.3319
16.4031
11.8854
11.6919
11.2467
11.138
11.1381
11.2465
11.6917
11.8854
16.4033
187.159
16.4028
18.3319
11.5348
11.0755
11.0756
11.5358
18.3317
16.4032
187.168
)
;

boundaryField
{
    bottom
    {
        type            fixedFluxPressure;
        gradient        nonuniform List<scalar> 0();
        value           nonuniform List<scalar> 0();
    }
    atmosphere
    {
        type            prghTotalPressure;
        p0              nonuniform List<scalar> 0();
        value           nonuniform List<scalar> 0();
    }
    walls
    {
        type            fixedFluxPressure;
        gradient        uniform 0;
        value           nonuniform List<scalar> 
400
(
17.639
20.3281
17.6087
15.4745
15.5755
15.5748
15.4737
17.6094
20.328
17.6387
14.5398
17.5833
22.9036
13.4229
14.7465
14.748
13.4225
22.905
17.5844
14.5398
15.0305
14.954
25.0936
13.6641
13.6162
13.6169
13.6643
25.0939
14.9549
15.0306
15.5346
14.8681
26.2177
18.5002
13.3875
13.3879
18.5012
26.218
14.8689
15.5344
20.2915
15.8055
27.3319
21.8398
12.6543
12.6544
21.8399
27.3321
15.8059
20.2898
30.6082
18.4389
28.2355
16.0126
11.5891
11.5891
16.012
28.2357
18.4382
30.6046
52.1479
22.3295
26.3357
12.885
11.1887
11.1887
12.8843
26.3317
22.3277
52.1389
98.8791
21.3587
24.9688
11.6473
11.0714
11.0713
11.6469
24.9672
21.3572
98.8341
178.09
18.0379
21.2331
11.2524
10.9896
10.9897
11.2532
21.2341
18.0395
178.121
187.125
16.4023
18.3317
11.5341
11.0755
11.0756
11.5359
18.3317
16.4031
187.159
17.6388
20.3277
17.6083
15.4744
15.5754
15.5748
15.4737
17.6095
20.3276
17.6384
14.5396
17.5826
22.9031
13.4229
14.7466
14.7478
13.4225
22.9053
17.5841
14.5401
15.0304
14.9537
25.094
13.664
13.6162
13.6167
13.6639
25.0941
14.9548
15.0309
15.5343
14.8681
26.2181
18.4998
13.3873
13.3876
18.4996
26.2182
14.8689
15.5346
20.2902
15.8051
27.3323
21.8395
12.6541
12.6543
21.8393
27.3324
15.8055
20.2892
30.6054
18.4376
28.237
16.0125
11.5891
11.5891
16.0121
28.2373
18.4372
30.6032
52.1409
22.3279
26.338
12.885
11.1887
11.1887
12.8844
26.3344
22.3265
52.1355
98.8444
21.3581
24.9702
11.6473
11.0714
11.0713
11.6469
24.9682
21.3567
98.8183
178.114
18.0389
21.2339
11.2527
10.9896
10.9897
11.2533
21.2344
18.0398
178.13
187.151
16.4027
18.3321
11.5347
11.0755
11.0756
11.5361
18.3319
16.4033
187.168
17.639
14.5398
15.0305
15.5346
20.2915
30.6082
52.1479
98.8791
178.09
187.125
20.3283
17.5838
14.9544
14.8685
15.806
18.4394
22.3296
21.3579
18.0379
16.4023
17.6088
22.9038
25.0936
26.2178
27.332
28.2363
26.3345
24.9669
21.2326
18.3315
15.4743
13.4228
13.6641
18.5005
21.8398
16.0124
12.8848
11.6472
11.2524
11.5343
15.5753
14.7469
13.6165
13.3877
12.6544
11.5891
11.1887
11.0714
10.9896
11.0755
15.5749
14.7479
13.6169
13.3879
12.6544
11.5891
11.1887
11.0714
10.9897
11.0756
15.4738
13.4225
13.6643
18.5015
21.8399
16.012
12.8843
11.6469
11.253
11.5355
17.6092
22.9046
25.0936
26.2177
27.3318
28.236
26.3318
24.9659
21.2333
18.3314
20.3281
17.5845
14.9549
14.8689
15.8062
18.4388
22.3283
21.357
18.0391
16.403
17.6388
14.5396
15.0304
15.5343
20.2902
30.6054
52.1409
98.8444
178.114
187.151
17.6387
14.5398
15.0306
15.5344
20.2898
30.6046
52.1389
98.8341
178.121
187.159
20.3276
17.5827
14.9539
14.8683
15.8054
18.4376
22.3276
21.3574
18.0391
16.4028
17.6081
22.9028
25.0944
26.2185
27.3327
28.2385
26.3376
24.9683
21.2333
18.3319
15.4741
13.4227
13.664
18.4999
21.8399
16.0127
12.8849
11.6472
11.2527
11.5348
15.575
14.7469
13.6164
13.3875
12.6543
11.5892
11.1887
11.0713
10.9896
11.0755
15.5747
14.7476
13.6167
13.3876
12.6544
11.5892
11.1887
11.0713
10.9897
11.0756
15.4737
13.4226
13.6639
18.4996
21.8397
16.0125
12.8845
11.6469
11.2531
11.5358
17.6092
22.9048
25.0943
26.2184
27.3326
28.2386
26.3356
24.967
21.2335
18.3317
20.3276
17.5835
14.9545
14.8687
15.8056
18.4372
22.3265
21.3564
18.0397
16.4032
17.6384
14.5401
15.0309
15.5346
20.2892
30.6032
52.1355
98.8183
178.13
187.168
)
;
    }
    procBoundary2to0
    {
        type            processor;
        value           nonuniform List<scalar> 
100
(
195.351
16.891
15.8027
12.7162
11.2595
11.2596
12.7159
15.8024
16.891
195.379
16.891
11.9232
11.6331
11.557
11.361
11.3611
11.5566
11.6328
11.9231
16.891
15.8029
11.6331
11.0789
11.5949
11.3034
11.3035
11.594
11.0788
11.6329
15.8028
12.7163
11.5571
11.595
11.1011
11.1741
11.1741
11.1011
11.5946
11.5569
12.7163
11.2595
11.361
11.3034
11.1741
10.9828
10.9829
11.1741
11.3034
11.3608
11.2597
11.2597
11.3611
11.3036
11.1741
10.9829
10.9829
11.1741
11.3036
11.3609
11.2598
12.7159
11.5564
11.5937
11.1011
11.1741
11.1741
11.1011
11.5935
11.5564
12.7159
15.8024
11.6327
11.0788
11.5943
11.3034
11.3035
11.5938
11.0788
11.6326
15.8024
16.891
11.9231
11.6328
11.5569
11.3609
11.361
11.5565
11.6326
11.923
16.8909
195.386
16.8909
15.8027
12.7162
11.2597
11.2598
12.7159
15.8024
16.8909
195.397
)
;
    }
    procBoundary2to3
    {
        type            processor;
        value           nonuniform List<scalar> 
100
(
29.87
19.6643
15.6805
17.4419
14.702
14.7015
17.4411
15.6804
19.6638
29.8695
19.6645
12.4297
12.0734
11.9227
11.9335
11.9335
11.9226
12.0732
12.4295
19.6642
15.6804
12.0734
13.2428
11.5916
12.1051
12.1051
11.5916
13.2426
12.0732
15.6803
17.4422
11.9227
11.5915
11.5372
11.9935
11.9934
11.5372
11.5915
11.9226
17.4419
14.7024
11.9335
12.1051
11.9937
12.5292
12.5291
11.9938
12.1051
11.9335
14.7025
14.7016
11.9335
12.1051
11.9935
12.529
12.529
11.9936
12.1051
11.9334
14.7018
17.441
11.9226
11.5916
11.5372
11.9938
11.9937
11.5372
11.5915
11.9226
17.4409
15.6803
12.0731
13.2425
11.5915
12.1051
12.1051
11.5915
13.2424
12.0731
15.6801
19.6637
12.4294
12.0732
11.9226
11.9334
11.9334
11.9226
12.0731
12.4293
19.6635
29.8694
19.664
15.6803
17.4413
14.702
14.7016
17.4408
15.6802
19.6636
29.8693
)
;
    }
}


// ************************************************************************* //
