/*--------------------------------*- C++ -*----------------------------------*\
| =========                 |                                                 |
| \\      /  F ield         | OpenFOAM: The Open Source CFD Toolbox           |
|  \\    /   O peration     | Version:  2412                                  |
|   \\  /    A nd           | Website:  www.openfoam.com                      |
|    \\/     M anipulation  |                                                 |
\*---------------------------------------------------------------------------*/
FoamFile
{
    version     2.0;
    format      ascii;
    arch        "LSB;label=32;scalar=64";
    class       surfaceScalarField;
    location    "0.81";
    object      phi;
}
// * * * * * * * * * * * * * * * * * * * * * * * * * * * * * * * * * * * * * //

dimensions      [0 3 -1 0 0 0 0];

oriented        oriented;

internalField   nonuniform List<scalar> 
2700
(
-7.02649e-05
-7.02631e-05
-0.000597672
0.000457496
-0.000670959
-0.000922902
0.000271923
0.00011683
0.000392358
-0.00010822
-4.52578e-05
0.00172445
-9.84753e-09
-0.000338861
0.000838387
0.000108207
-0.000338863
0.000838441
-0.000271916
-4.53145e-05
0.00172446
-0.000457492
0.000116814
0.000392359
7.02658e-05
-0.000670978
-0.000922927
-7.02602e-05
-0.000597673
-0.000670966
0.00045751
-0.000922879
-0.000982103
-0.000982069
-0.00108349
-0.000762472
0.00011293
0.000124139
-0.000358337
-0.0005276
-0.000551166
-2.27842e-08
-0.000509252
-0.00153245
0.000358322
-0.000509213
-0.00153238
0.000762522
-0.000527685
-0.000551167
0.000982155
0.000112886
0.000124148
0.000670972
-0.000982099
-0.00108353
0.000457524
-0.000922863
0.000116838
0.000271932
0.000392351
0.000112997
-0.000762484
0.000124077
8.89029e-06
8.8361e-06
0.00407318
0.000468655
-0.000171857
0.00207109
7.95788e-08
-0.000159076
-0.000262677
-0.000468523
-0.000159061
-0.000262822
-8.86245e-06
-0.000171901
0.00207107
-0.000113023
8.78831e-06
0.00407315
-0.00011683
-0.000762535
0.000124058
0.000271936
0.000392355
-4.5243e-05
-0.000108219
0.00172442
-0.000527568
-0.000358364
-0.000551177
-0.000171872
0.000468674
0.00207109
0.000195754
0.000195737
-0.000261967
2.80424e-08
3.80802e-05
-0.00198538
-0.00019568
3.80242e-05
-0.0019853
0.000171932
0.000195677
-0.000261953
0.000527616
0.000468667
0.00207102
4.52794e-05
-0.000358389
-0.000551112
-0.00010821
0.00172442
-0.000338853
-1.43261e-08
0.00083836
-0.000509266
-3.88551e-08
-0.00153246
-0.000159082
9.60364e-08
-0.0002625
3.81013e-05
1.64368e-08
-0.00198542
3.01699e-08
3.06244e-08
-0.00192209
-3.80579e-05
2.28385e-08
-0.00192202
0.000159086
-5.39554e-09
-0.00198541
0.000509269
6.81359e-08
-0.00026237
0.000338854
-4.26709e-08
-0.00153237
-1.25384e-08
0.000838429
-0.00033885
0.000108196
0.000838434
-0.000509208
0.00035833
-0.00153236
-0.000159082
-0.000468493
-0.000262726
3.80009e-05
-0.00019564
-0.00198528
2.12309e-08
-3.80245e-05
-0.001922
-3.79719e-05
-3.7981e-05
-0.00192195
0.000159087
-0.000195616
-0.00198526
0.000509226
-0.000468512
-0.000262568
0.000338857
0.000358347
-0.00153231
0.000108191
0.00083849
-4.53289e-05
-0.00027192
0.00172446
-0.000527711
0.000762552
-0.000551182
-0.00017194
-8.81783e-06
0.00207105
0.000195663
0.000171963
-0.000261928
8.32503e-10
0.000159097
-0.00198538
-0.000195637
0.000159085
-0.0019853
0.000171973
0.000171984
-0.000261957
0.000527741
-8.79357e-06
0.00207099
4.53513e-05
0.000762586
-0.000551134
-0.000271919
0.00172449
0.000116814
-0.000457497
0.000392351
0.000112917
0.000982153
0.000124091
8.80986e-06
-0.000112995
0.00407308
0.000468652
0.00052768
0.00207104
5.46782e-08
0.000509294
-0.000262486
-0.000468548
0.000509273
-0.000262611
-8.79827e-06
0.000527745
0.00207102
-0.000112952
-0.00011297
0.00407297
-0.000116816
0.000982165
0.000124041
-0.000457503
0.000392343
-0.000670988
7.02648e-05
-0.000922919
-0.000982125
0.000670967
-0.00108356
-0.000762528
-0.000116828
0.000124068
-0.00035836
4.53146e-05
-0.00055108
-2.35898e-08
0.000338891
-0.0015323
0.000358343
0.000338899
-0.00153226
0.000762564
4.5358e-05
-0.000551094
0.000982156
-0.000116822
0.000124042
0.000670983
0.000670976
-0.00108362
7.02628e-05
-0.000922905
-7.02609e-05
-0.000597673
0.000457518
-0.000922867
0.000271925
0.000392365
-0.000108215
0.00172443
-8.27879e-09
0.000838494
0.000108204
0.00083854
-0.000271917
0.00172448
-0.000457511
0.000392354
7.02612e-05
-0.000922893
-0.000597674
-8.46542e-05
-8.46545e-05
-0.000428364
0.000365277
-0.000638758
-0.000734076
0.000151984
7.77287e-05
0.000527922
-4.46029e-05
4.33661e-05
0.00187767
6.47644e-09
-0.000147087
0.000940865
4.46101e-05
-0.00014701
0.000940848
-0.000151957
4.33317e-05
0.00187769
-0.000365253
7.76974e-05
0.000527957
8.46557e-05
-0.000638767
-0.000734068
-8.4651e-05
-0.000428366
-0.000638761
0.000365291
-0.000734064
-0.000817357
-0.000817334
-0.000726317
-0.000708625
-0.000104449
0.000197585
-0.000437501
-0.000301267
-0.000477656
-3.84476e-09
-0.000374915
-0.00174212
0.000437495
-0.00037481
-0.00174208
0.000708659
-0.000301311
-0.000477689
0.000817386
-0.000104504
0.000197623
0.000638757
-0.000817346
-0.000726323
0.00036531
-0.000734067
7.77489e-05
0.000151993
0.000527901
-0.00010439
-0.000708643
0.000197525
-7.61556e-05
-7.61991e-05
0.00401669
0.000440391
-0.000100706
0.00135398
1.16887e-07
-0.000138112
-5.92059e-05
-0.000440234
-0.000138135
-5.91462e-05
7.61498e-05
-0.00010076
0.00135413
0.000104304
-7.62504e-05
0.00401674
-7.77695e-05
-0.000708686
0.000197471
0.000151999
0.000527897
4.33669e-05
-4.46e-05
0.00187765
-0.000301258
-0.000437516
-0.00047768
-0.000100714
0.000440373
0.00135398
0.000119103
0.000119106
-0.000701598
4.74004e-08
2.80616e-05
-0.0020325
-0.000119002
2.80018e-05
-0.00203239
0.000100766
0.000119029
-0.00070151
0.000301272
0.00044029
0.00135398
-4.33341e-05
-0.00043754
-0.000477652
-4.45991e-05
0.00187768
-0.000147115
5.16404e-09
0.00094087
-0.00037496
-1.22829e-08
-0.00174212
-0.000138105
1.49035e-07
-5.91315e-05
2.80828e-05
5.34483e-08
-0.00203255
1.26801e-08
1.05778e-08
-0.00186597
-2.80584e-05
5.75974e-09
-0.00186596
0.000138102
2.26631e-08
-0.00203256
0.000374952
1.09476e-07
-5.90389e-05
0.000147113
-1.63652e-08
-0.00174206
-8.59801e-10
0.000940943
-0.000146996
4.46011e-05
0.000940835
-0.000374803
0.000437493
-0.00174206
-0.000138152
-0.000440171
-5.90567e-05
2.79786e-05
-0.000118967
-0.00203239
7.39955e-09
-2.80267e-05
-0.00186599
-2.79649e-05
-2.79769e-05
-0.00186599
0.000138145
-0.000118936
-0.00203241
0.000374815
-0.000440134
-5.89953e-05
0.000147006
0.00043751
-0.00174202
4.45903e-05
0.000940904
4.33205e-05
-0.000151947
0.00187769
-0.000301332
0.000708687
-0.000477723
-0.000100802
7.61748e-05
0.00135417
0.000119001
0.000100791
-0.00070149
1.2062e-08
0.000138124
-0.00203254
-0.000118961
0.000138144
-0.00203245
0.000100824
0.000100817
-0.000701494
0.000301344
7.62119e-05
0.00135412
-4.3306e-05
0.000708721
-0.000477696
-0.000151936
0.00187771
7.76932e-05
-0.000365243
0.000527953
-0.000104493
0.000817385
0.000197579
-7.62472e-05
0.000104308
0.0040167
0.000440292
0.000301293
0.001354
8.28118e-08
0.000374928
-5.90807e-05
-0.000440178
0.000374846
-5.90514e-05
7.62354e-05
0.000301325
0.0013541
0.000104423
0.000104357
0.00401663
-7.77099e-05
0.000817385
0.000197511
-0.000365242
0.000527939
-0.000638766
8.46572e-05
-0.000734053
-0.000817355
0.000638753
-0.000726342
-0.000708683
-7.77676e-05
0.000197471
-0.000437538
-4.33148e-05
-0.000477616
-6.17346e-09
0.000147107
-0.00174201
0.000437531
0.000147041
-0.00174199
0.000708711
-4.33004e-05
-0.000477649
0.00081737
-7.77358e-05
0.000197476
0.000638751
0.000638751
-0.000726364
8.46544e-05
-0.000734049
-8.46491e-05
-0.000428367
0.000365311
-0.000734075
0.000151996
0.000527913
-4.46082e-05
0.00187772
2.49972e-10
0.000940992
4.46057e-05
0.000940976
-0.000151952
0.00187774
-0.000365269
0.000527935
8.46503e-05
-0.000734061
-0.000428369
-2.14169e-05
-2.14157e-05
-0.000385531
0.000297433
-0.000576948
-0.000475978
-5.33186e-06
1.18799e-05
0.000818807
-3.89864e-05
0.000125662
0.00178566
7.00899e-09
0.000283926
0.000617946
3.89883e-05
0.00028399
0.000617876
5.34213e-06
0.000125646
0.00178569
-0.000297407
1.18736e-05
0.000818833
2.14207e-05
-0.000576939
-0.000475957
-2.14097e-05
-0.000385536
-0.000576953
0.000297444
-0.00047597
-0.000697246
-0.000697239
-0.000485732
-0.000640109
-0.000241454
0.000393782
-0.000532031
5.63321e-05
-0.000516405
-2.73224e-08
-0.00019529
-0.00179491
0.000531998
-0.00019523
-0.00179489
0.000640125
5.62331e-05
-0.000516403
0.00069728
-0.000241476
0.000393818
0.000576963
-0.000697241
-0.000485705
0.000297461
-0.000475975
1.18818e-05
-5.33086e-06
0.000818793
-0.000241458
-0.000640139
0.000393764
-0.000165959
-0.000165958
0.0038657
0.000166453
0.000102869
0.000975033
2.42805e-08
-5.45212e-05
-3.35451e-05
-0.000166433
-5.45454e-05
-3.33727e-05
0.000165934
0.000102696
0.000975301
0.000241411
-0.000166001
0.00386579
-1.18968e-05
-0.000640186
0.000393724
-5.32773e-06
0.000818789
0.000125655
-3.90016e-05
0.00178566
5.63121e-05
-0.000532051
-0.000516425
0.000102853
0.000166418
0.00097506
0.000114093
0.000114084
-0.000724052
3.58339e-08
1.73759e-05
-0.00199034
-0.000113999
1.73435e-05
-0.00199024
-0.000102774
0.000113988
-0.000724027
-5.62807e-05
0.000166307
0.000975174
-0.000125631
-0.000532086
-0.000516402
-3.90091e-05
0.00178573
0.000283922
2.86824e-09
0.000617944
-0.000195302
-4.84292e-08
-0.00179489
-5.44954e-05
2.94204e-08
-3.3549e-05
1.73877e-05
4.26464e-08
-0.0019904
1.2501e-09
6.82693e-09
-0.00183122
-1.73791e-05
6.38225e-09
-0.00183124
5.44809e-05
2.00802e-08
-0.00199046
0.000195269
1.41321e-08
-3.35338e-05
-0.000283945
-5.03401e-08
-0.00179488
-9.0388e-09
0.000617998
0.000284031
3.899e-05
0.000617817
-0.000195213
0.000531991
-0.00179485
-5.45346e-05
-0.000166398
-3.33078e-05
1.73309e-05
-0.000113956
-0.00199025
8.96127e-10
-1.73545e-05
-0.0018313
-1.73266e-05
-1.73263e-05
-0.00183133
5.45091e-05
-0.000113898
-0.00199033
0.000195185
-0.0001663
-3.33565e-05
-0.000284062
0.00053202
-0.00179485
3.89836e-05
0.00061785
0.000125636
5.34939e-06
0.00178569
5.61846e-05
0.000640154
-0.000516434
0.000102616
0.000165922
0.000975418
0.000113966
-0.000102754
-0.000724041
1.1985e-08
5.45137e-05
-0.00199046
-0.000113918
5.45313e-05
-0.00199038
-0.000102595
-0.000102635
-0.000724079
-5.6179e-05
0.000165963
0.000975444
-0.000125625
0.00064019
-0.00051642
5.35877e-06
0.00178571
1.18685e-05
-0.000297394
0.000818828
-0.00024149
0.000697294
0.000393798
-0.000166024
0.000241389
0.00386577
0.000166339
-5.629e-05
0.000975168
1.47993e-08
0.00019526
-3.35034e-05
-0.000166329
0.00019521
-3.33867e-05
0.000166002
-5.62193e-05
0.000975349
0.000241456
0.000241413
0.00386573
-1.18804e-05
0.000697286
0.000393751
-0.000297393
0.00081881
-0.00057693
2.14231e-05
-0.00047594
-0.000697231
0.000576968
-0.000485715
-0.000640167
-1.19018e-05
0.000393699
-0.000532075
-0.000125625
-0.000516373
-2.83054e-08
-0.000283924
-0.00179487
0.000532039
-0.000283994
-0.00179486
0.000640174
-0.000125621
-0.000516383
0.000697252
-1.18945e-05
0.000393705
0.000576931
0.000576951
-0.000485707
2.14195e-05
-0.000475931
-2.14073e-05
-0.000385536
0.000297465
-0.000475979
-5.32536e-06
0.000818801
-3.89965e-05
0.00178576
-3.29156e-09
0.000618075
3.89857e-05
0.000617993
5.34873e-06
0.00178576
-0.000297421
0.000818811
2.14132e-05
-0.000475945
-0.000385536
1.06837e-05
1.06837e-05
-0.000406898
0.000219654
-0.000523507
-0.000161441
-7.00732e-05
-1.51552e-05
0.00112369
-0.000193744
0.000296886
0.00161245
2.74787e-08
0.000515392
-9.12173e-05
0.00019377
0.000515419
-9.12854e-05
7.00783e-05
0.000296868
0.00161252
-0.00021964
-1.51572e-05
0.00112371
-1.06832e-05
-0.000523509
-0.000161404
1.06838e-05
-0.000406903
-0.000523506
0.00021966
-0.00016144
-0.000634265
-0.000634265
-0.000264216
-0.000556391
-0.000232949
0.000533703
-0.000454081
0.000373321
-0.000695151
-2.3038e-08
-0.000112421
-0.00162115
0.000454073
-0.000112397
-0.00162117
0.000556424
0.000373199
-0.000695086
0.000634299
-0.000232981
0.000533767
0.000523522
-0.000634274
-0.000264163
0.000219667
-0.000161436
-1.51629e-05
-7.00754e-05
0.00112369
-0.000232975
-0.000556405
0.000533716
-0.000291201
-0.000291195
0.00398217
-0.000152088
0.000270387
0.000938855
-7.67852e-09
2.34864e-05
-0.000321533
0.000152017
2.34871e-05
-0.000321281
0.000291137
0.000270235
0.000939145
0.000232939
-0.000291269
0.00398227
1.51465e-05
-0.000556446
0.000533689
-7.00857e-05
0.00112369
0.000296871
-0.000193751
0.00161247
0.000373291
-0.000454086
-0.000695163
0.000270371
-0.000152109
0.000938894
8.73711e-05
8.73668e-05
-0.000358032
1.65435e-08
5.79656e-06
-0.00188529
-8.73091e-05
5.78888e-06
-0.00188522
-0.000270299
8.72938e-05
-0.000358096
-0.000373237
-0.000152162
0.000939005
-0.000296863
-0.000454115
-0.000695107
-0.000193808
0.00161259
0.000515361
2.97863e-08
-9.11985e-05
-0.000112421
-3.76569e-08
-0.00162116
2.35133e-05
-7.80887e-09
-0.000321584
5.80118e-06
2.11715e-08
-0.00188534
-5.34238e-09
1.76105e-09
-0.00181962
-5.80053e-06
4.7598e-09
-0.00181966
-2.35362e-05
1.25131e-08
-0.00188544
0.000112385
-7.39753e-09
-0.00032161
-0.00051537
-3.25182e-08
-0.00162121
1.22808e-08
-9.11921e-05
0.000515378
0.000193774
-9.1305e-05
-0.000112404
0.000454067
-0.00162118
2.35082e-05
0.000152017
-0.000321244
5.7879e-06
-8.72826e-05
-0.00188523
-1.87799e-09
-5.78899e-06
-0.00181972
-5.78578e-06
-5.78068e-06
-0.00181976
-2.35312e-05
-8.72205e-05
-0.00188535
0.00011238
0.000152077
-0.000321353
-0.000515363
0.000454089
-0.00162123
0.00019381
-9.13099e-05
0.000296843
7.00852e-05
0.00161254
0.000373131
0.000556447
-0.000695103
0.000270171
0.000291113
0.000939282
8.72759e-05
-0.000270295
-0.000358134
7.23237e-09
-2.35218e-05
-0.00188546
-8.72306e-05
-2.35221e-05
-0.0018854
-0.000270136
-0.000270166
-0.000358228
-0.000373112
0.000291187
0.00093931
-0.000296838
0.000556475
-0.00069508
7.01024e-05
0.00161258
-1.5164e-05
-0.000219634
0.00112371
-0.000233011
0.000634319
0.000533774
-0.000291291
0.000232906
0.00398225
-0.000152138
-0.000373257
0.000938978
-5.57396e-09
0.000112362
-0.00032152
0.000152075
0.000112351
-0.00032134
0.00029123
-0.00037316
0.000939187
0.000232982
0.000232934
0.00398223
1.51499e-05
0.000634317
0.000533741
-0.000219634
0.0011237
-0.000523499
-1.0683e-05
-0.000161392
-0.000634263
0.000523531
-0.000264165
-0.000556438
1.51364e-05
0.000533644
-0.000454119
-0.00029687
-0.00069508
-1.9323e-08
-0.000515417
-0.00162119
0.000454107
-0.000515426
-0.00162121
0.000556462
-0.000296852
-0.000695045
0.000634283
1.51384e-05
0.000533679
0.000523502
0.000523522
-0.000264131
-1.06826e-05
-0.000161381
1.06837e-05
-0.000406903
0.000219667
-0.000161431
-7.00777e-05
0.00112368
-0.000193789
0.00161261
1.32635e-08
-9.11449e-05
0.000193799
-9.12183e-05
7.00912e-05
0.00161261
-0.000219647
0.00112369
-1.06829e-05
-0.000161387
-0.000406902
-4.3813e-05
-4.38133e-05
-0.000319272
0.000108762
-0.000453067
0.00013905
-0.000120526
-8.76654e-06
0.00136174
-0.000269694
0.000566924
0.00119469
-3.00171e-08
0.000192523
-0.000553405
0.000269669
0.000192523
-0.000553507
0.000120528
0.000566936
0.00119472
-0.000108755
-8.77193e-06
0.00136176
4.3816e-05
-0.000453077
0.000139101
-4.38177e-05
-0.000319269
-0.000453064
0.000108765
0.000139045
-0.000648852
-0.000648846
0.000127351
-0.000566157
-0.000166757
0.000608998
-0.000321095
0.000518783
-0.000892072
-1.40858e-08
-0.000124365
-0.00162534
0.000321102
-0.000124372
-0.00162539
0.000566188
0.000518799
-0.000892036
0.000648885
-0.0001668
0.000609098
0.00045308
-0.000648848
0.000127414
0.000108769
0.000139058
-8.77324e-06
-0.000120526
0.00136176
-0.000166784
-0.000566148
0.000609029
-0.000359686
-0.000359676
0.00436799
-0.000245374
0.000174128
0.0011692
-1.02074e-07
6.23784e-05
-0.000753548
0.000245194
6.23881e-05
-0.000753337
0.00035962
0.000174161
0.00116936
0.00016677
-0.000359738
0.00436806
8.76211e-06
-0.000566174
0.000609023
-0.000120539
0.00136176
0.00056689
-0.000269694
0.00119475
0.000518738
-0.000321093
-0.000892066
0.000174104
-0.000245373
0.00116923
-1.79798e-05
-1.79729e-05
2.61532e-05
-2.88308e-09
-9.0747e-06
-0.00183182
1.7991e-05
-9.06303e-06
-0.00183176
-0.000174104
-1.79502e-05
2.61096e-05
-0.00051874
-0.000245305
0.00116921
-0.000566889
-0.000321121
-0.000892011
-0.000269734
0.0011949
0.000192519
-4.37133e-08
-0.000553368
-0.000124359
-2.16539e-08
-0.00162535
6.23913e-05
-1.41757e-07
-0.000753566
-9.07357e-06
-1.04076e-09
-0.00183184
-6.46574e-09
-1.60709e-09
-0.00183776
9.07166e-06
3.97792e-09
-0.0018378
-6.23814e-05
3.28268e-09
-0.00183194
0.000124349
-1.08929e-07
-0.000753535
-0.000192571
-1.61561e-08
-0.00162539
-3.59333e-08
-0.000553461
0.000192493
0.000269655
-0.000553496
-0.000124384
0.000321103
-0.00162543
6.24043e-05
0.000245125
-0.000753299
-9.0522e-06
1.79893e-05
-0.00183176
-1.07174e-09
9.07352e-06
-0.00183784
9.05471e-06
9.06468e-06
-0.00183788
-6.23972e-05
1.79929e-05
-0.00183189
0.000124373
0.000245102
-0.000753334
-0.000192536
0.000321124
-0.00162546
0.000269698
-0.00055358
0.0005669
0.00012053
0.00119476
0.000518757
0.000566197
-0.000892053
0.000174148
0.000359589
0.00116943
-1.79493e-05
-0.000174133
2.60849e-05
1.96867e-09
-6.23826e-05
-0.00183195
1.79858e-05
-6.23978e-05
-0.00183192
-0.000174117
-0.000174128
2.59949e-05
-0.00051874
0.000359657
0.00116938
-0.000566886
0.000566212
-0.000892023
0.000120544
0.00119485
-8.77993e-06
-0.000108754
0.00136178
-0.000166837
0.000648899
0.000609128
-0.000359772
0.000166744
0.00436803
-0.000245318
-0.000518787
0.00116918
-8.10989e-08
0.000124334
-0.000753474
0.000245163
0.000124341
-0.000753324
0.000359706
-0.000518782
0.0011693
0.000166826
0.000166784
0.00436798
8.77215e-06
0.000648892
0.000609115
-0.000108756
0.00136177
-0.000453073
4.38176e-05
0.00013911
-0.000648847
0.00045309
0.000127419
-0.000566186
8.75454e-06
0.000608973
-0.000321132
-0.000566923
-0.000891998
-1.11447e-08
-0.000192604
-0.00162538
0.000321135
-0.000192597
-0.00162541
0.000566212
-0.000566919
-0.000891986
0.000648868
8.76215e-06
0.000609045
0.000453077
0.000453092
0.00012746
4.3822e-05
0.000139119
-4.38189e-05
-0.000319266
0.000108768
0.000139072
-0.000120534
0.00136174
-0.00026974
0.00119489
-2.37363e-08
-0.000553465
0.000269718
-0.000553557
0.000120537
0.00119488
-0.000108762
0.00136175
4.38212e-05
0.000139122
-0.000319258
-8.65633e-05
-8.65607e-05
-0.000146148
1.37175e-05
-0.000400231
0.000439001
-0.00020691
2.20287e-05
0.00156034
-0.000318667
0.000631348
0.000675099
-5.41368e-08
0.000109625
-0.000981642
0.000318687
0.000109582
-0.000981831
0.000206981
0.000631487
0.000674943
-1.37128e-05
2.20414e-05
0.00156042
8.65703e-05
-0.000400239
0.000439057
-8.65613e-05
-0.000146137
-0.000400231
1.37224e-05
0.000438993
-0.000629233
-0.000629223
0.000585345
-0.000612599
-9.54922e-05
0.000709885
-0.000286065
0.000448121
-0.00103538
9.66762e-09
-9.16394e-05
-0.00171016
0.000286094
-9.16831e-05
-0.00171021
0.000612629
0.000448315
-0.0010354
0.00062927
-9.55235e-05
0.000710022
0.000400245
-0.000629222
0.000585422
1.37339e-05
0.000439007
2.20179e-05
-0.000206879
0.00156034
-9.55142e-05
-0.000612574
0.000709913
-0.000317934
-0.000317929
0.00481285
-0.00014786
-1.54439e-05
0.00146269
-7.16885e-08
6.76036e-05
-0.00106058
0.000147705
6.76205e-05
-0.00106042
0.00031787
-1.52144e-05
0.00146272
9.55158e-05
-0.000317963
0.00481285
-2.2032e-05
-0.000612576
0.000709925
-0.000206897
0.00156036
0.000631326
-0.000318649
0.000675191
0.000448088
-0.000286049
-0.00103535
-1.54818e-05
-0.000147867
0.00146273
-0.000129461
-0.000129442
0.00025413
-1.99683e-08
-4.2904e-05
-0.00185075
0.000129428
-4.28816e-05
-0.00185071
1.53954e-05
-0.000129325
0.000254252
-0.000448228
-0.000147802
0.00146267
-0.00063144
-0.000286053
-0.00103532
-0.000318654
0.000675218
0.000109663
-7.21791e-08
-0.000981607
-9.16207e-05
1.65701e-08
-0.00171014
6.76091e-05
-9.64781e-08
-0.00106057
-4.2905e-05
-2.17958e-08
-0.00185075
-4.97926e-09
-4.71834e-09
-0.00192356
4.29047e-05
-5.53944e-10
-0.00192359
-6.75793e-05
-7.11214e-09
-0.00185077
9.16391e-05
-7.12843e-08
-0.00106048
-0.000109697
1.65213e-08
-0.00171013
-5.58283e-08
-0.000981756
0.000109597
0.000318687
-0.000981853
-9.16898e-05
0.000286097
-0.00171022
6.76329e-05
0.000147655
-0.00106037
-4.28702e-05
0.000129413
-0.00185069
-1.73185e-09
4.2899e-05
-0.00192362
4.28759e-05
4.28816e-05
-0.00192364
-6.76004e-05
0.000129331
-0.00185075
9.16986e-05
0.000147641
-0.00106035
-0.000109641
0.000286092
-0.00171019
0.000318688
-0.000981965
0.000631505
0.000206984
0.00067496
0.000448344
0.000612622
-0.00103542
-1.51626e-05
0.000317845
0.00146274
-0.000129295
1.53525e-05
0.000254278
-3.93717e-09
-6.75761e-05
-0.00185077
0.000129309
-6.75941e-05
-0.00185076
1.51577e-05
1.51887e-05
0.000254288
-0.000448404
0.000317899
0.00146268
-0.000631563
0.000612614
-0.00103539
0.00020698
0.000674996
2.20357e-05
-1.3717e-05
0.00156044
-9.55513e-05
0.000629277
0.00071006
-0.000317992
9.55016e-05
0.00481282
-0.000147818
-0.000448272
0.00146263
-5.46935e-08
9.16503e-05
-0.00106046
0.000147694
9.16872e-05
-0.00106035
0.000317941
-0.000448401
0.00146264
9.55611e-05
9.55363e-05
0.00481273
-2.2039e-05
0.000629265
0.000710063
-1.3732e-05
0.00156044
-0.000400241
8.657e-05
0.000439064
-0.00062923
0.000400249
0.000585436
-0.000612606
-2.20414e-05
0.000709892
-0.000286078
-0.000631471
-0.00103533
7.38975e-09
-0.000109676
-0.00171014
0.000286098
-0.000109641
-0.00171018
0.00061263
-0.000631567
-0.00103535
0.000629255
-2.20454e-05
0.000710002
0.000400245
0.00040025
0.000585484
8.65689e-05
0.000439063
-8.65631e-05
-0.000146133
1.37343e-05
0.000439024
-0.000206916
0.00156035
-0.000318664
0.000675165
-4.31405e-08
-0.000981762
0.00031868
-0.000981921
0.000206969
0.000675019
-1.37354e-05
0.00156041
8.65679e-05
0.000439069
-0.000146122
-0.000112632
-0.000112632
7.91152e-05
-7.4766e-05
-0.000375095
0.000776229
-0.000255398
3.00834e-05
0.00171089
-0.000332078
0.000507603
0.000244177
-3.54692e-08
8.40588e-05
-0.00139774
0.000332123
8.39941e-05
-0.00139798
0.000255494
0.000507881
0.000243691
7.47676e-05
3.01116e-05
0.00171103
0.000112646
-0.000375106
0.000776285
-0.000112636
7.91442e-05
-0.000375098
-7.47625e-05
0.000776222
-0.000602546
-0.000602536
0.00104023
-0.00056381
-6.72766e-05
0.000768509
-0.000234292
0.00032002
-0.00117731
3.1398e-08
-9.1038e-05
-0.00176938
0.000234295
-9.10799e-05
-0.0017694
0.000563796
0.000320257
-0.00117728
0.000602593
-6.73042e-05
0.000768641
0.000375123
-0.00060255
0.00104034
-7.47406e-05
0.000776235
3.00712e-05
-0.000255352
0.00171086
-6.72943e-05
-0.000563797
0.00076854
-0.000218071
-0.000218062
0.00511441
6.04221e-07
-0.000126733
0.00169077
-2.41193e-08
3.49685e-05
-0.00118596
-6.75036e-07
3.49948e-05
-0.00118584
0.00021804
-0.000126548
0.00169081
6.73005e-05
-0.000218077
0.00511437
-3.00918e-05
-0.000563788
0.000768556
-0.000255372
0.0017109
0.00050759
-0.00033204
0.000244289
0.000320013
-0.000234283
-0.00117729
-0.000126734
6.03959e-07
0.00169081
-0.000146675
-0.000146664
0.000294003
-3.57282e-08
-6.89377e-05
-0.00189348
0.000146613
-6.892e-05
-0.00189344
0.000126633
-0.000146524
0.000294208
-0.000320201
6.43953e-07
0.00169078
-0.000507787
-0.000234271
-0.00117725
-0.000332016
0.000244075
8.40917e-05
-4.7273e-08
-0.00139769
-9.10169e-05
4.8208e-08
-0.00176936
3.49728e-05
-2.66698e-08
-0.00118593
-6.8936e-05
-4.22857e-08
-0.00189346
-3.84242e-09
-6.958e-09
-0.00206142
6.89329e-05
-4.6168e-09
-0.00206145
-3.49527e-05
-2.07176e-08
-0.00189339
9.10438e-05
-1.15685e-08
-0.00118583
-8.40597e-05
3.99103e-08
-0.00176933
-3.16824e-08
-0.0013978
8.40114e-05
0.000332112
-0.00139802
-9.10753e-05
0.000234294
-0.00176938
3.5009e-05
-6.92192e-07
-0.00118579
-6.8912e-05
0.000146602
-0.00189342
-2.90752e-09
6.89272e-05
-0.00206146
6.89144e-05
6.89148e-05
-0.00206148
-3.498e-05
0.000146502
-0.00189338
9.10952e-05
-6.93596e-07
-0.00118574
-8.39904e-05
0.000234279
-0.00176935
0.000332085
-0.00139807
0.000507976
0.000255491
0.000243604
0.000320333
0.000563783
-0.00117726
-0.000126479
0.000218029
0.00169084
-0.000146481
0.000126621
0.000294262
-1.25991e-08
-3.49451e-05
-0.00189336
0.000146473
-3.49662e-05
-0.00189336
0.000126446
0.00012649
0.000294328
-0.000320429
0.000218068
0.0016908
-0.00050808
0.000563775
-0.00117723
0.000255483
0.000243517
3.01116e-05
7.47583e-05
0.00171106
-6.73239e-05
0.000602601
0.000768677
-0.000218096
6.72936e-05
0.00511432
6.31996e-07
-0.000320231
0.00169075
-1.1589e-08
9.10626e-05
-0.00118583
-6.71962e-07
9.11015e-05
-0.00118576
0.000218088
-0.000320393
0.00169076
6.73339e-05
6.73188e-05
0.00511423
-3.01207e-05
0.000602602
0.00076869
7.47301e-05
0.00171107
-0.000375113
0.000112645
0.000776291
-0.000602562
0.000375128
0.00104036
-0.000563807
-3.01032e-05
0.000768535
-0.00023429
-0.000507808
-0.00117727
2.32477e-08
-8.40364e-05
-0.00176935
0.000234288
-8.39776e-05
-0.00176936
0.000563798
-0.000508018
-0.00117724
0.0006026
-3.01237e-05
0.000768643
0.000375132
0.000375132
0.00104042
0.000112641
0.000776284
-0.000112637
7.91489e-05
-7.47373e-05
0.000776251
-0.000255412
0.00171092
-0.000332049
0.000243994
-2.47929e-08
-0.00139782
0.000332094
-0.00139802
0.000255489
0.000243605
7.47284e-05
0.00171105
0.000112641
0.000776289
7.916e-05
-8.94653e-05
-8.94666e-05
0.000258047
-1.95371e-05
-0.000389919
0.00109622
-0.000168529
1.80849e-05
0.0018418
-0.00022497
0.000363304
-6.26857e-05
-5.66597e-09
3.88155e-05
-0.00166152
0.000224871
3.87792e-05
-0.00166164
0.000168446
0.000363425
-6.33096e-05
1.95176e-05
1.8122e-05
0.00184184
8.94662e-05
-0.000389936
0.00109627
-8.94585e-05
0.000258069
-0.00038992
-1.95391e-05
0.00109621
-0.000581889
-0.000581882
0.00142417
-0.000505541
-9.19189e-05
0.000802165
-0.000197481
0.000144677
-0.00126675
4.7479e-08
-0.000108298
-0.0018198
0.000197512
-0.000108314
-0.00181977
0.000505526
0.000144791
-0.00126666
0.000581941
-9.19218e-05
0.00080227
0.000389959
-0.0005819
0.00142428
-1.94977e-05
0.00109623
1.80753e-05
-0.000168538
0.00184178
-9.1936e-05
-0.000505534
0.000802204
-0.000117194
-0.000117174
0.00516492
9.31039e-05
-0.000199682
0.00182483
4.65091e-08
2.87614e-05
-0.00122996
-9.30573e-05
2.87874e-05
-0.00122984
0.000117211
-0.000199629
0.00182496
9.19307e-05
-0.000117179
0.0051649
-1.81036e-05
-0.000505524
0.000802214
-0.000168488
0.00184178
0.000363299
-0.000224981
-6.25675e-05
0.000144692
-0.000197475
-0.00126674
-0.000199654
9.31194e-05
0.00182487
-0.000131313
-0.000131319
0.000157299
-2.94691e-08
-5.99833e-05
-0.00193602
0.000131285
-5.99756e-05
-0.00193599
0.000199608
-0.000131263
0.000157518
-0.0001448
9.31142e-05
0.0018249
-0.000363373
-0.000197486
-0.00126672
-0.000224925
-6.28615e-05
3.8832e-05
-1.17235e-08
-0.00166149
-0.000108285
6.98248e-08
-0.00181979
2.87675e-05
7.50617e-08
-0.00122993
-5.99787e-05
-3.66003e-08
-0.001936
1.30844e-09
-2.62508e-10
-0.00218138
5.99764e-05
-4.98735e-10
-0.0021814
-2.87612e-05
-1.85252e-08
-0.0019359
0.000108306
7.00862e-08
-0.00122985
-3.87968e-05
5.51079e-08
-0.00181977
-2.63225e-09
-0.00166152
3.87926e-05
0.000224831
-0.00166166
-0.000108302
0.000197526
-0.00181974
2.88032e-05
-9.30375e-05
-0.00122979
-5.99692e-05
0.000131287
-0.00193597
4.08063e-11
5.9976e-05
-0.0021814
5.99695e-05
5.99703e-05
-0.00218142
-2.87884e-05
0.00013125
-0.00193589
0.000108321
-9.30275e-05
-0.00122975
-3.87616e-05
0.000197524
-0.00181973
0.000224824
-0.00166166
0.00036348
0.000168414
-6.34588e-05
0.000144849
0.00050552
-0.00126663
-0.000199587
0.000117215
0.00182502
-0.000131243
0.000199625
0.000157581
-1.2217e-08
-2.87536e-05
-0.00193586
0.000131236
-2.87734e-05
-0.00193587
0.000199564
0.000199591
0.000157659
-0.000144906
0.000117234
0.00182501
-0.000363507
0.000505511
-0.00126662
0.000168398
-6.3564e-05
1.81297e-05
1.9507e-05
0.00184184
-9.1927e-05
0.000581952
0.000802302
-0.000117191
9.19271e-05
0.00516488
9.31023e-05
-0.000144807
0.00182489
4.64325e-08
0.000108319
-0.00122984
-9.30427e-05
0.000108335
-0.00122978
0.000117231
-0.00014488
0.00182496
9.19282e-05
9.19271e-05
0.00516484
-1.81492e-05
0.000581959
0.000802319
1.9472e-05
0.00184185
-0.000389946
8.94634e-05
0.00109628
-0.000581913
0.000389967
0.00142431
-0.000505531
-1.81139e-05
0.000802194
-0.000197496
-0.000363383
-0.00126673
3.5748e-08
-3.87832e-05
-0.00181978
0.000197516
-3.87487e-05
-0.00181976
0.000505521
-0.000363472
-0.00126665
0.000581958
-1.81468e-05
0.00080228
0.000389977
0.000389976
0.00142439
8.94556e-05
0.00109628
-8.94574e-05
0.00025807
-1.94877e-05
0.00109625
-0.000168487
0.0018418
-0.000224927
-6.29478e-05
7.9066e-10
-0.00166153
0.000224864
-0.00166163
0.000168428
-6.34312e-05
1.94707e-05
0.00184186
8.94561e-05
0.00109628
0.000258072
-0.000142067
-0.000142071
0.000542185
7.69108e-05
-0.000453687
0.00133093
-4.31713e-05
2.6528e-05
0.00193535
-0.000147021
0.000256679
-0.000215515
3.26241e-08
1.5258e-06
-0.0018101
0.000146959
1.5213e-06
-0.00181009
4.30683e-05
0.000256499
-0.000215918
-7.69462e-05
2.65477e-05
0.0019353
0.000142045
-0.00045369
0.00133097
-0.000142051
0.000542164
-0.000453688
7.6905e-05
0.00133093
-0.000596554
-0.000596556
0.0017099
-0.000475917
-0.000128131
0.000836188
-0.000179697
-9.82644e-06
-0.00129646
4.32881e-08
-0.000132858
-0.00186515
0.000179778
-0.000132856
-0.00186513
0.000475913
-9.89166e-06
-0.0012964
0.000596566
-0.000128124
0.000836289
0.000453718
-0.000596556
0.00171
7.69494e-05
0.00133095
2.65166e-05
-4.31934e-05
0.00193536
-0.000128147
-0.000475911
0.000836224
-3.8992e-05
-3.89741e-05
0.00498661
0.000150817
-0.000191607
0.0018168
5.69441e-08
4.12164e-05
-0.00125327
-0.000150748
4.12339e-05
-0.00125312
3.90207e-05
-0.000191713
0.00181702
0.000128144
-3.89789e-05
0.00498664
-2.65204e-05
-0.000475911
0.000836234
-4.3127e-05
0.00193534
0.000256704
-0.000147037
-0.000215428
-9.80839e-06
-0.000179682
-0.00129646
-0.00019157
0.000150833
0.00181682
-7.15705e-05
-7.15922e-05
-8.27154e-05
-8.16502e-09
-2.03966e-05
-0.00194597
7.16166e-05
-2.04019e-05
-0.00194598
0.000191613
-7.1679e-05
-8.25119e-05
9.82132e-06
0.000150812
0.0018169
-0.000256634
-0.000179716
-0.00129646
-0.000147012
-0.000215611
1.53003e-06
4.31969e-08
-0.0018101
-0.000132851
6.3608e-08
-0.00186515
4.12254e-05
9.01622e-08
-0.00125327
-2.03913e-05
-9.65028e-09
-0.00194597
8.93042e-09
1.22962e-08
-0.00222219
2.03982e-05
9.42565e-09
-0.0022222
-4.12292e-05
-1.54296e-09
-0.00194595
0.000132857
8.07765e-08
-0.0012532
-1.52462e-06
5.00642e-08
-0.00186516
4.0649e-08
-0.0018101
1.52681e-06
0.000146939
-0.00181008
-0.000132847
0.000179806
-0.00186511
4.12473e-05
-0.000150721
-0.00125307
-2.03985e-05
7.1642e-05
-0.00194598
6.62832e-09
2.04048e-05
-0.0022222
2.04044e-05
2.04078e-05
-0.00222221
-4.12452e-05
7.17115e-05
-0.00194596
0.000132851
-0.000150707
-0.00125306
-1.52198e-06
0.000179812
-0.00186512
0.000146944
-0.00181009
0.000256453
4.30396e-05
-0.000216013
-9.89754e-06
0.000475915
-0.00129638
-0.000191724
3.90283e-05
0.0018171
-7.17017e-05
0.00019165
-8.24496e-05
-5.90388e-10
-4.12224e-05
-0.00194594
7.17228e-05
-4.12345e-05
-0.00194595
0.000191737
0.000191732
-8.23755e-05
9.89832e-06
3.90376e-05
0.0018171
-0.000256424
0.00047591
-0.00129639
4.30096e-05
-0.000216053
2.65506e-05
-7.69553e-05
0.00193528
-0.000128123
0.000596568
0.000836323
-3.89869e-05
0.000128138
0.00498663
0.000150798
9.82843e-06
0.00181693
5.35827e-08
0.000132861
-0.00125318
-0.000150727
0.00013286
-0.00125309
3.90272e-05
9.88355e-06
0.00181706
0.000128122
0.000128126
0.00498666
-2.65567e-05
0.000596566
0.000836342
-7.69829e-05
0.00193529
-0.000453696
0.000142041
0.00133098
-0.000596561
0.000453723
0.00171002
-0.000475915
-2.65296e-05
0.000836217
-0.00017973
-0.000256617
-0.00129647
3.37564e-08
-1.52318e-06
-0.00186516
0.000179793
-1.51961e-06
-0.00186514
0.000475915
-0.000256471
-0.00129642
0.000596574
-2.65539e-05
0.0008363
0.000453723
0.000453722
0.00171008
0.000142033
0.00133098
-0.000142045
0.000542156
7.69625e-05
0.00133096
-4.3104e-05
0.00193534
-0.000147003
-0.000215666
3.03241e-08
-0.00181009
0.000146961
-0.00181008
4.30283e-05
-0.000215969
-7.69826e-05
0.00193531
0.000142033
0.00133099
0.000542138
-0.000224342
-0.000224345
0.00021152
-0.000540931
0.000136159
4.56763e-05
-7.74281e-05
0.000229846
5.55921e-08
-1.37255e-05
7.74828e-05
-1.37154e-05
-0.000136193
0.000229612
-0.00021154
4.5675e-05
0.000224344
-0.000540936
-0.000224348
-0.000540928
0.000211512
-0.000636065
-0.000636075
-0.000471012
-0.000152763
-0.000166351
-6.60544e-05
1.2581e-08
-0.000146275
0.00016639
-0.00014627
0.000470992
-6.61999e-05
0.000636047
-0.000152763
0.000540945
-0.000636071
0.000211533
4.56678e-05
0.000136152
-0.000152771
-0.000471012
1.82337e-05
1.82439e-05
0.000191578
-0.000155423
2.23433e-08
5.71044e-05
-0.000191544
5.71088e-05
-1.82056e-05
-0.000155505
0.000152772
1.82432e-05
-4.56555e-05
-0.000471011
0.00013618
0.000229877
-7.74169e-05
-6.60338e-05
-0.000166343
-0.000155401
0.000191585
-2.25205e-05
-2.25361e-05
3.63565e-09
1.41144e-05
2.25578e-05
1.41095e-05
0.000155449
-2.25968e-05
6.60933e-05
0.000191575
-0.000229788
-0.00016636
-7.74446e-05
-1.37227e-05
7.89003e-08
-0.000146269
1.94931e-08
5.7114e-05
3.79742e-08
1.41183e-05
4.56161e-09
5.82981e-09
7.7494e-09
-1.41138e-05
6.92159e-09
-5.71182e-05
8.36881e-09
0.000146269
3.66943e-08
1.37155e-05
1.52355e-08
6.70343e-08
-1.37071e-05
7.74896e-05
-0.000146263
0.000166406
5.71167e-05
-0.000191528
1.41106e-05
2.25777e-05
5.14112e-09
-1.41098e-05
-1.41067e-05
-1.4106e-05
-5.71191e-05
2.26301e-05
0.00014626
-0.000191518
1.37019e-05
0.000166409
7.75071e-05
0.000229546
-0.000136209
-6.62345e-05
0.000470991
-0.000155518
-1.81934e-05
-2.2613e-05
0.000155477
6.69046e-09
-5.71128e-05
2.26357e-05
-5.71146e-05
0.000155542
0.000155539
6.62492e-05
-1.81874e-05
-0.00022952
0.00047099
-0.000136224
4.56704e-05
-0.000211546
-0.000152763
0.00063604
1.82429e-05
0.000152764
0.000191567
6.61094e-05
2.42531e-08
0.000146271
-0.00019153
0.000146266
-1.82055e-05
6.62178e-05
0.00015276
0.000152758
-4.56693e-05
0.000636044
-0.000211556
-0.000540941
0.000224347
-0.000636073
0.000540946
-0.00047101
-4.56637e-05
-0.000166366
-0.000229765
1.08054e-08
1.37161e-05
0.000166399
1.37064e-05
0.000470996
-0.00022958
0.000636061
-4.56736e-05
0.000540957
0.000540949
0.000224352
-0.000224349
0.00021154
0.000136185
-7.74601e-05
4.66784e-08
7.75068e-05
-0.000136206
-0.00021155
0.000224352
)
;

boundaryField
{
    bottom
    {
        type            calculated;
        value           nonuniform List<scalar> 0();
    }
    atmosphere
    {
        type            calculated;
        value           nonuniform List<scalar> 0();
    }
    walls
    {
        type            calculated;
        value           uniform 0;
    }
    procBoundary2to0
    {
        type            processor;
        value           nonuniform List<scalar> 
100
(
0.000990872
0.001436
0.00196504
-0.000231773
-0.00187386
-0.0018738
-0.000231854
0.00196498
0.00143602
0.000990857
0.001436
0.00190018
0.000869574
-0.00130522
-0.00189897
-0.00189895
-0.00130519
0.000869672
0.00190023
0.00143601
0.00196505
0.000869599
0.0046446
0.00173282
-0.0012651
-0.00126494
0.00173298
0.00464465
0.000869601
0.00196504
-0.000231737
-0.00130522
0.00173285
-0.000348483
-0.00192551
-0.00192554
-0.000348311
0.00173292
-0.00130523
-0.000231774
-0.00187388
-0.00189897
-0.0012651
-0.00192551
-0.00219397
-0.00219398
-0.00192555
-0.00126505
-0.00189898
-0.00187389
-0.00187378
-0.00189894
-0.00126488
-0.00192554
-0.00219398
-0.00219399
-0.00192557
-0.00126488
-0.00189896
-0.00187382
-0.000231861
-0.00130519
0.00173304
-0.000348254
-0.00192556
-0.00192557
-0.00034819
0.00173306
-0.0013052
-0.000231843
0.00196495
0.000869707
0.00464467
0.00173297
-0.00126502
-0.00126492
0.00173305
0.00464475
0.000869718
0.00196495
0.00143603
0.00190025
0.000869582
-0.00130524
-0.00189898
-0.00189897
-0.00130522
0.000869666
0.00190028
0.00143603
0.000990853
0.00143602
0.00196503
-0.000231786
-0.00187388
-0.00187383
-0.000231836
0.00196498
0.00143603
0.000990842
)
;
    }
    procBoundary2to3
    {
        type            processor;
        value           nonuniform List<scalar> 
100
(
0.0007382
0.0010661
-0.000323615
-0.00129905
-0.000607736
-0.000607795
-0.00129902
-0.000323598
0.00106615
0.000738199
0.00106607
0.00170574
-0.00033987
0.000629373
0.00134453
0.00134439
0.000629337
-0.000339852
0.00170583
0.00106605
-0.000323612
-0.00033982
-0.00386498
-0.0028866
0.000381077
0.000381273
-0.00288651
-0.00386489
-0.000339815
-0.000323598
-0.00129903
0.000629382
-0.00288663
-0.000473253
0.00198395
0.00198393
-0.000473238
-0.00288658
0.000629303
-0.00129899
-0.000607712
0.00134454
0.000380894
0.00198396
0.00199822
0.00199811
0.00198395
0.000380785
0.00134444
-0.000607772
-0.000607795
0.00134435
0.000381189
0.00198385
0.00199803
0.00199794
0.00198382
0.00038101
0.00134429
-0.000607836
-0.00129901
0.000629341
-0.00288649
-0.000473278
0.00198392
0.00198387
-0.000473253
-0.00288648
0.000629284
-0.00129903
-0.000323588
-0.000339795
-0.00386479
-0.0028866
0.000380886
0.000381025
-0.00288653
-0.00386464
-0.000339756
-0.000323575
0.00106615
0.00170589
-0.000339831
0.000629277
0.00134437
0.00134427
0.000629259
-0.000339781
0.00170598
0.00106612
0.000738199
0.00106606
-0.000323601
-0.00129897
-0.000607809
-0.000607853
-0.00129901
-0.000323582
0.0010661
0.000738198
)
;
    }
}


// ************************************************************************* //
