/*--------------------------------*- C++ -*----------------------------------*\
| =========                 |                                                 |
| \\      /  F ield         | OpenFOAM: The Open Source CFD Toolbox           |
|  \\    /   O peration     | Version:  2412                                  |
|   \\  /    A nd           | Website:  www.openfoam.com                      |
|    \\/     M anipulation  |                                                 |
\*---------------------------------------------------------------------------*/
FoamFile
{
    version     2.0;
    format      ascii;
    arch        "LSB;label=32;scalar=64";
    class       volVectorField;
    location    "0.29";
    object      U;
}
// * * * * * * * * * * * * * * * * * * * * * * * * * * * * * * * * * * * * * //

dimensions      [0 1 -1 0 0 0 0];

internalField   nonuniform List<vector> 
1000
(
(-0.034224 -0.034224 0.879299)
(-0.11935 -0.042845 0.886114)
(-0.15552 -0.0718111 0.872961)
(-0.192192 -0.0833633 0.882614)
(-0.125573 -0.196613 0.817778)
(0.125573 -0.196613 0.817778)
(0.192192 -0.0833635 0.882613)
(0.15552 -0.0718112 0.872961)
(0.11935 -0.042845 0.886114)
(0.0342239 -0.034224 0.879299)
(-0.042845 -0.11935 0.886114)
(-0.156785 -0.156785 0.884812)
(-0.198812 -0.249132 0.851804)
(-0.303773 -0.36052 0.82034)
(-0.227958 -0.564143 0.256975)
(0.227958 -0.564143 0.256975)
(0.303773 -0.360521 0.82034)
(0.198812 -0.249133 0.851804)
(0.156786 -0.156785 0.884812)
(0.042845 -0.11935 0.886114)
(-0.0718111 -0.15552 0.872961)
(-0.249132 -0.198812 0.851804)
(-0.354061 -0.354061 0.720003)
(-0.483108 -0.198816 -0.0883001)
(-0.234911 -0.0565252 -1.69754)
(0.234911 -0.0565253 -1.69754)
(0.483108 -0.198818 -0.0882987)
(0.354062 -0.354063 0.720003)
(0.249133 -0.198813 0.851804)
(0.0718112 -0.15552 0.872961)
(-0.0833633 -0.192192 0.882614)
(-0.36052 -0.303773 0.82034)
(-0.198816 -0.483108 -0.0883002)
(0.00770817 0.00770822 -1.51684)
(-0.0326004 0.00337815 -2.69792)
(0.0326004 0.00337818 -2.69792)
(-0.00770835 0.0077079 -1.51684)
(0.198818 -0.48311 -0.0882997)
(0.360521 -0.303774 0.82034)
(0.0833636 -0.192192 0.882613)
(-0.196613 -0.125573 0.817778)
(-0.564143 -0.227958 0.256975)
(-0.0565252 -0.234911 -1.69754)
(0.00337815 -0.0326004 -2.69792)
(-0.0120913 -0.0120913 -2.72534)
(0.0120914 -0.0120913 -2.72534)
(-0.00337814 -0.0326005 -2.69792)
(0.0565252 -0.234912 -1.69754)
(0.564143 -0.227959 0.256976)
(0.196613 -0.125573 0.817777)
(-0.196613 0.125573 0.817778)
(-0.564143 0.227958 0.256975)
(-0.0565253 0.234911 -1.69754)
(0.00337817 0.0326004 -2.69792)
(-0.0120914 0.0120914 -2.72534)
(0.0120914 0.0120914 -2.72534)
(-0.00337817 0.0326004 -2.69792)
(0.0565254 0.234912 -1.69754)
(0.564144 0.227959 0.256976)
(0.196613 0.125573 0.817777)
(-0.0833635 0.192192 0.882613)
(-0.360521 0.303773 0.82034)
(-0.198818 0.483108 -0.0882987)
(0.00770789 -0.00770835 -1.51684)
(-0.0326005 -0.00337814 -2.69792)
(0.0326004 -0.00337817 -2.69792)
(-0.00770808 -0.00770803 -1.51684)
(0.19882 0.48311 -0.0882982)
(0.360522 0.303774 0.82034)
(0.0833637 0.192192 0.882613)
(-0.0718112 0.15552 0.872961)
(-0.249133 0.198812 0.851804)
(-0.354063 0.354062 0.720003)
(-0.48311 0.198818 -0.0882997)
(-0.234912 0.0565253 -1.69754)
(0.234912 0.0565253 -1.69754)
(0.48311 0.19882 -0.0882983)
(0.354063 0.354064 0.720003)
(0.249133 0.198813 0.851804)
(0.0718113 0.15552 0.872961)
(-0.042845 0.11935 0.886114)
(-0.156785 0.156786 0.884812)
(-0.198813 0.249133 0.851804)
(-0.303774 0.360521 0.82034)
(-0.227959 0.564143 0.256976)
(0.227959 0.564144 0.256976)
(0.303774 0.360522 0.82034)
(0.198813 0.249133 0.851804)
(0.156786 0.156786 0.884812)
(0.0428451 0.11935 0.886114)
(-0.034224 0.0342239 0.879299)
(-0.11935 0.042845 0.886114)
(-0.15552 0.0718112 0.872961)
(-0.192192 0.0833636 0.882613)
(-0.125573 0.196613 0.817777)
(0.125573 0.196613 0.817777)
(0.192192 0.0833637 0.882613)
(0.15552 0.0718113 0.872961)
(0.11935 0.0428451 0.886114)
(0.034224 0.034224 0.879299)
(-0.0319213 -0.0319213 0.954377)
(-0.119401 -0.0407104 0.96862)
(-0.154682 -0.0749504 0.970561)
(-0.205345 -0.0898334 0.996239)
(-0.146501 -0.266312 0.937362)
(0.146501 -0.266312 0.937362)
(0.205345 -0.0898336 0.996239)
(0.154682 -0.0749505 0.970561)
(0.119401 -0.0407104 0.96862)
(0.0319213 -0.0319213 0.954377)
(-0.0407104 -0.119401 0.96862)
(-0.162365 -0.162365 0.97557)
(-0.209235 -0.262443 0.95956)
(-0.372617 -0.39371 0.893427)
(-0.290322 -0.559593 0.0489967)
(0.290322 -0.559594 0.0489968)
(0.372617 -0.393711 0.893427)
(0.209235 -0.262443 0.95956)
(0.162365 -0.162365 0.97557)
(0.0407104 -0.119401 0.96862)
(-0.0749504 -0.154682 0.970561)
(-0.262443 -0.209235 0.95956)
(-0.380365 -0.380365 0.837699)
(-0.518445 -0.13542 -0.233187)
(-0.157378 -0.0360065 -2.05946)
(0.157378 -0.0360065 -2.05946)
(0.518445 -0.135421 -0.233186)
(0.380366 -0.380366 0.837699)
(0.262443 -0.209235 0.95956)
(0.0749505 -0.154682 0.970561)
(-0.0898335 -0.205345 0.996239)
(-0.39371 -0.372617 0.893427)
(-0.13542 -0.518445 -0.233187)
(0.0174395 0.0174395 -1.57591)
(-0.0409557 -0.0638283 -2.71018)
(0.0409557 -0.0638282 -2.71018)
(-0.0174394 0.0174394 -1.57591)
(0.135421 -0.518446 -0.233186)
(0.393711 -0.372618 0.893427)
(0.0898337 -0.205345 0.996239)
(-0.266312 -0.146501 0.937362)
(-0.559593 -0.290322 0.0489966)
(-0.0360065 -0.157378 -2.05946)
(-0.0638283 -0.0409557 -2.71018)
(-0.0222524 -0.0222524 -2.74299)
(0.0222524 -0.0222524 -2.74299)
(0.0638283 -0.0409557 -2.71018)
(0.0360065 -0.157378 -2.05946)
(0.559594 -0.290323 0.0489972)
(0.266312 -0.146501 0.937362)
(-0.266312 0.146501 0.937362)
(-0.559594 0.290322 0.0489968)
(-0.0360065 0.157378 -2.05946)
(-0.0638282 0.0409557 -2.71018)
(-0.0222524 0.0222524 -2.74299)
(0.0222524 0.0222524 -2.74299)
(0.0638283 0.0409558 -2.71018)
(0.0360065 0.157378 -2.05946)
(0.559595 0.290323 0.0489974)
(0.266312 0.146501 0.937362)
(-0.0898336 0.205345 0.996239)
(-0.393711 0.372617 0.893427)
(-0.135421 0.518445 -0.233186)
(0.0174393 -0.0174394 -1.57591)
(-0.0409557 0.0638283 -2.71018)
(0.0409558 0.0638283 -2.71018)
(-0.0174393 -0.0174392 -1.57591)
(0.135422 0.518446 -0.233185)
(0.393712 0.372618 0.893427)
(0.0898338 0.205345 0.996239)
(-0.0749505 0.154682 0.970561)
(-0.262443 0.209235 0.95956)
(-0.380366 0.380366 0.837699)
(-0.518446 0.135421 -0.233186)
(-0.157378 0.0360065 -2.05946)
(0.157378 0.0360065 -2.05946)
(0.518446 0.135422 -0.233185)
(0.380367 0.380367 0.837699)
(0.262443 0.209235 0.95956)
(0.0749506 0.154682 0.970561)
(-0.0407104 0.119401 0.96862)
(-0.162365 0.162365 0.97557)
(-0.209235 0.262443 0.95956)
(-0.372618 0.393711 0.893427)
(-0.290323 0.559594 0.0489973)
(0.290323 0.559595 0.0489973)
(0.372618 0.393712 0.893427)
(0.209235 0.262443 0.95956)
(0.162365 0.162365 0.97557)
(0.0407104 0.119401 0.96862)
(-0.0319213 0.0319213 0.954377)
(-0.119401 0.0407104 0.96862)
(-0.154682 0.0749505 0.970561)
(-0.205345 0.0898337 0.996239)
(-0.146501 0.266312 0.937362)
(0.146501 0.266312 0.937362)
(0.205345 0.0898338 0.996239)
(0.154682 0.0749506 0.970561)
(0.119401 0.0407104 0.96862)
(0.0319213 0.0319213 0.954377)
(-0.0273996 -0.0273996 1.02647)
(-0.112942 -0.0356962 1.05038)
(-0.144207 -0.0729865 1.07374)
(-0.21119 -0.0929477 1.12377)
(-0.166396 -0.342829 1.06171)
(0.166396 -0.342829 1.06171)
(0.21119 -0.0929478 1.12377)
(0.144207 -0.0729866 1.07374)
(0.112942 -0.0356962 1.05038)
(0.0273996 -0.0273996 1.02647)
(-0.0356962 -0.112942 1.05038)
(-0.158484 -0.158484 1.0711)
(-0.210056 -0.25305 1.08262)
(-0.440853 -0.38453 0.956928)
(-0.327944 -0.451368 -0.240768)
(0.327944 -0.451369 -0.240768)
(0.440853 -0.38453 0.956929)
(0.210056 -0.25305 1.08262)
(0.158484 -0.158484 1.0711)
(0.0356962 -0.112942 1.05038)
(-0.0729865 -0.144207 1.07374)
(-0.25305 -0.210056 1.08262)
(-0.364137 -0.364137 0.958639)
(-0.459917 -0.0528736 -0.427063)
(-0.0780049 -0.0702571 -2.31199)
(0.0780049 -0.070257 -2.31199)
(0.459917 -0.0528737 -0.427062)
(0.364137 -0.364138 0.958639)
(0.25305 -0.210056 1.08262)
(0.0729866 -0.144207 1.07374)
(-0.0929477 -0.21119 1.12377)
(-0.38453 -0.440853 0.956928)
(-0.0528736 -0.459917 -0.427063)
(0.0324534 0.0324535 -1.5865)
(-0.0431852 -0.182731 -2.72114)
(0.0431852 -0.182731 -2.72114)
(-0.0324533 0.0324534 -1.5865)
(0.0528737 -0.459918 -0.427063)
(0.38453 -0.440854 0.956929)
(0.0929479 -0.21119 1.12378)
(-0.342829 -0.166396 1.06171)
(-0.451368 -0.327944 -0.240769)
(-0.0702571 -0.0780049 -2.31199)
(-0.182731 -0.0431852 -2.72114)
(-0.0227431 -0.0227431 -2.80548)
(0.0227432 -0.0227431 -2.80548)
(0.182731 -0.0431852 -2.72114)
(0.070257 -0.0780049 -2.31199)
(0.451369 -0.327944 -0.240769)
(0.342829 -0.166396 1.06171)
(-0.342829 0.166396 1.06171)
(-0.451369 0.327944 -0.240768)
(-0.070257 0.0780049 -2.31199)
(-0.182731 0.0431852 -2.72114)
(-0.0227431 0.0227432 -2.80548)
(0.0227432 0.0227432 -2.80548)
(0.182731 0.0431853 -2.72114)
(0.0702569 0.0780049 -2.31199)
(0.451369 0.327944 -0.240769)
(0.342829 0.166396 1.06171)
(-0.0929478 0.21119 1.12377)
(-0.38453 0.440853 0.956929)
(-0.0528738 0.459917 -0.427062)
(0.0324534 -0.0324533 -1.5865)
(-0.0431852 0.182731 -2.72114)
(0.0431853 0.182731 -2.72114)
(-0.0324533 -0.0324533 -1.5865)
(0.052874 0.459918 -0.427062)
(0.384531 0.440854 0.956929)
(0.0929479 0.21119 1.12378)
(-0.0729866 0.144207 1.07374)
(-0.25305 0.210056 1.08262)
(-0.364138 0.364138 0.958639)
(-0.459918 0.0528738 -0.427063)
(-0.0780049 0.070257 -2.31199)
(0.0780049 0.0702569 -2.31199)
(0.459918 0.052874 -0.427063)
(0.364138 0.364138 0.958639)
(0.25305 0.210056 1.08262)
(0.0729867 0.144207 1.07374)
(-0.0356962 0.112942 1.05038)
(-0.158484 0.158484 1.0711)
(-0.210056 0.25305 1.08262)
(-0.440854 0.38453 0.956929)
(-0.327944 0.451369 -0.240769)
(0.327944 0.451369 -0.240769)
(0.440854 0.384531 0.956929)
(0.210056 0.25305 1.08262)
(0.158485 0.158485 1.0711)
(0.0356963 0.112942 1.05038)
(-0.0273996 0.0273996 1.02647)
(-0.112942 0.0356962 1.05038)
(-0.144207 0.0729866 1.07374)
(-0.21119 0.0929479 1.12378)
(-0.166396 0.342829 1.06171)
(0.166396 0.342829 1.06171)
(0.21119 0.0929479 1.12378)
(0.144207 0.0729867 1.07374)
(0.112942 0.0356963 1.05038)
(0.0273996 0.0273996 1.02647)
(-0.020121 -0.020121 1.09069)
(-0.098152 -0.0264819 1.12563)
(-0.121627 -0.0629243 1.174)
(-0.204655 -0.0853038 1.25228)
(-0.179291 -0.38649 1.16615)
(0.179291 -0.38649 1.16615)
(0.204655 -0.0853037 1.25228)
(0.121627 -0.0629243 1.174)
(0.0981521 -0.026482 1.12563)
(0.020121 -0.020121 1.09069)
(-0.0264819 -0.098152 1.12563)
(-0.141187 -0.141187 1.1656)
(-0.190455 -0.210342 1.21004)
(-0.47654 -0.310903 0.994652)
(-0.310344 -0.291008 -0.559222)
(0.310345 -0.291008 -0.559222)
(0.47654 -0.310903 0.994653)
(0.190455 -0.210342 1.21004)
(0.141187 -0.141187 1.1656)
(0.0264819 -0.098152 1.12563)
(-0.0629243 -0.121627 1.174)
(-0.210342 -0.190455 1.21004)
(-0.287404 -0.287404 1.04744)
(-0.331755 0.0102744 -0.610811)
(-0.0399965 -0.172175 -2.43976)
(0.0399966 -0.172175 -2.43976)
(0.331755 0.0102755 -0.610811)
(0.287404 -0.287404 1.04744)
(0.210342 -0.190455 1.21004)
(0.0629243 -0.121627 1.174)
(-0.0853038 -0.204655 1.25228)
(-0.310903 -0.47654 0.994652)
(0.0102744 -0.331755 -0.610811)
(0.0187362 0.0187363 -1.56382)
(-0.0309278 -0.267768 -2.73736)
(0.0309279 -0.267768 -2.73736)
(-0.0187365 0.0187368 -1.56382)
(-0.0102754 -0.331755 -0.610812)
(0.310903 -0.47654 0.994653)
(0.0853037 -0.204655 1.25228)
(-0.38649 -0.179291 1.16615)
(-0.291008 -0.310344 -0.559222)
(-0.172175 -0.0399965 -2.43976)
(-0.267768 -0.0309278 -2.73736)
(0.0062422 0.00624219 -2.92408)
(-0.00624221 0.00624221 -2.92408)
(0.267768 -0.0309278 -2.73736)
(0.172175 -0.0399965 -2.43976)
(0.291008 -0.310344 -0.559222)
(0.38649 -0.179291 1.16615)
(-0.38649 0.179291 1.16615)
(-0.291008 0.310345 -0.559221)
(-0.172175 0.0399966 -2.43976)
(-0.267768 0.0309279 -2.73736)
(0.00624224 -0.00624221 -2.92408)
(-0.00624225 -0.00624223 -2.92408)
(0.267768 0.0309279 -2.73736)
(0.172175 0.0399965 -2.43976)
(0.291008 0.310345 -0.559222)
(0.38649 0.179291 1.16615)
(-0.0853037 0.204655 1.25228)
(-0.310903 0.47654 0.994653)
(0.0102754 0.331755 -0.610811)
(0.0187367 -0.0187365 -1.56382)
(-0.0309278 0.267768 -2.73736)
(0.0309279 0.267768 -2.73736)
(-0.018737 -0.018737 -1.56382)
(-0.0102763 0.331755 -0.610811)
(0.310903 0.47654 0.994653)
(0.0853036 0.204655 1.25228)
(-0.0629243 0.121627 1.174)
(-0.210342 0.190455 1.21004)
(-0.287404 0.287404 1.04745)
(-0.331755 -0.0102753 -0.610812)
(-0.0399965 0.172175 -2.43976)
(0.0399966 0.172175 -2.43976)
(0.331755 -0.0102763 -0.610811)
(0.287404 0.287404 1.04745)
(0.210342 0.190455 1.21004)
(0.0629243 0.121627 1.174)
(-0.026482 0.0981521 1.12563)
(-0.141187 0.141187 1.1656)
(-0.190455 0.210342 1.21004)
(-0.47654 0.310903 0.994653)
(-0.310344 0.291008 -0.559222)
(0.310345 0.291008 -0.559222)
(0.47654 0.310903 0.994653)
(0.190455 0.210342 1.21004)
(0.141187 0.141187 1.1656)
(0.0264819 0.0981521 1.12563)
(-0.020121 0.020121 1.09069)
(-0.098152 0.0264819 1.12563)
(-0.121627 0.0629243 1.174)
(-0.204655 0.0853037 1.25228)
(-0.179291 0.38649 1.16615)
(0.179291 0.38649 1.16615)
(0.204655 0.0853036 1.25228)
(0.121627 0.0629243 1.174)
(0.0981521 0.0264819 1.12563)
(0.020121 0.020121 1.09069)
(-0.00973652 -0.00973651 1.14119)
(-0.074548 -0.0120504 1.18666)
(-0.0842254 -0.0431514 1.25755)
(-0.177369 -0.0554215 1.36145)
(-0.178651 -0.354053 1.22636)
(0.178651 -0.354053 1.22636)
(0.177369 -0.0554214 1.36145)
(0.0842254 -0.0431514 1.25755)
(0.074548 -0.0120504 1.18666)
(0.0097365 -0.00973651 1.14119)
(-0.0120504 -0.0745479 1.18666)
(-0.10822 -0.10822 1.24827)
(-0.138671 -0.134481 1.32329)
(-0.441284 -0.176512 1.00295)
(-0.240901 -0.158993 -0.826076)
(0.240901 -0.158993 -0.826076)
(0.441284 -0.176512 1.00295)
(0.138671 -0.134481 1.32329)
(0.10822 -0.10822 1.24827)
(0.0120504 -0.0745479 1.18666)
(-0.0431514 -0.0842254 1.25755)
(-0.134481 -0.138671 1.32329)
(-0.153079 -0.153079 1.09404)
(-0.206975 0.0803248 -0.716987)
(-0.0150751 -0.229156 -2.48533)
(0.0150751 -0.229156 -2.48533)
(0.206975 0.080326 -0.716987)
(0.153079 -0.153078 1.09404)
(0.134481 -0.138671 1.32329)
(0.0431514 -0.0842252 1.25755)
(-0.0554215 -0.177369 1.36145)
(-0.176512 -0.441284 1.00295)
(0.0803248 -0.206975 -0.716987)
(-0.0540336 -0.0540336 -1.54969)
(0.0303217 -0.278671 -2.80234)
(-0.0303218 -0.278671 -2.80234)
(0.0540329 -0.0540326 -1.54969)
(-0.0803259 -0.206975 -0.716988)
(0.176512 -0.441284 1.00295)
(0.0554213 -0.177369 1.36145)
(-0.354053 -0.178651 1.22636)
(-0.158993 -0.240901 -0.826076)
(-0.229156 -0.0150751 -2.48533)
(-0.278671 0.0303218 -2.80234)
(0.0806877 0.0806877 -3.09911)
(-0.0806878 0.0806877 -3.09911)
(0.278671 0.030322 -2.80234)
(0.229156 -0.015075 -2.48533)
(0.158993 -0.240901 -0.826076)
(0.354053 -0.178651 1.22636)
(-0.354053 0.178651 1.22636)
(-0.158993 0.240901 -0.826076)
(-0.229156 0.0150751 -2.48533)
(-0.278671 -0.0303218 -2.80234)
(0.0806877 -0.0806877 -3.09911)
(-0.0806878 -0.0806877 -3.09911)
(0.278671 -0.030322 -2.80234)
(0.229156 0.015075 -2.48533)
(0.158993 0.240901 -0.826076)
(0.354053 0.178651 1.22636)
(-0.0554214 0.177369 1.36145)
(-0.176512 0.441284 1.00295)
(0.080326 0.206975 -0.716987)
(-0.0540327 0.0540329 -1.54969)
(0.030322 0.278671 -2.80234)
(-0.0303221 0.278671 -2.80234)
(0.0540321 0.054032 -1.54969)
(-0.0803272 0.206975 -0.716987)
(0.176511 0.441284 1.00295)
(0.0554211 0.177369 1.36145)
(-0.0431514 0.0842254 1.25755)
(-0.134481 0.138671 1.32329)
(-0.153078 0.153079 1.09404)
(-0.206975 -0.0803259 -0.716987)
(-0.015075 0.229156 -2.48533)
(0.015075 0.229156 -2.48533)
(0.206975 -0.0803272 -0.716987)
(0.153078 0.153078 1.09404)
(0.134481 0.13867 1.32329)
(0.0431514 0.0842253 1.25755)
(-0.0120504 0.074548 1.18666)
(-0.10822 0.10822 1.24827)
(-0.138671 0.134481 1.32329)
(-0.441284 0.176512 1.00295)
(-0.240901 0.158993 -0.826076)
(0.240901 0.158993 -0.826076)
(0.441284 0.176511 1.00295)
(0.13867 0.134481 1.32329)
(0.10822 0.10822 1.24827)
(0.0120504 0.074548 1.18666)
(-0.00973652 0.0097365 1.14119)
(-0.0745479 0.0120504 1.18666)
(-0.0842253 0.0431514 1.25755)
(-0.177369 0.0554213 1.36145)
(-0.178651 0.354053 1.22636)
(0.178651 0.354053 1.22636)
(0.177369 0.0554211 1.36145)
(0.0842253 0.0431514 1.25755)
(0.074548 0.0120504 1.18666)
(0.0097365 0.0097365 1.14119)
(0.00241278 0.00241279 1.17221)
(-0.0441559 0.00524258 1.22548)
(-0.0336128 -0.0148552 1.31003)
(-0.127592 -0.00214384 1.42826)
(-0.16173 -0.26564 1.25041)
(0.16173 -0.26564 1.25041)
(0.127592 -0.00214373 1.42826)
(0.0336128 -0.0148552 1.31003)
(0.044156 0.00524261 1.22548)
(-0.0024128 0.0024128 1.17221)
(0.00524257 -0.0441559 1.22548)
(-0.0618218 -0.0618218 1.30574)
(-0.0587322 -0.0418076 1.40385)
(-0.340827 -0.00246671 0.99028)
(-0.154124 -0.0788681 -0.994842)
(0.154124 -0.0788681 -0.994842)
(0.340827 -0.0024666 0.99028)
(0.0587321 -0.0418075 1.40385)
(0.0618218 -0.0618217 1.30574)
(-0.00524261 -0.0441559 1.22548)
(-0.0148552 -0.0336128 1.31003)
(-0.0418076 -0.0587322 1.40385)
(0.0227597 0.0227597 1.12112)
(-0.108534 0.17793 -0.716966)
(0.0426272 -0.235018 -2.47914)
(-0.0426273 -0.235018 -2.47914)
(0.108534 0.177931 -0.716966)
(-0.0227598 0.0227604 1.12112)
(0.0418076 -0.0587318 1.40385)
(0.0148552 -0.0336126 1.31003)
(-0.00214385 -0.127592 1.42826)
(-0.00246667 -0.340827 0.99028)
(0.17793 -0.108534 -0.716966)
(-0.0819145 -0.0819145 -1.50822)
(0.150945 -0.279955 -2.915)
(-0.150946 -0.279955 -2.915)
(0.081914 -0.0819136 -1.50822)
(-0.177931 -0.108534 -0.716966)
(0.0024662 -0.340826 0.99028)
(0.00214354 -0.127592 1.42826)
(-0.26564 -0.16173 1.25041)
(-0.0788681 -0.154124 -0.994843)
(-0.235018 0.0426273 -2.47914)
(-0.279955 0.150945 -2.915)
(0.0839026 0.0839026 -3.13781)
(-0.0839028 0.0839026 -3.13781)
(0.279955 0.150945 -2.915)
(0.235018 0.0426274 -2.47914)
(0.0788679 -0.154124 -0.994843)
(0.26564 -0.16173 1.25041)
(-0.26564 0.16173 1.25041)
(-0.0788681 0.154124 -0.994842)
(-0.235018 -0.0426273 -2.47914)
(-0.279955 -0.150946 -2.915)
(0.0839026 -0.0839028 -3.13781)
(-0.0839027 -0.0839027 -3.13781)
(0.279955 -0.150946 -2.915)
(0.235018 -0.0426275 -2.47914)
(0.0788678 0.154124 -0.994843)
(0.26564 0.16173 1.25041)
(-0.00214373 0.127592 1.42826)
(-0.00246658 0.340827 0.99028)
(0.177931 0.108534 -0.716966)
(-0.0819136 0.0819139 -1.50822)
(0.150945 0.279955 -2.915)
(-0.150946 0.279955 -2.915)
(0.0819131 0.081913 -1.50822)
(-0.177932 0.108534 -0.716966)
(0.00246611 0.340827 0.99028)
(0.00214342 0.127592 1.42826)
(-0.0148552 0.0336128 1.31003)
(-0.0418075 0.0587321 1.40385)
(0.0227604 -0.0227598 1.12112)
(-0.108534 -0.177931 -0.716966)
(0.0426274 0.235018 -2.47914)
(-0.0426275 0.235018 -2.47914)
(0.108534 -0.177932 -0.716966)
(-0.0227605 -0.0227605 1.12112)
(0.0418075 0.0587317 1.40385)
(0.0148551 0.0336126 1.31003)
(0.00524261 0.044156 1.22548)
(-0.0618217 0.0618218 1.30574)
(-0.0587318 0.0418076 1.40385)
(-0.340826 0.00246621 0.99028)
(-0.154124 0.0788679 -0.994843)
(0.154124 0.0788678 -0.994843)
(0.340827 0.00246608 0.99028)
(0.0587317 0.0418075 1.40385)
(0.0618217 0.0618217 1.30574)
(-0.00524264 0.0441559 1.22548)
(0.0024128 -0.0024128 1.17221)
(-0.0441559 -0.00524261 1.22548)
(-0.0336126 0.0148552 1.31003)
(-0.127592 0.00214354 1.42826)
(-0.16173 0.26564 1.25041)
(0.16173 0.26564 1.25041)
(0.127592 0.00214343 1.42826)
(0.0336126 0.0148551 1.31003)
(0.0441559 -0.00524264 1.22548)
(-0.00241281 -0.00241281 1.17221)
(0.01651 0.01651 1.18091)
(-0.0103428 0.0262431 1.23585)
(0.0237148 0.0186603 1.3241)
(-0.0641298 0.0630663 1.43856)
(-0.13562 -0.144892 1.24407)
(0.13562 -0.144892 1.24407)
(0.0641298 0.0630663 1.43856)
(-0.0237148 0.0186603 1.3241)
(0.0103429 0.0262431 1.23585)
(-0.01651 0.01651 1.18091)
(0.026243 -0.0103428 1.23585)
(-0.0086397 -0.00863969 1.32426)
(0.0411837 0.0455012 1.43658)
(-0.19351 0.165867 0.959386)
(-0.0681448 -0.0149963 -1.05707)
(0.0681447 -0.0149963 -1.05707)
(0.19351 0.165867 0.959386)
(-0.0411837 0.0455013 1.43658)
(0.0086397 -0.00863961 1.32426)
(-0.0262431 -0.0103428 1.23585)
(0.0186603 0.0237148 1.3241)
(0.0455012 0.0411838 1.43658)
(0.197729 0.197729 1.13866)
(-0.0191984 0.288839 -0.625584)
(0.141787 -0.226018 -2.42337)
(-0.141787 -0.226018 -2.42337)
(0.0191984 0.288839 -0.625584)
(-0.197729 0.19773 1.13866)
(-0.0455012 0.0411841 1.43658)
(-0.0186603 0.023715 1.3241)
(0.0630663 -0.0641297 1.43856)
(0.165867 -0.19351 0.959386)
(0.288839 -0.0191984 -0.625584)
(-0.0467569 -0.0467569 -1.49496)
(0.218052 -0.201769 -2.95593)
(-0.218052 -0.201769 -2.95593)
(0.0467567 -0.0467563 -1.49496)
(-0.28884 -0.019198 -0.625584)
(-0.165868 -0.193509 0.959386)
(-0.0630665 -0.0641294 1.43856)
(-0.144892 -0.13562 1.24407)
(-0.0149963 -0.0681448 -1.05707)
(-0.226018 0.141787 -2.42337)
(-0.201769 0.218052 -2.95593)
(-0.00134151 -0.0013415 -3.27479)
(0.0013412 -0.00134148 -3.27479)
(0.201769 0.218052 -2.95593)
(0.226018 0.141787 -2.42337)
(0.0149958 -0.0681446 -1.05707)
(0.144892 -0.135619 1.24407)
(-0.144892 0.13562 1.24407)
(-0.0149962 0.0681447 -1.05707)
(-0.226018 -0.141787 -2.42337)
(-0.201769 -0.218052 -2.95593)
(-0.00134144 0.00134117 -3.27479)
(0.00134114 0.00134116 -3.27479)
(0.201769 -0.218053 -2.95592)
(0.226018 -0.141787 -2.42337)
(0.0149958 0.0681445 -1.05707)
(0.144892 0.135619 1.24407)
(0.0630663 0.0641298 1.43856)
(0.165867 0.19351 0.959386)
(0.288839 0.0191984 -0.625584)
(-0.0467564 0.0467566 -1.49496)
(0.218052 0.201769 -2.95593)
(-0.218053 0.201769 -2.95593)
(0.0467561 0.046756 -1.49496)
(-0.28884 0.019198 -0.625584)
(-0.165868 0.193509 0.959386)
(-0.0630665 0.0641295 1.43856)
(0.0186603 -0.0237148 1.3241)
(0.0455013 -0.0411837 1.43658)
(0.19773 -0.197729 1.13866)
(-0.019198 -0.28884 -0.625584)
(0.141787 0.226018 -2.42337)
(-0.141787 0.226018 -2.42337)
(0.019198 -0.28884 -0.625584)
(-0.19773 -0.19773 1.13866)
(-0.0455014 -0.0411841 1.43658)
(-0.0186603 -0.0237149 1.3241)
(0.0262431 0.0103429 1.23585)
(-0.00863961 0.00863969 1.32426)
(0.0411841 -0.0455012 1.43658)
(-0.193509 -0.165868 0.959387)
(-0.0681447 0.0149958 -1.05707)
(0.0681446 0.0149958 -1.05707)
(0.193509 -0.165868 0.959386)
(-0.0411841 -0.0455014 1.43658)
(0.00863961 0.00863961 1.32426)
(-0.0262431 0.0103428 1.23585)
(0.01651 -0.01651 1.18091)
(-0.0103428 -0.0262431 1.23585)
(0.023715 -0.0186603 1.3241)
(-0.0641295 -0.0630665 1.43856)
(-0.135619 0.144892 1.24407)
(0.135619 0.144892 1.24407)
(0.0641295 -0.0630665 1.43856)
(-0.023715 -0.0186603 1.3241)
(0.0103428 -0.0262431 1.23585)
(-0.01651 -0.01651 1.18091)
(0.0305413 0.0305413 1.16498)
(0.024149 0.0469279 1.21587)
(0.0791472 0.053063 1.29961)
(0.00173976 0.125684 1.39466)
(-0.10737 -0.0175366 1.22337)
(0.10737 -0.0175366 1.22337)
(-0.00173974 0.125684 1.39466)
(-0.0791472 0.053063 1.29961)
(-0.024149 0.0469279 1.21587)
(-0.0305413 0.0305413 1.16498)
(0.0469279 0.024149 1.21587)
(0.0461969 0.0461969 1.30118)
(0.139013 0.118979 1.41207)
(-0.0392395 0.306469 0.929585)
(0.0113611 0.0723984 -1.04546)
(-0.0113613 0.0723983 -1.04546)
(0.0392395 0.306469 0.929585)
(-0.139013 0.118979 1.41207)
(-0.0461969 0.046197 1.30118)
(-0.0469279 0.0241491 1.21587)
(0.053063 0.0791472 1.29961)
(0.118979 0.139013 1.41207)
(0.338566 0.338566 1.13432)
(0.0939925 0.373435 -0.530198)
(0.253537 -0.149266 -2.33701)
(-0.253537 -0.149265 -2.33701)
(-0.0939926 0.373434 -0.530198)
(-0.338566 0.338566 1.13432)
(-0.118979 0.139013 1.41207)
(-0.053063 0.0791473 1.29961)
(0.125684 0.00173981 1.39466)
(0.306469 -0.0392394 0.929585)
(0.373435 0.0939926 -0.530198)
(0.0443484 0.0443483 -1.46375)
(0.244504 -0.0392813 -2.94143)
(-0.244505 -0.0392813 -2.94143)
(-0.0443482 0.0443482 -1.46375)
(-0.373435 0.0939931 -0.530198)
(-0.30647 -0.0392389 0.929585)
(-0.125684 0.00174007 1.39466)
(-0.0175366 -0.10737 1.22337)
(0.0723984 0.0113611 -1.04546)
(-0.149265 0.253537 -2.33701)
(-0.0392813 0.244504 -2.94143)
(-0.00894987 -0.00894986 -3.33678)
(0.00894954 -0.0089498 -3.33678)
(0.039281 0.244505 -2.94143)
(0.149265 0.253537 -2.33701)
(-0.072399 0.0113613 -1.04546)
(0.0175364 -0.10737 1.22337)
(-0.0175366 0.10737 1.22337)
(0.0723984 -0.0113613 -1.04546)
(-0.149265 -0.253537 -2.33701)
(-0.0392813 -0.244505 -2.94143)
(-0.00894975 0.00894948 -3.33678)
(0.00894943 0.00894943 -3.33678)
(0.039281 -0.244505 -2.94143)
(0.149265 -0.253538 -2.33701)
(-0.072399 -0.0113614 -1.04546)
(0.0175364 0.10737 1.22337)
(0.125684 -0.00173976 1.39466)
(0.306469 0.0392394 0.929585)
(0.373434 -0.0939926 -0.530198)
(0.0443482 -0.0443483 -1.46375)
(0.244505 0.0392811 -2.94143)
(-0.244505 0.0392811 -2.94143)
(-0.044348 -0.0443481 -1.46375)
(-0.373434 -0.0939932 -0.530198)
(-0.30647 0.0392389 0.929585)
(-0.125684 -0.00174002 1.39466)
(0.053063 -0.0791472 1.29961)
(0.118979 -0.139013 1.41207)
(0.338566 -0.338566 1.13432)
(0.0939931 -0.373435 -0.530198)
(0.253538 0.149265 -2.33701)
(-0.253538 0.149265 -2.33701)
(-0.0939932 -0.373434 -0.530198)
(-0.338566 -0.338566 1.13432)
(-0.118979 -0.139013 1.41207)
(-0.053063 -0.0791473 1.29961)
(0.0469279 -0.024149 1.21587)
(0.046197 -0.0461969 1.30118)
(0.139013 -0.118979 1.41207)
(-0.039239 -0.30647 0.929585)
(0.0113613 -0.072399 -1.04546)
(-0.0113614 -0.072399 -1.04546)
(0.0392389 -0.30647 0.929585)
(-0.139013 -0.118979 1.41207)
(-0.046197 -0.046197 1.30118)
(-0.0469279 -0.024149 1.21587)
(0.0305413 -0.0305413 1.16498)
(0.0241491 -0.0469279 1.21587)
(0.0791473 -0.053063 1.29961)
(0.00174005 -0.125684 1.39466)
(-0.10737 0.0175364 1.22337)
(0.10737 0.0175364 1.22337)
(-0.00174002 -0.125684 1.39466)
(-0.0791473 -0.053063 1.29961)
(-0.0241491 -0.0469279 1.21587)
(-0.0305413 -0.0305413 1.16498)
(0.042937 0.042937 1.12459)
(0.0557066 0.0659808 1.16785)
(0.125731 0.0851985 1.24082)
(0.0626604 0.172829 1.30868)
(-0.077251 0.104809 1.15874)
(0.0772509 0.104809 1.15874)
(-0.0626604 0.172829 1.30868)
(-0.125731 0.0851985 1.24082)
(-0.0557066 0.0659808 1.16785)
(-0.042937 0.042937 1.12459)
(0.0659808 0.0557066 1.16785)
(0.0974656 0.0974656 1.24146)
(0.217165 0.178705 1.34933)
(0.110654 0.417162 0.889324)
(0.0868064 0.173898 -0.990136)
(-0.0868066 0.173898 -0.990136)
(-0.110654 0.417162 0.889324)
(-0.217165 0.178705 1.34933)
(-0.0974656 0.0974657 1.24146)
(-0.0659808 0.0557067 1.16785)
(0.0851985 0.125731 1.24082)
(0.178705 0.217165 1.34933)
(0.440315 0.440315 1.10535)
(0.217102 0.448597 -0.414001)
(0.307009 0.121551 -2.21217)
(-0.307009 0.121551 -2.21217)
(-0.217102 0.448596 -0.414002)
(-0.440315 0.440315 1.10535)
(-0.178705 0.217165 1.34933)
(-0.0851985 0.125731 1.24082)
(0.172829 0.0626605 1.30868)
(0.417162 0.110654 0.889324)
(0.448597 0.217102 -0.414001)
(0.153923 0.153923 -1.39428)
(0.271843 0.090279 -2.86437)
(-0.271843 0.090279 -2.86437)
(-0.153923 0.153922 -1.39428)
(-0.448597 0.217102 -0.414001)
(-0.417162 0.110655 0.889324)
(-0.172829 0.0626607 1.30868)
(0.104809 -0.077251 1.15874)
(0.173898 0.0868064 -0.990136)
(0.121551 0.307009 -2.21217)
(0.0902791 0.271843 -2.86437)
(0.0761457 0.0761457 -3.33191)
(-0.0761459 0.0761457 -3.33191)
(-0.0902793 0.271843 -2.86437)
(-0.121551 0.307009 -2.21217)
(-0.173898 0.0868064 -0.990136)
(-0.10481 -0.0772508 1.15874)
(0.104809 0.0772509 1.15874)
(0.173898 -0.0868066 -0.990136)
(0.121551 -0.307009 -2.21217)
(0.0902791 -0.271843 -2.86437)
(0.0761458 -0.076146 -3.33191)
(-0.076146 -0.076146 -3.33191)
(-0.0902793 -0.271843 -2.86437)
(-0.121551 -0.307009 -2.21217)
(-0.173898 -0.0868065 -0.990136)
(-0.10481 0.0772507 1.15874)
(0.172829 -0.0626604 1.30868)
(0.417162 -0.110654 0.889324)
(0.448596 -0.217102 -0.414002)
(0.153922 -0.153923 -1.39428)
(0.271843 -0.0902793 -2.86437)
(-0.271843 -0.0902792 -2.86437)
(-0.153922 -0.153922 -1.39428)
(-0.448596 -0.217102 -0.414001)
(-0.417162 -0.110655 0.889324)
(-0.172829 -0.0626606 1.30867)
(0.0851985 -0.125731 1.24082)
(0.178705 -0.217165 1.34933)
(0.440315 -0.440315 1.10535)
(0.217102 -0.448597 -0.414001)
(0.307009 -0.121551 -2.21217)
(-0.307009 -0.121551 -2.21217)
(-0.217102 -0.448596 -0.414001)
(-0.440315 -0.440315 1.10535)
(-0.178705 -0.217165 1.34933)
(-0.0851985 -0.125731 1.24082)
(0.0659808 -0.0557066 1.16785)
(0.0974657 -0.0974656 1.24146)
(0.217165 -0.178705 1.34933)
(0.110655 -0.417162 0.889324)
(0.0868064 -0.173898 -0.990136)
(-0.0868065 -0.173898 -0.990136)
(-0.110655 -0.417162 0.889324)
(-0.217165 -0.178705 1.34933)
(-0.0974657 -0.0974657 1.24146)
(-0.0659808 -0.0557066 1.16785)
(0.042937 -0.042937 1.12459)
(0.0557067 -0.0659808 1.16785)
(0.125731 -0.0851985 1.24082)
(0.0626606 -0.172829 1.30868)
(-0.0772508 -0.10481 1.15874)
(0.0772507 -0.10481 1.15874)
(-0.0626606 -0.172828 1.30867)
(-0.125731 -0.0851985 1.24082)
(-0.0557066 -0.0659808 1.16785)
(-0.042937 -0.042937 1.12459)
(0.0528479 0.0528479 1.06366)
(0.0817886 0.0775345 1.09637)
(0.160517 0.11037 1.15487)
(0.112415 0.200177 1.19269)
(-0.0482105 0.203278 1.05931)
(0.0482104 0.203278 1.05931)
(-0.112415 0.200177 1.19269)
(-0.160517 0.11037 1.15487)
(-0.0817886 0.0775344 1.09637)
(-0.0528479 0.0528479 1.06366)
(0.0775344 0.0817886 1.09637)
(0.139537 0.139537 1.15189)
(0.270789 0.223444 1.25404)
(0.232533 0.495396 0.831075)
(0.152975 0.274749 -0.912404)
(-0.152975 0.274749 -0.912404)
(-0.232533 0.495395 0.831075)
(-0.270789 0.223444 1.25404)
(-0.139537 0.139537 1.15189)
(-0.0775344 0.0817886 1.09637)
(0.11037 0.160517 1.15487)
(0.223444 0.270789 1.25404)
(0.507003 0.507003 1.04677)
(0.330311 0.51561 -0.292033)
(0.342326 0.311814 -2.03895)
(-0.342326 0.311814 -2.03895)
(-0.330311 0.515609 -0.292033)
(-0.507003 0.507003 1.04677)
(-0.223444 0.270789 1.25404)
(-0.11037 0.160517 1.15487)
(0.200177 0.112415 1.19269)
(0.495396 0.232533 0.831075)
(0.51561 0.330311 -0.292032)
(0.254488 0.254488 -1.30091)
(0.29891 0.212028 -2.71097)
(-0.298911 0.212028 -2.71097)
(-0.254488 0.254488 -1.30091)
(-0.51561 0.330311 -0.292032)
(-0.495395 0.232533 0.831075)
(-0.200176 0.112415 1.19269)
(0.203278 -0.0482105 1.05931)
(0.274749 0.152975 -0.912404)
(0.311814 0.342326 -2.03895)
(0.212028 0.29891 -2.71097)
(0.154175 0.154175 -3.1795)
(-0.154175 0.154175 -3.1795)
(-0.212028 0.29891 -2.71097)
(-0.311814 0.342327 -2.03895)
(-0.274748 0.152975 -0.912403)
(-0.203278 -0.0482104 1.05931)
(0.203278 0.0482104 1.05931)
(0.274749 -0.152975 -0.912404)
(0.311814 -0.342327 -2.03895)
(0.212028 -0.298911 -2.71097)
(0.154175 -0.154175 -3.1795)
(-0.154175 -0.154175 -3.1795)
(-0.212028 -0.298911 -2.71097)
(-0.311814 -0.342327 -2.03895)
(-0.274748 -0.152975 -0.912403)
(-0.203278 0.0482103 1.05931)
(0.200177 -0.112415 1.19269)
(0.495395 -0.232533 0.831075)
(0.515609 -0.330311 -0.292033)
(0.254488 -0.254488 -1.30091)
(0.298911 -0.212028 -2.71097)
(-0.298911 -0.212028 -2.71097)
(-0.254487 -0.254487 -1.30091)
(-0.515609 -0.330311 -0.292032)
(-0.495395 -0.232533 0.831075)
(-0.200176 -0.112415 1.19269)
(0.11037 -0.160517 1.15487)
(0.223444 -0.270789 1.25404)
(0.507003 -0.507003 1.04677)
(0.330311 -0.51561 -0.292032)
(0.342327 -0.311814 -2.03895)
(-0.342327 -0.311814 -2.03895)
(-0.330311 -0.515609 -0.292032)
(-0.507003 -0.507003 1.04677)
(-0.223443 -0.270789 1.25404)
(-0.11037 -0.160517 1.15487)
(0.0775344 -0.0817886 1.09637)
(0.139537 -0.139537 1.15189)
(0.270789 -0.223443 1.25404)
(0.232533 -0.495395 0.831075)
(0.152975 -0.274748 -0.912403)
(-0.152975 -0.274748 -0.912403)
(-0.232533 -0.495395 0.831075)
(-0.270789 -0.223443 1.25404)
(-0.139537 -0.139537 1.15189)
(-0.0775344 -0.0817886 1.09637)
(0.0528479 -0.0528479 1.06366)
(0.0817886 -0.0775344 1.09637)
(0.160517 -0.11037 1.15487)
(0.112415 -0.200176 1.19269)
(-0.0482104 -0.203278 1.05931)
(0.0482103 -0.203278 1.05931)
(-0.112415 -0.200176 1.19269)
(-0.160517 -0.11037 1.15487)
(-0.0817886 -0.0775344 1.09637)
(-0.0528479 -0.0528479 1.06366)
)
;

boundaryField
{
    bottom
    {
        type            noSlip;
    }
    atmosphere
    {
        type            pressureInletOutletVelocity;
        value           nonuniform List<vector> 0();
    }
    walls
    {
        type            noSlip;
    }
    procBoundary0to1
    {
        type            processor;
        value           nonuniform List<vector> 
100
(
(0.059189 0.059189 0.987168)
(0.101256 0.0846475 1.00828)
(0.182735 0.126121 1.05074)
(0.148661 0.209549 1.05665)
(-0.0207825 0.263392 0.935248)
(0.0207824 0.263392 0.935248)
(-0.148661 0.209549 1.05665)
(-0.182735 0.126121 1.05074)
(-0.101256 0.0846474 1.00828)
(-0.059189 0.059189 0.987168)
(0.0846475 0.101256 1.00828)
(0.169194 0.169194 1.04379)
(0.301431 0.253034 1.12735)
(0.314418 0.541857 0.761712)
(0.201181 0.36069 -0.817009)
(-0.201181 0.36069 -0.817008)
(-0.314418 0.541857 0.761712)
(-0.301431 0.253034 1.12735)
(-0.169194 0.169194 1.04379)
(-0.0846475 0.101256 1.00828)
(0.126121 0.182735 1.05074)
(0.253034 0.301432 1.12735)
(0.543462 0.543462 0.961965)
(0.417317 0.561716 -0.178306)
(0.368286 0.406356 -1.84478)
(-0.368286 0.406356 -1.84478)
(-0.417317 0.561715 -0.178306)
(-0.543462 0.543462 0.961965)
(-0.253034 0.301431 1.12735)
(-0.126121 0.182735 1.05074)
(0.209549 0.148661 1.05665)
(0.541857 0.314418 0.761712)
(0.561716 0.417317 -0.178306)
(0.331536 0.331536 -1.19255)
(0.319404 0.308407 -2.51145)
(-0.319404 0.308407 -2.51145)
(-0.331535 0.331535 -1.19255)
(-0.561715 0.417317 -0.178306)
(-0.541857 0.314418 0.761712)
(-0.209549 0.148661 1.05665)
(0.263392 -0.0207825 0.935248)
(0.36069 0.201181 -0.817009)
(0.406357 0.368286 -1.84478)
(0.308407 0.319404 -2.51145)
(0.183038 0.183038 -2.9531)
(-0.183038 0.183038 -2.9531)
(-0.308407 0.319404 -2.51145)
(-0.406356 0.368286 -1.84478)
(-0.360689 0.201181 -0.817008)
(-0.263392 -0.0207825 0.935248)
(0.263392 0.0207824 0.935248)
(0.36069 -0.201181 -0.817008)
(0.406356 -0.368286 -1.84478)
(0.308408 -0.319404 -2.51145)
(0.183038 -0.183038 -2.9531)
(-0.183038 -0.183038 -2.9531)
(-0.308408 -0.319404 -2.51145)
(-0.406356 -0.368286 -1.84478)
(-0.360689 -0.201181 -0.817008)
(-0.263392 0.0207824 0.935248)
(0.209549 -0.148661 1.05665)
(0.541857 -0.314418 0.761712)
(0.561715 -0.417317 -0.178306)
(0.331535 -0.331535 -1.19255)
(0.319404 -0.308407 -2.51145)
(-0.319404 -0.308407 -2.51145)
(-0.331535 -0.331535 -1.19255)
(-0.561715 -0.417317 -0.178306)
(-0.541857 -0.314418 0.761712)
(-0.209548 -0.148661 1.05665)
(0.126121 -0.182735 1.05074)
(0.253034 -0.301431 1.12735)
(0.543462 -0.543462 0.961965)
(0.417317 -0.561715 -0.178306)
(0.368286 -0.406356 -1.84478)
(-0.368286 -0.406356 -1.84478)
(-0.417317 -0.561715 -0.178306)
(-0.543462 -0.543462 0.961965)
(-0.253034 -0.301431 1.12735)
(-0.126121 -0.182735 1.05074)
(0.0846475 -0.101256 1.00828)
(0.169194 -0.169194 1.04379)
(0.301431 -0.253034 1.12735)
(0.314417 -0.541857 0.761712)
(0.201181 -0.360689 -0.817008)
(-0.201181 -0.360689 -0.817008)
(-0.314418 -0.541857 0.761712)
(-0.301431 -0.253034 1.12735)
(-0.169194 -0.169194 1.04379)
(-0.0846474 -0.101256 1.00828)
(0.059189 -0.059189 0.987168)
(0.101256 -0.0846475 1.00828)
(0.182735 -0.126121 1.05074)
(0.148661 -0.209549 1.05665)
(-0.0207825 -0.263392 0.935248)
(0.0207824 -0.263392 0.935248)
(-0.148661 -0.209548 1.05665)
(-0.182735 -0.126121 1.05074)
(-0.101256 -0.0846474 1.00828)
(-0.059189 -0.059189 0.987168)
)
;
    }
    procBoundary0to2
    {
        type            processor;
        value           nonuniform List<vector> 
100
(
(-0.0349722 -0.0349722 0.804741)
(-0.11502 -0.0432899 0.806572)
(-0.150587 -0.0665333 0.785155)
(-0.175871 -0.0779708 0.786296)
(-0.106816 -0.146415 0.721777)
(0.106816 -0.146415 0.721777)
(0.175871 -0.0779709 0.786295)
(0.150587 -0.0665333 0.785154)
(0.11502 -0.0432899 0.806572)
(0.0349722 -0.0349722 0.804741)
(-0.0432899 -0.11502 0.806572)
(-0.1464 -0.1464 0.80119)
(-0.186065 -0.224703 0.761828)
(-0.248727 -0.314175 0.752178)
(-0.16984 -0.504892 0.384503)
(0.16984 -0.504893 0.384503)
(0.248727 -0.314175 0.752177)
(0.186065 -0.224703 0.761828)
(0.1464 -0.1464 0.801189)
(0.0432899 -0.11502 0.806572)
(-0.0665333 -0.150587 0.785155)
(-0.224703 -0.186065 0.761828)
(-0.310463 -0.310463 0.630236)
(-0.407732 -0.234434 0.022641)
(-0.240978 -0.124484 -1.37485)
(0.240978 -0.124484 -1.37485)
(0.407732 -0.234434 0.0226425)
(0.310464 -0.310463 0.630235)
(0.224703 -0.186065 0.761828)
(0.0665332 -0.150587 0.785154)
(-0.0779708 -0.175871 0.786296)
(-0.314175 -0.248727 0.752178)
(-0.234434 -0.407732 0.0226409)
(0.00317452 0.00317456 -1.4372)
(-0.0251886 0.0343114 -2.67564)
(0.0251885 0.0343113 -2.67564)
(-0.00317497 0.00317427 -1.4372)
(0.234435 -0.407731 0.022642)
(0.314175 -0.248727 0.752177)
(0.0779709 -0.175871 0.786295)
(-0.146415 -0.106816 0.721777)
(-0.504892 -0.16984 0.384503)
(-0.124484 -0.240978 -1.37485)
(0.0343113 -0.0251886 -2.67564)
(-0.00148468 -0.00148468 -2.73289)
(0.00148467 -0.00148468 -2.73289)
(-0.0343114 -0.0251886 -2.67564)
(0.124483 -0.24098 -1.37485)
(0.504891 -0.16984 0.384504)
(0.146414 -0.106816 0.721776)
(-0.146415 0.106816 0.721777)
(-0.504893 0.16984 0.384503)
(-0.124484 0.240977 -1.37485)
(0.0343113 0.0251885 -2.67564)
(-0.00148469 0.00148467 -2.73289)
(0.00148468 0.00148467 -2.73289)
(-0.0343114 0.0251885 -2.67564)
(0.124483 0.240979 -1.37485)
(0.504891 0.16984 0.384504)
(0.146414 0.106816 0.721776)
(-0.0779709 0.175871 0.786295)
(-0.314175 0.248727 0.752177)
(-0.234434 0.407732 0.0226426)
(0.00317426 -0.00317496 -1.4372)
(-0.0251886 -0.0343114 -2.67564)
(0.0251885 -0.0343114 -2.67564)
(-0.00317471 -0.00317466 -1.4372)
(0.234435 0.407731 0.0226437)
(0.314175 0.248727 0.752177)
(0.077971 0.175871 0.786295)
(-0.0665333 0.150587 0.785154)
(-0.224703 0.186065 0.761828)
(-0.310463 0.310464 0.630235)
(-0.407731 0.234435 0.022642)
(-0.24098 0.124483 -1.37485)
(0.240979 0.124483 -1.37485)
(0.407731 0.234435 0.0226436)
(0.310464 0.310464 0.630235)
(0.224703 0.186065 0.761827)
(0.0665333 0.150587 0.785154)
(-0.0432899 0.11502 0.806572)
(-0.1464 0.1464 0.80119)
(-0.186065 0.224703 0.761828)
(-0.248727 0.314175 0.752177)
(-0.16984 0.504891 0.384504)
(0.16984 0.504891 0.384504)
(0.248727 0.314175 0.752177)
(0.186065 0.224703 0.761827)
(0.1464 0.1464 0.801189)
(0.0432899 0.11502 0.806571)
(-0.0349722 0.0349722 0.804741)
(-0.11502 0.0432899 0.806572)
(-0.150587 0.0665332 0.785154)
(-0.175871 0.0779709 0.786295)
(-0.106816 0.146414 0.721776)
(0.106816 0.146414 0.721776)
(0.175871 0.077971 0.786295)
(0.150587 0.0665333 0.785154)
(0.11502 0.0432899 0.806571)
(0.0349722 0.0349722 0.804741)
)
;
    }
}


// ************************************************************************* //
