/*--------------------------------*- C++ -*----------------------------------*\
| =========                 |                                                 |
| \\      /  F ield         | OpenFOAM: The Open Source CFD Toolbox           |
|  \\    /   O peration     | Version:  2412                                  |
|   \\  /    A nd           | Website:  www.openfoam.com                      |
|    \\/     M anipulation  |                                                 |
\*---------------------------------------------------------------------------*/
FoamFile
{
    version     2.0;
    format      ascii;
    arch        "LSB;label=32;scalar=64";
    class       volScalarField;
    location    "0.34";
    object      p;
}
// * * * * * * * * * * * * * * * * * * * * * * * * * * * * * * * * * * * * * //

dimensions      [1 -1 -2 0 0 0 0];

internalField   nonuniform List<scalar> 
4000
(
15.2295
15.3102
15.4596
15.6365
15.7889
15.7889
15.6365
15.4596
15.3102
15.2295
15.3102
15.4108
15.5986
15.8335
16.0498
16.0498
15.8335
15.5986
15.4108
15.3102
15.4596
15.5986
15.8663
16.2254
16.5856
16.5856
16.2254
15.8663
15.5986
15.4596
15.6365
15.8335
16.2254
16.8144
17.5056
17.5056
16.8144
16.2254
15.8335
15.6365
15.7889
16.0498
16.5856
17.5056
18.6928
18.6928
17.5056
16.5856
16.0498
15.7889
15.7889
16.0498
16.5856
17.5056
18.6928
18.6928
17.5056
16.5856
16.0498
15.7889
15.6365
15.8335
16.2254
16.8144
17.5056
17.5056
16.8144
16.2254
15.8335
15.6365
15.4596
15.5986
15.8663
16.2254
16.5856
16.5856
16.2254
15.8663
15.5986
15.4596
15.3102
15.4108
15.5986
15.8335
16.0498
16.0498
15.8335
15.5986
15.4108
15.3102
15.2295
15.3102
15.4596
15.6365
15.7889
15.7889
15.6365
15.4596
15.3102
15.2295
14.9427
15.0222
15.1707
15.3481
15.5019
15.5019
15.3481
15.1707
15.0222
14.9427
15.0222
15.1224
15.3092
15.5472
15.7726
15.7726
15.5472
15.3092
15.1224
15.0222
15.1707
15.3092
15.5756
15.9448
16.3234
16.3234
15.9448
15.5756
15.3092
15.1707
15.3481
15.5472
15.9448
16.5721
17.3476
17.3476
16.5721
15.9448
15.5472
15.3481
15.5019
15.7726
16.3234
17.3476
18.7581
18.7581
17.3476
16.3234
15.7726
15.5019
15.5019
15.7726
16.3234
17.3476
18.7581
18.7581
17.3476
16.3234
15.7726
15.5019
15.3481
15.5472
15.9448
16.5721
17.3476
17.3476
16.5721
15.9448
15.5472
15.3481
15.1707
15.3092
15.5756
15.9448
16.3234
16.3234
15.9448
15.5756
15.3092
15.1707
15.0222
15.1224
15.3092
15.5472
15.7726
15.7726
15.5472
15.3092
15.1224
15.0222
14.9427
15.0222
15.1707
15.3481
15.5019
15.5019
15.3481
15.1707
15.0222
14.9427
14.61
14.6883
14.8346
15.012
15.1696
15.1696
15.012
14.8346
14.6883
14.61
14.6883
14.788
14.9731
15.2165
15.4561
15.4561
15.2165
14.9731
14.788
14.6883
14.8346
14.9731
15.2384
15.6213
16.0232
16.0232
15.6213
15.2384
14.9731
14.8346
15.012
15.2165
15.6213
16.317
17.2556
17.2556
16.317
15.6213
15.2165
15.012
15.1696
15.4561
16.0232
17.2556
19.1309
19.1309
17.2556
16.0232
15.4561
15.1696
15.1696
15.4561
16.0232
17.2556
19.1309
19.1309
17.2556
16.0232
15.4561
15.1696
15.012
15.2165
15.6213
16.317
17.2556
17.2556
16.317
15.6213
15.2165
15.012
14.8346
14.9731
15.2384
15.6213
16.0232
16.0232
15.6213
15.2384
14.9731
14.8346
14.6883
14.788
14.9731
15.2165
15.4561
15.4561
15.2165
14.9731
14.788
14.6883
14.61
14.6883
14.8346
15.012
15.1696
15.1696
15.012
14.8346
14.6883
14.61
14.236
14.3113
14.4529
14.627
14.7859
14.7859
14.627
14.4529
14.3113
14.236
14.3113
14.4078
14.5868
14.8323
15.0833
15.0833
14.8323
14.5868
14.4078
14.3113
14.4529
14.5868
14.8426
15.2287
15.6297
15.6297
15.2287
14.8426
14.5868
14.4529
14.627
14.8323
15.2287
15.9959
17.1025
17.1025
15.9959
15.2287
14.8323
14.627
14.7859
15.0833
15.6297
17.1025
19.6328
19.6328
17.1025
15.6297
15.0833
14.7859
14.7859
15.0833
15.6297
17.1025
19.6328
19.6328
17.1025
15.6297
15.0833
14.7859
14.627
14.8323
15.2287
15.9959
17.1025
17.1025
15.9959
15.2287
14.8323
14.627
14.4529
14.5868
14.8426
15.2287
15.6297
15.6297
15.2287
14.8426
14.5868
14.4529
14.3113
14.4078
14.5868
14.8323
15.0833
15.0833
14.8323
14.5868
14.4078
14.3113
14.236
14.3113
14.4529
14.627
14.7859
14.7859
14.627
14.4529
14.3113
14.236
13.8201
13.8907
14.0245
14.1898
14.3439
14.3439
14.1898
14.0245
13.8907
13.8201
13.8907
13.9805
14.1466
14.3843
14.6224
14.6224
14.3843
14.1466
13.9805
13.8907
14.0245
14.1466
14.3792
14.7316
15.0347
15.0347
14.7316
14.3791
14.1466
14.0245
14.1898
14.3843
14.7316
15.4854
16.6297
16.6297
15.4854
14.7316
14.3843
14.1898
14.3439
14.6224
15.0347
16.6297
19.3333
19.3334
16.6297
15.0347
14.6224
14.3439
14.3439
14.6224
15.0347
16.6297
19.3334
19.3334
16.6297
15.0347
14.6224
14.3439
14.1898
14.3843
14.7316
15.4854
16.6297
16.6297
15.4854
14.7316
14.3843
14.1898
14.0245
14.1466
14.3791
14.7316
15.0347
15.0347
14.7316
14.3791
14.1466
14.0245
13.8907
13.9805
14.1466
14.3843
14.6224
14.6224
14.3843
14.1466
13.9805
13.8907
13.8201
13.8907
14.0245
14.1898
14.3439
14.3439
14.1898
14.0245
13.8907
13.8201
13.3629
13.427
13.5499
13.6995
13.8412
13.8412
13.6995
13.5499
13.427
13.3629
13.427
13.5066
13.651
13.8661
14.0309
14.0309
13.8661
13.651
13.5066
13.427
13.5499
13.651
13.8454
14.0793
14.1605
14.1605
14.0793
13.8454
13.651
13.5499
13.6995
13.8661
14.0793
14.6576
15.6521
15.6521
14.6576
14.0793
13.8661
13.6995
13.8412
14.0309
14.1605
15.6521
16.3328
16.3328
15.6522
14.1605
14.0309
13.8412
13.8412
14.0309
14.1605
15.6521
16.3328
16.3329
15.6522
14.1605
14.0309
13.8412
13.6995
13.8661
14.0793
14.6576
15.6522
15.6522
14.6576
14.0793
13.8661
13.6995
13.5499
13.651
13.8454
14.0793
14.1605
14.1605
14.0793
13.8454
13.651
13.5499
13.427
13.5066
13.651
13.8661
14.0309
14.0309
13.8661
13.651
13.5066
13.427
13.3629
13.427
13.5499
13.6995
13.8412
13.8412
13.6995
13.5499
13.427
13.3629
12.8671
12.9233
13.034
13.1606
13.2878
13.2878
13.1606
13.034
12.9233
12.8671
12.9233
12.9893
13.1055
13.2764
13.3167
13.3167
13.2764
13.1055
12.9893
12.9233
13.034
13.1055
13.2573
13.2871
13.1342
13.1342
13.2871
13.2573
13.1055
13.034
13.1606
13.2764
13.2871
13.546
13.9105
13.9105
13.546
13.2871
13.2764
13.1606
13.2878
13.3167
13.1342
13.9105
12.7249
12.725
13.9106
13.1342
13.3167
13.2878
13.2878
13.3167
13.1342
13.9105
12.725
12.725
13.9106
13.1342
13.3167
13.2878
13.1606
13.2764
13.2871
13.546
13.9106
13.9106
13.546
13.287
13.2764
13.1606
13.034
13.1055
13.2573
13.2871
13.1342
13.1342
13.287
13.2573
13.1055
13.034
12.9233
12.9893
13.1055
13.2764
13.3167
13.3167
13.2764
13.1055
12.9893
12.9233
12.8671
12.9233
13.034
13.1606
13.2878
13.2878
13.1606
13.034
12.9233
12.8671
12.3358
12.3838
12.4845
12.5853
12.7011
12.7011
12.5853
12.4845
12.3838
12.3358
12.3838
12.435
12.5243
12.6339
12.5761
12.5761
12.6339
12.5243
12.4349
12.3838
12.4845
12.5243
12.626
12.4825
12.2783
12.2783
12.4824
12.626
12.5243
12.4845
12.5853
12.6339
12.4825
12.3677
12.054
12.054
12.3677
12.4824
12.6339
12.5853
12.7011
12.5761
12.2783
12.054
11.7019
11.702
12.0538
12.2782
12.5761
12.7011
12.7011
12.5761
12.2783
12.054
11.702
11.702
12.0538
12.2782
12.5761
12.7011
12.5853
12.6339
12.4824
12.3677
12.0538
12.0538
12.3676
12.4824
12.6339
12.5853
12.4845
12.5243
12.626
12.4824
12.2782
12.2782
12.4824
12.6259
12.5243
12.4845
12.3838
12.4349
12.5243
12.6339
12.5761
12.5761
12.6339
12.5243
12.4349
12.3838
12.3358
12.3838
12.4845
12.5853
12.7011
12.7011
12.5853
12.4845
12.3838
12.3358
11.7719
11.8128
11.9107
11.9892
12.1102
12.1102
11.9892
11.9107
11.8128
11.7719
11.8128
11.8514
11.9285
11.9706
11.9327
11.9327
11.9706
11.9285
11.8514
11.8128
11.9107
11.9285
12.0037
11.7788
11.6446
11.6446
11.7788
12.0037
11.9285
11.9107
11.9892
11.9706
11.7788
11.362
11.095
11.095
11.3619
11.7788
11.9706
11.9891
12.1102
11.9327
11.6446
11.095
12.6089
12.609
11.0947
11.6445
11.9327
12.1101
12.1101
11.9327
11.6446
11.095
12.609
12.609
11.0947
11.6445
11.9327
12.1101
11.9892
11.9706
11.7788
11.3619
11.0947
11.0947
11.3619
11.7788
11.9706
11.9891
11.9107
11.9285
12.0037
11.7788
11.6445
11.6445
11.7788
12.0037
11.9285
11.9107
11.8128
11.8514
11.9285
11.9706
11.9327
11.9327
11.9706
11.9285
11.8514
11.8128
11.7719
11.8128
11.9107
11.9891
12.1101
12.1101
11.9891
11.9107
11.8128
11.7719
11.1775
11.2137
11.3195
11.3836
11.5273
11.5273
11.3836
11.3195
11.2137
11.1775
11.2137
11.2442
11.3326
11.3187
11.3923
11.3923
11.3187
11.3326
11.2442
11.2137
11.3195
11.3326
11.4295
11.2063
11.2301
11.2301
11.2063
11.4295
11.3326
11.3195
11.3836
11.3187
11.2063
10.5046
10.5357
10.5357
10.5046
11.2063
11.3187
11.3835
11.5273
11.3923
11.2301
10.5357
12.8948
12.8949
10.5356
11.2301
11.3923
11.5272
11.5273
11.3923
11.2301
10.5357
12.8949
12.8949
10.5356
11.2301
11.3923
11.5272
11.3835
11.3187
11.2063
10.5046
10.5356
10.5356
10.5047
11.2063
11.3187
11.3835
11.3195
11.3326
11.4295
11.2063
11.2301
11.2301
11.2063
11.4295
11.3326
11.3195
11.2137
11.2442
11.3326
11.3187
11.3922
11.3923
11.3187
11.3326
11.2442
11.2137
11.1775
11.2137
11.3195
11.3835
11.5272
11.5272
11.3835
11.3195
11.2137
11.1775
10.5527
10.5867
10.7115
10.7711
10.9606
10.9606
10.7711
10.7115
10.5867
10.5527
10.5867
10.6136
10.7384
10.6792
10.9136
10.9136
10.6792
10.7384
10.6136
10.5867
10.7115
10.7384
10.9194
10.7687
11.0987
11.0987
10.7687
10.9194
10.7384
10.7115
10.7711
10.6792
10.7687
9.68996
9.83023
9.83022
9.69
10.7687
10.6792
10.7711
10.9606
10.9136
11.0987
9.83023
6.43065
6.43069
9.83025
11.0987
10.9136
10.9606
10.9606
10.9136
11.0987
9.83022
6.43069
6.4306
9.83024
11.0987
10.9136
10.9606
10.7711
10.6792
10.7687
9.69
9.83025
9.83024
9.69004
10.7688
10.6792
10.7711
10.7115
10.7384
10.9194
10.7687
11.0987
11.0987
10.7688
10.9194
10.7384
10.7115
10.5867
10.6136
10.7384
10.6792
10.9136
10.9136
10.6792
10.7384
10.6136
10.5867
10.5527
10.5867
10.7115
10.7711
10.9606
10.9606
10.7711
10.7115
10.5867
10.5527
9.89559
9.92858
10.0801
10.1439
10.4077
10.4077
10.1439
10.0801
9.92858
9.89559
9.92858
9.95479
10.1363
10.0485
10.5034
10.5034
10.0485
10.1363
9.95479
9.92858
10.0801
10.1363
10.4573
10.4512
11.261
11.261
10.4512
10.4573
10.1363
10.0801
10.1439
10.0485
10.4512
8.85404
9.54147
9.54146
8.85406
10.4513
10.0485
10.1439
10.4077
10.5034
11.261
9.54147
12.4151
12.4151
9.54149
11.2611
10.5034
10.4077
10.4077
10.5034
11.261
9.54146
12.4151
12.4152
9.54148
11.2611
10.5034
10.4077
10.1439
10.0485
10.4512
8.85406
9.54149
9.54148
8.85409
10.4513
10.0485
10.1439
10.0801
10.1363
10.4573
10.4513
11.2611
11.2611
10.4513
10.4573
10.1363
10.0801
9.92858
9.95479
10.1363
10.0485
10.5034
10.5034
10.0485
10.1363
9.95479
9.92858
9.89559
9.92858
10.0801
10.1439
10.4077
10.4077
10.1439
10.0801
9.92858
9.89559
9.20225
9.23298
9.41044
9.48188
9.83829
9.83829
9.48188
9.41044
9.23298
9.20225
9.23298
9.25921
9.50189
9.40197
10.1542
10.1542
9.40198
9.5019
9.25921
9.23298
9.41044
9.50189
9.9793
10.1871
11.4967
11.4967
10.1871
9.9793
9.5019
9.41044
9.48188
9.40197
10.1871
8.04753
9.29161
9.29161
8.04755
10.1871
9.40198
9.48188
9.83829
10.1542
11.4967
9.29161
11.0569
11.0569
9.29164
11.4967
10.1542
9.83829
9.83829
10.1542
11.4967
9.29161
11.0569
11.057
9.29164
11.4967
10.1542
9.83829
9.48188
9.40198
10.1871
8.04755
9.29164
9.29164
8.04757
10.1871
9.40198
9.48188
9.41044
9.5019
9.9793
10.1871
11.4967
11.4967
10.1871
9.97931
9.5019
9.41044
9.23298
9.25921
9.5019
9.40198
10.1542
10.1542
9.40198
9.5019
9.25921
9.23298
9.20225
9.23298
9.41044
9.48188
9.83829
9.83829
9.48188
9.41044
9.23298
9.20225
8.46864
8.49217
8.68158
8.75482
9.1976
9.1976
8.75482
8.68158
8.49217
8.46864
8.49217
8.51588
8.79917
8.70785
9.87584
9.87584
8.70786
8.79918
8.51588
8.49217
8.68158
8.79917
9.37412
9.83466
11.6304
11.6304
9.83466
9.37413
8.79917
8.68158
8.75482
8.70785
9.83466
7.30833
9.35866
9.35866
7.30835
9.83467
8.70786
8.75482
9.1976
9.87584
11.6304
9.35866
9.75501
9.75503
9.35868
11.6305
9.87585
9.1976
9.1976
9.87584
11.6304
9.35866
9.75503
9.75505
9.35868
11.6305
9.87585
9.1976
8.75482
8.70785
9.83466
7.30835
9.35868
9.35868
7.30836
9.83467
8.70786
8.75482
8.68158
8.79918
9.37412
9.83467
11.6305
11.6305
9.83467
9.37413
8.79918
8.68158
8.49217
8.51588
8.79917
8.70786
9.87585
9.87585
8.70786
8.79918
8.51588
8.49217
8.46864
8.49217
8.68158
8.75482
9.1976
9.1976
8.75482
8.68158
8.49217
8.46864
7.69294
7.70029
7.87181
7.92577
8.41246
8.41246
7.92577
7.87181
7.70029
7.69294
7.70029
7.71392
7.98391
7.9262
9.56867
9.56868
7.92621
7.98391
7.71393
7.70029
7.87181
7.98391
8.49349
9.06871
10.9855
10.9855
9.06871
8.4935
7.98391
7.87181
7.92577
7.9262
9.06871
6.42766
9.0096
9.00961
6.42769
9.06871
7.92621
7.92577
8.41246
9.56867
10.9855
9.0096
4.17381
4.17381
9.00962
10.9855
9.56868
8.41246
8.41246
9.56868
10.9855
9.00961
4.17381
4.17381
9.00963
10.9855
9.56868
8.41246
7.92577
7.92621
9.06871
6.42769
9.00962
9.00962
6.42772
9.06872
7.92621
7.92578
7.87181
7.98391
8.4935
9.06871
10.9855
10.9855
9.06872
8.4935
7.98391
7.87181
7.70029
7.71393
7.98391
7.92621
9.56868
9.56868
7.92621
7.98391
7.71393
7.70029
7.69294
7.70029
7.87181
7.92577
8.41246
8.41246
7.92578
7.87181
7.70029
7.69294
6.87889
6.85745
6.96922
6.9603
7.38948
7.38948
6.9603
6.96923
6.85745
6.87889
6.85745
6.84631
7.01718
6.99102
8.91552
8.91553
6.99103
7.01718
6.84631
6.85745
6.96922
7.01718
7.19699
7.6963
8.47924
8.47924
7.69631
7.19699
7.01718
6.96923
6.9603
6.99102
7.6963
5.47518
7.51444
7.51445
5.47521
7.69631
6.99102
6.9603
7.38948
8.91552
8.47924
7.51444
-7.91534
-7.91536
7.51445
8.47923
8.91552
7.38948
7.38948
8.91553
8.47924
7.51445
-7.91536
-7.91538
7.51445
8.47924
8.91552
7.38948
6.9603
6.99102
7.69631
5.47521
7.51445
7.51445
5.47524
7.69631
6.99103
6.96031
6.96923
7.01718
7.19699
7.6963
8.47923
8.47924
7.69631
7.197
7.01718
6.96923
6.85745
6.84631
7.01718
6.99102
8.91552
8.91552
6.99103
7.01718
6.84631
6.85745
6.87889
6.85745
6.96923
6.9603
7.38948
7.38948
6.96031
6.96923
6.85745
6.87889
6.0389
5.97532
5.98469
5.85466
6.12407
6.12407
5.85466
5.98469
5.97533
6.0389
5.97532
5.91959
5.90587
5.82032
7.53094
7.53094
5.82032
5.90587
5.91959
5.97533
5.98469
5.90587
5.51605
5.64126
4.73088
4.73088
5.64127
5.51606
5.90587
5.98469
5.85466
5.82032
5.64126
4.46052
4.38041
4.38042
4.46054
5.64126
5.82032
5.85466
6.12407
7.53094
4.73088
4.38041
22.8906
22.8906
4.3804
4.73088
7.53093
6.12407
6.12407
7.53094
4.73088
4.38042
22.8906
22.8906
4.38041
4.73088
7.53094
6.12407
5.85466
5.82032
5.64127
4.46054
4.3804
4.38041
4.46056
5.64127
5.82032
5.85466
5.98469
5.90587
5.51606
5.64126
4.73088
4.73088
5.64127
5.51606
5.90587
5.98469
5.97532
5.91959
5.90587
5.82032
7.53093
7.53094
5.82032
5.90587
5.91959
5.97533
6.0389
5.97532
5.98469
5.85466
6.12407
6.12407
5.85466
5.98469
5.97533
6.0389
5.19517
5.07873
4.95548
4.66163
4.70048
4.70048
4.66163
4.95548
5.07873
5.19517
5.07873
4.95841
4.70382
4.40107
5.36347
5.36347
4.40108
4.70383
4.95841
5.07873
4.95548
4.70382
3.73064
3.19094
2.01737
2.01737
3.19093
3.73064
4.70382
4.95548
4.66163
4.40107
3.19094
3.21012
3.28216
3.28217
3.21013
3.19094
4.40108
4.66163
4.70048
5.36347
2.01737
3.28216
26.9628
26.9628
3.28214
2.01736
5.36346
4.70048
4.70048
5.36347
2.01737
3.28217
26.9628
26.9628
3.28215
2.01736
5.36346
4.70048
4.66163
4.40107
3.19093
3.21013
3.28214
3.28215
3.21013
3.19093
4.40108
4.66163
4.95548
4.70382
3.73064
3.19094
2.01736
2.01736
3.19093
3.73065
4.70383
4.95548
5.07873
4.95841
4.70382
4.40108
5.36346
5.36346
4.40108
4.70383
4.95841
5.07873
5.19517
5.07873
4.95548
4.66163
4.70048
4.70048
4.66163
4.95548
5.07873
5.19517
4.37824
4.20411
3.95051
3.47168
3.28278
3.28278
3.47168
3.95051
4.20411
4.37824
4.20411
4.00573
3.5205
2.8267
2.69777
2.69777
2.82671
3.52051
4.00573
4.20411
3.95051
3.5205
2.17249
0.780674
0.560119
0.560121
0.78068
2.1725
3.52051
3.95051
3.47168
2.8267
0.780673
1.82416
2.89683
2.89682
1.82414
0.780678
2.82671
3.47168
3.28278
2.69777
0.560118
2.89683
-0.0352386
-0.0352399
2.89682
0.560115
2.69778
3.28278
3.28278
2.69777
0.56012
2.89682
-0.0352399
-0.0352414
2.89681
0.560116
2.69778
3.28278
3.47168
2.8267
0.780678
1.82414
2.89682
2.89681
1.82412
0.780682
2.82671
3.47168
3.95051
3.52051
2.1725
0.780677
0.560115
0.560116
0.780682
2.1725
3.52051
3.95051
4.20411
4.00573
3.52051
2.82671
2.69778
2.69778
2.82671
3.52051
4.00573
4.20411
4.37824
4.20411
3.95051
3.47168
3.28278
3.28278
3.47168
3.95051
4.20411
4.37824
3.62206
3.39042
3.04174
2.40285
2.01204
2.01204
2.40285
3.04174
3.39042
3.62206
3.39042
3.10522
2.47906
1.27418
0.165501
0.165503
1.27418
2.47906
3.10523
3.39042
3.04174
2.47906
1.06293
-1.07366
-0.321076
-0.321074
-1.07365
1.06293
2.47906
3.04174
2.40285
1.27418
-1.07366
0.434333
-0.279438
-0.279446
0.434325
-1.07366
1.27418
2.40285
2.01204
0.1655
-0.321077
-0.279438
-0.565094
-0.565096
-0.279436
-0.321068
0.16552
2.01204
2.01204
0.165502
-0.321075
-0.279446
-0.565096
-0.565098
-0.279443
-0.321066
0.16552
2.01204
2.40285
1.27418
-1.07366
0.434325
-0.279436
-0.279443
0.434318
-1.07365
1.27418
2.40285
3.04174
2.47906
1.06293
-1.07366
-0.321068
-0.321066
-1.07365
1.06294
2.47906
3.04174
3.39042
3.10523
2.47906
1.27418
0.16552
0.165521
1.27418
2.47906
3.10523
3.39043
3.62206
3.39042
3.04174
2.40285
2.01204
2.01204
2.40285
3.04174
3.39043
3.62206
2.96159
2.67725
2.28721
1.56864
0.993404
0.993405
1.56864
2.28722
2.67725
2.96159
2.67725
2.29964
1.65242
0.022286
-1.55376
-1.55376
0.0222882
1.65242
2.29964
2.67725
2.28721
1.65242
0.490641
-1.77377
-0.920145
-0.920145
-1.77376
0.490646
1.65242
2.28722
1.56864
0.0222854
-1.77377
-0.216577
-1.08692
-1.08692
-0.216574
-1.77376
0.0222876
1.56864
0.993403
-1.55376
-0.920145
-1.08692
-0.870518
-0.87052
-1.08692
-0.920141
-1.55375
0.993409
0.993403
-1.55376
-0.920146
-1.08692
-0.87052
-0.870523
-1.08692
-0.920142
-1.55375
0.99341
1.56864
0.022287
-1.77376
-0.216575
-1.08692
-1.08692
-0.216571
-1.77375
0.0222889
1.56865
2.28722
1.65242
0.490645
-1.77376
-0.920141
-0.920142
-1.77375
0.490649
1.65242
2.28722
2.67725
2.29964
1.65242
0.0222873
-1.55375
-1.55375
0.0222892
1.65242
2.29964
2.67725
2.96159
2.67725
2.28722
1.56864
0.99341
0.99341
1.56865
2.28722
2.67725
2.96159
2.41415
2.09364
1.72015
0.972665
0.307735
0.307735
0.972667
1.72015
2.09364
2.41415
2.09364
1.63314
1.06931
-0.649439
-2.14909
-2.14909
-0.649437
1.06931
1.63314
2.09364
1.72015
1.06931
0.124252
-1.78565
-1.5804
-1.5804
-1.78565
0.124254
1.06931
1.72015
0.972664
-0.64944
-1.78565
-0.786704
-1.34625
-1.34625
-0.786692
-1.78565
-0.649439
0.972668
0.307734
-2.14909
-1.5804
-1.34625
-1.07632
-1.07632
-1.34625
-1.5804
-2.14909
0.307738
0.307734
-2.14909
-1.5804
-1.34625
-1.07632
-1.07632
-1.34625
-1.58041
-2.14909
0.307738
0.972665
-0.649438
-1.78565
-0.786692
-1.34625
-1.34625
-0.78668
-1.78565
-0.649437
0.972669
1.72015
1.06931
0.124254
-1.78565
-1.5804
-1.58041
-1.78565
0.124256
1.06931
1.72015
2.09364
1.63314
1.06931
-0.649439
-2.14909
-2.14909
-0.649437
1.06931
1.63314
2.09364
2.41415
2.09364
1.72015
0.972668
0.307738
0.307738
0.972669
1.72015
2.09364
2.41415
1.97508
1.68211
1.31515
0.637087
-0.00150517
-0.0015047
0.637088
1.31515
1.68211
1.97508
1.68211
1.24307
0.657514
-0.821787
-2.26477
-2.26477
-0.821785
0.657515
1.24307
1.68211
1.31515
0.657513
-0.0626343
-1.7208
-1.55252
-1.55252
-1.7208
-0.0626329
0.657516
1.31515
0.637086
-0.821788
-1.7208
-1.21492
-1.37532
-1.37532
-1.21491
-1.7208
-0.821787
0.637089
-0.00150619
-2.26477
-1.55252
-1.37532
-0.96281
-0.962811
-1.37531
-1.55252
-2.26477
-0.00150373
-0.00150583
-2.26477
-1.55252
-1.37532
-0.962811
-0.962813
-1.37532
-1.55252
-2.26477
-0.00150351
0.637087
-0.821786
-1.7208
-1.21491
-1.37531
-1.37532
-1.2149
-1.7208
-0.821786
0.63709
1.31515
0.657514
-0.0626335
-1.7208
-1.55252
-1.55252
-1.7208
-0.0626324
0.657517
1.31515
1.68211
1.24307
0.657515
-0.821787
-2.26477
-2.26477
-0.821785
0.657517
1.24307
1.68211
1.97508
1.68211
1.31515
0.637089
-0.00150339
-0.00150304
0.63709
1.31515
1.68211
1.97508
1.66406
1.40167
1.07579
0.503598
-0.0375973
-0.0375969
0.503599
1.07579
1.40168
1.66406
1.40167
1.01166
0.45613
-0.674247
-2.12847
-2.12847
-0.674245
0.456131
1.01167
1.40168
1.07579
0.456129
-0.0965332
-1.51816
-1.32993
-1.32993
-1.51816
-0.0965324
0.456131
1.07579
0.503597
-0.674247
-1.51816
-1.23888
-1.15839
-1.1584
-1.23888
-1.51816
-0.674246
0.503599
-0.0375983
-2.12847
-1.32993
-1.15839
-0.714837
-0.714838
-1.15839
-1.32993
-2.12847
-0.0375958
-0.0375979
-2.12847
-1.32993
-1.1584
-0.714838
-0.71484
-1.15839
-1.32993
-2.12847
-0.0375956
0.503598
-0.674246
-1.51816
-1.23888
-1.15839
-1.15839
-1.23887
-1.51816
-0.674244
0.5036
1.07579
0.45613
-0.0965328
-1.51816
-1.32993
-1.32993
-1.51816
-0.0965323
0.456132
1.07579
1.40167
1.01166
0.456131
-0.674246
-2.12847
-2.12847
-0.674244
0.456132
1.01167
1.40168
1.66406
1.40167
1.07579
0.503599
-0.0375955
-0.0375952
0.5036
1.07579
1.40168
1.66406
1.46365
1.23684
0.969196
0.509078
0.0547116
0.054712
0.509079
0.969197
1.23684
1.46366
1.23684
0.916009
0.427098
-0.37466
-1.58482
-1.58482
-0.374659
0.427099
0.91601
1.23684
0.969196
0.427097
0.00442484
-1.16908
-0.978063
-0.978063
-1.16908
0.0044256
0.427099
0.969198
0.509078
-0.374661
-1.16908
-1.017
-0.783965
-0.783965
-1.01699
-1.16908
-0.374659
0.50908
0.0547108
-1.58482
-0.978063
-0.783965
-0.507714
-0.507715
-0.783962
-0.978061
-1.58482
0.0547133
0.0547111
-1.58482
-0.978064
-0.783966
-0.507715
-0.507716
-0.783963
-0.978061
-1.58482
0.0547136
0.509078
-0.374659
-1.16908
-1.01699
-0.783962
-0.783963
-1.01699
-1.16908
-0.374657
0.509081
0.969197
0.427098
0.00442519
-1.16908
-0.978061
-0.978061
-1.16908
0.00442564
0.4271
0.969198
1.23684
0.91601
0.427099
-0.374659
-1.58482
-1.58482
-0.374657
0.4271
0.916011
1.23684
1.46366
1.23684
0.969198
0.50908
0.0547136
0.054714
0.509081
0.969199
1.23684
1.46366
1.34825
1.1626
0.958285
0.611445
0.230805
0.230806
0.611446
0.958287
1.1626
1.34825
1.1626
0.922403
0.523745
0.00817938
-0.87757
-0.877569
0.00818105
0.523746
0.922405
1.1626
0.958285
0.523744
0.207595
-0.670511
-0.534102
-0.534103
-0.670509
0.207596
0.523746
0.958287
0.611445
0.00817899
-0.670511
-0.570455
-0.361576
-0.361576
-0.570451
-0.670509
0.00818172
0.611447
0.230804
-0.87757
-0.534103
-0.361576
-0.155296
-0.155297
-0.361574
-0.5341
-0.877567
0.230807
0.230805
-0.87757
-0.534103
-0.361576
-0.155297
-0.155297
-0.361573
-0.5341
-0.877566
0.230807
0.611446
0.0081804
-0.67051
-0.570452
-0.361574
-0.361573
-0.570448
-0.670508
0.00818299
0.611448
0.958286
0.523745
0.207595
-0.670509
-0.5341
-0.5341
-0.670507
0.207596
0.523747
0.958287
1.1626
0.922405
0.523746
0.00818162
-0.877567
-0.877566
0.00818315
0.523747
0.922406
1.1626
1.34825
1.1626
0.958287
0.611447
0.230807
0.230808
0.611448
0.958288
1.1626
1.34825
1.29168
1.1514
1.0066
0.769572
0.468516
0.468517
0.769572
1.00661
1.1514
1.29168
1.1514
0.989579
0.696559
0.408159
-0.20003
-0.20003
0.40816
0.696561
0.989581
1.1514
1.0066
0.696559
0.472961
-0.0863426
0.0115384
0.0115384
-0.0863414
0.472963
0.696561
1.00661
0.769571
0.408159
-0.0863427
-0.0885768
0.117985
0.117985
-0.0885748
-0.0863401
0.408162
0.769573
0.468516
-0.200031
0.0115382
0.117985
0.34131
0.34131
0.117986
0.0115406
-0.200027
0.468519
0.468516
-0.200031
0.0115382
0.117985
0.34131
0.341311
0.117987
0.0115405
-0.200027
0.468519
0.769572
0.40816
-0.0863418
-0.0885749
0.117986
0.117987
-0.088573
-0.0863392
0.408162
0.769574
1.0066
0.69656
0.472962
-0.0863402
0.0115406
0.0115406
-0.0863391
0.472963
0.696562
1.00661
1.1514
0.98958
0.696561
0.408161
-0.200027
-0.200027
0.408163
0.696562
0.989582
1.1514
1.29168
1.1514
1.00661
0.769573
0.468519
0.468519
0.769574
1.00661
1.1514
1.29168
1.26937
1.17361
1.08081
0.942942
0.72588
0.72588
0.942943
1.08081
1.17361
1.26937
1.17361
1.07964
0.893869
0.772739
0.41653
0.41653
0.77274
0.89387
1.07964
1.17361
1.08081
0.893869
0.752461
0.478673
0.580445
0.580445
0.478674
0.752463
0.893871
1.08081
0.942942
0.772739
0.478673
0.445364
0.631885
0.631886
0.445365
0.478675
0.772741
0.942943
0.72588
0.41653
0.580444
0.631885
0.813351
0.813351
0.631887
0.580446
0.416533
0.725882
0.72588
0.41653
0.580445
0.631886
0.813351
0.813351
0.631888
0.580446
0.416533
0.725882
0.942942
0.77274
0.478674
0.445365
0.631887
0.631887
0.445367
0.478676
0.772742
0.942944
1.08081
0.89387
0.752462
0.478675
0.580446
0.580446
0.478676
0.752463
0.893871
1.08082
1.17361
1.07964
0.89387
0.772741
0.416533
0.416533
0.772742
0.893871
1.07964
1.17361
1.26937
1.17361
1.08081
0.942943
0.725882
0.725882
0.942944
1.08082
1.17361
1.26937
1.26014
1.20334
1.15247
1.09509
0.954539
0.954539
1.09509
1.15247
1.20334
1.26014
1.20334
1.16181
1.05941
1.05891
0.92141
0.92141
1.05891
1.05941
1.16181
1.20334
1.15247
1.05941
0.989405
0.932465
1.04367
1.04367
0.932466
0.989406
1.05941
1.15247
1.09509
1.05891
0.932465
0.967573
1.12737
1.12737
0.967574
0.932467
1.05891
1.09509
0.954538
0.92141
1.04367
1.12737
1.26336
1.26336
1.12737
1.04367
0.921412
0.95454
0.954538
0.92141
1.04367
1.12737
1.26336
1.26336
1.12738
1.04367
0.921412
0.95454
1.09509
1.05891
0.932466
0.967574
1.12737
1.12738
0.967575
0.932467
1.05891
1.09509
1.15247
1.05941
0.989405
0.932467
1.04367
1.04367
0.932468
0.989406
1.05941
1.15248
1.20334
1.16181
1.05941
1.05891
0.921412
0.921412
1.05891
1.05941
1.16181
1.20334
1.26014
1.20334
1.15247
1.09509
0.95454
0.95454
1.09509
1.15248
1.20334
1.26014
1.24774
1.22235
1.20276
1.20331
1.11893
1.11893
1.20331
1.20276
1.22235
1.24774
1.22235
1.21857
1.1786
1.24641
1.25299
1.25299
1.24641
1.1786
1.21857
1.22235
1.20276
1.1786
1.15608
1.23036
1.36129
1.3613
1.23036
1.15608
1.1786
1.20276
1.20331
1.24641
1.23036
1.34137
1.48133
1.48133
1.34137
1.23036
1.24641
1.20331
1.11893
1.25299
1.36129
1.48133
1.59564
1.59564
1.48133
1.3613
1.25299
1.11893
1.11893
1.25299
1.36129
1.48133
1.59564
1.59564
1.48133
1.3613
1.25299
1.11893
1.20331
1.24641
1.23036
1.34137
1.48133
1.48133
1.34137
1.23036
1.24641
1.20331
1.20276
1.1786
1.15608
1.23036
1.3613
1.3613
1.23036
1.15608
1.17861
1.20276
1.22235
1.21857
1.1786
1.24641
1.25299
1.25299
1.24641
1.17861
1.21857
1.22235
1.24774
1.22235
1.20276
1.20331
1.11893
1.11893
1.20331
1.20276
1.22235
1.24774
1.22135
1.21937
1.22122
1.25928
1.21124
1.21124
1.25928
1.22122
1.21937
1.22135
1.21937
1.24025
1.24543
1.34292
1.42516
1.42516
1.34292
1.24543
1.24025
1.21937
1.22122
1.24543
1.25224
1.40095
1.53546
1.53546
1.40095
1.25224
1.24543
1.22122
1.25928
1.34292
1.40095
1.56313
1.67192
1.67192
1.56313
1.40095
1.34292
1.25928
1.21124
1.42516
1.53546
1.67192
1.77121
1.77121
1.67192
1.53546
1.42516
1.21124
1.21124
1.42516
1.53546
1.67192
1.77121
1.77121
1.67192
1.53546
1.42516
1.21124
1.25928
1.34292
1.40095
1.56313
1.67192
1.67192
1.56313
1.40095
1.34292
1.25928
1.22122
1.24543
1.25224
1.40095
1.53546
1.53546
1.40095
1.25224
1.24543
1.22122
1.21937
1.24025
1.24543
1.34292
1.42516
1.42516
1.34292
1.24543
1.24025
1.21937
1.22135
1.21937
1.22122
1.25928
1.21124
1.21124
1.25928
1.22123
1.21937
1.22135
1.17449
1.18856
1.20374
1.26297
1.2374
1.2374
1.26297
1.20375
1.18856
1.17449
1.18856
1.22319
1.25737
1.36151
1.47801
1.47801
1.36151
1.25737
1.22319
1.18856
1.20374
1.25737
1.28114
1.46208
1.59508
1.59508
1.46208
1.28114
1.25737
1.20375
1.26297
1.36151
1.46208
1.6379
1.74797
1.74797
1.6379
1.46208
1.36151
1.26297
1.2374
1.47801
1.59507
1.74797
1.83825
1.83825
1.74797
1.59508
1.47801
1.2374
1.2374
1.47801
1.59507
1.74797
1.83825
1.83825
1.74797
1.59508
1.47801
1.2374
1.26297
1.36151
1.46208
1.6379
1.74797
1.74797
1.6379
1.46208
1.36151
1.26297
1.20375
1.25737
1.28114
1.46208
1.59508
1.59508
1.46208
1.28114
1.25737
1.20375
1.18856
1.22319
1.25737
1.36151
1.47801
1.47801
1.36151
1.25737
1.22319
1.18856
1.17449
1.18856
1.20375
1.26297
1.2374
1.2374
1.26297
1.20375
1.18856
1.17449
1.10443
1.12824
1.15087
1.21806
1.20674
1.20674
1.21806
1.15087
1.12824
1.10443
1.12824
1.16892
1.21838
1.31816
1.44229
1.44229
1.31816
1.21838
1.16892
1.12824
1.15087
1.21838
1.25127
1.42999
1.55871
1.55871
1.42999
1.25127
1.21838
1.15087
1.21806
1.31816
1.42999
1.59934
1.73029
1.73029
1.59934
1.42999
1.31816
1.21806
1.20674
1.44229
1.55871
1.73029
1.80875
1.80875
1.73029
1.55871
1.44229
1.20674
1.20674
1.44229
1.55871
1.73029
1.80875
1.80875
1.73029
1.55871
1.44229
1.20674
1.21806
1.31816
1.42999
1.59934
1.73029
1.73029
1.59934
1.42999
1.31816
1.21806
1.15087
1.21838
1.25127
1.42999
1.55871
1.55871
1.42999
1.25127
1.21838
1.15087
1.12824
1.16892
1.21838
1.31816
1.44229
1.44229
1.31816
1.21838
1.16892
1.12824
1.10443
1.12824
1.15087
1.21806
1.20674
1.20674
1.21806
1.15087
1.12824
1.10443
1.01073
1.03925
1.06524
1.13205
1.12816
1.12816
1.13205
1.06524
1.03925
1.01073
1.03925
1.08103
1.13651
1.22808
1.34295
1.34295
1.22808
1.13651
1.08103
1.03925
1.06524
1.13651
1.17389
1.34828
1.44892
1.44892
1.34828
1.17389
1.13651
1.06524
1.13205
1.22808
1.34828
1.49942
1.6259
1.6259
1.49942
1.34828
1.22808
1.13205
1.12816
1.34295
1.44892
1.6259
1.69232
1.69232
1.6259
1.44892
1.34295
1.12816
1.12816
1.34295
1.44892
1.6259
1.69232
1.69232
1.6259
1.44892
1.34295
1.12816
1.13205
1.22808
1.34828
1.49942
1.6259
1.6259
1.49942
1.34828
1.22808
1.13205
1.06524
1.13651
1.17389
1.34828
1.44892
1.44892
1.34828
1.17389
1.13651
1.06524
1.03925
1.08103
1.13651
1.22808
1.34295
1.34295
1.22808
1.13651
1.08103
1.03925
1.01073
1.03925
1.06524
1.13205
1.12816
1.12816
1.13205
1.06524
1.03925
1.01073
0.895513
0.924817
0.951201
1.01205
1.01115
1.01115
1.01205
0.951201
0.924817
0.895514
0.924817
0.964392
1.01937
1.09923
1.1965
1.1965
1.09923
1.01937
0.964392
0.924817
0.951201
1.01937
1.05855
1.21749
1.28915
1.28915
1.21749
1.05855
1.01937
0.951201
1.01205
1.09923
1.21749
1.35488
1.45744
1.45744
1.35488
1.21749
1.09923
1.01205
1.01115
1.1965
1.28915
1.45744
1.50826
1.50826
1.45744
1.28915
1.1965
1.01115
1.01115
1.1965
1.28915
1.45744
1.50826
1.50826
1.45744
1.28915
1.1965
1.01115
1.01205
1.09923
1.21749
1.35488
1.45744
1.45744
1.35488
1.21749
1.09923
1.01205
0.951201
1.01937
1.05855
1.21749
1.28915
1.28915
1.21749
1.05855
1.01937
0.951201
0.924817
0.964392
1.01937
1.09923
1.1965
1.1965
1.09923
1.01937
0.964392
0.924817
0.895514
0.924817
0.951201
1.01205
1.01115
1.01115
1.01205
0.951201
0.924817
0.895514
0.759804
0.787121
0.8115
0.863431
0.865194
0.865194
0.863431
0.811501
0.787121
0.759804
0.787121
0.82202
0.872189
0.939449
1.01528
1.01528
0.939449
0.87219
0.822021
0.787121
0.8115
0.872189
0.909407
1.04544
1.09701
1.09701
1.04544
0.909407
0.87219
0.811501
0.863431
0.939449
1.04544
1.17743
1.24548
1.24548
1.17743
1.04544
0.939449
0.863431
0.865194
1.01528
1.09701
1.24548
1.27648
1.27648
1.24548
1.09701
1.01528
0.865194
0.865194
1.01528
1.09701
1.24548
1.27648
1.27648
1.24548
1.09701
1.01528
0.865194
0.863431
0.939449
1.04544
1.17743
1.24548
1.24548
1.17743
1.04544
0.939449
0.863431
0.8115
0.87219
0.909407
1.04544
1.09701
1.09701
1.04544
0.909407
0.87219
0.811501
0.787121
0.82202
0.87219
0.939449
1.01528
1.01528
0.939449
0.87219
0.822021
0.787121
0.759804
0.787121
0.8115
0.863431
0.865194
0.865194
0.863431
0.811501
0.787121
0.759805
0.609815
0.632745
0.653518
0.693938
0.696496
0.696496
0.693938
0.653519
0.632745
0.609815
0.632745
0.661764
0.703436
0.756278
0.810646
0.810646
0.756278
0.703437
0.661765
0.632745
0.653518
0.703436
0.736245
0.844798
0.882081
0.882082
0.844798
0.736245
0.703437
0.653519
0.693938
0.756278
0.844798
0.959284
1.00008
1.00008
0.959284
0.844798
0.756278
0.693938
0.696496
0.810646
0.882081
1.00008
1.00909
1.00909
1.00008
0.882082
0.810646
0.696496
0.696496
0.810646
0.882081
1.00008
1.00909
1.00909
1.00008
0.882082
0.810646
0.696496
0.693938
0.756278
0.844798
0.959284
1.00008
1.00008
0.959284
0.844798
0.756278
0.693939
0.653519
0.703437
0.736245
0.844798
0.882082
0.882082
0.844798
0.736245
0.703437
0.653519
0.632745
0.661765
0.703437
0.756278
0.810646
0.810647
0.756278
0.703437
0.661765
0.632745
0.609815
0.632745
0.653519
0.693938
0.696496
0.696496
0.693939
0.653519
0.632745
0.609815
0.442533
0.460478
0.476769
0.507217
0.514479
0.514479
0.507217
0.476769
0.460478
0.442533
0.460478
0.482277
0.514223
0.554481
0.592562
0.592562
0.554481
0.514223
0.482277
0.460478
0.476769
0.514223
0.537237
0.618932
0.642803
0.642803
0.618932
0.537237
0.514223
0.476769
0.507217
0.554481
0.618932
0.707792
0.72572
0.72572
0.707792
0.618932
0.554481
0.507217
0.514479
0.592562
0.642803
0.72572
0.713702
0.713702
0.72572
0.642803
0.592562
0.51448
0.514479
0.592562
0.642803
0.72572
0.713702
0.713702
0.72572
0.642803
0.592562
0.51448
0.507217
0.554481
0.618932
0.707792
0.72572
0.72572
0.707792
0.618932
0.554481
0.507217
0.476769
0.514223
0.537237
0.618932
0.642803
0.642803
0.618932
0.537237
0.514223
0.476769
0.460478
0.482277
0.514223
0.554481
0.592562
0.592562
0.554481
0.514223
0.482277
0.460478
0.442533
0.460478
0.476769
0.507217
0.51448
0.51448
0.507217
0.476769
0.460478
0.442533
0.274041
0.284547
0.29475
0.310396
0.315422
0.315423
0.310396
0.294751
0.284547
0.274041
0.284547
0.298501
0.316936
0.338954
0.358967
0.358967
0.338954
0.316936
0.298501
0.284547
0.29475
0.316936
0.334807
0.373747
0.391606
0.391606
0.373747
0.334807
0.316936
0.294751
0.310396
0.338954
0.373747
0.427687
0.433587
0.433587
0.427687
0.373747
0.338954
0.310396
0.315422
0.358967
0.391606
0.433587
0.400076
0.400076
0.433587
0.391606
0.358967
0.315423
0.315422
0.358967
0.391606
0.433587
0.400076
0.400076
0.433587
0.391606
0.358967
0.315423
0.310396
0.338954
0.373747
0.427687
0.433587
0.433587
0.427687
0.373747
0.338954
0.310396
0.29475
0.316936
0.334807
0.373747
0.391606
0.391606
0.373747
0.334807
0.316936
0.294751
0.284547
0.298501
0.316936
0.338954
0.358967
0.358967
0.338954
0.316936
0.298501
0.284547
0.274041
0.284547
0.294751
0.310396
0.315423
0.315423
0.310396
0.294751
0.284547
0.274041
0.0840916
0.0892922
0.0954254
0.105042
0.11264
0.11264
0.105042
0.0954255
0.0892922
0.0840916
0.0892922
0.0956945
0.105462
0.116743
0.129369
0.129369
0.116744
0.105462
0.0956945
0.0892922
0.0954254
0.105462
0.110366
0.135631
0.138703
0.138703
0.135631
0.110366
0.105462
0.0954255
0.105042
0.116743
0.135631
0.167686
0.122182
0.122182
0.167686
0.135631
0.116744
0.105042
0.11264
0.129369
0.138703
0.122182
0.0679498
0.0679498
0.122182
0.138703
0.129369
0.11264
0.11264
0.129369
0.138703
0.122182
0.0679498
0.0679498
0.122182
0.138703
0.129369
0.11264
0.105042
0.116743
0.135631
0.167686
0.122182
0.122182
0.167686
0.135631
0.116744
0.105042
0.0954255
0.105462
0.110366
0.135631
0.138703
0.138703
0.135631
0.110366
0.105462
0.0954255
0.0892922
0.0956945
0.105462
0.116744
0.129369
0.129369
0.116744
0.105462
0.0956945
0.0892922
0.0840916
0.0892922
0.0954255
0.105042
0.11264
0.11264
0.105042
0.0954255
0.0892922
0.0840916
)
;

boundaryField
{
    bottom
    {
        type            calculated;
        value           nonuniform List<scalar> 
100
(
15.3521
15.4328
15.5822
15.7591
15.9115
15.9115
15.7591
15.5822
15.4328
15.3521
15.4328
15.5335
15.7212
15.9561
16.1724
16.1724
15.9561
15.7212
15.5335
15.4328
15.5822
15.7212
15.9889
16.348
16.7082
16.7082
16.348
15.9889
15.7212
15.5822
15.7591
15.9561
16.348
16.937
17.6282
17.6282
16.937
16.348
15.9561
15.7591
15.9115
16.1724
16.7082
17.6282
18.8154
18.8154
17.6283
16.7082
16.1724
15.9115
15.9115
16.1724
16.7082
17.6282
18.8154
18.8154
17.6283
16.7082
16.1724
15.9115
15.7591
15.9561
16.348
16.937
17.6283
17.6283
16.937
16.348
15.9561
15.7591
15.5822
15.7212
15.9889
16.348
16.7082
16.7082
16.348
15.9889
15.7212
15.5822
15.4328
15.5335
15.7212
15.9561
16.1724
16.1724
15.9561
15.7212
15.5335
15.4328
15.3521
15.4328
15.5822
15.7591
15.9115
15.9115
15.7591
15.5822
15.4328
15.3521
)
;
    }
    atmosphere
    {
        type            calculated;
        value           nonuniform List<scalar> 
100
(
0
0
0
0
-0.000454468
-0.000454465
0
0
0
0
0
0
0
0
-0.0057337
-0.00573372
0
0
0
0
0
0
0
0
-0.0166002
-0.0166002
0
0
0
0
0
0
0
-0.00149234
-0.0554324
-0.0554324
-0.00149233
0
0
0
-0.000454466
-0.00573372
-0.0166002
-0.0554324
-0.120145
-0.120145
-0.0554324
-0.0166001
-0.00573369
-0.000454467
-0.000454465
-0.00573372
-0.0166002
-0.0554325
-0.120145
-0.120145
-0.0554324
-0.0166002
-0.00573369
-0.000454467
0
0
0
-0.00149234
-0.0554324
-0.0554324
-0.00149233
0
0
0
0
0
0
0
-0.0166002
-0.0166002
0
0
0
0
0
0
0
0
-0.00573369
-0.00573371
0
0
0
0
0
0
0
0
-0.000454468
-0.000454465
0
0
0
0
)
;
    }
    walls
    {
        type            calculated;
        value           nonuniform List<scalar> 
1600
(
15.2295
15.3102
15.4596
15.6365
15.7889
15.7889
15.6365
15.4596
15.3102
15.2295
14.9427
15.0222
15.1707
15.3481
15.5019
15.5019
15.3481
15.1707
15.0222
14.9427
14.61
14.6883
14.8346
15.012
15.1696
15.1696
15.012
14.8346
14.6883
14.61
14.236
14.3113
14.4529
14.627
14.7859
14.7859
14.627
14.4529
14.3113
14.236
13.8201
13.8907
14.0245
14.1898
14.3439
14.3439
14.1898
14.0245
13.8907
13.8201
13.3629
13.427
13.5499
13.6995
13.8412
13.8412
13.6995
13.5499
13.427
13.3629
12.8671
12.9233
13.034
13.1606
13.2878
13.2878
13.1606
13.034
12.9233
12.8671
12.3358
12.3838
12.4845
12.5853
12.7011
12.7011
12.5853
12.4845
12.3838
12.3358
11.7719
11.8128
11.9107
11.9892
12.1102
12.1101
11.9892
11.9107
11.8128
11.7719
11.1775
11.2137
11.3195
11.3836
11.5273
11.5273
11.3835
11.3195
11.2137
11.1775
10.5527
10.5867
10.7115
10.7711
10.9606
10.9606
10.7711
10.7115
10.5867
10.5527
9.89559
9.92858
10.0801
10.1439
10.4077
10.4077
10.1439
10.0801
9.92858
9.89559
9.20225
9.23298
9.41044
9.48188
9.83829
9.83829
9.48188
9.41044
9.23298
9.20225
8.46864
8.49217
8.68158
8.75482
9.1976
9.1976
8.75482
8.68158
8.49217
8.46864
7.69294
7.70029
7.87181
7.92577
8.41246
8.41246
7.92577
7.87181
7.70029
7.69294
6.87889
6.85745
6.96922
6.9603
7.38948
7.38948
6.9603
6.96923
6.85745
6.87889
6.0389
5.97532
5.98469
5.85466
6.12407
6.12407
5.85466
5.98469
5.97532
6.0389
5.19517
5.07873
4.95548
4.66163
4.70048
4.70048
4.66163
4.95548
5.07873
5.19517
4.37824
4.20411
3.95051
3.47168
3.28278
3.28278
3.47168
3.95051
4.20411
4.37824
3.62206
3.39042
3.04174
2.40285
2.01204
2.01204
2.40285
3.04174
3.39042
3.62206
2.96159
2.67725
2.28721
1.56864
0.993403
0.993403
1.56864
2.28722
2.67725
2.96159
2.41415
2.09364
1.72015
0.972664
0.307734
0.307734
0.972665
1.72015
2.09364
2.41415
1.97508
1.68211
1.31515
0.637086
-0.00150619
-0.00150583
0.637087
1.31515
1.68211
1.97508
1.66406
1.40167
1.07579
0.503597
-0.0375983
-0.0375979
0.503598
1.07579
1.40167
1.66406
1.46365
1.23684
0.969196
0.509078
0.0547108
0.0547111
0.509078
0.969197
1.23684
1.46366
1.34825
1.1626
0.958285
0.611445
0.230804
0.230805
0.611446
0.958286
1.1626
1.34825
1.29168
1.1514
1.0066
0.769571
0.468516
0.468516
0.769572
1.0066
1.1514
1.29168
1.26937
1.17361
1.08081
0.942942
0.72588
0.72588
0.942942
1.08081
1.17361
1.26937
1.26014
1.20334
1.15247
1.09509
0.954538
0.954538
1.09509
1.15247
1.20334
1.26014
1.24774
1.22235
1.20276
1.20331
1.11893
1.11893
1.20331
1.20276
1.22235
1.24774
1.22135
1.21937
1.22122
1.25928
1.21124
1.21124
1.25928
1.22122
1.21937
1.22135
1.17449
1.18856
1.20374
1.26297
1.2374
1.2374
1.26297
1.20375
1.18856
1.17449
1.10443
1.12824
1.15087
1.21806
1.20674
1.20674
1.21806
1.15087
1.12824
1.10443
1.01073
1.03925
1.06524
1.13205
1.12816
1.12816
1.13205
1.06524
1.03925
1.01073
0.895513
0.924817
0.951201
1.01205
1.01115
1.01115
1.01205
0.951201
0.924817
0.895514
0.759804
0.787121
0.8115
0.863431
0.865194
0.865194
0.863431
0.8115
0.787121
0.759804
0.609815
0.632745
0.653518
0.693938
0.696496
0.696496
0.693938
0.653519
0.632745
0.609815
0.442533
0.460478
0.476769
0.507217
0.514479
0.514479
0.507217
0.476769
0.460478
0.442533
0.274041
0.284547
0.29475
0.310396
0.315422
0.315422
0.310396
0.29475
0.284547
0.274041
0.0840916
0.0892922
0.0954254
0.105042
0.11264
0.11264
0.105042
0.0954255
0.0892922
0.0840916
15.2295
15.3102
15.4596
15.6365
15.7889
15.7889
15.6365
15.4596
15.3102
15.2295
14.9427
15.0222
15.1707
15.3481
15.5019
15.5019
15.3481
15.1707
15.0222
14.9427
14.61
14.6883
14.8346
15.012
15.1696
15.1696
15.012
14.8346
14.6883
14.61
14.236
14.3113
14.4529
14.627
14.7859
14.7859
14.627
14.4529
14.3113
14.236
13.8201
13.8907
14.0245
14.1898
14.3439
14.3439
14.1898
14.0245
13.8907
13.8201
13.3629
13.427
13.5499
13.6995
13.8412
13.8412
13.6995
13.5499
13.427
13.3629
12.8671
12.9233
13.034
13.1606
13.2878
13.2878
13.1606
13.034
12.9233
12.8671
12.3358
12.3838
12.4845
12.5853
12.7011
12.7011
12.5853
12.4845
12.3838
12.3358
11.7719
11.8128
11.9107
11.9891
12.1101
12.1101
11.9891
11.9107
11.8128
11.7719
11.1775
11.2137
11.3195
11.3835
11.5272
11.5272
11.3835
11.3195
11.2137
11.1775
10.5527
10.5867
10.7115
10.7711
10.9606
10.9606
10.7711
10.7115
10.5867
10.5527
9.89559
9.92858
10.0801
10.1439
10.4077
10.4077
10.1439
10.0801
9.92858
9.89559
9.20225
9.23298
9.41044
9.48188
9.83829
9.83829
9.48188
9.41044
9.23298
9.20225
8.46864
8.49217
8.68158
8.75482
9.1976
9.1976
8.75482
8.68158
8.49217
8.46864
7.69294
7.70029
7.87181
7.92577
8.41246
8.41246
7.92578
7.87181
7.70029
7.69294
6.87889
6.85745
6.96923
6.9603
7.38948
7.38948
6.96031
6.96923
6.85745
6.87889
6.0389
5.97533
5.98469
5.85466
6.12407
6.12407
5.85466
5.98469
5.97533
6.0389
5.19517
5.07873
4.95548
4.66163
4.70048
4.70048
4.66163
4.95548
5.07873
5.19517
4.37824
4.20411
3.95051
3.47168
3.28278
3.28278
3.47168
3.95051
4.20411
4.37824
3.62206
3.39042
3.04174
2.40285
2.01204
2.01204
2.40285
3.04174
3.39043
3.62206
2.96159
2.67725
2.28722
1.56864
0.993409
0.99341
1.56865
2.28722
2.67725
2.96159
2.41415
2.09364
1.72015
0.972668
0.307738
0.307738
0.972669
1.72015
2.09364
2.41415
1.97508
1.68211
1.31515
0.637089
-0.00150373
-0.00150351
0.63709
1.31515
1.68211
1.97508
1.66406
1.40168
1.07579
0.503599
-0.0375958
-0.0375956
0.5036
1.07579
1.40168
1.66406
1.46366
1.23684
0.969198
0.50908
0.0547133
0.0547136
0.509081
0.969198
1.23684
1.46366
1.34825
1.1626
0.958287
0.611447
0.230807
0.230807
0.611448
0.958287
1.1626
1.34825
1.29168
1.1514
1.00661
0.769573
0.468519
0.468519
0.769574
1.00661
1.1514
1.29168
1.26937
1.17361
1.08081
0.942943
0.725882
0.725882
0.942944
1.08082
1.17361
1.26937
1.26014
1.20334
1.15247
1.09509
0.95454
0.95454
1.09509
1.15248
1.20334
1.26014
1.24774
1.22235
1.20276
1.20331
1.11893
1.11893
1.20331
1.20276
1.22235
1.24774
1.22135
1.21937
1.22122
1.25928
1.21124
1.21124
1.25928
1.22122
1.21937
1.22135
1.17449
1.18856
1.20375
1.26297
1.2374
1.2374
1.26297
1.20375
1.18856
1.17449
1.10443
1.12824
1.15087
1.21806
1.20674
1.20674
1.21806
1.15087
1.12824
1.10443
1.01073
1.03925
1.06524
1.13205
1.12816
1.12816
1.13205
1.06524
1.03925
1.01073
0.895514
0.924817
0.951201
1.01205
1.01115
1.01115
1.01205
0.951201
0.924817
0.895514
0.759804
0.787121
0.811501
0.863431
0.865194
0.865194
0.863431
0.811501
0.787121
0.759805
0.609815
0.632745
0.653519
0.693938
0.696496
0.696496
0.693939
0.653519
0.632745
0.609815
0.442533
0.460478
0.476769
0.507217
0.51448
0.51448
0.507217
0.476769
0.460478
0.442533
0.274041
0.284547
0.294751
0.310396
0.315423
0.315423
0.310396
0.294751
0.284547
0.274041
0.0840916
0.0892922
0.0954255
0.105042
0.11264
0.11264
0.105042
0.0954255
0.0892922
0.0840916
15.2295
14.9427
14.61
14.236
13.8201
13.3629
12.8671
12.3358
11.7719
11.1775
10.5527
9.89559
9.20225
8.46864
7.69294
6.87889
6.0389
5.19517
4.37824
3.62206
15.3102
15.0222
14.6883
14.3113
13.8907
13.427
12.9233
12.3838
11.8128
11.2137
10.5867
9.92858
9.23298
8.49217
7.70029
6.85745
5.97532
5.07873
4.20411
3.39042
15.4596
15.1707
14.8346
14.4529
14.0245
13.5499
13.034
12.4845
11.9107
11.3195
10.7115
10.0801
9.41044
8.68158
7.87181
6.96922
5.98469
4.95548
3.95051
3.04174
15.6365
15.3481
15.012
14.627
14.1898
13.6995
13.1606
12.5853
11.9892
11.3836
10.7711
10.1439
9.48188
8.75482
7.92577
6.9603
5.85466
4.66163
3.47168
2.40285
15.7889
15.5019
15.1696
14.7859
14.3439
13.8412
13.2878
12.7011
12.1102
11.5273
10.9606
10.4077
9.83829
9.1976
8.41246
7.38948
6.12407
4.70048
3.28278
2.01204
15.7889
15.5019
15.1696
14.7859
14.3439
13.8412
13.2878
12.7011
12.1102
11.5273
10.9606
10.4077
9.83829
9.1976
8.41246
7.38948
6.12407
4.70048
3.28278
2.01204
15.6365
15.3481
15.012
14.627
14.1898
13.6995
13.1606
12.5853
11.9892
11.3836
10.7711
10.1439
9.48188
8.75482
7.92577
6.9603
5.85466
4.66163
3.47168
2.40285
15.4596
15.1707
14.8346
14.4529
14.0245
13.5499
13.034
12.4845
11.9107
11.3195
10.7115
10.0801
9.41044
8.68158
7.87181
6.96923
5.98469
4.95548
3.95051
3.04174
15.3102
15.0222
14.6883
14.3113
13.8907
13.427
12.9233
12.3838
11.8128
11.2137
10.5867
9.92858
9.23298
8.49217
7.70029
6.85745
5.97533
5.07873
4.20411
3.39042
15.2295
14.9427
14.61
14.236
13.8201
13.3629
12.8671
12.3358
11.7719
11.1775
10.5527
9.89559
9.20225
8.46864
7.69294
6.87889
6.0389
5.19517
4.37824
3.62206
2.96159
2.41415
1.97508
1.66406
1.46365
1.34825
1.29168
1.26937
1.26014
1.24774
1.22135
1.17449
1.10443
1.01073
0.895513
0.759804
0.609815
0.442533
0.274041
0.0840916
2.67725
2.09364
1.68211
1.40167
1.23684
1.1626
1.1514
1.17361
1.20334
1.22235
1.21937
1.18856
1.12824
1.03925
0.924817
0.787121
0.632745
0.460478
0.284547
0.0892922
2.28721
1.72015
1.31515
1.07579
0.969196
0.958285
1.0066
1.08081
1.15247
1.20276
1.22122
1.20374
1.15087
1.06524
0.951201
0.8115
0.653518
0.476769
0.29475
0.0954254
1.56864
0.972665
0.637087
0.503598
0.509078
0.611445
0.769572
0.942942
1.09509
1.20331
1.25928
1.26297
1.21806
1.13205
1.01205
0.863431
0.693938
0.507217
0.310396
0.105042
0.993404
0.307735
-0.00150517
-0.0375973
0.0547116
0.230805
0.468516
0.72588
0.954539
1.11893
1.21124
1.2374
1.20674
1.12816
1.01115
0.865194
0.696496
0.514479
0.315422
0.11264
0.993405
0.307735
-0.0015047
-0.0375969
0.054712
0.230806
0.468517
0.72588
0.954539
1.11893
1.21124
1.2374
1.20674
1.12816
1.01115
0.865194
0.696496
0.514479
0.315423
0.11264
1.56864
0.972667
0.637088
0.503599
0.509079
0.611446
0.769572
0.942943
1.09509
1.20331
1.25928
1.26297
1.21806
1.13205
1.01205
0.863431
0.693938
0.507217
0.310396
0.105042
2.28722
1.72015
1.31515
1.07579
0.969197
0.958287
1.00661
1.08081
1.15247
1.20276
1.22122
1.20375
1.15087
1.06524
0.951201
0.811501
0.653519
0.476769
0.294751
0.0954255
2.67725
2.09364
1.68211
1.40168
1.23684
1.1626
1.1514
1.17361
1.20334
1.22235
1.21937
1.18856
1.12824
1.03925
0.924817
0.787121
0.632745
0.460478
0.284547
0.0892922
2.96159
2.41415
1.97508
1.66406
1.46366
1.34825
1.29168
1.26937
1.26014
1.24774
1.22135
1.17449
1.10443
1.01073
0.895514
0.759804
0.609815
0.442533
0.274041
0.0840916
15.2295
14.9427
14.61
14.236
13.8201
13.3629
12.8671
12.3358
11.7719
11.1775
10.5527
9.89559
9.20225
8.46864
7.69294
6.87889
6.0389
5.19517
4.37824
3.62206
15.3102
15.0222
14.6883
14.3113
13.8907
13.427
12.9233
12.3838
11.8128
11.2137
10.5867
9.92858
9.23298
8.49217
7.70029
6.85745
5.97532
5.07873
4.20411
3.39042
15.4596
15.1707
14.8346
14.4529
14.0245
13.5499
13.034
12.4845
11.9107
11.3195
10.7115
10.0801
9.41044
8.68158
7.87181
6.96923
5.98469
4.95548
3.95051
3.04174
15.6365
15.3481
15.012
14.627
14.1898
13.6995
13.1606
12.5853
11.9891
11.3835
10.7711
10.1439
9.48188
8.75482
7.92577
6.9603
5.85466
4.66163
3.47168
2.40285
15.7889
15.5019
15.1696
14.7859
14.3439
13.8412
13.2878
12.7011
12.1101
11.5272
10.9606
10.4077
9.83829
9.1976
8.41246
7.38948
6.12407
4.70048
3.28278
2.01204
15.7889
15.5019
15.1696
14.7859
14.3439
13.8412
13.2878
12.7011
12.1101
11.5272
10.9606
10.4077
9.83829
9.1976
8.41246
7.38948
6.12407
4.70048
3.28278
2.01204
15.6365
15.3481
15.012
14.627
14.1898
13.6995
13.1606
12.5853
11.9891
11.3835
10.7711
10.1439
9.48188
8.75482
7.92578
6.96031
5.85466
4.66163
3.47168
2.40285
15.4596
15.1707
14.8346
14.4529
14.0245
13.5499
13.034
12.4845
11.9107
11.3195
10.7115
10.0801
9.41044
8.68158
7.87181
6.96923
5.98469
4.95548
3.95051
3.04174
15.3102
15.0222
14.6883
14.3113
13.8907
13.427
12.9233
12.3838
11.8128
11.2137
10.5867
9.92858
9.23298
8.49217
7.70029
6.85745
5.97533
5.07873
4.20411
3.39043
15.2295
14.9427
14.61
14.236
13.8201
13.3629
12.8671
12.3358
11.7719
11.1775
10.5527
9.89559
9.20225
8.46864
7.69294
6.87889
6.0389
5.19517
4.37824
3.62206
2.96159
2.41415
1.97508
1.66406
1.46366
1.34825
1.29168
1.26937
1.26014
1.24774
1.22135
1.17449
1.10443
1.01073
0.895514
0.759804
0.609815
0.442533
0.274041
0.0840916
2.67725
2.09364
1.68211
1.40167
1.23684
1.1626
1.1514
1.17361
1.20334
1.22235
1.21937
1.18856
1.12824
1.03925
0.924817
0.787121
0.632745
0.460478
0.284547
0.0892922
2.28722
1.72015
1.31515
1.07579
0.969198
0.958287
1.00661
1.08081
1.15247
1.20276
1.22122
1.20375
1.15087
1.06524
0.951201
0.8115
0.653519
0.476769
0.294751
0.0954255
1.56864
0.972668
0.637089
0.503599
0.50908
0.611447
0.769573
0.942943
1.09509
1.20331
1.25928
1.26297
1.21806
1.13205
1.01205
0.863431
0.693938
0.507217
0.310396
0.105042
0.99341
0.307738
-0.00150339
-0.0375955
0.0547136
0.230807
0.468519
0.725882
0.95454
1.11893
1.21124
1.2374
1.20674
1.12816
1.01115
0.865194
0.696496
0.51448
0.315423
0.11264
0.99341
0.307738
-0.00150304
-0.0375952
0.054714
0.230808
0.468519
0.725882
0.95454
1.11893
1.21124
1.2374
1.20674
1.12816
1.01115
0.865194
0.696496
0.51448
0.315423
0.11264
1.56865
0.972669
0.63709
0.5036
0.509081
0.611448
0.769574
0.942944
1.09509
1.20331
1.25928
1.26297
1.21806
1.13205
1.01205
0.863431
0.693939
0.507217
0.310396
0.105042
2.28722
1.72015
1.31515
1.07579
0.969199
0.958288
1.00661
1.08082
1.15248
1.20276
1.22123
1.20375
1.15087
1.06524
0.951201
0.811501
0.653519
0.476769
0.294751
0.0954255
2.67725
2.09364
1.68211
1.40168
1.23684
1.1626
1.1514
1.17361
1.20334
1.22235
1.21937
1.18856
1.12824
1.03925
0.924817
0.787121
0.632745
0.460478
0.284547
0.0892922
2.96159
2.41415
1.97508
1.66406
1.46366
1.34825
1.29168
1.26937
1.26014
1.24774
1.22135
1.17449
1.10443
1.01073
0.895514
0.759805
0.609815
0.442533
0.274041
0.0840916
)
;
    }
}


// ************************************************************************* //
