/*--------------------------------*- C++ -*----------------------------------*\
| =========                 |                                                 |
| \\      /  F ield         | OpenFOAM: The Open Source CFD Toolbox           |
|  \\    /   O peration     | Version:  2412                                  |
|   \\  /    A nd           | Website:  www.openfoam.com                      |
|    \\/     M anipulation  |                                                 |
\*---------------------------------------------------------------------------*/
FoamFile
{
    version     2.0;
    format      ascii;
    arch        "LSB;label=32;scalar=64";
    class       surfaceScalarField;
    location    "0.02";
    object      phi;
}
// * * * * * * * * * * * * * * * * * * * * * * * * * * * * * * * * * * * * * //

dimensions      [0 3 -1 0 0 0 0];

oriented        oriented;

internalField   nonuniform List<scalar> 
2700
(
-7.19907e-09
-7.16263e-09
1.43294e-08
-1.16825e-08
-7.29583e-09
1.17473e-08
-1.17304e-08
-7.51329e-09
7.53051e-09
-7.29022e-09
-7.73461e-09
3.26556e-09
-3.08586e-11
-7.87491e-09
5.88415e-10
7.23127e-09
-7.87499e-09
5.86828e-10
1.16797e-08
-7.73482e-09
3.26086e-09
1.16445e-08
-7.51365e-09
7.52394e-09
7.17695e-09
-7.29609e-09
1.17381e-08
-7.16335e-09
1.43216e-08
-7.33228e-09
-1.16139e-08
1.17492e-08
-1.19006e-08
-1.18318e-08
9.07026e-09
-1.19517e-08
-1.21876e-08
4.6927e-09
-7.42966e-09
-1.255e-08
2.62267e-10
-3.10645e-11
-1.27799e-08
-2.52304e-09
7.37019e-09
-1.27799e-08
-2.52472e-09
1.19002e-08
-1.25501e-08
2.57246e-10
1.18616e-08
-1.2188e-08
4.68554e-09
7.30924e-09
-1.1832e-08
9.06019e-09
-1.16159e-08
1.17404e-08
-7.54989e-09
-1.16337e-08
7.53365e-09
-1.22566e-08
-1.18549e-08
4.694e-09
-1.23132e-08
-1.22164e-08
5.07486e-11
-7.65703e-09
-1.25844e-08
-4.65469e-09
-3.0736e-11
-1.28183e-08
-7.61922e-09
7.59845e-09
-1.28187e-08
-7.62088e-09
1.2263e-08
-1.25853e-08
-4.65957e-09
1.22196e-08
-1.2218e-08
4.3589e-11
7.52839e-09
-1.18561e-08
4.68458e-09
-1.1637e-08
7.52511e-09
-7.77088e-09
-7.18155e-09
3.27499e-09
-1.26187e-08
-7.32063e-09
2.69981e-10
-1.26812e-08
-7.54812e-09
-4.6483e-09
-7.88928e-09
-7.78004e-09
-9.63707e-09
-3.15872e-11
-7.92771e-09
-1.27875e-08
7.82869e-09
-7.92794e-09
-1.27893e-08
1.26282e-08
-7.7806e-09
-9.64215e-09
1.25779e-08
-7.54932e-09
-4.65574e-09
7.74599e-09
-7.32169e-09
2.598e-10
-7.18588e-09
3.26565e-09
-7.9116e-09
8.42084e-11
5.99663e-10
-1.2849e-08
8.4422e-11
-2.51352e-09
-1.29152e-08
8.44011e-11
-7.61109e-09
-8.03688e-09
8.44291e-11
-1.27858e-08
-3.12501e-11
8.42457e-11
-1.60589e-08
7.97737e-09
8.37785e-11
-1.60607e-08
1.28643e-08
8.31642e-11
-1.27908e-08
1.28115e-08
8.21724e-11
-7.61843e-09
7.88941e-09
8.26085e-11
-2.52273e-09
7.98747e-11
5.90856e-10
-7.91112e-09
7.33352e-09
6.05924e-10
-1.28487e-08
7.47322e-09
-2.50713e-09
-1.29152e-08
7.70085e-09
-7.60469e-09
-8.03734e-09
7.93289e-09
-1.27794e-08
-3.24273e-11
8.08048e-09
-1.60525e-08
7.97509e-09
8.08035e-09
-1.60544e-08
1.28605e-08
7.93257e-09
-1.27846e-08
1.28061e-08
7.70002e-09
-7.61255e-09
7.88454e-09
7.47251e-09
-2.51727e-09
7.32964e-09
5.95955e-10
-7.77132e-09
1.1766e-08
3.28126e-09
-1.26192e-08
1.19875e-08
2.76271e-10
-1.26815e-08
1.23491e-08
-4.64211e-09
-7.88968e-09
1.27174e-08
-9.63083e-09
-3.19752e-11
1.29512e-08
-1.27813e-08
7.82874e-09
1.29511e-08
-1.27831e-08
1.26292e-08
1.27169e-08
-9.63576e-09
1.25802e-08
1.23481e-08
-4.6497e-09
7.74775e-09
1.19871e-08
2.6713e-10
1.17638e-08
3.27218e-09
-7.54943e-09
1.1701e-08
7.54936e-09
-1.22562e-08
1.19191e-08
4.70998e-09
-1.23132e-08
1.22753e-08
6.66443e-11
-7.65789e-09
1.26381e-08
-4.63856e-09
-3.26782e-11
1.28683e-08
-7.60312e-09
7.59517e-09
1.28686e-08
-7.60491e-09
1.22581e-08
1.26388e-08
-4.64357e-09
1.22133e-08
1.22764e-08
5.86758e-11
7.52233e-09
1.19204e-08
4.70024e-09
1.17008e-08
7.53906e-09
-7.33221e-09
7.20399e-09
1.17658e-08
-1.19005e-08
7.33706e-09
9.08707e-09
-1.19516e-08
7.55476e-09
4.70943e-09
-7.43005e-09
7.77642e-09
2.79278e-10
-3.21523e-11
7.91705e-09
-2.50599e-09
7.36859e-09
7.91729e-09
-2.50776e-09
1.18983e-08
7.77706e-09
2.74344e-10
1.18598e-08
7.55591e-09
4.70159e-09
7.30689e-09
7.3383e-09
9.0775e-09
7.2048e-09
1.1756e-08
-7.19894e-09
1.43467e-08
-1.16821e-08
1.17651e-08
-1.17298e-08
7.54826e-09
-7.29027e-09
3.28392e-09
-3.1957e-11
6.07053e-10
7.22904e-09
6.05589e-10
1.16761e-08
3.28002e-09
1.16408e-08
7.54171e-09
7.17248e-09
1.17576e-08
1.43401e-08
-7.79309e-09
-7.75646e-09
2.98471e-08
-1.265e-08
-7.91146e-09
2.44837e-08
-1.27064e-08
-8.16531e-09
1.57212e-08
-7.90018e-09
-8.42411e-09
6.85357e-09
-3.12572e-11
-8.58883e-09
1.27957e-09
7.84051e-09
-8.58893e-09
1.27552e-09
1.26548e-08
-8.42437e-09
6.84172e-09
1.26121e-08
-8.16573e-09
1.57027e-08
7.77246e-09
-7.91164e-09
2.446e-08
-7.75786e-09
2.98202e-08
-7.94816e-09
-1.25812e-08
2.44878e-08
-1.29041e-08
-1.28349e-08
1.89154e-08
-1.29649e-08
-1.32508e-08
9.80552e-09
-8.06348e-09
-1.3675e-08
5.79719e-10
-3.14941e-11
-1.39453e-08
-5.22935e-09
8.00325e-09
-1.39454e-08
-5.23335e-09
1.29124e-08
-1.36752e-08
5.68117e-10
1.2865e-08
-1.32512e-08
9.78738e-09
7.92615e-09
-1.2835e-08
1.88921e-08
-1.25837e-08
2.44614e-08
-8.20206e-09
-1.26096e-08
1.57284e-08
-1.33201e-08
-1.28676e-08
9.80862e-09
-1.33879e-08
-1.32906e-08
1.23227e-10
-8.3304e-09
-1.37223e-08
-9.69878e-09
-3.11505e-11
-1.39979e-08
-1.58984e-08
8.27111e-09
-1.39983e-08
-1.59023e-08
1.33371e-08
-1.37233e-08
-9.71016e-09
1.32829e-08
-1.32924e-08
1.06051e-10
8.18134e-09
-1.28685e-08
9.78655e-09
-1.26133e-08
1.57029e-08
-8.46039e-09
-7.79145e-09
6.87388e-09
-1.3744e-08
-7.95397e-09
5.9604e-10
-1.38196e-08
-8.22098e-09
-9.68554e-09
-8.60359e-09
-8.49382e-09
-2.01235e-08
-3.20305e-11
-8.66842e-09
-2.67292e-08
8.54221e-09
-8.66865e-09
-2.67332e-08
1.37658e-08
-8.49438e-09
-2.01352e-08
1.37029e-08
-8.22229e-09
-9.70374e-09
8.43605e-09
-7.95479e-09
5.73003e-10
-7.79632e-09
6.84706e-09
-8.6253e-09
8.38871e-11
1.30447e-09
-1.40146e-08
8.45121e-11
-5.20857e-09
-1.40953e-08
8.45359e-11
-1.58809e-08
-8.7781e-09
8.45959e-11
-2.6725e-08
-3.1669e-11
8.44202e-11
-3.36002e-08
8.71782e-09
8.39486e-11
-3.36041e-08
1.40438e-08
8.3353e-11
-2.67364e-08
1.39767e-08
8.22689e-11
-1.58984e-08
8.60352e-09
8.30751e-11
-5.23015e-09
7.89527e-11
1.27906e-09
-8.62464e-09
7.94257e-09
1.31712e-09
-1.4014e-08
8.10651e-09
-5.19559e-09
-1.40952e-08
8.37375e-09
-1.58678e-08
-8.77856e-09
8.64679e-09
-2.67118e-08
-3.28765e-11
8.82131e-09
-3.3587e-08
8.7155e-09
8.82119e-09
-3.35911e-08
1.40399e-08
8.64651e-09
-2.67236e-08
1.3971e-08
8.37294e-09
-1.58861e-08
8.59806e-09
8.10612e-09
-5.21853e-09
7.938e-09
1.28966e-09
-8.46024e-09
1.27412e-08
6.88712e-09
-1.3744e-08
1.30002e-08
6.095e-10
-1.38198e-08
1.34234e-08
-9.67217e-09
-8.60396e-09
1.38554e-08
-2.01102e-08
-3.23814e-11
1.4131e-08
-2.67159e-08
8.54226e-09
1.41309e-08
-2.67198e-08
1.3767e-08
1.3855e-08
-2.01215e-08
1.37046e-08
1.34225e-08
-9.68968e-09
8.43641e-09
1.30001e-08
5.88324e-10
1.27384e-08
6.86115e-09
-8.20069e-09
1.26659e-08
1.57619e-08
-1.3319e-08
1.29208e-08
9.84277e-09
-1.33878e-08
1.33371e-08
1.57533e-10
-8.33119e-09
1.37619e-08
-9.66442e-09
-3.30847e-11
1.40326e-08
-1.5864e-08
8.26773e-09
1.40328e-08
-1.5868e-08
1.33322e-08
1.37627e-08
-9.67601e-09
1.32753e-08
1.33382e-08
1.39611e-10
8.17286e-09
1.29224e-08
9.82056e-09
1.26651e-08
1.57342e-08
-7.94698e-09
7.79408e-09
2.45223e-08
-1.29032e-08
7.94984e-09
1.89505e-08
-1.29646e-08
8.20411e-09
9.84083e-09
-8.06382e-09
8.46338e-09
6.15301e-10
-3.25554e-11
8.62853e-09
-5.19358e-09
8.00159e-09
8.62888e-09
-5.19744e-09
1.29108e-08
8.46435e-09
6.04202e-10
1.28618e-08
8.20567e-09
9.82371e-09
7.92092e-09
7.95206e-09
1.89297e-08
7.79505e-09
2.44964e-08
-7.791e-09
2.9885e-08
-1.26481e-08
2.45229e-08
-1.27054e-08
1.57607e-08
-7.89999e-09
6.89333e-09
-3.21832e-11
1.31959e-09
7.8383e-09
1.31555e-09
1.26516e-08
6.8816e-09
1.26058e-08
1.57425e-08
7.76327e-09
2.45009e-08
2.98555e-08
-9.01796e-09
-8.98027e-09
4.78101e-08
-1.46477e-08
-9.1829e-09
3.92616e-08
-1.47245e-08
-9.51512e-09
2.52801e-08
-9.16242e-09
-9.85484e-09
1.11157e-08
-3.23071e-11
-1.00726e-08
2.19366e-09
9.10076e-09
-1.00726e-08
2.18841e-09
1.46716e-08
-9.85506e-09
1.11003e-08
1.46081e-08
-9.51552e-09
2.52574e-08
8.99385e-09
-9.18321e-09
3.92321e-08
-8.9807e-09
4.77807e-08
-9.22058e-09
-1.45766e-08
3.92675e-08
-1.49801e-08
-1.4909e-08
3.03643e-08
-1.50633e-08
-1.54545e-08
1.57929e-08
-9.37736e-09
-1.60128e-08
1.01872e-09
-3.25234e-11
-1.63709e-08
-8.30668e-09
9.31515e-09
-1.6371e-08
-8.31208e-09
1.50095e-08
-1.60129e-08
1.0029e-09
1.49396e-08
-1.5455e-08
1.57692e-08
9.19585e-09
-1.49094e-08
3.03336e-08
-1.45783e-08
3.92364e-08
-9.55303e-09
-1.46241e-08
2.52896e-08
-1.55258e-08
-1.49629e-08
1.57966e-08
-1.56199e-08
-1.55195e-08
2.45033e-10
-9.73017e-09
-1.60892e-08
-1.55472e-08
-3.21685e-11
-1.64557e-08
-2.55447e-08
9.66886e-09
-1.64561e-08
-2.555e-08
1.55675e-08
-1.60902e-08
-1.55627e-08
1.54874e-08
-1.55211e-08
2.21864e-10
9.53011e-09
-1.49642e-08
1.57672e-08
-1.46271e-08
2.526e-08
-9.89248e-09
-9.04943e-09
1.11443e-08
-1.60839e-08
-9.26423e-09
1.0417e-09
-1.61896e-08
-9.6172e-09
-1.55279e-08
-1.00924e-08
-9.97907e-09
-3.23744e-08
-3.30677e-11
-1.02126e-08
-4.30732e-08
1.0029e-08
-1.02128e-08
-4.30787e-08
1.61343e-08
-9.97967e-09
-3.23904e-08
1.60414e-08
-9.61842e-09
-1.55521e-08
9.86625e-09
-9.26553e-09
1.01073e-09
-9.05366e-09
1.11124e-08
-1.01108e-08
8.74901e-11
2.22793e-09
-1.64426e-08
8.75124e-11
-8.27828e-09
-1.65562e-08
8.74577e-11
-2.55202e-08
-1.03258e-08
8.74831e-11
-4.30681e-08
-3.27108e-11
8.729e-11
-5.42371e-08
1.02636e-08
8.6806e-11
-5.42427e-08
1.65031e-08
8.61832e-11
-4.30839e-08
1.64035e-08
8.51813e-11
-2.55438e-08
1.00876e-08
8.55823e-11
-8.30747e-09
8.33509e-11
2.19804e-09
-1.01104e-08
9.20732e-09
2.2467e-09
-1.64422e-08
9.42236e-09
-8.25915e-09
-1.65561e-08
9.7754e-09
-2.55009e-08
-1.03262e-08
1.01374e-08
-4.30487e-08
-3.39495e-11
1.03708e-08
-5.42178e-08
1.02611e-08
1.03706e-08
-5.42236e-08
1.6499e-08
1.01371e-08
-4.30651e-08
1.6398e-08
9.77451e-09
-2.55259e-08
1.00829e-08
9.42137e-09
-8.29039e-09
9.20359e-09
2.21379e-09
-9.89334e-09
1.47615e-08
1.11631e-08
-1.60846e-08
1.51003e-08
1.06045e-09
-1.619e-08
1.5657e-08
-1.55094e-08
-1.00928e-08
1.6227e-08
-3.23559e-08
-3.34481e-11
1.65934e-08
-4.30548e-08
1.00291e-08
1.65932e-08
-4.30604e-08
1.61354e-08
1.62265e-08
-3.23717e-08
1.60441e-08
1.56561e-08
-1.55334e-08
9.86926e-09
1.50999e-08
1.03117e-09
1.47596e-08
1.11327e-08
-9.55313e-09
1.46677e-08
2.53372e-08
-1.55257e-08
1.5e-08
1.58447e-08
-1.562e-08
1.55458e-08
2.93337e-10
-9.73108e-09
1.61046e-08
-1.54986e-08
-3.41811e-11
1.64631e-08
-2.54963e-08
9.6655e-09
1.64634e-08
-2.55019e-08
1.55624e-08
1.61053e-08
-1.55145e-08
1.54811e-08
1.5547e-08
2.6849e-10
9.52559e-09
1.50011e-08
1.58141e-08
1.46679e-08
2.53042e-08
-9.22123e-09
9.02559e-09
3.93163e-08
-1.49803e-08
9.22754e-09
3.04134e-08
-1.50632e-08
9.55991e-09
1.58421e-08
-9.37774e-09
9.89996e-09
1.0687e-09
-3.35955e-11
1.0118e-08
-8.2567e-09
9.31358e-09
1.01183e-08
-8.26219e-09
1.50075e-08
9.90061e-09
1.05319e-09
1.49381e-08
9.56109e-09
1.5818e-08
9.19569e-09
9.22864e-09
3.03836e-08
9.02711e-09
3.92846e-08
-9.01909e-09
4.78659e-08
-1.46479e-08
3.93175e-08
-1.47239e-08
2.53363e-08
-9.16244e-09
1.11731e-08
-3.34264e-11
2.25168e-09
9.09844e-09
2.24661e-09
1.46678e-08
1.1159e-08
1.46049e-08
2.53138e-08
8.99309e-09
3.92901e-08
4.78386e-08
-1.09748e-08
-1.09364e-08
6.9687e-08
-1.7838e-08
-1.12188e-08
5.73092e-08
-1.79485e-08
-1.16842e-08
3.70412e-08
-1.11815e-08
-1.21618e-08
1.64783e-08
-3.36386e-11
-1.24704e-08
3.48537e-09
1.11174e-08
-1.24705e-08
3.4775e-09
1.7893e-08
-1.2162e-08
1.64555e-08
1.77975e-08
-1.16846e-08
3.70057e-08
1.09534e-08
-1.12188e-08
5.72645e-08
-1.09379e-08
6.96357e-08
-1.12572e-08
-1.77661e-08
5.73176e-08
-1.83031e-08
-1.82308e-08
4.43853e-08
-1.84242e-08
-1.89971e-08
2.3191e-08
-1.14848e-08
-1.97841e-08
1.66733e-09
-3.38861e-11
-2.02935e-08
-1.19674e-08
1.14201e-08
-2.02935e-08
-1.19752e-08
1.83678e-08
-1.97842e-08
1.64479e-09
1.82613e-08
-1.89975e-08
2.31559e-08
1.12343e-08
-1.82306e-08
4.43412e-08
-1.77688e-08
5.72672e-08
-1.17227e-08
-1.78468e-08
3.70547e-08
-1.90695e-08
-1.83219e-08
2.31958e-08
-1.92086e-08
-1.91063e-08
4.5549e-10
-1.19849e-08
-1.99124e-08
-2.2679e-08
-3.34983e-11
-2.04357e-08
-3.73887e-08
1.19213e-08
-2.04361e-08
-3.73964e-08
1.91542e-08
-1.99134e-08
-2.27011e-08
1.90298e-08
-1.91082e-08
4.2178e-10
1.1701e-08
-1.83225e-08
2.31536e-08
-1.78506e-08
3.70062e-08
-1.21997e-08
-1.10677e-08
1.65184e-08
-1.98561e-08
-1.137e-08
1.69912e-09
-2.00147e-08
-1.18702e-08
-2.26519e-08
-1.25004e-08
-1.23854e-08
-4.74608e-08
-3.44548e-11
-1.27212e-08
-6.32971e-08
1.24345e-08
-1.27215e-08
-6.3305e-08
1.9957e-08
-1.2386e-08
-4.74836e-08
1.98123e-08
-1.18717e-08
-2.26872e-08
1.21742e-08
-1.13707e-08
1.65515e-09
-1.10729e-08
1.64674e-08
-1.25085e-08
8.75022e-11
3.53303e-09
-2.03658e-08
8.82832e-11
-1.19284e-08
-2.05381e-08
8.834e-11
-3.73548e-08
-1.28362e-08
8.84271e-11
-6.32905e-08
-3.40547e-11
8.82508e-11
-7.9893e-08
1.27715e-08
8.77569e-11
-7.99008e-08
2.04831e-08
8.71687e-11
-6.33128e-08
2.03255e-08
8.60056e-11
-3.73889e-08
1.24856e-08
8.70665e-11
-1.19701e-08
8.23e-11
3.48472e-09
-1.25076e-08
1.12245e-08
3.55893e-09
-2.03651e-08
1.15286e-08
-1.19018e-08
-2.0538e-08
1.20291e-08
-3.73279e-08
-1.28366e-08
1.25445e-08
-6.32635e-08
-3.53504e-11
1.28802e-08
-7.9866e-08
1.27689e-08
1.28801e-08
-7.98739e-08
2.04789e-08
1.25443e-08
-6.32865e-08
2.03194e-08
1.20283e-08
-3.73636e-08
1.24796e-08
1.15284e-08
-1.19459e-08
1.12195e-08
3.50695e-09
-1.21994e-08
1.79842e-08
1.65431e-08
-1.9856e-08
1.84606e-08
1.72401e-09
-2.00149e-08
1.92453e-08
-2.26272e-08
-1.25008e-08
2.00517e-08
-4.74362e-08
-3.47594e-11
2.05751e-08
-6.32726e-08
1.24347e-08
2.0575e-08
-6.32803e-08
1.99586e-08
2.00514e-08
-4.74586e-08
1.98141e-08
1.92444e-08
-2.26614e-08
1.21741e-08
1.84608e-08
1.68265e-09
1.79813e-08
1.6494e-08
-1.17208e-08
1.78536e-08
3.71208e-08
-1.90682e-08
1.83198e-08
2.32631e-08
-1.92084e-08
1.90867e-08
5.23048e-10
-1.19857e-08
1.98743e-08
-2.26113e-08
-3.54803e-11
2.03841e-08
-3.73209e-08
1.19177e-08
2.03844e-08
-3.73288e-08
1.91491e-08
1.98752e-08
-2.26339e-08
1.90216e-08
1.90879e-08
4.88133e-10
1.16913e-08
1.83217e-08
2.32201e-08
1.78524e-08
3.7069e-08
-1.12556e-08
1.09742e-08
5.73839e-08
-1.83018e-08
1.12578e-08
4.44525e-08
-1.84237e-08
1.17237e-08
2.32587e-08
-1.1485e-08
1.22019e-08
1.73551e-09
-3.48767e-11
1.2511e-08
-1.18989e-08
1.14184e-08
1.25114e-08
-1.19064e-08
1.83664e-08
1.22031e-08
1.71376e-09
1.82578e-08
1.17256e-08
2.32253e-08
1.12278e-08
1.12606e-08
4.4412e-08
1.09753e-08
5.73349e-08
-1.09717e-08
6.97629e-08
-1.78353e-08
5.73869e-08
-1.79471e-08
3.71196e-08
-1.11812e-08
1.65571e-08
-3.44083e-11
3.56456e-09
1.11152e-08
3.55675e-09
1.78899e-08
1.65344e-08
1.77903e-08
3.70846e-08
1.09419e-08
5.7344e-08
6.9708e-08
-1.38058e-08
-1.37657e-08
9.72205e-08
-2.24619e-08
-1.41743e-08
8.0102e-08
-2.26295e-08
-1.48493e-08
5.20225e-08
-1.41192e-08
-1.55446e-08
2.34801e-08
-3.561e-11
-1.59982e-08
5.37031e-09
1.40513e-08
-1.59982e-08
5.36141e-09
2.25715e-08
-1.55448e-08
2.34542e-08
2.24188e-08
-1.48497e-08
5.19839e-08
1.37795e-08
-1.41746e-08
8.00526e-08
-1.3766e-08
9.71706e-08
-1.42144e-08
-2.23863e-08
8.01126e-08
-2.3136e-08
-2.30603e-08
6.21535e-08
-2.3321e-08
-2.41752e-08
3.26641e-08
-1.45627e-08
-2.53245e-08
2.65388e-09
-3.58577e-11
-2.60758e-08
-1.64488e-08
1.44942e-08
-2.60758e-08
-1.64579e-08
2.32621e-08
-2.53246e-08
2.62736e-09
2.30918e-08
-2.41757e-08
3.26242e-08
1.41875e-08
-2.30608e-08
6.21025e-08
-2.23879e-08
8.00601e-08
-1.48897e-08
-2.25219e-08
5.20376e-08
-2.4251e-08
-2.32134e-08
3.26684e-08
-2.44665e-08
-2.43589e-08
8.14459e-10
-1.52977e-08
-2.55406e-08
-3.16693e-08
-3.54407e-11
-2.63161e-08
-5.24456e-08
1.52303e-08
-2.63166e-08
-5.24547e-08
2.44092e-08
-2.55417e-08
-3.16954e-08
2.42093e-08
-2.43606e-08
7.75367e-10
1.48649e-08
-2.32147e-08
3.26191e-08
-2.25249e-08
5.19877e-08
-1.55846e-08
-1.39983e-08
2.35287e-08
-2.54001e-08
-1.44417e-08
2.69237e-09
-2.56481e-08
-1.5177e-08
-3.16349e-08
-1.60585e-08
-1.59374e-08
-6.67001e-08
-3.64591e-11
-1.64393e-08
-8.92398e-08
1.59887e-08
-1.64395e-08
-8.92492e-08
2.55876e-08
-1.59381e-08
-6.67271e-08
2.5354e-08
-1.51783e-08
-3.16756e-08
1.55562e-08
-1.44431e-08
2.64084e-09
-1.40026e-08
2.34751e-08
-1.6039e-08
9.32207e-11
5.42609e-09
-2.61521e-08
9.32063e-11
-1.64038e-08
-2.64239e-08
9.31457e-11
-5.24051e-08
-1.65602e-08
9.31814e-11
-8.92341e-08
-3.60587e-11
9.29708e-11
-1.12996e-07
1.64918e-08
9.24591e-11
-1.13005e-07
2.6366e-08
9.18231e-11
-8.9261e-08
2.61099e-08
9.07828e-11
-5.24451e-08
1.60141e-08
9.12034e-11
-1.6453e-08
8.90437e-11
5.37592e-09
-1.60385e-08
1.41657e-08
5.45925e-09
-2.61516e-08
1.46093e-08
-1.63698e-08
-2.64239e-08
1.53446e-08
-5.23708e-08
-1.65608e-08
1.61052e-08
-8.91996e-08
-3.74169e-11
1.66068e-08
-1.12962e-07
1.64892e-08
1.66067e-08
-1.12972e-07
2.63615e-08
1.61049e-08
-8.92276e-08
2.61038e-08
1.53438e-08
-5.24131e-08
1.60089e-08
1.46082e-08
-1.6422e-08
1.4162e-08
5.40426e-09
-1.55857e-08
2.26683e-08
2.35576e-08
-2.5401e-08
2.33598e-08
2.72106e-09
-2.56487e-08
2.45056e-08
-3.16067e-08
-1.6059e-08
2.56876e-08
-6.66722e-08
-3.68008e-11
2.64632e-08
-8.92123e-08
1.59891e-08
2.6463e-08
-8.92219e-08
2.55891e-08
2.56873e-08
-6.6699e-08
2.53572e-08
2.45048e-08
-3.16473e-08
1.55601e-08
2.33595e-08
2.67153e-09
2.26666e-08
2.35066e-08
-1.48898e-08
2.24833e-08
5.21182e-08
-2.42509e-08
2.3157e-08
3.27501e-08
-2.44666e-08
2.42722e-08
8.96575e-10
-1.52987e-08
2.54222e-08
-3.15869e-08
-3.7564e-11
2.6174e-08
-5.23636e-08
1.52268e-08
2.61743e-08
-5.23732e-08
2.44037e-08
2.54231e-08
-3.16139e-08
2.42026e-08
2.42736e-08
8.54855e-10
1.48605e-08
2.31583e-08
3.26988e-08
2.24838e-08
5.20634e-08
-1.42151e-08
1.38148e-08
8.01924e-08
-2.31362e-08
1.42225e-08
6.22338e-08
-2.33207e-08
1.48977e-08
3.27446e-08
-1.4563e-08
1.55933e-08
2.73532e-09
-3.68629e-11
1.60474e-08
-1.63676e-08
1.44927e-08
1.60477e-08
-1.63769e-08
2.326e-08
1.55941e-08
2.70898e-09
2.30906e-08
1.4899e-08
3.27038e-08
1.4188e-08
1.42237e-08
6.21835e-08
1.38167e-08
8.01392e-08
-1.38072e-08
9.73145e-08
-2.24622e-08
8.01965e-08
-2.26288e-08
5.21175e-08
-1.41191e-08
2.35765e-08
-3.66699e-11
5.46743e-09
1.4049e-08
5.45866e-09
2.25674e-08
2.3552e-08
2.24159e-08
5.2079e-08
1.37798e-08
8.01492e-08
9.72675e-08
-1.77285e-08
-1.76871e-08
1.32597e-07
-2.88733e-08
-1.8286e-08
1.09494e-07
-2.9129e-08
-1.92807e-08
7.15211e-08
-1.82089e-08
-2.0309e-08
3.28331e-08
-3.79976e-11
-2.09872e-08
8.15301e-09
1.81365e-08
-2.09874e-08
8.14144e-09
2.90667e-08
-2.03092e-08
3.27996e-08
2.88281e-08
-1.9281e-08
7.14692e-08
1.77049e-08
-1.82858e-08
1.09429e-07
-1.76887e-08
1.32523e-07
-1.83274e-08
-2.87957e-08
1.09507e-07
-2.9865e-08
-2.97869e-08
8.51507e-08
-3.01504e-08
-3.14349e-08
4.50634e-08
-1.88682e-08
-3.31406e-08
4.16499e-09
-3.82457e-11
-3.42686e-08
-2.20334e-08
1.87953e-08
-3.42687e-08
-2.20449e-08
3.00872e-08
-3.31406e-08
4.13162e-09
2.98184e-08
-3.14352e-08
4.50118e-08
1.83022e-08
-2.97864e-08
8.50864e-08
-2.87981e-08
1.09433e-07
-1.93221e-08
-2.90185e-08
7.154e-08
-3.15131e-08
-3.00392e-08
4.50689e-08
-3.18506e-08
-3.17394e-08
1.4145e-09
-1.99673e-08
-3.35006e-08
-4.32326e-08
-3.77953e-11
-3.46712e-08
-7.20102e-08
1.98956e-08
-3.46717e-08
-7.20216e-08
3.17896e-08
-3.35017e-08
-4.32654e-08
3.14689e-08
-3.17414e-08
1.36457e-09
1.92983e-08
-3.00397e-08
4.50071e-08
-2.90227e-08
7.14703e-08
-2.03498e-08
-1.80851e-08
3.28936e-08
-3.32183e-08
-1.87434e-08
4.21271e-09
-3.36118e-08
-1.98427e-08
-4.31901e-08
-2.111e-08
-2.0985e-08
-9.17679e-08
-3.88946e-11
-2.17499e-08
-1.2328e-07
2.10358e-08
-2.17502e-08
-1.23292e-07
3.35473e-08
-2.09857e-08
-9.18019e-08
3.31698e-08
-1.98442e-08
-4.32425e-08
2.03219e-08
-1.87439e-08
4.14817e-09
-1.80903e-08
3.2818e-08
-2.10283e-08
9.42327e-11
8.22222e-09
-3.43468e-08
9.51319e-11
-2.19775e-08
-3.47827e-08
9.52036e-11
-7.19603e-08
-2.18748e-08
9.5318e-11
-1.23273e-07
-3.84529e-11
9.51195e-11
-1.56724e-07
2.1802e-08
9.45822e-11
-1.56736e-07
3.47212e-08
9.40024e-11
-1.23306e-07
3.43023e-08
9.27496e-11
-7.2011e-08
2.10033e-08
9.40069e-11
-2.20391e-08
8.86218e-11
8.15261e-09
-2.10272e-08
1.82534e-08
8.26301e-09
-3.4346e-08
1.89137e-08
-2.19354e-08
-3.47825e-08
2.00133e-08
-7.19178e-08
-2.18753e-08
2.1156e-08
-1.2323e-07
-3.99081e-11
2.19207e-08
-1.56681e-07
2.17991e-08
2.19206e-08
-1.56693e-07
3.47165e-08
2.11559e-08
-1.23265e-07
3.42956e-08
2.00126e-08
-7.19708e-08
2.09967e-08
1.89137e-08
-2.20003e-08
1.82484e-08
8.18661e-09
-2.03494e-08
2.91667e-08
3.29283e-08
-3.32183e-08
3.01889e-08
4.24749e-09
-3.36121e-08
3.18894e-08
-4.31558e-08
-2.11105e-08
3.36512e-08
-9.17339e-08
-3.91424e-11
3.48219e-08
-1.23246e-07
2.10363e-08
3.48219e-08
-1.23258e-07
3.35494e-08
3.36511e-08
-9.17673e-08
3.3172e-08
3.18887e-08
-4.32066e-08
2.03218e-08
3.01894e-08
4.1861e-09
2.91636e-08
3.28575e-08
-1.93199e-08
2.88896e-08
7.16404e-08
-3.15115e-08
2.98826e-08
4.51712e-08
-3.18502e-08
3.15313e-08
1.51696e-09
-1.99682e-08
3.32377e-08
-4.313e-08
-3.98787e-11
3.43664e-08
-7.19078e-08
1.9892e-08
3.43669e-08
-7.19194e-08
3.17842e-08
3.3239e-08
-4.31637e-08
3.14602e-08
3.15328e-08
1.465e-09
1.92874e-08
2.98848e-08
4.51076e-08
2.88885e-08
7.15649e-08
-1.83254e-08
1.77273e-08
1.09606e-07
-2.98634e-08
1.83276e-08
8.52507e-08
-3.01497e-08
1.93229e-08
4.51638e-08
-1.88683e-08
2.0352e-08
4.26586e-09
-3.91216e-11
2.10308e-08
-2.19322e-08
1.87937e-08
2.10313e-08
-2.19435e-08
3.00859e-08
2.03535e-08
4.23331e-09
2.98149e-08
1.9325e-08
4.51138e-08
1.82948e-08
1.83308e-08
8.51902e-08
1.77284e-08
1.09535e-07
-1.77247e-08
1.32712e-07
-2.88702e-08
1.09612e-07
-2.91272e-08
7.16394e-08
-1.82083e-08
3.2952e-08
-3.85862e-11
8.27225e-09
1.81345e-08
8.26078e-09
2.90636e-08
3.29185e-08
2.88204e-08
7.15877e-08
1.76918e-08
1.09549e-07
1.32634e-07
-2.30232e-08
-2.29796e-08
1.78558e-07
-3.75456e-08
-2.38643e-08
1.47839e-07
-3.79413e-08
-2.53397e-08
9.72175e-08
-2.37729e-08
-2.68711e-08
4.55011e-08
-4.07796e-11
-2.78938e-08
1.22843e-08
2.36953e-08
-2.78939e-08
1.22721e-08
3.78754e-08
-2.68713e-08
4.54657e-08
3.74972e-08
-2.53401e-08
9.71645e-08
2.29942e-08
-2.38648e-08
1.47772e-07
-2.29798e-08
1.78492e-07
-2.39079e-08
-3.74626e-08
1.47854e-07
-3.90145e-08
-3.89314e-08
1.1528e-07
-3.94604e-08
-4.13846e-08
6.15122e-08
-2.4761e-08
-4.3934e-08
6.49046e-09
-4.10999e-11
-4.56432e-08
-2.90379e-08
2.46826e-08
-4.56432e-08
-2.90505e-08
3.93933e-08
-4.39342e-08
6.45399e-09
3.89649e-08
-4.1385e-08
6.14573e-08
2.38782e-08
-3.89317e-08
1.1521e-07
-3.7464e-08
1.47782e-07
-2.53836e-08
-3.78231e-08
9.72374e-08
-4.14679e-08
-3.93421e-08
6.15177e-08
-4.20025e-08
-4.18843e-08
2.40451e-09
-2.64183e-08
-4.45294e-08
-5.82621e-08
-4.06134e-11
-4.63134e-08
-9.77544e-08
2.63413e-08
-4.63139e-08
-9.7767e-08
4.19374e-08
-4.45307e-08
-5.82981e-08
4.14212e-08
-4.18863e-08
2.35066e-09
2.53564e-08
-3.93437e-08
6.14505e-08
-3.78263e-08
9.71712e-08
-2.69145e-08
-2.36393e-08
4.55681e-08
-4.4017e-08
-2.46273e-08
6.54414e-09
-4.46474e-08
-2.62849e-08
-5.82136e-08
-2.81498e-08
-2.80161e-08
-1.2483e-07
-4.18395e-11
-2.9195e-08
-1.68553e-07
2.807e-08
-2.91954e-08
-1.68566e-07
4.45787e-08
-2.80169e-08
-1.24867e-07
4.39655e-08
-2.62864e-08
-5.82701e-08
2.68834e-08
-2.46286e-08
6.47287e-09
-2.36436e-08
4.54943e-08
-2.79384e-08
1.01611e-10
1.23601e-08
-4.57272e-08
1.01572e-10
-2.89764e-08
-4.64319e-08
1.01451e-10
-9.76987e-08
-2.93287e-08
1.01485e-10
-1.68546e-07
-4.1396e-11
1.01229e-10
-2.15355e-07
2.92504e-08
1.00674e-10
-2.15369e-07
4.63662e-08
1.00029e-10
-1.68584e-07
4.56802e-08
9.89084e-11
-9.77543e-08
2.79114e-08
9.93696e-11
-2.90438e-08
9.72352e-11
1.22936e-08
-2.79376e-08
2.38223e-08
1.24076e-08
-4.57265e-08
2.48106e-08
-2.89277e-08
-4.64318e-08
2.64683e-08
-9.76496e-08
-2.93292e-08
2.81994e-08
-1.68497e-07
-4.29353e-11
2.93781e-08
-2.15307e-07
2.92473e-08
2.9378e-08
-2.15321e-07
4.63611e-08
2.81993e-08
-1.68537e-07
4.56732e-08
2.64675e-08
-9.77085e-08
2.79055e-08
2.48096e-08
-2.89998e-08
2.38185e-08
1.23322e-08
-2.69158e-08
3.79829e-08
4.56079e-08
-4.40183e-08
3.95019e-08
6.58378e-09
-4.46483e-08
4.20444e-08
-5.81752e-08
-2.81505e-08
4.46898e-08
-1.24792e-07
-4.21426e-11
4.64739e-08
-1.68516e-07
2.80707e-08
4.64738e-08
-1.6853e-07
4.45808e-08
4.46897e-08
-1.24829e-07
4.39697e-08
4.20437e-08
-5.82316e-08
2.68881e-08
3.95016e-08
6.51581e-09
3.79811e-08
4.55399e-08
-2.53836e-08
3.7569e-08
9.73522e-08
-4.14677e-08
3.90377e-08
6.16342e-08
-4.20028e-08
4.14912e-08
2.5214e-09
-2.64196e-08
4.40417e-08
-5.81456e-08
-4.29258e-11
4.57515e-08
-9.76389e-08
2.63376e-08
4.57519e-08
-9.76524e-08
4.19317e-08
4.4043e-08
-5.81835e-08
4.14139e-08
4.14929e-08
2.46334e-09
2.53515e-08
3.90393e-08
6.15631e-08
3.75699e-08
9.72771e-08
-2.39087e-08
2.30336e-08
1.47967e-07
-3.90146e-08
2.39173e-08
1.15394e-07
-3.946e-08
2.53928e-08
6.16261e-08
-2.47614e-08
2.69247e-08
6.60545e-09
-4.20686e-11
2.79483e-08
-2.89239e-08
2.46814e-08
2.79486e-08
-2.89369e-08
3.93913e-08
2.69257e-08
6.56878e-09
3.89639e-08
2.53944e-08
6.15695e-08
2.38792e-08
2.39187e-08
1.15325e-07
2.30359e-08
1.47895e-07
-2.30247e-08
1.78692e-07
-3.75458e-08
1.47974e-07
-3.79404e-08
9.73526e-08
-2.37726e-08
4.56376e-08
-4.1783e-11
1.24215e-08
2.36929e-08
1.24093e-08
3.78712e-08
4.56033e-08
3.74943e-08
9.72992e-08
2.29949e-08
1.47909e-07
1.78628e-07
-3.00768e-08
-3.00315e-08
2.3862e-07
-4.91168e-08
-3.13386e-08
1.98172e-07
-4.97278e-08
-3.3531e-08
1.31314e-07
-3.12467e-08
-3.58163e-08
6.27938e-08
-4.42272e-11
-3.73654e-08
1.84082e-08
3.11627e-08
-3.73656e-08
1.83936e-08
4.96558e-08
-3.58165e-08
6.27516e-08
4.90649e-08
-3.35314e-08
1.31249e-07
3.00502e-08
-3.13382e-08
1.98091e-07
-3.0033e-08
2.38528e-07
-3.13839e-08
-4.90309e-08
1.98187e-07
-5.12957e-08
-5.12092e-08
1.55013e-07
-5.19917e-08
-5.48691e-08
8.34982e-08
-3.27325e-08
-5.86903e-08
1.00599e-08
-4.44992e-11
-6.12923e-08
-3.78405e-08
3.26477e-08
-6.12924e-08
-3.78551e-08
5.19187e-08
-5.86903e-08
1.00177e-08
5.12421e-08
-5.48693e-08
8.34332e-08
3.1355e-08
-5.12082e-08
1.54933e-07
-4.90333e-08
1.98094e-07
-3.35763e-08
-4.96057e-08
1.31338e-07
-5.49558e-08
-5.18686e-08
8.35063e-08
-5.58038e-08
-5.56808e-08
4.01433e-09
-3.52419e-08
-5.96653e-08
-7.78962e-08
-4.39674e-11
-6.24e-08
-1.31888e-07
3.51587e-08
-6.24006e-08
-1.31902e-07
5.57336e-08
-5.96666e-08
-7.7938e-08
5.49056e-08
-5.5683e-08
3.95119e-09
3.35499e-08
-5.1869e-08
8.34296e-08
-4.96095e-08
1.31252e-07
-3.58607e-08
-3.11085e-08
6.28701e-08
-5.87762e-08
-3.25927e-08
1.01214e-08
-5.97883e-08
-3.51025e-08
-7.78425e-08
-3.78775e-08
-3.77378e-08
-1.68728e-07
-4.53039e-11
-3.95694e-08
-2.29272e-07
3.77913e-08
-3.95698e-08
-2.29287e-07
5.97142e-08
-3.77387e-08
-1.68772e-07
5.87209e-08
-3.51041e-08
-7.79092e-08
3.5829e-08
-3.2593e-08
1.00397e-08
-3.11139e-08
6.27746e-08
-3.74101e-08
1.03201e-10
1.84964e-08
-6.13791e-08
1.04343e-10
-3.77674e-08
-6.25236e-08
1.04449e-10
-1.31824e-07
-3.97091e-08
1.046e-10
-2.29262e-07
-4.48212e-11
1.04346e-10
-2.94746e-07
3.96246e-08
1.03743e-10
-2.94761e-07
6.24531e-08
1.032e-10
-2.29305e-07
6.1329e-08
1.01813e-10
-1.31888e-07
3.73827e-08
1.03299e-10
-3.7844e-08
9.76464e-11
1.84102e-08
-3.74086e-08
3.12942e-08
1.85486e-08
-6.13779e-08
3.2781e-08
-3.77133e-08
-6.25233e-08
3.52912e-08
-1.31769e-07
-3.97097e-08
3.79269e-08
-2.29208e-07
-4.65221e-11
3.97583e-08
-2.94691e-07
3.96214e-08
3.97584e-08
-2.94706e-07
6.24477e-08
3.79271e-08
-2.29252e-07
6.13209e-08
3.52906e-08
-1.31837e-07
3.73743e-08
3.27814e-08
-3.77955e-08
3.12888e-08
1.84521e-08
-3.58602e-08
4.9768e-08
6.29166e-08
-5.87762e-08
5.20329e-08
1.01684e-08
-5.97888e-08
5.58453e-08
-7.77963e-08
-3.78782e-08
5.98308e-08
-1.68683e-07
-4.54794e-11
6.25657e-08
-2.29227e-07
3.77923e-08
6.25658e-08
-2.29242e-07
5.97171e-08
5.98309e-08
-1.68726e-07
5.87243e-08
5.58449e-08
-7.78612e-08
3.58298e-08
5.20337e-08
1.0092e-08
4.97651e-08
6.28284e-08
-3.35733e-08
4.91346e-08
1.31469e-07
-5.49539e-08
5.13153e-08
8.36406e-08
-5.58032e-08
5.49763e-08
4.14793e-09
-3.52428e-08
5.87982e-08
-7.77625e-08
-4.62165e-11
6.14013e-08
-1.31755e-07
3.51548e-08
6.14019e-08
-1.3177e-07
5.57278e-08
5.87999e-08
-7.78059e-08
5.4896e-08
5.49782e-08
4.08163e-09
3.35369e-08
5.13181e-08
8.35603e-08
4.91335e-08
1.31374e-07
-3.1381e-08
3.00748e-08
1.98319e-07
-5.12936e-08
3.13836e-08
1.55148e-07
-5.19908e-08
3.35768e-08
8.36325e-08
-3.27322e-08
3.58632e-08
1.01943e-08
-4.52087e-11
3.74127e-08
-3.77057e-08
3.26463e-08
3.74134e-08
-3.77201e-08
5.19179e-08
3.5865e-08
1.01528e-08
5.1239e-08
3.35794e-08
8.3569e-08
3.1347e-08
3.13874e-08
1.55073e-07
3.00762e-08
1.9823e-07
-3.00717e-08
2.38769e-07
-4.91127e-08
1.98325e-07
-4.97256e-08
1.31468e-07
-3.12459e-08
6.29482e-08
-4.45255e-11
1.85627e-08
3.11609e-08
1.85484e-08
4.96529e-08
6.29061e-08
4.90565e-08
1.31404e-07
3.00349e-08
1.98248e-07
2.3867e-07
-3.93713e-08
-3.93226e-08
3.1727e-07
-6.44064e-08
-4.12543e-08
2.64418e-07
-6.53529e-08
-4.45122e-08
1.76734e-07
-4.12072e-08
-4.79234e-08
8.654e-08
-4.74061e-11
-5.02753e-08
2.74996e-08
4.11171e-08
-5.02755e-08
2.74866e-08
6.5277e-08
-4.7924e-08
8.6503e-08
6.4352e-08
-4.4513e-08
1.76679e-07
3.93387e-08
-4.12552e-08
2.6435e-07
-3.93228e-08
3.17213e-07
-4.13029e-08
-6.43123e-08
2.64432e-07
-6.76387e-08
-6.75445e-08
2.07592e-07
-6.8728e-08
-7.30078e-08
1.13039e-07
-4.34443e-08
-7.87382e-08
1.55536e-08
-4.79184e-11
-8.27136e-08
-4.8829e-08
4.33532e-08
-8.27138e-08
-4.88429e-08
6.86504e-08
-7.87385e-08
1.5514e-08
6.75825e-08
-7.30086e-08
1.1298e-07
4.12698e-08
-6.75452e-08
2.07518e-07
-6.43141e-08
2.64365e-07
-4.45613e-08
-6.52192e-08
1.76756e-07
-7.31023e-08
-6.85944e-08
1.13047e-07
-7.445e-08
-7.43166e-08
6.62353e-09
-4.7254e-08
-8.03276e-08
-1.03544e-07
-4.73716e-11
-8.45384e-08
-1.77305e-07
4.71643e-08
-8.45392e-08
-1.77319e-07
7.43749e-08
-8.03294e-08
-1.03584e-07
7.305e-08
-7.43191e-08
6.56504e-09
4.45313e-08
-6.85963e-08
1.12976e-07
-6.52222e-08
1.76695e-07
-4.79719e-08
-4.10539e-08
8.66141e-08
-7.88323e-08
-4.32912e-08
1.56157e-08
-8.04609e-08
-4.71014e-08
-1.03489e-07
-5.12782e-08
-5.11254e-08
-2.27167e-07
-4.89499e-11
-5.39906e-08
-3.11095e-07
5.11852e-08
-5.39911e-08
-3.11111e-07
8.03814e-08
-5.11266e-08
-2.27209e-07
7.87739e-08
-4.71032e-08
-1.03551e-07
4.79375e-08
-4.32929e-08
1.55389e-08
-4.10588e-08
8.65431e-08
-5.03255e-08
1.14969e-10
2.75855e-08
-8.28093e-08
1.14597e-10
-4.87561e-08
-8.46725e-08
1.14308e-10
-1.77239e-07
-5.41435e-08
1.1427e-10
-3.11087e-07
-4.85051e-11
1.13878e-10
-4.02994e-07
5.40522e-08
1.13233e-10
-4.03011e-07
8.45969e-08
1.12563e-10
-3.11131e-07
8.27568e-08
1.11344e-10
-1.77301e-07
5.02961e-08
1.12152e-10
-4.88277e-08
1.10607e-10
2.7524e-08
-5.03249e-08
4.12637e-08
2.7641e-08
-8.28085e-08
4.3501e-08
-4.86993e-08
-8.46723e-08
4.73109e-08
-1.77182e-07
-5.41442e-08
5.13347e-08
-3.1103e-07
-5.03389e-11
5.41994e-08
-4.02938e-07
5.40486e-08
5.41993e-08
-4.02957e-07
8.45908e-08
5.13346e-08
-3.11077e-07
8.27485e-08
4.73101e-08
-1.77249e-07
5.02895e-08
4.34996e-08
-4.8778e-08
4.12595e-08
2.75672e-08
-4.79743e-08
6.54003e-08
8.66655e-08
-7.88345e-08
6.87749e-08
1.5667e-08
-8.04624e-08
7.44974e-08
-1.0344e-07
-5.12794e-08
8.05087e-08
-2.27119e-07
-4.93125e-11
8.47195e-08
-3.11051e-07
5.11864e-08
8.47196e-08
-3.11068e-07
8.03847e-08
8.05089e-08
-2.27163e-07
7.87801e-08
7.44968e-08
-1.03503e-07
4.79445e-08
6.87748e-08
1.55937e-08
6.53988e-08
8.66014e-08
-4.45621e-08
6.44359e-08
1.76895e-07
-7.31026e-08
6.76675e-08
1.13188e-07
-7.44509e-08
7.31312e-08
6.76457e-09
-4.72559e-08
7.8863e-08
-1.03404e-07
-5.01304e-11
8.28392e-08
-1.77168e-07
4.71605e-08
8.28399e-08
-1.77184e-07
7.43689e-08
7.88647e-08
-1.03449e-07
7.3042e-08
7.31334e-08
6.69901e-09
4.45272e-08
6.76696e-08
1.1311e-07
6.44372e-08
1.7682e-07
-4.13052e-08
3.93865e-08
2.64572e-07
-6.76396e-08
4.13166e-08
2.07733e-07
-6.87279e-08
4.45745e-08
1.1318e-07
-4.34451e-08
4.79864e-08
1.5695e-08
-4.90306e-11
5.03394e-08
-4.86899e-08
4.33521e-08
5.03399e-08
-4.87049e-08
6.86488e-08
4.79879e-08
1.56535e-08
6.75825e-08
4.45767e-08
1.13117e-07
4.12734e-08
4.13187e-08
2.07659e-07
3.93901e-08
2.64502e-07
-3.93746e-08
3.17435e-07
-6.44076e-08
2.64583e-07
-6.53522e-08
1.76899e-07
-4.12069e-08
8.67062e-08
-4.85643e-11
2.76657e-08
4.11146e-08
2.76522e-08
6.52727e-08
8.66693e-08
6.43497e-08
1.76844e-07
3.93428e-08
2.64517e-07
3.17381e-07
-5.15459e-08
-5.14975e-08
-8.44818e-08
-5.43434e-08
-8.59401e-08
-5.91776e-08
-5.44156e-08
-6.42638e-08
-5.14313e-11
-6.78413e-08
5.43181e-08
-6.78415e-08
8.5857e-08
-6.42643e-08
8.44237e-08
-5.91784e-08
5.15191e-08
-5.43431e-08
-5.14997e-08
-5.4392e-08
-8.43871e-08
-8.92673e-08
-8.91714e-08
-9.09661e-08
-9.73196e-08
-5.77862e-08
-1.0591e-07
-5.18112e-11
-1.12e-07
5.76877e-08
-1.12e-07
9.08817e-08
-1.0591e-07
8.92068e-08
-9.73198e-08
5.43619e-08
-8.91702e-08
-8.43905e-08
-5.9226e-08
-8.58082e-08
-9.74157e-08
-9.08325e-08
-9.9555e-08
-9.94214e-08
-6.35797e-08
-1.08491e-07
-5.12584e-11
-1.15e-07
6.3483e-08
-1.15001e-07
9.94741e-08
-1.08493e-07
9.73596e-08
-9.94239e-08
5.9199e-08
-9.08321e-08
-8.58113e-08
-6.43108e-08
-5.42612e-08
-1.06005e-07
-5.76291e-08
-1.08625e-07
-6.34231e-08
-6.97372e-08
-6.95806e-08
-5.29709e-11
-7.40935e-08
6.96368e-08
-7.40943e-08
1.08539e-07
-6.95821e-08
1.05943e-07
-6.34253e-08
6.42774e-08
-5.76295e-08
-5.4268e-08
-6.78885e-08
1.10178e-10
-1.12096e-07
1.12101e-10
-1.15135e-07
1.12191e-10
-7.42502e-08
1.12325e-10
-5.26428e-11
1.1185e-10
7.41518e-08
1.11098e-10
1.15054e-07
1.10726e-10
1.1204e-07
1.09392e-10
6.78606e-08
1.11682e-10
1.04558e-10
-6.78865e-08
5.44661e-08
-1.12094e-07
5.78386e-08
-1.15134e-07
6.36329e-08
-7.4251e-08
6.97908e-08
-5.4734e-11
7.43031e-08
7.41481e-08
7.43034e-08
1.15048e-07
6.97914e-08
1.1203e-07
6.36327e-08
6.78503e-08
5.78392e-08
5.4459e-08
-6.43099e-08
8.59798e-08
-1.06004e-07
9.10072e-08
-1.08626e-07
9.95966e-08
-6.97385e-08
1.08668e-07
-5.32273e-11
1.15177e-07
6.96388e-08
1.15177e-07
1.08544e-07
1.08668e-07
1.05947e-07
9.95968e-08
6.42779e-08
9.10091e-08
8.59772e-08
-5.92218e-08
8.44995e-08
-9.74123e-08
8.92879e-08
-9.95544e-08
9.74376e-08
-6.3581e-08
1.06029e-07
-5.38402e-11
1.12121e-07
6.34791e-08
1.12122e-07
9.94686e-08
1.06032e-07
9.73473e-08
9.74403e-08
5.91823e-08
8.92916e-08
8.44977e-08
-5.43875e-08
5.15401e-08
-8.92635e-08
5.43888e-08
-9.09647e-08
5.92242e-08
-5.77859e-08
6.43117e-08
-5.2354e-11
6.78901e-08
5.76868e-08
6.78912e-08
9.08819e-08
6.43147e-08
8.92023e-08
5.92284e-08
5.43509e-08
5.4395e-08
5.15435e-08
-5.15383e-08
-8.44749e-08
-8.5937e-08
-5.44142e-08
-5.12572e-11
5.43169e-08
8.58549e-08
8.44117e-08
5.14983e-08
)
;

boundaryField
{
    bottom
    {
        type            calculated;
        value           uniform 0;
    }
    atmosphere
    {
        type            calculated;
        value           nonuniform List<scalar> 0();
    }
    walls
    {
        type            calculated;
        value           uniform 0;
    }
    procBoundary3to2
    {
        type            processor;
        value           nonuniform List<scalar> 
100
(
4.20263e-07
3.51646e-07
2.37317e-07
1.19226e-07
4.09255e-08
4.09076e-08
1.19174e-07
2.37235e-07
3.51551e-07
4.20139e-07
3.5166e-07
2.77241e-07
1.52825e-07
2.39654e-08
-6.24555e-08
-6.24731e-08
2.39149e-08
1.52745e-07
2.77148e-07
3.51543e-07
2.3735e-07
1.52843e-07
1.08078e-08
-1.36994e-07
-2.37885e-07
-2.37902e-07
-1.37044e-07
1.07307e-08
1.52755e-07
2.37239e-07
1.19312e-07
2.40371e-08
-1.36941e-07
-3.05039e-07
-4.21756e-07
-4.21775e-07
-3.05092e-07
-1.37022e-07
2.39425e-08
1.19193e-07
4.10405e-08
-6.23559e-08
-2.37805e-07
-4.21731e-07
-5.51453e-07
-5.51471e-07
-4.21783e-07
-2.37884e-07
-6.24455e-08
4.09296e-08
4.10925e-08
-6.23033e-08
-2.37751e-07
-4.21677e-07
-5.51398e-07
-5.51415e-07
-4.2173e-07
-2.37833e-07
-6.23993e-08
4.09718e-08
1.19385e-07
2.41097e-08
-1.36869e-07
-3.04969e-07
-4.21686e-07
-4.21704e-07
-3.0502e-07
-1.36948e-07
2.40197e-08
1.19272e-07
2.37505e-07
1.52999e-07
1.09636e-08
-1.3684e-07
-2.37731e-07
-2.37749e-07
-1.36892e-07
1.08842e-08
1.52904e-07
2.37386e-07
3.51831e-07
2.77413e-07
1.52998e-07
2.41385e-08
-6.22825e-08
-6.22996e-08
2.40892e-08
1.52923e-07
2.77326e-07
3.51721e-07
4.20452e-07
3.51838e-07
2.3751e-07
1.19419e-07
4.1119e-08
4.11013e-08
1.19366e-07
2.3743e-07
3.51741e-07
4.20319e-07
)
;
    }
}


// ************************************************************************* //
