/*--------------------------------*- C++ -*----------------------------------*\
| =========                 |                                                 |
| \\      /  F ield         | OpenFOAM: The Open Source CFD Toolbox           |
|  \\    /   O peration     | Version:  2412                                  |
|   \\  /    A nd           | Website:  www.openfoam.com                      |
|    \\/     M anipulation  |                                                 |
\*---------------------------------------------------------------------------*/
FoamFile
{
    version     2.0;
    format      ascii;
    arch        "LSB;label=32;scalar=64";
    class       surfaceScalarField;
    location    "0.37";
    object      phi;
}
// * * * * * * * * * * * * * * * * * * * * * * * * * * * * * * * * * * * * * //

dimensions      [0 3 -1 0 0 0 0];

oriented        oriented;

internalField   nonuniform List<scalar> 
2700
(
-0.000149628
-0.000149628
0.00322397
-0.000275304
-0.000183096
0.00323601
-0.000323513
-0.00028877
0.0032
-0.000319276
-0.000346865
0.00319647
4.1679e-10
-0.000646944
0.00292297
0.000319276
-0.000646944
0.00292297
0.000323513
-0.000346866
0.00319647
0.000275304
-0.000288771
0.0032
0.000149628
-0.000183096
0.00323601
-0.000149628
0.00322397
-0.000183096
-0.000275304
0.00323601
-0.000337698
-0.000337698
0.00320138
-0.000430533
-0.000532279
0.00310341
-0.000543911
-0.000332034
0.00268602
-4.32694e-11
-0.000485581
-1.72337e-05
0.000543911
-0.000485582
-1.72308e-05
0.000430533
-0.000332037
0.00268602
0.000337698
-0.000532282
0.0031034
0.000183096
-0.000337698
0.00320138
-0.000275304
0.00323601
-0.00028877
-0.000323513
0.0032
-0.000532279
-0.000430533
0.00310341
-0.000667363
-0.000667363
0.00233948
-0.00060096
9.30748e-05
-0.00106581
-6.3618e-10
-1.00689e-05
-0.00643719
0.000600959
-1.00691e-05
-0.00643719
0.000667365
9.30736e-05
-0.0010658
0.000532282
-0.000667372
0.00233948
0.000288772
-0.000430535
0.0031034
-0.000323512
0.0032
-0.000346865
-0.000319276
0.00319647
-0.000332034
-0.000543911
0.00268602
9.30748e-05
-0.00060096
-0.00106581
-6.87648e-06
-6.8765e-06
-0.00437883
-2.38044e-10
-1.23249e-05
-0.00865168
6.87535e-06
-1.23248e-05
-0.00865168
-9.30741e-05
-6.87623e-06
-0.00437879
0.000332038
-0.000600968
-0.0010658
0.000346868
-0.000543916
0.00268602
-0.000319275
0.00319647
-0.000646944
4.12941e-10
0.00292297
-0.000485581
-5.42831e-11
-1.72337e-05
-1.00688e-05
-6.42179e-10
-0.00643719
-1.23249e-05
-2.5016e-10
-0.00865168
-5.60446e-11
-4.90806e-11
-0.00873197
1.23249e-05
-5.17515e-11
-0.00873197
1.00696e-05
-2.50784e-10
-0.00865168
0.000485584
-7.46059e-10
-0.00643719
0.000646947
-2.05684e-10
-1.72292e-05
3.13156e-10
0.00292296
-0.000646944
0.000319276
0.00292297
-0.000485582
0.000543911
-1.72307e-05
-1.00691e-05
0.000600959
-0.00643719
-1.23248e-05
6.87534e-06
-0.00865168
-5.8722e-11
1.23249e-05
-0.00873197
1.23248e-05
1.23248e-05
-0.00873197
1.00699e-05
6.87505e-06
-0.00865168
0.000485585
0.000600966
-0.00643719
0.000646947
0.000543915
-1.72263e-05
0.000319276
0.00292296
-0.000346866
0.000323513
0.00319647
-0.000332037
0.000430533
0.00268602
9.30736e-05
0.000667365
-0.00106579
-6.87623e-06
-9.30742e-05
-0.00437879
-2.3838e-10
1.00696e-05
-0.00865168
6.87508e-06
1.00699e-05
-0.00865168
-9.30723e-05
-9.30724e-05
-0.00437875
0.000332041
0.000667374
-0.00106579
0.000346869
0.000430536
0.00268602
0.000323513
0.00319647
-0.000288771
0.000275304
0.0032
-0.000532282
0.000337698
0.0031034
-0.000667372
0.000532282
0.00233948
-0.000600968
0.000332038
-0.0010658
-7.40353e-10
0.000485584
-0.00643719
0.000600966
0.000485585
-0.00643719
0.000667374
0.000332041
-0.00106579
0.000532285
0.000532285
0.00233948
0.000288772
0.000337699
0.0031034
0.000275304
0.00319999
-0.000183096
0.000149628
0.00323601
-0.000337698
0.000183096
0.00320138
-0.000430535
0.000288772
0.0031034
-0.000543916
0.000346868
0.00268602
-1.95163e-10
0.000646947
-1.7229e-05
0.000543915
0.000646947
-1.72262e-05
0.000430536
0.000346869
0.00268602
0.000337699
0.000288772
0.0031034
0.000183096
0.000183096
0.00320138
0.000149628
0.00323601
-0.000149628
0.00322397
-0.000275304
0.00323601
-0.000323512
0.0032
-0.000319275
0.00319647
3.1752e-10
0.00292296
0.000319276
0.00292296
0.000323513
0.00319647
0.000275304
0.00319999
0.000149628
0.00323601
0.00322397
-0.000151906
-0.000151906
0.00352778
-0.000281569
-0.000191955
0.00355763
-0.000345705
-0.000312086
0.00357622
-0.000360507
-0.000395585
0.00360686
1.96463e-10
-0.000741046
0.00330351
0.000360507
-0.000741046
0.00330351
0.000345706
-0.000395587
0.00360686
0.000281569
-0.000312087
0.00357622
0.000151907
-0.000191955
0.00355763
-0.000151907
0.00352778
-0.000191955
-0.000281569
0.00355763
-0.00036076
-0.00036076
0.00353899
-0.000520243
-0.000553213
0.00350402
-0.000669466
-0.000300978
0.00274064
-4.61976e-11
-0.000438317
-0.000989428
0.000669465
-0.000438317
-0.000989425
0.000520243
-0.000300982
0.00274064
0.000360761
-0.000553216
0.00350401
0.000191956
-0.000360761
0.00353899
-0.000281569
0.00355763
-0.000312086
-0.000345705
0.00357622
-0.000553213
-0.000520243
0.00350402
-0.00071625
-0.00071625
0.00266555
-0.000502093
0.000139669
-0.00172062
-5.13717e-10
-7.61941e-05
-0.00730141
0.000502092
-7.61941e-05
-0.0073014
0.000716253
0.000139667
-0.0017206
0.000553215
-0.000716257
0.00266556
0.000312087
-0.000520246
0.00350401
-0.000345706
0.00357622
-0.000395585
-0.000360507
0.00360686
-0.000300978
-0.000669466
0.00274064
0.000139669
-0.000502093
-0.00172062
4.27343e-06
4.27341e-06
-0.00410804
-1.97435e-10
-7.22482e-05
-0.00865135
-4.27394e-06
-7.22481e-05
-0.00865135
-0.000139666
4.274e-06
-0.00410801
0.000300983
-0.000502096
-0.00172062
0.000395588
-0.000669469
0.00274064
-0.000360507
0.00360686
-0.000741046
1.97375e-10
0.00330351
-0.000438317
-4.85505e-11
-0.000989428
-7.61941e-05
-5.09801e-10
-0.00730141
-7.22482e-05
-2.0956e-10
-0.00865135
-5.36406e-11
-4.90763e-11
-0.00887647
7.22483e-05
-5.30305e-11
-0.00887647
7.61949e-05
-2.08681e-10
-0.00865136
0.00043832
-5.30985e-10
-0.00730141
0.00074105
-1.42557e-10
-0.000989429
1.04477e-10
0.0033035
-0.000741046
0.000360507
0.00330351
-0.000438317
0.000669465
-0.000989425
-7.61941e-05
0.000502092
-0.0073014
-7.22481e-05
-4.27396e-06
-0.00865135
-5.76184e-11
7.22483e-05
-0.00887647
7.22482e-05
7.22482e-05
-0.00887647
7.61949e-05
-4.27456e-06
-0.00865136
0.00043832
0.000502096
-0.00730141
0.000741051
0.000669469
-0.000989426
0.000360507
0.00330351
-0.000395587
0.000345706
0.00360686
-0.000300982
0.000520243
0.00274064
0.000139667
0.000716253
-0.0017206
4.274e-06
-0.000139666
-0.00410801
-1.96248e-10
7.61949e-05
-0.00865136
-4.27453e-06
7.61949e-05
-0.00865136
-0.000139664
-0.000139664
-0.00410797
0.000300987
0.00071626
-0.0017206
0.00039559
0.000520247
0.00274064
0.000345706
0.00360686
-0.000312087
0.000281569
0.00357622
-0.000553216
0.000360761
0.00350401
-0.000716257
0.000553215
0.00266556
-0.000502096
0.000300983
-0.00172061
-5.35067e-10
0.00043832
-0.00730141
0.000502096
0.00043832
-0.00730141
0.00071626
0.000300987
-0.0017206
0.000553219
0.000553219
0.00266556
0.000312089
0.000360762
0.00350401
0.000281569
0.00357622
-0.000191955
0.000151907
0.00355763
-0.000360761
0.000191956
0.00353899
-0.000520246
0.000312087
0.00350401
-0.000669469
0.000395588
0.00274064
-1.40279e-10
0.00074105
-0.000989429
0.000669469
0.000741051
-0.000989425
0.000520247
0.00039559
0.00274064
0.000360762
0.000312089
0.00350401
0.000191956
0.000191956
0.00353899
0.000151907
0.00355763
-0.000151907
0.00352778
-0.000281569
0.00355763
-0.000345706
0.00357622
-0.000360507
0.00360686
1.03966e-10
0.0033035
0.000360507
0.00330351
0.000345706
0.00360686
0.000281569
0.00357622
0.000151907
0.00355763
0.00352778
-0.000149183
-0.000149183
0.00382615
-0.000277767
-0.000194675
0.00388089
-0.00035906
-0.000315604
0.00397312
-0.000390569
-0.000417436
0.0040558
9.81003e-11
-0.000708445
0.00362138
0.000390568
-0.000708445
0.00362138
0.000359061
-0.000417437
0.0040558
0.000277767
-0.000315605
0.00397312
0.000149183
-0.000194675
0.00388089
-0.000149183
0.00382615
-0.000194675
-0.000277767
0.00388089
-0.000373488
-0.000373488
0.00389662
-0.000606033
-0.000517609
0.00393856
-0.000718585
-0.000257531
0.00269329
-8.15049e-11
-0.000341619
-0.00207484
0.000718585
-0.000341619
-0.00207484
0.000606034
-0.000257534
0.00269329
0.000373489
-0.000517612
0.00393857
0.000194675
-0.00037349
0.00389662
-0.000277767
0.00388089
-0.000315604
-0.00035906
0.00397312
-0.000517609
-0.000606033
0.00393856
-0.000629808
-0.000629808
0.00288995
-0.000343031
0.000161843
-0.00242677
-2.48428e-10
-0.000177556
-0.0078085
0.000343031
-0.000177556
-0.0078085
0.000629811
0.000161841
-0.00242676
0.000517611
-0.000629811
0.00288996
0.000315606
-0.000606036
0.00393857
-0.000359061
0.00397312
-0.000417436
-0.000390568
0.0040558
-0.000257531
-0.000718585
0.00269329
0.000161843
-0.000343031
-0.00242677
3.24232e-05
3.24232e-05
-0.0038492
-1.47906e-10
-0.000136335
-0.00866015
-3.24233e-05
-0.000136335
-0.00866015
-0.000161839
3.24237e-05
-0.00384917
0.000257534
-0.000343031
-0.00242677
0.000417438
-0.000718587
0.00269329
-0.000390569
0.0040558
-0.000708445
1.04107e-10
0.00362138
-0.000341619
-7.24131e-11
-0.00207484
-0.000177556
-2.47763e-10
-0.0078085
-0.000136335
-1.59938e-10
-0.00866015
5.38634e-11
4.6304e-11
-0.00914914
0.000136335
4.08602e-11
-0.00914914
0.000177556
-1.59509e-10
-0.00866015
0.00034162
-2.50313e-10
-0.0078085
0.000708448
-1.39405e-10
-0.00207484
2.14353e-11
0.00362138
-0.000708445
0.000390568
0.00362138
-0.000341619
0.000718585
-0.00207484
-0.000177556
0.000343031
-0.0078085
-0.000136335
-3.24233e-05
-0.00866015
4.83268e-11
0.000136335
-0.00914914
0.000136335
0.000136335
-0.00914914
0.000177556
-3.24239e-05
-0.00866015
0.00034162
0.000343031
-0.0078085
0.000708448
0.000718586
-0.00207484
0.000390569
0.00362138
-0.000417437
0.000359061
0.0040558
-0.000257534
0.000606034
0.00269329
0.000161841
0.000629811
-0.00242676
3.24237e-05
-0.000161839
-0.00384917
-1.47178e-10
0.000177556
-0.00866015
-3.24239e-05
0.000177556
-0.00866015
-0.000161838
-0.000161838
-0.00384914
0.000257538
0.000629813
-0.00242676
0.000417439
0.000606037
0.00269329
0.000359061
0.0040558
-0.000315605
0.000277767
0.00397312
-0.000517612
0.000373489
0.00393857
-0.000629811
0.000517611
0.00288996
-0.000343031
0.000257534
-0.00242677
-2.50874e-10
0.00034162
-0.0078085
0.000343031
0.00034162
-0.0078085
0.000629814
0.000257538
-0.00242676
0.000517613
0.000517613
0.00288996
0.000315607
0.000373491
0.00393857
0.000277768
0.00397312
-0.000194675
0.000149183
0.00388089
-0.00037349
0.000194675
0.00389662
-0.000606036
0.000315606
0.00393857
-0.000718587
0.000417438
0.00269329
-1.4893e-10
0.000708448
-0.00207484
0.000718586
0.000708448
-0.00207484
0.000606037
0.000417439
0.00269329
0.000373491
0.000315607
0.00393857
0.000194675
0.000194675
0.00389662
0.000149183
0.00388089
-0.000149183
0.00382615
-0.000277767
0.00388089
-0.000359061
0.00397312
-0.000390569
0.0040558
1.35294e-11
0.00362138
0.000390569
0.00362138
0.000359061
0.0040558
0.000277768
0.00397312
0.000149183
0.00388089
0.00382615
-0.000139167
-0.000139167
0.00410449
-0.000259616
-0.000186827
0.00418816
-0.000353881
-0.000288973
0.00435636
-0.00039762
-0.000391197
0.00449074
1.024e-10
-0.000578479
0.00380224
0.00039762
-0.000578479
0.00380224
0.000353882
-0.000391198
0.00449074
0.000259616
-0.000288973
0.00435636
0.000139168
-0.000186827
0.00418816
-0.000139167
0.00410448
-0.000186827
-0.000259616
0.00418816
-0.000364535
-0.000364534
0.00425204
-0.000647103
-0.000429662
0.00436182
-0.000677712
-0.000189053
0.00252175
-8.26282e-11
-0.000258341
-0.00307269
0.000677712
-0.000258341
-0.00307269
0.000647104
-0.000189055
0.00252175
0.000364535
-0.000429663
0.00436182
0.000186827
-0.000364535
0.00425204
-0.000259616
0.00418816
-0.000288973
-0.000353881
0.00435636
-0.000429662
-0.000647103
0.00436182
-0.000462141
-0.000462141
0.00295491
-0.000215712
0.000145589
-0.00300784
-3.25126e-11
-0.000246717
-0.00803584
0.000215712
-0.000246716
-0.00803584
0.000462143
0.000145587
-0.00300783
0.000429663
-0.00046214
0.00295491
0.000288974
-0.000647104
0.00436182
-0.000353881
0.00435636
-0.000391197
-0.00039762
0.00449074
-0.000189053
-0.000677712
0.00252175
0.000145589
-0.000215712
-0.00300784
5.9873e-05
5.9873e-05
-0.00367777
5.03826e-11
-0.000145538
-0.00870146
-5.98729e-05
-0.000145539
-0.00870146
-0.000145585
5.98736e-05
-0.00367775
0.000189054
-0.000215711
-0.00300784
0.000391198
-0.000677711
0.00252175
-0.00039762
0.00449074
-0.000578479
1.13697e-10
0.00380224
-0.000258341
-6.67847e-11
-0.00307269
-0.000246717
-3.33383e-11
-0.00803584
-0.000145538
4.66098e-11
-0.00870146
4.39572e-10
4.07633e-10
-0.00944021
0.000145539
4.0389e-10
-0.00944021
0.000246717
3.8436e-11
-0.00870146
0.000258341
-3.30076e-11
-0.00803584
0.000578479
-1.22259e-10
-0.00307269
4.36609e-11
0.00380224
-0.000578479
0.00039762
0.00380224
-0.000258341
0.000677712
-0.00307269
-0.000246716
0.000215712
-0.00803584
-0.000145539
-5.98729e-05
-0.00870146
4.35754e-10
0.000145538
-0.00944021
0.000145539
0.000145539
-0.00944021
0.000246717
-5.98734e-05
-0.00870146
0.000258341
0.000215712
-0.00803584
0.000578479
0.000677711
-0.00307269
0.00039762
0.00380224
-0.000391198
0.000353882
0.00449074
-0.000189055
0.000647104
0.00252175
0.000145587
0.000462143
-0.00300783
5.98736e-05
-0.000145585
-0.00367775
4.22123e-11
0.000246717
-0.00870146
-5.98735e-05
0.000246717
-0.00870146
-0.000145584
-0.000145584
-0.00367772
0.000189057
0.000462143
-0.00300783
0.000391199
0.000647104
0.00252175
0.000353881
0.00449074
-0.000288973
0.000259616
0.00435636
-0.000429663
0.000364535
0.00436182
-0.000462141
0.000429663
0.00295491
-0.000215711
0.000189054
-0.00300784
-3.20055e-11
0.000258341
-0.00803584
0.000215712
0.000258341
-0.00803584
0.000462143
0.000189057
-0.00300783
0.000429664
0.000429664
0.00295492
0.000288974
0.000364536
0.00436183
0.000259616
0.00435636
-0.000186827
0.000139168
0.00418816
-0.000364535
0.000186827
0.00425204
-0.000647104
0.000288974
0.00436182
-0.000677711
0.000391198
0.00252175
-1.38098e-10
0.000578479
-0.00307269
0.000677711
0.000578479
-0.00307269
0.000647104
0.000391199
0.00252175
0.000364536
0.000288974
0.00436183
0.000186828
0.000186828
0.00425204
0.000139168
0.00418816
-0.000139167
0.00410448
-0.000259616
0.00418816
-0.000353881
0.00435636
-0.00039762
0.00449074
3.11467e-11
0.00380224
0.00039762
0.00380224
0.000353881
0.00449074
0.000259616
0.00435636
0.000139168
0.00418816
0.00410448
-0.000120752
-0.000120752
0.00434599
-0.000225876
-0.000166248
0.00445954
-0.000324898
-0.00023232
0.0046877
-0.000378342
-0.00031275
0.00485693
1.26942e-10
-0.000436024
0.00385992
0.000378342
-0.000436024
0.00385992
0.000324898
-0.00031275
0.00485693
0.000225876
-0.00023232
0.0046877
0.000120752
-0.000166248
0.00445954
-0.000120751
0.00434599
-0.000166248
-0.000225876
0.00445954
-0.00033044
-0.00033044
0.00458042
-0.000613464
-0.000313571
0.0047261
-0.000570052
-0.000119902
0.00228549
-1.12964e-10
-0.000206452
-0.00387231
0.000570052
-0.000206452
-0.00387231
0.000613465
-0.000119903
0.00228549
0.00033044
-0.00031357
0.0047261
0.000166248
-0.000330439
0.00458042
-0.000225876
0.00445954
-0.00023232
-0.000324898
0.0046877
-0.000313571
-0.000613464
0.0047261
-0.000301211
-0.000301211
0.00293019
-0.000138577
9.51451e-05
-0.00338552
1.12261e-10
-0.000278389
-0.00810248
0.000138578
-0.000278389
-0.00810248
0.000301212
9.5144e-05
-0.00338551
0.000313571
-0.000301209
0.00293019
0.00023232
-0.000613463
0.0047261
-0.000324897
0.0046877
-0.00031275
-0.000378342
0.00485693
-0.000119902
-0.000570052
0.00228549
9.51451e-05
-0.000138577
-0.00338552
7.96116e-05
7.96117e-05
-0.0036467
5.22033e-10
-0.000104649
-0.00879558
-7.96109e-05
-0.00010465
-0.00879558
-9.51427e-05
7.96127e-05
-0.00364668
0.000119903
-0.000138577
-0.00338552
0.000312749
-0.000570051
0.00228549
-0.000378341
0.00485693
-0.000436024
1.40704e-10
0.00385992
-0.000206452
-1.02308e-10
-0.00387231
-0.000278389
1.16798e-10
-0.00810248
-0.000104649
5.53247e-10
-0.00879558
7.52841e-10
7.04502e-10
-0.00964951
0.00010465
7.03757e-10
-0.00964951
0.000278389
5.29159e-10
-0.00879558
0.000206452
1.14736e-10
-0.00810248
0.000436023
-1.35272e-10
-0.00387231
8.27219e-11
0.00385993
-0.000436024
0.000378342
0.00385992
-0.000206452
0.000570052
-0.00387231
-0.000278389
0.000138578
-0.00810248
-0.00010465
-7.96108e-05
-0.00879558
7.52021e-10
0.00010465
-0.00964951
0.000104651
0.000104651
-0.00964951
0.000278389
-7.96118e-05
-0.00879558
0.000206452
0.000138577
-0.00810248
0.000436023
0.000570051
-0.00387231
0.000378341
0.00385993
-0.00031275
0.000324898
0.00485693
-0.000119903
0.000613465
0.00228549
9.51439e-05
0.000301212
-0.00338551
7.96127e-05
-9.51427e-05
-0.00364668
4.96554e-10
0.000278389
-0.00879558
-7.96119e-05
0.000278389
-0.00879558
-9.51415e-05
-9.51415e-05
-0.00364666
0.000119904
0.000301211
-0.00338551
0.000312749
0.000613464
0.00228549
0.000324897
0.00485693
-0.00023232
0.000225876
0.0046877
-0.00031357
0.00033044
0.0047261
-0.000301209
0.000313571
0.00293019
-0.000138577
0.000119903
-0.00338552
1.10268e-10
0.000206452
-0.00810248
0.000138577
0.000206452
-0.00810248
0.000301211
0.000119904
-0.00338551
0.000313571
0.000313571
0.0029302
0.00023232
0.00033044
0.0047261
0.000225876
0.0046877
-0.000166248
0.000120752
0.00445954
-0.000330439
0.000166248
0.00458042
-0.000613463
0.00023232
0.0047261
-0.000570051
0.000312749
0.00228549
-1.45491e-10
0.000436023
-0.00387231
0.000570051
0.000436023
-0.00387231
0.000613464
0.000312749
0.00228549
0.00033044
0.00023232
0.0047261
0.000166248
0.000166248
0.00458042
0.000120752
0.00445954
-0.000120751
0.00434599
-0.000225876
0.00445954
-0.000324897
0.0046877
-0.000378341
0.00485693
6.86638e-11
0.00385993
0.000378341
0.00385993
0.000324897
0.00485693
0.000225876
0.0046877
0.000120752
0.00445954
0.00434599
-9.41369e-05
-9.41369e-05
0.00453426
-0.000177577
-0.000132166
0.00467514
-0.000272179
-0.00015544
0.00493774
-0.000337503
-0.000194062
0.00511632
1.13215e-10
-0.000314176
0.0038366
0.000337503
-0.000314176
0.0038366
0.000272179
-0.000194061
0.00511632
0.000177577
-0.000155439
0.00493774
9.41369e-05
-0.000132166
0.00467514
-9.41367e-05
0.00453426
-0.000132166
-0.000177577
0.00467514
-0.000269944
-0.000269944
0.00485598
-0.00051219
-0.000178538
0.00499144
-0.000433089
-5.00719e-05
0.0020624
-1.25051e-10
-0.000192882
-0.0044267
0.00043309
-0.000192882
-0.00442669
0.00051219
-5.00726e-05
0.0020624
0.000269944
-0.000178536
0.00499144
0.000132166
-0.000269943
0.00485598
-0.000177577
0.00467514
-0.00015544
-0.000272179
0.00493774
-0.000178538
-0.00051219
0.00499144
-0.000157503
-0.000157503
0.00288812
-7.72532e-05
3.85664e-05
-0.00355441
1.03544e-10
-0.000286066
-0.00808655
7.72534e-05
-0.000286066
-0.00808655
0.000157503
3.85662e-05
-0.0035544
0.000178538
-0.000157501
0.00288812
0.00015544
-0.000512187
0.00499144
-0.000272178
0.00493774
-0.000194062
-0.000337503
0.00511632
-5.00719e-05
-0.000433089
0.0020624
3.85663e-05
-7.72532e-05
-0.00355441
0.000137897
0.000137897
-0.00384537
-7.25027e-11
-0.000120281
-0.00882347
-0.000137897
-0.000120283
-0.00882347
-3.85656e-05
0.000137899
-0.00384535
5.0072e-05
-7.72525e-05
-0.0035544
0.00019406
-0.000433088
0.0020624
-0.000337502
0.00511632
-0.000314176
1.28535e-10
0.0038366
-0.000192882
-1.16003e-10
-0.0044267
-0.000286066
1.10997e-10
-0.00808655
-0.000120281
-3.65236e-11
-0.00882347
8.30866e-10
7.84802e-10
-0.00989008
0.000120282
7.86166e-10
-0.00989008
0.000286066
-2.72737e-11
-0.00882347
0.000192881
1.1173e-10
-0.00808655
0.000314175
-1.27818e-10
-0.0044267
8.38908e-11
0.0038366
-0.000314176
0.000337503
0.0038366
-0.000192882
0.00043309
-0.00442669
-0.000286066
7.72534e-05
-0.00808655
-0.000120283
-0.000137897
-0.00882347
8.32204e-10
0.000120282
-0.00989008
0.000120283
0.000120283
-0.00989008
0.000286066
-0.000137899
-0.00882347
0.000192881
7.72527e-05
-0.00808655
0.000314175
0.000433088
-0.00442669
0.000337502
0.0038366
-0.000194061
0.000272179
0.00511632
-5.00727e-05
0.00051219
0.0020624
3.85661e-05
0.000157503
-0.0035544
0.000137899
-3.85655e-05
-0.00384535
-6.6917e-11
0.000286066
-0.00882347
-0.000137899
0.000286066
-0.00882347
-3.85653e-05
-3.85653e-05
-0.00384533
5.00728e-05
0.000157502
-0.0035544
0.00019406
0.000512188
0.00206241
0.000272178
0.00511632
-0.000155439
0.000177577
0.00493774
-0.000178536
0.000269944
0.00499144
-0.000157501
0.000178538
0.00288812
-7.72525e-05
5.0072e-05
-0.0035544
1.04372e-10
0.000192881
-0.00808655
7.72527e-05
0.000192881
-0.00808655
0.000157502
5.00728e-05
-0.0035544
0.000178537
0.000178537
0.00288813
0.000155439
0.000269943
0.00499144
0.000177577
0.00493774
-0.000132166
9.41369e-05
0.00467514
-0.000269943
0.000132166
0.00485598
-0.000512188
0.00015544
0.00499144
-0.000433088
0.00019406
0.0020624
-1.36338e-10
0.000314175
-0.0044267
0.000433088
0.000314175
-0.00442669
0.000512188
0.00019406
0.00206241
0.000269943
0.000155439
0.00499144
0.000132166
0.000132166
0.00485598
9.41368e-05
0.00467514
-9.41367e-05
0.00453426
-0.000177577
0.00467514
-0.000272178
0.00493774
-0.000337502
0.00511632
6.89903e-11
0.0038366
0.000337502
0.0038366
0.000272178
0.00511632
0.000177577
0.00493774
9.41368e-05
0.00467514
0.00453426
-6.12766e-05
-6.12766e-05
0.00465682
-0.000118354
-8.64593e-05
0.00481868
-0.000199328
-6.99494e-05
0.00508866
-0.000276162
-6.09066e-05
0.00525406
7.43291e-11
-0.000214743
0.00377518
0.000276162
-0.000214743
0.00377518
0.000199328
-6.0906e-05
0.00525406
0.000118354
-6.99488e-05
0.00508866
6.12766e-05
-8.6459e-05
0.00481868
-6.12764e-05
0.00465681
-8.64593e-05
-0.000118354
0.00481868
-0.000186249
-0.000186249
0.00505556
-0.000360293
-4.28721e-05
0.00513841
-0.000281672
6.37734e-06
0.0019165
-1.18472e-10
-0.000191167
-0.00473194
0.000281672
-0.000191167
-0.00473194
0.000360293
6.37773e-06
0.0019165
0.00018625
-4.28708e-05
0.00513841
8.64593e-05
-0.000186248
0.00505555
-0.000118354
0.00481868
-6.99494e-05
-0.000199328
0.00508866
-4.28721e-05
-0.000360293
0.00513841
-4.4763e-05
-4.4763e-05
0.0028919
-1.14136e-05
-1.90731e-05
-0.0035623
-4.37189e-11
-0.00028343
-0.0080057
1.14135e-05
-0.00028343
-0.0080057
4.47629e-05
-1.90717e-05
-0.0035623
4.28718e-05
-4.47619e-05
0.0028919
6.9949e-05
-0.000360291
0.00513841
-0.000199326
0.00508866
-6.09066e-05
-0.000276162
0.00525406
6.37735e-06
-0.000281672
0.0019165
-1.90731e-05
-1.14135e-05
-0.0035623
0.000146118
0.000146118
-0.00417575
-5.42606e-10
-0.000187651
-0.00877313
-0.000146119
-0.000187652
-0.00877313
1.90719e-05
0.00014612
-0.00417573
-6.37814e-06
-1.14129e-05
-0.0035623
6.09056e-05
-0.000281671
0.0019165
-0.000276161
0.00525406
-0.000214743
8.85781e-11
0.00377518
-0.000191167
-1.09625e-10
-0.00473194
-0.00028343
-3.44302e-11
-0.0080057
-0.000187651
-5.17507e-10
-0.00877313
3.0629e-10
2.8623e-10
-0.0102654
0.000187651
2.75045e-10
-0.0102654
0.00028343
-4.87563e-10
-0.00877313
0.000191166
-2.47222e-11
-0.0080057
0.000214742
-1.03461e-10
-0.00473194
5.81999e-11
0.00377518
-0.000214743
0.000276162
0.00377518
-0.000191167
0.000281672
-0.00473194
-0.00028343
1.14135e-05
-0.0080057
-0.000187652
-0.000146119
-0.00877313
2.95307e-10
0.000187651
-0.0102654
0.000187651
0.000187651
-0.0102654
0.000283429
-0.000146122
-0.00877312
0.000191166
1.14129e-05
-0.0080057
0.000214742
0.000281671
-0.00473194
0.000276161
0.00377518
-6.0906e-05
0.000199328
0.00525406
6.37763e-06
0.000360293
0.0019165
-1.90719e-05
4.47629e-05
-0.0035623
0.00014612
1.90721e-05
-0.00417573
-5.12639e-10
0.00028343
-0.00877313
-0.000146122
0.000283429
-0.00877312
1.90709e-05
1.90709e-05
-0.00417572
-6.37833e-06
4.47618e-05
-0.0035623
6.09051e-05
0.000360292
0.0019165
0.000199327
0.00525406
-6.99488e-05
0.000118354
0.00508866
-4.28708e-05
0.00018625
0.00513841
-4.47619e-05
4.28719e-05
0.0028919
-1.14129e-05
-6.37804e-06
-0.0035623
-3.3755e-11
0.000191166
-0.0080057
1.14129e-05
0.000191166
-0.0080057
4.47619e-05
-6.37834e-06
-0.0035623
4.28706e-05
4.28706e-05
0.00289191
6.99485e-05
0.000186249
0.00513841
0.000118354
0.00508866
-8.64591e-05
6.12766e-05
0.00481868
-0.000186248
8.64593e-05
0.00505556
-0.000360291
6.9949e-05
0.00513841
-0.000281671
6.09056e-05
0.0019165
-1.11901e-10
0.000214742
-0.00473194
0.000281671
0.000214742
-0.00473194
0.000360292
6.09051e-05
0.0019165
0.000186249
6.99485e-05
0.00513841
8.64591e-05
8.64591e-05
0.00505555
6.12764e-05
0.00481868
-6.12764e-05
0.00465681
-0.000118354
0.00481868
-0.000199326
0.00508866
-0.000276161
0.00525406
4.45562e-11
0.00377518
0.000276161
0.00377518
0.000199327
0.00525406
0.000118354
0.00508866
6.12764e-05
0.00481868
0.00465681
-2.65193e-05
-2.65193e-05
0.00470985
-5.43581e-05
-3.30676e-05
0.00487959
-0.000114728
9.72851e-06
0.0051393
-0.000201204
5.58555e-05
0.00528468
3.94573e-11
-0.000123192
0.00369716
0.000201204
-0.000123192
0.00369717
0.000114728
5.58564e-05
0.00528468
5.4358e-05
9.72893e-06
0.0051393
2.65193e-05
-3.30674e-05
0.00487959
-2.65191e-05
0.00470985
-3.30676e-05
-5.43581e-05
0.00487959
-8.60038e-05
-8.60037e-05
0.00516143
-0.000190963
7.79677e-05
0.00517513
-0.000147628
6.04299e-05
0.00186859
-7.53347e-11
-0.000175923
-0.00482684
0.000147628
-0.000175922
-0.00482684
0.000190963
6.04311e-05
0.00186859
8.60038e-05
7.79686e-05
0.00517513
3.30676e-05
-8.60029e-05
0.00516143
-5.43576e-05
0.00487959
9.72851e-06
-0.000114728
0.0051393
7.79677e-05
-0.000190962
0.00517513
4.97347e-05
4.97347e-05
0.00294836
5.94735e-05
-7.75575e-05
-0.00343406
-2.86434e-10
-0.000288581
-0.00783356
-5.9474e-05
-0.000288581
-0.00783356
-4.97354e-05
-7.75558e-05
-0.00343405
-7.79682e-05
4.97355e-05
0.00294837
-9.72876e-06
-0.000190961
0.00517513
-0.000114727
0.0051393
5.58555e-05
-0.000201204
0.00528468
6.04299e-05
-0.000147628
0.00186859
-7.75575e-05
5.94735e-05
-0.00343406
0.000113533
0.000113533
-0.00455793
-6.37063e-10
-0.000181551
-0.00876663
-0.000113535
-0.000181551
-0.00876662
7.75556e-05
0.000113536
-0.00455791
-6.04311e-05
5.94741e-05
-0.00343405
-5.58561e-05
-0.000147628
0.00186859
-0.000201203
0.00528468
-0.000123192
5.1952e-11
0.00369716
-0.000175923
-7.09656e-11
-0.00482684
-0.000288581
-2.67468e-10
-0.00783356
-0.000181551
-6.1196e-10
-0.00876663
-5.09494e-10
-5.29987e-10
-0.0106285
0.000181549
-5.35009e-10
-0.0106285
0.00028858
-5.73146e-10
-0.00876662
0.000175922
-2.44659e-10
-0.00783356
0.000123191
-5.13891e-11
-0.00482684
3.29245e-11
0.00369717
-0.000123192
0.000201204
0.00369717
-0.000175922
0.000147628
-0.00482684
-0.000288581
-5.9474e-05
-0.00783356
-0.000181551
-0.000113535
-0.00876662
-5.14431e-10
0.000181549
-0.0106285
0.000181549
0.000181549
-0.0106285
0.00028858
-0.000113537
-0.00876662
0.000175922
-5.94745e-05
-0.00783356
0.000123191
0.000147628
-0.00482684
0.000201203
0.00369717
5.58564e-05
0.000114728
0.00528468
6.0431e-05
0.000190963
0.00186859
-7.75559e-05
-4.97354e-05
-0.00343405
0.000113535
7.75557e-05
-0.00455791
-5.98411e-10
0.00028858
-0.00876662
-0.000113537
0.00028858
-0.00876662
7.75543e-05
7.75543e-05
-0.0045579
-6.04321e-05
-4.97362e-05
-0.00343405
-5.5857e-05
0.000190962
0.00186859
0.000114727
0.00528468
9.72892e-06
5.4358e-05
0.0051393
7.79685e-05
8.60038e-05
0.00517513
4.97355e-05
-7.79682e-05
0.00294837
5.94741e-05
-6.0431e-05
-0.00343405
-2.63234e-10
0.000175922
-0.00783356
-5.94745e-05
0.000175922
-0.00783356
-4.97361e-05
-6.04321e-05
-0.00343405
-7.7969e-05
-7.7969e-05
0.00294838
-9.72916e-06
8.6003e-05
0.00517513
5.43575e-05
0.0051393
-3.30674e-05
2.65193e-05
0.00487959
-8.60029e-05
3.30676e-05
0.00516143
-0.000190961
-9.72875e-06
0.00517513
-0.000147628
-5.58561e-05
0.00186859
-5.56764e-11
0.000123191
-0.00482684
0.000147628
0.000123191
-0.00482684
0.000190962
-5.5857e-05
0.00186859
8.6003e-05
-9.72916e-06
0.00517513
3.30674e-05
3.30674e-05
0.00516143
2.65191e-05
0.00487958
-2.65191e-05
0.00470985
-5.43576e-05
0.00487959
-0.000114727
0.0051393
-0.000201203
0.00528468
2.09135e-11
0.00369717
0.000201203
0.00369717
0.000114727
0.00528468
5.43575e-05
0.0051393
2.65191e-05
0.00487958
0.00470985
9.73607e-06
9.73609e-06
0.00469038
1.38535e-05
2.08044e-05
0.00485466
-2.73455e-05
8.44905e-05
0.00509601
-0.000127462
0.000173936
0.00521086
-8.57938e-12
-3.76912e-05
0.00360739
0.000127462
-3.76912e-05
0.0036074
2.73455e-05
0.000173936
0.00521086
-1.38536e-05
8.44907e-05
0.00509601
-9.73606e-06
2.08045e-05
0.00485466
9.73621e-06
0.00469038
2.08044e-05
1.38535e-05
0.00485466
2.40089e-05
2.40089e-05
0.00515502
-3.61748e-05
0.000183022
0.00513678
-3.90053e-05
0.000119457
0.0019259
-2.45426e-11
-0.000148786
-0.00475475
3.90054e-05
-0.000148786
-0.00475475
3.61749e-05
0.000119458
0.0019259
-2.40089e-05
0.000183022
0.00513678
-2.08044e-05
2.40092e-05
0.00515502
1.38538e-05
0.00485466
8.44905e-05
-2.73455e-05
0.00509601
0.000183022
-3.61747e-05
0.00513678
0.000145721
0.000145721
0.00302297
0.000114781
-8.61069e-05
-0.00319755
-5.42097e-10
-0.000263164
-0.00760441
-0.000114782
-0.000263163
-0.00760441
-0.000145722
-8.61058e-05
-0.00319755
-0.000183022
0.000145722
0.00302297
-8.44905e-05
-3.61744e-05
0.00513678
-2.73449e-05
0.00509601
0.000173936
-0.000127462
0.00521086
0.000119457
-3.90052e-05
0.0019259
-8.61069e-05
0.000114781
-0.00319755
7.46842e-05
7.46842e-05
-0.00487951
-1.17982e-09
-0.000111172
-0.00884394
-7.46865e-05
-0.000111172
-0.00884393
8.61055e-05
7.4686e-05
-0.0048795
-0.000119458
0.000114782
-0.00319755
-0.000173936
-3.90052e-05
0.0019259
-0.000127461
0.00521086
-3.76912e-05
2.14865e-12
0.00360739
-0.000148786
-1.60978e-11
-0.00475475
-0.000263164
-5.13554e-10
-0.00760441
-0.000111172
-1.12086e-09
-0.00884394
-8.8267e-10
-9.21839e-10
-0.0108508
0.00011117
-9.16376e-10
-0.0108508
0.000263163
-1.04733e-09
-0.00884393
0.000148785
-4.7341e-10
-0.0076044
3.76907e-05
9.13443e-12
-0.00475475
-6.94797e-12
0.0036074
-3.76911e-05
0.000127462
0.0036074
-0.000148786
3.90054e-05
-0.00475475
-0.000263163
-0.000114782
-0.00760441
-0.000111172
-7.46864e-05
-0.00884393
-8.77223e-10
0.00011117
-0.0108508
0.000111169
0.00011117
-0.0108508
0.000263162
-7.46881e-05
-0.00884392
0.000148785
-0.000114783
-0.0076044
3.76906e-05
3.90053e-05
-0.00475475
0.000127462
0.0036074
0.000173936
2.73454e-05
0.00521086
0.000119458
3.61749e-05
0.0019259
-8.61059e-05
-0.000145722
-0.00319755
7.46859e-05
8.61056e-05
-0.0048795
-1.1067e-09
0.000263163
-0.00884393
-7.46881e-05
0.000263162
-0.00884392
8.61047e-05
8.61047e-05
-0.00487949
-0.000119459
-0.000145723
-0.00319755
-0.000173936
3.61746e-05
0.0019259
2.73449e-05
0.00521086
8.44907e-05
-1.38536e-05
0.00509601
0.000183022
-2.40089e-05
0.00513678
0.000145722
-0.000183022
0.00302297
0.000114782
-0.000119458
-0.00319755
-5.01539e-10
0.000148785
-0.0076044
-0.000114783
0.000148785
-0.00760441
-0.000145723
-0.000119459
-0.00319755
-0.000183023
-0.000183023
0.00302298
-8.44907e-05
-2.40092e-05
0.00513678
-1.38538e-05
0.00509601
2.08045e-05
-9.73606e-06
0.00485466
2.40092e-05
-2.08044e-05
0.00515502
-3.61745e-05
-8.44905e-05
0.00513678
-3.90052e-05
-0.000173936
0.0019259
6.03213e-12
3.76907e-05
-0.00475475
3.90053e-05
3.76906e-05
-0.00475475
3.61746e-05
-0.000173936
0.0019259
-2.40092e-05
-8.44906e-05
0.00513678
-2.08044e-05
-2.08044e-05
0.00515502
-9.73619e-06
0.00485466
9.73621e-06
0.00469038
1.38538e-05
0.00485466
-2.73449e-05
0.00509601
-0.000127462
0.00521086
-2.17866e-11
0.0036074
0.000127462
0.0036074
2.73448e-05
0.00521086
-1.38539e-05
0.00509601
-9.73619e-06
0.00485466
0.00469038
4.67191e-05
4.67191e-05
7.57107e-05
7.47223e-05
5.75676e-05
0.00015028
-6.29457e-05
0.000283905
-1.03692e-10
6.29785e-05
6.29456e-05
6.29785e-05
-5.75677e-05
0.000283905
-7.57108e-05
0.00015028
-4.6719e-05
7.47222e-05
4.67191e-05
7.47223e-05
7.57108e-05
0.000123545
0.000123545
0.000111358
0.000278467
6.67946e-05
0.000224934
-3.2591e-12
-5.88716e-05
-6.67946e-05
-5.88712e-05
-0.000111358
0.000224934
-0.000123545
0.000278467
-7.47222e-05
0.000123544
7.57108e-05
0.00015028
5.75677e-05
0.000278467
0.000111358
0.000243145
0.000243145
0.00014858
-3.12773e-05
-6.6752e-10
-0.000141865
-0.000148581
-0.000141865
-0.000243146
-3.1277e-05
-0.000278467
0.000243145
-0.00015028
0.000111357
5.75678e-05
0.000283905
-6.29456e-05
0.000224934
6.67948e-05
-3.12773e-05
0.00014858
4.16252e-05
4.16252e-05
-1.41537e-09
-2.71949e-05
-4.16275e-05
-2.71948e-05
3.12769e-05
4.16266e-05
-0.000224934
0.000148581
-0.000283904
6.67941e-05
-6.29455e-05
6.29786e-05
-1.00003e-10
-5.88715e-05
1.52552e-11
-0.000141865
-6.32835e-10
-2.71948e-05
-1.35096e-09
-8.48692e-10
-9.07882e-10
2.7193e-05
-8.99902e-10
0.000141865
-1.26698e-09
5.88711e-05
-5.87232e-10
-6.29785e-05
3.50129e-11
-9.85267e-11
6.29785e-05
6.29456e-05
-5.8871e-05
-6.67945e-05
-0.000141865
-0.000148581
-2.71947e-05
-4.16274e-05
-8.40874e-10
2.7193e-05
2.71929e-05
2.71929e-05
0.000141864
-4.16287e-05
5.88707e-05
-0.000148582
-6.29784e-05
-6.67939e-05
6.29454e-05
0.000283905
-5.75677e-05
0.000224934
-0.000111358
-3.1277e-05
-0.000243146
4.16265e-05
3.12769e-05
-1.33181e-09
0.000141865
-4.16287e-05
0.000141865
3.12766e-05
3.12766e-05
-0.000224934
-0.000243146
-0.000283904
-0.000111357
-5.75679e-05
0.00015028
-7.57108e-05
0.000278467
-0.000123545
0.000243145
-0.000278467
0.000148581
-0.000224934
-6.21357e-10
5.88711e-05
-0.000148582
5.88707e-05
-0.000243146
-0.000224934
-0.000278467
-0.000278467
-0.00015028
-0.000123544
-7.57108e-05
7.47222e-05
-4.6719e-05
0.000123544
-7.47222e-05
0.000111357
-0.00015028
6.6794e-05
-0.000283904
1.60089e-11
-6.29785e-05
-6.67939e-05
-6.29785e-05
-0.000111357
-0.000283904
-0.000123544
-0.00015028
-7.47221e-05
-7.47221e-05
-4.6719e-05
4.67191e-05
7.57107e-05
5.75678e-05
-6.29455e-05
-1.00369e-10
6.29454e-05
-5.75679e-05
-7.57108e-05
-4.6719e-05
)
;

boundaryField
{
    bottom
    {
        type            calculated;
        value           nonuniform List<scalar> 0();
    }
    atmosphere
    {
        type            calculated;
        value           nonuniform List<scalar> 0();
    }
    walls
    {
        type            calculated;
        value           uniform 0;
    }
    procBoundary2to0
    {
        type            processor;
        value           nonuniform List<scalar> 
100
(
0.00459694
0.00475095
0.00496388
0.00504747
0.00348147
0.00348147
0.00504747
0.00496388
0.00475095
0.00459694
0.00475095
0.00505737
0.00502078
0.00202943
-0.00456611
-0.00456611
0.00202943
0.00502078
0.00505737
0.00475095
0.00496388
0.00502078
0.00309361
-0.00284678
-0.00737283
-0.00737283
-0.00284677
0.00309362
0.00502078
0.00496387
0.00504747
0.00202943
-0.00284678
-0.00502532
-0.00891698
-0.00891697
-0.00502531
-0.00284677
0.00202943
0.00504747
0.00348147
-0.00456611
-0.00737283
-0.00891698
-0.0109052
-0.0109052
-0.00891697
-0.00737283
-0.00456611
0.00348147
0.00348147
-0.00456611
-0.00737283
-0.00891697
-0.0109052
-0.0109052
-0.00891697
-0.00737283
-0.00456611
0.00348148
0.00504747
0.00202943
-0.00284677
-0.00502531
-0.00891697
-0.00891697
-0.0050253
-0.00284677
0.00202943
0.00504747
0.00496388
0.00502078
0.00309362
-0.00284677
-0.00737283
-0.00737283
-0.00284677
0.00309362
0.00502078
0.00496387
0.00475095
0.00505737
0.00502078
0.00202943
-0.00456611
-0.00456611
0.00202943
0.00502078
0.00505737
0.00475095
0.00459694
0.00475095
0.00496387
0.00504747
0.00348147
0.00348148
0.00504747
0.00496387
0.00475095
0.00459694
)
;
    }
    procBoundary2to3
    {
        type            processor;
        value           nonuniform List<scalar> 
100
(
-0.00292471
-0.00292724
-0.00286302
-0.00285384
-0.0025953
-0.0025953
-0.00285384
-0.00286302
-0.00292724
-0.00292471
-0.00292724
-0.00289218
-0.00276706
-0.00258748
-0.00068804
-0.000688043
-0.00258747
-0.00276706
-0.00289218
-0.00292724
-0.00286302
-0.00276706
-0.00206931
0.0005743
0.00536072
0.00536072
0.000574279
-0.0020693
-0.00276705
-0.00286302
-0.00285384
-0.00258748
0.0005743
0.00457873
0.00864706
0.00864706
0.00457869
0.000574289
-0.00258747
-0.00285384
-0.0025953
-0.00068804
0.00536072
0.00864706
0.00870732
0.00870732
0.00864706
0.00536071
-0.000688049
-0.00259529
-0.0025953
-0.000688043
0.00536072
0.00864706
0.00870732
0.00870732
0.00864706
0.0053607
-0.000688052
-0.00259529
-0.00285384
-0.00258747
0.000574279
0.00457869
0.00864706
0.00864706
0.00457865
0.000574266
-0.00258747
-0.00285383
-0.00286302
-0.00276706
-0.00206931
0.000574289
0.00536071
0.0053607
0.000574266
-0.0020693
-0.00276705
-0.00286301
-0.00292724
-0.00289218
-0.00276705
-0.00258747
-0.000688049
-0.000688052
-0.00258747
-0.00276705
-0.00289217
-0.00292724
-0.00292471
-0.00292724
-0.00286302
-0.00285384
-0.00259529
-0.00259529
-0.00285383
-0.00286301
-0.00292724
-0.00292471
)
;
    }
}


// ************************************************************************* //
