/*--------------------------------*- C++ -*----------------------------------*\
| =========                 |                                                 |
| \\      /  F ield         | OpenFOAM: The Open Source CFD Toolbox           |
|  \\    /   O peration     | Version:  2412                                  |
|   \\  /    A nd           | Website:  www.openfoam.com                      |
|    \\/     M anipulation  |                                                 |
\*---------------------------------------------------------------------------*/
FoamFile
{
    version     2.0;
    format      ascii;
    arch        "LSB;label=32;scalar=64";
    class       surfaceScalarField;
    location    "0.75";
    object      phi;
}
// * * * * * * * * * * * * * * * * * * * * * * * * * * * * * * * * * * * * * //

dimensions      [0 3 -1 0 0 0 0];

oriented        oriented;

internalField   nonuniform List<scalar> 
2700
(
0.00022979
0.000229791
-0.000459581
-0.000153036
0.000347707
3.51192e-05
-0.000297677
0.000213242
-6.86001e-05
-0.000224178
6.72681e-05
-0.000140767
6.55521e-10
2.35244e-05
-0.000247703
0.000224179
2.35229e-05
-0.000247701
0.000297676
6.72682e-05
-0.000140766
0.000153035
0.000213243
-6.86017e-05
-0.000229791
0.000347707
3.51185e-05
0.000229791
-0.000459582
0.000347707
-0.000153035
3.51193e-05
0.000290881
0.000290882
0.00011365
2.72354e-06
0.000225493
0.000275907
-9.62843e-05
-0.000231991
0.000398267
-9.70322e-10
-0.000232882
0.000160124
9.62829e-05
-0.000232889
0.000160128
-2.72268e-06
-0.000231997
0.000398271
-0.000290879
0.000225498
0.000275902
-0.000347707
0.000290885
0.00011365
-0.000153035
3.51188e-05
0.000213242
-0.000297677
-6.86e-05
0.000225491
2.72492e-06
0.000275908
-4.60652e-05
-4.60622e-05
0.000543111
-3.19796e-05
-0.000433122
0.000187046
-2.64524e-09
-0.00043785
0.00017299
3.19784e-05
-0.000437855
0.000172984
4.6069e-05
-0.000433127
0.000187039
-0.000225489
-4.60603e-05
0.000543116
-0.000213242
2.7277e-06
0.00027591
-0.000297676
-6.86011e-05
6.7269e-05
-0.000224178
-0.000140768
-0.000231989
-9.62834e-05
0.000398267
-0.000433122
-3.19771e-05
0.000187048
-0.00018042
-0.000180419
-0.000505406
-1.6505e-09
-0.000201046
-0.000417222
0.000180421
-0.000201046
-0.000417231
0.000433127
-0.000180417
-0.000505417
0.000231991
-3.19773e-05
0.000187053
-6.72697e-05
-9.62822e-05
0.000398271
-0.000224177
-0.000140769
2.35271e-05
6.97293e-10
-0.000247706
-0.000232878
-1.20199e-09
0.000160123
-0.000437846
-4.07811e-09
0.000172995
-0.000201043
-2.78558e-09
-0.000417219
-1.7921e-09
-4.26237e-09
-0.000402082
0.000201041
-4.03321e-09
-0.000402085
0.000437846
-2.49055e-09
-0.000417219
0.000232878
-3.60765e-09
0.000172995
-2.35289e-05
-1.05032e-09
0.000160125
5.67681e-10
-0.000247706
2.35244e-05
0.000224178
-0.000247702
-0.000232888
9.62811e-05
0.00016013
-0.000437854
3.19756e-05
0.000172986
-0.000201045
0.00018042
-0.000417232
-1.55994e-09
0.000201043
-0.000402091
0.000201044
0.000201044
-0.000402093
0.000437854
0.000180419
-0.000417232
0.000232887
3.19766e-05
0.000172987
-2.35261e-05
9.62804e-05
0.000160132
0.000224177
-0.000247703
6.72685e-05
0.000297676
-0.000140766
-0.000231999
-2.72405e-06
0.000398273
-0.000433131
4.6068e-05
0.000187039
-0.000180418
0.00043313
-0.000505422
-1.30327e-09
0.000437852
-0.000417225
0.000180421
0.000437856
-0.000417235
0.000433136
0.000433135
-0.000505431
0.000232
4.60663e-05
0.000187046
-6.72688e-05
-2.72641e-06
0.000398276
0.000297675
-0.000140767
0.000213243
0.000153035
-6.8602e-05
0.000225498
-0.000290879
0.000275901
-4.6063e-05
-0.00022549
0.000543118
-3.19803e-05
0.000231994
0.000187053
-2.19987e-09
0.000232883
0.00017299
3.198e-05
0.000232889
0.000172985
4.60672e-05
0.000232
0.000187048
-0.000225495
-0.000225495
0.000543123
-0.000213244
-0.000290882
0.000275903
0.000153034
-6.86029e-05
0.000347707
-0.000229791
3.51183e-05
0.000290884
-0.000347707
0.000113651
2.72693e-06
-0.000213242
0.00027591
-9.62828e-05
-6.72687e-05
0.000398272
-8.12847e-10
-2.35265e-05
0.000160128
9.62817e-05
-2.35249e-05
0.000160132
-2.72569e-06
-6.72683e-05
0.000398275
-0.000290882
-0.000213243
0.000275905
-0.000347708
-0.000347708
0.000113651
-0.000229791
3.51179e-05
0.000229791
-0.000459582
-0.000153035
3.51187e-05
-0.000297676
-6.86012e-05
-0.000224177
-0.000140768
5.22723e-10
-0.000247704
0.000224177
-0.000247702
0.000297675
-0.000140766
0.000153034
-6.86026e-05
-0.000229791
3.5118e-05
-0.000459582
-7.95224e-06
-7.95209e-06
-0.000443677
-0.000180351
0.000102581
0.000104937
-0.000329678
2.58221e-06
7.81453e-05
-0.000261472
-5.26331e-05
-0.00015634
1.81359e-10
1.21585e-05
-0.000521334
0.000261472
1.21574e-05
-0.00052133
0.000329678
-5.26456e-05
-0.000156327
0.00018035
2.57906e-06
7.81475e-05
7.95164e-06
0.000102581
0.000104936
-7.95257e-06
-0.000443678
0.000102581
-0.00018035
0.000104937
0.000361428
0.000361429
-0.000404046
-7.10557e-05
0.000230108
0.000480865
-0.000245018
-0.000239781
0.000759377
4.94547e-09
0.000629661
-0.000702402
0.000245014
0.000629603
-0.000702327
7.10444e-05
-0.000239835
0.00075943
-0.000361429
0.000230075
0.00048088
-0.000102581
0.000361414
-0.000404032
-0.000180351
0.000104936
2.58342e-06
-0.000329677
7.81441e-05
0.000230115
-7.10581e-05
0.000480864
0.00022587
0.000225875
0.000551588
3.39229e-05
-0.000308349
0.000447561
-1.20453e-09
-0.000236982
0.00107356
-3.39279e-05
-0.000237093
0.00107361
-0.000225861
-0.000308399
0.000447537
-0.000230097
0.000225862
0.000551565
-2.58388e-06
-7.10665e-05
0.000480877
-0.000329677
7.81415e-05
-5.26303e-05
-0.000261472
-0.000156343
-0.000239771
-0.000245025
0.000759374
-0.00030835
3.39353e-05
0.000447567
-4.06737e-05
-4.06864e-05
-0.00104075
-1.55489e-08
-0.000369422
-0.00032544
4.06845e-05
-0.000369523
-0.000325501
0.00030839
-4.07253e-05
-0.0010408
0.000239798
3.39462e-05
0.000447561
5.26347e-05
-0.000245027
0.000759395
-0.000261471
-0.000156341
1.2159e-05
2.34799e-10
-0.000521337
0.000629628
7.76085e-09
-0.000702379
-0.000236952
-3.71444e-09
0.00107351
-0.000369339
-3.28633e-08
-0.000325485
-1.63131e-08
-4.62332e-08
-0.00114078
0.000369337
-4.46888e-08
-0.00114092
0.000237036
-3.18432e-08
-0.000325612
-0.000629532
-4.36513e-09
0.00107351
-1.21589e-05
7.44134e-09
-0.000702282
1.06786e-10
-0.000521336
1.21572e-05
0.000261471
-0.00052133
0.000629526
0.000245023
-0.000702254
-0.000237164
-3.39421e-05
0.00107361
-0.000369546
4.06883e-05
-0.000325571
-1.48769e-08
0.000369419
-0.00114109
0.000369544
0.000369522
-0.00114122
0.000237234
4.07301e-05
-0.000325684
-0.000629445
-3.39516e-05
0.00107361
-1.21571e-05
0.000245027
-0.000702175
0.00026147
-0.000521329
-5.26483e-05
0.000329677
-0.000156324
-0.000239847
7.10438e-05
0.000759451
-0.000308426
-0.000225859
0.000447535
-4.07458e-05
0.000308405
-0.00104082
-1.45599e-08
0.000237105
-0.000325643
4.07591e-05
0.000237205
-0.000325691
0.000308463
0.000308452
-0.00104086
0.000239867
-0.000225846
0.000447536
5.26511e-05
7.1053e-05
0.000759466
0.000329677
-0.000156323
2.5789e-06
0.000180349
7.81473e-05
0.000230071
-0.000361431
0.000480883
0.000225851
-0.000230082
0.000551561
3.39356e-05
0.000239817
0.000447557
-1.85663e-09
-0.000629533
0.00107357
-3.39394e-05
-0.000629489
0.00107362
-0.000225841
0.000239864
0.000447538
-0.000230056
-0.000230051
0.000551543
-2.57909e-06
-0.000361418
0.000480897
0.00018035
7.81452e-05
0.000102581
7.95153e-06
0.000104935
0.00036141
-0.000102581
-0.000404029
-7.1067e-05
-2.58209e-06
0.000480887
-0.000245021
5.26389e-05
0.000759405
4.79255e-09
-1.21581e-05
-0.000702273
0.00024502
-1.21571e-05
-0.000702215
7.10564e-05
5.265e-05
0.000759453
-0.000361412
-2.57861e-06
0.000480902
-0.000102581
-0.000102581
-0.000404017
7.95206e-06
0.000104935
-7.95288e-06
-0.000443678
-0.000180352
0.000104937
-0.000329678
7.81431e-05
-0.000261471
-0.000156336
6.84851e-11
-0.000521333
0.00026147
-0.000521329
0.000329678
-0.000156324
0.000180351
7.81458e-05
7.95232e-06
0.000104936
-0.000443678
-5.10177e-05
-5.10175e-05
-0.000341642
-8.41863e-05
6.61172e-05
7.19882e-05
-0.000230005
-2.47457e-06
0.000226438
-0.000212528
3.76338e-06
-0.000177581
-1.23598e-09
-0.000171887
-0.000561974
0.000212527
-0.000171923
-0.000561935
0.000230008
3.76123e-06
-0.000177569
8.4191e-05
-2.48015e-06
0.000226445
5.1019e-05
6.61175e-05
7.19902e-05
-5.10174e-05
-0.000341641
6.6117e-05
-8.4186e-05
7.1988e-05
0.000929503
0.000929507
-0.00213082
-2.51969e-05
0.00148707
-5.39819e-05
-0.000842954
0.00162673
-4.58306e-05
2.25411e-09
0.000536673
-0.00225392
0.000842952
0.000536622
-0.00225382
2.51909e-05
0.0016267
-4.57451e-05
-0.000929496
0.00148705
-5.39589e-05
-6.61167e-05
0.000929512
-0.00213081
-8.41866e-05
7.19888e-05
-2.47369e-06
-0.000230004
0.000226436
0.00148707
-2.51986e-05
-5.39762e-05
0.00102433
0.00102433
0.00147707
0.000207109
0.00103097
0.00186054
-4.19203e-08
-0.000192584
0.00200997
-0.000207182
-0.000192669
0.00201004
-0.00102439
0.00103092
0.00186052
-0.0014871
0.00102429
0.00147703
2.47406e-06
-2.52034e-05
-5.39868e-05
-0.000230005
0.000226434
3.76391e-06
-0.000212527
-0.000177585
0.00162673
-0.000842957
-4.58324e-05
0.00103097
0.000207096
0.00186055
0.000338509
0.000338464
0.000344229
-2.08427e-08
-0.000281316
0.000101821
-0.00033852
-0.000281453
0.000101781
-0.00103099
0.000338421
0.000344174
-0.00162675
0.000207061
0.00186056
-3.76296e-06
-0.00084298
-4.58194e-05
-0.000212525
-0.000177583
-0.00017187
7.35578e-10
-0.000561994
0.000536707
2.31706e-09
-0.00225391
-0.000192554
-6.63374e-08
0.00200994
-0.00028124
-4.23337e-08
0.000101707
-6.46596e-08
-1.5884e-07
-0.00170311
0.000281273
-1.57507e-07
-0.00170355
0.000192661
-3.9762e-08
0.000101461
-0.00053669
-6.1097e-08
0.00200999
0.000171861
3.95301e-09
-0.00225382
2.97798e-10
-0.000562001
-0.00017192
0.000212528
-0.000561937
0.000536608
0.000842957
-0.00225374
-0.000192758
-0.000207199
0.00201011
-0.000281543
-0.000338497
0.000101669
-6.45226e-08
0.000281327
-0.00170405
0.000281571
0.000281462
-0.00170447
0.000192854
-0.000338453
0.000101446
-0.000536598
-0.000207155
0.00201016
0.000171908
0.00084298
-0.00225366
0.000212526
-0.000561948
3.76068e-06
0.000230008
-0.000177565
0.00162669
2.51881e-05
-4.57077e-05
0.00103089
-0.0010244
0.00186053
0.000338408
-0.00103099
0.000344158
-1.76904e-08
0.000192756
0.000101354
-0.000338418
0.000192835
0.000101337
-0.00103091
-0.00103093
0.000344116
-0.00162671
-0.00102436
0.00186054
-3.76001e-06
2.51947e-05
-4.56993e-05
0.000230009
-0.000177565
-2.48177e-06
8.41915e-05
0.000226446
0.00148704
-0.000929503
-5.39445e-05
0.00102428
-0.00148711
0.00147702
0.00020706
-0.00162675
0.00186055
-3.74024e-08
-0.000536643
0.00201006
-0.000207126
-0.000536597
0.00201014
-0.00102434
-0.00162672
0.00186054
-0.00148707
-0.00148708
0.00147699
2.48238e-06
-0.000929507
-5.39489e-05
8.4192e-05
0.000226444
6.61174e-05
5.10191e-05
7.19903e-05
0.000929508
-6.61166e-05
-0.00213081
-2.52031e-05
2.47639e-06
-5.39886e-05
-0.000842974
-3.7618e-06
-4.58159e-05
4.19006e-09
0.000171872
-0.00225377
0.000842973
0.000171905
-0.00225369
2.51982e-05
-3.75991e-06
-4.57333e-05
-0.000929501
2.48221e-06
-5.396e-05
-6.61171e-05
-6.61169e-05
-0.00213079
5.1019e-05
7.19911e-05
-5.10177e-05
-0.000341641
-8.4187e-05
7.19894e-05
-0.000230006
0.000226438
-0.000212525
-0.000177578
-1.31313e-09
-0.000561984
0.000212525
-0.00056195
0.000230009
-0.000177567
8.41915e-05
0.000226445
5.10188e-05
7.19914e-05
-0.00034164
-0.000100192
-0.000100192
-0.000141257
-0.000116231
3.84644e-05
4.95629e-05
-0.000289005
3.40561e-05
0.000365155
-0.000373516
-0.000189678
9.6608e-05
1.44949e-08
-0.000552547
-0.000382957
0.000373529
-0.000552552
-0.000382897
0.000289008
-0.000189671
9.66225e-05
0.00011623
3.4059e-05
0.000365163
0.000100193
3.84642e-05
4.95632e-05
-0.000100193
-0.000141255
3.84645e-05
-0.000116233
4.95636e-05
0.000323986
0.000323937
-0.00270182
-0.000507537
0.00144656
-0.000634963
-0.000660362
0.000449153
-0.000531836
-2.74258e-08
-0.00102299
-0.00244381
0.000660398
-0.00102294
-0.00244386
0.00050748
0.000449171
-0.00053167
-0.000324107
0.00144656
-0.000634874
-3.84652e-05
0.000323928
-0.00270191
-0.000116235
4.95655e-05
3.40546e-05
-0.000289006
0.000365155
0.00144657
-0.000507578
-0.000634976
0.000934121
0.000934107
0.00250197
0.000176441
0.000236073
0.0028313
-8.76326e-08
-0.00055604
0.00171955
-0.000176553
-0.000556015
0.00171958
-0.000934196
0.000235984
0.00283135
-0.00144662
0.000934075
0.00250194
-3.40514e-05
-0.000507644
-0.00063498
-0.000289012
0.000365159
-0.000189684
-0.000373513
9.6606e-05
0.000449147
-0.000660368
-0.000531873
0.000236074
0.000176418
0.00283132
-0.000402343
-0.000402357
0.00162108
1.46858e-08
-0.000440941
-0.000415636
0.000402437
-0.000441006
-0.00041565
-0.000235998
-0.000402389
0.00162098
-0.000449146
0.000176397
0.00283138
0.000189709
-0.000660452
-0.000531867
-0.000373515
9.66284e-05
-0.00055255
2.51658e-08
-0.000382982
-0.00102296
-4.21324e-08
-0.00244383
-0.000556002
-1.28231e-07
0.00171952
-0.000440885
2.09354e-08
-0.000415787
-4.39244e-08
-1.31435e-07
-0.00258476
0.000440893
-1.38951e-07
-0.00258535
0.000556026
1.4533e-08
-0.000416075
0.00102297
-1.19206e-07
0.00171956
0.000552565
-3.6268e-08
-0.00244383
2.2885e-08
-0.000382974
-0.000552556
0.000373534
-0.00038289
-0.0010229
0.000660424
-0.00244386
-0.000556034
-0.000176582
0.0017197
-0.00044104
0.000402483
-0.000415787
-5.29601e-08
0.000440886
-0.00258606
0.000441046
0.000440952
-0.00258666
0.000556072
0.000402503
-0.000416068
0.00102291
-0.000176552
0.00171976
0.000552569
0.000660495
-0.00244385
0.000373534
-0.00038289
-0.000189677
0.000289011
9.66358e-05
0.000449165
0.000507497
-0.000531623
0.000235911
-0.000934201
0.0028314
-0.000402451
-0.000235958
0.00162096
9.28767e-09
0.000556083
-0.000416303
0.000402534
0.000556071
-0.000416306
-0.000235843
-0.000235876
0.00162087
-0.000449159
-0.000934163
0.00283147
0.000189701
0.000507564
-0.000531628
0.000289016
9.6654e-05
3.40585e-05
0.00011623
0.000365168
0.00144657
-0.000324119
-0.00063484
0.000934081
-0.00144662
0.00250194
0.000176409
-0.00044914
0.0028314
-7.97747e-08
0.001023
0.00171964
-0.000176514
0.00102295
0.00171969
-0.000934151
-0.000449155
0.00283145
-0.00144661
-0.00144662
0.00250191
-3.40549e-05
-0.000324092
-0.00063485
0.000116233
0.000365172
3.84641e-05
0.000100194
4.95628e-05
0.000323958
-3.84653e-05
-0.00270195
-0.00050762
-3.40514e-05
-0.000634982
-0.000660446
0.000189716
-0.000531846
-2.2238e-08
0.000552567
-0.00244376
0.00066047
0.000552571
-0.0024438
0.000507558
0.000189707
-0.000531683
-0.00032407
-3.40542e-05
-0.000634894
-3.84646e-05
-3.8465e-05
-0.00270202
0.000100194
4.95651e-05
-0.000100193
-0.000141254
-0.000116235
4.95655e-05
-0.000289012
0.000365164
-0.000373517
9.6642e-05
1.30867e-08
-0.000382947
0.000373529
-0.000382894
0.000289015
9.6653e-05
0.000116234
0.000365172
0.000100194
4.9566e-05
-0.000141251
-7.3122e-05
-7.31222e-05
4.98734e-06
-8.35234e-05
2.93257e-05
3.06385e-05
-0.000267622
2.09581e-05
0.000528296
-0.0002804
-0.000328097
0.000437483
2.37727e-09
-0.00064829
-1.50699e-05
0.000280404
-0.00064825
-1.50491e-05
0.000267621
-0.000328129
0.000437535
8.35238e-05
2.09585e-05
0.000528302
7.31235e-05
2.93267e-05
3.06368e-05
-7.31236e-05
4.99259e-06
2.93258e-05
-8.35239e-05
3.06395e-05
-0.00032939
-0.000329391
-0.00198438
-0.000807369
0.000856169
-0.000992195
-0.000437797
-0.000239044
-0.000990461
-2.98772e-08
-0.00139218
-0.0021377
0.000437759
-0.00139208
-0.00213782
0.000807374
-0.00023908
-0.000990333
0.000329394
0.000856185
-0.000992121
-2.93249e-05
-0.000329389
-0.00198448
-8.35256e-05
3.06426e-05
2.09575e-05
-0.000267622
0.000528295
0.000856178
-0.000807361
-0.000992226
0.00053504
0.000535025
0.00314426
1.2412e-06
-0.000209934
0.00333599
-3.87182e-09
-0.000761059
0.00108968
-1.28797e-06
-0.000760972
0.00108976
-0.000535097
-0.000209914
0.003336
-0.000856207
0.000535014
0.00314422
-2.09586e-05
-0.000807368
-0.00099225
-0.000267624
0.000528299
-0.000328092
-0.0002804
0.000437476
-0.00023903
-0.000437786
-0.000990509
-0.000209941
1.24381e-06
0.00333601
-0.000521793
-0.000521752
0.00224475
6.83847e-08
-0.000207773
-0.00149078
0.000521833
-0.000207648
-0.00149074
0.000209932
-0.000521679
0.00224465
0.000239008
1.24946e-06
0.00333607
0.000328088
-0.00043779
-0.000990524
-0.000280404
0.000437496
-0.00064832
7.11095e-09
-1.50693e-05
-0.0013922
-4.33587e-08
-0.00213769
-0.000761063
7.77927e-09
0.00108961
-0.000207808
1.25411e-07
-0.00149092
-1.29198e-08
-5.23092e-08
-0.00300028
0.000207773
-5.89548e-08
-0.00300073
0.000761032
1.10539e-07
-0.00149112
0.00139219
7.60019e-09
0.00108965
0.000648331
-3.92524e-08
-0.00213772
6.59867e-09
-1.50533e-05
-0.000648252
0.000280408
-1.50388e-05
-0.00139205
0.000437738
-0.00213784
-0.000760907
-1.28979e-06
0.00108985
-0.000207518
0.000521826
-0.00149088
-2.06044e-08
0.000207659
-0.00300126
0.000207485
0.000207536
-0.00300176
0.000760892
0.000521743
-0.00149111
0.00139206
-1.29895e-06
0.0010899
0.000648272
0.00043774
-0.00213784
0.000280413
-1.50246e-05
-0.000328138
0.00026762
0.000437562
-0.000239083
0.000807372
-0.000990311
-0.000209939
-0.000535092
0.00333606
-0.000521713
0.000209922
0.00224464
5.49779e-08
0.000761009
-0.00149142
0.000521744
0.000760934
-0.00149139
0.000209934
0.000209905
0.00224452
0.000239064
-0.000535079
0.00333612
0.000328133
0.000807374
-0.000990331
0.000267623
0.000437577
2.0957e-05
8.35226e-05
0.000528308
0.000856202
0.000329396
-0.00099211
0.000535027
-0.000856203
0.00314422
1.23646e-06
0.000239008
0.00333611
-3.57618e-09
0.00139217
0.00108971
-1.28703e-06
0.0013921
0.00108981
-0.000535084
0.000239048
0.00333611
-0.000856225
-0.000856212
0.00314418
-2.09559e-05
0.000329396
-0.000992142
8.35239e-05
0.000528316
2.93262e-05
7.31237e-05
3.06356e-05
-0.000329395
-2.9325e-05
-0.00198451
-0.000807374
-2.09576e-05
-0.000992248
-0.000437797
0.000328088
-0.000990504
-2.679e-08
0.00064831
-0.00213767
0.000437755
0.000648277
-0.00213776
0.000807373
0.000328121
-0.000990374
0.000329401
-2.09564e-05
-0.000992178
-2.93255e-05
-2.93261e-05
-0.00198457
7.31251e-05
3.06385e-05
-7.31241e-05
4.99387e-06
-8.35257e-05
3.06422e-05
-0.000267623
0.000528303
-0.000280405
0.000437513
2.18893e-09
-1.50448e-05
0.00028041
-1.50252e-05
0.000267622
0.000437562
8.35254e-05
0.000528312
7.31255e-05
3.06399e-05
4.99906e-06
1.95232e-05
1.95236e-05
-3.40594e-05
-6.26689e-05
4.26869e-06
0.000108562
-0.000318468
-0.00016823
0.000952325
-0.00030833
-0.000581614
0.00100896
5.85576e-09
-0.00073817
0.000414765
0.00030831
-0.000738084
0.000414731
0.000318449
-0.000581661
0.00100906
6.26695e-05
-0.000168251
0.000952333
-1.95214e-05
4.26686e-06
0.000108561
1.9523e-05
-3.40518e-05
4.26844e-06
-6.26674e-05
0.000108562
-0.000389312
-0.000389303
-0.00119723
-0.000742184
0.000219249
-0.0010268
-0.000161516
-0.000920353
-0.00123239
-3.77353e-08
-0.00120628
-0.00183106
0.000161423
-0.00120616
-0.00183121
0.000742186
-0.000920367
-0.00123239
0.000389361
0.000219259
-0.00102681
-4.26533e-06
-0.000389319
-0.00119726
-6.26661e-05
0.000108566
-0.000168215
-0.000318475
0.000952317
0.000219274
-0.000742185
-0.00102683
0.000155624
0.000155615
0.00327154
-0.000226705
-0.000426119
0.00322408
2.20677e-08
-0.000575954
0.000232624
0.000226698
-0.00057581
0.000232733
-0.000155652
-0.000426019
0.003224
-0.000219306
0.000155638
0.0032715
0.000168192
-0.000742176
-0.00102689
-0.000318476
0.000952301
-0.000581591
-0.00030834
0.00100893
-0.00092033
-0.000161531
-0.00123243
-0.000426143
-0.000226686
0.00322412
-0.000430199
-0.000430115
0.0022528
8.38041e-08
-0.000135188
-0.00236183
0.000430223
-0.000134936
-0.00236175
0.000426099
-0.000430014
0.00225277
0.000920301
-0.000226657
0.00322416
0.000581563
-0.000161478
-0.00123248
-0.000308338
0.00100892
-0.000738205
1.11927e-08
0.000414785
-0.00120631
-5.53158e-08
-0.00183106
-0.000575973
5.22021e-08
0.000232542
-0.000135282
1.74125e-07
-0.0023619
8.60238e-09
3.46294e-08
-0.00327079
0.000135206
3.99492e-08
-0.0032709
0.00057588
1.58697e-07
-0.00236197
0.00120626
5.04875e-08
0.000232557
0.000738198
-4.99013e-08
-0.00183109
1.12113e-08
0.000414795
-0.000738073
0.000308312
0.000414733
-0.00120611
0.000161396
-0.00183125
-0.000575668
0.000226691
0.000232769
-0.000134733
0.000430201
-0.00236184
1.39394e-08
0.000135062
-0.00327104
0.000134677
0.000134828
-0.00327122
0.000575594
0.000430094
-0.00236196
0.00120609
0.000226658
0.00023279
0.000738086
0.00016135
-0.00183124
0.000308315
0.000414757
-0.000581658
0.000318445
0.00100909
-0.00092034
0.000742186
-0.00123242
-0.000426009
-0.000155649
0.00322407
-0.000430028
0.000426048
0.00225281
7.05906e-08
0.000575785
-0.00236224
0.000430047
0.000575657
-0.0023622
0.000425979
0.00042596
0.00225272
0.000920315
-0.000155675
0.00322411
0.000581635
0.000742175
-0.00123248
0.000318448
0.00100908
-0.000168249
6.2666e-05
0.000952337
0.000219286
0.000389374
-0.00102683
0.000155657
-0.000219294
0.0032715
-0.000226657
0.00092028
0.00322419
2.13051e-08
0.00120622
0.000232598
0.000226646
0.00120612
0.000232718
-0.00015569
0.000920297
0.00322411
-0.000219317
-0.000219302
0.00327143
0.000168227
0.000389389
-0.0010269
6.26619e-05
0.000952329
4.26533e-06
-1.95216e-05
0.000108558
-0.000389336
-4.26444e-06
-0.00119727
-0.000742175
0.000168196
-0.0010269
-0.00016147
0.000581559
-0.00123249
-3.59896e-08
0.00073817
-0.00183105
0.000161376
0.000738101
-0.00183115
0.000742174
0.000581613
-0.00123249
0.000389385
0.000168217
-0.00102691
-4.26214e-06
-4.26257e-06
-0.00119727
-1.9521e-05
0.000108559
1.95224e-05
-3.40502e-05
-6.26657e-05
0.000108566
-0.000318468
0.000952301
-0.00030833
0.00100893
6.0554e-09
0.00041479
0.000308314
0.000414768
0.00031845
0.00100904
6.26631e-05
0.000952317
-1.95208e-05
0.000108561
-3.40428e-05
-6.15631e-05
-6.15621e-05
8.90658e-05
-9.1063e-05
1.13756e-05
0.000126686
-0.000325902
-1.53432e-05
0.00120251
-0.00040449
-0.000269181
0.00135673
2.44194e-09
-0.000663063
0.000673336
0.000404481
-0.000662999
0.000673251
0.000325886
-0.00026915
0.0013568
9.10598e-05
-1.53444e-05
0.0012025
6.15619e-05
1.13717e-05
0.000126687
-6.15614e-05
8.90716e-05
1.13748e-05
-9.10593e-05
0.000126684
-0.000370579
-0.000370573
-0.00043333
-0.000649866
6.01827e-05
-0.000823041
7.36348e-06
-0.000820086
-0.00133871
-2.44822e-08
-0.000853719
-0.00163302
-7.40872e-06
-0.000853667
-0.00163315
0.000649871
-0.000820037
-0.00133878
0.000370622
6.02091e-05
-0.000823111
-1.13692e-05
-0.000370587
-0.000433313
-9.1055e-05
0.000126691
-1.53238e-05
-0.000325914
0.0012025
6.02167e-05
-0.00064988
-0.000823066
-0.000160557
-0.000160532
0.00371303
-0.000256083
-0.000464627
0.00296415
4.54805e-08
-0.000310753
-0.000566471
0.000256148
-0.000310614
-0.000566423
0.000160593
-0.000464505
0.00296402
-6.02378e-05
-0.000160466
0.003713
1.53014e-05
-0.000649881
-0.000823137
-0.000325922
0.00120247
-0.000269175
-0.000404506
0.0013567
-0.000820073
7.35035e-06
-0.00133876
-0.000464683
-0.000256018
0.00296422
-0.000131025
-0.000130933
0.00158545
5.88036e-08
-3.20295e-05
-0.00277164
0.000131074
-3.17626e-05
-0.00277162
0.000464684
-0.000130849
0.0015855
0.000820049
-0.000255948
0.00296428
0.000269151
7.39326e-06
-0.00133886
-0.000404513
0.00135666
-0.0006631
5.63235e-09
0.000673373
-0.000853742
-3.21413e-08
-0.00163303
-0.000310775
9.23375e-08
-0.000566535
-3.2148e-05
1.27077e-07
-0.00277159
3.6886e-08
1.18208e-07
-0.00333512
3.20876e-05
1.2671e-07
-0.00333484
0.000310689
1.23734e-07
-0.00277154
0.000853726
8.79714e-08
-0.000566516
0.000663094
-2.6719e-08
-0.00163303
7.05101e-09
0.00067337
-0.000662998
0.00040449
0.000673246
-0.000853648
-7.41522e-06
-0.00163322
-0.000310473
0.00025614
-0.000566454
-3.16007e-05
0.000131039
-0.00277162
4.60146e-08
3.19849e-05
-0.00333455
3.15742e-05
3.17478e-05
-0.00333436
0.000310398
0.000130973
-0.00277163
0.000853637
0.000256062
-0.000566423
0.000663008
-7.45052e-06
-0.00163318
0.000404501
0.000673271
-0.000269123
0.000325885
0.00135681
-0.000819986
0.000649883
-0.00133885
-0.000464458
0.00016058
0.0029641
-0.000130794
0.000464604
0.00158558
5.73712e-08
0.000310587
-0.0027717
0.000130864
0.000310458
-0.00277172
0.000464487
0.000464508
0.00158556
0.000819968
0.000160504
0.00296419
0.000269103
0.000649895
-0.00133896
0.000325893
0.00135679
-1.53303e-05
9.10536e-05
0.0012025
6.0251e-05
0.000370635
-0.000823166
-0.000160451
-6.02253e-05
0.003713
-0.000255962
0.00082002
0.00296428
3.9894e-08
0.000853679
-0.000566497
0.000256018
0.00085363
-0.000566431
0.000160477
0.000819971
0.00296418
-6.02879e-05
-6.02663e-05
0.00371297
1.52998e-05
0.000370657
-0.000823248
9.1044e-05
0.00120248
1.13696e-05
6.15608e-05
0.000126681
-0.0003706
-1.13678e-05
-0.000433298
-0.000649873
1.53058e-05
-0.000823158
7.3886e-06
0.000269136
-0.00133887
-2.51277e-08
0.00066306
-0.00163302
-7.43325e-06
0.000663006
-0.00163312
0.000649885
0.000269108
-0.00133894
0.000370651
1.52998e-05
-0.00082324
-1.13644e-05
-1.13645e-05
-0.000433238
6.15594e-05
0.00012668
-6.15619e-05
8.90725e-05
-9.10542e-05
0.00012669
-0.000325912
0.00120246
-0.000404504
0.00135666
3.95188e-09
0.000673342
0.000404498
0.00067328
0.000325894
0.00135675
9.10451e-05
0.00120247
6.15598e-05
0.000126682
8.90765e-05
-0.000148354
-0.00014835
0.00038577
-0.000110807
3.96044e-06
8.51796e-05
-0.000351959
0.000159523
0.00128414
-0.000472983
-9.52589e-05
0.00157301
-5.93956e-09
-0.000687147
0.000887506
0.000472984
-0.000687145
0.000887405
0.000351966
-9.52059e-05
0.00157303
0.000110813
0.00015953
0.00128413
0.000148354
3.95888e-06
8.5187e-05
-0.000148347
0.000385773
3.95458e-06
-0.000110797
8.51766e-05
-0.000202087
-0.000202054
-2.12738e-05
-0.000582416
5.13512e-06
-0.000288324
-3.67751e-05
-0.000591359
-0.00138826
2.36967e-08
-0.000740528
-0.00161644
3.67511e-05
-0.000740597
-0.00161643
0.000582392
-0.000591285
-0.00138834
0.000202107
5.1585e-06
-0.000288454
-3.94962e-06
-0.000202049
-2.12489e-05
-0.00011079
8.51834e-05
0.000159536
-0.000351963
0.00128413
5.15501e-06
-0.000582423
-0.000288316
-0.000229521
-0.000229492
0.00418233
6.08443e-06
-0.000394991
0.00253218
1.44332e-07
-0.000213593
-0.00108747
-5.95127e-06
-0.00021357
-0.00108736
0.000229573
-0.000394892
0.0025321
-5.16203e-06
-0.000229442
0.00418234
-0.000159546
-0.000582435
-0.000288367
-0.000351967
0.0012841
-9.52623e-05
-0.000472996
0.00157299
-0.000591362
-3.67751e-05
-0.00138831
-0.000395048
6.16872e-06
0.00253224
4.17848e-05
4.18165e-05
0.000711808
-6.62001e-09
4.69679e-06
-0.00294814
-4.18037e-05
4.80591e-06
-0.0029482
0.000395048
4.18656e-05
0.000711892
0.000591371
6.20906e-06
0.0025323
9.52602e-05
-3.67673e-05
-0.00138842
-0.000472999
0.00157296
-0.000687163
-7.84038e-09
0.000887549
-0.000740532
4.05662e-08
-0.00161648
-0.000213594
2.25372e-07
-0.00108753
4.62986e-06
-9.21319e-09
-0.00294798
6.81424e-08
1.92271e-07
-0.00332606
-4.6282e-06
2.00182e-07
-0.00332554
0.000213573
3.39006e-09
-0.00294788
0.000740573
2.03174e-07
-0.00108751
0.000687163
4.00828e-08
-0.00161643
-3.95546e-09
0.000887538
-0.000687159
0.000472997
0.000887401
-0.000740631
3.6755e-05
-0.00161646
-0.000213506
-5.9642e-06
-0.00108739
4.84488e-06
-4.18673e-05
-0.00294812
7.70938e-08
-4.64389e-06
-0.00332495
-4.82857e-06
-4.74272e-06
-0.00332452
0.000213477
-4.1892e-05
-0.00294804
0.000740652
-6.02832e-06
-0.00108737
0.00068716
3.67739e-05
-0.00161643
0.000473008
0.000887418
-9.5183e-05
0.000351971
0.00157302
-0.000591249
0.000582393
-0.00138843
-0.000394838
0.000229557
0.00253217
4.19499e-05
0.000394955
0.000711972
5.26962e-09
0.000213519
-0.00294791
-4.19423e-05
0.000213488
-0.002948
0.00039486
0.000394876
0.000711993
0.000591263
0.000229492
0.00253227
9.51834e-05
0.000582416
-0.00138852
0.000351975
0.00157301
0.000159548
0.000110805
0.00128412
5.19273e-06
0.000202081
-0.000288499
-0.000229425
-5.15809e-06
0.00418234
6.16895e-06
0.000591351
0.00253229
1.17009e-07
0.00074056
-0.00108749
-6.06317e-06
0.000740612
-0.00108738
0.000229463
0.000591278
0.00253226
-5.21509e-06
-5.19808e-06
0.00418234
-0.00015957
0.000202053
-0.00028853
0.000110792
0.00128409
3.95467e-06
0.000148351
8.51803e-05
-0.000202067
-3.9533e-06
-2.12427e-05
-0.000582452
-0.000159543
-0.000288387
-3.68205e-05
9.52529e-05
-0.0013884
2.01788e-08
0.000687141
-0.00161644
3.68173e-05
0.000687139
-0.00161644
0.000582438
9.51982e-05
-0.00138848
0.000202064
-0.000159564
-0.000288501
-3.95259e-06
-3.95478e-06
-2.12133e-05
0.000148348
8.5171e-05
-0.000148349
0.000385773
-0.000110794
8.51817e-05
-0.000351967
0.00128409
-0.000472993
0.00157294
-2.37146e-09
0.000887492
0.000473002
0.000887414
0.000351973
0.00157298
0.000110792
0.00128408
0.000148349
8.51711e-05
0.000385773
-8.9161e-05
-8.91588e-05
0.000564089
2.81727e-05
2.3176e-05
-5.53301e-05
-0.000300419
0.000394342
0.00121839
-0.000469155
-2.80879e-05
0.00176983
-9.13993e-09
-0.000642165
0.00106052
0.000469163
-0.000642217
0.00106045
0.000300444
-2.80687e-05
0.00176981
-2.81602e-05
0.000394339
0.00121839
8.91613e-05
2.31763e-05
-5.53108e-05
-8.91575e-05
0.000564091
2.3174e-05
2.81865e-05
-5.53427e-05
0.000490945
0.000491018
-0.000956887
-0.000260922
0.000152205
0.000705681
-0.000211889
-0.000387599
-0.00107778
4.53412e-08
-0.000683083
-0.00178745
0.000211956
-0.000683233
-0.00178732
0.000260997
-0.000387565
-0.00107789
-0.000490891
0.000152204
0.000705569
-2.31728e-05
0.000491048
-0.000956838
2.81957e-05
-5.53426e-05
0.000394348
-0.000300407
0.00121837
0.000152222
-0.000260824
0.000705653
-7.14907e-06
-7.1496e-06
0.00450106
0.00038481
-0.000211309
0.00196393
8.41924e-08
-0.000159715
-0.00122611
-0.000384727
-0.000159798
-0.00122598
7.16138e-06
-0.000211322
0.00196397
-0.000152225
-7.14527e-06
0.00450107
-0.000394339
-0.000260795
0.00070559
-0.000300399
0.00121836
-2.80867e-05
-0.000469155
0.00176983
-0.000387599
-0.000211818
-0.0010778
-0.000211316
0.000384864
0.00196395
0.000176396
0.000176347
-6.35601e-05
-5.49614e-08
4.0343e-05
-0.00297175
-0.000176467
4.03188e-05
-0.0029719
0.000211309
0.000176302
-6.35075e-05
0.000387629
0.000384868
0.00196397
2.81e-05
-0.000211812
-0.00107787
-0.000469147
0.0017698
-0.000642145
-1.33966e-08
0.00106055
-0.000683037
6.74295e-08
-0.00178748
-0.000159685
1.23826e-07
-0.00122614
4.03432e-05
-1.05529e-07
-0.00297156
5.93039e-08
1.51488e-07
-0.00324558
-4.03052e-05
1.58117e-07
-0.00324502
0.000159709
-9.0645e-08
-0.00297151
0.000683077
1.07522e-07
-0.00122612
0.000642141
5.6039e-08
-0.00178736
-9.57518e-09
0.00106054
-0.000642224
0.000469168
0.00106044
-0.000683264
0.00021193
-0.00178728
-0.000159797
-0.000384744
-0.00122599
4.02793e-05
-0.000176496
-0.0029718
6.65715e-08
-4.02436e-05
-0.00324434
-4.02425e-05
-4.0222e-05
-0.00324383
0.000159797
-0.000176449
-0.00297172
0.000683267
-0.000384775
-0.00122595
0.000642203
0.000211919
-0.00178722
0.00046917
0.00106044
-2.80597e-05
0.000300446
0.0017698
-0.000387555
0.000260946
-0.00107795
-0.000211317
7.15497e-06
0.00196403
0.000176344
0.000211275
-6.34596e-05
-4.26633e-08
0.000159719
-0.00297149
-0.000176414
0.000159777
-0.00297163
0.000211299
0.000211277
-6.34459e-05
0.000387581
7.12788e-06
0.00196408
2.80678e-05
0.000260874
-0.00107796
0.000300441
0.0017698
0.000394351
-2.81655e-05
0.00121838
0.000152227
-0.000490937
0.000705509
-7.12239e-06
-0.000152226
0.00450107
0.000384843
0.000387625
0.00196398
6.44248e-08
0.000683109
-0.0012261
-0.000384789
0.00068323
-0.00122598
7.11387e-06
0.000387586
0.00196404
-0.00015226
-0.000152258
0.0045011
-0.000394364
-0.000491015
0.000705463
-2.81777e-05
0.00121834
2.31752e-05
8.91602e-05
-5.53205e-05
0.00049103
-2.31741e-05
-0.00095686
-0.000260848
-0.000394336
0.0007056
-0.000211861
2.80978e-05
-0.00107786
3.58634e-08
0.000642147
-0.00178737
0.000211929
0.000642189
-0.00178729
0.000260884
2.80731e-05
-0.00107793
-0.000491025
-0.000394355
0.000705505
-2.31743e-05
-2.31749e-05
-0.000956903
8.91597e-05
-5.53408e-05
-8.91583e-05
0.000564091
2.81915e-05
-5.53422e-05
-0.000300406
0.00121836
-0.000469149
0.00176978
-6.25918e-09
0.0010605
0.000469166
0.00106043
0.000300432
0.00176978
-2.8183e-05
0.00121834
8.91595e-05
-5.53462e-05
0.000564092
-6.21723e-05
-6.21726e-05
0.000300119
-0.0001887
-8.41192e-06
0.000181941
-0.000335445
2.14627e-05
-1.25211e-08
-0.000479527
0.000335446
-0.000479598
8.43291e-06
2.14384e-05
-0.000300102
0.000181945
6.21716e-05
-0.000188657
-6.21727e-05
-0.000188714
0.00030013
3.05193e-05
3.05751e-05
-0.000570917
0.000165766
-0.000323385
-0.000266836
6.92127e-10
-0.000519791
0.000323412
-0.000519955
0.000570959
-0.000266838
-3.05245e-05
0.000165773
0.000188697
3.0685e-05
0.000300134
0.000181944
-8.4038e-06
0.000165776
-0.000570845
0.000135277
0.00013525
0.000463705
-8.26491e-05
-4.16609e-08
-0.000111435
-0.000463761
-0.000111537
-0.000135319
-8.27172e-05
-0.000165807
0.00013524
-0.000181948
-0.000570786
-8.40403e-06
2.14689e-05
-0.00033544
-0.000266832
-0.000323367
-8.26432e-05
0.000463698
0.0002262
0.000226142
-4.41501e-08
3.78176e-05
-0.000226217
3.76644e-05
8.26657e-05
0.000226063
0.000266839
0.000463713
-2.14516e-05
-0.000323404
-0.000335437
-0.000479478
-1.98676e-08
-0.000519707
1.66821e-09
-0.000111405
-6.7777e-08
3.79135e-05
-9.70076e-08
1.94573e-09
-4.1228e-08
-3.78782e-05
-3.62479e-08
0.000111456
-9.07006e-08
0.000519731
-7.1343e-08
0.000479476
7.41436e-10
-1.84011e-08
-0.000479582
0.000335438
-0.000519957
0.000323416
-0.00011157
-0.000463788
3.75978e-05
-0.000226195
5.41623e-09
-3.77988e-05
-3.75742e-05
-3.76566e-05
0.000111595
-0.000226127
0.000519947
-0.000463812
0.000479562
0.000323445
0.000335436
2.14359e-05
8.43132e-06
-0.000266848
0.000570938
-8.27341e-05
-0.000135319
0.00022607
8.26851e-05
-4.16884e-08
0.000111503
-0.000226103
0.000111578
8.27371e-05
8.27325e-05
0.000266853
-0.000135313
-2.14407e-05
0.000570899
8.4293e-06
0.000181948
-0.000300106
0.000165782
-3.05397e-05
0.000135263
-0.000165817
0.000463743
0.000266844
-4.16978e-08
0.000519823
-0.000463804
0.000519961
-0.000135305
0.000266843
-0.000165816
-0.000165833
-0.000181956
-3.05914e-05
-0.000300114
-0.000188665
6.21713e-05
3.06687e-05
0.000188698
-0.000570821
-0.000181949
-0.000323409
-2.14384e-05
1.9309e-09
0.00047953
0.000323438
0.000479589
0.000570879
-2.14351e-05
-3.06266e-05
-0.000181957
0.000188682
0.000188693
6.21718e-05
-6.21728e-05
0.000300132
-8.41069e-06
-0.000335444
-1.18138e-08
0.000335446
8.42719e-06
-0.000300122
6.2172e-05
)
;

boundaryField
{
    bottom
    {
        type            calculated;
        value           uniform 0;
    }
    atmosphere
    {
        type            calculated;
        value           nonuniform List<scalar> 0();
    }
    walls
    {
        type            calculated;
        value           uniform 0;
    }
    procBoundary3to2
    {
        type            processor;
        value           nonuniform List<scalar> 
100
(
0.000688434
-0.000228921
0.00134497
0.0020754
0.00120462
0.00120459
0.00207539
0.00134498
-0.000228927
0.000688436
-0.000228931
-0.0013954
0.00132329
-0.00103701
-0.00207058
-0.00207038
-0.00103716
0.00132322
-0.0013954
-0.000228952
0.00134496
0.00132324
0.00456207
0.00145131
-0.00117072
-0.00117068
0.00145141
0.00456209
0.0013232
0.00134495
0.0020754
-0.00103698
0.00145131
-0.000681195
-0.00289476
-0.00289493
-0.00068117
0.00145132
-0.00103696
0.00207538
0.00120461
-0.00207061
-0.00117068
-0.00289464
-0.00316981
-0.00316944
-0.00289469
-0.00117061
-0.00207051
0.0012046
0.00120457
-0.00207032
-0.00117065
-0.00289487
-0.00316899
-0.00316863
-0.00289486
-0.00117057
-0.00207028
0.00120455
0.00207538
-0.00103719
0.00145145
-0.000681143
-0.00289468
-0.0028948
-0.000681146
0.00145147
-0.00103712
0.00207537
0.00134497
0.00132315
0.00456208
0.00145134
-0.00117063
-0.0011706
0.00145144
0.00456213
0.00132309
0.00134493
-0.000228933
-0.00139543
0.00132322
-0.00103699
-0.00207049
-0.00207036
-0.00103709
0.00132313
-0.0013955
-0.000228945
0.000688436
-0.000228949
0.00134495
0.00207538
0.00120459
0.00120456
0.00207537
0.00134493
-0.000228947
0.000688436
)
;
    }
}


// ************************************************************************* //
