/*--------------------------------*- C++ -*----------------------------------*\
| =========                 |                                                 |
| \\      /  F ield         | OpenFOAM: The Open Source CFD Toolbox           |
|  \\    /   O peration     | Version:  2412                                  |
|   \\  /    A nd           | Website:  www.openfoam.com                      |
|    \\/     M anipulation  |                                                 |
\*---------------------------------------------------------------------------*/
FoamFile
{
    version     2.0;
    format      ascii;
    arch        "LSB;label=32;scalar=64";
    class       volScalarField;
    location    "0.92";
    object      p_rgh;
}
// * * * * * * * * * * * * * * * * * * * * * * * * * * * * * * * * * * * * * //

dimensions      [1 -1 -2 0 0 0 0];

internalField   nonuniform List<scalar> 
1000
(
372.68
15.356
14.0219
11.0746
10.3219
10.3219
11.0739
14.0222
15.3564
372.684
15.356
11.1006
10.8926
10.3206
10.1923
10.1923
10.3205
10.8926
11.1006
15.3562
14.022
10.8926
13.0578
10.2839
10.3213
10.3213
10.2839
13.0576
10.8926
14.0219
11.0747
10.3206
10.2839
10.2823
10.3142
10.3142
10.2823
10.2839
10.3206
11.0745
10.3219
10.1923
10.3213
10.3142
10.234
10.234
10.3142
10.3213
10.1923
10.3219
10.3219
10.1923
10.3213
10.3142
10.234
10.234
10.3142
10.3213
10.1923
10.3219
11.0734
10.3205
10.2839
10.2823
10.3142
10.3142
10.2823
10.2839
10.3205
11.0734
14.0222
10.8926
13.0574
10.2839
10.3213
10.3213
10.2839
13.0574
10.8926
14.0222
15.3566
11.1006
10.8926
10.3206
10.1923
10.1923
10.3205
10.8926
11.1006
15.3567
372.685
15.3562
14.0218
11.0744
10.3219
10.3219
11.0738
14.022
15.3565
372.686
415.3
14.4554
13.2539
11.614
10.2946
10.2946
11.613
13.254
14.4556
415.299
14.4554
10.6335
10.5908
10.3253
10.1469
10.1469
10.3253
10.5907
10.6335
14.4555
13.2539
10.5908
11.2469
10.2509
10.2847
10.2847
10.2509
11.2469
10.5908
13.254
11.6141
10.3253
10.2509
10.2428
10.1651
10.1651
10.2428
10.2509
10.3254
11.614
10.2946
10.1469
10.2847
10.1651
10.1729
10.1729
10.1651
10.2847
10.1469
10.2946
10.2946
10.1469
10.2847
10.1651
10.1729
10.1729
10.1651
10.2847
10.1469
10.2946
11.6124
10.3253
10.2509
10.2428
10.1651
10.1651
10.2428
10.2509
10.3253
11.6125
13.254
10.5907
11.2468
10.2509
10.2847
10.2847
10.2509
11.2468
10.5907
13.254
14.4557
10.6335
10.5908
10.3253
10.1469
10.1469
10.3253
10.5907
10.6334
14.4557
415.299
14.4555
13.254
11.6138
10.2946
10.2946
11.613
13.254
14.4557
415.298
414.629
13.7042
12.7353
12.4194
10.2526
10.2527
12.4194
12.7356
13.7044
414.634
13.7042
10.3955
10.4267
10.2433
10.0941
10.0941
10.2434
10.4267
10.3955
13.7043
12.7352
10.4267
10.6441
10.1872
10.2019
10.2019
10.1872
10.644
10.4267
12.7353
12.4194
10.2433
10.1872
10.1104
10.0846
10.0846
10.1104
10.1872
10.2433
12.4194
10.2526
10.0941
10.2019
10.0846
10.1181
10.1181
10.0846
10.2019
10.0941
10.2526
10.2527
10.0941
10.2019
10.0846
10.1181
10.1181
10.0846
10.2019
10.0941
10.2527
12.4193
10.2434
10.1872
10.1104
10.0846
10.0846
10.1104
10.1872
10.2434
12.4194
12.7357
10.4267
10.644
10.1872
10.2019
10.2019
10.1872
10.644
10.4266
12.7357
13.7045
10.3955
10.4267
10.2433
10.0941
10.0941
10.2434
10.4266
10.3954
13.7045
414.639
13.7043
12.7354
12.4194
10.2526
10.2527
12.4194
12.7356
13.7045
414.636
394.88
13.1861
11.9436
11.3889
10.1926
10.1926
11.3899
11.9438
13.1863
394.869
13.1861
10.3008
10.3164
10.1314
10.0417
10.0417
10.1314
10.3164
10.3008
13.1862
11.9435
10.3164
10.5051
10.118
10.1284
10.1284
10.118
10.5051
10.3164
11.9435
11.3888
10.1314
10.118
10.0143
10.0362
10.0362
10.0143
10.118
10.1314
11.3888
10.1926
10.0417
10.1284
10.0362
10.0696
10.0696
10.0362
10.1284
10.0417
10.1926
10.1926
10.0417
10.1284
10.0362
10.0696
10.0696
10.0362
10.1284
10.0417
10.1926
11.3904
10.1314
10.118
10.0143
10.0362
10.0362
10.0143
10.118
10.1314
11.3903
11.9439
10.3164
10.5051
10.118
10.1284
10.1284
10.118
10.5051
10.3164
11.9439
13.1863
10.3008
10.3164
10.1314
10.0417
10.0417
10.1314
10.3164
10.3008
13.1863
394.863
13.1862
11.9435
11.3889
10.1926
10.1926
11.3898
11.9437
13.1863
394.859
514.038
12.8768
11.2441
10.5493
10.1297
10.1297
10.5495
11.2442
12.8769
514.035
12.8768
10.3355
10.2431
10.0616
9.99357
9.99357
10.0616
10.2431
10.3356
12.8769
11.2441
10.2431
10.6687
10.0745
10.0696
10.0696
10.0745
10.6687
10.2431
11.2441
10.5493
10.0616
10.0745
9.96698
9.99243
9.99244
9.96698
10.0745
10.0616
10.5493
10.1297
9.99356
10.0696
9.99243
10.0242
10.0242
9.99243
10.0696
9.99357
10.1297
10.1297
9.99357
10.0696
9.99244
10.0242
10.0242
9.99244
10.0696
9.99357
10.1297
10.5496
10.0616
10.0745
9.96698
9.99243
9.99244
9.96698
10.0745
10.0616
10.5496
11.2443
10.243
10.6687
10.0745
10.0696
10.0696
10.0745
10.6687
10.243
11.2442
12.877
10.3356
10.243
10.0616
9.99357
9.99357
10.0616
10.243
10.3356
12.877
514.033
12.8769
11.2441
10.5493
10.1297
10.1297
10.5494
11.2442
12.877
514.033
536.862
12.9068
10.9047
10.2585
10.053
10.053
10.2585
10.9047
12.9069
536.866
12.9068
10.4649
10.2493
10.0064
9.94564
9.94564
10.0064
10.2492
10.4649
12.9069
10.9047
10.2493
11.2092
10.0497
10.0151
10.0151
10.0497
11.2092
10.2493
10.9047
10.2585
10.0064
10.0497
9.92728
9.94932
9.94933
9.92728
10.0497
10.0064
10.2585
10.053
9.94564
10.0151
9.94932
9.97835
9.97835
9.94932
10.0151
9.94564
10.053
10.053
9.94563
10.0151
9.94933
9.97835
9.97835
9.94933
10.0151
9.94564
10.053
10.2585
10.0064
10.0497
9.92728
9.94932
9.94932
9.92728
10.0497
10.0064
10.2586
10.9047
10.2492
11.2093
10.0497
10.0151
10.0151
10.0497
11.2092
10.2492
10.9048
12.907
10.4649
10.2492
10.0064
9.94564
9.94564
10.0064
10.2492
10.4649
12.907
536.869
12.9069
10.9047
10.2586
10.053
10.053
10.2586
10.9048
12.907
536.871
551.358
13.1442
11.2613
10.2435
9.97822
9.97822
10.2435
11.2614
13.1443
551.362
13.1442
10.5129
10.3429
9.9571
9.8986
9.89859
9.9571
10.3429
10.5129
13.1443
11.2614
10.3429
11.4118
10.0282
9.96023
9.96023
10.0282
11.4117
10.3429
11.2615
10.2435
9.9571
10.0282
9.8873
9.90655
9.90655
9.8873
10.0282
9.9571
10.2435
9.97822
9.8986
9.96023
9.90655
9.93193
9.93193
9.90655
9.96023
9.8986
9.97823
9.97822
9.89859
9.96022
9.90655
9.93193
9.93193
9.90655
9.96023
9.89859
9.97823
10.2435
9.9571
10.0282
9.8873
9.90655
9.90655
9.8873
10.0282
9.95709
10.2435
11.2614
10.3429
11.4117
10.0282
9.96023
9.96023
10.0282
11.4117
10.3429
11.2615
13.1444
10.5129
10.3429
9.9571
9.8986
9.89859
9.95709
10.3429
10.5129
13.1445
551.365
13.1444
11.2616
10.2435
9.97823
9.97823
10.2436
11.2616
13.1445
551.368
567.118
13.7109
12.7692
10.1896
9.91642
9.91643
10.1896
12.7692
13.7111
567.121
13.7109
10.7442
10.6614
9.88631
9.85316
9.85316
9.88631
10.6615
10.7444
13.7111
12.7693
10.6614
11.366
9.99039
9.90944
9.90944
9.99038
11.366
10.6615
12.7697
10.1896
9.88631
9.99038
9.8462
9.86444
9.86444
9.8462
9.99037
9.88631
10.1896
9.91642
9.85316
9.90944
9.86444
9.88691
9.88691
9.86444
9.90944
9.85316
9.91643
9.91643
9.85315
9.90944
9.86444
9.88691
9.88691
9.86444
9.90944
9.85316
9.91643
10.1897
9.88631
9.99038
9.8462
9.86444
9.86444
9.8462
9.99037
9.88631
10.1897
12.7691
10.6615
11.366
9.99036
9.90944
9.90944
9.99036
11.3659
10.6616
12.7695
13.7112
10.7444
10.6615
9.88631
9.85316
9.85316
9.88631
10.6615
10.7445
13.7114
567.123
13.7112
12.7698
10.1896
9.91643
9.91643
10.1897
12.7697
13.7114
567.126
581.724
14.5901
14.7856
10.0328
9.85283
9.85283
10.0328
14.7861
14.5905
581.727
14.59
12.6774
11.3987
9.80976
9.81239
9.81239
9.80976
11.3987
12.6781
14.5904
14.7856
11.3987
10.7336
9.90115
9.8539
9.85389
9.90115
10.7336
11.3987
14.7859
10.0328
9.80976
9.90115
9.80558
9.82293
9.82293
9.80558
9.90115
9.80976
10.0328
9.85283
9.81239
9.85389
9.82293
9.84155
9.84155
9.82293
9.8539
9.81239
9.85283
9.85283
9.81239
9.85389
9.82293
9.84155
9.84155
9.82293
9.85389
9.81239
9.85283
10.0328
9.80976
9.90114
9.80558
9.82293
9.82293
9.80558
9.90114
9.80976
10.0328
14.7863
11.3986
10.7335
9.90114
9.8539
9.8539
9.90114
10.7335
11.3987
14.7864
14.5907
12.6786
11.3986
9.80976
9.81239
9.81239
9.80976
11.3987
12.6787
14.5909
581.73
14.5906
14.7861
10.0328
9.85283
9.85283
10.0328
14.7864
14.5908
581.733
559.128
14.9965
13.0745
9.9544
9.81272
9.81272
9.95443
13.0748
14.9968
559.13
14.9964
13.2856
11.9515
9.74766
9.77554
9.77554
9.74767
11.9514
13.2852
14.9967
13.0744
11.9515
10.6407
9.82669
9.8175
9.8175
9.82669
10.6407
11.9513
13.0744
9.9544
9.74766
9.82669
9.76712
9.78438
9.78438
9.76712
9.82669
9.74766
9.9544
9.81272
9.77554
9.8175
9.78438
9.79995
9.79995
9.78438
9.8175
9.77554
9.81272
9.81272
9.77554
9.8175
9.78438
9.79995
9.79995
9.78438
9.8175
9.77554
9.81272
9.95445
9.74767
9.82669
9.76712
9.78438
9.78438
9.76712
9.82669
9.74767
9.95444
13.0748
11.9513
10.6406
9.82669
9.8175
9.8175
9.82669
10.6406
11.9513
13.0748
14.997
13.2849
11.9512
9.74767
9.77554
9.77554
9.74767
11.9512
13.285
14.9971
559.131
14.9968
13.0744
9.95441
9.81272
9.81272
9.95443
13.0747
14.997
559.133
)
;

boundaryField
{
    bottom
    {
        type            fixedFluxPressure;
        gradient        nonuniform List<scalar> 0();
        value           nonuniform List<scalar> 0();
    }
    atmosphere
    {
        type            prghTotalPressure;
        p0              uniform 0;
        value           nonuniform List<scalar> 
100
(
565.134
15.1661
12.9664
9.78977
9.77739
9.77739
9.78978
12.9668
15.1666
565.136
15.1661
9.8082
12.0135
9.70852
9.75314
9.75314
9.70852
12.0134
9.8082
15.1664
12.9665
12.0135
9.80972
9.76913
9.78627
9.78627
9.76914
9.80972
12.0132
12.9663
9.78978
9.70852
9.76914
9.74744
9.76391
9.76391
9.74744
9.76913
9.70852
9.78978
9.77739
9.75314
9.78627
9.76391
9.77748
9.77748
9.76391
9.78627
9.75314
9.77739
9.77739
9.75314
9.78627
9.76391
9.77748
9.77748
9.76391
9.78627
9.75314
9.77739
9.78978
9.70852
9.76914
9.74744
9.76391
9.76391
9.74744
9.76913
9.70852
9.78978
12.9668
12.0134
9.80972
9.76913
9.78627
9.78627
9.76914
9.80972
12.0132
12.9666
15.1665
9.8082
12.0133
9.70852
9.75314
9.75314
9.70852
12.0133
9.8082
15.1667
565.135
15.1663
12.9664
9.78978
9.77739
9.77739
9.78978
12.9668
15.1667
565.138
)
;
    }
    walls
    {
        type            fixedFluxPressure;
        gradient        uniform 0;
        value           nonuniform List<scalar> 
400
(
372.68
15.356
14.022
11.0747
10.3219
10.3219
11.0734
14.0222
15.3566
372.685
415.3
14.4554
13.2539
11.6141
10.2946
10.2946
11.6124
13.254
14.4557
415.299
414.629
13.7042
12.7352
12.4194
10.2526
10.2527
12.4193
12.7357
13.7045
414.639
394.88
13.1861
11.9435
11.3888
10.1926
10.1926
11.3904
11.9439
13.1863
394.863
514.038
12.8768
11.2441
10.5493
10.1297
10.1297
10.5496
11.2443
12.877
514.033
536.862
12.9068
10.9047
10.2585
10.053
10.053
10.2585
10.9047
12.907
536.869
551.358
13.1442
11.2614
10.2435
9.97822
9.97822
10.2435
11.2614
13.1444
551.365
567.118
13.7109
12.7693
10.1896
9.91642
9.91643
10.1897
12.7691
13.7112
567.123
581.724
14.59
14.7856
10.0328
9.85283
9.85283
10.0328
14.7863
14.5907
581.73
559.128
14.9964
13.0744
9.9544
9.81272
9.81272
9.95445
13.0748
14.997
559.131
372.684
15.3562
14.0219
11.0745
10.3219
10.3219
11.0734
14.0222
15.3567
372.686
415.299
14.4555
13.254
11.614
10.2946
10.2946
11.6125
13.254
14.4557
415.298
414.634
13.7043
12.7353
12.4194
10.2526
10.2527
12.4194
12.7357
13.7045
414.636
394.869
13.1862
11.9435
11.3888
10.1926
10.1926
11.3903
11.9439
13.1863
394.859
514.035
12.8769
11.2441
10.5493
10.1297
10.1297
10.5496
11.2442
12.877
514.033
536.866
12.9069
10.9047
10.2585
10.053
10.053
10.2586
10.9048
12.907
536.871
551.362
13.1443
11.2615
10.2435
9.97823
9.97823
10.2435
11.2615
13.1445
551.368
567.121
13.7111
12.7697
10.1896
9.91643
9.91643
10.1897
12.7695
13.7114
567.126
581.727
14.5904
14.7859
10.0328
9.85283
9.85283
10.0328
14.7864
14.5909
581.733
559.13
14.9967
13.0744
9.9544
9.81272
9.81272
9.95444
13.0748
14.9971
559.133
372.68
415.3
414.629
394.88
514.038
536.862
551.358
567.118
581.724
559.128
15.356
14.4554
13.7042
13.1861
12.8768
12.9068
13.1442
13.7109
14.5901
14.9965
14.0219
13.2539
12.7353
11.9436
11.2441
10.9047
11.2613
12.7692
14.7856
13.0745
11.0746
11.614
12.4194
11.3889
10.5493
10.2585
10.2435
10.1896
10.0328
9.9544
10.3219
10.2946
10.2526
10.1926
10.1297
10.053
9.97822
9.91642
9.85283
9.81272
10.3219
10.2946
10.2527
10.1926
10.1297
10.053
9.97822
9.91643
9.85283
9.81272
11.0739
11.613
12.4194
11.3899
10.5495
10.2585
10.2435
10.1896
10.0328
9.95443
14.0222
13.254
12.7356
11.9438
11.2442
10.9047
11.2614
12.7692
14.7861
13.0748
15.3564
14.4556
13.7044
13.1863
12.8769
12.9069
13.1443
13.7111
14.5905
14.9968
372.684
415.299
414.634
394.869
514.035
536.866
551.362
567.121
581.727
559.13
372.685
415.299
414.639
394.863
514.033
536.869
551.365
567.123
581.73
559.131
15.3562
14.4555
13.7043
13.1862
12.8769
12.9069
13.1444
13.7112
14.5906
14.9968
14.0218
13.254
12.7354
11.9435
11.2441
10.9047
11.2616
12.7698
14.7861
13.0744
11.0744
11.6138
12.4194
11.3889
10.5493
10.2586
10.2435
10.1896
10.0328
9.95441
10.3219
10.2946
10.2526
10.1926
10.1297
10.053
9.97823
9.91643
9.85283
9.81272
10.3219
10.2946
10.2527
10.1926
10.1297
10.053
9.97823
9.91643
9.85283
9.81272
11.0738
11.613
12.4194
11.3898
10.5494
10.2586
10.2436
10.1897
10.0328
9.95443
14.022
13.254
12.7356
11.9437
11.2442
10.9048
11.2616
12.7697
14.7864
13.0747
15.3565
14.4557
13.7045
13.1863
12.877
12.907
13.1445
13.7114
14.5908
14.997
372.686
415.298
414.636
394.859
514.033
536.871
551.368
567.126
581.733
559.133
)
;
    }
    procBoundary1to0
    {
        type            processor;
        value           nonuniform List<scalar> 
100
(
246.297
17.2796
16.2095
11.1929
10.3625
10.3625
11.193
16.2103
17.2802
246.308
17.2796
11.8787
11.5642
10.3642
10.2345
10.2345
10.3642
11.5644
11.8788
17.2797
16.2095
11.5643
15.1059
10.3337
10.3457
10.3457
10.3337
15.1056
11.5643
16.2095
11.1928
10.3642
10.3337
10.2949
10.3601
10.3601
10.2949
10.3337
10.3642
11.1928
10.3625
10.2345
10.3457
10.3601
10.2927
10.2927
10.3601
10.3457
10.2345
10.3625
10.3625
10.2345
10.3457
10.3601
10.2927
10.2927
10.3601
10.3457
10.2345
10.3625
11.193
10.3642
10.3337
10.2949
10.3601
10.3601
10.2949
10.3337
10.3641
11.1929
16.2108
11.5645
15.1054
10.3337
10.3457
10.3457
10.3337
15.1052
11.5645
16.2106
17.2806
11.8788
11.5642
10.3642
10.2345
10.2345
10.3642
11.5644
11.8789
17.2806
246.311
17.2797
16.2092
11.1929
10.3625
10.3625
11.193
16.2099
17.2802
246.319
)
;
    }
}


// ************************************************************************* //
