/*--------------------------------*- C++ -*----------------------------------*\
| =========                 |                                                 |
| \\      /  F ield         | OpenFOAM: The Open Source CFD Toolbox           |
|  \\    /   O peration     | Version:  2412                                  |
|   \\  /    A nd           | Website:  www.openfoam.com                      |
|    \\/     M anipulation  |                                                 |
\*---------------------------------------------------------------------------*/
FoamFile
{
    version     2.0;
    format      ascii;
    arch        "LSB;label=32;scalar=64";
    class       volScalarField;
    location    "0.62";
    object      p_rgh;
}
// * * * * * * * * * * * * * * * * * * * * * * * * * * * * * * * * * * * * * //

dimensions      [1 -1 -2 0 0 0 0];

internalField   nonuniform List<scalar> 
1000
(
251.476
142.123
119.117
119.826
123.147
123.147
119.827
119.117
142.123
251.475
142.123
22.14
31.4282
19.1951
22.2503
22.2505
19.1953
31.4282
22.1397
142.123
119.116
31.428
32.696
28.8061
28.7962
28.7959
28.806
32.6954
31.4272
119.115
119.826
19.195
28.8062
34.8679
35.9437
35.9435
34.8674
28.8055
19.194
119.825
123.148
22.2507
28.7967
35.9441
38.5553
38.5549
35.9436
28.7959
22.2496
123.147
123.148
22.2515
28.7968
35.9444
38.5555
38.5551
35.9439
28.796
22.2504
123.147
119.828
19.1966
28.8073
34.8687
35.9445
35.9444
34.8682
28.8066
19.1957
119.827
119.118
31.4299
32.697
28.807
28.7971
28.7968
28.8069
32.6964
31.4291
119.118
142.125
22.1416
31.4291
19.1958
22.2509
22.2511
19.196
31.4291
22.1413
142.124
251.477
142.125
119.117
119.827
123.148
123.148
119.827
119.118
142.124
251.477
257.394
98.9172
64.5921
56.6479
61.011
61.0105
56.648
64.5923
98.917
257.393
98.917
0.318503
9.41641
5.93584
5.54121
5.54132
5.93595
9.41612
0.317988
98.9164
64.5916
9.41611
14.0107
12.9308
13.1758
13.1756
12.9306
14.01
9.4151
64.5905
56.6476
5.9357
12.9308
11.403
11.3389
11.3388
11.4026
12.9301
5.93466
56.6463
61.0114
5.54163
13.1763
11.3394
19.2479
19.2473
11.3388
13.1754
5.54052
61.0102
61.0111
5.54232
13.1765
11.3397
19.2479
19.2474
11.3392
13.1757
5.54116
61.01
56.6493
5.93734
12.9319
11.4039
11.3398
11.3397
11.4035
12.9312
5.93624
56.648
64.594
9.41776
14.0116
12.9317
13.1766
13.1765
12.9315
14.011
9.41671
64.5928
98.9191
0.319937
9.41695
5.93642
5.5419
5.54201
5.93659
9.41673
0.319444
98.9184
257.396
98.9184
64.5925
56.6482
61.0116
61.0112
56.6484
64.5927
98.9183
257.395
289.054
81.172
70.1146
68.525
77.494
77.494
68.5254
70.1147
81.1717
289.054
81.1716
1.22751
11.9567
5.34072
6.39398
6.39412
5.34105
11.9566
1.22703
81.1711
70.1136
11.9561
20.0321
16.2266
15.6547
15.6545
16.2264
20.0314
11.955
70.1121
68.5244
5.34042
16.2266
14.5159
13.9205
13.9203
14.5154
16.2257
5.33933
68.5229
77.4944
6.39441
15.6553
13.9209
13.2027
13.2025
13.9204
15.6544
6.39321
77.4929
77.495
6.39517
15.6555
13.9212
13.2031
13.2029
13.9207
15.6546
6.39393
77.4935
68.5269
5.34253
16.2278
14.5167
13.9214
13.9212
14.5162
16.2269
5.34136
68.5253
70.1164
11.9583
20.0331
16.2274
15.6557
15.6555
16.2272
20.0324
11.9571
70.1149
81.1737
1.22908
11.957
5.34125
6.39466
6.39483
5.34163
11.957
1.2286
81.1732
289.056
81.1733
70.1143
68.525
77.4945
77.4945
68.5255
70.1147
81.1731
289.055
271.427
56.4093
47.6113
43.4978
47.837
47.8367
43.4986
47.612
56.4093
271.427
56.4085
0.275147
10.2412
5.55833
6.19539
6.19551
5.55881
10.2414
0.274594
56.4075
47.6096
10.2401
15.9513
12.0403
12.1578
12.1575
12.0403
15.9508
10.2388
47.6079
43.4969
5.55772
12.0403
10.7655
11.3901
11.39
10.765
12.0395
5.55637
43.4953
47.8375
6.1958
12.1584
11.3906
12.1533
12.1531
11.39
12.1574
6.19439
47.8359
47.8378
6.19661
12.1586
11.391
12.1538
12.1536
11.3904
12.1577
6.19518
47.8363
43.5002
5.56035
12.0418
10.7664
11.3911
11.391
10.766
12.041
5.55889
43.4984
47.6138
10.2431
15.9527
12.0413
12.1589
12.1587
12.0413
15.9522
10.2417
47.6119
56.4114
0.276753
10.2411
5.5585
6.19602
6.19619
5.55909
10.2413
0.276166
56.4102
271.429
56.4099
47.6103
43.4976
47.8374
47.8373
43.4984
47.6113
56.4099
271.428
270.891
52.7778
37.0059
31.9103
35.8171
35.8174
31.9117
37.0072
52.7783
270.891
52.7762
2.86567
10.1268
5.79417
6.60512
6.60522
5.79493
10.1275
2.86517
52.7748
37.0029
10.1247
16.9902
12.9464
13.3478
13.3476
12.9462
16.9899
10.1229
37.0004
31.9087
5.79303
12.9463
10.4156
11.0439
11.0438
10.415
12.9453
5.79123
31.9066
35.8173
6.60547
13.3485
11.0446
11.7126
11.7124
11.0439
13.3475
6.60382
35.8155
35.8186
6.6064
13.3489
11.0451
11.7132
11.7131
11.0444
13.3479
6.60472
35.8168
31.9133
5.79654
12.948
10.4167
11.0453
11.0452
10.4162
12.947
5.79454
31.9108
37.0089
10.1293
16.9921
12.9475
13.3493
13.3492
12.9474
16.9917
10.1272
37.006
52.7804
2.86749
10.1255
5.79362
6.60568
6.60587
5.79454
10.1263
2.86686
52.7787
270.893
52.7775
37.0032
31.9091
35.8174
35.8178
31.9106
37.0048
52.7781
270.892
302.771
50.5323
29.9111
24.4955
27.8562
27.8571
24.4974
29.9139
50.5336
302.77
50.5296
3.59332
9.67955
5.38096
6.28896
6.28922
5.38233
9.68204
3.59287
50.5275
29.906
9.6748
13.0366
10.8084
11.165
11.1649
10.8084
13.0362
9.67125
29.9022
24.4931
5.37896
10.8082
8.95201
9.88778
9.88763
8.95141
10.807
5.37649
24.4904
27.8563
6.28931
11.166
9.88878
10.7508
10.7506
9.88814
11.1648
6.28744
27.8543
27.8586
6.2906
11.1665
9.88934
10.7517
10.7516
9.88871
11.1653
6.28867
27.8565
24.499
5.38402
10.8104
8.9535
9.88998
9.88984
8.95296
10.8091
5.38126
24.4959
29.9155
9.68367
13.0386
10.8094
11.167
11.167
10.8095
13.0381
9.67961
29.9111
50.5357
3.59543
9.67446
5.37925
6.28958
6.28993
5.38088
9.67741
3.59491
50.5331
302.773
50.5306
29.9056
24.4933
27.8566
27.8576
24.4954
29.9089
50.532
302.772
332.303
49.3419
26.8574
20.1659
22.9836
22.9845
20.1684
26.8619
49.3437
332.303
49.3385
4.19347
10.685
5.30201
6.49664
6.49694
5.30432
10.6909
4.19301
49.3361
26.8496
10.6745
11.3262
10.5842
10.7173
10.717
10.5842
11.3257
10.6676
26.8441
20.1627
5.29866
10.584
8.5165
9.4243
9.42435
8.51584
10.5827
5.29524
20.1594
22.9836
6.4971
10.719
9.426
10.0279
10.0279
9.42546
10.7176
6.49499
22.9815
22.9861
6.49855
10.7191
9.42688
10.0294
10.0293
9.42629
10.7178
6.49637
22.9839
20.1702
5.30608
10.5866
8.51856
9.42811
9.42813
8.51799
10.5853
5.30227
20.1664
26.8633
10.692
11.3285
10.5856
10.7203
10.7201
10.5859
11.3281
10.6839
26.8571
49.3458
4.19586
10.6719
5.29856
6.49752
6.49794
5.30132
10.6788
4.1954
49.3427
332.306
49.3394
26.8482
20.1628
22.9842
22.9852
20.1657
26.8535
49.3413
332.304
311.093
46.4905
25.7818
17.4288
18.96
18.9608
17.4315
25.7878
46.4929
311.093
46.4864
4.103
10.7745
4.67957
6.50595
6.50623
4.68306
10.7887
4.10313
46.4838
25.7717
10.75
10.438
10.2167
9.96148
9.961
10.2171
10.4375
10.7348
25.7648
17.4254
4.67457
10.2168
7.58813
7.96944
7.96985
7.58777
10.2153
4.66993
17.4218
18.9604
6.50681
9.96409
7.97243
9.03254
9.03249
7.9719
9.96269
6.50455
18.9582
18.9627
6.50825
9.96393
7.97361
9.03467
9.03459
7.97297
9.9626
6.5059
18.9604
17.4335
4.68488
10.2201
7.59155
7.97572
7.97605
7.5911
10.2183
4.67972
17.4294
25.789
10.7879
10.4407
10.2188
9.96628
9.96595
10.2191
10.4403
10.7704
25.7811
46.4951
4.1063
10.7414
4.67393
6.50759
6.508
4.67813
10.7581
4.10542
46.4914
311.095
46.4875
25.7694
17.4255
18.9612
18.9621
17.4287
25.7765
46.4896
311.095
124.577
38.6489
23.8073
15.7942
15.7782
15.7788
15.7962
23.8111
38.6501
124.577
38.6466
3.34715
10.4728
3.92034
5.94463
5.94508
3.92279
10.4785
3.34704
38.6451
23.8011
10.4634
10.3544
9.69861
9.56963
9.57158
9.69883
10.354
10.4569
23.7964
15.7921
3.91779
9.69969
5.7555
7.17867
7.17856
5.75518
9.6983
3.91431
15.789
15.7792
5.94633
9.57351
7.18413
8.39205
8.39195
7.18353
9.57243
5.94419
15.7772
15.7811
5.9478
9.57636
7.1837
8.39502
8.39494
7.18309
9.57503
5.94556
15.779
15.7985
3.92534
9.70252
5.76009
7.18881
7.18868
5.7599
9.70088
3.92153
15.7952
23.813
10.4802
10.3576
9.70254
9.5777
9.57947
9.70275
10.3572
10.4727
23.8077
38.6527
3.35026
10.4617
3.91841
5.94778
5.9483
3.92137
10.4683
3.34967
38.6504
124.58
38.6486
23.8007
15.7928
15.7804
15.7811
15.7952
23.8051
38.6496
124.579
49.4165
28.924
20.1583
13.2748
13.288
13.2882
13.2761
20.1603
28.9245
49.4163
28.923
3.21232
9.45225
3.26344
4.848
4.84813
3.2651
9.4547
3.21209
28.922
20.1554
9.44869
10.4644
8.73395
8.4677
8.46972
8.7339
10.4641
9.44557
20.1526
13.2742
3.26304
8.73652
5.40654
6.7477
6.74773
5.40621
8.73557
3.26077
13.2721
13.2895
4.85068
8.47442
6.75846
7.93154
7.93142
6.75793
8.47369
4.84896
13.2878
13.2907
4.85145
8.47602
6.75508
7.93576
7.9357
6.75451
8.47499
4.84967
13.289
13.2788
3.26829
8.73826
5.41216
6.76539
6.76534
5.41184
8.73732
3.26578
13.2764
20.1628
9.45738
10.4679
8.7404
8.48019
8.48196
8.74051
10.4676
9.45371
20.1595
28.9274
3.21535
9.44963
3.26489
4.85288
4.85308
3.26683
9.45238
3.21489
28.9261
49.4194
28.9255
20.1564
13.2757
13.2911
13.2914
13.2773
20.1587
28.9258
49.4188
)
;

boundaryField
{
    bottom
    {
        type            fixedFluxPressure;
        gradient        uniform 0;
        value           nonuniform List<scalar> 
100
(
251.476
142.123
119.116
119.826
123.148
123.148
119.828
119.118
142.125
251.477
142.123
22.14
31.428
19.195
22.2507
22.2515
19.1966
31.4299
22.1416
142.125
119.117
31.4282
32.696
28.8062
28.7967
28.7968
28.8073
32.697
31.4291
119.117
119.826
19.1951
28.8061
34.8679
35.9441
35.9444
34.8687
28.807
19.1958
119.827
123.147
22.2503
28.7962
35.9437
38.5553
38.5555
35.9445
28.7971
22.2509
123.148
123.147
22.2505
28.7959
35.9435
38.5549
38.5551
35.9444
28.7968
22.2511
123.148
119.827
19.1953
28.806
34.8674
35.9436
35.9439
34.8682
28.8069
19.196
119.827
119.117
31.4282
32.6954
28.8055
28.7959
28.796
28.8066
32.6964
31.4291
119.118
142.123
22.1397
31.4272
19.194
22.2496
22.2504
19.1957
31.4291
22.1413
142.124
251.475
142.123
119.115
119.825
123.147
123.147
119.827
119.118
142.124
251.477
)
;
    }
    atmosphere
    {
        type            prghTotalPressure;
        p0              nonuniform List<scalar> 0();
        value           nonuniform List<scalar> 0();
    }
    walls
    {
        type            fixedFluxPressure;
        gradient        uniform 0;
        value           nonuniform List<scalar> 
400
(
251.476
142.123
119.116
119.826
123.148
123.148
119.828
119.118
142.125
251.477
257.394
98.917
64.5916
56.6476
61.0114
61.0111
56.6493
64.594
98.9191
257.396
289.054
81.1716
70.1136
68.5244
77.4944
77.495
68.5269
70.1164
81.1737
289.056
271.427
56.4085
47.6096
43.4969
47.8375
47.8378
43.5002
47.6138
56.4114
271.429
270.891
52.7762
37.0029
31.9087
35.8173
35.8186
31.9133
37.0089
52.7804
270.893
302.771
50.5296
29.906
24.4931
27.8563
27.8586
24.499
29.9155
50.5357
302.773
332.303
49.3385
26.8496
20.1627
22.9836
22.9861
20.1702
26.8633
49.3458
332.306
311.093
46.4864
25.7717
17.4254
18.9604
18.9627
17.4335
25.789
46.4951
311.095
124.577
38.6466
23.8011
15.7921
15.7792
15.7811
15.7985
23.813
38.6527
124.58
49.4165
28.923
20.1554
13.2742
13.2895
13.2907
13.2788
20.1628
28.9274
49.4194
251.475
142.123
119.115
119.825
123.147
123.147
119.827
119.118
142.124
251.477
257.393
98.9164
64.5905
56.6463
61.0102
61.01
56.648
64.5928
98.9184
257.395
289.054
81.1711
70.1121
68.5229
77.4929
77.4935
68.5253
70.1149
81.1732
289.055
271.427
56.4075
47.6079
43.4953
47.8359
47.8363
43.4984
47.6119
56.4102
271.428
270.891
52.7748
37.0004
31.9066
35.8155
35.8168
31.9108
37.006
52.7787
270.892
302.77
50.5275
29.9022
24.4904
27.8543
27.8565
24.4959
29.9111
50.5331
302.772
332.303
49.3361
26.8441
20.1594
22.9815
22.9839
20.1664
26.8571
49.3427
332.304
311.093
46.4838
25.7648
17.4218
18.9582
18.9604
17.4294
25.7811
46.4914
311.095
124.577
38.6451
23.7964
15.789
15.7772
15.779
15.7952
23.8077
38.6504
124.579
49.4163
28.922
20.1526
13.2721
13.2878
13.289
13.2764
20.1595
28.9261
49.4188
251.476
257.394
289.054
271.427
270.891
302.771
332.303
311.093
124.577
49.4165
142.123
98.9172
81.172
56.4093
52.7778
50.5323
49.3419
46.4905
38.6489
28.924
119.117
64.5921
70.1146
47.6113
37.0059
29.9111
26.8574
25.7818
23.8073
20.1583
119.826
56.6479
68.525
43.4978
31.9103
24.4955
20.1659
17.4288
15.7942
13.2748
123.147
61.011
77.494
47.837
35.8171
27.8562
22.9836
18.96
15.7782
13.288
123.147
61.0105
77.494
47.8367
35.8174
27.8571
22.9845
18.9608
15.7788
13.2882
119.827
56.648
68.5254
43.4986
31.9117
24.4974
20.1684
17.4315
15.7962
13.2761
119.117
64.5923
70.1147
47.612
37.0072
29.9139
26.8619
25.7878
23.8111
20.1603
142.123
98.917
81.1717
56.4093
52.7783
50.5336
49.3437
46.4929
38.6501
28.9245
251.475
257.393
289.054
271.427
270.891
302.77
332.303
311.093
124.577
49.4163
251.477
257.396
289.056
271.429
270.893
302.773
332.306
311.095
124.58
49.4194
142.125
98.9184
81.1733
56.4099
52.7775
50.5306
49.3394
46.4875
38.6486
28.9255
119.117
64.5925
70.1143
47.6103
37.0032
29.9056
26.8482
25.7694
23.8007
20.1564
119.827
56.6482
68.525
43.4976
31.9091
24.4933
20.1628
17.4255
15.7928
13.2757
123.148
61.0116
77.4945
47.8374
35.8174
27.8566
22.9842
18.9612
15.7804
13.2911
123.148
61.0112
77.4945
47.8373
35.8178
27.8576
22.9852
18.9621
15.7811
13.2914
119.827
56.6484
68.5255
43.4984
31.9106
24.4954
20.1657
17.4287
15.7952
13.2773
119.118
64.5927
70.1147
47.6113
37.0048
29.9089
26.8535
25.7765
23.8051
20.1587
142.124
98.9183
81.1731
56.4099
52.7781
50.532
49.3413
46.4896
38.6496
28.9258
251.477
257.395
289.055
271.428
270.892
302.772
332.304
311.095
124.579
49.4188
)
;
    }
    procBoundary3to2
    {
        type            processor;
        value           nonuniform List<scalar> 
100
(
171.924
27.0047
17.3224
11.0508
11.2603
11.2605
11.0516
17.3235
27.005
171.924
27.0043
4.39642
8.80263
3.85242
4.7148
4.71477
3.85331
8.80361
4.3961
27.0036
17.3214
8.80164
11.1084
7.47121
8.01452
8.01461
7.47133
11.108
8.79998
17.3197
11.0513
3.85334
7.47502
5.68588
6.51909
6.51915
5.6856
7.47429
3.85183
11.0498
11.2622
4.71785
8.02309
6.55461
7.6505
7.65032
6.55416
8.02226
4.71658
11.2608
11.2632
4.71835
8.02074
6.52965
7.65667
7.6567
6.52912
8.01984
4.71701
11.2618
11.0544
3.85669
7.47605
5.69202
6.56468
6.56453
5.6917
7.47522
3.85503
11.0528
17.3262
8.80672
11.1119
7.47937
8.0287
8.02876
7.47946
11.1115
8.80477
17.3242
27.0079
4.39935
8.80374
3.85585
4.72066
4.72068
3.85688
8.80481
4.39894
27.007
171.927
27.0069
17.3232
11.0532
11.2641
11.2644
11.0541
17.3244
27.007
171.926
)
;
    }
}


// ************************************************************************* //
