/*--------------------------------*- C++ -*----------------------------------*\
| =========                 |                                                 |
| \\      /  F ield         | OpenFOAM: The Open Source CFD Toolbox           |
|  \\    /   O peration     | Version:  2412                                  |
|   \\  /    A nd           | Website:  www.openfoam.com                      |
|    \\/     M anipulation  |                                                 |
\*---------------------------------------------------------------------------*/
FoamFile
{
    version     2.0;
    format      ascii;
    arch        "LSB;label=32;scalar=64";
    class       volScalarField;
    location    "0.03";
    object      p;
}
// * * * * * * * * * * * * * * * * * * * * * * * * * * * * * * * * * * * * * //

dimensions      [1 -1 -2 0 0 0 0];

internalField   nonuniform List<scalar> 
1000
(
10.0993
10.0994
10.0994
10.0994
10.0995
10.0995
10.0994
10.0994
10.0994
10.0993
10.0994
10.0994
10.0994
10.0995
10.0995
10.0995
10.0995
10.0994
10.0994
10.0994
10.0994
10.0994
10.0995
10.0995
10.0995
10.0995
10.0995
10.0995
10.0994
10.0994
10.0995
10.0995
10.0995
10.0996
10.0996
10.0996
10.0996
10.0995
10.0995
10.0995
10.0995
10.0995
10.0996
10.0996
10.0996
10.0996
10.0996
10.0996
10.0995
10.0995
10.0995
10.0995
10.0996
10.0996
10.0996
10.0996
10.0996
10.0996
10.0995
10.0995
10.0995
10.0995
10.0995
10.0996
10.0996
10.0996
10.0996
10.0995
10.0995
10.0995
10.0994
10.0994
10.0995
10.0995
10.0996
10.0996
10.0995
10.0995
10.0994
10.0994
10.0994
10.0994
10.0995
10.0995
10.0995
10.0995
10.0995
10.0995
10.0994
10.0994
10.0994
10.0994
10.0994
10.0995
10.0995
10.0995
10.0995
10.0994
10.0994
10.0994
9.85408
9.85411
9.85415
9.8542
9.85422
9.85422
9.8542
9.85415
9.85411
9.85408
9.85411
9.85414
9.85418
9.85423
9.85425
9.85425
9.85423
9.85418
9.85414
9.85411
9.85415
9.85418
9.85423
9.85428
9.85431
9.85431
9.85428
9.85423
9.85418
9.85415
9.8542
9.85423
9.85428
9.85433
9.85436
9.85436
9.85433
9.85428
9.85423
9.8542
9.85423
9.85426
9.85431
9.85436
9.85439
9.85439
9.85436
9.85431
9.85426
9.85423
9.85423
9.85426
9.85431
9.85436
9.85439
9.85439
9.85436
9.85431
9.85426
9.85423
9.85421
9.85424
9.85429
9.85434
9.85437
9.85437
9.85434
9.85429
9.85424
9.85421
9.85417
9.8542
9.85424
9.85429
9.85432
9.85432
9.85429
9.85424
9.8542
9.85417
9.85413
9.85415
9.8542
9.85424
9.85427
9.85427
9.85424
9.8542
9.85415
9.85412
9.8541
9.85413
9.85417
9.85421
9.85424
9.85424
9.85421
9.85417
9.85413
9.8541
9.60881
9.60884
9.60889
9.60894
9.60897
9.60897
9.60894
9.60889
9.60884
9.60881
9.60884
9.60887
9.60892
9.60898
9.60901
9.60901
9.60898
9.60892
9.60887
9.60884
9.60889
9.60892
9.60898
9.60903
9.60907
9.60907
9.60903
9.60898
9.60893
9.60889
9.60895
9.60898
9.60904
9.60909
9.60913
9.60913
9.60909
9.60904
9.60898
9.60895
9.60898
9.60902
9.60907
9.60913
9.60917
9.60917
9.60913
9.60907
9.60902
9.60898
9.60898
9.60902
9.60908
9.60913
9.60917
9.60917
9.60913
9.60908
9.60902
9.60898
9.60895
9.60899
9.60904
9.6091
9.60914
9.60914
9.6091
9.60904
9.60899
9.60895
9.60891
9.60894
9.60899
9.60905
9.60908
9.60908
9.60905
9.60899
9.60894
9.60891
9.60886
9.60889
9.60894
9.60899
9.60902
9.60902
9.60899
9.60894
9.60889
9.60886
9.60883
9.60886
9.60891
9.60896
9.60899
9.60899
9.60896
9.60891
9.60886
9.60883
9.36352
9.36356
9.36362
9.36368
9.36372
9.36372
9.36368
9.36362
9.36356
9.36352
9.36356
9.3636
9.36366
9.36372
9.36376
9.36376
9.36372
9.36366
9.3636
9.36356
9.36362
9.36366
9.36373
9.3638
9.36384
9.36384
9.3638
9.36373
9.36366
9.36362
9.36369
9.36373
9.3638
9.36387
9.36391
9.36391
9.36387
9.3638
9.36373
9.36369
9.36373
9.36377
9.36384
9.36391
9.36396
9.36396
9.36391
9.36384
9.36377
9.36373
9.36373
9.36377
9.36385
9.36392
9.36396
9.36396
9.36392
9.36385
9.36378
9.36373
9.3637
9.36374
9.36381
9.36388
9.36392
9.36392
9.36388
9.36381
9.36374
9.3637
9.36364
9.36368
9.36374
9.36381
9.36385
9.36385
9.36381
9.36374
9.36368
9.36364
9.36358
9.36361
9.36368
9.36374
9.36378
9.36378
9.36374
9.36368
9.36361
9.36358
9.36354
9.36358
9.36364
9.3637
9.36374
9.36374
9.3637
9.36364
9.36358
9.36354
9.11822
9.11826
9.11834
9.11842
9.11847
9.11847
9.11842
9.11834
9.11826
9.11822
9.11826
9.11831
9.11839
9.11847
9.11852
9.11852
9.11847
9.11839
9.11831
9.11826
9.11834
9.11839
9.11848
9.11856
9.11862
9.11862
9.11856
9.11848
9.11839
9.11834
9.11842
9.11848
9.11857
9.11865
9.11871
9.11871
9.11865
9.11857
9.11848
9.11842
9.11848
9.11853
9.11862
9.11871
9.11877
9.11877
9.11871
9.11862
9.11853
9.11848
9.11848
9.11853
9.11863
9.11872
9.11878
9.11878
9.11872
9.11863
9.11853
9.11848
9.11843
9.11849
9.11857
9.11866
9.11872
9.11872
9.11866
9.11857
9.11849
9.11843
9.11836
9.11841
9.11849
9.11858
9.11863
9.11863
9.11858
9.11849
9.11841
9.11836
9.11828
9.11833
9.11841
9.11849
9.11854
9.11854
9.11849
9.11841
9.11833
9.11828
9.11823
9.11828
9.11836
9.11844
9.11849
9.11849
9.11844
9.11836
9.11828
9.11823
8.87289
8.87295
8.87305
8.87315
8.87321
8.87321
8.87315
8.87305
8.87295
8.87289
8.87295
8.87301
8.87312
8.87322
8.87329
8.87329
8.87322
8.87312
8.87301
8.87295
8.87305
8.87312
8.87323
8.87334
8.87341
8.87341
8.87334
8.87323
8.87312
8.87305
8.87315
8.87322
8.87334
8.87346
8.87353
8.87353
8.87346
8.87334
8.87322
8.87316
8.87322
8.87329
8.87341
8.87353
8.87361
8.87361
8.87353
8.87341
8.87329
8.87322
8.87322
8.8733
8.87342
8.87354
8.87362
8.87362
8.87354
8.87342
8.8733
8.87322
8.87316
8.87323
8.87335
8.87346
8.87354
8.87354
8.87346
8.87335
8.87323
8.87316
8.87307
8.87313
8.87324
8.87335
8.87342
8.87342
8.87335
8.87324
8.87313
8.87307
8.87297
8.87303
8.87313
8.87324
8.8733
8.8733
8.87324
8.87313
8.87303
8.87297
8.87291
8.87297
8.87307
8.87317
8.87323
8.87323
8.87317
8.87307
8.87297
8.87291
8.62754
8.62761
8.62774
8.62787
8.62796
8.62796
8.62787
8.62774
8.62762
8.62754
8.62762
8.6277
8.62783
8.62797
8.62805
8.62805
8.62797
8.62783
8.6277
8.62762
8.62775
8.62783
8.62798
8.62812
8.62821
8.62821
8.62812
8.62798
8.62783
8.62775
8.62788
8.62797
8.62812
8.62828
8.62838
8.62838
8.62828
8.62812
8.62797
8.62788
8.62796
8.62806
8.62822
8.62838
8.62849
8.62849
8.62838
8.62822
8.62806
8.62797
8.62797
8.62806
8.62822
8.62838
8.62849
8.62849
8.62838
8.62822
8.62806
8.62797
8.62789
8.62798
8.62813
8.62829
8.62839
8.62839
8.62829
8.62813
8.62798
8.62789
8.62776
8.62785
8.62799
8.62814
8.62823
8.62823
8.62814
8.62799
8.62785
8.62776
8.62763
8.62772
8.62785
8.62798
8.62807
8.62807
8.62798
8.62785
8.62771
8.62763
8.62756
8.62763
8.62776
8.62789
8.62798
8.62798
8.62789
8.62776
8.62763
8.62756
8.38215
8.38225
8.38242
8.38259
8.3827
8.3827
8.38259
8.38242
8.38225
8.38215
8.38225
8.38236
8.38253
8.38271
8.38282
8.38283
8.38271
8.38253
8.38236
8.38225
8.38242
8.38253
8.38272
8.38291
8.38304
8.38304
8.38292
8.38273
8.38254
8.38242
8.38259
8.38271
8.38292
8.38312
8.38326
8.38326
8.38312
8.38292
8.38271
8.38259
8.38271
8.38283
8.38305
8.38326
8.38341
8.38341
8.38326
8.38305
8.38283
8.38271
8.38271
8.38284
8.38305
8.38327
8.38341
8.38341
8.38327
8.38305
8.38284
8.38271
8.3826
8.38272
8.38293
8.38313
8.38327
8.38327
8.38313
8.38293
8.38272
8.3826
8.38244
8.38255
8.38274
8.38293
8.38306
8.38306
8.38293
8.38274
8.38255
8.38244
8.38227
8.38238
8.38255
8.38273
8.38284
8.38284
8.38273
8.38255
8.38238
8.38227
8.38217
8.38227
8.38244
8.38261
8.38272
8.38272
8.38261
8.38244
8.38227
8.38217
8.13671
8.13684
8.13707
8.13729
8.13743
8.13743
8.13729
8.13707
8.13685
8.13671
8.13685
8.13698
8.13722
8.13745
8.1376
8.1376
8.13745
8.13722
8.13699
8.13685
8.13707
8.13722
8.13747
8.13772
8.13789
8.13789
8.13772
8.13747
8.13722
8.13707
8.13729
8.13745
8.13773
8.138
8.13819
8.13819
8.138
8.13773
8.13746
8.13729
8.13744
8.13761
8.1379
8.13819
8.13839
8.13839
8.13819
8.1379
8.13761
8.13744
8.13744
8.13762
8.1379
8.13819
8.13839
8.13839
8.13819
8.1379
8.13762
8.13745
8.1373
8.13746
8.13774
8.13801
8.1382
8.1382
8.13801
8.13774
8.13746
8.1373
8.13708
8.13723
8.13749
8.13774
8.13791
8.13791
8.13774
8.13749
8.13723
8.13708
8.13687
8.137
8.13724
8.13747
8.13762
8.13762
8.13747
8.13724
8.137
8.13687
8.13673
8.13687
8.13709
8.13731
8.13745
8.13745
8.13731
8.13709
8.13687
8.13673
7.89122
7.89139
7.89168
7.89197
7.89216
7.89216
7.89197
7.89168
7.89139
7.89122
7.89139
7.89157
7.89188
7.89218
7.89239
7.89239
7.89218
7.89188
7.89157
7.89139
7.89168
7.89188
7.89222
7.89255
7.89278
7.89278
7.89255
7.89222
7.89188
7.89168
7.89197
7.89219
7.89256
7.89292
7.89318
7.89318
7.89292
7.89256
7.89219
7.89197
7.89217
7.8924
7.89279
7.89318
7.89346
7.89346
7.89318
7.89279
7.8924
7.89217
7.89217
7.8924
7.89279
7.89318
7.89346
7.89346
7.89319
7.89279
7.8924
7.89217
7.89198
7.8922
7.89257
7.89293
7.89319
7.89319
7.89293
7.89257
7.8922
7.89198
7.8917
7.8919
7.89223
7.89257
7.8928
7.8928
7.89257
7.89223
7.8919
7.8917
7.89141
7.89159
7.8919
7.8922
7.89241
7.89241
7.8922
7.8919
7.89159
7.89141
7.89124
7.89141
7.8917
7.89199
7.89218
7.89218
7.89199
7.8917
7.89141
7.89124
)
;

boundaryField
{
    bottom
    {
        type            calculated;
        value           nonuniform List<scalar> 
100
(
10.222
10.222
10.222
10.2221
10.2221
10.2221
10.2221
10.222
10.222
10.222
10.222
10.222
10.2221
10.2221
10.2221
10.2221
10.2221
10.2221
10.222
10.222
10.222
10.2221
10.2221
10.2221
10.2222
10.2222
10.2222
10.2221
10.2221
10.2221
10.2221
10.2221
10.2221
10.2222
10.2222
10.2222
10.2222
10.2222
10.2221
10.2221
10.2221
10.2221
10.2222
10.2222
10.2223
10.2223
10.2222
10.2222
10.2221
10.2221
10.2221
10.2221
10.2222
10.2222
10.2223
10.2223
10.2222
10.2222
10.2221
10.2221
10.2221
10.2221
10.2221
10.2222
10.2222
10.2222
10.2222
10.2222
10.2221
10.2221
10.222
10.2221
10.2221
10.2222
10.2222
10.2222
10.2222
10.2221
10.2221
10.2221
10.222
10.222
10.2221
10.2221
10.2221
10.2221
10.2221
10.2221
10.222
10.222
10.222
10.222
10.222
10.2221
10.2221
10.2221
10.2221
10.222
10.222
10.222
)
;
    }
    atmosphere
    {
        type            calculated;
        value           nonuniform List<scalar> 0();
    }
    walls
    {
        type            calculated;
        value           nonuniform List<scalar> 
400
(
10.0993
10.0994
10.0994
10.0995
10.0995
10.0995
10.0995
10.0994
10.0994
10.0994
9.85408
9.85411
9.85415
9.8542
9.85423
9.85423
9.85421
9.85417
9.85413
9.8541
9.60881
9.60884
9.60889
9.60895
9.60898
9.60898
9.60895
9.60891
9.60886
9.60883
9.36352
9.36356
9.36362
9.36369
9.36373
9.36373
9.3637
9.36364
9.36358
9.36354
9.11822
9.11826
9.11834
9.11842
9.11848
9.11848
9.11843
9.11836
9.11828
9.11823
8.87289
8.87295
8.87305
8.87315
8.87322
8.87322
8.87316
8.87307
8.87297
8.87291
8.62754
8.62762
8.62775
8.62788
8.62796
8.62797
8.62789
8.62776
8.62763
8.62756
8.38215
8.38225
8.38242
8.38259
8.38271
8.38271
8.3826
8.38244
8.38227
8.38217
8.13671
8.13685
8.13707
8.13729
8.13744
8.13744
8.1373
8.13708
8.13687
8.13673
7.89122
7.89139
7.89168
7.89197
7.89217
7.89217
7.89198
7.8917
7.89141
7.89124
10.0993
10.0994
10.0994
10.0995
10.0995
10.0995
10.0995
10.0994
10.0994
10.0994
9.85408
9.85411
9.85415
9.8542
9.85423
9.85423
9.85421
9.85417
9.85412
9.8541
9.60881
9.60884
9.60889
9.60895
9.60898
9.60898
9.60895
9.60891
9.60886
9.60883
9.36352
9.36356
9.36362
9.36369
9.36373
9.36373
9.3637
9.36364
9.36358
9.36354
9.11822
9.11826
9.11834
9.11842
9.11848
9.11848
9.11843
9.11836
9.11828
9.11823
8.87289
8.87295
8.87305
8.87316
8.87322
8.87322
8.87316
8.87307
8.87297
8.87291
8.62754
8.62762
8.62775
8.62788
8.62797
8.62797
8.62789
8.62776
8.62763
8.62756
8.38215
8.38225
8.38242
8.38259
8.38271
8.38271
8.3826
8.38244
8.38227
8.38217
8.13671
8.13685
8.13707
8.13729
8.13744
8.13745
8.1373
8.13708
8.13687
8.13673
7.89122
7.89139
7.89168
7.89197
7.89217
7.89217
7.89198
7.8917
7.89141
7.89124
10.0993
9.85408
9.60881
9.36352
9.11822
8.87289
8.62754
8.38215
8.13671
7.89122
10.0994
9.85411
9.60884
9.36356
9.11826
8.87295
8.62761
8.38225
8.13684
7.89139
10.0994
9.85415
9.60889
9.36362
9.11834
8.87305
8.62774
8.38242
8.13707
7.89168
10.0994
9.8542
9.60894
9.36368
9.11842
8.87315
8.62787
8.38259
8.13729
7.89197
10.0995
9.85422
9.60897
9.36372
9.11847
8.87321
8.62796
8.3827
8.13743
7.89216
10.0995
9.85422
9.60897
9.36372
9.11847
8.87321
8.62796
8.3827
8.13743
7.89216
10.0994
9.8542
9.60894
9.36368
9.11842
8.87315
8.62787
8.38259
8.13729
7.89197
10.0994
9.85415
9.60889
9.36362
9.11834
8.87305
8.62774
8.38242
8.13707
7.89168
10.0994
9.85411
9.60884
9.36356
9.11826
8.87295
8.62762
8.38225
8.13685
7.89139
10.0993
9.85408
9.60881
9.36352
9.11822
8.87289
8.62754
8.38215
8.13671
7.89122
10.0994
9.8541
9.60883
9.36354
9.11823
8.87291
8.62756
8.38217
8.13673
7.89124
10.0994
9.85413
9.60886
9.36358
9.11828
8.87297
8.62763
8.38227
8.13687
7.89141
10.0994
9.85417
9.60891
9.36364
9.11836
8.87307
8.62776
8.38244
8.13709
7.8917
10.0995
9.85421
9.60896
9.3637
9.11844
8.87317
8.62789
8.38261
8.13731
7.89199
10.0995
9.85424
9.60899
9.36374
9.11849
8.87323
8.62798
8.38272
8.13745
7.89218
10.0995
9.85424
9.60899
9.36374
9.11849
8.87323
8.62798
8.38272
8.13745
7.89218
10.0995
9.85421
9.60896
9.3637
9.11844
8.87317
8.62789
8.38261
8.13731
7.89199
10.0994
9.85417
9.60891
9.36364
9.11836
8.87307
8.62776
8.38244
8.13709
7.8917
10.0994
9.85413
9.60886
9.36358
9.11828
8.87297
8.62763
8.38227
8.13687
7.89141
10.0994
9.8541
9.60883
9.36354
9.11823
8.87291
8.62756
8.38217
8.13673
7.89124
)
;
    }
    procBoundary3to2
    {
        type            processor;
        value           nonuniform List<scalar> 
100
(
7.64564
7.64587
7.64624
7.64662
7.64688
7.64688
7.64662
7.64625
7.64587
7.64565
7.64587
7.64611
7.64651
7.64691
7.64719
7.64719
7.64691
7.64651
7.64611
7.64587
7.64625
7.64651
7.64696
7.64741
7.64772
7.64772
7.64741
7.64696
7.64651
7.64625
7.64663
7.64692
7.64741
7.6479
7.64825
7.64825
7.6479
7.64741
7.64692
7.64663
7.64689
7.6472
7.64773
7.64826
7.64864
7.64864
7.64826
7.64773
7.6472
7.64689
7.64689
7.6472
7.64773
7.64826
7.64865
7.64865
7.64826
7.64773
7.6472
7.64689
7.64664
7.64693
7.64742
7.64791
7.64826
7.64826
7.64791
7.64742
7.64693
7.64664
7.64627
7.64653
7.64698
7.64742
7.64774
7.64774
7.64742
7.64698
7.64653
7.64627
7.64589
7.64613
7.64653
7.64693
7.64721
7.64721
7.64693
7.64653
7.64613
7.64589
7.64567
7.64589
7.64627
7.64665
7.6469
7.6469
7.64665
7.64627
7.64589
7.64567
)
;
    }
}


// ************************************************************************* //
