/*--------------------------------*- C++ -*----------------------------------*\
| =========                 |                                                 |
| \\      /  F ield         | OpenFOAM: The Open Source CFD Toolbox           |
|  \\    /   O peration     | Version:  2412                                  |
|   \\  /    A nd           | Website:  www.openfoam.com                      |
|    \\/     M anipulation  |                                                 |
\*---------------------------------------------------------------------------*/
FoamFile
{
    version     2.0;
    format      ascii;
    arch        "LSB;label=32;scalar=64";
    class       volScalarField;
    location    "0.03";
    object      p_rgh;
}
// * * * * * * * * * * * * * * * * * * * * * * * * * * * * * * * * * * * * * //

dimensions      [1 -1 -2 0 0 0 0];

internalField   nonuniform List<scalar> 
1000
(
10.222
10.222
10.222
10.2221
10.2221
10.2221
10.2221
10.222
10.222
10.222
10.222
10.222
10.2221
10.2221
10.2221
10.2221
10.2221
10.2221
10.222
10.222
10.222
10.2221
10.2221
10.2221
10.2222
10.2222
10.2221
10.2221
10.2221
10.222
10.2221
10.2221
10.2221
10.2222
10.2222
10.2222
10.2222
10.2222
10.2221
10.2221
10.2221
10.2221
10.2222
10.2222
10.2223
10.2223
10.2222
10.2222
10.2221
10.2221
10.2221
10.2221
10.2222
10.2222
10.2223
10.2223
10.2222
10.2222
10.2221
10.2221
10.2221
10.2221
10.2222
10.2222
10.2222
10.2222
10.2222
10.2222
10.2221
10.2221
10.222
10.2221
10.2221
10.2222
10.2222
10.2222
10.2222
10.2221
10.2221
10.222
10.222
10.222
10.2221
10.2221
10.2221
10.2221
10.2221
10.2221
10.222
10.222
10.222
10.222
10.2221
10.2221
10.2221
10.2221
10.2221
10.2221
10.222
10.222
10.222
10.222
10.222
10.2221
10.2221
10.2221
10.2221
10.222
10.222
10.222
10.222
10.222
10.2221
10.2221
10.2221
10.2221
10.2221
10.2221
10.222
10.222
10.222
10.2221
10.2221
10.2222
10.2222
10.2222
10.2222
10.2221
10.2221
10.222
10.2221
10.2221
10.2222
10.2222
10.2222
10.2222
10.2222
10.2222
10.2221
10.2221
10.2221
10.2221
10.2222
10.2222
10.2223
10.2223
10.2222
10.2222
10.2221
10.2221
10.2221
10.2221
10.2222
10.2222
10.2223
10.2223
10.2222
10.2222
10.2221
10.2221
10.2221
10.2221
10.2222
10.2222
10.2222
10.2222
10.2222
10.2222
10.2221
10.2221
10.222
10.2221
10.2221
10.2222
10.2222
10.2222
10.2222
10.2221
10.2221
10.222
10.222
10.222
10.2221
10.2221
10.2221
10.2221
10.2221
10.2221
10.222
10.222
10.222
10.222
10.222
10.2221
10.2221
10.2221
10.2221
10.222
10.222
10.222
10.2219
10.222
10.222
10.2221
10.2221
10.2221
10.2221
10.222
10.222
10.2219
10.222
10.222
10.222
10.2221
10.2221
10.2221
10.2221
10.222
10.222
10.222
10.222
10.222
10.2221
10.2222
10.2222
10.2222
10.2222
10.2221
10.2221
10.222
10.2221
10.2221
10.2222
10.2222
10.2223
10.2223
10.2222
10.2222
10.2221
10.2221
10.2221
10.2221
10.2222
10.2223
10.2223
10.2223
10.2223
10.2222
10.2221
10.2221
10.2221
10.2221
10.2222
10.2223
10.2223
10.2223
10.2223
10.2222
10.2221
10.2221
10.2221
10.2221
10.2222
10.2222
10.2223
10.2223
10.2222
10.2222
10.2221
10.2221
10.222
10.2221
10.2221
10.2222
10.2222
10.2222
10.2222
10.2221
10.2221
10.222
10.222
10.222
10.2221
10.2221
10.2221
10.2221
10.2221
10.2221
10.222
10.222
10.222
10.222
10.222
10.2221
10.2221
10.2221
10.2221
10.222
10.222
10.222
10.2219
10.2219
10.222
10.2221
10.2221
10.2221
10.2221
10.222
10.2219
10.2219
10.2219
10.222
10.222
10.2221
10.2221
10.2221
10.2221
10.222
10.222
10.2219
10.222
10.222
10.2221
10.2222
10.2222
10.2222
10.2222
10.2221
10.222
10.222
10.2221
10.2221
10.2222
10.2222
10.2223
10.2223
10.2222
10.2222
10.2221
10.2221
10.2221
10.2221
10.2222
10.2223
10.2223
10.2223
10.2223
10.2222
10.2221
10.2221
10.2221
10.2221
10.2222
10.2223
10.2223
10.2223
10.2223
10.2222
10.2222
10.2221
10.2221
10.2221
10.2222
10.2223
10.2223
10.2223
10.2223
10.2222
10.2221
10.2221
10.222
10.2221
10.2221
10.2222
10.2222
10.2222
10.2222
10.2221
10.2221
10.222
10.222
10.222
10.2221
10.2221
10.2222
10.2222
10.2221
10.2221
10.222
10.222
10.2219
10.222
10.222
10.2221
10.2221
10.2221
10.2221
10.222
10.222
10.2219
10.2218
10.2219
10.222
10.222
10.2221
10.2221
10.222
10.222
10.2219
10.2218
10.2219
10.2219
10.222
10.2221
10.2221
10.2221
10.2221
10.222
10.2219
10.2219
10.222
10.222
10.2221
10.2222
10.2222
10.2222
10.2222
10.2221
10.222
10.222
10.222
10.2221
10.2222
10.2223
10.2223
10.2223
10.2223
10.2222
10.2221
10.222
10.2221
10.2222
10.2222
10.2223
10.2224
10.2224
10.2223
10.2222
10.2222
10.2221
10.2221
10.2222
10.2223
10.2223
10.2224
10.2224
10.2223
10.2223
10.2222
10.2221
10.2221
10.2221
10.2222
10.2223
10.2223
10.2223
10.2223
10.2222
10.2221
10.2221
10.222
10.222
10.2221
10.2222
10.2223
10.2223
10.2222
10.2221
10.222
10.222
10.2219
10.222
10.222
10.2221
10.2222
10.2222
10.2221
10.222
10.222
10.2219
10.2219
10.2219
10.222
10.2221
10.2221
10.2221
10.2221
10.222
10.2219
10.2219
10.2218
10.2218
10.2219
10.222
10.2221
10.2221
10.222
10.2219
10.2218
10.2218
10.2218
10.2219
10.222
10.2221
10.2222
10.2222
10.2221
10.222
10.2219
10.2218
10.2219
10.222
10.2221
10.2222
10.2223
10.2223
10.2222
10.2221
10.222
10.2219
10.222
10.2221
10.2222
10.2223
10.2224
10.2224
10.2223
10.2222
10.2221
10.222
10.2221
10.2222
10.2223
10.2224
10.2225
10.2225
10.2224
10.2223
10.2222
10.2221
10.2221
10.2222
10.2223
10.2224
10.2225
10.2225
10.2224
10.2223
10.2222
10.2221
10.222
10.2221
10.2222
10.2223
10.2224
10.2224
10.2223
10.2222
10.2221
10.222
10.2219
10.222
10.2221
10.2222
10.2223
10.2223
10.2222
10.2221
10.222
10.2219
10.2218
10.2219
10.222
10.2221
10.2222
10.2222
10.2221
10.222
10.2219
10.2218
10.2218
10.2218
10.2219
10.222
10.2221
10.2221
10.222
10.2219
10.2218
10.2218
10.2217
10.2217
10.2219
10.222
10.2221
10.2221
10.222
10.2219
10.2217
10.2217
10.2217
10.2218
10.222
10.2221
10.2222
10.2222
10.2221
10.222
10.2218
10.2217
10.2219
10.222
10.2221
10.2222
10.2223
10.2223
10.2222
10.2221
10.222
10.2219
10.222
10.2221
10.2222
10.2224
10.2225
10.2225
10.2224
10.2222
10.2221
10.222
10.2221
10.2222
10.2223
10.2225
10.2226
10.2226
10.2225
10.2223
10.2222
10.2221
10.2221
10.2222
10.2223
10.2225
10.2226
10.2226
10.2225
10.2223
10.2222
10.2221
10.222
10.2221
10.2223
10.2224
10.2225
10.2225
10.2224
10.2223
10.2221
10.222
10.2219
10.222
10.2221
10.2223
10.2224
10.2224
10.2223
10.2221
10.222
10.2219
10.2218
10.2218
10.222
10.2221
10.2222
10.2222
10.2221
10.222
10.2218
10.2218
10.2217
10.2218
10.2219
10.222
10.2221
10.2221
10.222
10.2219
10.2218
10.2217
10.2215
10.2216
10.2218
10.222
10.2221
10.2221
10.222
10.2218
10.2216
10.2215
10.2216
10.2217
10.2219
10.2221
10.2222
10.2222
10.2221
10.2219
10.2217
10.2216
10.2218
10.2219
10.2221
10.2223
10.2224
10.2224
10.2223
10.2221
10.2219
10.2218
10.222
10.2221
10.2223
10.2225
10.2226
10.2226
10.2225
10.2223
10.2221
10.222
10.2221
10.2222
10.2224
10.2226
10.2228
10.2228
10.2226
10.2224
10.2222
10.2221
10.2221
10.2222
10.2224
10.2226
10.2228
10.2228
10.2226
10.2224
10.2222
10.2221
10.222
10.2221
10.2223
10.2225
10.2226
10.2226
10.2225
10.2223
10.2221
10.222
10.2218
10.2219
10.2221
10.2223
10.2224
10.2224
10.2223
10.2221
10.2219
10.2218
10.2216
10.2218
10.2219
10.2221
10.2222
10.2222
10.2221
10.2219
10.2218
10.2216
10.2215
10.2216
10.2218
10.222
10.2221
10.2221
10.222
10.2218
10.2216
10.2215
10.2213
10.2215
10.2217
10.2219
10.2221
10.2221
10.2219
10.2217
10.2215
10.2213
10.2215
10.2216
10.2218
10.2221
10.2222
10.2222
10.2221
10.2218
10.2216
10.2215
10.2217
10.2218
10.2221
10.2223
10.2225
10.2225
10.2223
10.2221
10.2218
10.2217
10.2219
10.2221
10.2224
10.2226
10.2228
10.2228
10.2226
10.2224
10.2221
10.2219
10.2221
10.2222
10.2225
10.2228
10.223
10.223
10.2228
10.2225
10.2222
10.2221
10.2221
10.2222
10.2225
10.2228
10.223
10.223
10.2228
10.2225
10.2222
10.2221
10.2219
10.2221
10.2224
10.2226
10.2228
10.2228
10.2226
10.2224
10.2221
10.2219
10.2217
10.2219
10.2221
10.2224
10.2225
10.2225
10.2224
10.2221
10.2219
10.2217
10.2215
10.2216
10.2219
10.2221
10.2222
10.2222
10.2221
10.2219
10.2216
10.2215
10.2214
10.2215
10.2217
10.2219
10.2221
10.2221
10.2219
10.2217
10.2215
10.2214
10.2211
10.2213
10.2216
10.2218
10.222
10.222
10.2218
10.2216
10.2213
10.2211
10.2213
10.2214
10.2218
10.2221
10.2223
10.2223
10.2221
10.2218
10.2214
10.2213
10.2216
10.2218
10.2221
10.2224
10.2227
10.2227
10.2224
10.2221
10.2218
10.2216
10.2218
10.2221
10.2224
10.2228
10.2231
10.2231
10.2228
10.2224
10.2221
10.2218
10.222
10.2223
10.2227
10.2231
10.2233
10.2233
10.2231
10.2227
10.2223
10.222
10.222
10.2223
10.2227
10.2231
10.2233
10.2233
10.2231
10.2227
10.2223
10.222
10.2219
10.2221
10.2224
10.2228
10.2231
10.2231
10.2228
10.2224
10.2221
10.2219
10.2216
10.2218
10.2221
10.2224
10.2227
10.2227
10.2224
10.2221
10.2218
10.2216
10.2213
10.2215
10.2218
10.2221
10.2223
10.2223
10.2221
10.2218
10.2215
10.2213
10.2211
10.2213
10.2216
10.2219
10.2221
10.2221
10.2219
10.2216
10.2213
10.2211
)
;

boundaryField
{
    bottom
    {
        type            fixedFluxPressure;
        gradient        uniform 0;
        value           nonuniform List<scalar> 
100
(
10.222
10.222
10.222
10.2221
10.2221
10.2221
10.2221
10.222
10.222
10.222
10.222
10.222
10.2221
10.2221
10.2221
10.2221
10.2221
10.2221
10.222
10.222
10.222
10.2221
10.2221
10.2221
10.2222
10.2222
10.2222
10.2221
10.2221
10.2221
10.2221
10.2221
10.2221
10.2222
10.2222
10.2222
10.2222
10.2222
10.2221
10.2221
10.2221
10.2221
10.2222
10.2222
10.2223
10.2223
10.2222
10.2222
10.2221
10.2221
10.2221
10.2221
10.2222
10.2222
10.2223
10.2223
10.2222
10.2222
10.2221
10.2221
10.2221
10.2221
10.2221
10.2222
10.2222
10.2222
10.2222
10.2222
10.2221
10.2221
10.222
10.2221
10.2221
10.2222
10.2222
10.2222
10.2222
10.2221
10.2221
10.2221
10.222
10.222
10.2221
10.2221
10.2221
10.2221
10.2221
10.2221
10.222
10.222
10.222
10.222
10.222
10.2221
10.2221
10.2221
10.2221
10.222
10.222
10.222
)
;
    }
    atmosphere
    {
        type            prghTotalPressure;
        p0              nonuniform List<scalar> 0();
        value           nonuniform List<scalar> 0();
    }
    walls
    {
        type            fixedFluxPressure;
        gradient        uniform 0;
        value           nonuniform List<scalar> 
400
(
10.222
10.222
10.222
10.2221
10.2221
10.2221
10.2221
10.222
10.222
10.222
10.222
10.222
10.222
10.2221
10.2221
10.2221
10.2221
10.222
10.222
10.222
10.2219
10.222
10.222
10.2221
10.2221
10.2221
10.2221
10.222
10.222
10.222
10.2219
10.2219
10.222
10.2221
10.2221
10.2221
10.2221
10.222
10.222
10.2219
10.2218
10.2219
10.222
10.222
10.2221
10.2221
10.2221
10.222
10.2219
10.2219
10.2218
10.2218
10.2219
10.222
10.2221
10.2221
10.222
10.2219
10.2218
10.2218
10.2217
10.2217
10.2219
10.222
10.2221
10.2221
10.222
10.2219
10.2218
10.2217
10.2215
10.2216
10.2218
10.222
10.2221
10.2221
10.222
10.2218
10.2216
10.2215
10.2213
10.2215
10.2217
10.2219
10.2221
10.2221
10.2219
10.2217
10.2215
10.2214
10.2211
10.2213
10.2216
10.2218
10.222
10.222
10.2219
10.2216
10.2213
10.2211
10.222
10.222
10.222
10.2221
10.2221
10.2221
10.2221
10.222
10.222
10.222
10.222
10.222
10.222
10.2221
10.2221
10.2221
10.2221
10.222
10.222
10.222
10.2219
10.222
10.222
10.2221
10.2221
10.2221
10.2221
10.222
10.222
10.222
10.2219
10.2219
10.222
10.2221
10.2221
10.2221
10.2221
10.222
10.222
10.2219
10.2218
10.2219
10.222
10.222
10.2221
10.2221
10.2221
10.222
10.2219
10.2219
10.2218
10.2218
10.2219
10.222
10.2221
10.2221
10.222
10.2219
10.2218
10.2218
10.2217
10.2217
10.2219
10.222
10.2221
10.2221
10.222
10.2219
10.2218
10.2217
10.2215
10.2216
10.2218
10.222
10.2221
10.2221
10.222
10.2218
10.2216
10.2215
10.2213
10.2215
10.2217
10.2219
10.2221
10.2221
10.2219
10.2217
10.2215
10.2214
10.2211
10.2213
10.2216
10.2218
10.222
10.222
10.2219
10.2216
10.2213
10.2211
10.222
10.222
10.2219
10.2219
10.2218
10.2218
10.2217
10.2215
10.2213
10.2211
10.222
10.222
10.222
10.2219
10.2219
10.2218
10.2217
10.2216
10.2215
10.2213
10.222
10.222
10.222
10.222
10.222
10.2219
10.2219
10.2218
10.2217
10.2216
10.2221
10.2221
10.2221
10.2221
10.222
10.222
10.222
10.222
10.2219
10.2218
10.2221
10.2221
10.2221
10.2221
10.2221
10.2221
10.2221
10.2221
10.2221
10.222
10.2221
10.2221
10.2221
10.2221
10.2221
10.2221
10.2221
10.2221
10.2221
10.222
10.2221
10.2221
10.2221
10.2221
10.222
10.222
10.222
10.222
10.2219
10.2218
10.222
10.222
10.222
10.222
10.222
10.2219
10.2219
10.2218
10.2217
10.2216
10.222
10.222
10.222
10.2219
10.2219
10.2218
10.2217
10.2216
10.2215
10.2213
10.222
10.222
10.2219
10.2219
10.2218
10.2218
10.2217
10.2215
10.2213
10.2211
10.222
10.222
10.222
10.2219
10.2219
10.2218
10.2217
10.2215
10.2214
10.2211
10.222
10.222
10.222
10.222
10.2219
10.2218
10.2218
10.2216
10.2215
10.2213
10.2221
10.222
10.222
10.222
10.222
10.2219
10.2219
10.2218
10.2217
10.2216
10.2221
10.2221
10.2221
10.2221
10.2221
10.222
10.222
10.222
10.2219
10.2219
10.2221
10.2221
10.2221
10.2221
10.2221
10.2221
10.2221
10.2221
10.2221
10.2221
10.2221
10.2221
10.2221
10.2221
10.2221
10.2221
10.2221
10.2221
10.2221
10.2221
10.2221
10.2221
10.2221
10.2221
10.2221
10.222
10.222
10.222
10.2219
10.2219
10.2221
10.222
10.222
10.222
10.222
10.2219
10.2219
10.2218
10.2217
10.2216
10.222
10.222
10.222
10.222
10.2219
10.2218
10.2218
10.2216
10.2215
10.2213
10.222
10.222
10.222
10.2219
10.2219
10.2218
10.2217
10.2215
10.2214
10.2211
)
;
    }
    procBoundary3to2
    {
        type            processor;
        value           nonuniform List<scalar> 
100
(
10.2208
10.221
10.2214
10.2217
10.222
10.222
10.2217
10.2214
10.221
10.2208
10.221
10.2212
10.2216
10.222
10.2223
10.2223
10.222
10.2216
10.2212
10.221
10.2214
10.2216
10.2221
10.2225
10.2228
10.2228
10.2225
10.2221
10.2216
10.2214
10.2218
10.222
10.2225
10.223
10.2234
10.2234
10.223
10.2225
10.222
10.2218
10.222
10.2223
10.2229
10.2234
10.2238
10.2238
10.2234
10.2229
10.2223
10.222
10.222
10.2223
10.2229
10.2234
10.2238
10.2238
10.2234
10.2229
10.2223
10.222
10.2218
10.2221
10.2225
10.223
10.2234
10.2234
10.223
10.2225
10.2221
10.2218
10.2214
10.2217
10.2221
10.2225
10.2229
10.2229
10.2225
10.2221
10.2217
10.2214
10.221
10.2213
10.2217
10.2221
10.2223
10.2223
10.2221
10.2217
10.2213
10.221
10.2208
10.221
10.2214
10.2218
10.222
10.222
10.2218
10.2214
10.221
10.2208
)
;
    }
}


// ************************************************************************* //
