/*--------------------------------*- C++ -*----------------------------------*\
| =========                 |                                                 |
| \\      /  F ield         | OpenFOAM: The Open Source CFD Toolbox           |
|  \\    /   O peration     | Version:  2412                                  |
|   \\  /    A nd           | Website:  www.openfoam.com                      |
|    \\/     M anipulation  |                                                 |
\*---------------------------------------------------------------------------*/
FoamFile
{
    version     2.0;
    format      ascii;
    arch        "LSB;label=32;scalar=64";
    class       surfaceScalarField;
    location    "0.85";
    object      phi;
}
// * * * * * * * * * * * * * * * * * * * * * * * * * * * * * * * * * * * * * //

dimensions      [0 3 -1 0 0 0 0];

oriented        oriented;

internalField   nonuniform List<scalar> 
2700
(
-0.000115889
-0.00011589
0.000205313
0.000385144
-0.000571556
0.00108536
0.000256482
6.80358e-05
0.00131294
1.73827e-06
0.000234936
-4.01092e-05
1.17096e-08
-1.42439e-06
-0.00166676
-1.70659e-06
-1.40906e-06
-0.00166672
-0.000256494
0.000234831
-4.00038e-05
-0.000385128
6.80207e-05
0.00131294
0.00011594
-0.000571565
0.00108538
-0.000115939
0.000205322
-0.000571545
0.000385132
0.00108537
-0.000599292
-0.000599304
0.00174696
-0.000412832
-0.00011326
0.000793909
-0.000153564
-1.85256e-05
-0.00111519
-1.9119e-09
-0.000116272
-0.00162841
0.000153577
-0.000116269
-0.00162839
0.00041282
-1.85616e-05
-0.00111519
0.000599283
-0.00011328
0.000794061
0.00057155
-0.00059931
0.001747
0.000385108
0.00108537
6.80293e-05
0.000256475
0.00131295
-0.000113269
-0.00041283
0.000793928
-4.05532e-05
-4.05427e-05
0.00471553
0.000159097
-0.000172807
0.00165102
-1.8541e-08
6.45813e-05
-0.00103336
-0.0001591
6.45806e-05
-0.00103321
4.05855e-05
-0.000172822
0.00165108
0.000113277
-4.05566e-05
0.00471551
-6.80164e-05
-0.000412836
0.000793919
0.000256484
0.00131293
0.000234953
1.74258e-06
-4.011e-05
-1.85179e-05
-0.000153559
-0.00111518
-0.000172794
0.000159095
0.00165105
-5.81256e-05
-5.81306e-05
-0.000371003
5.62799e-09
2.31798e-05
-0.00161053
5.8133e-05
2.31744e-05
-0.00161055
0.000172818
-5.81192e-05
-0.000370861
1.85285e-05
0.000159091
0.00165109
-0.000234921
-0.00015357
-0.00111521
1.7377e-06
-4.00735e-05
-1.42048e-06
1.29546e-08
-0.00166678
-0.000116268
-8.46231e-10
-0.0016284
6.45889e-05
-2.3624e-08
-0.00103336
2.3183e-05
6.99293e-09
-0.00161053
3.96072e-09
4.57927e-09
-0.00179533
-2.31764e-05
4.08675e-09
-0.00179534
-6.45814e-05
8.76599e-09
-0.00161055
0.000116269
-1.34385e-08
-0.00103331
1.40618e-06
3.80472e-10
-0.0016284
1.23393e-08
-0.00166683
-1.39717e-06
-1.70761e-06
-0.00166671
-0.000116265
0.000153585
-0.00162838
6.4585e-05
-0.000159096
-0.00103316
2.31748e-05
5.81421e-05
-0.00161056
3.75117e-09
-2.31732e-05
-0.00179534
-2.31691e-05
-2.31695e-05
-0.00179535
-6.45786e-05
5.81396e-05
-0.00161057
0.000116262
-0.00015908
-0.00103316
1.38558e-06
0.000153588
-0.00162838
-1.70582e-06
-0.00166678
0.000234806
-0.000256503
-3.99643e-05
-1.8561e-05
0.000412818
-0.0011152
-0.000172813
4.05948e-05
0.00165111
-5.81132e-05
0.000172838
-0.000370807
7.03576e-09
-6.45746e-05
-0.00161055
5.81283e-05
-6.45744e-05
-0.00161056
0.000172832
0.000172848
-0.000370758
1.85557e-05
4.06145e-05
0.00165111
-0.000234806
0.00041282
-0.00111522
-0.00025651
-3.99285e-05
6.80117e-05
-0.000385124
0.00131293
-0.000113289
0.00059928
0.00079412
-4.05628e-05
0.000113268
0.00471549
0.000159088
1.85332e-05
0.00165113
-8.3805e-09
0.000116269
-0.00103328
-0.000159078
0.000116264
-0.00103319
4.06042e-05
1.85543e-05
0.00165113
0.000113289
0.00011328
0.00471546
-6.80127e-05
0.000599289
0.000794114
-0.000385115
0.00131293
-0.000571569
0.000115955
0.00108538
-0.00059931
0.000571549
0.001747
-0.000412838
-6.80247e-05
0.00079389
-0.000153574
-0.000234911
-0.00111521
7.28438e-10
1.40787e-06
-0.00162841
0.000153587
1.39348e-06
-0.0016284
0.000412828
-0.000234829
-0.00111522
0.000599302
-6.80234e-05
0.000794026
0.000571571
0.000571559
0.00174703
0.000115974
0.00108538
-0.000115953
0.000205325
0.000385104
0.00108537
0.000256485
0.00131293
1.72678e-06
-4.00558e-05
1.21379e-08
-0.00166682
-1.69715e-06
-0.00166679
-0.000256494
-3.99598e-05
-0.000385106
0.00131294
0.000115973
0.00108538
0.000205325
-4.84562e-05
-4.84568e-05
0.000302226
0.000614872
-0.000662895
0.00108493
0.000428708
2.43901e-05
0.00147472
6.28463e-05
0.000299825
2.59277e-05
-3.52484e-08
-2.21727e-08
-0.00160386
-6.28923e-05
-2.12126e-08
-0.00160384
-0.000428745
0.000299871
2.59777e-05
-0.000614883
2.4375e-05
0.0014747
4.84662e-05
-0.000662911
0.00108494
-4.84632e-05
0.000302251
-0.000662883
0.000614863
0.00108493
-0.000620329
-0.00062034
0.00166186
-0.000416829
-0.000112289
0.000727088
-0.000145507
1.04263e-05
-0.00109711
-4.27681e-09
-0.000128066
-0.00164587
0.000145486
-0.000128067
-0.00164583
0.000416807
1.04601e-05
-0.0010971
0.00062033
-0.000112294
0.000727206
0.000662881
-0.000620353
0.00166189
0.00061487
0.00108492
2.43885e-05
0.000428699
0.00147472
-0.0001123
-0.000416829
0.000727105
1.1927e-05
1.19359e-05
0.00446708
0.000190256
-0.000137962
0.00162108
-1.62574e-08
7.65702e-05
-0.00104772
-0.000190266
7.65717e-05
-0.0010476
-1.1893e-05
-0.000137983
0.00162115
0.000112311
1.19368e-05
0.00446708
-2.4382e-05
-0.000416825
0.000727084
0.000428714
0.0014747
0.000299821
6.28431e-05
2.59252e-05
1.04176e-05
-0.000145507
-0.0010971
-0.000137958
0.000190254
0.00162111
-4.20736e-05
-4.20744e-05
-0.000562775
7.72837e-09
3.32802e-05
-0.00160932
4.20825e-05
3.32773e-05
-0.00160933
0.000137995
-4.20604e-05
-0.000562696
-1.04251e-05
0.000190258
0.00162119
-0.000299852
-0.000145501
-0.00109711
6.2861e-05
2.59277e-05
-1.81447e-08
-5.48192e-08
-0.00160386
-0.000128062
-3.77763e-09
-0.00164586
7.65756e-05
-2.13514e-08
-0.00104772
3.32828e-05
9.21129e-09
-0.00160932
3.20545e-09
3.25635e-09
-0.00172878
-3.32786e-05
3.27972e-09
-0.00172878
-7.65702e-05
9.36228e-09
-0.00160933
0.000128064
-1.1852e-08
-0.00104767
1.48074e-08
-1.54002e-09
-0.00164585
-4.26775e-08
-0.00160391
-1.49625e-08
-6.29146e-05
-0.00160383
-0.000128064
0.000145482
-0.00164582
7.65748e-05
-0.000190263
-0.00104756
3.32776e-05
4.2086e-05
-0.00160934
3.46278e-09
-3.32776e-05
-0.00172879
-3.3273e-05
-3.32746e-05
-0.0017288
-7.65693e-05
4.20797e-05
-0.00160934
0.000128062
-0.000190252
-0.00104755
1.10145e-08
0.000145478
-0.00164581
-6.2919e-05
-0.00160389
0.000299893
-0.000428758
2.59863e-05
1.04777e-05
0.000416802
-0.00109711
-0.000137983
-1.18781e-05
0.00162119
-4.2055e-05
0.000138008
-0.000562657
7.59031e-09
-7.65665e-05
-0.00160932
4.20717e-05
-7.65674e-05
-0.00160933
0.00013801
0.000138018
-0.000562634
-1.0487e-05
-1.18707e-05
0.00162123
-0.000299914
0.000416796
-0.00109711
-0.000428762
2.60007e-05
2.43664e-05
-0.000614885
0.00147469
-0.000112297
0.000620331
0.000727254
1.19398e-05
0.000112303
0.00446707
0.000190261
-1.043e-05
0.00162125
-6.5598e-09
0.000128066
-0.00104764
-0.000190256
0.000128063
-0.00104757
-1.18946e-05
-1.04707e-05
0.00162126
0.0001123
0.000112297
0.0044671
-2.43736e-05
0.000620341
0.000727243
-0.000614885
0.00147468
-0.000662917
4.84702e-05
0.00108494
-0.000620353
0.000662878
0.00166189
-0.000416822
-2.43911e-05
0.000727053
-0.0001455
-0.00029986
-0.00109711
-5.75389e-10
1.82041e-08
-0.00164586
0.000145486
1.66485e-08
-0.00164584
0.000416801
-0.000299899
-0.00109711
0.00062035
-2.43892e-05
0.000727164
0.000662912
0.000662894
0.00166192
4.84756e-05
0.00108493
-4.84629e-05
0.000302258
0.000614878
0.00108491
0.000428721
0.00147469
6.28639e-05
2.59411e-05
-2.48538e-08
-0.00160392
-6.2896e-05
-0.00160391
-0.000428746
2.59911e-05
-0.000614883
0.00147469
4.84713e-05
0.00108492
0.000302272
-6.05617e-05
-6.05623e-05
0.00042335
0.000642662
-0.00067714
0.00105885
0.000444106
-2.63276e-06
0.0016759
7.19003e-05
0.000352072
4.60621e-05
-2.29854e-08
-3.86318e-06
-0.00152807
-7.19455e-05
-3.86863e-06
-0.00152805
-0.000444147
0.000352151
4.60279e-05
-0.000642681
-2.64944e-06
0.00167588
6.05606e-05
-0.00067716
0.00105886
-6.05566e-05
0.000423368
-0.000677131
0.000642654
0.00105885
-0.000614131
-0.000614138
0.00153586
-0.000400841
-0.000125987
0.000637152
-0.000125432
4.45521e-05
-0.001065
-5.54866e-09
-0.000137618
-0.00163754
0.000125402
-0.000137619
-0.00163749
0.000400826
4.45715e-05
-0.00106495
0.000614139
-0.000125979
0.000637223
0.00067713
-0.000614147
0.00153588
0.000642669
0.00105883
-2.63239e-06
0.000444097
0.00167591
-0.000125993
-0.000400841
0.000637168
3.67352e-05
3.67377e-05
0.00414162
0.000200841
-8.33031e-05
0.00158483
9.76615e-10
8.59134e-05
-0.00107041
-0.000200833
8.59182e-05
-0.0010703
-3.67112e-05
-8.33483e-05
0.00158495
0.000126001
3.67545e-05
0.00414163
2.63438e-06
-0.000400832
0.000637135
0.000444109
0.0016759
0.000352063
7.18945e-05
4.60646e-05
4.45483e-05
-0.000125434
-0.00106499
-8.32972e-05
0.000200841
0.00158485
-2.66713e-05
-2.66735e-05
-0.000676031
1.04825e-08
4.09144e-05
-0.001591
2.66936e-05
4.09135e-05
-0.00159101
8.33342e-05
-2.66873e-05
-0.000675997
-4.45521e-05
0.000200846
0.00158499
-0.000352104
-0.000125422
-0.00106496
7.1909e-05
4.60241e-05
-3.86035e-06
-3.64426e-08
-0.00152807
-0.000137614
-6.46567e-09
-0.00163753
8.59179e-05
2.36212e-09
-0.00107041
4.09165e-05
1.20484e-08
-0.001591
2.52732e-09
2.19584e-09
-0.00164695
-4.09144e-05
2.53091e-09
-0.00164696
-8.59198e-05
1.00212e-08
-0.00159102
0.000137615
6.37859e-09
-0.00107037
3.86581e-06
-4.41957e-09
-0.00163752
-2.86392e-08
-0.00152811
-3.86633e-06
-7.19639e-05
-0.00152804
-0.000137617
0.000125393
-0.00163747
8.59215e-05
-0.000200824
-0.00107027
4.09142e-05
2.66974e-05
-0.00159102
3.08118e-09
-4.0915e-05
-0.00164696
-4.09109e-05
-4.09132e-05
-0.00164697
-8.59217e-05
2.67098e-05
-0.00159103
0.000137615
-0.000200819
-0.00107026
3.8696e-06
0.000125387
-0.00163746
-7.19656e-05
-0.00152809
0.000352182
-0.000444159
4.59992e-05
4.45804e-05
0.000400824
-0.00106494
-8.3359e-05
-3.66977e-05
0.001585
-2.66918e-05
8.33453e-05
-0.000675972
8.03222e-09
-8.59198e-05
-0.00159102
2.6711e-05
-8.59223e-05
-0.00159102
8.33798e-05
8.3375e-05
-0.000675968
-4.45881e-05
-3.67058e-05
0.00158508
-0.000352203
0.000400814
-0.00106493
-0.000444161
4.59939e-05
-2.66077e-06
-0.000642683
0.00167588
-0.000125982
0.000614142
0.000637258
3.67657e-05
0.000125991
0.00414164
0.000200851
-4.45547e-05
0.00158506
6.17259e-09
0.000137617
-0.00107034
-0.000200832
0.000137617
-0.00107027
-3.67326e-05
-4.45799e-05
0.00158511
0.000125982
0.000125974
0.00414171
2.65379e-06
0.000614148
0.000637237
-0.000642691
0.00167586
-0.000677168
6.05622e-05
0.00105887
-0.000614148
0.000677127
0.00153589
-0.000400828
2.62559e-06
0.000637098
-0.000125419
-0.000352115
-0.00106496
-2.27554e-09
3.86867e-06
-0.00163753
0.000125396
3.87254e-06
-0.00163749
0.000400814
-0.000352179
-0.00106493
0.000614151
2.63316e-06
0.000637168
0.000677164
0.000677147
0.00153591
6.05581e-05
0.00105885
-6.05526e-05
0.000423373
0.00064268
0.00105881
0.000444117
0.00167588
7.19144e-05
4.60283e-05
-1.57731e-08
-0.00152812
-7.19467e-05
-0.0015281
-0.000444148
4.60125e-05
-0.000642694
0.00167587
6.05526e-05
0.00105882
0.000423382
-9.83112e-05
-9.83117e-05
0.000619973
0.000534477
-0.000636743
0.0010628
0.000329243
4.77472e-05
0.00183339
7.14451e-05
0.000362617
-5.87561e-05
-1.23369e-08
-9.16717e-06
-0.00144745
-7.14776e-05
-9.17211e-06
-0.00144741
-0.000329297
0.000362599
-5.87514e-05
-0.000534517
4.7713e-05
0.00183339
9.83023e-05
-0.000636769
0.00106281
-9.82956e-05
0.000619966
-0.000636736
0.000534467
0.0010628
-0.000593485
-0.000593491
0.00144935
-0.000370478
-0.000145708
0.0006076
-9.63433e-05
5.28671e-05
-0.00102939
-4.77214e-09
-0.000141593
-0.00160145
9.63318e-05
-0.000141595
-0.00160141
0.000370474
5.2865e-05
-0.00102936
0.000593489
-0.000145704
0.000607626
0.000636738
-0.000593497
0.00144936
0.000534489
0.00106278
4.77486e-05
0.000329234
0.0018334
-0.00014571
-0.000370477
0.000607614
3.58523e-05
3.58484e-05
0.0037785
0.000206174
-3.06045e-05
0.00149798
1.51531e-10
9.21647e-05
-0.001098
-0.000206169
9.21701e-05
-0.0010979
-3.58494e-05
-3.06361e-05
0.00149813
0.000145705
3.58725e-05
0.0037785
-4.77472e-05
-0.000370471
0.000607561
0.000329246
0.00183339
0.000362623
7.14411e-05
-5.87656e-05
5.28713e-05
-9.63434e-05
-0.00102937
-3.05965e-05
0.000206175
0.001498
-6.78151e-06
-6.78477e-06
-0.000723666
4.56395e-09
4.49781e-05
-0.0015506
6.79512e-06
4.49786e-05
-0.00155061
3.06094e-05
-6.8006e-06
-0.000723647
-5.28752e-05
0.000206185
0.00149816
-0.000362618
-9.63409e-05
-0.00102935
7.14534e-05
-5.88011e-05
-9.16587e-06
-1.94842e-08
-0.00144744
-0.000141589
-5.89377e-09
-0.00160145
9.21695e-05
-9.42375e-10
-0.001098
4.49804e-05
4.3622e-09
-0.0015506
4.69884e-10
-7.03158e-10
-0.00155699
-4.49821e-05
-2.62211e-10
-0.00155699
-9.21781e-05
3.33779e-09
-0.00155063
0.000141588
2.01716e-09
-0.00109795
9.17515e-06
-4.72861e-09
-0.00160144
-1.58192e-08
-0.00144747
-9.17204e-06
-7.14902e-05
-0.0014474
-0.000141592
9.63303e-05
-0.00160138
9.21742e-05
-0.000206163
-0.00109787
4.49802e-05
6.79741e-06
-0.00155062
1.07057e-09
-4.49837e-05
-0.001557
-4.49803e-05
-4.4983e-05
-0.00155701
-9.21809e-05
6.81165e-06
-0.00155064
0.000141588
-0.000206167
-0.00109786
9.17929e-06
9.63285e-05
-0.00160138
-7.14932e-05
-0.00144743
0.000362595
-0.000329312
-5.8774e-05
5.28641e-05
0.000370476
-0.00102935
-3.06431e-05
-3.58456e-05
0.00149819
-6.80375e-06
3.0614e-05
-0.000723628
3.36535e-09
-9.21792e-05
-0.00155063
6.81414e-06
-9.21818e-05
-0.00155064
3.06468e-05
3.06383e-05
-0.000723627
-5.28756e-05
-3.58606e-05
0.0014983
-0.000362599
0.000370468
-0.00102934
-0.000329316
-5.87825e-05
4.76923e-05
-0.000534522
0.00183339
-0.000145714
0.000593492
0.000607648
3.58849e-05
0.00014569
0.0037785
0.000206193
-5.28764e-05
0.00149824
3.73114e-09
0.000141591
-0.00109792
-0.000206181
0.000141591
-0.00109786
-3.58753e-05
-5.28794e-05
0.00149833
0.000145709
0.000145685
0.00377858
-4.76971e-05
0.000593497
0.000607613
-0.000534534
0.00183338
-0.000636776
9.83031e-05
0.00106282
-0.000593497
0.000636737
0.00144936
-0.000370467
-4.77579e-05
0.000607516
-9.63382e-05
-0.000362616
-0.00102934
-2.22876e-09
9.17703e-06
-0.00160145
9.63312e-05
9.18041e-06
-0.00160141
0.000370463
-0.000362603
-0.00102934
0.000593498
-4.77314e-05
0.000607549
0.000636775
0.00063676
0.00144937
9.82937e-05
0.00106279
-9.82892e-05
0.000619965
0.0005345
0.00106275
0.000329251
0.00183337
7.14578e-05
-5.87948e-05
-8.09976e-09
-0.00144748
-7.14804e-05
-0.00144745
-0.000329296
-5.87753e-05
-0.000534531
0.00183337
9.82863e-05
0.00106276
0.000619962
-3.63606e-05
-3.63611e-05
0.000692694
0.000439405
-0.000586395
0.00117343
0.000161388
0.000151739
0.00195967
7.62616e-05
0.000309441
-0.00028307
-8.02661e-09
-8.64536e-06
-0.00136253
-7.62714e-05
-8.64494e-06
-0.0013625
-0.000161424
0.000309436
-0.000283035
-0.000439436
0.000151704
0.0019597
3.6358e-05
-0.000586415
0.00117343
-3.63525e-05
0.000692676
-0.000586388
0.000439396
0.00117343
-0.000589921
-0.000589925
0.00145642
-0.000342566
-0.000140758
0.000652741
-6.5749e-05
1.6483e-05
-0.00101324
-1.0537e-08
-0.000135347
-0.00154049
6.57397e-05
-0.000135344
-0.00154046
0.000342564
1.64818e-05
-0.00101323
0.000589919
-0.000140763
0.000652738
0.00058639
-0.00058993
0.00145641
0.000439406
0.00117341
0.000151739
0.000161383
0.00195967
-0.000140762
-0.000342566
0.000652755
2.35261e-05
2.35199e-05
0.00344994
0.000214674
-2.11775e-07
0.00132352
-1.29978e-08
9.56592e-05
-0.00111432
-0.000214689
9.56666e-05
-0.00111423
-2.35413e-05
-2.11818e-07
0.00132368
0.000140751
2.35374e-05
0.00344991
-0.000151741
-0.000342565
0.000652688
0.000161387
0.00195967
0.000309442
7.62611e-05
-0.000283086
1.64865e-05
-6.57511e-05
-0.00101323
-2.06753e-07
0.00021467
0.00132354
1.11172e-05
1.1114e-05
-0.000746315
-1.99595e-10
4.3479e-05
-0.0014873
-1.11187e-05
4.34813e-05
-0.00148731
1.97056e-07
1.11111e-05
-0.000746286
-1.6492e-05
0.000214686
0.0013237
-0.000309437
-6.57546e-05
-0.00101322
7.62649e-05
-0.000283116
-8.64596e-06
-1.12674e-08
-0.00136252
-0.000135343
-1.44175e-08
-0.00154049
9.56646e-05
-2.12962e-08
-0.00111431
4.34817e-05
-2.09909e-09
-0.0014873
-2.45034e-09
-4.53655e-09
-0.00147002
-4.34882e-05
-3.71908e-09
-0.00147002
-9.56808e-05
-1.75528e-09
-0.00148732
0.000135335
-1.69442e-08
-0.00111426
8.65447e-06
-1.2108e-08
-0.0015405
-1.05647e-08
-0.00136254
-8.64577e-06
-7.62752e-05
-0.00136249
-0.000135339
6.57412e-05
-0.00154045
9.56732e-05
-0.000214692
-0.00111421
4.34847e-05
-1.11192e-05
-0.00148731
-1.51317e-09
-4.34904e-05
-0.00147003
-4.34895e-05
-4.34913e-05
-0.00147003
-9.56874e-05
-1.11138e-05
-0.00148733
0.00013533
-0.000214702
-0.00111419
8.65363e-06
6.57455e-05
-0.00154046
-7.62782e-05
-0.00136251
0.000309431
-0.000161434
-0.000283047
1.64775e-05
0.000342567
-0.00101322
-2.08561e-07
-2.35497e-05
0.00132373
1.11138e-05
1.95248e-07
-0.000746265
-5.04618e-11
-9.56817e-05
-0.00148732
-1.11138e-05
-9.56864e-05
-0.00148733
2.00759e-07
1.98386e-07
-0.000746254
-1.64886e-05
-2.35622e-05
0.00132385
-0.000309433
0.000342564
-0.00101322
-0.000161437
-0.000283057
0.000151684
-0.00043944
0.00195972
-0.000140778
0.000589925
0.000652753
2.35422e-05
0.000140735
0.0034499
0.000214697
-1.64951e-05
0.00132378
-8.34206e-09
0.000135339
-0.00111423
-0.000214707
0.000135335
-0.00111418
-2.35551e-05
-1.64962e-05
0.00132387
0.000140772
0.000140741
0.00344995
-0.000151687
0.000589928
0.000652708
-0.000439448
0.00195971
-0.000586418
3.6358e-05
0.00117344
-0.000589927
0.000586394
0.0014564
-0.000342562
-0.000151751
0.000652637
-6.57492e-05
-0.000309439
-0.00101321
-7.40702e-09
8.65462e-06
-0.00154051
6.57441e-05
8.65352e-06
-0.00154048
0.00034256
-0.000309438
-0.00101321
0.000589924
-0.00015172
0.000652646
0.000586417
0.000586412
0.00145639
3.63503e-05
0.00117341
-3.63475e-05
0.00069267
0.000439413
0.00117339
0.000161389
0.00195965
7.62674e-05
-0.000283112
-5.96838e-09
-0.00136255
-7.62738e-05
-0.00136253
-0.000161423
-0.000283064
-0.000439443
0.00195967
3.6345e-05
0.00117338
0.000692658
-4.28715e-05
-4.28722e-05
0.000778438
0.00030692
-0.000553606
0.00137725
1.89174e-05
0.000234274
0.00201339
5.32394e-05
0.000230388
-0.000547781
-1.35225e-08
-3.37888e-06
-0.0013059
-5.32624e-05
-3.37614e-06
-0.00130588
-1.8936e-05
0.00023042
-0.000547781
-0.000306921
0.000234249
0.00201343
4.28765e-05
-0.000553608
0.00137724
-4.28741e-05
0.000778427
-0.000553602
0.000306913
0.00137725
-0.000610719
-0.000610721
0.00157065
-0.000322951
-0.000136362
0.000735609
-3.92836e-05
-3.5146e-05
-0.00103138
-1.176e-08
-0.00012033
-0.00146281
3.92727e-05
-0.000120324
-0.00146279
0.000322952
-3.51255e-05
-0.00103136
0.000610719
-0.000136367
0.000735587
0.000553603
-0.000610716
0.00157063
0.000306908
0.00137723
0.000234273
1.89131e-05
0.0020134
-0.000136372
-0.000322951
0.00073563
-4.31683e-06
-4.32176e-06
0.00318584
0.000217538
5.94536e-06
0.00106058
-1.95785e-08
9.10548e-05
-0.00110814
-0.000217573
9.10637e-05
-0.00110807
4.29844e-06
5.96232e-06
0.00106072
0.000136369
-4.32089e-06
0.00318579
-0.000234274
-0.000322953
0.000735569
1.89158e-05
0.00201339
0.000230381
5.32361e-05
-0.00054779
-3.51497e-05
-3.9286e-05
-0.00103137
5.94704e-06
0.000217529
0.00106059
2.0859e-05
2.08549e-05
-0.000776137
-5.206e-09
3.67402e-05
-0.00141212
-2.08718e-05
3.67443e-05
-0.00141212
-5.96431e-06
2.08604e-05
-0.000776091
3.51409e-05
0.000217543
0.00106073
-0.000230387
-3.9289e-05
-0.00103135
5.32449e-05
-0.000547832
-3.37982e-06
-1.8642e-08
-0.00130589
-0.000120325
-1.5828e-08
-0.00146281
9.10593e-05
-3.05881e-08
-0.00110814
3.6743e-05
-8.85953e-09
-0.00141212
-5.07674e-09
-7.8842e-09
-0.00139653
-3.6753e-05
-6.99921e-09
-0.00139652
-9.10778e-05
-7.19312e-09
-0.00141213
0.000120311
-2.66749e-08
-0.00110808
3.38328e-06
-1.33014e-08
-0.00146285
-1.67365e-08
-0.00130589
-3.37697e-06
-5.32676e-05
-0.00130586
-0.00012032
3.92758e-05
-0.00146279
9.10711e-05
-0.000217588
-0.00110805
3.67495e-05
-2.08759e-05
-0.00141212
-4.0528e-09
-3.67552e-05
-0.00139653
-3.67581e-05
-3.67582e-05
-0.00139653
-9.10878e-05
-2.08759e-05
-0.00141213
0.000120306
-0.000217598
-0.00110802
3.38088e-06
3.92799e-05
-0.00146283
-5.32738e-05
-0.00130587
0.000230426
-1.89356e-05
-0.000547805
-3.51225e-05
0.000322958
-0.00103136
5.97186e-06
4.28579e-06
0.00106077
2.08664e-05
-5.96938e-06
-0.000776066
-3.77468e-09
-9.10791e-05
-0.00141213
-2.08748e-05
-9.10859e-05
-0.00141213
-5.98283e-06
-5.9795e-06
-0.000776043
3.51146e-05
4.28337e-06
0.00106087
-0.000230429
0.000322958
-0.00103135
-1.89409e-05
-0.000547819
0.000234238
-0.000306915
0.00201346
-0.000136378
0.000610732
0.000735595
-4.3254e-06
0.000136363
0.00318577
0.000217552
3.51351e-05
0.0010608
-1.51187e-08
0.000120313
-0.00110806
-0.000217584
0.000120308
-0.00110801
4.30466e-06
3.51154e-05
0.00106089
0.000136383
0.000136368
0.00318578
-0.000234237
0.000610728
0.000735558
-0.000306914
0.00201344
-0.000553598
4.28778e-05
0.00137724
-0.000610703
0.000553613
0.00157063
-0.000322947
-0.000234277
0.000735521
-3.92811e-05
-0.000230394
-0.00103135
-8.62631e-09
3.38197e-06
-0.00146285
3.92744e-05
3.3794e-06
-0.00146284
0.000322948
-0.000230425
-0.00103135
0.000610706
-0.000234254
0.00073551
0.000553602
0.000553617
0.0015706
4.28778e-05
0.00137722
-4.28736e-05
0.000778422
0.000306912
0.00137721
1.89212e-05
0.00201336
5.32515e-05
-0.000547837
-1.09267e-08
-0.0013059
-5.32701e-05
-0.00130589
-1.89409e-05
-0.000547818
-0.000306919
0.0020134
4.28758e-05
0.00137721
0.000778411
-0.000125374
-0.000125376
0.00102919
0.000214608
-0.000538658
0.00157592
-3.81417e-05
0.000259233
0.00200691
2.14543e-05
0.000172479
-0.000779855
-1.52143e-08
3.3237e-06
-0.00128775
-2.14834e-05
3.32596e-06
-0.00128774
3.81528e-05
0.0001725
-0.000779917
-0.000214584
0.000259241
0.00200693
0.000125378
-0.000538635
0.00157591
-0.000125382
0.00102919
-0.000538657
0.000214604
0.00157593
-0.000631398
-0.000631399
0.00175613
-0.000308118
-0.00013386
0.000805423
-2.99242e-05
-6.27622e-05
-0.00107433
-8.18746e-09
-0.000108707
-0.00138069
2.99136e-05
-0.000108707
-0.00138068
0.000308115
-6.27423e-05
-0.00107432
0.000631401
-0.000133851
0.000805393
0.000538657
-0.00063138
0.00175612
0.000214593
0.00157591
0.000259226
-3.81436e-05
0.00200692
-0.000133874
-0.000308119
0.000805451
-3.14621e-05
-3.14666e-05
0.00298104
0.000213063
7.28919e-06
0.000746
-1.85304e-08
8.34715e-05
-0.00108724
-0.000213094
8.34773e-05
-0.00108717
3.1447e-05
7.30919e-06
0.000746125
0.000133882
-3.14811e-05
0.00298099
-0.000259229
-0.000308114
0.000805414
-3.81417e-05
0.00200689
0.000172471
2.145e-05
-0.000779855
-6.27685e-05
-2.99245e-05
-0.00107432
7.28959e-06
0.000213054
0.000746013
2.3588e-05
2.35833e-05
-0.000808729
-9.16894e-09
3.57753e-05
-0.00134083
-2.36075e-05
3.57794e-05
-0.00134082
-7.30727e-06
2.35926e-05
-0.000808675
6.27639e-05
0.000213054
0.000746125
-0.000172473
-2.992e-05
-0.00107431
2.14637e-05
-0.00077991
3.32378e-06
-2.08264e-08
-0.00128774
-0.000108703
-1.01468e-08
-0.0013807
8.34737e-05
-2.71944e-08
-0.00108723
3.57778e-05
-1.44358e-08
-0.00134083
-6.46693e-09
-9.58099e-09
-0.00132496
-3.57878e-05
-8.92209e-09
-0.00132496
-8.34855e-05
-1.18066e-08
-0.00134083
0.000108694
-2.47096e-08
-0.00108718
-3.32535e-06
-8.63281e-09
-0.00138074
-1.78611e-08
-0.00128773
3.32541e-06
-2.14892e-05
-0.00128772
-0.000108707
2.99165e-05
-0.00138069
8.34814e-05
-0.000213108
-0.00108715
3.57847e-05
-2.36152e-05
-0.00134082
-5.62491e-09
-3.57902e-05
-0.00132496
-3.57937e-05
-3.57937e-05
-0.00132495
-8.34926e-05
-2.36177e-05
-0.00134082
0.000108697
-0.000213108
-0.00108712
-3.32631e-06
2.99128e-05
-0.00138073
-2.14979e-05
-0.00128772
0.000172503
3.81676e-05
-0.000779965
-6.27372e-05
0.000308119
-0.00107432
7.31993e-06
3.14364e-05
0.000746165
2.35992e-05
-7.31213e-06
-0.000808648
-6.8167e-09
-8.34884e-05
-0.00134083
-2.36132e-05
-8.34933e-05
-0.00134082
-7.33165e-06
-7.3259e-06
-0.000808616
6.27344e-05
3.14444e-05
0.00074625
-0.000172503
0.000308114
-0.00107431
3.81612e-05
-0.000779981
0.000259249
-0.000214566
0.00200694
-0.000133847
0.000631417
0.000805392
-3.14912e-05
0.000133891
0.00298096
0.000213058
6.27602e-05
0.000746176
-1.48916e-08
0.000108693
-0.00108717
-0.000213089
0.000108693
-0.00108712
3.14702e-05
6.27401e-05
0.00074626
0.000133864
0.000133881
0.00298095
-0.000259243
0.000631403
0.000805376
-0.000214561
0.00200692
-0.000538614
0.000125379
0.00157591
-0.000631359
0.000538673
0.00175612
-0.000308105
-0.000259225
0.000805382
-2.9912e-05
-0.000172479
-0.0010743
-5.85931e-09
-3.32731e-06
-0.00138073
2.99052e-05
-3.32907e-06
-0.00138073
0.000308103
-0.000172501
-0.0010743
0.000631368
-0.000259231
0.000805357
0.000538621
0.000538656
0.0017561
0.000125385
0.0015759
-0.000125386
0.00102919
0.000214598
0.0015759
-3.81311e-05
0.00200687
2.14729e-05
-0.00077992
-1.23359e-08
-0.00128775
-2.14967e-05
-0.00128773
3.81386e-05
-0.000779955
-0.00021458
0.00200689
0.000125389
0.00157589
0.00102919
-9.62569e-05
-9.62588e-05
0.0012217
0.000306181
-0.000554954
0.00172844
2.29829e-05
0.000259135
0.00203098
2.17698e-05
0.000143315
-0.000921958
-7.27475e-09
1.24776e-06
-0.00126722
-2.17856e-05
1.25408e-06
-0.00126721
-2.29522e-05
0.00014331
-0.00092206
-0.000306149
0.000259176
0.00203095
9.62539e-05
-0.000554916
0.00172843
-9.6262e-05
0.0012217
-0.000554955
0.000306177
0.00172845
-0.000636923
-0.000636924
0.00192007
-0.000299862
-0.000124249
0.000851746
-3.58149e-05
-6.72894e-05
-0.00112777
-5.56727e-09
-0.000109657
-0.0013056
3.58084e-05
-0.000109661
-0.00130558
0.000299853
-6.7285e-05
-0.00112777
0.000636924
-0.000124205
0.000851703
0.000554954
-0.000636896
0.00192007
0.000306169
0.00172844
0.000259124
2.29813e-05
0.00203099
-0.000124269
-0.000299862
0.000851783
-4.18832e-05
-4.18833e-05
0.00281629
0.000215816
1.35761e-05
0.000407435
-1.51161e-08
7.42807e-05
-0.00105535
-0.000215837
7.42821e-05
-0.00105529
4.18793e-05
1.35906e-05
0.000407534
0.000124282
-4.18909e-05
0.00281627
-0.000259132
-0.000299848
0.000851781
2.29818e-05
0.00203095
0.000143311
2.17674e-05
-0.000921953
-6.72947e-05
-3.58123e-05
-0.00112777
1.35766e-05
0.00021581
0.000407448
2.76384e-05
2.76335e-05
-0.000836848
-1.0701e-08
3.89877e-05
-0.00127789
-2.76617e-05
3.89908e-05
-0.00127788
-1.35908e-05
2.76443e-05
-0.000836799
6.72999e-05
0.000215802
0.000407541
-0.000143302
-3.57991e-05
-0.00112776
2.17762e-05
-0.000922007
1.24784e-06
-8.38822e-09
-0.00126721
-0.000109656
-5.97545e-09
-0.0013056
7.42809e-05
-1.91401e-08
-0.00105534
3.89896e-05
-1.68989e-08
-0.00127789
-6.05242e-09
-9.01709e-09
-0.00124697
-3.89985e-05
-8.64013e-09
-0.00124696
-7.42851e-05
-1.38345e-08
-0.00127788
0.000109656
-1.74338e-08
-0.0010553
-1.25518e-06
-5.11832e-09
-0.00130562
-7.59484e-09
-0.00126721
1.25513e-06
-2.17862e-05
-0.0012672
-0.000109665
3.58104e-05
-0.00130558
7.42823e-05
-0.000215844
-0.00105528
3.89952e-05
-2.76725e-05
-0.00127788
-5.48887e-09
-3.90013e-05
-0.00124696
-3.90036e-05
-3.90043e-05
-0.00124696
-7.42869e-05
-2.76758e-05
-0.00127788
0.000109664
-0.000215838
-0.00105525
-1.26083e-06
3.57977e-05
-0.00130561
-2.17933e-05
-0.00126719
0.000143303
-2.29285e-05
-0.000922126
-6.72837e-05
0.000299851
-0.00112777
1.35989e-05
4.188e-05
0.000407558
2.76503e-05
-1.3595e-05
-0.000836777
-8.0431e-09
-7.429e-05
-0.00127788
-2.76679e-05
-7.42916e-05
-0.00127787
-1.36091e-05
-1.36051e-05
-0.000836745
6.72874e-05
4.18824e-05
0.000407633
-0.000143299
0.000299839
-0.00112777
-2.29352e-05
-0.000922138
0.000259201
-0.000306129
0.00203094
-0.000124176
0.000636935
0.000851685
-4.18917e-05
0.000124304
0.00281625
0.000215803
6.73005e-05
0.000407586
-1.17658e-08
0.000109652
-0.00105529
-0.000215824
0.000109655
-0.00105526
4.18846e-05
6.72929e-05
0.000407654
0.000124202
0.000124263
0.00281625
-0.000259195
0.000636913
0.000851699
-0.000306126
0.00203092
-0.00055489
9.62509e-05
0.00172842
-0.000636875
0.000554969
0.00192007
-0.000299842
-0.000259125
0.000851778
-3.57931e-05
-0.000143305
-0.00112775
-3.90057e-09
-1.25803e-06
-0.00130561
3.57895e-05
-1.2629e-06
-0.0013056
0.000299835
-0.000143305
-0.00112775
0.000636882
-0.000259158
0.000851731
0.000554898
0.00055494
0.00192006
9.62556e-05
0.00172841
-9.62651e-05
0.0012217
0.000306176
0.00172843
2.29956e-05
0.00203092
2.17845e-05
-0.000922014
-6.15511e-09
-0.00126721
-2.17979e-05
-0.0012672
-2.29706e-05
-0.000922087
-0.000306151
0.00203091
9.62623e-05
0.00172842
0.0012217
-5.17122e-05
-5.17137e-05
0.00132513
0.000422522
-0.000581206
0.00183541
9.78451e-05
0.000258489
0.00209716
2.75313e-05
0.000116865
-0.000968509
5.19646e-10
-2.70119e-06
-0.00123699
-2.75323e-05
-2.69622e-06
-0.00123698
-9.78269e-05
0.000116836
-0.000968601
-0.000422509
0.000258546
0.00209709
5.17094e-05
-0.000581182
0.00183539
-5.17166e-05
0.00132513
-0.000581206
0.000422518
0.00183542
-0.000639373
-0.000639375
0.00203641
-0.000298553
-0.000121065
0.00089048
-4.70665e-05
-7.50452e-05
-0.00118735
-3.38051e-09
-0.000112988
-0.00124237
4.70665e-05
-0.000112992
-0.00124236
0.000298545
-7.50515e-05
-0.00118736
0.000639368
-0.000120981
0.000890408
0.000581209
-0.000639351
0.0020364
0.000422515
0.00183541
0.000258474
9.7843e-05
0.00209719
-0.000121088
-0.000298553
0.000890523
-2.52717e-05
-2.52641e-05
0.00262467
0.00022338
1.63855e-05
6.73529e-05
-1.13811e-08
6.63049e-05
-0.00101125
-0.00022339
6.63025e-05
-0.00101121
2.52775e-05
1.63956e-05
6.74195e-05
0.000121102
-2.52409e-05
0.0026247
-0.000258483
-0.00029854
0.000890555
9.78432e-05
0.00209714
0.000116864
2.753e-05
-0.000968504
-7.50499e-05
-4.70633e-05
-0.00118734
1.6386e-05
0.000223377
6.73707e-05
3.76681e-05
3.76628e-05
-0.000879408
-1.01068e-08
4.18773e-05
-0.00121578
-3.76938e-05
4.18792e-05
-0.00121578
-1.63979e-05
3.76717e-05
-0.000879372
7.5065e-05
0.00022337
6.74674e-05
-0.000116848
-4.70514e-05
-0.00118733
2.75336e-05
-0.000968545
-2.70183e-06
3.78666e-09
-0.00123699
-0.000112987
-2.75454e-09
-0.00124238
6.63047e-05
-1.06386e-08
-0.00101125
4.18787e-05
-1.56106e-08
-0.00121578
-5.36844e-09
-8.18976e-09
-0.0011632
-4.18872e-05
-8.01167e-09
-0.00116319
-6.63067e-05
-1.31594e-08
-0.00121578
0.000112989
-9.30379e-09
-0.00101122
2.6967e-06
-2.26028e-09
-0.00124238
2.41713e-09
-0.00123698
-2.69572e-06
-2.75247e-05
-0.00123697
-0.000112999
4.70695e-05
-0.00124235
6.63004e-05
-0.000223391
-0.0010112
4.18825e-05
-3.77058e-05
-0.00121577
-4.99435e-09
-4.18908e-05
-0.00116319
-4.18908e-05
-4.18929e-05
-0.00116319
-6.63035e-05
-3.77082e-05
-0.00121577
0.000112999
-0.000223386
-0.00101118
2.69181e-06
4.70572e-05
-0.00124236
-2.75306e-05
-0.00123697
0.000116817
-9.78115e-05
-0.000968656
-7.50555e-05
0.000298542
-0.00118737
1.63987e-05
2.52883e-05
6.74247e-05
3.76763e-05
-1.64059e-05
-0.000879355
-7.82795e-09
-6.63122e-05
-0.00121577
-3.7697e-05
-6.63107e-05
-0.00121577
-1.64083e-05
-1.64125e-05
-0.00087933
7.50658e-05
2.5265e-05
6.75072e-05
-0.000116812
0.000298531
-0.00118736
-9.78165e-05
-0.000968664
0.00025858
-0.000422501
0.00209705
-0.000120927
0.000639371
0.000890362
-2.5223e-05
0.000121132
0.0026247
0.00022337
7.50676e-05
6.75195e-05
-8.05124e-09
0.000112984
-0.00101121
-0.000223381
0.000112989
-0.00101118
2.52321e-05
7.50687e-05
6.75593e-05
0.00012096
0.000121056
0.00262474
-0.000258571
0.000639353
0.000890407
-0.000422499
0.00209703
-0.000581164
5.17064e-05
0.00183538
-0.000639339
0.00058122
0.00203639
-0.000298537
-0.000258474
0.000890581
-4.70477e-05
-0.000116846
-0.00118732
-2.1718e-09
2.69447e-06
-0.00124237
4.7049e-05
2.69058e-06
-0.00124235
0.000298531
-0.000116825
-0.00118734
0.000639339
-0.000258522
0.000890501
0.000581172
0.000581199
0.00203638
5.17099e-05
0.00183538
-5.17192e-05
0.00132513
0.000422519
0.00183541
9.78521e-05
0.00209712
2.75417e-05
-0.000968549
1.49923e-10
-0.00123698
-2.75434e-05
-0.00123697
-9.78381e-05
-0.000968617
-0.000422509
0.00209706
5.1716e-05
0.00183539
0.00132513
-6.31782e-05
-6.31787e-05
0.000407402
-0.000607552
8.56671e-05
0.000258519
2.15144e-05
7.88801e-05
5.98299e-09
-7.27731e-06
-2.15091e-05
-7.27035e-06
-8.56683e-05
7.88383e-05
-0.000407406
0.000258545
6.31746e-05
-0.000607544
-6.31773e-05
-0.000607546
0.000407399
-0.000646025
-0.000646032
-0.000284977
-0.000130783
-5.57748e-05
-8.95876e-05
-3.56324e-09
-0.000115102
5.57779e-05
-0.000115106
0.00028497
-8.96014e-05
0.000646011
-0.000130705
0.000607543
-0.000646024
0.000407396
0.000258516
8.56645e-05
-0.000130795
-0.000284979
2.918e-05
2.91926e-05
0.00022861
2.19652e-05
-8.13088e-09
5.87336e-05
-0.000228613
5.87303e-05
-2.9172e-05
2.19717e-05
0.000130804
2.9244e-05
-0.000258514
-0.000284972
8.56627e-05
7.88815e-05
2.15143e-05
-8.95913e-05
-5.5773e-05
2.19668e-05
0.000228611
5.36713e-05
5.36661e-05
-9.59116e-09
4.1763e-05
-5.36978e-05
4.17644e-05
-2.19832e-05
5.36738e-05
8.96094e-05
0.000228614
-7.88615e-05
-5.57671e-05
2.15152e-05
-7.27921e-06
1.30179e-08
-0.000115102
-3.84458e-09
5.8734e-05
-4.24257e-09
4.17643e-05
-1.50993e-08
-4.98501e-09
-7.66503e-09
-4.17731e-05
-7.67982e-09
-5.87378e-05
-1.27423e-08
0.000115102
-2.97555e-09
7.2753e-06
-3.00769e-09
1.0102e-08
-7.26997e-06
-2.14976e-05
-0.00011511
5.57805e-05
5.87283e-05
-0.000228609
4.1767e-05
-5.37106e-05
-4.82049e-09
-4.1777e-05
-4.17758e-05
-4.17787e-05
-5.87332e-05
-5.37122e-05
0.00011511
-0.000228614
7.26761e-06
5.57742e-05
-2.15032e-05
7.88146e-05
-8.56641e-05
-8.96092e-05
0.000284965
2.19708e-05
-2.91572e-05
5.36767e-05
-2.19946e-05
-7.50475e-09
-5.87427e-05
-5.36987e-05
-5.87402e-05
-2.1985e-05
-2.19972e-05
8.96209e-05
-2.92054e-05
-7.88082e-05
0.00028496
-8.56666e-05
0.000258565
-0.000407407
-0.000130655
0.000646003
2.92762e-05
0.000130826
0.000228617
8.96152e-05
-4.87927e-09
0.000115099
-0.000228621
0.000115103
-2.92606e-05
8.9623e-05
0.000130677
0.000130757
-0.000258555
0.000646
-0.000407406
-0.000607541
6.31725e-05
-0.000646023
0.000607543
-0.000284971
-0.000258502
-5.57662e-05
-7.8854e-05
-2.36489e-09
7.27242e-06
5.57694e-05
7.26674e-06
0.000284965
-7.88226e-05
0.000646011
-0.000258523
0.000607538
0.000607538
6.31719e-05
-6.31781e-05
0.000407395
8.56638e-05
2.15198e-05
4.70899e-09
-2.15166e-05
-8.56682e-05
-0.0004074
6.31749e-05
)
;

boundaryField
{
    bottom
    {
        type            calculated;
        value           nonuniform List<scalar> 0();
    }
    atmosphere
    {
        type            calculated;
        value           nonuniform List<scalar> 0();
    }
    walls
    {
        type            calculated;
        value           uniform 0;
    }
    procBoundary0to1
    {
        type            processor;
        value           nonuniform List<scalar> 
100
(
0.00145149
0.00197238
0.00216038
-0.000983236
-0.00120821
-0.0012082
-0.000983281
0.00216028
0.00197235
0.00145148
0.00197239
0.00211336
0.000918735
-0.00124808
-0.00119032
-0.0011903
-0.00124811
0.000918616
0.00211335
0.00197238
0.00216041
0.000918779
0.00230472
-0.00024363
-0.000956466
-0.000956442
-0.000243595
0.00230478
0.000918821
0.00216036
-0.000983235
-0.00124808
-0.000243606
-0.000942813
-0.00114513
-0.00114512
-0.000942788
-0.000243495
-0.00124807
-0.000983258
-0.00120821
-0.00119032
-0.000956466
-0.00114513
-0.00107966
-0.00107965
-0.00114513
-0.000956444
-0.00119032
-0.0012082
-0.00120819
-0.0011903
-0.00095643
-0.00114512
-0.00107965
-0.00107965
-0.00114511
-0.000956411
-0.0011903
-0.00120819
-0.000983304
-0.00124813
-0.000243607
-0.000942777
-0.00114512
-0.00114511
-0.000942759
-0.000243507
-0.00124812
-0.000983309
0.00216023
0.000918544
0.00230479
-0.000243431
-0.00095643
-0.00095641
-0.000243422
0.00230484
0.0009186
0.00216022
0.00197234
0.00211334
0.000918858
-0.00124806
-0.00119031
-0.00119029
-0.00124809
0.000918735
0.00211331
0.00197234
0.00145148
0.00197238
0.00216034
-0.000983259
-0.00120819
-0.00120818
-0.000983288
0.00216026
0.00197236
0.00145148
)
;
    }
    procBoundary0to2
    {
        type            processor;
        value           nonuniform List<scalar> 
100
(
2.64671e-05
-0.00101484
-0.00125232
5.99165e-05
0.00166991
0.00166984
5.99608e-05
-0.00125232
-0.00101488
2.65578e-05
-0.00101484
-0.00169147
-0.000799073
0.00110938
0.00158969
0.00158967
0.00110934
-0.000799223
-0.00169152
-0.00101487
-0.00125232
-0.000799104
-0.00486096
-0.00169639
0.00101162
0.00101144
-0.00169651
-0.00486093
-0.0007991
-0.00125232
5.98898e-05
0.00110938
-0.00169642
0.000141659
0.0015938
0.00159383
0.000141473
-0.00169645
0.00110939
5.98989e-05
0.00166993
0.00158969
0.00101162
0.0015938
0.00184169
0.00184169
0.00159383
0.00101156
0.00158969
0.00166996
0.00166983
0.00158966
0.00101138
0.00159383
0.00184169
0.0018417
0.00159384
0.00101139
0.00158967
0.00166988
5.99541e-05
0.00110934
-0.00169655
0.000141412
0.00159383
0.00159384
0.000141346
-0.00169653
0.00110935
5.99268e-05
-0.00125232
-0.000799282
-0.00486089
-0.00169648
0.00101153
0.00101142
-0.00169652
-0.00486081
-0.000799282
-0.00125234
-0.00101489
-0.00169153
-0.000799069
0.00110939
0.00158969
0.00158968
0.00110937
-0.000799198
-0.00169157
-0.0010149
2.65827e-05
-0.00101488
-0.00125233
5.99032e-05
0.00166995
0.0016699
5.99275e-05
-0.00125235
-0.0010149
2.66226e-05
)
;
    }
}


// ************************************************************************* //
