/*--------------------------------*- C++ -*----------------------------------*\
| =========                 |                                                 |
| \\      /  F ield         | OpenFOAM: The Open Source CFD Toolbox           |
|  \\    /   O peration     | Version:  2412                                  |
|   \\  /    A nd           | Website:  www.openfoam.com                      |
|    \\/     M anipulation  |                                                 |
\*---------------------------------------------------------------------------*/
FoamFile
{
    version     2.0;
    format      ascii;
    arch        "LSB;label=32;scalar=64";
    class       volScalarField;
    location    "0.11";
    object      p;
}
// * * * * * * * * * * * * * * * * * * * * * * * * * * * * * * * * * * * * * //

dimensions      [1 -1 -2 0 0 0 0];

internalField   nonuniform List<scalar> 
1000
(
11.1403
11.1405
11.1407
11.141
11.1412
11.1412
11.141
11.1407
11.1405
11.1403
11.1405
11.1406
11.1409
11.1412
11.1413
11.1413
11.1412
11.1409
11.1406
11.1405
11.1407
11.1409
11.1412
11.1415
11.1417
11.1417
11.1415
11.1412
11.1409
11.1407
11.141
11.1412
11.1415
11.1418
11.142
11.142
11.1418
11.1415
11.1412
11.141
11.1412
11.1413
11.1417
11.142
11.1422
11.1422
11.142
11.1417
11.1413
11.1412
11.1412
11.1413
11.1417
11.142
11.1422
11.1422
11.142
11.1417
11.1413
11.1412
11.141
11.1412
11.1415
11.1418
11.142
11.142
11.1418
11.1415
11.1412
11.141
11.1407
11.1409
11.1412
11.1415
11.1417
11.1417
11.1415
11.1412
11.1409
11.1407
11.1405
11.1406
11.1409
11.1412
11.1413
11.1413
11.1412
11.1409
11.1406
11.1405
11.1403
11.1405
11.1407
11.141
11.1412
11.1412
11.141
11.1407
11.1405
11.1403
10.895
10.8952
10.8954
10.8957
10.8959
10.8959
10.8957
10.8954
10.8952
10.895
10.8952
10.8953
10.8956
10.8959
10.8961
10.8961
10.8959
10.8956
10.8953
10.8952
10.8954
10.8956
10.8959
10.8962
10.8964
10.8964
10.8962
10.8959
10.8956
10.8954
10.8957
10.8959
10.8962
10.8966
10.8968
10.8968
10.8966
10.8962
10.8959
10.8957
10.8959
10.8961
10.8964
10.8968
10.897
10.897
10.8968
10.8964
10.8961
10.8959
10.8959
10.8961
10.8964
10.8968
10.897
10.897
10.8968
10.8964
10.8961
10.8959
10.8957
10.8959
10.8962
10.8966
10.8968
10.8968
10.8966
10.8962
10.8959
10.8957
10.8954
10.8956
10.8959
10.8962
10.8964
10.8964
10.8962
10.8959
10.8956
10.8954
10.8952
10.8953
10.8956
10.8959
10.8961
10.8961
10.8959
10.8956
10.8953
10.8952
10.895
10.8952
10.8954
10.8957
10.8959
10.8959
10.8957
10.8954
10.8952
10.895
10.6496
10.6498
10.6501
10.6504
10.6506
10.6506
10.6504
10.6501
10.6498
10.6496
10.6498
10.65
10.6503
10.6507
10.6509
10.6509
10.6507
10.6503
10.65
10.6498
10.6501
10.6503
10.6507
10.651
10.6513
10.6513
10.651
10.6507
10.6503
10.6501
10.6504
10.6507
10.651
10.6514
10.6517
10.6517
10.6514
10.651
10.6507
10.6504
10.6506
10.6509
10.6513
10.6517
10.6519
10.6519
10.6517
10.6513
10.6509
10.6506
10.6506
10.6509
10.6513
10.6517
10.6519
10.6519
10.6517
10.6513
10.6509
10.6506
10.6504
10.6507
10.651
10.6514
10.6517
10.6517
10.6514
10.651
10.6507
10.6504
10.6501
10.6503
10.6507
10.651
10.6513
10.6513
10.651
10.6507
10.6503
10.6501
10.6498
10.65
10.6503
10.6507
10.6509
10.6509
10.6507
10.6503
10.65
10.6498
10.6496
10.6498
10.6501
10.6504
10.6506
10.6506
10.6504
10.6501
10.6498
10.6496
10.4041
10.4043
10.4047
10.4051
10.4054
10.4054
10.4051
10.4047
10.4043
10.4041
10.4043
10.4046
10.405
10.4054
10.4057
10.4057
10.4054
10.405
10.4046
10.4043
10.4047
10.405
10.4054
10.4059
10.4062
10.4062
10.4059
10.4054
10.405
10.4047
10.4051
10.4054
10.4059
10.4063
10.4066
10.4066
10.4063
10.4059
10.4054
10.4051
10.4054
10.4057
10.4062
10.4066
10.407
10.407
10.4066
10.4062
10.4057
10.4054
10.4054
10.4057
10.4062
10.4066
10.407
10.407
10.4066
10.4062
10.4057
10.4054
10.4051
10.4054
10.4059
10.4063
10.4066
10.4066
10.4063
10.4059
10.4054
10.4051
10.4047
10.405
10.4054
10.4059
10.4062
10.4062
10.4059
10.4054
10.405
10.4047
10.4043
10.4046
10.405
10.4054
10.4057
10.4057
10.4054
10.405
10.4046
10.4043
10.4041
10.4043
10.4047
10.4051
10.4054
10.4054
10.4051
10.4047
10.4043
10.4041
10.1585
10.1588
10.1593
10.1598
10.1601
10.1601
10.1598
10.1593
10.1588
10.1585
10.1588
10.1591
10.1596
10.1601
10.1605
10.1605
10.1601
10.1596
10.1591
10.1588
10.1593
10.1596
10.1602
10.1607
10.1611
10.1611
10.1607
10.1602
10.1596
10.1593
10.1598
10.1601
10.1607
10.1613
10.1617
10.1617
10.1613
10.1607
10.1601
10.1598
10.1601
10.1605
10.1611
10.1617
10.1622
10.1622
10.1617
10.1611
10.1605
10.1601
10.1601
10.1605
10.1611
10.1617
10.1622
10.1622
10.1617
10.1611
10.1605
10.1601
10.1598
10.1601
10.1607
10.1613
10.1617
10.1617
10.1613
10.1607
10.1601
10.1598
10.1593
10.1596
10.1602
10.1607
10.1611
10.1611
10.1607
10.1602
10.1596
10.1593
10.1588
10.1591
10.1596
10.1601
10.1605
10.1605
10.1601
10.1596
10.1591
10.1588
10.1585
10.1588
10.1593
10.1598
10.1601
10.1601
10.1598
10.1593
10.1588
10.1585
9.91277
9.91313
9.91377
9.91438
9.9148
9.9148
9.91438
9.91377
9.91313
9.91277
9.91313
9.91352
9.91419
9.91484
9.91528
9.91528
9.91484
9.91419
9.91352
9.91313
9.91377
9.91419
9.91493
9.91564
9.91614
9.91614
9.91564
9.91493
9.91419
9.91377
9.91438
9.91484
9.91564
9.91641
9.91696
9.91696
9.91641
9.91564
9.91484
9.91438
9.9148
9.91528
9.91614
9.91696
9.91755
9.91755
9.91696
9.91614
9.91528
9.9148
9.9148
9.91528
9.91614
9.91696
9.91755
9.91755
9.91696
9.91614
9.91528
9.9148
9.91438
9.91484
9.91564
9.91641
9.91696
9.91696
9.91641
9.91564
9.91484
9.91438
9.91377
9.91419
9.91493
9.91564
9.91614
9.91614
9.91564
9.91493
9.91419
9.91377
9.91313
9.91352
9.91419
9.91484
9.91528
9.91528
9.91484
9.91419
9.91352
9.91313
9.91277
9.91313
9.91377
9.91438
9.9148
9.9148
9.91438
9.91377
9.91313
9.91277
9.66687
9.66733
9.66815
9.66894
9.66949
9.66949
9.66894
9.66815
9.66733
9.66687
9.66733
9.66783
9.6687
9.66954
9.67013
9.67013
9.66954
9.6687
9.66783
9.66733
9.66815
9.6687
9.66967
9.6706
9.67127
9.67127
9.6706
9.66967
9.6687
9.66815
9.66894
9.66954
9.6706
9.67162
9.67237
9.67237
9.67162
9.6706
9.66954
9.66894
9.66949
9.67013
9.67127
9.67237
9.67318
9.67318
9.67237
9.67127
9.67013
9.66949
9.66949
9.67013
9.67127
9.67237
9.67318
9.67318
9.67237
9.67127
9.67013
9.66949
9.66894
9.66954
9.6706
9.67162
9.67237
9.67237
9.67162
9.6706
9.66954
9.66894
9.66815
9.6687
9.66967
9.6706
9.67127
9.67127
9.6706
9.66967
9.6687
9.66815
9.66733
9.66783
9.6687
9.66954
9.67013
9.67013
9.66954
9.6687
9.66783
9.66733
9.66687
9.66733
9.66815
9.66894
9.66949
9.66949
9.66894
9.66815
9.66733
9.66687
9.42075
9.42135
9.42241
9.42342
9.42414
9.42414
9.42342
9.42241
9.42135
9.42075
9.42135
9.42199
9.42312
9.42421
9.42499
9.42499
9.42421
9.42312
9.42199
9.42135
9.42241
9.42312
9.4244
9.42563
9.42653
9.42653
9.42563
9.4244
9.42312
9.42241
9.42342
9.42421
9.42563
9.427
9.42802
9.42802
9.427
9.42563
9.42421
9.42342
9.42414
9.42499
9.42653
9.42802
9.42914
9.42914
9.42802
9.42653
9.42499
9.42414
9.42414
9.42499
9.42653
9.42802
9.42914
9.42914
9.42802
9.42653
9.42499
9.42414
9.42342
9.42421
9.42563
9.427
9.42802
9.42802
9.427
9.42563
9.42421
9.42342
9.42241
9.42312
9.4244
9.42563
9.42653
9.42653
9.42563
9.4244
9.42312
9.42241
9.42135
9.42199
9.42312
9.42421
9.42499
9.42499
9.42421
9.42312
9.42199
9.42135
9.42075
9.42135
9.42241
9.42342
9.42414
9.42414
9.42342
9.42241
9.42135
9.42075
9.17436
9.17512
9.17649
9.1778
9.17875
9.17875
9.1778
9.17649
9.17512
9.17436
9.17512
9.17595
9.17743
9.17885
9.17989
9.17989
9.17885
9.17743
9.17595
9.17512
9.17649
9.17743
9.17911
9.18075
9.18197
9.18197
9.18075
9.17911
9.17743
9.17649
9.1778
9.17885
9.18075
9.18259
9.18399
9.18399
9.18259
9.18075
9.17885
9.1778
9.17875
9.17989
9.18197
9.18399
9.18557
9.18557
9.18399
9.18197
9.17989
9.17875
9.17875
9.17989
9.18197
9.18399
9.18557
9.18557
9.18399
9.18197
9.17989
9.17875
9.1778
9.17885
9.18075
9.18259
9.18399
9.18399
9.18259
9.18075
9.17885
9.1778
9.17649
9.17743
9.17911
9.18075
9.18197
9.18197
9.18075
9.17911
9.17743
9.17649
9.17512
9.17595
9.17743
9.17885
9.17989
9.17989
9.17885
9.17743
9.17595
9.17512
9.17436
9.17512
9.17649
9.1778
9.17875
9.17875
9.1778
9.17649
9.17512
9.17436
8.9276
8.92858
8.93035
8.93204
8.93329
8.93329
8.93204
8.93035
8.92858
8.9276
8.92858
8.92965
8.93157
8.93343
8.93482
8.93482
8.93343
8.93157
8.92965
8.92858
8.93035
8.93157
8.93381
8.93597
8.93764
8.93764
8.93597
8.93381
8.93157
8.93035
8.93204
8.93343
8.93597
8.93845
8.94041
8.94041
8.93845
8.93597
8.93343
8.93204
8.93329
8.93482
8.93764
8.94041
8.94264
8.94264
8.94041
8.93764
8.93481
8.93329
8.93329
8.93482
8.93764
8.94041
8.94264
8.94264
8.94041
8.93764
8.93481
8.93329
8.93204
8.93343
8.93597
8.93845
8.94041
8.94041
8.93845
8.93597
8.93343
8.93204
8.93035
8.93157
8.93381
8.93597
8.93764
8.93764
8.93597
8.93381
8.93157
8.93035
8.92858
8.92965
8.93157
8.93343
8.93481
8.93481
8.93343
8.93157
8.92965
8.92858
8.9276
8.92858
8.93035
8.93204
8.93329
8.93329
8.93204
8.93035
8.92858
8.9276
)
;

boundaryField
{
    bottom
    {
        type            calculated;
        value           nonuniform List<scalar> 
100
(
11.2629
11.2631
11.2634
11.2636
11.2638
11.2638
11.2636
11.2634
11.2631
11.2629
11.2631
11.2632
11.2635
11.2638
11.264
11.264
11.2638
11.2635
11.2632
11.2631
11.2634
11.2635
11.2638
11.2641
11.2643
11.2643
11.2641
11.2638
11.2635
11.2634
11.2636
11.2638
11.2641
11.2644
11.2646
11.2646
11.2644
11.2641
11.2638
11.2636
11.2638
11.264
11.2643
11.2646
11.2648
11.2648
11.2646
11.2643
11.264
11.2638
11.2638
11.264
11.2643
11.2646
11.2648
11.2648
11.2646
11.2643
11.264
11.2638
11.2636
11.2638
11.2641
11.2644
11.2646
11.2646
11.2644
11.2641
11.2638
11.2636
11.2634
11.2635
11.2638
11.2641
11.2643
11.2643
11.2641
11.2638
11.2635
11.2634
11.2631
11.2632
11.2635
11.2638
11.264
11.264
11.2638
11.2635
11.2632
11.2631
11.2629
11.2631
11.2634
11.2636
11.2638
11.2638
11.2636
11.2634
11.2631
11.2629
)
;
    }
    atmosphere
    {
        type            calculated;
        value           nonuniform List<scalar> 0();
    }
    walls
    {
        type            calculated;
        value           nonuniform List<scalar> 
400
(
11.1403
11.1405
11.1407
11.141
11.1412
11.1412
11.141
11.1407
11.1405
11.1403
10.895
10.8952
10.8954
10.8957
10.8959
10.8959
10.8957
10.8954
10.8952
10.895
10.6496
10.6498
10.6501
10.6504
10.6506
10.6506
10.6504
10.6501
10.6498
10.6496
10.4041
10.4043
10.4047
10.4051
10.4054
10.4054
10.4051
10.4047
10.4043
10.4041
10.1585
10.1588
10.1593
10.1598
10.1601
10.1601
10.1598
10.1593
10.1588
10.1585
9.91277
9.91313
9.91377
9.91438
9.9148
9.9148
9.91438
9.91377
9.91313
9.91277
9.66687
9.66733
9.66815
9.66894
9.66949
9.66949
9.66894
9.66815
9.66733
9.66687
9.42075
9.42135
9.42241
9.42342
9.42414
9.42414
9.42342
9.42241
9.42135
9.42075
9.17436
9.17512
9.17649
9.1778
9.17875
9.17875
9.1778
9.17649
9.17512
9.17436
8.9276
8.92858
8.93035
8.93204
8.93329
8.93329
8.93204
8.93035
8.92858
8.9276
11.1403
11.1405
11.1407
11.141
11.1412
11.1412
11.141
11.1407
11.1405
11.1403
10.895
10.8952
10.8954
10.8957
10.8959
10.8959
10.8957
10.8954
10.8952
10.895
10.6496
10.6498
10.6501
10.6504
10.6506
10.6506
10.6504
10.6501
10.6498
10.6496
10.4041
10.4043
10.4047
10.4051
10.4054
10.4054
10.4051
10.4047
10.4043
10.4041
10.1585
10.1588
10.1593
10.1598
10.1601
10.1601
10.1598
10.1593
10.1588
10.1585
9.91277
9.91313
9.91377
9.91438
9.9148
9.9148
9.91438
9.91377
9.91313
9.91277
9.66687
9.66733
9.66815
9.66894
9.66949
9.66949
9.66894
9.66815
9.66733
9.66687
9.42075
9.42135
9.42241
9.42342
9.42414
9.42414
9.42342
9.42241
9.42135
9.42075
9.17436
9.17512
9.17649
9.1778
9.17875
9.17875
9.1778
9.17649
9.17512
9.17436
8.9276
8.92858
8.93035
8.93204
8.93329
8.93329
8.93204
8.93035
8.92858
8.9276
11.1403
10.895
10.6496
10.4041
10.1585
9.91277
9.66687
9.42075
9.17436
8.9276
11.1405
10.8952
10.6498
10.4043
10.1588
9.91313
9.66733
9.42135
9.17512
8.92858
11.1407
10.8954
10.6501
10.4047
10.1593
9.91377
9.66815
9.42241
9.17649
8.93035
11.141
10.8957
10.6504
10.4051
10.1598
9.91438
9.66894
9.42342
9.1778
8.93204
11.1412
10.8959
10.6506
10.4054
10.1601
9.9148
9.66949
9.42414
9.17875
8.93329
11.1412
10.8959
10.6506
10.4054
10.1601
9.9148
9.66949
9.42414
9.17875
8.93329
11.141
10.8957
10.6504
10.4051
10.1598
9.91438
9.66894
9.42342
9.1778
8.93204
11.1407
10.8954
10.6501
10.4047
10.1593
9.91377
9.66815
9.42241
9.17649
8.93035
11.1405
10.8952
10.6498
10.4043
10.1588
9.91313
9.66733
9.42135
9.17512
8.92858
11.1403
10.895
10.6496
10.4041
10.1585
9.91277
9.66687
9.42075
9.17436
8.9276
11.1403
10.895
10.6496
10.4041
10.1585
9.91277
9.66687
9.42075
9.17436
8.9276
11.1405
10.8952
10.6498
10.4043
10.1588
9.91313
9.66733
9.42135
9.17512
8.92858
11.1407
10.8954
10.6501
10.4047
10.1593
9.91377
9.66815
9.42241
9.17649
8.93035
11.141
10.8957
10.6504
10.4051
10.1598
9.91438
9.66894
9.42342
9.1778
8.93204
11.1412
10.8959
10.6506
10.4054
10.1601
9.9148
9.66949
9.42414
9.17875
8.93329
11.1412
10.8959
10.6506
10.4054
10.1601
9.9148
9.66949
9.42414
9.17875
8.93329
11.141
10.8957
10.6504
10.4051
10.1598
9.91438
9.66894
9.42342
9.1778
8.93204
11.1407
10.8954
10.6501
10.4047
10.1593
9.91377
9.66815
9.42241
9.17649
8.93035
11.1405
10.8952
10.6498
10.4043
10.1588
9.91313
9.66733
9.42135
9.17512
8.92858
11.1403
10.895
10.6496
10.4041
10.1585
9.91277
9.66687
9.42075
9.17436
8.9276
)
;
    }
    procBoundary3to2
    {
        type            processor;
        value           nonuniform List<scalar> 
100
(
8.68038
8.68164
8.6839
8.68609
8.68773
8.68773
8.68609
8.6839
8.68164
8.68038
8.68164
8.68301
8.68551
8.68792
8.68978
8.68978
8.68792
8.68551
8.68301
8.68164
8.6839
8.68551
8.68846
8.69134
8.69362
8.69362
8.69134
8.68846
8.68551
8.6839
8.68609
8.68792
8.69134
8.69468
8.69742
8.69742
8.69468
8.69134
8.68792
8.68609
8.68773
8.68978
8.69362
8.69742
8.7006
8.7006
8.69742
8.69362
8.68978
8.68773
8.68773
8.68978
8.69362
8.69742
8.7006
8.7006
8.69742
8.69362
8.68978
8.68773
8.68609
8.68792
8.69134
8.69468
8.69742
8.69742
8.69468
8.69134
8.68792
8.68609
8.6839
8.68551
8.68846
8.69134
8.69362
8.69362
8.69134
8.68846
8.68551
8.6839
8.68164
8.68301
8.68551
8.68792
8.68978
8.68978
8.68792
8.68551
8.68301
8.68164
8.68038
8.68164
8.6839
8.68609
8.68773
8.68773
8.68609
8.6839
8.68164
8.68038
)
;
    }
}


// ************************************************************************* //
