/*--------------------------------*- C++ -*----------------------------------*\
| =========                 |                                                 |
| \\      /  F ield         | OpenFOAM: The Open Source CFD Toolbox           |
|  \\    /   O peration     | Version:  2412                                  |
|   \\  /    A nd           | Website:  www.openfoam.com                      |
|    \\/     M anipulation  |                                                 |
\*---------------------------------------------------------------------------*/
FoamFile
{
    version     2.0;
    format      ascii;
    arch        "LSB;label=32;scalar=64";
    class       surfaceScalarField;
    location    "0.79";
    object      phi;
}
// * * * * * * * * * * * * * * * * * * * * * * * * * * * * * * * * * * * * * //

dimensions      [0 3 -1 0 0 0 0];

oriented        oriented;

internalField   nonuniform List<scalar> 
2700
(
-7.88093e-05
-7.8811e-05
0.00169464
0.00053881
-0.00064968
0.00169046
0.000323147
4.81575e-05
0.00256229
-1.78822e-05
0.000279238
-0.000285708
4.29909e-08
-2.1431e-05
-0.00196606
1.79626e-05
-2.14219e-05
-0.00196602
-0.000323149
0.000279067
-0.000285564
-0.000538817
4.81212e-05
0.00256226
7.88184e-05
-0.000649682
0.00169047
-7.88192e-05
0.00169466
-0.000649675
0.000538803
0.00169046
-0.000669739
-0.000669746
0.00210611
-0.000495838
-0.000112614
0.000955224
-0.000164335
-6.7974e-05
-0.00138204
-7.22916e-09
-0.000165806
-0.0020848
0.000164342
-0.000165806
-0.00208479
0.00049583
-6.81074e-05
-0.00138205
0.000669719
-0.00011265
0.000955304
0.000649674
-0.000669742
0.00210615
0.000538803
0.00169047
4.81579e-05
0.000323147
0.00256231
-0.000112607
-0.000495841
0.000955226
7.0073e-05
7.00633e-05
0.00392302
0.000202068
-8.18539e-05
0.00161346
-1.02333e-08
6.1009e-05
-0.001446
-0.000202075
6.10105e-05
-0.00144586
-7.00805e-05
-8.18993e-05
0.00161358
0.000112598
7.00665e-05
0.00392305
-4.81424e-05
-0.000495849
0.000955206
0.000323147
0.0025623
0.000279267
-1.78645e-05
-0.000285713
-6.79556e-05
-0.000164333
-0.00138202
-8.18467e-05
0.000202065
0.00161347
2.62316e-05
2.62272e-05
-0.000673445
6.01682e-09
3.30957e-05
-0.00203258
-2.62207e-05
3.30937e-05
-0.0020326
8.18869e-05
2.62246e-05
-0.000673354
6.80145e-05
0.000202072
0.00161356
-0.00027921
-0.000164339
-0.00138203
-1.79008e-05
-0.000285671
-2.14275e-05
6.02088e-08
-0.00196606
-0.000165799
-9.15013e-09
-0.00208479
6.10178e-05
-1.44767e-08
-0.001446
3.30988e-05
7.38226e-09
-0.00203258
1.81782e-09
1.92254e-09
-0.0022996
-3.31004e-05
1.95978e-09
-0.00229961
-6.10255e-05
8.40036e-09
-0.00203262
0.000165801
-1.03313e-08
-0.00144596
2.14231e-05
-7.88841e-09
-0.00208481
4.97413e-08
-0.00196611
-2.1414e-05
1.79765e-05
-0.00196602
-0.0001658
0.000164348
-0.00208479
6.10169e-05
-0.000202072
-0.00144582
3.30953e-05
-2.62127e-05
-0.00203261
1.91435e-09
-3.30998e-05
-0.00229961
-3.30963e-05
-3.30978e-05
-0.00229961
-6.10243e-05
-2.6206e-05
-0.00203264
0.000165799
-0.000202075
-0.00144581
2.14113e-05
0.000164349
-0.00208481
1.79901e-05
-0.00196607
0.000279024
-0.000323155
-0.000285521
-6.8142e-05
0.000495833
-0.00138206
-8.19071e-05
-7.00809e-05
0.00161363
2.62268e-05
8.19039e-05
-0.000673317
6.64355e-09
-6.10225e-05
-0.00203263
-2.6213e-05
-6.10228e-05
-0.00203264
8.19319e-05
8.19338e-05
-0.000673286
6.8154e-05
-7.00791e-05
0.00161367
-0.000279018
0.000495838
-0.00138208
-0.000323159
-0.000285482
4.80988e-05
-0.000538817
0.00256224
-0.000112673
0.000669713
0.000955335
7.00722e-05
0.000112578
0.00392306
0.00020208
6.80324e-05
0.00161362
-5.94464e-09
0.000165806
-0.00144593
-0.000202083
0.000165805
-0.00144584
-7.00783e-05
6.81272e-05
0.00161368
0.000112659
0.000112613
0.00392316
-4.80936e-05
0.000669716
0.000955322
-0.000538818
0.00256224
-0.000649685
7.88232e-05
0.00169048
-0.000669741
0.000649672
0.00210615
-0.000495848
-4.8151e-05
0.00095518
-0.000164341
-0.000279191
-0.00138205
-4.49534e-09
2.14261e-05
-0.00208482
0.000164348
2.14179e-05
-0.00208482
0.000495841
-0.000279057
-0.00138207
0.000669728
-4.81231e-05
0.000955257
0.000649686
0.000649677
0.00210617
7.8828e-05
0.00169048
-7.88188e-05
0.00169466
0.000538809
0.00169047
0.000323145
0.00256229
-1.79195e-05
-0.000285648
3.57399e-08
-0.00196611
1.79853e-05
-0.00196608
-0.000323147
-0.000285517
-0.000538816
0.00256226
7.88241e-05
0.00169047
0.00169466
-5.68914e-05
-5.6893e-05
0.00180843
0.000528304
-0.000653967
0.00175923
0.000256411
9.11836e-05
0.002743
-2.65027e-06
0.000318945
-0.000345591
-2.77012e-09
-2.82367e-05
-0.00194047
2.65336e-06
-2.8228e-05
-0.00194045
-0.000256443
0.000318995
-0.000345462
-0.000528333
9.11393e-05
0.00274301
5.68934e-05
-0.00065398
0.00175923
-5.68928e-05
0.00180844
-0.000653959
0.000528293
0.00175924
-0.000650449
-0.000650455
0.00209909
-0.000464099
-8.82163e-05
0.000948274
-0.000145517
-3.37872e-05
-0.00134789
-1.53397e-08
-0.000164094
-0.00209444
0.000145496
-0.000164092
-0.00209444
0.000464101
-3.38091e-05
-0.00134785
0.000650445
-8.82559e-05
0.000948355
0.000653952
-0.000650462
0.00209912
0.0005283
0.00175923
9.11847e-05
0.000256406
0.00274301
-8.82155e-05
-0.000464099
0.00094827
4.34975e-05
4.34909e-05
0.0036596
0.000189246
-3.47451e-05
0.00146867
-2.07282e-08
6.44112e-05
-0.00148524
-0.000189267
6.44137e-05
-0.00148512
-4.35076e-05
-3.47805e-05
0.00146879
8.8204e-05
4.34966e-05
0.00365958
-9.11795e-05
-0.000464109
0.000948237
0.000256408
0.00274302
0.000318943
-2.64613e-06
-0.000345605
-3.37805e-05
-0.000145518
-0.00134788
-3.47377e-05
0.000189239
0.00146868
3.12836e-05
3.12834e-05
-0.000805495
6.86528e-09
4.33521e-05
-0.00198024
-3.12778e-05
4.3351e-05
-0.00198025
3.47633e-05
3.12941e-05
-0.000805469
3.37827e-05
0.000189253
0.00146878
-0.000318982
-0.000145515
-0.00134786
-2.64816e-06
-0.000345596
-2.82335e-05
-6.37263e-09
-0.00194047
-0.000164088
-2.13008e-08
-0.00209444
6.44178e-05
-3.19702e-08
-0.00148524
4.33549e-05
8.28017e-09
-0.00198025
-6.82697e-10
-2.13102e-09
-0.00221289
-4.33593e-05
-1.74403e-09
-0.00221289
-6.44255e-05
8.29704e-09
-0.00198027
0.000164088
-2.68953e-08
-0.00148519
2.82292e-05
-1.80036e-08
-0.00209445
-5.42104e-09
-0.00194052
-2.82205e-05
2.64688e-06
-0.00194045
-0.000164088
0.000145492
-0.00209444
6.44188e-05
-0.000189269
-0.00148509
4.33528e-05
-3.12747e-05
-0.00198026
-3.07801e-10
-4.33606e-05
-0.0022129
-4.33563e-05
-4.33592e-05
-0.0022129
-6.44258e-05
-3.12803e-05
-0.00198028
0.000164086
-0.000189278
-0.00148507
2.82182e-05
0.000145492
-0.00209445
2.64768e-06
-0.00194051
0.000319019
-0.000256457
-0.000345436
-3.38104e-05
0.000464105
-0.00134785
-3.47838e-05
-4.35141e-05
0.00146885
3.13005e-05
3.47757e-05
-0.000805451
6.60728e-09
-6.44249e-05
-0.00198027
-3.12895e-05
-6.44262e-05
-0.00198028
3.47967e-05
3.47985e-05
-0.000805452
3.37982e-05
-4.35191e-05
0.00146891
-0.000319047
0.00046411
-0.00134785
-0.000256459
-0.000345423
9.11106e-05
-0.000528338
0.00274301
-8.829e-05
0.000650445
0.000948396
4.35002e-05
8.81783e-05
0.00365958
0.000189269
3.37862e-05
0.00146884
-1.59822e-08
0.000164093
-0.00148516
-0.000189286
0.000164092
-0.00148509
-4.35121e-05
3.37955e-05
0.00146891
8.82758e-05
8.82155e-05
0.00365963
-9.11109e-05
0.000650453
0.000948366
-0.000528342
0.00274301
-0.000653985
5.68964e-05
0.00175923
-0.000650462
0.00065395
0.00209912
-0.00046411
-9.11917e-05
0.000948197
-0.000145514
-0.00031899
-0.00134787
-1.12703e-08
2.82323e-05
-0.00209446
0.0001455
2.82251e-05
-0.00209447
0.00046411
-0.000319032
-0.00134786
0.000650459
-9.1153e-05
0.000948278
0.000653979
0.000653966
0.00209914
5.6896e-05
0.00175922
-5.68899e-05
0.00180844
0.000528308
0.00175922
0.000256409
0.002743
-2.65256e-06
-0.000345577
-1.16801e-09
-0.00194053
2.6575e-06
-0.00194052
-0.000256438
-0.000345454
-0.000528334
0.002743
5.68912e-05
0.00175921
0.00180845
-9.94536e-05
-9.94552e-05
0.00200734
0.000367888
-0.000611667
0.00190356
0.000117514
0.000176741
0.00281664
1.4921e-05
0.000310453
-0.000553451
-3.37242e-08
-3.59987e-05
-0.00188951
-1.49825e-05
-3.59911e-05
-0.00188951
-0.000117556
0.00031058
-0.000553469
-0.000367915
0.000176698
0.00281667
9.94522e-05
-0.000611686
0.00190355
-9.94509e-05
0.00200734
-0.000611658
0.000367879
0.00190356
-0.000637316
-0.000637322
0.00215041
-0.000424788
-8.22622e-05
0.000994749
-0.000114697
-2.77843e-05
-0.00131974
-8.14275e-09
-0.000164601
-0.00208053
0.000114676
-0.000164599
-0.00208052
0.000424789
-2.77247e-05
-0.00131966
0.00063732
-8.22989e-05
0.000994821
0.000611653
-0.000637334
0.00215043
0.000367884
0.00190355
0.00017674
0.000117507
0.00281664
-8.22688e-05
-0.000424787
0.000994744
2.0931e-05
2.09281e-05
0.00345321
0.000192166
-7.27047e-06
0.00127692
-1.83225e-08
6.47997e-05
-0.00152245
-0.00019219
6.48048e-05
-0.00152236
-2.09437e-05
-7.2855e-06
0.0012771
8.22618e-05
2.09361e-05
0.00345314
-0.000176741
-0.000424789
0.000994694
0.000117513
0.00281665
0.000310438
1.49151e-05
-0.00055345
-2.77886e-05
-0.000114697
-0.00131974
-7.26352e-06
0.000192159
0.00127692
2.69277e-05
2.6926e-05
-0.000873882
3.72185e-09
4.74306e-05
-0.00193595
-2.692e-05
4.74305e-05
-0.00193596
7.26953e-06
2.69251e-05
-0.000873869
2.77551e-05
0.000192177
0.00127705
-0.0003105
-0.00011469
-0.00131971
1.49366e-05
-0.000553519
-3.59964e-05
-5.07111e-08
-0.00188951
-0.000164597
-1.07618e-08
-0.00208052
6.48042e-05
-2.92231e-08
-0.00152245
4.74331e-05
3.44253e-09
-0.00193595
-2.13765e-09
-4.16457e-09
-0.00211802
-4.7439e-05
-3.92503e-09
-0.00211802
-6.48127e-05
3.40341e-09
-0.00193597
0.000164597
-2.64834e-08
-0.0015224
3.5995e-05
-9.63106e-09
-0.00208053
-4.26039e-08
-0.00188955
-3.5985e-05
-1.50072e-05
-0.00188951
-0.000164596
0.000114671
-0.00208051
6.48091e-05
-0.000192196
-0.00152233
4.74332e-05
-2.69191e-05
-0.00193596
-1.68875e-09
-4.74413e-05
-0.00211802
-4.74382e-05
-4.74411e-05
-0.00211803
-6.48161e-05
-2.69175e-05
-0.00193598
0.000164597
-0.000192208
-0.0015223
3.59857e-05
0.000114667
-0.00208052
-1.50132e-05
-0.00188955
0.000310623
-0.000117569
-0.000553496
-2.77057e-05
0.000424792
-0.00131964
-7.28319e-06
-2.09549e-05
0.00127719
2.69276e-05
7.27438e-06
-0.000873855
3.29245e-09
-6.4815e-05
-0.00193597
-2.69206e-05
-6.48183e-05
-0.00193598
7.28284e-06
7.28439e-06
-0.000873857
2.76836e-05
-2.09644e-05
0.00127727
-0.000310654
0.00042479
-0.00131963
-0.000117571
-0.000553519
0.00017667
-0.000367917
0.00281669
-8.23342e-05
0.000637326
0.000994866
2.09359e-05
8.22397e-05
0.00345311
0.000192193
2.77444e-05
0.00127711
-1.49499e-08
0.0001646
-0.00152237
-0.000192213
0.000164599
-0.00152231
-2.09509e-05
2.76938e-05
0.00127723
8.23263e-05
8.22708e-05
0.00345312
-0.000176673
0.000637336
0.000994819
-0.000367921
0.00281669
-0.00061169
9.94543e-05
0.00190355
-0.000637333
0.000611654
0.00215044
-0.000424787
-0.000176752
0.000994644
-0.000114687
-0.00031052
-0.0013197
-5.94491e-09
3.59974e-05
-0.00208054
0.000114672
3.59917e-05
-0.00208054
0.000424787
-0.000310624
-0.00131965
0.000637334
-0.000176714
0.000994716
0.000611686
0.000611676
0.00215045
9.94517e-05
0.00190353
-9.9447e-05
0.00200735
0.000367892
0.00190353
0.000117518
0.00281662
1.49432e-05
-0.000553522
-2.65011e-08
-0.00188956
-1.49897e-05
-0.00188956
-0.000117555
-0.000553513
-0.000367917
0.00281665
9.94468e-05
0.00190353
0.00200735
-9.60849e-05
-9.60864e-05
0.00219951
0.000276491
-0.000576654
0.00210764
2.13833e-05
0.000265346
0.0028064
2.19388e-05
0.000244071
-0.000798078
-2.23909e-08
-4.63059e-05
-0.00182125
-2.19848e-05
-4.63044e-05
-0.00182124
-2.14024e-05
0.000244074
-0.000798125
-0.000276499
0.000265315
0.00280645
9.60803e-05
-0.000576666
0.00210763
-9.60802e-05
0.0021995
-0.000576647
0.000276484
0.00210764
-0.000637414
-0.00063742
0.00227194
-0.000375691
-8.20784e-05
0.00108045
-7.6788e-05
-5.63017e-05
-0.00131827
-1.31546e-09
-0.000168147
-0.00203547
7.67795e-05
-0.000168148
-0.00203545
0.000375688
-5.6268e-05
-0.00131823
0.000637413
-8.21073e-05
0.00108052
0.000576643
-0.000637424
0.00227196
0.000276486
0.00210762
0.000265345
2.13793e-05
0.0028064
-8.20877e-05
-0.00037569
0.00108045
5.75918e-06
5.75605e-06
0.00327753
0.000207702
-2.21708e-06
0.00102089
-1.83777e-08
6.57191e-05
-0.0015486
-0.000207728
6.5723e-05
-0.00154852
-5.77441e-06
-2.21057e-06
0.00102109
8.2085e-05
5.75499e-06
0.00327742
-0.00026535
-0.00037568
0.00108039
2.13795e-05
0.0028064
0.000244072
2.19335e-05
-0.000798077
-5.63047e-05
-7.67852e-05
-0.00131827
-2.21399e-06
0.000207695
0.00102089
2.29974e-05
2.29949e-05
-0.000924306
-1.00223e-09
5.03513e-05
-0.00189758
-2.29962e-05
5.03522e-05
-0.00189759
2.20992e-06
2.29959e-05
-0.000924282
5.62892e-05
0.000207711
0.00102102
-0.000244071
-7.67767e-05
-0.00131825
2.19455e-05
-0.000798156
-4.63049e-05
-3.23619e-08
-0.00182124
-0.000168144
-4.34807e-10
-0.00203547
6.57226e-05
-2.89975e-08
-0.00154859
5.03536e-05
-3.35113e-09
-0.00189758
-3.20707e-09
-5.74298e-09
-0.00201731
-5.03607e-05
-5.65022e-09
-0.00201731
-6.57304e-05
-2.68887e-09
-0.00189761
0.000168149
-2.67679e-08
-0.00154854
4.631e-05
-1.04992e-09
-0.00203547
-2.86635e-08
-0.00182126
-4.63026e-05
-2.19999e-05
-0.00182124
-0.00016815
7.67794e-05
-0.00203544
6.57262e-05
-0.000207739
-0.0015485
5.03557e-05
-2.29991e-05
-0.0018976
-2.79407e-09
-5.03634e-05
-0.00201731
-5.0362e-05
-5.03644e-05
-0.00201731
-6.5733e-05
-2.2999e-05
-0.00189761
0.000168154
-0.000207752
-0.00154847
4.63085e-05
7.67703e-05
-0.00203544
-2.20032e-05
-0.00182127
0.00024407
-2.14039e-05
-0.000798162
-5.62616e-05
0.000375691
-0.00131822
-2.20319e-06
-5.78846e-06
0.00102118
2.29983e-05
2.20998e-06
-0.000924266
-7.55315e-10
-6.57338e-05
-0.0018976
-2.29983e-05
-6.57364e-05
-0.00189761
2.19901e-06
2.20456e-06
-0.000924258
5.62523e-05
-5.79237e-06
0.00102125
-0.000244074
0.00037568
-0.00131822
-2.14054e-05
-0.000798191
0.000265297
-0.000276494
0.00280648
-8.21327e-05
0.000637423
0.00108056
5.7486e-06
8.20741e-05
0.00327737
0.000207724
5.62808e-05
0.00102106
-1.50342e-08
0.000168149
-0.00154851
-0.000207748
0.000168151
-0.00154846
-5.76847e-06
5.6253e-05
0.00102121
8.21319e-05
8.20972e-05
0.00327733
-0.000265302
0.000637427
0.0010805
-0.000276496
0.00280648
-0.000576662
9.60807e-05
0.00210763
-0.000637416
0.000576649
0.00227196
-0.000375675
-0.000265357
0.00108033
-7.67722e-05
-0.000244076
-0.00131825
-5.18478e-10
4.63108e-05
-0.00203548
7.67674e-05
4.63104e-05
-0.00203546
0.000375672
-0.000244081
-0.00131822
0.000637415
-0.000265329
0.0010804
0.00057666
0.000576662
0.00227197
9.60774e-05
0.00210762
-9.60771e-05
0.0021995
0.000276493
0.00210761
2.13849e-05
0.00280638
2.19532e-05
-0.000798166
-1.8356e-08
-0.00182128
-2.19895e-05
-0.00182128
-2.14036e-05
-0.000798179
-0.000276502
0.00280642
9.60746e-05
0.00210761
0.0021995
-7.25056e-05
-7.25068e-05
0.00234452
0.000288143
-0.000564055
0.00231104
-4.83911e-06
0.000317266
0.00278212
8.69001e-06
0.000175028
-0.000986635
7.77988e-09
-5.56642e-05
-0.0017569
-8.68291e-06
-5.56647e-05
-0.00175689
4.8594e-06
0.000174986
-0.000986653
-0.000288123
0.000317266
0.00278217
7.25032e-05
-0.000564044
0.00231105
-7.25044e-05
0.00234451
-0.000564051
0.000288139
0.00231104
-0.000636954
-0.000636959
0.00241775
-0.000323771
-8.08873e-05
0.00116542
-4.71917e-05
-8.77618e-05
-0.00133206
-4.84302e-09
-0.000169875
-0.00196845
4.7182e-05
-0.000169879
-0.00196843
0.000323765
-8.77741e-05
-0.00133205
0.000636946
-8.08874e-05
0.00116549
0.000564043
-0.000636945
0.00241777
0.000288133
0.00231103
0.000317262
-4.83785e-06
0.00278212
-8.09003e-05
-0.00032377
0.00116542
-7.85344e-06
-7.85718e-06
0.00313145
0.000220777
-4.41171e-06
0.000708912
-2.00966e-08
6.73847e-05
-0.00156506
-0.000220811
6.73874e-05
-0.00156499
7.84057e-06
-4.39933e-06
0.000709068
8.0898e-05
-7.86771e-06
0.00313134
-0.000317273
-0.000323753
0.00116536
-4.84386e-06
0.00278211
0.000175032
8.69214e-06
-0.000986638
-8.77623e-05
-4.71896e-05
-0.00133205
-4.41082e-06
0.000220768
0.000708917
2.52044e-05
2.52006e-05
-0.000983533
-4.76272e-09
5.09369e-05
-0.00185593
-2.52149e-05
5.09391e-05
-0.00185593
4.40608e-06
2.52074e-05
-0.00098351
8.77737e-05
0.000220774
0.000709008
-0.00017501
-4.71776e-05
-0.00133204
8.68753e-06
-0.000986698
-5.56646e-05
1.36772e-08
-0.00175689
-0.000169872
-5.34304e-09
-0.00196844
6.73876e-05
-2.97017e-08
-0.00156506
5.09388e-05
-8.54973e-09
-0.00185593
-4.37245e-09
-7.22352e-09
-0.00191542
-5.09465e-05
-7.05944e-09
-0.00191542
-6.73952e-05
-7.39998e-09
-0.00185594
0.000169877
-2.64314e-08
-0.00156501
5.56724e-05
-4.54037e-09
-0.00196843
9.02434e-09
-0.00175691
-5.56659e-05
-8.67719e-06
-0.00175688
-0.000169882
4.71831e-05
-0.00196841
6.73907e-05
-0.000220826
-0.00156497
5.09435e-05
-2.52209e-05
-0.00185594
-3.86075e-09
-5.0949e-05
-0.00191542
-5.09504e-05
-5.09513e-05
-0.00191542
-6.73982e-05
-2.52236e-05
-0.00185595
0.000169886
-0.00022083
-0.00156495
5.56744e-05
4.71714e-05
-0.00196841
-8.67916e-06
-0.0017569
0.000174964
4.874e-06
-0.000986678
-8.7783e-05
0.000323766
-0.00133205
-4.39143e-06
7.83302e-06
0.000709126
2.52123e-05
4.40374e-06
-0.000983494
-3.91267e-09
-6.73981e-05
-0.00185594
-2.52206e-05
-6.74005e-05
-0.00185594
4.38827e-06
4.39426e-06
-0.000983484
8.77876e-05
7.83915e-06
0.000709186
-0.000174959
0.00032375
-0.00133205
4.87215e-06
-0.000986701
0.000317267
-0.000288106
0.0027822
-8.08899e-05
0.000636955
0.00116553
-7.874e-06
8.08997e-05
0.00313129
0.00022078
8.7772e-05
0.000709041
-1.54814e-08
0.000169875
-0.00156499
-0.000220811
0.00016988
-0.00156495
7.85761e-06
8.77795e-05
0.000709152
8.0897e-05
8.08999e-05
0.00313123
-0.000317271
0.000636947
0.00116548
-0.000288105
0.00278219
-0.00056403
7.2503e-05
0.00231105
-0.00063693
0.000564051
0.00241777
-0.000323745
-0.000317274
0.00116532
-4.71703e-05
-0.00017501
-0.00133204
-3.06284e-09
5.56713e-05
-0.00196844
4.71644e-05
5.56727e-05
-0.00196842
0.000323741
-0.00017498
-0.00133204
0.000636927
-0.000317272
0.00116538
0.000564028
0.000564046
0.00241777
7.25019e-05
0.00231104
-7.25034e-05
0.00234451
0.000288139
0.00231102
-4.83938e-06
0.00278208
8.69037e-06
-0.000986706
5.61028e-09
-0.00175692
-8.68545e-06
-0.00175692
4.85415e-06
-0.000986699
-0.000288125
0.00278213
7.25017e-05
0.00231103
0.0023445
-9.17896e-05
-9.17909e-05
0.0025281
0.000339531
-0.000570986
0.00245071
5.02171e-05
0.000331072
0.00274036
5.5948e-06
0.000141035
-0.00108305
7.77259e-09
-5.29912e-05
-0.00169832
-5.58703e-06
-5.29886e-05
-0.00169831
-5.01842e-05
0.00014102
-0.00108308
-0.000339497
0.000331109
0.00274037
9.17934e-05
-0.000570962
0.00245072
-9.17962e-05
0.0025281
-0.000570984
0.000339528
0.00245071
-0.000633571
-0.000633576
0.00254292
-0.000295168
-7.13393e-05
0.00122943
-3.29344e-05
-0.000102673
-0.00135059
-9.13174e-09
-0.000161385
-0.00189298
3.2924e-05
-0.000161387
-0.00189296
0.000295159
-0.000102679
-0.00135059
0.000633556
-7.12904e-05
0.00122949
0.000570974
-0.000633555
0.00254294
0.000339514
0.00245069
0.000331061
5.02186e-05
0.00274036
-7.13605e-05
-0.000295169
0.00122943
-1.19874e-05
-1.19851e-05
0.00301273
0.000226233
-4.15844e-06
0.000372177
-1.70332e-08
6.52453e-05
-0.00156544
-0.000226259
6.52471e-05
-0.00156538
1.19802e-05
-4.14372e-06
0.000372293
7.13599e-05
-1.19794e-05
0.00301265
-0.000331083
-0.000295156
0.00122941
5.02135e-05
0.00274032
0.000141032
5.59692e-06
-0.00108305
-0.000102677
-3.2935e-05
-0.00135058
-4.15767e-06
0.000226226
0.000372187
3.18196e-05
3.18137e-05
-0.00105548
-6.84737e-09
4.52437e-05
-0.0018041
-3.18396e-05
4.52463e-05
-0.0018041
4.14904e-06
3.18207e-05
-0.00105546
0.00010269
0.000226225
0.000372262
-0.000141018
-3.29262e-05
-0.00135056
5.59665e-06
-0.0010831
-5.29924e-05
1.42402e-08
-0.00169832
-0.000161381
-1.15779e-08
-0.00189298
6.52489e-05
-2.2274e-08
-0.00156544
4.52457e-05
-1.13066e-08
-0.0018041
-5.53276e-09
-8.52186e-09
-0.00182492
-4.52551e-05
-8.23604e-09
-0.00182491
-6.52607e-05
-9.78767e-09
-0.00180411
0.000161378
-1.88838e-08
-0.00156541
5.29975e-05
-9.54667e-09
-0.00189297
1.03484e-08
-0.00169833
-5.29902e-05
-5.57975e-06
-0.0016983
-0.00016139
3.29274e-05
-0.00189295
6.52507e-05
-0.00022627
-0.00156536
4.5251e-05
-3.18481e-05
-0.0018041
-4.88191e-09
-4.52579e-05
-0.00182491
-4.52596e-05
-4.52605e-05
-0.00182491
-6.52629e-05
-3.18489e-05
-0.00180411
0.000161386
-0.000226267
-0.00156535
5.29968e-05
3.29199e-05
-0.00189295
-5.58477e-06
-0.00169831
0.000141009
-5.01624e-05
-0.0010831
-0.000102684
0.00029516
-0.00135059
-4.13699e-06
1.19817e-05
0.000372327
3.18254e-05
4.14378e-06
-0.00105545
-5.63953e-09
-6.52632e-05
-0.0018041
-3.18413e-05
-6.52651e-05
-0.0018041
4.13127e-06
4.13353e-06
-0.00105544
0.000102692
1.19759e-05
0.000372381
-0.000141003
0.000295148
-0.00135058
-5.01659e-05
-0.00108312
0.000331128
-0.000339477
0.00274038
-7.12606e-05
0.000633558
0.00122952
-1.19737e-05
7.13746e-05
0.00301261
0.000226225
0.00010269
0.000372296
-1.19629e-08
0.000161376
-0.00156539
-0.000226249
0.00016138
-0.00156535
1.19691e-05
0.000102692
0.000372376
7.12791e-05
7.13335e-05
0.00301256
-0.000331132
0.000633546
0.00122949
-0.000339472
0.00274036
-0.000570945
9.17942e-05
0.00245073
-0.00063354
0.000570979
0.00254294
-0.000295147
-0.000331085
0.00122939
-3.29169e-05
-0.000141019
-0.00135056
-6.55279e-09
5.2995e-05
-0.00189297
3.291e-05
5.2994e-05
-0.00189295
0.00029514
-0.000141012
-0.00135057
0.000633532
-0.000331111
0.00122944
0.000570942
0.000570963
0.00254294
9.17977e-05
0.00245072
-9.17976e-05
0.0025281
0.000339519
0.00245068
5.02209e-05
0.00274029
5.60037e-06
-0.0010831
5.93473e-09
-0.00169833
-5.59433e-06
-0.00169832
-5.01946e-05
-0.00108311
-0.000339494
0.00274032
9.1799e-05
0.0024507
0.0025281
-0.000113216
-0.000113217
0.00275454
0.000364626
-0.000575018
0.00254788
9.15751e-05
0.000375635
0.00263777
1.80529e-05
0.000116905
-0.00112643
-4.00752e-09
-3.54806e-05
-0.00164478
-1.80692e-05
-3.54768e-05
-0.00164476
-9.15711e-05
0.000116911
-0.00112649
-0.000364612
0.000375698
0.00263771
0.000113214
-0.000574999
0.0025479
-0.000113218
0.00275453
-0.000575016
0.000364623
0.00254788
-0.000639879
-0.000639884
0.00267265
-0.000293562
-3.57258e-05
0.00129447
-2.82885e-05
-0.000103972
-0.00139498
-9.82843e-09
-0.000137086
-0.00181966
2.82766e-05
-0.000137086
-0.00181964
0.000293552
-0.000103965
-0.00139499
0.000639862
-3.56196e-05
0.0012945
0.000575005
-0.000639871
0.00267267
0.000364611
0.00254787
0.000375617
9.15731e-05
0.0026378
-3.57568e-05
-0.000293565
0.00129449
1.62608e-05
1.6278e-05
0.00290871
0.000228326
6.13089e-06
5.00086e-05
-1.36958e-08
6.2723e-05
-0.00153691
-0.000228342
6.27236e-05
-0.00153687
-1.62599e-05
6.14767e-06
5.00988e-05
3.5762e-05
1.63392e-05
0.00290867
-0.000375644
-0.000293559
0.0012945
9.15719e-05
0.00263772
0.000116899
1.80506e-05
-0.00112642
-0.000103978
-2.82915e-05
-0.00139497
6.13399e-06
0.000228323
5.00303e-05
3.98213e-05
3.98141e-05
-0.00112285
-9.11787e-09
3.92206e-05
-0.00174077
-3.98484e-05
3.92233e-05
-0.00174076
-6.15631e-06
3.98209e-05
-0.00112283
0.000103987
0.000228318
5.01402e-05
-0.000116887
-2.82885e-05
-0.00139496
1.80608e-05
-0.00112648
-3.54816e-05
-3.39954e-09
-0.00164478
-0.000137081
-1.27484e-08
-0.00181966
6.27268e-05
-1.42585e-08
-0.00153691
3.9223e-05
-1.46394e-08
-0.00174077
-6.45435e-09
-9.4531e-09
-0.00174646
-3.92339e-05
-9.14644e-09
-0.00174646
-6.27411e-05
-1.25106e-08
-0.00174077
0.000137068
-1.11804e-08
-0.00153688
3.54823e-05
-1.07211e-08
-0.00181966
-4.07333e-09
-0.00164478
-3.54771e-05
-1.80693e-05
-0.00164475
-0.000137086
2.82808e-05
-0.00181964
6.27269e-05
-0.000228345
-0.00153685
3.92281e-05
-3.98604e-05
-0.00174076
-5.78879e-09
-3.92368e-05
-0.00174645
-3.92382e-05
-3.92394e-05
-0.00174645
-6.27417e-05
-3.98599e-05
-0.00174076
0.000137073
-0.000228341
-0.00153683
3.54794e-05
2.82795e-05
-0.00181964
-1.8078e-05
-0.00164476
0.000116911
-9.15646e-05
-0.00112652
-0.000103961
0.000293552
-0.00139499
6.15451e-06
-1.62433e-05
5.01099e-05
3.98246e-05
-6.16463e-06
-0.00112281
-7.41744e-09
-6.27437e-05
-0.00174076
-3.98468e-05
-6.27447e-05
-0.00174076
-6.17164e-06
-6.17468e-06
-0.0011228
0.000103968
-1.62966e-05
5.0198e-05
-0.000116903
0.000293548
-0.00139498
-9.15662e-05
-0.00112654
0.000375727
-0.000364604
0.0026377
-3.55558e-05
0.000639858
0.0012945
1.63785e-05
3.57884e-05
0.00290864
0.000228318
0.000103993
5.01986e-05
-8.63292e-09
0.000137068
-0.00153688
-0.000228332
0.000137069
-0.00153684
-1.6362e-05
0.000103981
5.02499e-05
3.55884e-05
3.56962e-05
0.00290862
-0.00037573
0.000639852
0.0012945
-0.000364596
0.00263766
-0.000574988
0.000113214
0.0025479
-0.000639864
0.000575005
0.00267267
-0.000293551
-0.000375647
0.00129451
-2.82786e-05
-0.000116886
-0.00139496
-7.34482e-09
3.54806e-05
-0.00181965
2.82699e-05
3.5478e-05
-0.00181964
0.000293543
-0.000116897
-0.00139496
0.000639852
-0.000375695
0.00129452
0.000574983
0.000574993
0.00267267
0.000113215
0.00254789
-0.000113219
0.00275453
0.000364611
0.00254786
9.15758e-05
0.00263768
1.80683e-05
-0.00112648
-3.67165e-09
-0.00164478
-1.8082e-05
-0.00164477
-9.15743e-05
-0.00112652
-0.000364601
0.00263765
0.000113217
0.00254787
0.00275453
-9.20156e-05
-9.20164e-05
0.00293857
0.000339275
-0.000575165
0.00269176
4.92137e-05
0.00043556
0.00249228
2.21334e-05
7.13513e-05
-0.0011707
-8.21628e-09
-2.26891e-05
-0.00159995
-2.21559e-05
-2.26854e-05
-0.00159993
-4.92243e-05
7.13495e-05
-0.00117077
-0.000339273
0.000435596
0.00249217
9.20147e-05
-0.00057515
0.00269176
-9.20165e-05
0.00293857
-0.000575164
0.000339273
0.00269176
-0.000659495
-0.000659499
0.00284132
-0.000296734
2.58396e-07
0.00136701
-3.00724e-05
-0.00010793
-0.00148236
-8.72955e-09
-0.000119329
-0.00175308
3.00617e-05
-0.00011933
-0.00175306
0.000296726
-0.000107928
-0.00148237
0.00065948
3.65147e-07
0.00136698
0.000575154
-0.000659488
0.00284133
0.00033926
0.00269175
0.00043555
4.92107e-05
0.00249231
2.36956e-07
-0.000296737
0.00136704
8.01401e-05
8.01566e-05
0.00274891
0.000234815
2.567e-05
-0.000238266
-1.34679e-08
5.53482e-05
-0.00147676
-0.00023483
5.53471e-05
-0.00147673
-8.0137e-05
2.56808e-05
-0.000238203
-2.30486e-07
8.02358e-05
0.00274889
-0.000435557
-0.000296736
0.00136708
4.92044e-05
0.00249222
7.13471e-05
2.21303e-05
-0.00117069
-0.000107934
-3.00752e-05
-0.00148236
2.56751e-05
0.000234816
-0.000238239
4.88551e-05
4.88482e-05
-0.00116921
-1.02803e-08
3.62671e-05
-0.00167282
-4.88851e-05
3.62693e-05
-0.00167281
-2.57026e-05
4.88571e-05
-0.00116919
0.00010795
0.000234823
-0.0002381
-7.13279e-05
-3.00729e-05
-0.00148235
2.21395e-05
-0.00117074
-2.26902e-05
-1.04746e-08
-0.00159995
-0.000119326
-1.18424e-08
-0.00175309
5.53509e-05
-1.21976e-08
-0.00147676
3.62696e-05
-1.64384e-08
-0.00167282
-6.6649e-09
-9.60722e-09
-0.00167391
-3.62812e-05
-9.36552e-09
-0.0016739
-5.53621e-05
-1.39087e-08
-0.00167281
0.000119319
-8.80532e-09
-0.00147673
2.26919e-05
-1.02226e-08
-0.0017531
-1.00094e-08
-0.00159994
-2.26855e-05
-2.21601e-05
-0.00159992
-0.000119331
3.00633e-05
-0.00175306
5.53484e-05
-0.000234828
-0.00147671
3.62736e-05
-4.88991e-05
-0.0016728
-6.14176e-09
-3.62844e-05
-0.0016739
-3.62846e-05
-3.62865e-05
-0.00167389
-5.53604e-05
-4.89002e-05
-0.0016728
0.000119324
-0.000234834
-0.00147669
2.26884e-05
3.00621e-05
-0.00175308
-2.2167e-05
-0.00159991
7.13499e-05
-4.92275e-05
-0.0011708
-0.000107923
0.000296725
-0.00148238
2.56835e-05
-8.01177e-05
-0.000238207
4.88611e-05
-2.57153e-05
-0.00116918
-8.21192e-09
-5.53659e-05
-0.00167281
-4.88854e-05
-5.53655e-05
-0.0016728
-2.57063e-05
-2.5719e-05
-0.00116916
0.000107935
-8.0187e-05
-0.00023809
-7.13367e-05
0.000296725
-0.00148237
-4.92245e-05
-0.00117082
0.000435617
-0.000339273
0.00249212
4.27986e-07
0.000659474
0.00136694
8.02846e-05
-2.06217e-07
0.00274887
0.000234831
0.00010796
-0.000238023
-8.16919e-09
0.000119319
-0.00147672
-0.000234841
0.000119321
-0.0014767
-8.02654e-05
0.000107953
-0.000237997
-4.0175e-07
-3.0137e-07
0.00274887
-0.000435613
0.000659468
0.00136697
-0.000339264
0.00249209
-0.000575143
9.20146e-05
0.00269175
-0.000659485
0.000575153
0.00284133
-0.000296732
-0.000435551
0.0013671
-3.00663e-05
-7.13224e-05
-0.00148234
-6.73821e-09
2.26903e-05
-0.00175308
3.00576e-05
2.26876e-05
-0.00175307
0.000296725
-7.13274e-05
-0.00148235
0.000659475
-0.000435582
0.00136705
0.000575138
0.000575141
0.00284133
9.20151e-05
0.00269175
-9.20164e-05
0.00293857
0.000339256
0.00269174
4.92035e-05
0.00249218
2.21462e-05
-0.00117075
-7.17272e-09
-0.00159994
-2.21658e-05
-0.00159992
-4.92165e-05
-0.00117079
-0.000339258
0.00249211
9.20156e-05
0.00269174
0.00293856
-8.5772e-05
-8.5772e-05
0.00311011
0.000255654
-0.000599912
0.00295025
-5.04255e-05
0.000356007
0.00244235
5.75807e-06
4.57723e-06
-0.00123146
-6.73913e-09
-2.22376e-05
-0.00157195
-5.77529e-06
-2.22318e-05
-0.00157193
5.04094e-05
4.57343e-06
-0.00123152
-0.00025566
0.000356001
0.00244223
8.57721e-05
-0.000599902
0.00295023
-8.57708e-05
0.00311011
-0.000599911
0.000255651
0.00295025
-0.000669914
-0.000669919
0.00298133
-0.000258657
-7.6305e-05
0.00138807
-3.37261e-05
-0.000124028
-0.00157869
-7.96896e-09
-0.000117255
-0.00169178
3.37192e-05
-0.000117256
-0.00169177
0.00025865
-0.000124027
-0.0015787
0.000669904
-7.62455e-05
0.00138797
0.000599908
-0.000669909
0.00298134
0.000255649
0.00295024
0.000356016
-5.04296e-05
0.00244237
-7.63038e-05
-0.000258661
0.0013881
0.000156429
0.000156433
0.00228343
0.000240278
4.11264e-05
-0.00048727
-1.23347e-08
4.5482e-05
-0.0013992
-0.000240291
4.54796e-05
-0.00139918
-0.000156434
4.11337e-05
-0.000487221
7.62995e-05
0.000156469
0.00228345
-0.000355998
-0.000258659
0.00138812
-5.04304e-05
0.0024423
4.57401e-06
5.75547e-06
-0.00123145
-0.000124032
-3.37269e-05
-0.00157868
4.11293e-05
0.000240279
-0.000487246
5.71621e-05
5.71573e-05
-0.00120128
-8.9758e-09
3.71594e-05
-0.00160732
-5.71862e-05
3.71605e-05
-0.00160731
-4.11505e-05
5.71652e-05
-0.00120125
0.000124046
0.00024029
-0.000487117
-4.55623e-06
-3.3722e-05
-0.00157868
5.75874e-06
-0.00123148
-2.22384e-05
-8.62711e-09
-0.00157195
-0.000117254
-1.13518e-08
-0.00169179
4.54834e-05
-1.26651e-08
-0.0013992
3.71618e-05
-1.41742e-08
-0.00160733
-5.64984e-09
-8.34795e-09
-0.00159957
-3.71723e-05
-8.24965e-09
-0.00159957
-4.54896e-05
-1.22366e-08
-0.00160732
0.000117254
-1.03688e-08
-0.00139918
2.22364e-05
-9.79059e-09
-0.00169179
-8.37423e-09
-0.00157194
-2.22302e-05
-5.77854e-06
-0.00157192
-0.000117258
3.37179e-05
-0.00169177
4.54789e-05
-0.000240289
-0.00139917
3.71637e-05
-5.7197e-05
-0.0016073
-5.39323e-09
-3.71754e-05
-0.00159956
-3.71739e-05
-3.71764e-05
-0.00159956
-4.5486e-05
-5.71996e-05
-0.0016073
0.000117258
-0.000240298
-0.00139915
2.22294e-05
3.37136e-05
-0.00169177
-5.78188e-06
-0.00157191
4.57195e-06
5.04056e-05
-0.00123156
-0.000124025
0.000258645
-0.00157871
4.1134e-05
-0.000156429
-0.000487226
5.71694e-05
-4.11634e-05
-0.00120124
-7.30184e-09
-4.54942e-05
-0.00160732
-5.71893e-05
-4.54925e-05
-0.0016073
-4.11522e-05
-4.11661e-05
-0.00120123
0.000124036
-0.000156461
-0.000487116
-4.56039e-06
0.000258647
-0.00157871
5.04044e-05
-0.00123156
0.000356007
-0.000255661
0.00244218
-7.62121e-05
0.000669898
0.00138791
0.000156489
7.63088e-05
0.00228344
0.000240298
0.00012405
-0.000487045
-8.88893e-09
0.000117253
-0.00139916
-0.000240308
0.000117254
-0.00139915
-0.000156489
0.000124046
-0.000487027
7.62094e-05
7.62522e-05
0.00228346
-0.000356
0.000669893
0.00138794
-0.000255661
0.00244215
-0.000599897
8.57726e-05
0.00295022
-0.000669907
0.000599909
0.00298133
-0.00025866
-0.000355981
0.00138815
-3.37202e-05
-4.55321e-06
-0.00157868
-6.26317e-09
2.22348e-05
-0.00169178
3.37144e-05
2.223e-05
-0.00169177
0.000258654
-4.55519e-06
-0.00157869
0.0006699
-0.000355984
0.00138804
0.000599896
0.0005999
0.00298133
8.57715e-05
0.00295021
-8.577e-05
0.00311011
0.000255651
0.00295023
-5.04274e-05
0.00244228
5.76406e-06
-0.00123149
-5.88259e-09
-0.00157193
-5.78023e-06
-0.00157192
5.04105e-05
-0.00123154
-0.000255658
0.00244219
8.57702e-05
0.00295021
0.00311011
-9.06761e-05
-9.06756e-05
0.0002059
-0.000623496
-0.000109732
0.000163769
-1.91666e-05
-3.89422e-05
-5.21373e-09
-2.37957e-05
1.91533e-05
-2.37897e-05
0.000109707
-3.89472e-05
-0.000205914
0.000163718
9.06769e-05
-0.000623494
-9.06736e-05
-0.000623494
0.000205895
-0.000618086
-0.000618093
-0.000173781
-0.000209555
-3.50044e-05
-0.000137047
-6.50679e-09
-0.000114106
3.5002e-05
-0.000114108
0.000173764
-0.000137046
0.00061807
-0.000209566
0.000623499
-0.000618086
0.000205907
0.000163787
-0.000109739
-0.000209542
-0.000173786
0.000211556
0.000211552
0.000222693
4.44013e-05
-9.4059e-09
3.79518e-05
-0.000222705
3.79483e-05
-0.000211564
4.44075e-05
0.000209539
0.000211545
-0.000163754
-0.000173783
-0.000109726
-3.89431e-05
-1.91688e-05
-0.00013705
-3.50039e-05
4.44023e-05
0.000222693
6.14048e-05
6.14015e-05
-7.5834e-09
3.76396e-05
-6.14219e-05
3.764e-05
-4.44156e-05
6.14077e-05
0.000137058
0.0002227
3.89463e-05
-3.50007e-05
-1.91655e-05
-2.37962e-05
-5.90142e-09
-0.000114105
-9.50708e-09
3.79529e-05
-1.05594e-08
3.76416e-05
-1.19372e-08
-4.64841e-09
-7.14916e-09
-3.76504e-05
-7.17864e-09
-3.79565e-05
-1.02996e-08
0.000114107
-9.49941e-09
2.37913e-05
-8.19775e-09
-5.57556e-09
-2.37879e-05
1.91536e-05
-0.000114111
3.50003e-05
3.79468e-05
-0.000222704
3.76422e-05
-6.14292e-05
-4.60132e-09
-3.76533e-05
-3.76509e-05
-3.76537e-05
-3.79513e-05
-6.14321e-05
0.000114112
-0.00022271
2.3784e-05
3.49973e-05
1.91501e-05
-3.89523e-05
0.000109702
-0.000137046
0.000173753
4.44076e-05
-0.000211569
6.14113e-05
-4.4425e-05
-6.11218e-09
-3.79606e-05
-6.14257e-05
-3.79578e-05
-4.44193e-05
-4.44287e-05
0.000137052
-0.000211565
3.89533e-05
0.000173756
0.000109694
0.000163709
-0.000205917
-0.000209566
0.000618061
0.000211539
0.000209539
0.000222704
0.000137057
-7.74093e-09
0.000114106
-0.000222714
0.000114108
-0.000211552
0.000137055
0.000209552
0.000209544
-0.000163698
0.000618061
-0.000205924
-0.000623491
9.06776e-05
-0.000618085
0.000623503
-0.000173786
-0.000163733
-3.50019e-05
3.89451e-05
-5.17557e-09
2.37895e-05
3.50003e-05
2.37843e-05
0.000173772
3.89487e-05
0.000618072
-0.000163697
0.000623495
0.0006235
9.06756e-05
-9.06725e-05
0.000205914
-0.000109718
-1.91605e-05
-4.2761e-09
1.91485e-05
0.000109697
-0.000205925
9.06734e-05
)
;

boundaryField
{
    bottom
    {
        type            calculated;
        value           nonuniform List<scalar> 0();
    }
    atmosphere
    {
        type            calculated;
        value           nonuniform List<scalar> 0();
    }
    walls
    {
        type            calculated;
        value           uniform 0;
    }
    procBoundary0to1
    {
        type            processor;
        value           nonuniform List<scalar> 
100
(
0.00329146
0.00327716
0.00259421
-0.00128308
-0.00156732
-0.0015673
-0.00128313
0.00259414
0.00327713
0.00329146
0.00327717
0.00297052
0.00131709
-0.00161936
-0.00163647
-0.00163646
-0.00161937
0.00131695
0.0029705
0.00327715
0.00259422
0.00131712
0.00144123
-0.000679855
-0.00132856
-0.00132854
-0.000679814
0.00144123
0.00131711
0.00259418
-0.00128308
-0.00161936
-0.00067984
-0.00123528
-0.0015456
-0.00154559
-0.00123526
-0.000679745
-0.00161935
-0.0012831
-0.00156731
-0.00163647
-0.00132856
-0.0015456
-0.00152428
-0.00152427
-0.00154559
-0.00132853
-0.00163647
-0.0015673
-0.00156729
-0.00163645
-0.00132854
-0.00154558
-0.00152427
-0.00152426
-0.00154557
-0.00132851
-0.00163645
-0.00156728
-0.00128315
-0.00161937
-0.000679815
-0.00123525
-0.00154559
-0.00154558
-0.00123524
-0.000679733
-0.00161937
-0.00128315
0.00259409
0.00131687
0.00144122
-0.000679692
-0.00132852
-0.00132851
-0.000679673
0.00144125
0.00131688
0.00259407
0.00327711
0.00297048
0.00131712
-0.00161935
-0.00163646
-0.00163645
-0.00161936
0.00131698
0.00297047
0.00327711
0.00329146
0.00327715
0.00259418
-0.00128311
-0.0015673
-0.00156728
-0.00128314
0.00259412
0.00327711
0.00329145
)
;
    }
    procBoundary0to2
    {
        type            processor;
        value           nonuniform List<scalar> 
100
(
-0.00153702
-0.0016584
-0.00239479
0.000347499
0.00196956
0.00196953
0.000347608
-0.00239471
-0.00165843
-0.00153702
-0.0016584
-0.00206598
-0.000968353
0.00139774
0.00206484
0.00206483
0.00139774
-0.000968422
-0.00206604
-0.00165842
-0.00239481
-0.000968367
-0.00428838
-0.00173157
0.00142126
0.00142111
-0.00173178
-0.00428844
-0.000968359
-0.00239479
0.000347458
0.00139773
-0.00173158
0.000457285
0.00208672
0.00208675
0.000457122
-0.00173169
0.00139775
0.000347509
0.00196957
0.00206484
0.00142127
0.00208672
0.00236579
0.0023658
0.00208676
0.00142121
0.00206486
0.00196958
0.00196951
0.00206482
0.00142106
0.00208675
0.0023658
0.00236581
0.00208678
0.00142105
0.00206484
0.00196954
0.000347628
0.00139774
-0.00173186
0.000457066
0.00208677
0.00208679
0.000457002
-0.00173189
0.00139776
0.000347613
-0.00239468
-0.000968443
-0.00428847
-0.00173175
0.00142119
0.00142109
-0.00173187
-0.00428859
-0.000968447
-0.00239468
-0.00165843
-0.00206605
-0.000968343
0.00139776
0.00206487
0.00206486
0.00139776
-0.000968408
-0.00206609
-0.00165844
-0.00153702
-0.00165842
-0.00239478
0.000347522
0.00196958
0.00196955
0.000347593
-0.00239471
-0.00165844
-0.00153701
)
;
    }
}


// ************************************************************************* //
