/*--------------------------------*- C++ -*----------------------------------*\
| =========                 |                                                 |
| \\      /  F ield         | OpenFOAM: The Open Source CFD Toolbox           |
|  \\    /   O peration     | Version:  2412                                  |
|   \\  /    A nd           | Website:  www.openfoam.com                      |
|    \\/     M anipulation  |                                                 |
\*---------------------------------------------------------------------------*/
FoamFile
{
    version     2.0;
    format      ascii;
    arch        "LSB;label=32;scalar=64";
    class       volScalarField;
    location    "0.31";
    object      p_rgh;
}
// * * * * * * * * * * * * * * * * * * * * * * * * * * * * * * * * * * * * * //

dimensions      [1 -1 -2 0 0 0 0];

internalField   nonuniform List<scalar> 
1000
(
8.64671
8.57649
8.50156
8.49085
9.26409
9.26409
8.49085
8.50156
8.57649
8.64671
8.57649
8.51975
8.46936
9.18517
12.9026
12.9026
9.18517
8.46936
8.51975
8.57649
8.50156
8.46936
8.92869
10.9605
11.417
11.417
10.9605
8.92869
8.46936
8.50156
8.49085
9.18517
10.9605
11.4384
11.5275
11.5275
11.4384
10.9606
9.18517
8.49085
9.26409
12.9026
11.417
11.5275
9.4103
9.41029
11.5275
11.417
12.9026
9.26409
9.26409
12.9026
11.417
11.5275
9.4103
9.41029
11.5275
11.417
12.9026
9.26409
8.49085
9.18517
10.9605
11.4384
11.5275
11.5275
11.4384
10.9606
9.18517
8.49085
8.50156
8.46936
8.92869
10.9606
11.417
11.417
10.9606
8.92869
8.46936
8.50156
8.57649
8.51975
8.46936
9.18517
12.9026
12.9026
9.18517
8.46936
8.51975
8.57649
8.64671
8.57649
8.50156
8.49085
9.26409
9.26409
8.49085
8.50156
8.57649
8.64671
8.81465
8.7757
8.73456
8.77148
9.51396
9.51396
8.77148
8.73456
8.7757
8.81466
8.7757
8.75418
8.75126
9.32975
12.084
12.084
9.32975
8.75126
8.75418
8.7757
8.73456
8.75126
9.14597
10.7353
10.6623
10.6623
10.7353
9.14597
8.75126
8.73456
8.77148
9.32975
10.7353
13.1798
11.1925
11.1925
13.1798
10.7353
9.32975
8.77148
9.51395
12.084
10.6623
11.1925
9.51534
9.51534
11.1925
10.6623
12.084
9.51395
9.51395
12.084
10.6623
11.1925
9.51534
9.51533
11.1925
10.6623
12.084
9.51395
8.77148
9.32975
10.7353
13.1798
11.1925
11.1925
13.1798
10.7353
9.32975
8.77148
8.73456
8.75126
9.14597
10.7353
10.6623
10.6623
10.7353
9.14597
8.75126
8.73456
8.7757
8.75418
8.75126
9.32976
12.084
12.084
9.32976
8.75126
8.75418
8.7757
8.81466
8.7757
8.73456
8.77148
9.51395
9.51395
8.77148
8.73456
8.7757
8.81466
8.97999
8.96504
8.94862
9.01238
9.68939
9.68939
9.01238
8.94862
8.96504
8.97999
8.96504
8.96764
8.99789
9.43928
11.6764
11.6764
9.43928
8.99789
8.96764
8.96504
8.94862
8.99789
9.34174
10.628
10.4877
10.4877
10.628
9.34174
8.99789
8.94862
9.01238
9.43928
10.628
13.7187
10.2836
10.2836
13.7187
10.628
9.43928
9.01238
9.68939
11.6764
10.4877
10.2836
9.64172
9.64172
10.2836
10.4877
11.6764
9.68939
9.68939
11.6764
10.4877
10.2836
9.64172
9.64172
10.2836
10.4877
11.6764
9.68939
9.01238
9.43928
10.628
13.7187
10.2836
10.2836
13.7187
10.628
9.43928
9.01238
8.94862
8.99789
9.34174
10.628
10.4877
10.4877
10.628
9.34174
8.99789
8.94862
8.96504
8.96764
8.99789
9.43928
11.6764
11.6764
9.43928
8.99789
8.96764
8.96504
8.97999
8.96504
8.94862
9.01238
9.68939
9.68939
9.01238
8.94862
8.96504
8.97999
9.1345
9.13633
9.13659
9.2098
9.77252
9.77252
9.2098
9.13659
9.13633
9.1345
9.13633
9.15364
9.20223
9.52777
11.4644
11.4644
9.52777
9.20223
9.15364
9.13633
9.13659
9.20223
9.49888
10.4033
10.5522
10.5522
10.4033
9.49888
9.20223
9.13659
9.2098
9.52777
10.4033
13.7439
10.3289
10.3289
13.7439
10.4033
9.52777
9.2098
9.77252
11.4644
10.5522
10.3289
9.78852
9.78852
10.3289
10.5522
11.4644
9.77252
9.77252
11.4644
10.5522
10.3289
9.78852
9.78852
10.3289
10.5522
11.4644
9.77252
9.2098
9.52777
10.4033
13.7439
10.3289
10.3289
13.7439
10.4033
9.52777
9.2098
9.13659
9.20223
9.49888
10.4033
10.5522
10.5522
10.4033
9.49888
9.20223
9.13659
9.13633
9.15364
9.20223
9.52777
11.4644
11.4644
9.52777
9.20223
9.15364
9.13633
9.1345
9.13633
9.13659
9.2098
9.77252
9.77252
9.2098
9.13659
9.13633
9.1345
9.27457
9.28667
9.29735
9.36825
9.78431
9.78431
9.36825
9.29735
9.28667
9.27457
9.28667
9.31183
9.3673
9.60808
11.4403
11.4403
9.60808
9.3673
9.31183
9.28667
9.29735
9.3673
9.59098
10.194
10.7154
10.7154
10.194
9.59098
9.3673
9.29735
9.36825
9.60808
10.194
11.1506
10.2242
10.2242
11.1506
10.194
9.60808
9.36825
9.78431
11.4403
10.7154
10.2242
9.88884
9.88884
10.2242
10.7154
11.4403
9.78431
9.78431
11.4403
10.7154
10.2242
9.88884
9.88884
10.2242
10.7154
11.4403
9.78431
9.36825
9.60808
10.194
11.1506
10.2242
10.2242
11.1506
10.194
9.60808
9.36825
9.29735
9.3673
9.59098
10.194
10.7154
10.7154
10.194
9.59098
9.3673
9.29735
9.28667
9.31183
9.3673
9.60808
11.4403
11.4403
9.60808
9.3673
9.31183
9.28667
9.27457
9.28667
9.29735
9.36825
9.78431
9.78431
9.36825
9.29735
9.28667
9.27457
9.39794
9.41498
9.43054
9.49237
9.77985
9.77985
9.49237
9.43054
9.41498
9.39794
9.41498
9.44229
9.4966
9.67709
11.4622
11.4622
9.67709
9.4966
9.44229
9.41498
9.43054
9.4966
9.6369
10.1367
10.7172
10.7172
10.1367
9.6369
9.4966
9.43054
9.49237
9.67708
10.1367
10.4409
10.1064
10.1064
10.4409
10.1367
9.67709
9.49237
9.77985
11.4622
10.7172
10.1064
9.92668
9.92668
10.1064
10.7172
11.4622
9.77985
9.77985
11.4622
10.7172
10.1064
9.92668
9.92668
10.1064
10.7172
11.4622
9.77985
9.49237
9.67709
10.1367
10.4409
10.1064
10.1064
10.4409
10.1367
9.67709
9.49237
9.43054
9.4966
9.6369
10.1367
10.7172
10.7172
10.1367
9.6369
9.4966
9.43054
9.41498
9.44229
9.4966
9.67709
11.4622
11.4622
9.67709
9.4966
9.44229
9.41498
9.39794
9.41498
9.43054
9.49237
9.77985
9.77985
9.49237
9.43054
9.41498
9.39794
9.50794
9.52554
9.54197
9.59024
9.78944
9.78944
9.59024
9.54197
9.52554
9.50794
9.52554
9.55139
9.5985
9.73665
11.1726
11.1726
9.73665
9.5985
9.55139
9.52554
9.54197
9.5985
9.70065
10.4974
10.4818
10.4818
10.4974
9.70065
9.5985
9.54197
9.59024
9.73665
10.4974
10.3345
10.0628
10.0628
10.3345
10.4974
9.73665
9.59024
9.78944
11.1726
10.4818
10.0628
9.92347
9.92347
10.0628
10.4818
11.1726
9.78944
9.78944
11.1726
10.4818
10.0628
9.92347
9.92347
10.0628
10.4818
11.1726
9.78944
9.59024
9.73665
10.4974
10.3345
10.0628
10.0628
10.3345
10.4974
9.73665
9.59024
9.54197
9.5985
9.70065
10.4974
10.4818
10.4818
10.4974
9.70065
9.5985
9.54197
9.52554
9.55139
9.5985
9.73665
11.1726
11.1726
9.73665
9.5985
9.55139
9.52554
9.50794
9.52554
9.54197
9.59024
9.78944
9.78944
9.59024
9.54197
9.52554
9.50794
9.60158
9.61713
9.63112
9.66721
9.81693
9.81693
9.66721
9.63112
9.61713
9.60158
9.61713
9.638
9.67529
9.78822
10.7059
10.7059
9.78822
9.67529
9.638
9.61713
9.63112
9.67529
9.7568
10.5787
10.1935
10.1935
10.5787
9.7568
9.67529
9.63112
9.66721
9.78822
10.5787
10.33
9.98573
9.98573
10.33
10.5787
9.78822
9.66721
9.81693
10.7059
10.1935
9.98573
9.87433
9.87433
9.98573
10.1935
10.7059
9.81693
9.81693
10.7059
10.1935
9.98573
9.87433
9.87433
9.98573
10.1935
10.7059
9.81693
9.66721
9.78822
10.5787
10.33
9.98573
9.98573
10.33
10.5787
9.78822
9.66721
9.63112
9.67529
9.7568
10.5787
10.1935
10.1935
10.5787
9.7568
9.67529
9.63112
9.61713
9.638
9.67529
9.78822
10.7059
10.7059
9.78822
9.67529
9.638
9.61713
9.60158
9.61713
9.63112
9.66721
9.81693
9.81693
9.66721
9.63112
9.61713
9.60158
9.69295
9.70305
9.71286
9.73277
9.8398
9.8398
9.73277
9.71286
9.70305
9.69295
9.70305
9.71785
9.74106
9.82219
10.2941
10.2941
9.82219
9.74106
9.71785
9.70305
9.71286
9.74106
9.80291
10.3038
9.98857
9.98857
10.3038
9.80291
9.74106
9.71286
9.73277
9.82219
10.3038
10.067
9.88049
9.88049
10.067
10.3038
9.82219
9.73277
9.8398
10.2941
9.98857
9.8805
9.79477
9.79477
9.8805
9.98857
10.2941
9.8398
9.8398
10.2941
9.98857
9.88049
9.79477
9.79477
9.88049
9.98857
10.2941
9.8398
9.73277
9.82219
10.3038
10.067
9.8805
9.8805
10.067
10.3038
9.82219
9.73277
9.71286
9.74106
9.80291
10.3038
9.98857
9.98857
10.3038
9.80291
9.74106
9.71286
9.70305
9.71785
9.74106
9.82219
10.2941
10.2941
9.82219
9.74106
9.71785
9.70305
9.69295
9.70305
9.71286
9.73277
9.8398
9.8398
9.73277
9.71286
9.70305
9.69295
9.76314
9.76862
9.77441
9.78654
9.85845
9.85845
9.78654
9.77441
9.76862
9.76314
9.76862
9.77603
9.78845
9.84627
10.0174
10.0174
9.84627
9.78845
9.77603
9.76862
9.77441
9.78845
9.82794
10.0567
9.86104
9.86104
10.0567
9.82794
9.78845
9.77441
9.78654
9.84627
10.0567
9.9112
9.77403
9.77403
9.9112
10.0567
9.84627
9.78654
9.85845
10.0174
9.86104
9.77403
9.6858
9.6858
9.77403
9.86104
10.0174
9.85845
9.85845
10.0174
9.86104
9.77403
9.6858
9.6858
9.77403
9.86104
10.0174
9.85845
9.78654
9.84627
10.0567
9.9112
9.77403
9.77403
9.9112
10.0567
9.84627
9.78654
9.77441
9.78845
9.82794
10.0567
9.86104
9.86104
10.0567
9.82794
9.78845
9.77441
9.76862
9.77603
9.78845
9.84627
10.0174
10.0174
9.84627
9.78845
9.77603
9.76862
9.76314
9.76862
9.77441
9.78654
9.85845
9.85845
9.78654
9.77441
9.76862
9.76314
)
;

boundaryField
{
    bottom
    {
        type            fixedFluxPressure;
        gradient        nonuniform List<scalar> 0();
        value           nonuniform List<scalar> 0();
    }
    atmosphere
    {
        type            prghTotalPressure;
        p0              uniform 0;
        value           nonuniform List<scalar> 
100
(
9.81
9.81
9.81003
9.81134
9.87259
9.87259
9.81134
9.81003
9.81
9.81
9.81
9.81003
9.81132
9.85761
9.80334
9.80334
9.85761
9.81132
9.81003
9.81
9.81003
9.81132
9.84676
10.0422
9.77729
9.77729
10.0422
9.84676
9.81132
9.81003
9.81134
9.85761
10.0422
9.79851
9.69851
9.69851
9.79851
10.0422
9.85761
9.81134
9.87259
9.80334
9.77729
9.69851
9.59821
9.59821
9.69851
9.77729
9.80334
9.87259
9.87259
9.80334
9.77729
9.69851
9.59821
9.59821
9.69851
9.77729
9.80334
9.87259
9.81134
9.85761
10.0422
9.79851
9.69851
9.69851
9.79851
10.0422
9.85761
9.81134
9.81003
9.81132
9.84676
10.0422
9.77729
9.77729
10.0422
9.84676
9.81132
9.81003
9.81
9.81003
9.81132
9.85761
9.80334
9.80334
9.85761
9.81132
9.81003
9.81
9.81
9.81
9.81003
9.81134
9.87259
9.87259
9.81134
9.81003
9.81
9.81
)
;
    }
    walls
    {
        type            fixedFluxPressure;
        gradient        uniform 0;
        value           nonuniform List<scalar> 
400
(
8.64671
8.57649
8.50156
8.49085
9.26409
9.26409
8.49085
8.50156
8.57649
8.64671
8.81465
8.7757
8.73456
8.77148
9.51395
9.51395
8.77148
8.73456
8.7757
8.81466
8.97999
8.96504
8.94862
9.01238
9.68939
9.68939
9.01238
8.94862
8.96504
8.97999
9.1345
9.13633
9.13659
9.2098
9.77252
9.77252
9.2098
9.13659
9.13633
9.1345
9.27457
9.28667
9.29735
9.36825
9.78431
9.78431
9.36825
9.29735
9.28667
9.27457
9.39794
9.41498
9.43054
9.49237
9.77985
9.77985
9.49237
9.43054
9.41498
9.39794
9.50794
9.52554
9.54197
9.59024
9.78944
9.78944
9.59024
9.54197
9.52554
9.50794
9.60158
9.61713
9.63112
9.66721
9.81693
9.81693
9.66721
9.63112
9.61713
9.60158
9.69295
9.70305
9.71286
9.73277
9.8398
9.8398
9.73277
9.71286
9.70305
9.69295
9.76314
9.76862
9.77441
9.78654
9.85845
9.85845
9.78654
9.77441
9.76862
9.76314
8.64671
8.57649
8.50156
8.49085
9.26409
9.26409
8.49085
8.50156
8.57649
8.64671
8.81466
8.7757
8.73456
8.77148
9.51395
9.51395
8.77148
8.73456
8.7757
8.81466
8.97999
8.96504
8.94862
9.01238
9.68939
9.68939
9.01238
8.94862
8.96504
8.97999
9.1345
9.13633
9.13659
9.2098
9.77252
9.77252
9.2098
9.13659
9.13633
9.1345
9.27457
9.28667
9.29735
9.36825
9.78431
9.78431
9.36825
9.29735
9.28667
9.27457
9.39794
9.41498
9.43054
9.49237
9.77985
9.77985
9.49237
9.43054
9.41498
9.39794
9.50794
9.52554
9.54197
9.59024
9.78944
9.78944
9.59024
9.54197
9.52554
9.50794
9.60158
9.61713
9.63112
9.66721
9.81693
9.81693
9.66721
9.63112
9.61713
9.60158
9.69295
9.70305
9.71286
9.73277
9.8398
9.8398
9.73277
9.71286
9.70305
9.69295
9.76314
9.76862
9.77441
9.78654
9.85845
9.85845
9.78654
9.77441
9.76862
9.76314
8.64671
8.81465
8.97999
9.1345
9.27457
9.39794
9.50794
9.60158
9.69295
9.76314
8.57649
8.7757
8.96504
9.13633
9.28667
9.41498
9.52554
9.61713
9.70305
9.76862
8.50156
8.73456
8.94862
9.13659
9.29735
9.43054
9.54197
9.63112
9.71286
9.77441
8.49085
8.77148
9.01238
9.2098
9.36825
9.49237
9.59024
9.66721
9.73277
9.78654
9.26409
9.51396
9.68939
9.77252
9.78431
9.77985
9.78944
9.81693
9.8398
9.85845
9.26409
9.51396
9.68939
9.77252
9.78431
9.77985
9.78944
9.81693
9.8398
9.85845
8.49085
8.77148
9.01238
9.2098
9.36825
9.49237
9.59024
9.66721
9.73277
9.78654
8.50156
8.73456
8.94862
9.13659
9.29735
9.43054
9.54197
9.63112
9.71286
9.77441
8.57649
8.7757
8.96504
9.13633
9.28667
9.41498
9.52554
9.61713
9.70305
9.76862
8.64671
8.81466
8.97999
9.1345
9.27457
9.39794
9.50794
9.60158
9.69295
9.76314
8.64671
8.81466
8.97999
9.1345
9.27457
9.39794
9.50794
9.60158
9.69295
9.76314
8.57649
8.7757
8.96504
9.13633
9.28667
9.41498
9.52554
9.61713
9.70305
9.76862
8.50156
8.73456
8.94862
9.13659
9.29735
9.43054
9.54197
9.63112
9.71286
9.77441
8.49085
8.77148
9.01238
9.2098
9.36825
9.49237
9.59024
9.66721
9.73277
9.78654
9.26409
9.51395
9.68939
9.77252
9.78431
9.77985
9.78944
9.81693
9.8398
9.85845
9.26409
9.51395
9.68939
9.77252
9.78431
9.77985
9.78944
9.81693
9.8398
9.85845
8.49085
8.77148
9.01238
9.2098
9.36825
9.49237
9.59024
9.66721
9.73277
9.78654
8.50156
8.73456
8.94862
9.13659
9.29735
9.43054
9.54197
9.63112
9.71286
9.77441
8.57649
8.7757
8.96504
9.13633
9.28667
9.41498
9.52554
9.61713
9.70305
9.76862
8.64671
8.81466
8.97999
9.1345
9.27457
9.39794
9.50794
9.60158
9.69295
9.76314
)
;
    }
    procBoundary1to0
    {
        type            processor;
        value           nonuniform List<scalar> 
100
(
8.48838
8.38098
8.26331
8.1846
8.96155
8.96155
8.1846
8.26332
8.38098
8.48838
8.38098
8.27753
8.16878
8.98913
14.7317
14.7317
8.98913
8.16878
8.27753
8.38098
8.26331
8.16878
8.72135
11.4968
11.7459
11.7459
11.4968
8.72135
8.16878
8.26332
8.1846
8.98913
11.4968
10.9074
9.94726
9.94727
10.9075
11.4968
8.98913
8.1846
8.96155
14.7317
11.7459
9.94726
9.07591
9.0759
9.94728
11.7459
14.7318
8.96155
8.96155
14.7317
11.7459
9.94727
9.0759
9.0759
9.94728
11.7459
14.7318
8.96155
8.1846
8.98913
11.4968
10.9075
9.94727
9.94728
10.9075
11.4968
8.98913
8.1846
8.26332
8.16878
8.72135
11.4968
11.7459
11.7459
11.4968
8.72135
8.16878
8.26332
8.38098
8.27753
8.16878
8.98913
14.7318
14.7318
8.98913
8.16878
8.27753
8.38098
8.48838
8.38098
8.26332
8.1846
8.96155
8.96155
8.1846
8.26332
8.38098
8.48838
)
;
    }
}


// ************************************************************************* //
