/*--------------------------------*- C++ -*----------------------------------*\
| =========                 |                                                 |
| \\      /  F ield         | OpenFOAM: The Open Source CFD Toolbox           |
|  \\    /   O peration     | Version:  2412                                  |
|   \\  /    A nd           | Website:  www.openfoam.com                      |
|    \\/     M anipulation  |                                                 |
\*---------------------------------------------------------------------------*/
FoamFile
{
    version     2.0;
    format      ascii;
    arch        "LSB;label=32;scalar=64";
    class       volScalarField;
    location    "0.06";
    object      p;
}
// * * * * * * * * * * * * * * * * * * * * * * * * * * * * * * * * * * * * * //

dimensions      [1 -1 -2 0 0 0 0];

internalField   nonuniform List<scalar> 
4000
(
10.3363
10.3363
10.3364
10.3365
10.3365
10.3365
10.3365
10.3364
10.3363
10.3363
10.3363
10.3364
10.3365
10.3365
10.3366
10.3366
10.3365
10.3365
10.3364
10.3363
10.3364
10.3365
10.3365
10.3366
10.3367
10.3367
10.3366
10.3365
10.3365
10.3364
10.3365
10.3365
10.3366
10.3367
10.3368
10.3368
10.3367
10.3366
10.3365
10.3365
10.3365
10.3366
10.3367
10.3368
10.3368
10.3368
10.3368
10.3367
10.3366
10.3365
10.3365
10.3366
10.3367
10.3368
10.3368
10.3368
10.3368
10.3367
10.3366
10.3365
10.3365
10.3365
10.3366
10.3367
10.3368
10.3368
10.3367
10.3366
10.3365
10.3365
10.3364
10.3365
10.3365
10.3366
10.3367
10.3367
10.3366
10.3365
10.3365
10.3364
10.3363
10.3364
10.3365
10.3365
10.3366
10.3366
10.3365
10.3365
10.3364
10.3363
10.3363
10.3363
10.3364
10.3365
10.3365
10.3365
10.3365
10.3364
10.3363
10.3363
10.091
10.0911
10.0911
10.0912
10.0913
10.0913
10.0912
10.0911
10.0911
10.091
10.0911
10.0911
10.0912
10.0913
10.0914
10.0914
10.0913
10.0912
10.0911
10.0911
10.0911
10.0912
10.0913
10.0914
10.0915
10.0915
10.0914
10.0913
10.0912
10.0911
10.0912
10.0913
10.0914
10.0915
10.0916
10.0916
10.0915
10.0914
10.0913
10.0912
10.0913
10.0914
10.0915
10.0916
10.0916
10.0916
10.0916
10.0915
10.0914
10.0913
10.0913
10.0914
10.0915
10.0916
10.0916
10.0916
10.0916
10.0915
10.0914
10.0913
10.0912
10.0913
10.0914
10.0915
10.0916
10.0916
10.0915
10.0914
10.0913
10.0912
10.0911
10.0912
10.0913
10.0914
10.0915
10.0915
10.0914
10.0913
10.0912
10.0911
10.0911
10.0911
10.0912
10.0913
10.0914
10.0914
10.0913
10.0912
10.0911
10.0911
10.091
10.0911
10.0911
10.0912
10.0913
10.0913
10.0912
10.0911
10.0911
10.091
9.84571
9.84577
9.84587
9.84597
9.84604
9.84604
9.84597
9.84587
9.84577
9.84571
9.84577
9.84583
9.84594
9.84604
9.84611
9.84611
9.84604
9.84594
9.84583
9.84577
9.84587
9.84594
9.84605
9.84616
9.84623
9.84623
9.84616
9.84605
9.84594
9.84587
9.84597
9.84604
9.84616
9.84627
9.84635
9.84635
9.84627
9.84616
9.84604
9.84597
9.84604
9.84611
9.84623
9.84635
9.84642
9.84642
9.84635
9.84623
9.84611
9.84604
9.84604
9.84611
9.84623
9.84635
9.84642
9.84642
9.84635
9.84623
9.84611
9.84604
9.84597
9.84604
9.84616
9.84627
9.84635
9.84635
9.84627
9.84616
9.84604
9.84597
9.84587
9.84594
9.84605
9.84616
9.84623
9.84623
9.84616
9.84605
9.84594
9.84587
9.84577
9.84583
9.84594
9.84604
9.84611
9.84611
9.84604
9.84594
9.84583
9.84577
9.84571
9.84577
9.84587
9.84597
9.84604
9.84604
9.84597
9.84587
9.84577
9.84571
9.60038
9.60046
9.60058
9.6007
9.60078
9.60078
9.60071
9.60058
9.60046
9.60038
9.60046
9.60053
9.60066
9.60079
9.60087
9.60087
9.60079
9.60066
9.60053
9.60046
9.60058
9.60066
9.6008
9.60093
9.60102
9.60102
9.60093
9.6008
9.60066
9.60058
9.6007
9.60079
9.60093
9.60107
9.60117
9.60117
9.60107
9.60093
9.60079
9.60071
9.60078
9.60087
9.60102
9.60117
9.60126
9.60126
9.60117
9.60102
9.60087
9.60079
9.60078
9.60087
9.60102
9.60117
9.60126
9.60126
9.60117
9.60102
9.60087
9.60079
9.60071
9.60079
9.60093
9.60107
9.60117
9.60117
9.60107
9.60093
9.60079
9.60071
9.60058
9.60066
9.6008
9.60093
9.60102
9.60102
9.60093
9.6008
9.60066
9.60058
9.60046
9.60053
9.60066
9.60079
9.60087
9.60087
9.60079
9.60066
9.60054
9.60046
9.60038
9.60046
9.60058
9.60071
9.60079
9.60079
9.60071
9.60058
9.60046
9.60038
9.35502
9.35512
9.35527
9.35543
9.35553
9.35553
9.35543
9.35527
9.35512
9.35502
9.35512
9.35521
9.35538
9.35554
9.35564
9.35564
9.35554
9.35538
9.35521
9.35512
9.35527
9.35538
9.35555
9.35572
9.35583
9.35583
9.35572
9.35555
9.35538
9.35527
9.35543
9.35554
9.35572
9.3559
9.35602
9.35602
9.3559
9.35572
9.35554
9.35543
9.35553
9.35564
9.35583
9.35602
9.35614
9.35614
9.35602
9.35583
9.35564
9.35553
9.35553
9.35564
9.35583
9.35602
9.35614
9.35614
9.35602
9.35583
9.35564
9.35553
9.35543
9.35554
9.35572
9.3559
9.35602
9.35602
9.3559
9.35572
9.35554
9.35543
9.35527
9.35538
9.35555
9.35572
9.35583
9.35583
9.35572
9.35555
9.35538
9.35528
9.35512
9.35521
9.35538
9.35554
9.35564
9.35564
9.35554
9.35538
9.35521
9.35512
9.35502
9.35512
9.35527
9.35543
9.35553
9.35553
9.35543
9.35528
9.35512
9.35503
9.10962
9.10974
9.10994
9.11014
9.11027
9.11027
9.11014
9.10994
9.10974
9.10962
9.10974
9.10987
9.11007
9.11028
9.11041
9.11042
9.11028
9.11008
9.10987
9.10974
9.10994
9.11007
9.1103
9.11052
9.11067
9.11067
9.11052
9.1103
9.11008
9.10994
9.11014
9.11028
9.11052
9.11075
9.11091
9.11091
9.11075
9.11052
9.11028
9.11014
9.11027
9.11041
9.11067
9.11091
9.11108
9.11108
9.11091
9.11067
9.11042
9.11027
9.11027
9.11042
9.11067
9.11091
9.11108
9.11108
9.11091
9.11067
9.11042
9.11027
9.11014
9.11028
9.11052
9.11075
9.11091
9.11091
9.11075
9.11052
9.11028
9.11014
9.10994
9.11007
9.1103
9.11052
9.11067
9.11067
9.11052
9.1103
9.11008
9.10994
9.10974
9.10987
9.11008
9.11028
9.11042
9.11042
9.11028
9.11008
9.10987
9.10974
9.10962
9.10974
9.10994
9.11014
9.11027
9.11027
9.11014
9.10994
9.10974
9.10962
8.86417
8.86432
8.86458
8.86483
8.86501
8.86501
8.86484
8.86458
8.86432
8.86417
8.86432
8.86448
8.86475
8.86502
8.8652
8.8652
8.86502
8.86475
8.86448
8.86432
8.86458
8.86475
8.86505
8.86534
8.86553
8.86553
8.86534
8.86505
8.86475
8.86458
8.86483
8.86502
8.86534
8.86564
8.86586
8.86586
8.86564
8.86534
8.86502
8.86484
8.86501
8.8652
8.86553
8.86586
8.86608
8.86608
8.86586
8.86553
8.8652
8.86501
8.86501
8.8652
8.86553
8.86586
8.86608
8.86608
8.86586
8.86553
8.8652
8.86501
8.86483
8.86502
8.86534
8.86564
8.86586
8.86586
8.86564
8.86534
8.86502
8.86484
8.86458
8.86475
8.86505
8.86534
8.86553
8.86553
8.86534
8.86505
8.86475
8.86458
8.86432
8.86448
8.86475
8.86502
8.8652
8.8652
8.86502
8.86475
8.86448
8.86432
8.86417
8.86432
8.86458
8.86484
8.86501
8.86501
8.86484
8.86458
8.86432
8.86417
8.61864
8.61884
8.61918
8.61951
8.61973
8.61973
8.61951
8.61918
8.61884
8.61865
8.61884
8.61905
8.61941
8.61975
8.61999
8.61999
8.61975
8.61941
8.61905
8.61884
8.61918
8.61941
8.6198
8.62018
8.62044
8.62044
8.62018
8.6198
8.61941
8.61918
8.61951
8.61975
8.62018
8.62058
8.62088
8.62088
8.62059
8.62018
8.61975
8.61951
8.61973
8.61999
8.62044
8.62088
8.62119
8.62119
8.62088
8.62044
8.61999
8.61973
8.61973
8.61999
8.62044
8.62088
8.62119
8.62119
8.62088
8.62044
8.61999
8.61973
8.61951
8.61975
8.62018
8.62059
8.62088
8.62088
8.62059
8.62018
8.61975
8.61951
8.61918
8.61941
8.6198
8.62018
8.62044
8.62044
8.62018
8.6198
8.61941
8.61918
8.61884
8.61905
8.61941
8.61975
8.61999
8.61999
8.61975
8.61941
8.61905
8.61884
8.61865
8.61884
8.61918
8.61951
8.61973
8.61973
8.61951
8.61918
8.61884
8.61865
8.37303
8.37328
8.37373
8.37415
8.37445
8.37445
8.37416
8.37373
8.37329
8.37303
8.37328
8.37355
8.37402
8.37448
8.37479
8.37479
8.37448
8.37402
8.37355
8.37329
8.37373
8.37402
8.37455
8.37505
8.37541
8.37541
8.37505
8.37455
8.37402
8.37373
8.37415
8.37448
8.37505
8.37559
8.37599
8.37599
8.37559
8.37505
8.37448
8.37416
8.37445
8.37479
8.37541
8.37599
8.37642
8.37642
8.37599
8.37541
8.37479
8.37445
8.37445
8.37479
8.37541
8.37599
8.37642
8.37642
8.37599
8.37541
8.37479
8.37445
8.37416
8.37448
8.37505
8.37559
8.37599
8.37599
8.37559
8.37505
8.37448
8.37416
8.37373
8.37402
8.37455
8.37505
8.37541
8.37541
8.37505
8.37455
8.37402
8.37373
8.37329
8.37355
8.37402
8.37448
8.37479
8.37479
8.37448
8.37402
8.37355
8.37329
8.37303
8.37329
8.37373
8.37416
8.37445
8.37445
8.37416
8.37373
8.37329
8.37303
8.1273
8.12763
8.1282
8.12876
8.12915
8.12915
8.12876
8.12821
8.12763
8.1273
8.12763
8.12798
8.12859
8.12919
8.12961
8.12961
8.12919
8.12859
8.12798
8.12763
8.1282
8.12859
8.12929
8.12995
8.13044
8.13044
8.12995
8.12929
8.12859
8.12821
8.12876
8.12919
8.12995
8.13069
8.13124
8.13124
8.13069
8.12996
8.12919
8.12876
8.12915
8.12961
8.13044
8.13124
8.13184
8.13184
8.13124
8.13044
8.12961
8.12916
8.12915
8.12961
8.13044
8.13124
8.13184
8.13184
8.13124
8.13044
8.12961
8.12916
8.12876
8.12919
8.12995
8.13069
8.13124
8.13124
8.13069
8.12996
8.12919
8.12876
8.12821
8.12859
8.12929
8.12996
8.13044
8.13044
8.12996
8.12929
8.1286
8.12821
8.12763
8.12798
8.12859
8.12919
8.12961
8.12961
8.12919
8.1286
8.12798
8.12763
8.1273
8.12763
8.12821
8.12876
8.12916
8.12916
8.12876
8.12821
8.12763
8.1273
7.88141
7.88184
7.88259
7.88331
7.88383
7.88383
7.88331
7.88259
7.88184
7.88141
7.88184
7.88229
7.8831
7.88388
7.88445
7.88445
7.88388
7.8831
7.88229
7.88184
7.88259
7.8831
7.88403
7.88491
7.88558
7.88558
7.88491
7.88403
7.8831
7.88259
7.88331
7.88388
7.88491
7.88589
7.88665
7.88665
7.88589
7.88491
7.88388
7.88331
7.88383
7.88445
7.88558
7.88665
7.88751
7.88751
7.88665
7.88558
7.88445
7.88384
7.88383
7.88445
7.88558
7.88665
7.88751
7.88751
7.88665
7.88558
7.88445
7.88384
7.88331
7.88388
7.88491
7.88589
7.88665
7.88665
7.88589
7.88491
7.88388
7.88331
7.88259
7.8831
7.88403
7.88491
7.88558
7.88558
7.88491
7.88403
7.8831
7.88259
7.88184
7.88229
7.8831
7.88388
7.88445
7.88445
7.88388
7.8831
7.88229
7.88184
7.88141
7.88184
7.88259
7.88331
7.88384
7.88384
7.88331
7.88259
7.88184
7.88141
7.63533
7.63587
7.63685
7.63779
7.63848
7.63848
7.63779
7.63685
7.63587
7.63533
7.63587
7.63646
7.63752
7.63854
7.6393
7.6393
7.63854
7.63753
7.63646
7.63587
7.63685
7.63752
7.63876
7.63993
7.64085
7.64085
7.63993
7.63876
7.63753
7.63685
7.63779
7.63854
7.63993
7.64125
7.64231
7.64231
7.64125
7.63993
7.63854
7.63779
7.63848
7.6393
7.64085
7.64231
7.64352
7.64352
7.64231
7.64085
7.6393
7.63848
7.63848
7.6393
7.64085
7.64231
7.64352
7.64352
7.64231
7.64085
7.6393
7.63848
7.63779
7.63854
7.63993
7.64125
7.64231
7.64231
7.64125
7.63993
7.63854
7.63779
7.63685
7.63753
7.63876
7.63993
7.64085
7.64085
7.63993
7.63876
7.63753
7.63685
7.63587
7.63646
7.63753
7.63854
7.6393
7.6393
7.63854
7.63753
7.63646
7.63587
7.63533
7.63587
7.63685
7.63779
7.63848
7.63848
7.63779
7.63685
7.63587
7.63533
7.38899
7.38968
7.39095
7.39216
7.39307
7.39307
7.39216
7.39095
7.38969
7.38899
7.38968
7.39044
7.39183
7.39315
7.39417
7.39417
7.39315
7.39183
7.39044
7.38969
7.39095
7.39183
7.39348
7.39503
7.39629
7.39629
7.39503
7.39348
7.39183
7.39095
7.39216
7.39315
7.39503
7.3968
7.39828
7.39828
7.3968
7.39503
7.39315
7.39216
7.39307
7.39417
7.39629
7.39828
7.40002
7.40002
7.39828
7.39629
7.39417
7.39308
7.39308
7.39417
7.39629
7.39828
7.40002
7.40002
7.39828
7.39629
7.39417
7.39308
7.39216
7.39315
7.39503
7.3968
7.39828
7.39828
7.3968
7.39503
7.39315
7.39216
7.39095
7.39183
7.39348
7.39503
7.39629
7.39629
7.39503
7.39348
7.39183
7.39095
7.38969
7.39044
7.39183
7.39315
7.39417
7.39417
7.39315
7.39183
7.39044
7.38969
7.38899
7.38969
7.39095
7.39216
7.39308
7.39308
7.39216
7.39096
7.38969
7.38899
7.14231
7.1432
7.14484
7.14639
7.1476
7.1476
7.14639
7.14484
7.1432
7.14232
7.1432
7.14418
7.14598
7.14769
7.14907
7.14907
7.1477
7.14599
7.14418
7.14321
7.14484
7.14598
7.14817
7.15022
7.15196
7.15196
7.15022
7.14817
7.14599
7.14484
7.14639
7.14769
7.15022
7.15261
7.15469
7.15469
7.15261
7.15022
7.1477
7.14639
7.1476
7.14907
7.15196
7.15469
7.15719
7.15719
7.15469
7.15196
7.14907
7.1476
7.1476
7.14907
7.15196
7.15469
7.15719
7.15719
7.15469
7.15196
7.14907
7.1476
7.14639
7.1477
7.15022
7.15261
7.15469
7.15469
7.15261
7.15022
7.1477
7.14639
7.14484
7.14599
7.14817
7.15022
7.15196
7.15196
7.15022
7.14817
7.14599
7.14484
7.14321
7.14418
7.14599
7.1477
7.14907
7.14907
7.1477
7.14599
7.14418
7.14321
7.14232
7.14321
7.14484
7.14639
7.1476
7.1476
7.14639
7.14484
7.14321
7.14232
6.89522
6.89635
6.89844
6.90042
6.90201
6.90201
6.90042
6.89844
6.89635
6.89522
6.89635
6.89759
6.89993
6.90214
6.90398
6.90398
6.90214
6.89993
6.89759
6.89635
6.89844
6.89993
6.90281
6.90553
6.90794
6.90794
6.90553
6.90281
6.89993
6.89844
6.90042
6.90214
6.90553
6.90874
6.91169
6.91169
6.90874
6.90553
6.90214
6.90042
6.90201
6.90398
6.90794
6.91169
6.91534
6.91534
6.91169
6.90794
6.90398
6.90201
6.90201
6.90398
6.90794
6.91169
6.91534
6.91534
6.91169
6.90794
6.90398
6.90201
6.90042
6.90214
6.90553
6.90874
6.91169
6.91169
6.90874
6.90554
6.90214
6.90042
6.89844
6.89993
6.90281
6.90553
6.90794
6.90794
6.90554
6.90281
6.89993
6.89844
6.89635
6.89759
6.89993
6.90214
6.90398
6.90398
6.90214
6.89993
6.89759
6.89635
6.89522
6.89635
6.89844
6.90042
6.90201
6.90201
6.90042
6.89844
6.89635
6.89522
6.64759
6.649
6.65166
6.65417
6.65626
6.65626
6.65417
6.65166
6.649
6.64759
6.649
6.65057
6.65359
6.65643
6.65889
6.65889
6.65643
6.65359
6.65057
6.649
6.65166
6.65359
6.65739
6.66098
6.66431
6.66431
6.66098
6.65739
6.65359
6.65166
6.65417
6.65643
6.66098
6.66529
6.66948
6.66948
6.66529
6.66098
6.65643
6.65417
6.65626
6.65889
6.66431
6.66948
6.67485
6.67485
6.66948
6.66431
6.65889
6.65627
6.65627
6.65889
6.66431
6.66948
6.67485
6.67485
6.66948
6.66431
6.65889
6.65627
6.65417
6.65643
6.66098
6.66529
6.66948
6.66948
6.66529
6.66098
6.65643
6.65417
6.65166
6.65359
6.65739
6.66098
6.66431
6.66431
6.66098
6.65739
6.65359
6.65166
6.649
6.65057
6.65359
6.65643
6.65889
6.65889
6.65643
6.65359
6.65057
6.649
6.64759
6.649
6.65166
6.65417
6.65627
6.65627
6.65417
6.65166
6.649
6.64759
6.39928
6.40103
6.40438
6.40755
6.41029
6.41029
6.40755
6.40438
6.40103
6.39928
6.40103
6.40301
6.40686
6.4105
6.41379
6.41379
6.4105
6.40686
6.40301
6.40103
6.40438
6.40686
6.41184
6.41657
6.4212
6.4212
6.41657
6.41184
6.40686
6.40438
6.40755
6.4105
6.41657
6.42236
6.42836
6.42836
6.42236
6.41657
6.4105
6.40756
6.41029
6.41379
6.4212
6.42836
6.43635
6.43635
6.42836
6.4212
6.41379
6.41029
6.41029
6.41379
6.4212
6.42836
6.43635
6.43635
6.42836
6.4212
6.41379
6.41029
6.40756
6.4105
6.41657
6.42236
6.42836
6.42836
6.42236
6.41657
6.4105
6.40756
6.40438
6.40686
6.41184
6.41657
6.4212
6.4212
6.41657
6.41184
6.40686
6.40438
6.40103
6.40301
6.40686
6.4105
6.41379
6.41379
6.4105
6.40686
6.40301
6.40103
6.39928
6.40103
6.40438
6.40756
6.41029
6.41029
6.40756
6.40438
6.40103
6.39928
6.15011
6.15228
6.15645
6.16042
6.16397
6.16397
6.16042
6.15645
6.15228
6.15012
6.15228
6.15474
6.15962
6.16425
6.16863
6.16863
6.16425
6.15962
6.15474
6.15228
6.15645
6.15962
6.16609
6.1723
6.17873
6.17873
6.1723
6.16609
6.15962
6.15645
6.16042
6.16425
6.1723
6.18007
6.1887
6.1887
6.18008
6.1723
6.16425
6.16042
6.16397
6.16863
6.17873
6.1887
6.20072
6.20072
6.1887
6.17873
6.16863
6.16398
6.16397
6.16863
6.17873
6.1887
6.20072
6.20072
6.1887
6.17873
6.16863
6.16398
6.16042
6.16425
6.1723
6.18008
6.1887
6.1887
6.18008
6.1723
6.16425
6.16042
6.15645
6.15962
6.1661
6.1723
6.17873
6.17873
6.1723
6.1661
6.15962
6.15646
6.15228
6.15474
6.15962
6.16425
6.16863
6.16863
6.16425
6.15962
6.15475
6.15228
6.15012
6.15228
6.15645
6.16042
6.16398
6.16398
6.16042
6.15646
6.15228
6.15012
5.89989
5.90253
5.90767
5.91259
5.91717
5.91717
5.91259
5.90767
5.90253
5.89989
5.90253
5.90557
5.91168
5.91753
5.92334
5.92334
5.91753
5.91168
5.90557
5.90253
5.90767
5.91168
5.92002
5.92814
5.93706
5.93706
5.92814
5.92002
5.91168
5.90767
5.91259
5.91753
5.92814
5.93856
5.951
5.951
5.93856
5.92814
5.91753
5.91259
5.91717
5.92335
5.93706
5.951
5.9693
5.9693
5.951
5.93706
5.92335
5.91717
5.91717
5.92335
5.93706
5.951
5.9693
5.9693
5.951
5.93706
5.92335
5.91717
5.91259
5.91753
5.92814
5.93856
5.951
5.951
5.93856
5.92814
5.91753
5.91259
5.90767
5.91168
5.92002
5.92814
5.93706
5.93706
5.92814
5.92002
5.91168
5.90767
5.90253
5.90557
5.91168
5.91753
5.92335
5.92335
5.91753
5.91168
5.90558
5.90253
5.8999
5.90253
5.90767
5.91259
5.91717
5.91717
5.91259
5.90767
5.90253
5.8999
5.64837
5.65154
5.65778
5.66382
5.66965
5.66965
5.66382
5.65778
5.65154
5.64838
5.65154
5.65526
5.6628
5.67013
5.67781
5.67781
5.67013
5.66281
5.65526
5.65154
5.65778
5.6628
5.67342
5.68398
5.69633
5.69633
5.68398
5.67342
5.66281
5.65779
5.66382
5.67013
5.68398
5.69792
5.71594
5.71594
5.69792
5.68398
5.67013
5.66382
5.66965
5.67781
5.69633
5.71594
5.74412
5.74412
5.71594
5.69633
5.67781
5.66965
5.66965
5.67781
5.69633
5.71594
5.74412
5.74412
5.71594
5.69633
5.67781
5.66965
5.66382
5.67013
5.68398
5.69792
5.71594
5.71594
5.69792
5.68399
5.67014
5.66382
5.65778
5.66281
5.67342
5.68398
5.69633
5.69633
5.68399
5.67342
5.66281
5.65779
5.65154
5.65526
5.66281
5.67013
5.67781
5.67781
5.67014
5.66281
5.65526
5.65154
5.64838
5.65154
5.65779
5.66382
5.66965
5.66965
5.66382
5.65779
5.65154
5.64838
5.39528
5.39904
5.40647
5.41378
5.42111
5.42111
5.41378
5.40647
5.39904
5.39529
5.39904
5.40351
5.41269
5.42177
5.43182
5.43182
5.42177
5.41269
5.40352
5.39904
5.40647
5.41269
5.42598
5.43962
5.4566
5.4566
5.43962
5.42598
5.41269
5.40647
5.41378
5.42177
5.43962
5.45818
5.48435
5.48435
5.45818
5.43962
5.42177
5.41378
5.42111
5.43182
5.4566
5.48435
5.52821
5.52821
5.48435
5.4566
5.43182
5.42111
5.42111
5.43182
5.4566
5.48435
5.52821
5.52821
5.48435
5.4566
5.43182
5.42111
5.41378
5.42177
5.43962
5.45818
5.48435
5.48435
5.45818
5.43962
5.42177
5.41378
5.40647
5.41269
5.42598
5.43962
5.4566
5.4566
5.43962
5.42598
5.41269
5.40648
5.39904
5.40352
5.41269
5.42177
5.43182
5.43182
5.42177
5.41269
5.40352
5.39904
5.39529
5.39904
5.40647
5.41378
5.42111
5.42111
5.41378
5.40648
5.39904
5.39529
5.14032
5.1447
5.15336
5.16207
5.17111
5.17111
5.16207
5.15336
5.1447
5.14032
5.1447
5.15
5.16095
5.17204
5.18507
5.18507
5.17204
5.16095
5.15
5.1447
5.15336
5.16095
5.17723
5.19469
5.21777
5.21777
5.19469
5.17723
5.16095
5.15336
5.16207
5.17204
5.19469
5.21922
5.25723
5.25723
5.21923
5.19469
5.17205
5.16207
5.17111
5.18507
5.21777
5.25723
5.32628
5.32628
5.25723
5.21777
5.18507
5.17112
5.17111
5.18507
5.21777
5.25723
5.32628
5.32628
5.25723
5.21777
5.18507
5.17112
5.16207
5.17204
5.19469
5.21923
5.25723
5.25723
5.21923
5.19469
5.17205
5.16208
5.15336
5.16095
5.17723
5.19469
5.21777
5.21777
5.19469
5.17723
5.16096
5.15336
5.1447
5.15
5.16095
5.17205
5.18507
5.18507
5.17205
5.16096
5.15
5.1447
5.14032
5.1447
5.15336
5.16207
5.17112
5.17112
5.16208
5.15336
5.1447
5.14032
4.88316
4.88817
4.89798
4.90818
4.91904
4.91904
4.90818
4.89798
4.88817
4.88316
4.88817
4.89434
4.90709
4.92042
4.93703
4.93703
4.92042
4.90709
4.89434
4.88817
4.89798
4.90709
4.92641
4.94854
4.97929
4.97928
4.94854
4.92641
4.90709
4.89798
4.90818
4.92042
4.94854
4.98063
5.03564
5.03564
4.98063
4.94854
4.92042
4.90819
4.91904
4.93703
4.97929
5.03564
5.14533
5.14533
5.03565
4.97929
4.93703
4.91904
4.91904
4.93703
4.97929
5.03564
5.14533
5.14532
5.03565
4.97929
4.93703
4.91904
4.90818
4.92042
4.94854
4.98063
5.03565
5.03565
4.98063
4.94854
4.92042
4.90819
4.89798
4.90709
4.92641
4.94854
4.97929
4.97929
4.94854
4.92642
4.90709
4.89798
4.88817
4.89434
4.90709
4.92042
4.93703
4.93703
4.92042
4.90709
4.89434
4.88817
4.88316
4.88817
4.89798
4.90819
4.91904
4.91904
4.90819
4.89798
4.88817
4.88316
4.62349
4.62911
4.63984
4.65154
4.66413
4.66413
4.65154
4.63984
4.62911
4.6235
4.62911
4.63613
4.65054
4.6662
4.68696
4.68696
4.66621
4.65054
4.63613
4.62911
4.63984
4.65054
4.67256
4.70001
4.73979
4.73979
4.70001
4.67256
4.65054
4.63984
4.65154
4.66621
4.70001
4.74117
4.82011
4.82011
4.74117
4.70001
4.66621
4.65154
4.66413
4.68696
4.73979
4.82011
4.99585
4.99584
4.82011
4.7398
4.68696
4.66413
4.66413
4.68696
4.73979
4.82011
4.99584
4.99584
4.82011
4.7398
4.68696
4.66413
4.65154
4.66621
4.70001
4.74117
4.82011
4.82011
4.74118
4.70001
4.66621
4.65154
4.63984
4.65054
4.67256
4.70001
4.7398
4.7398
4.70001
4.67256
4.65054
4.63984
4.62911
4.63613
4.65054
4.66621
4.68696
4.68696
4.66621
4.65054
4.63613
4.62911
4.6235
4.62911
4.63984
4.65154
4.66413
4.66413
4.65154
4.63984
4.62911
4.6235
4.36103
4.36717
4.37838
4.39146
4.40528
4.40528
4.39146
4.37838
4.36717
4.36103
4.36717
4.37496
4.39063
4.40857
4.43374
4.43374
4.40857
4.39063
4.37496
4.36717
4.37838
4.39063
4.41415
4.44756
4.49623
4.49623
4.44756
4.41415
4.39063
4.37838
4.39146
4.40857
4.44756
4.49944
4.61102
4.61101
4.49944
4.44756
4.40857
4.39146
4.40528
4.43374
4.49623
4.61102
4.89214
4.89214
4.61102
4.49623
4.43374
4.40528
4.40528
4.43374
4.49623
4.61101
4.89214
4.89213
4.61102
4.49623
4.43374
4.40528
4.39146
4.40857
4.44756
4.49944
4.61102
4.61102
4.49944
4.44757
4.40857
4.39146
4.37838
4.39063
4.41415
4.44756
4.49623
4.49623
4.44757
4.41415
4.39063
4.37838
4.36717
4.37496
4.39063
4.40857
4.43374
4.43374
4.40857
4.39064
4.37496
4.36717
4.36103
4.36717
4.37838
4.39146
4.40528
4.40528
4.39146
4.37838
4.36717
4.36103
4.09555
4.10211
4.11319
4.12737
4.14137
4.14137
4.12737
4.11319
4.10212
4.09555
4.10211
4.1105
4.12679
4.14645
4.17562
4.17562
4.14645
4.12679
4.1105
4.10212
4.11319
4.12679
4.14951
4.18841
4.24221
4.2422
4.18842
4.14951
4.12679
4.11319
4.12737
4.14645
4.18841
4.24967
4.39934
4.39933
4.24967
4.18842
4.14645
4.12737
4.14137
4.17562
4.24221
4.39934
4.85562
4.85562
4.39934
4.24221
4.17562
4.14137
4.14137
4.17562
4.2422
4.39933
4.85562
4.85561
4.39934
4.24221
4.17562
4.14137
4.12737
4.14645
4.18842
4.24967
4.39934
4.39934
4.24967
4.18842
4.14645
4.12737
4.11319
4.12679
4.14951
4.18842
4.24221
4.24221
4.18842
4.14951
4.12679
4.11319
4.10212
4.1105
4.12679
4.14645
4.17562
4.17562
4.14645
4.12679
4.1105
4.10212
4.09556
4.10212
4.11319
4.12737
4.14137
4.14137
4.12737
4.11319
4.10212
4.09556
3.82693
3.83376
3.84384
3.85877
3.87105
3.87105
3.85877
3.84384
3.83376
3.82693
3.83376
3.84251
3.85855
3.87925
3.91125
3.91125
3.87925
3.85855
3.84251
3.83376
3.84384
3.85855
3.87638
3.92029
3.96375
3.96375
3.92029
3.87638
3.85855
3.84384
3.85877
3.87925
3.92029
3.98611
4.15971
4.15971
3.98611
3.92029
3.87925
3.85877
3.87105
3.91124
3.96375
4.15971
4.76139
4.76139
4.15972
3.96375
3.91125
3.87105
3.87105
3.91124
3.96375
4.15971
4.76139
4.76139
4.15972
3.96375
3.91125
3.87105
3.85877
3.87925
3.92029
3.98611
4.15972
4.15972
3.98611
3.92029
3.87926
3.85877
3.84384
3.85855
3.87638
3.92029
3.96376
3.96375
3.92029
3.87638
3.85855
3.84384
3.83376
3.84251
3.85855
3.87926
3.91125
3.91125
3.87926
3.85855
3.84251
3.83376
3.82693
3.83376
3.84384
3.85877
3.87105
3.87105
3.85877
3.84384
3.83376
3.82693
3.55525
3.56217
3.57055
3.58563
3.59378
3.59378
3.58563
3.57055
3.56218
3.55525
3.56217
3.57094
3.58577
3.60579
3.63674
3.63674
3.60579
3.58577
3.57094
3.56218
3.57055
3.58576
3.59391
3.63952
3.63981
3.63981
3.63952
3.59391
3.58577
3.57055
3.58563
3.60579
3.63952
3.69521
3.85685
3.85685
3.69521
3.63952
3.60579
3.58563
3.59378
3.63673
3.63981
3.85685
4.19967
4.19966
3.85688
3.63982
3.63674
3.59378
3.59378
3.63673
3.63981
3.85685
4.19966
4.19965
3.85688
3.63982
3.63674
3.59378
3.58563
3.60579
3.63952
3.69521
3.85688
3.85688
3.69522
3.63952
3.6058
3.58563
3.57055
3.58577
3.59391
3.63952
3.63982
3.63982
3.63952
3.59392
3.58577
3.57055
3.56218
3.57095
3.58577
3.6058
3.63674
3.63674
3.6058
3.58577
3.57095
3.56218
3.55525
3.56218
3.57055
3.58563
3.59378
3.59378
3.58563
3.57055
3.56218
3.55525
3.28058
3.28749
3.29355
3.30862
3.3106
3.3106
3.30862
3.29355
3.28749
3.28058
3.28749
3.2961
3.30924
3.3278
3.35316
3.35316
3.3278
3.30924
3.2961
3.28749
3.29355
3.30924
3.30324
3.34752
3.2665
3.2665
3.34752
3.30325
3.30924
3.29355
3.30862
3.3278
3.34752
3.37645
3.35734
3.35734
3.37645
3.34752
3.3278
3.30862
3.3106
3.35316
3.2665
3.35734
2.79918
2.79915
3.35733
3.2665
3.35316
3.3106
3.3106
3.35316
3.2665
3.35734
2.79915
2.79911
3.35733
3.2665
3.35316
3.3106
3.30862
3.3278
3.34752
3.37645
3.35733
3.35733
3.37645
3.34752
3.3278
3.30862
3.29355
3.30924
3.30325
3.34752
3.2665
3.2665
3.34752
3.30325
3.30924
3.29355
3.2875
3.29611
3.30924
3.3278
3.35316
3.35316
3.3278
3.30924
3.29611
3.2875
3.28059
3.2875
3.29355
3.30862
3.31061
3.31061
3.30862
3.29355
3.2875
3.28059
3.00341
3.01009
3.01455
3.02901
3.02731
3.02731
3.02901
3.01455
3.01009
3.00341
3.01009
3.01826
3.02985
3.04787
3.06617
3.06617
3.04787
3.02985
3.01827
3.01009
3.01455
3.02985
3.01626
3.0558
2.94117
2.94117
3.0558
3.01626
3.02985
3.01455
3.02901
3.04787
3.0558
3.11973
3.00934
3.00934
3.11973
3.0558
3.04787
3.02901
3.02731
3.06617
2.94117
3.00934
1.97742
1.97748
3.0093
2.94115
3.06617
3.02731
3.02731
3.06617
2.94117
3.00934
1.97748
1.97753
3.00931
2.94116
3.06617
3.02731
3.02901
3.04787
3.0558
3.11973
3.0093
3.00931
3.11972
3.0558
3.04787
3.02901
3.01455
3.02985
3.01626
3.0558
2.94115
2.94116
3.0558
3.01626
3.02985
3.01455
3.01009
3.01827
3.02985
3.04787
3.06617
3.06617
3.04787
3.02985
3.01827
3.01009
3.00341
3.01009
3.01455
3.02901
3.02731
3.02732
3.02901
3.01455
3.01009
3.00341
2.72381
2.73017
2.73403
2.7481
2.75
2.75
2.7481
2.73403
2.73017
2.72381
2.73017
2.73796
2.74948
2.76855
2.79515
2.79515
2.76855
2.74948
2.73796
2.73017
2.73403
2.74948
2.74278
2.78726
2.73399
2.73399
2.78726
2.74278
2.74948
2.73403
2.7481
2.76855
2.78726
2.89592
3.05946
3.05947
2.89592
2.78726
2.76855
2.7481
2.75
2.79515
2.73398
3.05946
2.26652
2.26653
3.05945
2.73398
2.79515
2.75
2.75
2.79515
2.73399
3.05947
2.26653
2.26655
3.05945
2.73399
2.79515
2.75
2.7481
2.76855
2.78726
2.89592
3.05945
3.05945
2.89592
2.78726
2.76855
2.7481
2.73403
2.74948
2.74278
2.78726
2.73398
2.73399
2.78726
2.74278
2.74948
2.73403
2.73017
2.73796
2.74948
2.76855
2.79515
2.79515
2.76855
2.74948
2.73796
2.73017
2.72381
2.73017
2.73403
2.7481
2.75
2.75
2.7481
2.73404
2.73017
2.72381
2.44228
2.44792
2.45221
2.46472
2.47122
2.47122
2.46472
2.45221
2.44792
2.44228
2.44792
2.45484
2.46604
2.4852
2.51936
2.51936
2.4852
2.46604
2.45484
2.44792
2.45221
2.46604
2.46826
2.5155
2.54941
2.54941
2.5155
2.46826
2.46604
2.45221
2.46471
2.4852
2.5155
2.66737
2.93091
2.93091
2.66737
2.5155
2.4852
2.46471
2.47122
2.51936
2.5494
2.93091
1.54085
1.54085
2.9309
2.54941
2.51936
2.47122
2.47122
2.51936
2.54941
2.93091
1.54085
1.54085
2.9309
2.54941
2.51936
2.47122
2.46471
2.4852
2.5155
2.66737
2.9309
2.9309
2.66737
2.5155
2.4852
2.46472
2.45221
2.46604
2.46826
2.5155
2.54941
2.54941
2.5155
2.46826
2.46604
2.45221
2.44792
2.45484
2.46604
2.4852
2.51936
2.51936
2.4852
2.46604
2.45484
2.44792
2.44228
2.44792
2.45221
2.46472
2.47122
2.47122
2.46472
2.45221
2.44792
2.44228
2.15857
2.16321
2.16747
2.17672
2.18756
2.18756
2.17672
2.16747
2.16321
2.15857
2.16321
2.16839
2.17784
2.18694
2.20557
2.20557
2.18694
2.17784
2.16839
2.16321
2.16747
2.17784
2.1922
2.20953
2.34582
2.34582
2.20953
2.1922
2.17784
2.16747
2.17672
2.18694
2.20953
2.28098
2.17092
2.17092
2.28098
2.20953
2.18694
2.17672
2.18756
2.20557
2.34582
2.17092
1.89563
1.89562
2.17091
2.34583
2.20557
2.18756
2.18756
2.20557
2.34582
2.17092
1.89563
1.89563
2.17092
2.34583
2.20557
2.18756
2.17672
2.18694
2.20953
2.28098
2.17092
2.17092
2.28098
2.20953
2.18694
2.17672
2.16747
2.17784
2.1922
2.20953
2.34583
2.34583
2.20953
2.1922
2.17784
2.16747
2.16321
2.16839
2.17784
2.18694
2.20557
2.20557
2.18694
2.17784
2.16839
2.16321
2.15857
2.16321
2.16747
2.17672
2.18756
2.18756
2.17672
2.16747
2.16321
2.15857
1.87333
1.87675
1.87965
1.88578
1.88774
1.88774
1.88578
1.87965
1.87675
1.87333
1.87675
1.88014
1.88688
1.88591
1.9176
1.9176
1.88591
1.88688
1.88014
1.87675
1.87965
1.88688
1.8829
1.91026
1.84418
1.84418
1.91026
1.8829
1.88688
1.87965
1.88578
1.88591
1.91026
1.74951
2.50501
2.50501
1.74951
1.91026
1.88591
1.88578
1.88774
1.9176
1.84418
2.50501
7.36505
7.36506
2.50501
1.84417
1.9176
1.88774
1.88774
1.9176
1.84418
2.50501
7.36506
7.36504
2.50501
1.84417
1.9176
1.88774
1.88578
1.88591
1.91026
1.74951
2.50501
2.50501
1.74951
1.91026
1.88591
1.88578
1.87965
1.88688
1.8829
1.91026
1.84417
1.84417
1.91026
1.8829
1.88688
1.87965
1.87675
1.88014
1.88688
1.88591
1.9176
1.9176
1.88591
1.88688
1.88014
1.87675
1.87333
1.87675
1.87965
1.88578
1.88774
1.88774
1.88578
1.87965
1.87675
1.87333
1.58654
1.58887
1.5904
1.59287
1.5919
1.5919
1.59287
1.5904
1.58887
1.58654
1.58887
1.59113
1.59223
1.58955
1.58383
1.58383
1.58955
1.59223
1.59113
1.58887
1.59039
1.59222
1.587
1.57144
1.4772
1.4772
1.57144
1.587
1.59222
1.5904
1.59287
1.58955
1.57144
1.41282
1.34248
1.34248
1.41282
1.57144
1.58955
1.59287
1.59189
1.58383
1.4772
1.34248
3.01896
3.01896
1.34248
1.4772
1.58383
1.59189
1.59189
1.58383
1.4772
1.34248
3.01896
3.01896
1.34248
1.4772
1.58383
1.59189
1.59287
1.58955
1.57144
1.41282
1.34248
1.34248
1.41282
1.57144
1.58955
1.59287
1.5904
1.59223
1.587
1.57144
1.4772
1.4772
1.57144
1.587
1.59223
1.5904
1.58887
1.59113
1.59223
1.58955
1.58383
1.58383
1.58955
1.59223
1.59113
1.58887
1.58654
1.58887
1.5904
1.59287
1.5919
1.5919
1.59287
1.5904
1.58887
1.58654
1.29941
1.3011
1.30275
1.30453
1.30516
1.30516
1.30453
1.30276
1.3011
1.29941
1.3011
1.303
1.30389
1.30449
1.30132
1.30132
1.30449
1.3039
1.303
1.3011
1.30275
1.30389
1.30276
1.29444
1.2748
1.2748
1.29444
1.30276
1.30389
1.30275
1.30453
1.30449
1.29444
1.25363
1.06182
1.06182
1.25363
1.29444
1.30449
1.30453
1.30516
1.30132
1.2748
1.06182
2.63725
2.63725
1.06183
1.2748
1.30132
1.30516
1.30516
1.30132
1.2748
1.06182
2.63725
2.63725
1.06183
1.2748
1.30132
1.30516
1.30453
1.30449
1.29444
1.25363
1.06183
1.06183
1.25363
1.29444
1.30449
1.30453
1.30275
1.3039
1.30276
1.29444
1.2748
1.2748
1.29444
1.30276
1.3039
1.30276
1.3011
1.303
1.3039
1.30449
1.30132
1.30132
1.30449
1.3039
1.303
1.3011
1.29941
1.3011
1.30276
1.30453
1.30516
1.30516
1.30453
1.30276
1.3011
1.29941
1.01127
1.01258
1.01364
1.01578
1.01703
1.01703
1.01578
1.01364
1.01258
1.01127
1.01258
1.01443
1.01555
1.01937
1.02475
1.02475
1.01937
1.01555
1.01443
1.01258
1.01364
1.01555
1.01576
1.02164
1.01156
1.01156
1.02164
1.01576
1.01555
1.01364
1.01578
1.01937
1.02164
1.04395
1.13638
1.13639
1.04395
1.02164
1.01937
1.01578
1.01703
1.02475
1.01156
1.13638
2.40867
2.40867
1.13639
1.01156
1.02475
1.01703
1.01703
1.02475
1.01156
1.13638
2.40867
2.40867
1.13639
1.01156
1.02475
1.01703
1.01578
1.01937
1.02164
1.04395
1.13639
1.13639
1.04395
1.02164
1.01937
1.01578
1.01364
1.01555
1.01576
1.02164
1.01156
1.01156
1.02164
1.01576
1.01555
1.01364
1.01258
1.01443
1.01555
1.01937
1.02475
1.02475
1.01937
1.01556
1.01443
1.01258
1.01127
1.01258
1.01364
1.01578
1.01703
1.01703
1.01578
1.01364
1.01258
1.01127
0.722957
0.724105
0.72535
0.728185
0.730866
0.730867
0.728185
0.72535
0.724105
0.722957
0.724105
0.725835
0.729097
0.733955
0.752622
0.752622
0.733955
0.729097
0.725835
0.724105
0.725349
0.729097
0.73033
0.752216
0.753416
0.753416
0.752216
0.73033
0.729097
0.72535
0.728185
0.733955
0.752216
0.801261
1.09151
1.09151
0.801261
0.752216
0.733955
0.728185
0.730866
0.752622
0.753416
1.09151
2.34867
2.34867
1.09151
0.753416
0.752622
0.730866
0.730866
0.752622
0.753416
1.09151
2.34867
2.34867
1.09151
0.753416
0.752622
0.730866
0.728185
0.733955
0.752216
0.801261
1.09151
1.09151
0.801262
0.752216
0.733955
0.728185
0.72535
0.729097
0.73033
0.752216
0.753416
0.753416
0.752216
0.73033
0.729098
0.72535
0.724105
0.725835
0.729097
0.733955
0.752622
0.752623
0.733955
0.729098
0.725835
0.724105
0.722957
0.724105
0.72535
0.728185
0.730867
0.730867
0.728185
0.72535
0.724105
0.722957
0.433873
0.434626
0.435202
0.437319
0.439305
0.439305
0.437319
0.435202
0.434626
0.433873
0.434626
0.435676
0.438254
0.440293
0.458552
0.458552
0.440293
0.438254
0.435676
0.434626
0.435201
0.438254
0.438642
0.456714
0.454719
0.454719
0.456714
0.438642
0.438254
0.435202
0.437319
0.440293
0.456714
0.443218
0.691776
0.691776
0.443218
0.456714
0.440293
0.437319
0.439305
0.458552
0.454719
0.691776
4.37382
4.37382
0.691777
0.454719
0.458552
0.439305
0.439305
0.458552
0.454719
0.691775
4.37382
4.37381
0.691776
0.454719
0.458552
0.439305
0.437319
0.440293
0.456714
0.443218
0.691777
0.691777
0.443218
0.456714
0.440293
0.437319
0.435202
0.438254
0.438643
0.456714
0.454719
0.454719
0.456714
0.438643
0.438254
0.435202
0.434627
0.435676
0.438254
0.440293
0.458553
0.458553
0.440294
0.438255
0.435676
0.434627
0.433873
0.434627
0.435202
0.437319
0.439306
0.439306
0.437319
0.435202
0.434627
0.433874
0.144743
0.144982
0.145314
0.145652
0.146158
0.146158
0.145652
0.145314
0.144982
0.144743
0.144982
0.145146
0.145786
0.14451
0.145501
0.145501
0.14451
0.145786
0.145146
0.144982
0.145314
0.145786
0.145836
0.144451
0.143913
0.143913
0.144451
0.145836
0.145786
0.145314
0.145652
0.14451
0.144451
0.115415
0.0978682
0.0978682
0.115414
0.144451
0.14451
0.145652
0.146158
0.145501
0.143913
0.0978683
1.911
1.91099
0.09786
0.143913
0.145501
0.146158
0.146158
0.145501
0.143913
0.0978683
1.91099
1.91099
0.0978599
0.143913
0.145501
0.146158
0.145652
0.14451
0.144451
0.115414
0.09786
0.0978599
0.115414
0.144451
0.14451
0.145652
0.145314
0.145786
0.145836
0.144451
0.143913
0.143913
0.144451
0.145836
0.145786
0.145314
0.144982
0.145146
0.145786
0.14451
0.145501
0.145501
0.14451
0.145786
0.145146
0.144982
0.144743
0.144982
0.145314
0.145652
0.146158
0.146158
0.145652
0.145314
0.144982
0.144743
)
;

boundaryField
{
    bottom
    {
        type            calculated;
        value           nonuniform List<scalar> 
100
(
10.4589
10.459
10.459
10.4591
10.4592
10.4592
10.4591
10.459
10.459
10.4589
10.459
10.459
10.4591
10.4592
10.4592
10.4592
10.4592
10.4591
10.459
10.459
10.459
10.4591
10.4592
10.4593
10.4593
10.4593
10.4593
10.4592
10.4591
10.459
10.4591
10.4592
10.4593
10.4594
10.4594
10.4594
10.4594
10.4593
10.4592
10.4591
10.4592
10.4592
10.4593
10.4594
10.4595
10.4595
10.4594
10.4593
10.4592
10.4592
10.4592
10.4592
10.4593
10.4594
10.4595
10.4595
10.4594
10.4593
10.4592
10.4592
10.4591
10.4592
10.4593
10.4594
10.4594
10.4594
10.4594
10.4593
10.4592
10.4591
10.459
10.4591
10.4592
10.4593
10.4593
10.4593
10.4593
10.4592
10.4591
10.459
10.459
10.459
10.4591
10.4592
10.4592
10.4592
10.4592
10.4591
10.459
10.459
10.4589
10.459
10.459
10.4591
10.4592
10.4592
10.4591
10.459
10.459
10.4589
)
;
    }
    atmosphere
    {
        type            calculated;
        value           nonuniform List<scalar> 
100
(
0
0
0
0
0
0
0
0
0
0
0
0
0
0
0
0
0
0
0
0
0
0
0
0
0
0
0
0
0
0
0
0
0
0
-0.0887081
-0.0887081
0
0
0
0
0
0
0
-0.0887081
-0.190502
-0.190502
-0.0887081
0
0
0
0
0
0
-0.0887081
-0.190502
-0.190502
-0.088708
0
0
0
0
0
0
0
-0.0887081
-0.088708
0
0
0
0
0
0
0
0
0
0
0
0
0
0
0
0
0
0
0
0
0
0
0
0
0
0
0
0
0
0
0
0
0
0
)
;
    }
    walls
    {
        type            calculated;
        value           nonuniform List<scalar> 
1600
(
10.3363
10.3363
10.3364
10.3365
10.3365
10.3365
10.3365
10.3364
10.3363
10.3363
10.091
10.0911
10.0911
10.0912
10.0913
10.0913
10.0912
10.0911
10.0911
10.091
9.84571
9.84577
9.84587
9.84597
9.84604
9.84604
9.84597
9.84587
9.84577
9.84571
9.60038
9.60046
9.60058
9.6007
9.60078
9.60078
9.60071
9.60058
9.60046
9.60038
9.35502
9.35512
9.35527
9.35543
9.35553
9.35553
9.35543
9.35527
9.35512
9.35502
9.10962
9.10974
9.10994
9.11014
9.11027
9.11027
9.11014
9.10994
9.10974
9.10962
8.86417
8.86432
8.86458
8.86483
8.86501
8.86501
8.86483
8.86458
8.86432
8.86417
8.61864
8.61884
8.61918
8.61951
8.61973
8.61973
8.61951
8.61918
8.61884
8.61865
8.37303
8.37328
8.37373
8.37415
8.37445
8.37445
8.37416
8.37373
8.37329
8.37303
8.1273
8.12763
8.1282
8.12876
8.12915
8.12915
8.12876
8.12821
8.12763
8.1273
7.88141
7.88184
7.88259
7.88331
7.88383
7.88383
7.88331
7.88259
7.88184
7.88141
7.63533
7.63587
7.63685
7.63779
7.63848
7.63848
7.63779
7.63685
7.63587
7.63533
7.38899
7.38968
7.39095
7.39216
7.39307
7.39308
7.39216
7.39095
7.38969
7.38899
7.14231
7.1432
7.14484
7.14639
7.1476
7.1476
7.14639
7.14484
7.14321
7.14232
6.89522
6.89635
6.89844
6.90042
6.90201
6.90201
6.90042
6.89844
6.89635
6.89522
6.64759
6.649
6.65166
6.65417
6.65626
6.65627
6.65417
6.65166
6.649
6.64759
6.39928
6.40103
6.40438
6.40755
6.41029
6.41029
6.40756
6.40438
6.40103
6.39928
6.15011
6.15228
6.15645
6.16042
6.16397
6.16397
6.16042
6.15645
6.15228
6.15012
5.89989
5.90253
5.90767
5.91259
5.91717
5.91717
5.91259
5.90767
5.90253
5.8999
5.64837
5.65154
5.65778
5.66382
5.66965
5.66965
5.66382
5.65778
5.65154
5.64838
5.39528
5.39904
5.40647
5.41378
5.42111
5.42111
5.41378
5.40647
5.39904
5.39529
5.14032
5.1447
5.15336
5.16207
5.17111
5.17111
5.16207
5.15336
5.1447
5.14032
4.88316
4.88817
4.89798
4.90818
4.91904
4.91904
4.90818
4.89798
4.88817
4.88316
4.62349
4.62911
4.63984
4.65154
4.66413
4.66413
4.65154
4.63984
4.62911
4.6235
4.36103
4.36717
4.37838
4.39146
4.40528
4.40528
4.39146
4.37838
4.36717
4.36103
4.09555
4.10211
4.11319
4.12737
4.14137
4.14137
4.12737
4.11319
4.10212
4.09556
3.82693
3.83376
3.84384
3.85877
3.87105
3.87105
3.85877
3.84384
3.83376
3.82693
3.55525
3.56217
3.57055
3.58563
3.59378
3.59378
3.58563
3.57055
3.56218
3.55525
3.28058
3.28749
3.29355
3.30862
3.3106
3.3106
3.30862
3.29355
3.2875
3.28059
3.00341
3.01009
3.01455
3.02901
3.02731
3.02731
3.02901
3.01455
3.01009
3.00341
2.72381
2.73017
2.73403
2.7481
2.75
2.75
2.7481
2.73403
2.73017
2.72381
2.44228
2.44792
2.45221
2.46471
2.47122
2.47122
2.46471
2.45221
2.44792
2.44228
2.15857
2.16321
2.16747
2.17672
2.18756
2.18756
2.17672
2.16747
2.16321
2.15857
1.87333
1.87675
1.87965
1.88578
1.88774
1.88774
1.88578
1.87965
1.87675
1.87333
1.58654
1.58887
1.59039
1.59287
1.59189
1.59189
1.59287
1.5904
1.58887
1.58654
1.29941
1.3011
1.30275
1.30453
1.30516
1.30516
1.30453
1.30275
1.3011
1.29941
1.01127
1.01258
1.01364
1.01578
1.01703
1.01703
1.01578
1.01364
1.01258
1.01127
0.722957
0.724105
0.725349
0.728185
0.730866
0.730866
0.728185
0.72535
0.724105
0.722957
0.433873
0.434626
0.435201
0.437319
0.439305
0.439305
0.437319
0.435202
0.434627
0.433873
0.144743
0.144982
0.145314
0.145652
0.146158
0.146158
0.145652
0.145314
0.144982
0.144743
10.3363
10.3363
10.3364
10.3365
10.3365
10.3365
10.3365
10.3364
10.3363
10.3363
10.091
10.0911
10.0911
10.0912
10.0913
10.0913
10.0912
10.0911
10.0911
10.091
9.84571
9.84577
9.84587
9.84597
9.84604
9.84604
9.84597
9.84587
9.84577
9.84571
9.60038
9.60046
9.60058
9.60071
9.60079
9.60079
9.60071
9.60058
9.60046
9.60038
9.35502
9.35512
9.35527
9.35543
9.35553
9.35553
9.35543
9.35528
9.35512
9.35503
9.10962
9.10974
9.10994
9.11014
9.11027
9.11027
9.11014
9.10994
9.10974
9.10962
8.86417
8.86432
8.86458
8.86484
8.86501
8.86501
8.86484
8.86458
8.86432
8.86417
8.61865
8.61884
8.61918
8.61951
8.61973
8.61973
8.61951
8.61918
8.61884
8.61865
8.37303
8.37329
8.37373
8.37416
8.37445
8.37445
8.37416
8.37373
8.37329
8.37303
8.1273
8.12763
8.12821
8.12876
8.12916
8.12916
8.12876
8.12821
8.12763
8.1273
7.88141
7.88184
7.88259
7.88331
7.88384
7.88384
7.88331
7.88259
7.88184
7.88141
7.63533
7.63587
7.63685
7.63779
7.63848
7.63848
7.63779
7.63685
7.63587
7.63533
7.38899
7.38969
7.39095
7.39216
7.39308
7.39308
7.39216
7.39095
7.38969
7.38899
7.14232
7.14321
7.14484
7.14639
7.1476
7.1476
7.14639
7.14484
7.14321
7.14232
6.89522
6.89635
6.89844
6.90042
6.90201
6.90201
6.90042
6.89844
6.89635
6.89522
6.64759
6.649
6.65166
6.65417
6.65627
6.65627
6.65417
6.65166
6.649
6.64759
6.39928
6.40103
6.40438
6.40756
6.41029
6.41029
6.40756
6.40438
6.40103
6.39928
6.15012
6.15228
6.15645
6.16042
6.16398
6.16398
6.16042
6.15646
6.15228
6.15012
5.89989
5.90253
5.90767
5.91259
5.91717
5.91717
5.91259
5.90767
5.90253
5.8999
5.64838
5.65154
5.65779
5.66382
5.66965
5.66965
5.66382
5.65779
5.65154
5.64838
5.39529
5.39904
5.40647
5.41378
5.42111
5.42111
5.41378
5.40648
5.39904
5.39529
5.14032
5.1447
5.15336
5.16207
5.17112
5.17112
5.16208
5.15336
5.1447
5.14032
4.88316
4.88817
4.89798
4.90819
4.91904
4.91904
4.90819
4.89798
4.88817
4.88316
4.6235
4.62911
4.63984
4.65154
4.66413
4.66413
4.65154
4.63984
4.62911
4.6235
4.36103
4.36717
4.37838
4.39146
4.40528
4.40528
4.39146
4.37838
4.36717
4.36103
4.09555
4.10212
4.11319
4.12737
4.14137
4.14137
4.12737
4.11319
4.10212
4.09556
3.82693
3.83376
3.84384
3.85877
3.87105
3.87105
3.85877
3.84384
3.83376
3.82693
3.55525
3.56218
3.57055
3.58563
3.59378
3.59378
3.58563
3.57055
3.56218
3.55525
3.28058
3.28749
3.29355
3.30862
3.3106
3.3106
3.30862
3.29355
3.2875
3.28059
3.00341
3.01009
3.01455
3.02901
3.02731
3.02731
3.02901
3.01455
3.01009
3.00341
2.72381
2.73017
2.73403
2.7481
2.75
2.75
2.7481
2.73403
2.73017
2.72381
2.44228
2.44792
2.45221
2.46471
2.47122
2.47122
2.46472
2.45221
2.44792
2.44228
2.15857
2.16321
2.16747
2.17672
2.18756
2.18756
2.17672
2.16747
2.16321
2.15857
1.87333
1.87675
1.87965
1.88578
1.88774
1.88774
1.88578
1.87965
1.87675
1.87333
1.58654
1.58887
1.5904
1.59287
1.59189
1.59189
1.59287
1.5904
1.58887
1.58654
1.29941
1.3011
1.30275
1.30453
1.30516
1.30516
1.30453
1.30276
1.3011
1.29941
1.01127
1.01258
1.01364
1.01578
1.01703
1.01703
1.01578
1.01364
1.01258
1.01127
0.722957
0.724105
0.72535
0.728185
0.730866
0.730866
0.728185
0.72535
0.724105
0.722957
0.433873
0.434626
0.435202
0.437319
0.439305
0.439305
0.437319
0.435202
0.434627
0.433874
0.144743
0.144982
0.145314
0.145652
0.146158
0.146158
0.145652
0.145314
0.144982
0.144743
10.3363
10.091
9.84571
9.60038
9.35502
9.10962
8.86417
8.61864
8.37303
8.1273
7.88141
7.63533
7.38899
7.14231
6.89522
6.64759
6.39928
6.15011
5.89989
5.64837
10.3363
10.0911
9.84577
9.60046
9.35512
9.10974
8.86432
8.61884
8.37328
8.12763
7.88184
7.63587
7.38968
7.1432
6.89635
6.649
6.40103
6.15228
5.90253
5.65154
10.3364
10.0911
9.84587
9.60058
9.35527
9.10994
8.86458
8.61918
8.37373
8.1282
7.88259
7.63685
7.39095
7.14484
6.89844
6.65166
6.40438
6.15645
5.90767
5.65778
10.3365
10.0912
9.84597
9.6007
9.35543
9.11014
8.86483
8.61951
8.37415
8.12876
7.88331
7.63779
7.39216
7.14639
6.90042
6.65417
6.40755
6.16042
5.91259
5.66382
10.3365
10.0913
9.84604
9.60078
9.35553
9.11027
8.86501
8.61973
8.37445
8.12915
7.88383
7.63848
7.39307
7.1476
6.90201
6.65626
6.41029
6.16397
5.91717
5.66965
10.3365
10.0913
9.84604
9.60078
9.35553
9.11027
8.86501
8.61973
8.37445
8.12915
7.88383
7.63848
7.39307
7.1476
6.90201
6.65626
6.41029
6.16397
5.91717
5.66965
10.3365
10.0912
9.84597
9.60071
9.35543
9.11014
8.86484
8.61951
8.37416
8.12876
7.88331
7.63779
7.39216
7.14639
6.90042
6.65417
6.40755
6.16042
5.91259
5.66382
10.3364
10.0911
9.84587
9.60058
9.35527
9.10994
8.86458
8.61918
8.37373
8.12821
7.88259
7.63685
7.39095
7.14484
6.89844
6.65166
6.40438
6.15645
5.90767
5.65778
10.3363
10.0911
9.84577
9.60046
9.35512
9.10974
8.86432
8.61884
8.37329
8.12763
7.88184
7.63587
7.38969
7.1432
6.89635
6.649
6.40103
6.15228
5.90253
5.65154
10.3363
10.091
9.84571
9.60038
9.35502
9.10962
8.86417
8.61865
8.37303
8.1273
7.88141
7.63533
7.38899
7.14232
6.89522
6.64759
6.39928
6.15012
5.89989
5.64838
5.39528
5.14032
4.88316
4.62349
4.36103
4.09555
3.82693
3.55525
3.28058
3.00341
2.72381
2.44228
2.15857
1.87333
1.58654
1.29941
1.01127
0.722957
0.433873
0.144743
5.39904
5.1447
4.88817
4.62911
4.36717
4.10211
3.83376
3.56217
3.28749
3.01009
2.73017
2.44792
2.16321
1.87675
1.58887
1.3011
1.01258
0.724105
0.434626
0.144982
5.40647
5.15336
4.89798
4.63984
4.37838
4.11319
3.84384
3.57055
3.29355
3.01455
2.73403
2.45221
2.16747
1.87965
1.5904
1.30275
1.01364
0.72535
0.435202
0.145314
5.41378
5.16207
4.90818
4.65154
4.39146
4.12737
3.85877
3.58563
3.30862
3.02901
2.7481
2.46472
2.17672
1.88578
1.59287
1.30453
1.01578
0.728185
0.437319
0.145652
5.42111
5.17111
4.91904
4.66413
4.40528
4.14137
3.87105
3.59378
3.3106
3.02731
2.75
2.47122
2.18756
1.88774
1.5919
1.30516
1.01703
0.730866
0.439305
0.146158
5.42111
5.17111
4.91904
4.66413
4.40528
4.14137
3.87105
3.59378
3.3106
3.02731
2.75
2.47122
2.18756
1.88774
1.5919
1.30516
1.01703
0.730867
0.439305
0.146158
5.41378
5.16207
4.90818
4.65154
4.39146
4.12737
3.85877
3.58563
3.30862
3.02901
2.7481
2.46472
2.17672
1.88578
1.59287
1.30453
1.01578
0.728185
0.437319
0.145652
5.40647
5.15336
4.89798
4.63984
4.37838
4.11319
3.84384
3.57055
3.29355
3.01455
2.73403
2.45221
2.16747
1.87965
1.5904
1.30276
1.01364
0.72535
0.435202
0.145314
5.39904
5.1447
4.88817
4.62911
4.36717
4.10212
3.83376
3.56218
3.28749
3.01009
2.73017
2.44792
2.16321
1.87675
1.58887
1.3011
1.01258
0.724105
0.434626
0.144982
5.39529
5.14032
4.88316
4.6235
4.36103
4.09555
3.82693
3.55525
3.28058
3.00341
2.72381
2.44228
2.15857
1.87333
1.58654
1.29941
1.01127
0.722957
0.433873
0.144743
10.3363
10.091
9.84571
9.60038
9.35502
9.10962
8.86417
8.61865
8.37303
8.1273
7.88141
7.63533
7.38899
7.14232
6.89522
6.64759
6.39928
6.15012
5.8999
5.64838
10.3363
10.0911
9.84577
9.60046
9.35512
9.10974
8.86432
8.61884
8.37329
8.12763
7.88184
7.63587
7.38969
7.14321
6.89635
6.649
6.40103
6.15228
5.90253
5.65154
10.3364
10.0911
9.84587
9.60058
9.35527
9.10994
8.86458
8.61918
8.37373
8.12821
7.88259
7.63685
7.39095
7.14484
6.89844
6.65166
6.40438
6.15645
5.90767
5.65779
10.3365
10.0912
9.84597
9.60071
9.35543
9.11014
8.86484
8.61951
8.37416
8.12876
7.88331
7.63779
7.39216
7.14639
6.90042
6.65417
6.40756
6.16042
5.91259
5.66382
10.3365
10.0913
9.84604
9.60079
9.35553
9.11027
8.86501
8.61973
8.37445
8.12916
7.88384
7.63848
7.39308
7.1476
6.90201
6.65627
6.41029
6.16398
5.91717
5.66965
10.3365
10.0913
9.84604
9.60079
9.35553
9.11027
8.86501
8.61973
8.37445
8.12916
7.88384
7.63848
7.39308
7.1476
6.90201
6.65627
6.41029
6.16398
5.91717
5.66965
10.3365
10.0912
9.84597
9.60071
9.35543
9.11014
8.86484
8.61951
8.37416
8.12876
7.88331
7.63779
7.39216
7.14639
6.90042
6.65417
6.40756
6.16042
5.91259
5.66382
10.3364
10.0911
9.84587
9.60058
9.35528
9.10994
8.86458
8.61918
8.37373
8.12821
7.88259
7.63685
7.39096
7.14484
6.89844
6.65166
6.40438
6.15646
5.90767
5.65779
10.3363
10.0911
9.84577
9.60046
9.35512
9.10974
8.86432
8.61884
8.37329
8.12763
7.88184
7.63587
7.38969
7.14321
6.89635
6.649
6.40103
6.15228
5.90253
5.65154
10.3363
10.091
9.84571
9.60038
9.35503
9.10962
8.86417
8.61865
8.37303
8.1273
7.88141
7.63533
7.38899
7.14232
6.89522
6.64759
6.39928
6.15012
5.8999
5.64838
5.39529
5.14032
4.88316
4.6235
4.36103
4.09556
3.82693
3.55525
3.28059
3.00341
2.72381
2.44228
2.15857
1.87333
1.58654
1.29941
1.01127
0.722957
0.433873
0.144743
5.39904
5.1447
4.88817
4.62911
4.36717
4.10212
3.83376
3.56218
3.2875
3.01009
2.73017
2.44792
2.16321
1.87675
1.58887
1.3011
1.01258
0.724105
0.434627
0.144982
5.40647
5.15336
4.89798
4.63984
4.37838
4.11319
3.84384
3.57055
3.29355
3.01455
2.73403
2.45221
2.16747
1.87965
1.5904
1.30276
1.01364
0.72535
0.435202
0.145314
5.41378
5.16207
4.90819
4.65154
4.39146
4.12737
3.85877
3.58563
3.30862
3.02901
2.7481
2.46472
2.17672
1.88578
1.59287
1.30453
1.01578
0.728185
0.437319
0.145652
5.42111
5.17112
4.91904
4.66413
4.40528
4.14137
3.87105
3.59378
3.31061
3.02731
2.75
2.47122
2.18756
1.88774
1.5919
1.30516
1.01703
0.730867
0.439306
0.146158
5.42111
5.17112
4.91904
4.66413
4.40528
4.14137
3.87105
3.59378
3.31061
3.02732
2.75
2.47122
2.18756
1.88774
1.5919
1.30516
1.01703
0.730867
0.439306
0.146158
5.41378
5.16208
4.90819
4.65154
4.39146
4.12737
3.85877
3.58563
3.30862
3.02901
2.7481
2.46472
2.17672
1.88578
1.59287
1.30453
1.01578
0.728185
0.437319
0.145652
5.40648
5.15336
4.89798
4.63984
4.37838
4.11319
3.84384
3.57055
3.29355
3.01455
2.73404
2.45221
2.16747
1.87965
1.5904
1.30276
1.01364
0.72535
0.435202
0.145314
5.39904
5.1447
4.88817
4.62911
4.36717
4.10212
3.83376
3.56218
3.2875
3.01009
2.73017
2.44792
2.16321
1.87675
1.58887
1.3011
1.01258
0.724105
0.434627
0.144982
5.39529
5.14032
4.88316
4.6235
4.36103
4.09556
3.82693
3.55525
3.28059
3.00341
2.72381
2.44228
2.15857
1.87333
1.58654
1.29941
1.01127
0.722957
0.433874
0.144743
)
;
    }
}


// ************************************************************************* //
