/*--------------------------------*- C++ -*----------------------------------*\
| =========                 |                                                 |
| \\      /  F ield         | OpenFOAM: The Open Source CFD Toolbox           |
|  \\    /   O peration     | Version:  2412                                  |
|   \\  /    A nd           | Website:  www.openfoam.com                      |
|    \\/     M anipulation  |                                                 |
\*---------------------------------------------------------------------------*/
FoamFile
{
    version     2.0;
    format      ascii;
    arch        "LSB;label=32;scalar=64";
    class       volScalarField;
    location    "0.13";
    object      p;
}
// * * * * * * * * * * * * * * * * * * * * * * * * * * * * * * * * * * * * * //

dimensions      [1 -1 -2 0 0 0 0];

internalField   nonuniform List<scalar> 
1000
(
11.4664
11.4666
11.467
11.4675
11.4677
11.4677
11.4675
11.467
11.4666
11.4664
11.4666
11.4669
11.4673
11.4677
11.468
11.468
11.4677
11.4673
11.4669
11.4666
11.467
11.4673
11.4678
11.4682
11.4685
11.4685
11.4682
11.4678
11.4673
11.467
11.4675
11.4677
11.4682
11.4687
11.469
11.469
11.4687
11.4682
11.4677
11.4675
11.4677
11.468
11.4685
11.469
11.4694
11.4694
11.469
11.4685
11.468
11.4677
11.4677
11.468
11.4685
11.469
11.4694
11.4694
11.469
11.4685
11.468
11.4677
11.4675
11.4677
11.4682
11.4687
11.469
11.469
11.4687
11.4682
11.4677
11.4675
11.467
11.4673
11.4678
11.4682
11.4685
11.4685
11.4682
11.4678
11.4673
11.467
11.4666
11.4669
11.4673
11.4677
11.468
11.468
11.4677
11.4673
11.4669
11.4666
11.4664
11.4666
11.467
11.4675
11.4677
11.4677
11.4675
11.467
11.4666
11.4664
11.221
11.2213
11.2217
11.2222
11.2225
11.2225
11.2222
11.2217
11.2213
11.221
11.2213
11.2215
11.222
11.2225
11.2228
11.2228
11.2225
11.222
11.2215
11.2213
11.2217
11.222
11.2225
11.223
11.2234
11.2234
11.223
11.2225
11.222
11.2217
11.2222
11.2225
11.223
11.2235
11.2239
11.2239
11.2235
11.223
11.2225
11.2222
11.2225
11.2228
11.2234
11.2239
11.2243
11.2243
11.2239
11.2234
11.2228
11.2225
11.2225
11.2228
11.2234
11.2239
11.2243
11.2243
11.2239
11.2234
11.2228
11.2225
11.2222
11.2225
11.223
11.2235
11.2239
11.2239
11.2235
11.223
11.2225
11.2222
11.2217
11.222
11.2225
11.223
11.2234
11.2234
11.223
11.2225
11.222
11.2217
11.2213
11.2215
11.222
11.2225
11.2228
11.2228
11.2225
11.222
11.2215
11.2213
11.221
11.2213
11.2217
11.2222
11.2225
11.2225
11.2222
11.2217
11.2213
11.221
10.9755
10.9758
10.9763
10.9769
10.9772
10.9772
10.9769
10.9763
10.9758
10.9755
10.9758
10.9761
10.9767
10.9772
10.9776
10.9776
10.9772
10.9767
10.9761
10.9758
10.9763
10.9767
10.9773
10.9779
10.9782
10.9782
10.9779
10.9773
10.9767
10.9763
10.9769
10.9772
10.9779
10.9785
10.9789
10.9789
10.9785
10.9779
10.9772
10.9769
10.9772
10.9776
10.9782
10.9789
10.9793
10.9793
10.9789
10.9782
10.9776
10.9772
10.9772
10.9776
10.9782
10.9789
10.9793
10.9793
10.9789
10.9782
10.9776
10.9772
10.9769
10.9772
10.9779
10.9785
10.9789
10.9789
10.9785
10.9779
10.9772
10.9769
10.9763
10.9767
10.9773
10.9779
10.9782
10.9782
10.9779
10.9773
10.9767
10.9763
10.9758
10.9761
10.9767
10.9772
10.9776
10.9776
10.9772
10.9767
10.9761
10.9758
10.9755
10.9758
10.9763
10.9769
10.9772
10.9772
10.9769
10.9763
10.9758
10.9755
10.7299
10.7302
10.7309
10.7315
10.7319
10.7319
10.7315
10.7309
10.7302
10.7299
10.7302
10.7306
10.7313
10.7319
10.7324
10.7324
10.7319
10.7313
10.7306
10.7302
10.7309
10.7313
10.732
10.7327
10.7332
10.7332
10.7327
10.732
10.7313
10.7309
10.7315
10.7319
10.7327
10.7335
10.734
10.734
10.7335
10.7327
10.7319
10.7315
10.7319
10.7324
10.7332
10.734
10.7346
10.7346
10.734
10.7332
10.7324
10.7319
10.7319
10.7324
10.7332
10.734
10.7346
10.7346
10.734
10.7332
10.7324
10.7319
10.7315
10.7319
10.7327
10.7335
10.734
10.734
10.7335
10.7327
10.7319
10.7315
10.7309
10.7313
10.732
10.7327
10.7332
10.7332
10.7327
10.732
10.7313
10.7309
10.7302
10.7306
10.7313
10.7319
10.7324
10.7324
10.7319
10.7313
10.7306
10.7302
10.7299
10.7302
10.7309
10.7315
10.7319
10.7319
10.7315
10.7309
10.7302
10.7299
10.4841
10.4845
10.4853
10.4861
10.4866
10.4866
10.4861
10.4853
10.4845
10.4841
10.4845
10.485
10.4858
10.4867
10.4872
10.4872
10.4867
10.4858
10.485
10.4845
10.4853
10.4858
10.4868
10.4877
10.4883
10.4883
10.4877
10.4868
10.4858
10.4853
10.4861
10.4867
10.4877
10.4886
10.4893
10.4893
10.4886
10.4877
10.4867
10.4861
10.4866
10.4872
10.4883
10.4893
10.49
10.49
10.4893
10.4883
10.4872
10.4866
10.4866
10.4872
10.4883
10.4893
10.49
10.49
10.4893
10.4883
10.4872
10.4866
10.4861
10.4867
10.4877
10.4886
10.4893
10.4893
10.4886
10.4877
10.4867
10.4861
10.4853
10.4858
10.4868
10.4877
10.4883
10.4883
10.4877
10.4868
10.4858
10.4853
10.4845
10.485
10.4858
10.4867
10.4872
10.4872
10.4867
10.4858
10.485
10.4845
10.4841
10.4845
10.4853
10.4861
10.4866
10.4866
10.4861
10.4853
10.4845
10.4841
10.2381
10.2386
10.2396
10.2406
10.2413
10.2413
10.2406
10.2396
10.2386
10.2381
10.2386
10.2392
10.2403
10.2413
10.2421
10.2421
10.2413
10.2403
10.2392
10.2386
10.2396
10.2403
10.2415
10.2427
10.2435
10.2435
10.2427
10.2415
10.2403
10.2396
10.2406
10.2413
10.2427
10.2439
10.2448
10.2448
10.2439
10.2427
10.2413
10.2406
10.2413
10.2421
10.2435
10.2448
10.2458
10.2458
10.2448
10.2435
10.2421
10.2413
10.2413
10.2421
10.2435
10.2448
10.2458
10.2458
10.2448
10.2435
10.2421
10.2413
10.2406
10.2413
10.2427
10.2439
10.2448
10.2448
10.2439
10.2427
10.2413
10.2406
10.2396
10.2403
10.2415
10.2427
10.2435
10.2435
10.2427
10.2415
10.2403
10.2396
10.2386
10.2392
10.2403
10.2413
10.2421
10.2421
10.2413
10.2403
10.2392
10.2386
10.2381
10.2386
10.2396
10.2406
10.2413
10.2413
10.2406
10.2396
10.2386
10.2381
9.99178
9.99252
9.9938
9.99504
9.99591
9.99591
9.99504
9.9938
9.99252
9.99178
9.99252
9.9933
9.99467
9.99601
9.99696
9.99696
9.99601
9.99467
9.9933
9.99252
9.9938
9.99467
9.99622
9.99773
9.99882
9.99882
9.99773
9.99622
9.99467
9.9938
9.99504
9.99601
9.99773
9.99942
10.0007
10.0007
9.99942
9.99773
9.99601
9.99504
9.99591
9.99696
9.99882
10.0007
10.002
10.002
10.0007
9.99882
9.99696
9.99591
9.99591
9.99696
9.99882
10.0007
10.002
10.002
10.0007
9.99882
9.99696
9.99591
9.99504
9.99601
9.99773
9.99942
10.0007
10.0007
9.99942
9.99773
9.99601
9.99504
9.9938
9.99467
9.99622
9.99773
9.99882
9.99882
9.99773
9.99622
9.99467
9.9938
9.99252
9.9933
9.99467
9.99601
9.99696
9.99696
9.99601
9.99467
9.9933
9.99252
9.99178
9.99252
9.9938
9.99504
9.99591
9.99591
9.99504
9.9938
9.99252
9.99178
9.74516
9.7461
9.74775
9.74935
9.75049
9.75049
9.74935
9.74775
9.7461
9.74516
9.7461
9.7471
9.74889
9.75062
9.75188
9.75188
9.75062
9.74889
9.7471
9.7461
9.74775
9.74889
9.75093
9.75292
9.7544
9.7544
9.75292
9.75093
9.74889
9.74775
9.74935
9.75062
9.75292
9.75518
9.75689
9.75689
9.75518
9.75292
9.75062
9.74935
9.75049
9.75188
9.75439
9.75689
9.75879
9.75879
9.75689
9.75439
9.75188
9.75049
9.75049
9.75188
9.75439
9.75689
9.75879
9.75879
9.75689
9.75439
9.75188
9.75049
9.74935
9.75062
9.75292
9.75518
9.75689
9.75689
9.75518
9.75292
9.75062
9.74935
9.74774
9.74889
9.75093
9.75292
9.75439
9.75439
9.75292
9.75093
9.74889
9.74775
9.7461
9.7471
9.74889
9.75062
9.75188
9.75188
9.75062
9.74889
9.7471
9.7461
9.74516
9.7461
9.74774
9.74934
9.75049
9.75049
9.74934
9.74774
9.7461
9.74516
9.49811
9.4993
9.50142
9.50348
9.50498
9.50498
9.50348
9.50142
9.4993
9.49811
9.4993
9.5006
9.50291
9.50517
9.50684
9.50684
9.50517
9.50291
9.5006
9.4993
9.50142
9.50291
9.5056
9.50824
9.51025
9.51025
9.50824
9.5056
9.50291
9.50142
9.50348
9.50517
9.50824
9.51129
9.51365
9.51365
9.51129
9.50824
9.50517
9.50348
9.50498
9.50684
9.51025
9.51365
9.51634
9.51634
9.51365
9.51025
9.50684
9.50498
9.50498
9.50684
9.51025
9.51365
9.51634
9.51634
9.51365
9.51025
9.50684
9.50498
9.50348
9.50517
9.50824
9.51129
9.51365
9.51365
9.51129
9.50824
9.50517
9.50348
9.50142
9.50291
9.5056
9.50824
9.51025
9.51025
9.50824
9.5056
9.50291
9.50142
9.4993
9.5006
9.50291
9.50517
9.50684
9.50684
9.50517
9.50291
9.5006
9.4993
9.49811
9.4993
9.50142
9.50348
9.50498
9.50498
9.50348
9.50142
9.4993
9.49811
9.25049
9.25201
9.25472
9.25738
9.25934
9.25934
9.25738
9.25472
9.25201
9.25049
9.25201
9.25368
9.25668
9.25962
9.26185
9.26185
9.25962
9.25668
9.25368
9.25201
9.25472
9.25668
9.26022
9.26373
9.26646
9.26646
9.26373
9.26022
9.25668
9.25472
9.25738
9.25962
9.26373
9.26784
9.27114
9.27114
9.26784
9.26373
9.25962
9.25738
9.25934
9.26185
9.26646
9.27114
9.27497
9.27497
9.27114
9.26646
9.26185
9.25934
9.25934
9.26185
9.26646
9.27114
9.27497
9.27497
9.27114
9.26646
9.26185
9.25934
9.25738
9.25962
9.26373
9.26784
9.27114
9.27114
9.26784
9.26373
9.25962
9.25738
9.25472
9.25668
9.26022
9.26373
9.26646
9.26646
9.26373
9.26022
9.25668
9.25472
9.25201
9.25367
9.25668
9.25962
9.26185
9.26185
9.25962
9.25668
9.25367
9.25201
9.25049
9.25201
9.25472
9.25738
9.25934
9.25934
9.25738
9.25472
9.25201
9.25049
)
;

boundaryField
{
    bottom
    {
        type            calculated;
        value           nonuniform List<scalar> 
100
(
11.589
11.5892
11.5897
11.5901
11.5903
11.5903
11.5901
11.5897
11.5892
11.589
11.5892
11.5895
11.5899
11.5904
11.5906
11.5906
11.5904
11.5899
11.5895
11.5892
11.5897
11.5899
11.5904
11.5909
11.5912
11.5912
11.5909
11.5904
11.5899
11.5897
11.5901
11.5904
11.5909
11.5913
11.5917
11.5917
11.5913
11.5909
11.5904
11.5901
11.5903
11.5906
11.5912
11.5917
11.592
11.592
11.5917
11.5912
11.5906
11.5903
11.5903
11.5906
11.5912
11.5917
11.592
11.592
11.5917
11.5912
11.5906
11.5903
11.5901
11.5904
11.5909
11.5913
11.5917
11.5917
11.5913
11.5909
11.5904
11.5901
11.5897
11.5899
11.5904
11.5909
11.5912
11.5912
11.5909
11.5904
11.5899
11.5897
11.5892
11.5895
11.5899
11.5904
11.5906
11.5906
11.5904
11.5899
11.5895
11.5892
11.589
11.5892
11.5897
11.5901
11.5903
11.5903
11.5901
11.5897
11.5892
11.589
)
;
    }
    atmosphere
    {
        type            calculated;
        value           nonuniform List<scalar> 0();
    }
    walls
    {
        type            calculated;
        value           nonuniform List<scalar> 
400
(
11.4664
11.4666
11.467
11.4675
11.4677
11.4677
11.4675
11.467
11.4666
11.4664
11.221
11.2213
11.2217
11.2222
11.2225
11.2225
11.2222
11.2217
11.2213
11.221
10.9755
10.9758
10.9763
10.9769
10.9772
10.9772
10.9769
10.9763
10.9758
10.9755
10.7299
10.7302
10.7309
10.7315
10.7319
10.7319
10.7315
10.7309
10.7302
10.7299
10.4841
10.4845
10.4853
10.4861
10.4866
10.4866
10.4861
10.4853
10.4845
10.4841
10.2381
10.2386
10.2396
10.2406
10.2413
10.2413
10.2406
10.2396
10.2386
10.2381
9.99178
9.99252
9.9938
9.99504
9.99591
9.99591
9.99504
9.9938
9.99252
9.99178
9.74516
9.7461
9.74775
9.74935
9.75049
9.75049
9.74935
9.74774
9.7461
9.74516
9.49811
9.4993
9.50142
9.50348
9.50498
9.50498
9.50348
9.50142
9.4993
9.49811
9.25049
9.25201
9.25472
9.25738
9.25934
9.25934
9.25738
9.25472
9.25201
9.25049
11.4664
11.4666
11.467
11.4675
11.4677
11.4677
11.4675
11.467
11.4666
11.4664
11.221
11.2213
11.2217
11.2222
11.2225
11.2225
11.2222
11.2217
11.2213
11.221
10.9755
10.9758
10.9763
10.9769
10.9772
10.9772
10.9769
10.9763
10.9758
10.9755
10.7299
10.7302
10.7309
10.7315
10.7319
10.7319
10.7315
10.7309
10.7302
10.7299
10.4841
10.4845
10.4853
10.4861
10.4866
10.4866
10.4861
10.4853
10.4845
10.4841
10.2381
10.2386
10.2396
10.2406
10.2413
10.2413
10.2406
10.2396
10.2386
10.2381
9.99178
9.99252
9.9938
9.99504
9.99591
9.99591
9.99504
9.9938
9.99252
9.99178
9.74516
9.7461
9.74775
9.74935
9.75049
9.75049
9.74935
9.74775
9.7461
9.74516
9.49811
9.4993
9.50142
9.50348
9.50498
9.50498
9.50348
9.50142
9.4993
9.49811
9.25049
9.25201
9.25472
9.25738
9.25934
9.25934
9.25738
9.25472
9.25201
9.25049
11.4664
11.221
10.9755
10.7299
10.4841
10.2381
9.99178
9.74516
9.49811
9.25049
11.4666
11.2213
10.9758
10.7302
10.4845
10.2386
9.99252
9.7461
9.4993
9.25201
11.467
11.2217
10.9763
10.7309
10.4853
10.2396
9.9938
9.74775
9.50142
9.25472
11.4675
11.2222
10.9769
10.7315
10.4861
10.2406
9.99504
9.74935
9.50348
9.25738
11.4677
11.2225
10.9772
10.7319
10.4866
10.2413
9.99591
9.75049
9.50498
9.25934
11.4677
11.2225
10.9772
10.7319
10.4866
10.2413
9.99591
9.75049
9.50498
9.25934
11.4675
11.2222
10.9769
10.7315
10.4861
10.2406
9.99504
9.74935
9.50348
9.25738
11.467
11.2217
10.9763
10.7309
10.4853
10.2396
9.9938
9.74775
9.50142
9.25472
11.4666
11.2213
10.9758
10.7302
10.4845
10.2386
9.99252
9.7461
9.4993
9.25201
11.4664
11.221
10.9755
10.7299
10.4841
10.2381
9.99178
9.74516
9.49811
9.25049
11.4664
11.221
10.9755
10.7299
10.4841
10.2381
9.99178
9.74516
9.49811
9.25049
11.4666
11.2213
10.9758
10.7302
10.4845
10.2386
9.99252
9.7461
9.4993
9.25201
11.467
11.2217
10.9763
10.7309
10.4853
10.2396
9.9938
9.74774
9.50142
9.25472
11.4675
11.2222
10.9769
10.7315
10.4861
10.2406
9.99504
9.74934
9.50348
9.25738
11.4677
11.2225
10.9772
10.7319
10.4866
10.2413
9.99591
9.75049
9.50498
9.25934
11.4677
11.2225
10.9772
10.7319
10.4866
10.2413
9.99591
9.75049
9.50498
9.25934
11.4675
11.2222
10.9769
10.7315
10.4861
10.2406
9.99504
9.74934
9.50348
9.25738
11.467
11.2217
10.9763
10.7309
10.4853
10.2396
9.9938
9.74774
9.50142
9.25472
11.4666
11.2213
10.9758
10.7302
10.4845
10.2386
9.99252
9.7461
9.4993
9.25201
11.4664
11.221
10.9755
10.7299
10.4841
10.2381
9.99178
9.74516
9.49811
9.25049
)
;
    }
    procBoundary3to2
    {
        type            processor;
        value           nonuniform List<scalar> 
100
(
9.00216
9.00408
9.00755
9.01095
9.01353
9.01353
9.01095
9.00755
9.00408
9.00216
9.00408
9.00622
9.01009
9.01392
9.01689
9.01689
9.01392
9.01009
9.00622
9.00408
9.00755
9.01009
9.01475
9.01942
9.02316
9.02316
9.01942
9.01475
9.01009
9.00755
9.01095
9.01392
9.01942
9.02498
9.02962
9.02962
9.02498
9.01942
9.01392
9.01095
9.01353
9.01689
9.02316
9.02962
9.03514
9.03514
9.02962
9.02316
9.01689
9.01353
9.01353
9.01689
9.02316
9.02962
9.03514
9.03514
9.02962
9.02316
9.01689
9.01353
9.01095
9.01391
9.01942
9.02498
9.02962
9.02962
9.02498
9.01942
9.01391
9.01095
9.00755
9.01009
9.01475
9.01942
9.02316
9.02316
9.01942
9.01475
9.01009
9.00755
9.00408
9.00622
9.01009
9.01391
9.01689
9.01689
9.01391
9.01009
9.00622
9.00408
9.00216
9.00408
9.00755
9.01095
9.01353
9.01353
9.01095
9.00755
9.00408
9.00216
)
;
    }
}


// ************************************************************************* //
