/*--------------------------------*- C++ -*----------------------------------*\
| =========                 |                                                 |
| \\      /  F ield         | OpenFOAM: The Open Source CFD Toolbox           |
|  \\    /   O peration     | Version:  2412                                  |
|   \\  /    A nd           | Website:  www.openfoam.com                      |
|    \\/     M anipulation  |                                                 |
\*---------------------------------------------------------------------------*/
FoamFile
{
    version     2.0;
    format      ascii;
    arch        "LSB;label=32;scalar=64";
    class       volScalarField;
    location    "0.99";
    object      p;
}
// * * * * * * * * * * * * * * * * * * * * * * * * * * * * * * * * * * * * * //

dimensions      [1 -1 -2 0 0 0 0];

internalField   nonuniform List<scalar> 
4000
(
237.17
118.324
93.5853
77.3744
70.7925
70.7925
77.3743
93.5856
118.324
237.17
118.323
51.8334
53.7665
45.1511
39.2342
39.2341
45.1513
53.7663
51.8335
118.323
93.585
53.7668
53.5101
53.2461
57.5995
57.5994
53.2461
53.5102
53.767
93.5848
77.3744
45.1511
53.2461
51.2107
54.9951
54.9952
51.2108
53.2462
45.1512
77.3743
70.7926
39.2341
57.5996
54.9951
55.9218
55.9218
54.9953
57.5997
39.2341
70.7925
70.7925
39.2341
57.5994
54.9952
55.9218
55.9218
54.9955
57.5995
39.234
70.7924
77.3741
45.1513
53.246
51.2108
54.9954
54.9955
51.2108
53.2461
45.1513
77.374
93.5853
53.7665
53.5103
53.2461
57.5997
57.5996
53.2461
53.5103
53.7667
93.5851
118.324
51.8335
53.767
45.1512
39.234
39.234
45.1514
53.7668
51.8334
118.324
237.17
118.323
93.585
77.3742
70.7924
70.7923
77.374
93.5851
118.324
237.171
171.175
52.3772
45.8613
39.6181
45.6467
45.6465
39.618
45.8615
52.378
171.175
52.376
15.3221
17.7178
15.0687
17.2532
17.253
15.0687
17.7177
15.3221
52.3755
45.861
17.718
21.4198
21.6935
33.2419
33.2417
21.6936
21.4199
17.7182
45.8609
39.6181
15.0688
21.6935
25.8459
39.978
39.978
25.8458
21.6935
15.0689
39.618
45.6467
17.2532
33.2419
39.9779
46.4352
46.4352
39.978
33.2419
17.2531
45.6467
45.6465
17.253
33.2417
39.978
46.4352
46.4352
39.9781
33.2417
17.2529
45.6465
39.6179
15.0687
21.6935
25.8458
39.978
39.9781
25.8457
21.6935
15.0687
39.6178
45.8613
17.7178
21.4199
21.6936
33.2419
33.2418
21.6936
21.42
17.7179
45.8611
52.3774
15.3221
17.7181
15.0687
17.253
17.2529
15.0687
17.718
15.3221
52.3768
171.175
52.3761
45.861
39.618
45.6466
45.6465
39.6179
45.861
52.3766
171.176
104.111
28.213
25.9616
26.5435
31.1538
31.1537
26.5435
25.9618
28.2138
104.111
28.2117
10.827
14.6357
12.0845
13.7631
13.763
12.0847
14.6356
10.827
28.2111
25.9615
14.6359
17.0266
16.4497
22.9608
22.9608
16.4498
17.0266
14.6361
25.9615
26.5435
12.0844
16.4496
16.9844
26.4425
26.4424
16.9845
16.4496
12.0844
26.5435
31.1538
13.7629
22.9608
26.4424
34.8358
34.8358
26.4424
22.9608
13.7626
31.1537
31.1537
13.7629
22.9608
26.4424
34.8358
34.8358
26.4423
22.9608
13.7627
31.1536
26.5434
12.0847
16.4498
16.9845
26.4423
26.4423
16.9845
16.4498
12.0846
26.5434
25.9617
14.6357
17.0267
16.4497
22.9609
22.9608
16.4498
17.0267
14.6359
25.9616
28.2132
10.8271
14.636
12.0845
13.7626
13.7626
12.0846
14.636
10.8271
28.2125
104.111
28.2117
25.9616
26.5435
31.1536
31.1535
26.5434
25.9616
28.2123
104.111
75.7463
17.9888
19.1958
16.6347
20.7743
20.7742
16.6346
19.196
17.9902
75.7466
17.9864
8.66376
12.762
9.57258
11.6612
11.661
9.57266
12.7619
8.66376
17.9852
19.1955
12.7621
15.164
13.229
17.4627
17.4628
13.2291
15.1641
12.7623
19.1955
16.6349
9.57258
13.2289
12.6091
17.5069
17.5069
12.6091
13.2288
9.57269
16.6351
20.7744
11.6609
17.4626
17.5069
24.5547
24.5548
17.5068
17.4626
11.6605
20.7743
20.7742
11.6608
17.4627
17.5069
24.5548
24.5548
17.5068
17.4626
11.6605
20.7741
16.6347
9.57267
13.2291
12.6091
17.5068
17.5068
12.6091
13.229
9.5727
16.6348
19.1959
12.762
15.1641
13.2289
17.4627
17.4627
13.229
15.1642
12.7621
19.1958
17.9891
8.66375
12.7622
9.57268
11.6605
11.6604
9.57274
12.7622
8.66373
17.988
75.7466
17.9864
19.1956
16.635
20.7742
20.7741
16.6349
19.1957
17.9876
75.7468
47.641
13.2618
15.9615
13.7882
15.908
15.9079
13.7881
15.9616
13.2622
47.6412
13.261
8.23964
11.735
9.19737
11.1559
11.1558
9.19737
11.735
8.23965
13.2607
15.9613
11.7351
14.0158
12.0134
14.7028
14.7028
12.0135
14.0158
11.7351
15.9613
13.7882
9.19735
12.0132
10.7951
13.258
13.2581
10.7951
12.0131
9.19737
13.7882
15.908
11.1558
14.7028
13.258
18.2033
18.2033
13.258
14.7028
11.1555
15.908
15.908
11.1557
14.7028
13.258
18.2033
18.2034
13.258
14.7028
11.1555
15.9079
13.7881
9.19733
12.0134
10.7951
13.258
13.258
10.795
12.0133
9.19731
13.7881
15.9615
11.735
14.0159
12.0132
14.7028
14.7028
12.0133
14.0159
11.7351
15.9615
13.2618
8.23963
11.7351
9.19735
11.1555
11.1554
9.19734
11.7351
8.23963
13.2615
47.6413
13.261
15.9614
13.7882
15.9079
15.9079
13.7882
15.9615
13.2614
47.6415
27.5383
10.6572
13.2166
10.8817
12.1751
12.1751
10.8816
13.2166
10.6573
27.5385
10.657
8.11631
10.4923
9.03381
9.95543
9.95542
9.03389
10.4923
8.11632
10.6569
13.2165
10.4923
12.4904
10.7046
12.6412
12.6413
10.7047
12.4904
10.4922
13.2165
10.8817
9.0337
10.7044
9.7586
11.0222
11.0222
9.75855
10.7042
9.03359
10.8817
12.1751
9.9553
12.6412
11.0223
14.1822
14.1822
11.0223
12.6413
9.95512
12.1751
12.175
9.95531
12.6413
11.0222
14.1823
14.1824
11.0222
12.6413
9.95516
12.175
10.8815
9.03383
10.7046
9.7585
11.0222
11.0222
9.75844
10.7045
9.0337
10.8815
13.2166
10.4923
12.4904
10.7043
12.6413
12.6414
10.7044
12.4904
10.4923
13.2166
10.6572
8.11628
10.4922
9.03359
9.95508
9.95509
9.03366
10.4923
8.11626
10.6571
27.5385
10.657
13.2165
10.8816
12.175
12.1749
10.8815
13.2166
10.6571
27.5387
16.7681
9.59907
12.0118
10.017
10.7239
10.7238
10.0169
12.0118
9.5991
16.7683
9.59899
8.30141
9.82746
8.69797
9.92304
9.92311
8.69812
9.82748
8.30142
9.59896
12.0117
9.8274
11.5372
9.87481
11.4632
11.4631
9.87489
11.5372
9.82732
12.0117
10.017
8.69778
9.87464
8.91798
9.71305
9.71299
8.91794
9.87448
8.69762
10.0169
10.7239
9.92293
11.4632
9.71306
11.6491
11.6491
9.71304
11.4632
9.92282
10.7238
10.7238
9.92304
11.4631
9.71296
11.6492
11.6492
9.71295
11.4632
9.92293
10.7237
10.0168
8.69803
9.87479
8.91789
9.71302
9.71298
8.91784
9.87464
8.69786
10.0167
12.0118
9.82747
11.5372
9.87448
11.4632
11.4632
9.87456
11.5372
9.8274
12.0118
9.59901
8.30138
9.82733
8.69766
9.92281
9.92288
8.6978
9.82735
8.30135
9.59895
16.7683
9.59899
12.0117
10.0168
10.7238
10.7237
10.0167
12.0118
9.59898
16.7686
11.4394
9.13343
11.0123
9.67749
10.1036
10.1035
9.67742
11.0123
9.13346
11.4397
9.13338
8.45187
9.2356
8.83834
9.52342
9.52345
8.83835
9.23562
8.45189
9.13337
11.0123
9.23553
10.8129
9.44037
10.2729
10.2729
9.44044
10.8128
9.23543
11.0123
9.67747
8.83828
9.44019
8.34861
8.92023
8.92015
8.34853
9.43999
8.83817
9.6774
10.1035
9.52333
10.2729
8.92019
10.251
10.251
8.9201
10.2729
9.52324
10.1035
10.1035
9.52338
10.2729
8.92006
10.251
10.251
8.91998
10.2729
9.52329
10.1034
9.6773
8.83826
9.44031
8.34843
8.92006
8.92
8.34834
9.44013
8.83817
9.67723
11.0123
9.23558
10.8127
9.43999
10.2729
10.2729
9.44006
10.8126
9.23549
11.0122
9.13337
8.45185
9.2354
8.83813
9.52322
9.52324
8.83815
9.23543
8.45182
9.13332
11.4399
9.1334
11.0123
9.67736
10.1035
10.1034
9.6773
11.0123
9.13338
11.4402
10.1035
9.09707
10.3354
9.64061
9.81235
9.81235
9.64053
10.3354
9.09709
10.104
9.097
8.59042
8.95256
8.83369
9.11471
9.11479
8.83373
8.95257
8.59043
9.09697
10.3354
8.9525
10.3052
8.92309
9.45403
9.45401
8.92311
10.3051
8.95241
10.3354
9.64059
8.83363
8.92298
8.25392
8.68209
8.68197
8.2538
8.92283
8.83359
9.64049
9.8123
9.1146
9.45398
8.68202
9.33013
9.33017
8.68186
9.4539
9.11454
9.81224
9.81229
9.11472
9.45395
8.68182
9.33019
9.33021
8.68169
9.45386
9.11465
9.81223
9.64041
8.83368
8.92301
8.25368
8.68178
8.6817
8.25356
8.92288
8.83363
9.64031
10.3354
8.9525
10.305
8.9228
9.45386
9.45384
8.92282
10.305
8.95242
10.3354
9.097
8.59039
8.95237
8.83358
9.11454
9.1146
8.83362
8.95238
8.59036
9.0969
10.1042
9.09702
10.3354
9.64044
9.81224
9.81224
9.64035
10.3354
9.097
10.1047
9.68669
8.9501
9.87729
9.35269
9.42442
9.42441
9.35262
9.87734
8.95002
9.68749
8.95003
8.70867
8.811
8.91644
8.93616
8.93619
8.91646
8.811
8.70867
8.94987
9.87725
8.81096
9.807
8.73991
9.20112
9.20111
8.73999
9.80695
8.81093
9.87728
9.3527
8.91639
8.73981
8.60172
8.73108
8.73094
8.60168
8.73975
8.91638
9.35268
9.42437
8.93608
9.20108
8.73111
8.77741
8.77736
8.73106
9.20105
8.93605
9.42434
9.42434
8.93611
9.20106
8.73086
8.77732
8.77725
8.73085
9.20103
8.93607
9.4243
9.35256
8.91641
8.73993
8.60164
8.73099
8.73089
8.6016
8.73986
8.91639
9.35251
9.87732
8.81095
9.80691
8.73976
9.20104
9.20103
8.73983
9.80687
8.81091
9.87733
8.94984
8.70864
8.81091
8.91639
8.93606
8.93608
8.9164
8.81091
8.70861
8.94961
9.68786
8.94989
9.87735
9.35266
9.42433
9.42431
9.35256
9.87739
8.94978
9.68853
9.52016
8.87476
9.37499
8.97292
9.09235
9.09235
8.97291
9.37507
8.87491
9.52061
8.8747
8.75591
8.69074
8.7997
8.78337
8.78339
8.79974
8.69079
8.75595
8.87478
9.37497
8.69071
9.29831
8.55433
8.91524
8.91527
8.55442
9.29828
8.69077
9.37506
8.97291
8.79967
8.5543
8.5619
8.67818
8.67812
8.56199
8.55435
8.79969
8.97294
9.09233
8.78334
8.91522
8.67831
8.99694
8.99684
8.67845
8.91527
8.78335
9.09235
9.09233
8.78336
8.91528
8.67816
8.99676
8.99672
8.67829
8.91532
8.78336
9.09234
8.97289
8.79972
8.5544
8.56203
8.67841
8.67835
8.5621
8.5544
8.79973
8.97288
9.37509
8.6908
9.29824
8.55437
8.91531
8.91534
8.55441
9.29819
8.69084
9.37515
8.87489
8.75594
8.6908
8.79971
8.78336
8.78337
8.79973
8.69084
8.75595
8.87491
9.52082
8.87487
9.37514
8.97295
9.09236
9.09235
8.97291
9.3752
8.87495
9.52121
9.4036
8.79184
8.78633
8.59111
8.64331
8.64333
8.59116
8.78645
8.79203
9.40389
8.79177
8.67347
8.48969
8.58757
8.52132
8.52133
8.5876
8.48976
8.67352
8.79188
8.78631
8.4897
8.65732
8.13558
8.51054
8.51057
8.13567
8.6573
8.48982
8.78646
8.5911
8.58755
8.13558
8.36768
8.55839
8.55842
8.36775
8.13568
8.58758
8.59115
8.6433
8.5213
8.51052
8.5585
9.10365
9.10367
8.55869
8.51058
8.52133
8.64335
8.64332
8.52131
8.51057
8.55852
9.10369
9.10375
8.55868
8.51061
8.52133
8.64336
8.59117
8.5876
8.13569
8.36777
8.5587
8.5587
8.36783
8.13575
8.58762
8.59119
8.7865
8.4898
8.65728
8.13569
8.51061
8.51063
8.13574
8.65724
8.48988
8.7866
8.79204
8.67353
8.48985
8.58759
8.52133
8.52133
8.58761
8.48989
8.67356
8.7921
9.40403
8.79198
8.78653
8.59117
8.64338
8.64338
8.59119
8.78662
8.79211
9.40429
9.29472
8.52413
8.26369
8.34175
8.24809
8.24808
8.34179
8.26374
8.52434
9.29492
8.52404
8.41455
8.16281
8.32734
8.23852
8.23853
8.32737
8.16291
8.41464
8.52413
8.26371
8.16281
8.08344
7.8609
8.16571
8.16572
7.86095
8.08345
8.16297
8.26392
8.34175
8.32733
7.8609
8.11975
8.33139
8.33142
8.11981
7.861
8.32741
8.34183
8.24809
8.23851
8.1657
8.33145
8.76222
8.76233
8.33156
8.16577
8.23856
8.24817
8.24808
8.23852
8.16572
8.33149
8.76241
8.76249
8.33159
8.16578
8.23856
8.24814
8.3418
8.32738
7.86096
8.11984
8.33157
8.33159
8.11989
7.86105
8.32745
8.34186
8.26379
8.16296
8.08344
7.86099
8.16579
8.1658
7.86104
8.08342
8.16306
8.26396
8.52434
8.41466
8.16301
8.32743
8.23857
8.23857
8.32745
8.16307
8.41469
8.52436
9.29501
8.52423
8.26396
8.34185
8.24819
8.24817
8.34186
8.26398
8.52435
9.29518
9.16354
8.16426
7.88594
7.95703
7.90825
7.90822
7.957
7.88586
8.16451
9.16365
8.16419
8.05257
7.77069
8.01097
7.87709
7.87709
8.01097
7.7708
8.0527
8.16424
7.88599
7.77067
7.67016
7.78166
7.89298
7.89297
7.78162
7.67021
7.77091
7.88626
7.95704
8.01098
7.78168
7.83489
7.98962
7.98964
7.83494
7.78175
8.0111
7.95716
7.90827
7.87709
7.89298
7.98965
8.25443
8.25449
7.98974
7.89306
7.87715
7.90836
7.90822
7.87709
7.89298
7.98967
8.25453
8.25458
7.98974
7.89305
7.87715
7.90831
7.95701
8.01098
7.7816
7.83497
7.98975
7.98976
7.83502
7.7817
8.01109
7.95713
7.88588
7.77083
7.67021
7.7817
7.89308
7.89307
7.78168
7.67022
7.771
7.88613
8.16452
8.05272
7.77099
8.01112
7.87717
7.87717
8.01111
7.77104
8.05275
8.16448
9.1637
8.16431
7.88628
7.95718
7.90838
7.90835
7.95716
7.88621
8.16444
9.16376
9.16545
7.75334
7.56339
7.37912
7.55424
7.55419
7.379
7.56318
7.75366
9.16547
7.7533
7.66632
7.48387
7.6417
7.53818
7.53818
7.64168
7.48392
7.66643
7.75327
7.56344
7.48382
7.43139
7.60604
7.598
7.598
7.606
7.43147
7.48406
7.56376
7.37914
7.64169
7.60604
7.5141
7.66068
7.66067
7.51415
7.60607
7.64179
7.37932
7.55425
7.53817
7.59799
7.6607
7.83872
7.83876
7.66076
7.59804
7.53822
7.55437
7.5542
7.53817
7.598
7.6607
7.83878
7.83882
7.66076
7.59805
7.53822
7.55432
7.379
7.64168
7.60597
7.51417
7.66077
7.66077
7.51422
7.60601
7.64177
7.3792
7.56319
7.48392
7.43148
7.60606
7.59806
7.59807
7.60603
7.43153
7.48411
7.5635
7.75368
7.66645
7.48417
7.64181
7.53824
7.53824
7.6418
7.48419
7.66645
7.75352
9.16546
7.75328
7.56378
7.37935
7.5544
7.55437
7.37928
7.56362
7.75343
9.16542
9.58073
7.26393
7.43372
6.90293
7.18609
7.18603
6.90264
7.43317
7.26448
9.58074
7.26394
7.23801
7.28845
7.28737
7.27207
7.27207
7.28733
7.28849
7.2381
7.26364
7.43378
7.28837
7.37381
7.25346
7.28929
7.28929
7.25347
7.37383
7.28855
7.43425
6.90299
7.28737
7.25343
7.22827
7.33594
7.33594
7.22829
7.25347
7.28747
6.90331
7.18612
7.27207
7.2893
7.33595
7.45118
7.45121
7.336
7.28936
7.27217
7.18626
7.18604
7.27208
7.2893
7.33596
7.45123
7.45125
7.33601
7.28937
7.27217
7.18619
6.90263
7.28734
7.25345
7.2283
7.33601
7.33601
7.22833
7.25348
7.28744
6.90298
7.43315
7.28846
7.37383
7.25351
7.28938
7.28939
7.25351
7.37386
7.2886
7.43367
7.26453
7.23811
7.28865
7.28749
7.27219
7.27219
7.28746
7.28867
7.23808
7.26406
9.58064
7.26354
7.43427
6.90329
7.18628
7.18624
6.90307
7.43389
7.26381
9.58041
9.6999
6.81327
7.38525
6.72732
6.92344
6.92339
6.72722
7.38391
6.81467
9.70005
6.81327
6.86235
7.0562
6.93161
6.97239
6.97237
6.93153
7.05617
6.86243
6.8122
7.38534
7.05613
7.17579
6.89623
6.95554
6.95556
6.89623
7.17578
7.05631
7.38639
6.72729
6.93161
6.89621
6.94328
7.01143
7.01143
6.94331
6.89627
6.93172
6.72753
6.92346
6.97239
6.95554
7.01144
7.07716
7.07718
7.01149
6.95559
6.97248
6.92361
6.92339
6.97237
6.95557
7.01144
7.07719
7.0772
7.01149
6.95561
6.97245
6.92354
6.72723
6.93153
6.89621
6.94332
7.0115
7.01149
6.94336
6.89625
6.93164
6.72747
7.38389
7.05615
7.17578
6.8963
6.95561
6.95562
6.89629
7.17579
7.05631
7.38512
6.81475
6.86243
7.05639
6.93175
6.9725
6.97249
6.93169
7.05637
6.86238
6.81337
9.69987
6.81195
7.3865
6.72762
6.92361
6.92358
6.72758
7.38567
6.8127
9.69934
8.79036
6.40042
7.0675
6.45624
6.64354
6.64349
6.45616
7.06715
6.4009
8.79048
6.40046
6.5003
6.70696
6.60598
6.65573
6.65571
6.60591
6.70693
6.50035
6.40013
7.06752
6.70693
6.85893
6.58187
6.64427
6.64428
6.58186
6.85889
6.70699
7.06779
6.45623
6.60599
6.58185
6.65759
6.68772
6.68772
6.65763
6.58191
6.60609
6.45644
6.64355
6.65573
6.64427
6.68773
6.72092
6.72093
6.68777
6.64429
6.65582
6.64365
6.64348
6.65571
6.64429
6.68773
6.72093
6.72094
6.68777
6.64432
6.6558
6.6436
6.45616
6.60591
6.58185
6.65765
6.68778
6.68777
6.65768
6.58189
6.60601
6.45636
7.06715
6.70691
6.85889
6.58193
6.6443
6.64432
6.58192
6.85886
6.70697
7.06744
6.40097
6.50035
6.70702
6.60611
6.65585
6.65584
6.60606
6.707
6.5003
6.40048
8.7904
6.40001
7.06781
6.45649
6.64369
6.64365
6.45644
7.06758
6.40023
8.79008
7.9561
5.96826
6.65097
6.20152
6.31202
6.312
6.20147
6.65083
5.96844
7.95638
5.96831
6.13363
6.33191
6.29462
6.34355
6.34353
6.29456
6.3319
6.13365
5.96822
6.65096
6.33189
6.47289
6.28565
6.3406
6.34061
6.28564
6.47287
6.33188
6.65105
6.20151
6.29463
6.28564
6.35795
6.36429
6.36429
6.358
6.28566
6.29471
6.20164
6.31203
6.34355
6.3406
6.3643
6.37946
6.37947
6.36433
6.34062
6.34362
6.31213
6.312
6.34354
6.34062
6.36429
6.37947
6.37948
6.36433
6.34064
6.3436
6.3121
6.20147
6.29455
6.28563
6.35802
6.36434
6.36434
6.35806
6.28565
6.29463
6.2016
6.6508
6.33189
6.47286
6.28567
6.34062
6.34064
6.28566
6.47285
6.33188
6.65091
5.96848
6.13365
6.33189
6.29473
6.34364
6.34363
6.29468
6.33188
6.13361
5.96831
7.95643
5.96816
6.65109
6.20169
6.31215
6.31214
6.20165
6.65099
5.96822
7.95644
7.12282
5.62495
6.1904
5.9294
6.01087
6.01086
5.92937
6.19033
5.62497
7.12307
5.62498
5.76668
5.93965
5.96335
6.01698
6.01697
5.96329
5.93966
5.76668
5.62493
6.1904
5.93964
6.1264
5.98468
6.02438
6.0244
5.98466
6.1264
5.93961
6.19042
5.9294
5.96336
5.98468
6.0403
6.03526
6.03525
6.04035
5.98469
5.96342
5.9295
6.01087
6.01698
6.02437
6.03526
6.04264
6.04264
6.03528
6.02438
6.01703
6.01095
6.01086
6.01697
6.02441
6.03526
6.04265
6.04265
6.03528
6.02442
6.01702
6.01094
5.92937
5.96328
5.98465
6.04036
6.03528
6.03528
6.04039
5.98466
5.96334
5.92946
6.1903
5.93966
6.1264
5.98469
6.02439
6.02441
5.98467
6.1264
5.93962
6.19033
5.62499
5.76668
5.9396
5.96343
6.01705
6.01704
5.96338
5.93961
5.76665
5.62491
7.12312
5.6249
6.19044
5.92953
6.01097
6.01096
5.9295
6.19038
5.62489
7.12318
6.43686
5.27936
5.82434
5.66233
5.68848
5.68847
5.66229
5.8243
5.27934
6.43698
5.27938
5.35817
5.54461
5.60434
5.67385
5.67384
5.60428
5.54462
5.35817
5.27936
5.82433
5.54461
5.81052
5.68723
5.69414
5.69415
5.68721
5.81052
5.54457
5.82431
5.66234
5.60435
5.68723
5.72414
5.697
5.69699
5.72416
5.68724
5.60438
5.6624
5.68848
5.67386
5.69414
5.697
5.70428
5.70428
5.69701
5.69414
5.67389
5.68854
5.68847
5.67383
5.69416
5.69699
5.70428
5.70428
5.697
5.69417
5.67387
5.68853
5.66228
5.60427
5.68721
5.72417
5.69701
5.69701
5.72419
5.68722
5.60432
5.66235
5.82428
5.54463
5.81052
5.68722
5.69414
5.69416
5.68722
5.81052
5.54459
5.82428
5.27935
5.35817
5.54455
5.6044
5.67391
5.67389
5.60435
5.54457
5.35815
5.27932
6.43701
5.27935
5.82432
5.66242
5.68855
5.68855
5.66238
5.8243
5.27932
6.43706
6.3347
4.96676
5.57566
5.35768
5.3806
5.38059
5.35765
5.57566
4.96674
6.33506
4.96677
4.96594
5.16406
5.23347
5.33985
5.33985
5.23343
5.16408
4.96596
4.96678
5.57568
5.16406
5.52656
5.37033
5.36468
5.3647
5.37035
5.52658
5.16404
5.57576
5.35769
5.23347
5.37034
5.40362
5.35716
5.35715
5.40364
5.37034
5.23351
5.35774
5.3806
5.33985
5.36469
5.35716
5.3669
5.3669
5.35717
5.3647
5.33989
5.38064
5.38059
5.33985
5.36471
5.35715
5.3669
5.36691
5.35717
5.36472
5.33989
5.38064
5.35765
5.23342
5.37037
5.40365
5.35718
5.35717
5.40366
5.37038
5.23347
5.3577
5.57567
5.1641
5.52659
5.37033
5.3647
5.36471
5.37036
5.52658
5.16407
5.57573
4.96674
4.96596
5.16402
5.23352
5.3399
5.3399
5.2335
5.16405
4.96596
4.96675
6.33513
4.96678
5.57578
5.35776
5.38066
5.38066
5.35773
5.57575
4.96676
6.33525
6.75973
4.64655
5.33486
5.07252
5.09984
5.09985
5.07251
5.33487
4.64652
6.76026
4.64657
4.65826
4.81414
4.89332
5.02205
5.02206
4.89329
4.81417
4.65828
4.64658
5.33487
4.81414
5.24161
5.03016
5.05188
5.05189
5.0302
5.24165
4.81414
5.33495
5.07252
4.89332
5.03016
5.05653
5.02658
5.02658
5.05655
5.03017
4.89335
5.07257
5.09985
5.02205
5.05188
5.02658
5.04304
5.04304
5.0266
5.0519
5.02208
5.0999
5.09985
5.02206
5.0519
5.02658
5.04304
5.04305
5.0266
5.05192
5.02209
5.0999
5.07251
4.89328
5.03022
5.05656
5.0266
5.0266
5.05656
5.03023
4.89332
5.07256
5.33489
4.81419
5.24167
5.03017
5.0519
5.05192
5.03021
5.24168
4.81418
5.33493
4.64653
4.65829
4.81413
4.89336
5.02209
5.0221
4.89335
4.81415
4.6583
4.64654
6.76038
4.64657
5.33496
5.07259
5.09991
5.09991
5.07258
5.33495
4.64655
6.76055
5.68392
4.28098
5.06191
4.78067
4.81208
4.81209
4.78067
5.06186
4.28094
5.68283
4.28102
4.38105
4.48724
4.60209
4.71335
4.71336
4.60207
4.48727
4.38108
4.28103
5.06193
4.48725
4.91918
4.68121
4.73771
4.73772
4.68124
4.91922
4.48726
5.06192
4.78067
4.60208
4.68121
4.68713
4.70392
4.70392
4.68713
4.68122
4.60211
4.78071
4.81209
4.71335
4.73772
4.70392
4.72783
4.72783
4.70393
4.73774
4.71338
4.81213
4.81209
4.71337
4.73773
4.70392
4.72783
4.72784
4.70393
4.73775
4.71339
4.81213
4.78067
4.60206
4.68125
4.68713
4.70394
4.70394
4.68713
4.68127
4.60209
4.7807
5.06186
4.48729
4.91924
4.68122
4.73774
4.73775
4.68125
4.91925
4.48729
5.06188
4.28096
4.38109
4.48724
4.60212
4.71339
4.71339
4.60211
4.48727
4.38111
4.28098
5.68256
4.281
5.06192
4.78072
4.81214
4.81214
4.78072
5.06189
4.28097
5.68219
4.95483
3.78789
4.72559
4.47975
4.51108
4.51108
4.47975
4.72557
3.7879
4.95445
3.78791
4.09094
4.14815
4.29963
4.4057
4.4057
4.29963
4.1482
4.09098
3.78792
4.7256
4.14816
4.53304
4.31666
4.41871
4.41872
4.31671
4.53308
4.14816
4.72561
4.47974
4.29963
4.31666
4.33637
4.38517
4.38517
4.33636
4.31669
4.29965
4.47978
4.51109
4.4057
4.41872
4.38517
4.41432
4.41432
4.38518
4.41873
4.40571
4.51112
4.51108
4.4057
4.41872
4.38518
4.41432
4.41433
4.38518
4.41874
4.40572
4.51111
4.47976
4.29962
4.31673
4.33636
4.38519
4.38519
4.33636
4.31674
4.29963
4.47978
4.72558
4.14823
4.5331
4.31668
4.41873
4.41874
4.31672
4.53314
4.14822
4.7256
3.78792
4.09099
4.14815
4.29966
4.40572
4.40572
4.29965
4.14819
4.09101
3.78793
4.95436
3.7879
4.7256
4.47978
4.51112
4.51112
4.47979
4.72559
3.78791
4.95423
5.1577
3.33928
4.32411
4.12996
4.18696
4.18696
4.12998
4.32416
3.33936
5.15834
3.33929
3.78952
3.79398
4.01704
4.09418
4.09419
4.01703
3.794
3.78956
3.33937
4.32412
3.79399
4.08665
3.94977
4.09969
4.0997
3.94981
4.08669
3.79402
4.32419
4.12996
4.01704
3.94977
4.02309
4.07318
4.07318
4.02307
3.94979
4.01705
4.12998
4.18697
4.09418
4.0997
4.07318
4.10621
4.10621
4.07318
4.09971
4.09419
4.18699
4.18696
4.09419
4.09971
4.07318
4.10621
4.10622
4.07319
4.09973
4.0942
4.18699
4.12999
4.01703
3.94982
4.02307
4.07319
4.07319
4.02306
3.94984
4.01703
4.13001
4.32418
3.79402
4.08671
3.94979
4.09971
4.09973
3.94982
4.08675
3.79404
4.32422
3.33938
3.78958
3.79402
4.01706
4.0942
4.0942
4.01704
3.79403
3.7896
3.33941
5.15847
3.33937
4.3242
4.12998
4.18699
4.18699
4.13
4.32422
3.33939
5.1586
6.38448
3.07445
4.04478
3.78403
3.84734
3.84734
3.78405
4.04482
3.07449
6.38455
3.07445
3.41946
3.511
3.76706
3.78584
3.78584
3.76705
3.51099
3.4195
3.07448
4.04479
3.51103
3.67614
3.59788
3.78111
3.78112
3.59786
3.67616
3.51107
4.04483
3.78403
3.76706
3.59788
3.73821
3.77057
3.77057
3.73819
3.59787
3.76707
3.78405
3.84734
3.78584
3.78111
3.77057
3.80342
3.80343
3.77057
3.78112
3.78584
3.84736
3.84734
3.78584
3.78112
3.77057
3.80343
3.80343
3.77057
3.78113
3.78585
3.84736
3.78407
3.76705
3.59785
3.73818
3.77057
3.77057
3.73818
3.59786
3.76706
3.78408
4.04484
3.51099
3.67617
3.59786
3.78112
3.78113
3.59785
3.6762
3.51103
4.04488
3.0745
3.41951
3.51107
3.76708
3.78585
3.78585
3.76707
3.51105
3.41954
3.0745
6.38457
3.07448
4.04483
3.78404
3.84736
3.84736
3.78406
4.04487
3.07449
6.38464
5.60236
2.84754
3.59642
3.48561
3.53973
3.53973
3.48562
3.59646
2.84755
5.60236
2.84754
3.04564
3.26142
3.44796
3.48353
3.48353
3.44794
3.26141
3.04566
2.84755
3.59642
3.26144
3.29141
3.29773
3.4767
3.47671
3.29769
3.29142
3.26148
3.59644
3.48561
3.44796
3.29774
3.46158
3.47385
3.47386
3.46156
3.29772
3.44796
3.48562
3.53974
3.48353
3.4767
3.47385
3.50734
3.50734
3.47385
3.47671
3.48354
3.53975
3.53973
3.48353
3.47671
3.47386
3.50734
3.50735
3.47385
3.47672
3.48354
3.53974
3.48563
3.44793
3.29768
3.46156
3.47385
3.47385
3.46156
3.29767
3.44793
3.48563
3.59648
3.26141
3.29142
3.29771
3.47671
3.47672
3.29768
3.29145
3.26145
3.59651
2.84755
3.04567
3.26149
3.44796
3.48354
3.48354
3.44794
3.26147
3.04568
2.84755
5.60236
2.84756
3.59644
3.48562
3.53975
3.53975
3.48563
3.59648
2.84755
5.60242
4.58359
2.62958
3.21868
3.18003
3.22752
3.22752
3.18002
3.21871
2.62959
4.58364
2.62958
2.6751
2.93981
3.13554
3.18442
3.18442
3.13551
2.93983
2.67512
2.62958
3.21868
2.93982
2.95525
3.05509
3.20013
3.20014
3.05505
2.95524
2.93985
3.2187
3.18003
3.13554
3.05509
3.17382
3.18353
3.18353
3.17382
3.05508
3.13553
3.18003
3.22752
3.18442
3.20013
3.18353
3.21763
3.21763
3.18353
3.20014
3.18442
3.22753
3.22752
3.18442
3.20014
3.18353
3.21763
3.21764
3.18353
3.20014
3.18443
3.22753
3.18001
3.1355
3.05504
3.17382
3.18353
3.18353
3.17382
3.05503
3.1355
3.18002
3.21872
2.93984
2.95524
3.05507
3.20014
3.20014
3.05504
2.95524
2.93986
3.21874
2.6296
2.67512
2.93985
3.13553
3.18443
3.18443
3.13551
2.93986
2.67513
2.62959
4.58365
2.62958
3.2187
3.18003
3.22754
3.22754
3.18002
3.21873
2.62958
4.58369
4.08118
2.38902
2.87998
2.86242
2.93045
2.93046
2.8624
2.87999
2.38903
4.08117
2.38902
2.39341
2.64622
2.84686
2.89574
2.89574
2.84686
2.64623
2.39341
2.38901
2.87997
2.64622
2.784
2.82971
2.94181
2.94181
2.8297
2.784
2.64624
2.87999
2.86242
2.84686
2.82971
2.87805
2.89928
2.89928
2.87805
2.82972
2.84686
2.86242
2.93045
2.89574
2.94181
2.89928
2.93374
2.93375
2.89928
2.94181
2.89575
2.93046
2.93046
2.89574
2.94181
2.89928
2.93375
2.93375
2.89928
2.94181
2.89574
2.93047
2.86239
2.84686
2.8297
2.87805
2.89928
2.89928
2.87805
2.8297
2.84686
2.86239
2.87998
2.64624
2.784
2.82972
2.94181
2.94181
2.8297
2.78398
2.64625
2.87999
2.38903
2.39341
2.64624
2.84686
2.89575
2.89575
2.84686
2.64625
2.39341
2.38902
4.08116
2.38901
2.88
2.86242
2.93047
2.93048
2.8624
2.88
2.38901
4.08116
4.39542
2.16732
2.68206
2.56991
2.64647
2.64647
2.56989
2.68203
2.16731
4.39533
2.16731
2.14119
2.42286
2.56326
2.61547
2.61548
2.56327
2.42288
2.14118
2.1673
2.68206
2.42286
2.66475
2.58397
2.6811
2.6811
2.58396
2.66477
2.42288
2.68206
2.56991
2.56326
2.58397
2.5849
2.6162
2.61621
2.5849
2.58398
2.56327
2.56991
2.64647
2.61547
2.6811
2.6162
2.65226
2.65226
2.6162
2.6811
2.61548
2.64648
2.64647
2.61548
2.6811
2.61621
2.65226
2.65227
2.61621
2.6811
2.61549
2.64648
2.56987
2.56327
2.58397
2.5849
2.61621
2.61621
2.5849
2.58397
2.56328
2.56988
2.68199
2.4229
2.66477
2.58399
2.6811
2.68111
2.58398
2.66476
2.4229
2.682
2.1673
2.14118
2.42287
2.56327
2.61548
2.61549
2.56328
2.42288
2.14118
2.16729
4.3953
2.1673
2.68209
2.56992
2.64649
2.64649
2.5699
2.68206
2.1673
4.39525
4.27656
1.91399
2.47998
2.30147
2.36933
2.36933
2.30147
2.4799
1.91397
4.27653
1.91399
1.87214
2.21239
2.27834
2.33717
2.33718
2.27835
2.21244
1.87215
1.91398
2.47998
2.21239
2.47195
2.32521
2.41606
2.41607
2.32521
2.47196
2.21241
2.47997
2.30146
2.27834
2.32521
2.29967
2.33585
2.33585
2.29967
2.32522
2.27835
2.30148
2.36933
2.33717
2.41606
2.33585
2.37374
2.37374
2.33585
2.41607
2.33718
2.36934
2.36933
2.33718
2.41607
2.33585
2.37375
2.37375
2.33585
2.41607
2.33718
2.36934
2.30146
2.27836
2.32522
2.29967
2.33585
2.33585
2.29967
2.32522
2.27836
2.30147
2.47982
2.21249
2.47196
2.32522
2.41607
2.41607
2.32522
2.47195
2.21248
2.47984
1.91395
1.87215
2.21239
2.27835
2.33718
2.33719
2.27836
2.21242
1.87215
1.91395
4.27652
1.91398
2.48001
2.3015
2.36935
2.36934
2.30149
2.47995
1.91397
4.2765
3.61902
1.68175
2.2265
2.01977
2.09171
2.09171
2.01977
2.22648
1.68174
3.61907
1.68174
1.61822
1.98987
1.99587
2.05999
2.06
1.99587
1.98989
1.61823
1.68174
2.2265
1.98986
2.26236
2.04757
2.13936
2.13936
2.04757
2.26235
1.98987
2.22651
2.01976
1.99587
2.04757
2.02213
2.05864
2.05865
2.02213
2.04757
1.99588
2.01978
2.09171
2.05999
2.13936
2.05864
2.09359
2.09359
2.05864
2.13937
2.06
2.09172
2.09171
2.06
2.13936
2.05865
2.09359
2.09359
2.05865
2.13937
2.06001
2.09171
2.01977
1.99587
2.04757
2.02213
2.05864
2.05865
2.02213
2.04757
1.99588
2.01978
2.22646
1.9899
2.26235
2.04758
2.13937
2.13937
2.04757
2.26234
1.9899
2.22647
1.68173
1.61823
1.98987
1.99588
2.06001
2.06001
1.99588
1.98988
1.61824
1.68173
3.6191
1.68175
2.22653
2.01979
2.09173
2.09172
2.0198
2.22652
1.68174
3.61911
3.1417
1.44536
1.958
1.74883
1.8151
1.81509
1.74881
1.958
1.44537
3.1417
1.44535
1.36906
1.72516
1.72447
1.78325
1.78326
1.72447
1.72518
1.36907
1.44536
1.958
1.72516
2.06193
1.77284
1.85747
1.85747
1.77284
2.06195
1.72517
1.95801
1.74883
1.72447
1.77285
1.75115
1.78159
1.7816
1.75115
1.77287
1.72448
1.74884
1.8151
1.78325
1.85747
1.78159
1.81393
1.81394
1.78159
1.85748
1.78326
1.8151
1.81509
1.78326
1.85747
1.7816
1.81394
1.81394
1.7816
1.85748
1.78326
1.8151
1.7488
1.72447
1.77284
1.75115
1.78159
1.7816
1.75115
1.77286
1.72448
1.74881
1.95799
1.72519
2.06195
1.77288
1.85748
1.85748
1.77287
2.06196
1.7252
1.958
1.44536
1.36907
1.72518
1.72449
1.78326
1.78327
1.72449
1.72519
1.36909
1.44537
3.14169
1.44536
1.95802
1.74885
1.81511
1.81511
1.74883
1.95802
1.44537
3.1417
3.0911
1.2323
1.69804
1.47765
1.53978
1.53978
1.47764
1.69805
1.23231
3.09112
1.23229
1.12953
1.41332
1.45651
1.50498
1.50499
1.45651
1.41335
1.12954
1.2323
1.69804
1.41332
1.8074
1.51175
1.57266
1.57266
1.51175
1.80741
1.41333
1.69805
1.47766
1.45651
1.51175
1.47897
1.50554
1.50554
1.47897
1.51177
1.45652
1.47766
1.53978
1.50498
1.57266
1.50553
1.53393
1.53393
1.50554
1.57267
1.50499
1.53979
1.53978
1.50499
1.57266
1.50554
1.53393
1.53394
1.50554
1.57267
1.50499
1.53979
1.47763
1.45651
1.51175
1.47897
1.50554
1.50554
1.47897
1.51177
1.45652
1.47764
1.69804
1.41335
1.80741
1.51178
1.57267
1.57267
1.51178
1.80743
1.41336
1.69805
1.23232
1.12955
1.41333
1.45653
1.50499
1.505
1.45653
1.41336
1.12956
1.23233
3.09113
1.23231
1.69806
1.47767
1.53979
1.53979
1.47765
1.69806
1.23233
3.09117
2.75028
0.983707
1.42644
1.20848
1.26714
1.26715
1.20847
1.42645
0.98372
2.75035
0.983704
0.873051
1.09812
1.18326
1.22591
1.22591
1.18326
1.09813
0.873063
0.983711
1.42644
1.09812
1.50398
1.22833
1.28734
1.28735
1.22833
1.50395
1.09812
1.42645
1.20849
1.18327
1.22834
1.20603
1.22778
1.22778
1.20603
1.22835
1.18327
1.20849
1.26714
1.2259
1.28734
1.22778
1.25336
1.25336
1.22778
1.28735
1.22591
1.26715
1.26714
1.22591
1.28735
1.22778
1.25336
1.25336
1.22778
1.28735
1.22592
1.26715
1.20846
1.18326
1.22833
1.20603
1.22778
1.22778
1.20603
1.22835
1.18327
1.20847
1.42645
1.09813
1.50393
1.22836
1.28736
1.28736
1.22836
1.50393
1.09814
1.42646
0.983722
0.873068
1.09812
1.18328
1.22591
1.22592
1.18327
1.09814
0.873077
0.983728
2.75038
0.983714
1.42646
1.20849
1.26715
1.26716
1.20848
1.42646
0.983727
2.75041
2.02933
0.764567
1.1272
0.942481
0.987465
0.987467
0.942478
1.12721
0.764575
2.02931
0.764565
0.668694
0.793791
0.912291
0.946423
0.946427
0.912289
0.793798
0.668706
0.764568
1.1272
0.79379
1.09847
0.943509
0.996287
0.996291
0.943512
1.09851
0.793796
1.12721
0.942483
0.912293
0.943512
0.932063
0.949262
0.949265
0.932065
0.943524
0.912299
0.942492
0.987465
0.946422
0.996286
0.949261
0.971469
0.971472
0.949263
0.996294
0.946428
0.987471
0.987467
0.946429
0.996292
0.949266
0.971473
0.971475
0.949267
0.996298
0.946434
0.987473
0.942477
0.912287
0.943513
0.932065
0.949264
0.949267
0.932066
0.943525
0.912295
0.942487
1.12721
0.793799
1.09853
0.94353
0.996298
0.996301
0.943531
1.09855
0.793806
1.12722
0.764577
0.668711
0.793797
0.912301
0.946431
0.946435
0.9123
0.793805
0.668719
0.764579
2.02931
0.764571
1.12722
0.942495
0.987475
0.987476
0.942493
1.12722
0.764578
2.02931
1.57039
0.501921
0.851193
0.689944
0.714795
0.714797
0.689946
0.851205
0.501928
1.5704
0.501919
0.426339
0.508208
0.638802
0.668719
0.668722
0.6388
0.508209
0.426359
0.501921
0.851192
0.508209
0.804358
0.664124
0.7148
0.714802
0.664126
0.804369
0.508213
0.851206
0.689946
0.638803
0.664126
0.656831
0.671499
0.671503
0.656832
0.664134
0.638808
0.689956
0.714794
0.668718
0.7148
0.671499
0.691285
0.691287
0.671499
0.714807
0.668723
0.7148
0.714798
0.668723
0.714803
0.671504
0.691288
0.691289
0.671504
0.714809
0.668728
0.714803
0.689946
0.638799
0.664127
0.656832
0.671499
0.671502
0.656833
0.664135
0.638805
0.689956
0.85121
0.508208
0.804371
0.664138
0.71481
0.714812
0.664139
0.804382
0.508215
0.851219
0.50193
0.426368
0.508214
0.63881
0.668726
0.668729
0.638809
0.508217
0.42638
0.50193
1.5704
0.501922
0.851211
0.68996
0.714803
0.714805
0.68996
0.85122
0.501928
1.57041
1.34093
0.330545
0.547823
0.423198
0.423811
0.423812
0.423201
0.547835
0.33055
1.34095
0.330542
0.345673
0.277408
0.367664
0.389364
0.389366
0.367665
0.277406
0.345675
0.330537
0.547823
0.277409
0.433185
0.378375
0.419178
0.419179
0.378377
0.433197
0.277411
0.547836
0.4232
0.367664
0.378376
0.380549
0.392861
0.392863
0.380551
0.37838
0.367668
0.423209
0.423811
0.389364
0.419179
0.39286
0.408385
0.408386
0.39286
0.419184
0.389367
0.423815
0.423813
0.389366
0.419179
0.392864
0.408386
0.408387
0.392863
0.419184
0.389369
0.423817
0.423201
0.367664
0.378377
0.380551
0.392859
0.392861
0.380552
0.378381
0.367668
0.42321
0.547839
0.277404
0.433201
0.378382
0.419187
0.419187
0.378383
0.43321
0.277408
0.547847
0.330552
0.345675
0.277412
0.36767
0.389369
0.38937
0.36767
0.277411
0.345675
0.330547
1.34095
0.330535
0.547842
0.423213
0.423817
0.423818
0.423214
0.547849
0.330541
1.34096
0.924548
0.0119388
0.274721
0.161564
0.153944
0.153946
0.161568
0.27473
0.011934
0.924518
0.011939
-0.0236921
0.0703373
0.105514
0.116643
0.116643
0.105519
0.0703336
-0.0236956
0.0119351
0.27472
0.070338
0.199192
0.122731
0.146295
0.146296
0.122732
0.199191
0.0703378
0.274727
0.161564
0.105514
0.122731
0.108334
0.118316
0.118317
0.108336
0.122733
0.105517
0.161566
0.153944
0.116643
0.146296
0.118316
0.130493
0.130493
0.118316
0.146297
0.116645
0.153946
0.153947
0.116644
0.146296
0.118317
0.130494
0.130494
0.118317
0.146297
0.116645
0.153948
0.161569
0.105522
0.122732
0.108337
0.118316
0.118317
0.108337
0.122734
0.105523
0.161571
0.274733
0.0703323
0.199191
0.122734
0.146298
0.146298
0.122734
0.199193
0.0703336
0.274737
0.0119319
-0.0236976
0.0703367
0.105519
0.116645
0.116646
0.105522
0.0703343
-0.0236985
0.0119306
0.924504
0.0119327
0.27473
0.161567
0.153947
0.153948
0.16157
0.274736
0.0119303
0.92449
)
;

boundaryField
{
    bottom
    {
        type            calculated;
        value           nonuniform List<scalar> 
100
(
263.909
145.084
120.346
101.645
89.1845
89.1845
101.645
120.346
145.085
263.91
145.085
69.3597
79.8675
68.6271
50.8962
50.896
68.6273
79.8673
69.3596
145.084
120.346
79.8673
79.9024
77.9003
67.4851
67.4848
77.9002
79.9026
79.8677
120.346
101.645
68.6271
77.9002
64.9047
59.7084
59.7085
64.9048
77.9004
68.6273
101.645
89.1845
50.8962
67.485
59.7084
59.0707
59.0707
59.7087
67.4852
50.8961
89.1844
89.1845
50.8961
67.4848
59.7085
59.0707
59.0706
59.7088
67.485
50.896
89.1843
101.645
68.6273
77.9003
64.9048
59.7087
59.7088
64.9049
77.9004
68.6275
101.644
120.346
79.8672
79.9026
77.9004
67.4852
67.485
77.9004
79.9026
79.8676
120.346
145.086
69.3596
79.8678
68.6273
50.8961
50.896
68.6274
79.8674
69.3595
145.085
263.91
145.084
120.345
101.645
89.1845
89.1845
101.644
120.346
145.085
263.91
)
;
    }
    atmosphere
    {
        type            calculated;
        value           nonuniform List<scalar> 
100
(
-0.0355765
0
0
0
-0.00709102
-0.00709103
0
0
0
-0.0355785
0
-0.0201974
0
-0.0494817
-0.0275658
-0.0275673
-0.049477
0
-0.0202093
0
0
0
0
-0.0187088
-0.00491242
-0.00491253
-0.0187079
0
0
0
0
-0.0494813
-0.0187086
-0.0330263
-0.0213449
-0.0213452
-0.0330254
-0.0187084
-0.0494792
0
-0.00709118
-0.0275662
-0.00491246
-0.0213451
-0.0110186
-0.0110185
-0.0213448
-0.00491191
-0.0275654
-0.00709008
-0.00709116
-0.0275671
-0.00491248
-0.0213452
-0.0110185
-0.0110184
-0.0213449
-0.00491191
-0.027566
-0.00709013
0
-0.0494784
-0.018708
-0.0330257
-0.0213448
-0.0213449
-0.0330252
-0.0187078
-0.0494778
0
0
0
0
-0.0187087
-0.00491207
-0.00491213
-0.0187079
0
0
0
0
-0.0202056
0
-0.0494801
-0.0275654
-0.0275665
-0.049477
0
-0.0202137
0
-0.0355778
0
0
0
-0.00709032
-0.00709038
0
0
0
-0.0355794
)
;
    }
    walls
    {
        type            calculated;
        value           nonuniform List<scalar> 
1600
(
237.17
118.323
93.585
77.3744
70.7926
70.7925
77.3741
93.5853
118.324
237.17
171.175
52.376
45.861
39.6181
45.6467
45.6465
39.6179
45.8613
52.3774
171.175
104.111
28.2117
25.9615
26.5435
31.1538
31.1537
26.5434
25.9617
28.2132
104.111
75.7463
17.9864
19.1955
16.6349
20.7744
20.7742
16.6347
19.1959
17.9891
75.7466
47.641
13.261
15.9613
13.7882
15.908
15.908
13.7881
15.9615
13.2618
47.6413
27.5383
10.657
13.2165
10.8817
12.1751
12.175
10.8815
13.2166
10.6572
27.5385
16.7681
9.59899
12.0117
10.017
10.7239
10.7238
10.0168
12.0118
9.59901
16.7683
11.4394
9.13338
11.0123
9.67747
10.1035
10.1035
9.6773
11.0123
9.13337
11.4399
10.1035
9.097
10.3354
9.64059
9.8123
9.81229
9.64041
10.3354
9.097
10.1042
9.68669
8.95003
9.87725
9.3527
9.42437
9.42434
9.35256
9.87732
8.94984
9.68786
9.52016
8.8747
9.37497
8.97291
9.09233
9.09233
8.97289
9.37509
8.87489
9.52082
9.4036
8.79177
8.78631
8.5911
8.6433
8.64332
8.59117
8.7865
8.79204
9.40403
9.29472
8.52404
8.26371
8.34175
8.24809
8.24808
8.3418
8.26379
8.52434
9.29501
9.16354
8.16419
7.88599
7.95704
7.90827
7.90822
7.95701
7.88588
8.16452
9.1637
9.16545
7.7533
7.56344
7.37914
7.55425
7.5542
7.379
7.56319
7.75368
9.16546
9.58073
7.26394
7.43378
6.90299
7.18612
7.18604
6.90263
7.43315
7.26453
9.58064
9.6999
6.81327
7.38534
6.72729
6.92346
6.92339
6.72723
7.38389
6.81475
9.69987
8.79036
6.40046
7.06752
6.45623
6.64355
6.64348
6.45616
7.06715
6.40097
8.7904
7.9561
5.96831
6.65096
6.20151
6.31203
6.312
6.20147
6.6508
5.96848
7.95643
7.12282
5.62498
6.1904
5.9294
6.01087
6.01086
5.92937
6.1903
5.62499
7.12312
6.43686
5.27938
5.82433
5.66234
5.68848
5.68847
5.66228
5.82428
5.27935
6.43701
6.3347
4.96677
5.57568
5.35769
5.3806
5.38059
5.35765
5.57567
4.96674
6.33513
6.75973
4.64657
5.33487
5.07252
5.09985
5.09985
5.07251
5.33489
4.64653
6.76038
5.68392
4.28102
5.06193
4.78067
4.81209
4.81209
4.78067
5.06186
4.28096
5.68256
4.95483
3.78791
4.7256
4.47974
4.51109
4.51108
4.47976
4.72558
3.78792
4.95436
5.1577
3.33929
4.32412
4.12996
4.18697
4.18696
4.12999
4.32418
3.33938
5.15847
6.38448
3.07445
4.04479
3.78403
3.84734
3.84734
3.78407
4.04484
3.0745
6.38457
5.60236
2.84754
3.59642
3.48561
3.53974
3.53973
3.48563
3.59648
2.84755
5.60236
4.58359
2.62958
3.21868
3.18003
3.22752
3.22752
3.18001
3.21872
2.6296
4.58365
4.08118
2.38902
2.87997
2.86242
2.93045
2.93046
2.86239
2.87998
2.38903
4.08116
4.39542
2.16731
2.68206
2.56991
2.64647
2.64647
2.56987
2.68199
2.1673
4.3953
4.27656
1.91399
2.47998
2.30146
2.36933
2.36933
2.30146
2.47982
1.91395
4.27652
3.61902
1.68174
2.2265
2.01976
2.09171
2.09171
2.01977
2.22646
1.68173
3.6191
3.1417
1.44535
1.958
1.74883
1.8151
1.81509
1.7488
1.95799
1.44536
3.14169
3.0911
1.23229
1.69804
1.47766
1.53978
1.53978
1.47763
1.69804
1.23232
3.09113
2.75028
0.983704
1.42644
1.20849
1.26714
1.26714
1.20846
1.42645
0.983722
2.75038
2.02933
0.764565
1.1272
0.942483
0.987465
0.987467
0.942477
1.12721
0.764577
2.02931
1.57039
0.501919
0.851192
0.689946
0.714794
0.714798
0.689946
0.85121
0.50193
1.5704
1.34093
0.330542
0.547823
0.4232
0.423811
0.423813
0.423201
0.547839
0.330552
1.34095
0.924548
0.011939
0.27472
0.161564
0.153944
0.153947
0.161569
0.274733
0.0119319
0.924504
237.17
118.323
93.5848
77.3743
70.7925
70.7924
77.374
93.5851
118.324
237.171
171.175
52.3755
45.8609
39.618
45.6467
45.6465
39.6178
45.8611
52.3768
171.176
104.111
28.2111
25.9615
26.5435
31.1537
31.1536
26.5434
25.9616
28.2125
104.111
75.7466
17.9852
19.1955
16.6351
20.7743
20.7741
16.6348
19.1958
17.988
75.7468
47.6412
13.2607
15.9613
13.7882
15.908
15.9079
13.7881
15.9615
13.2615
47.6415
27.5385
10.6569
13.2165
10.8817
12.1751
12.175
10.8815
13.2166
10.6571
27.5387
16.7683
9.59896
12.0117
10.0169
10.7238
10.7237
10.0167
12.0118
9.59895
16.7686
11.4397
9.13337
11.0123
9.6774
10.1035
10.1034
9.67723
11.0122
9.13332
11.4402
10.104
9.09697
10.3354
9.64049
9.81224
9.81223
9.64031
10.3354
9.0969
10.1047
9.68749
8.94987
9.87728
9.35268
9.42434
9.4243
9.35251
9.87733
8.94961
9.68853
9.52061
8.87478
9.37506
8.97294
9.09235
9.09234
8.97288
9.37515
8.87491
9.52121
9.40389
8.79188
8.78646
8.59115
8.64335
8.64336
8.59119
8.7866
8.7921
9.40429
9.29492
8.52413
8.26392
8.34183
8.24817
8.24814
8.34186
8.26396
8.52436
9.29518
9.16365
8.16424
7.88626
7.95716
7.90836
7.90831
7.95713
7.88613
8.16448
9.16376
9.16547
7.75327
7.56376
7.37932
7.55437
7.55432
7.3792
7.5635
7.75352
9.16542
9.58074
7.26364
7.43425
6.90331
7.18626
7.18619
6.90298
7.43367
7.26406
9.58041
9.70005
6.8122
7.38639
6.72753
6.92361
6.92354
6.72747
7.38512
6.81337
9.69934
8.79048
6.40013
7.06779
6.45644
6.64365
6.6436
6.45636
7.06744
6.40048
8.79008
7.95638
5.96822
6.65105
6.20164
6.31213
6.3121
6.2016
6.65091
5.96831
7.95644
7.12307
5.62493
6.19042
5.9295
6.01095
6.01094
5.92946
6.19033
5.62491
7.12318
6.43698
5.27936
5.82431
5.6624
5.68854
5.68853
5.66235
5.82428
5.27932
6.43706
6.33506
4.96678
5.57576
5.35774
5.38064
5.38064
5.3577
5.57573
4.96675
6.33525
6.76026
4.64658
5.33495
5.07257
5.0999
5.0999
5.07256
5.33493
4.64654
6.76055
5.68283
4.28103
5.06192
4.78071
4.81213
4.81213
4.7807
5.06188
4.28098
5.68219
4.95445
3.78792
4.72561
4.47978
4.51112
4.51111
4.47978
4.7256
3.78793
4.95423
5.15834
3.33937
4.32419
4.12998
4.18699
4.18699
4.13001
4.32422
3.33941
5.1586
6.38455
3.07448
4.04483
3.78405
3.84736
3.84736
3.78408
4.04488
3.0745
6.38464
5.60236
2.84755
3.59644
3.48562
3.53975
3.53974
3.48563
3.59651
2.84755
5.60242
4.58364
2.62958
3.2187
3.18003
3.22753
3.22753
3.18002
3.21874
2.62959
4.58369
4.08117
2.38901
2.87999
2.86242
2.93046
2.93047
2.86239
2.87999
2.38902
4.08116
4.39533
2.1673
2.68206
2.56991
2.64648
2.64648
2.56988
2.682
2.16729
4.39525
4.27653
1.91398
2.47997
2.30148
2.36934
2.36934
2.30147
2.47984
1.91395
4.2765
3.61907
1.68174
2.22651
2.01978
2.09172
2.09171
2.01978
2.22647
1.68173
3.61911
3.1417
1.44536
1.95801
1.74884
1.8151
1.8151
1.74881
1.958
1.44537
3.1417
3.09112
1.2323
1.69805
1.47766
1.53979
1.53979
1.47764
1.69805
1.23233
3.09117
2.75035
0.983711
1.42645
1.20849
1.26715
1.26715
1.20847
1.42646
0.983728
2.75041
2.02931
0.764568
1.12721
0.942492
0.987471
0.987473
0.942487
1.12722
0.764579
2.02931
1.5704
0.501921
0.851206
0.689956
0.7148
0.714803
0.689956
0.851219
0.50193
1.57041
1.34095
0.330537
0.547836
0.423209
0.423815
0.423817
0.42321
0.547847
0.330547
1.34096
0.924518
0.0119351
0.274727
0.161566
0.153946
0.153948
0.161571
0.274737
0.0119306
0.92449
237.17
171.175
104.111
75.7463
47.641
27.5383
16.7681
11.4394
10.1035
9.68669
9.52016
9.4036
9.29472
9.16354
9.16545
9.58073
9.6999
8.79036
7.9561
7.12282
118.324
52.3772
28.213
17.9888
13.2618
10.6572
9.59907
9.13343
9.09707
8.9501
8.87476
8.79184
8.52413
8.16426
7.75334
7.26393
6.81327
6.40042
5.96826
5.62495
93.5853
45.8613
25.9616
19.1958
15.9615
13.2166
12.0118
11.0123
10.3354
9.87729
9.37499
8.78633
8.26369
7.88594
7.56339
7.43372
7.38525
7.0675
6.65097
6.1904
77.3744
39.6181
26.5435
16.6347
13.7882
10.8817
10.017
9.67749
9.64061
9.35269
8.97292
8.59111
8.34175
7.95703
7.37912
6.90293
6.72732
6.45624
6.20152
5.9294
70.7925
45.6467
31.1538
20.7743
15.908
12.1751
10.7239
10.1036
9.81235
9.42442
9.09235
8.64331
8.24809
7.90825
7.55424
7.18609
6.92344
6.64354
6.31202
6.01087
70.7925
45.6465
31.1537
20.7742
15.9079
12.1751
10.7238
10.1035
9.81235
9.42441
9.09235
8.64333
8.24808
7.90822
7.55419
7.18603
6.92339
6.64349
6.312
6.01086
77.3743
39.618
26.5435
16.6346
13.7881
10.8816
10.0169
9.67742
9.64053
9.35262
8.97291
8.59116
8.34179
7.957
7.379
6.90264
6.72722
6.45616
6.20147
5.92937
93.5856
45.8615
25.9618
19.196
15.9616
13.2166
12.0118
11.0123
10.3354
9.87734
9.37507
8.78645
8.26374
7.88586
7.56318
7.43317
7.38391
7.06715
6.65083
6.19033
118.324
52.378
28.2138
17.9902
13.2622
10.6573
9.5991
9.13346
9.09709
8.95002
8.87491
8.79203
8.52434
8.16451
7.75366
7.26448
6.81467
6.4009
5.96844
5.62497
237.17
171.175
104.111
75.7466
47.6412
27.5385
16.7683
11.4397
10.104
9.68749
9.52061
9.40389
9.29492
9.16365
9.16547
9.58074
9.70005
8.79048
7.95638
7.12307
6.43686
6.3347
6.75973
5.68392
4.95483
5.1577
6.38448
5.60236
4.58359
4.08118
4.39542
4.27656
3.61902
3.1417
3.0911
2.75028
2.02933
1.57039
1.34093
0.924548
5.27936
4.96676
4.64655
4.28098
3.78789
3.33928
3.07445
2.84754
2.62958
2.38902
2.16732
1.91399
1.68175
1.44536
1.2323
0.983707
0.764567
0.501921
0.330545
0.0119388
5.82434
5.57566
5.33486
5.06191
4.72559
4.32411
4.04478
3.59642
3.21868
2.87998
2.68206
2.47998
2.2265
1.958
1.69804
1.42644
1.1272
0.851193
0.547823
0.274721
5.66233
5.35768
5.07252
4.78067
4.47975
4.12996
3.78403
3.48561
3.18003
2.86242
2.56991
2.30147
2.01977
1.74883
1.47765
1.20848
0.942481
0.689944
0.423198
0.161564
5.68848
5.3806
5.09984
4.81208
4.51108
4.18696
3.84734
3.53973
3.22752
2.93045
2.64647
2.36933
2.09171
1.8151
1.53978
1.26714
0.987465
0.714795
0.423811
0.153944
5.68847
5.38059
5.09985
4.81209
4.51108
4.18696
3.84734
3.53973
3.22752
2.93046
2.64647
2.36933
2.09171
1.81509
1.53978
1.26715
0.987467
0.714797
0.423812
0.153946
5.66229
5.35765
5.07251
4.78067
4.47975
4.12998
3.78405
3.48562
3.18002
2.8624
2.56989
2.30147
2.01977
1.74881
1.47764
1.20847
0.942478
0.689946
0.423201
0.161568
5.8243
5.57566
5.33487
5.06186
4.72557
4.32416
4.04482
3.59646
3.21871
2.87999
2.68203
2.4799
2.22648
1.958
1.69805
1.42645
1.12721
0.851205
0.547835
0.27473
5.27934
4.96674
4.64652
4.28094
3.7879
3.33936
3.07449
2.84755
2.62959
2.38903
2.16731
1.91397
1.68174
1.44537
1.23231
0.98372
0.764575
0.501928
0.33055
0.011934
6.43698
6.33506
6.76026
5.68283
4.95445
5.15834
6.38455
5.60236
4.58364
4.08117
4.39533
4.27653
3.61907
3.1417
3.09112
2.75035
2.02931
1.5704
1.34095
0.924518
237.17
171.175
104.111
75.7466
47.6413
27.5385
16.7683
11.4399
10.1042
9.68786
9.52082
9.40403
9.29501
9.1637
9.16546
9.58064
9.69987
8.7904
7.95643
7.12312
118.323
52.3761
28.2117
17.9864
13.261
10.657
9.59899
9.1334
9.09702
8.94989
8.87487
8.79198
8.52423
8.16431
7.75328
7.26354
6.81195
6.40001
5.96816
5.6249
93.585
45.861
25.9616
19.1956
15.9614
13.2165
12.0117
11.0123
10.3354
9.87735
9.37514
8.78653
8.26396
7.88628
7.56378
7.43427
7.3865
7.06781
6.65109
6.19044
77.3742
39.618
26.5435
16.635
13.7882
10.8816
10.0168
9.67736
9.64044
9.35266
8.97295
8.59117
8.34185
7.95718
7.37935
6.90329
6.72762
6.45649
6.20169
5.92953
70.7924
45.6466
31.1536
20.7742
15.9079
12.175
10.7238
10.1035
9.81224
9.42433
9.09236
8.64338
8.24819
7.90838
7.5544
7.18628
6.92361
6.64369
6.31215
6.01097
70.7923
45.6465
31.1535
20.7741
15.9079
12.1749
10.7237
10.1034
9.81224
9.42431
9.09235
8.64338
8.24817
7.90835
7.55437
7.18624
6.92358
6.64365
6.31214
6.01096
77.374
39.6179
26.5434
16.6349
13.7882
10.8815
10.0167
9.6773
9.64035
9.35256
8.97291
8.59119
8.34186
7.95716
7.37928
6.90307
6.72758
6.45644
6.20165
5.9295
93.5851
45.861
25.9616
19.1957
15.9615
13.2166
12.0118
11.0123
10.3354
9.87739
9.3752
8.78662
8.26398
7.88621
7.56362
7.43389
7.38567
7.06758
6.65099
6.19038
118.324
52.3766
28.2123
17.9876
13.2614
10.6571
9.59898
9.13338
9.097
8.94978
8.87495
8.79211
8.52435
8.16444
7.75343
7.26381
6.8127
6.40023
5.96822
5.62489
237.171
171.176
104.111
75.7468
47.6415
27.5387
16.7686
11.4402
10.1047
9.68853
9.52121
9.40429
9.29518
9.16376
9.16542
9.58041
9.69934
8.79008
7.95644
7.12318
6.43701
6.33513
6.76038
5.68256
4.95436
5.15847
6.38457
5.60236
4.58365
4.08116
4.3953
4.27652
3.6191
3.14169
3.09113
2.75038
2.02931
1.5704
1.34095
0.924504
5.27935
4.96678
4.64657
4.281
3.7879
3.33937
3.07448
2.84756
2.62958
2.38901
2.1673
1.91398
1.68175
1.44536
1.23231
0.983714
0.764571
0.501922
0.330535
0.0119327
5.82432
5.57578
5.33496
5.06192
4.7256
4.3242
4.04483
3.59644
3.2187
2.88
2.68209
2.48001
2.22653
1.95802
1.69806
1.42646
1.12722
0.851211
0.547842
0.27473
5.66242
5.35776
5.07259
4.78072
4.47978
4.12998
3.78404
3.48562
3.18003
2.86242
2.56992
2.3015
2.01979
1.74885
1.47767
1.20849
0.942495
0.68996
0.423213
0.161567
5.68855
5.38066
5.09991
4.81214
4.51112
4.18699
3.84736
3.53975
3.22754
2.93047
2.64649
2.36935
2.09173
1.81511
1.53979
1.26715
0.987475
0.714803
0.423817
0.153947
5.68855
5.38066
5.09991
4.81214
4.51112
4.18699
3.84736
3.53975
3.22754
2.93048
2.64649
2.36934
2.09172
1.81511
1.53979
1.26716
0.987476
0.714805
0.423818
0.153948
5.66238
5.35773
5.07258
4.78072
4.47979
4.13
3.78406
3.48563
3.18002
2.8624
2.5699
2.30149
2.0198
1.74883
1.47765
1.20848
0.942493
0.68996
0.423214
0.16157
5.8243
5.57575
5.33495
5.06189
4.72559
4.32422
4.04487
3.59648
3.21873
2.88
2.68206
2.47995
2.22652
1.95802
1.69806
1.42646
1.12722
0.85122
0.547849
0.274736
5.27932
4.96676
4.64655
4.28097
3.78791
3.33939
3.07449
2.84755
2.62958
2.38901
2.1673
1.91397
1.68174
1.44537
1.23233
0.983727
0.764578
0.501928
0.330541
0.0119303
6.43706
6.33525
6.76055
5.68219
4.95423
5.1586
6.38464
5.60242
4.58369
4.08116
4.39525
4.2765
3.61911
3.1417
3.09117
2.75041
2.02931
1.57041
1.34096
0.92449
)
;
    }
}


// ************************************************************************* //
