/*--------------------------------*- C++ -*----------------------------------*\
| =========                 |                                                 |
| \\      /  F ield         | OpenFOAM: The Open Source CFD Toolbox           |
|  \\    /   O peration     | Version:  2412                                  |
|   \\  /    A nd           | Website:  www.openfoam.com                      |
|    \\/     M anipulation  |                                                 |
\*---------------------------------------------------------------------------*/
FoamFile
{
    version     2.0;
    format      ascii;
    arch        "LSB;label=32;scalar=64";
    class       volVectorField;
    location    "0.38";
    object      U;
}
// * * * * * * * * * * * * * * * * * * * * * * * * * * * * * * * * * * * * * //

dimensions      [0 1 -1 0 0 0 0];

internalField   nonuniform List<vector> 
1000
(
(0.0674967 0.0674967 1.81935)
(0.105946 0.0921734 1.87185)
(0.193323 0.138646 1.936)
(0.119796 0.258674 1.93584)
(-0.0535439 0.175452 1.27247)
(0.0535437 0.175451 1.27247)
(-0.119796 0.258674 1.93584)
(-0.193323 0.138646 1.936)
(-0.105946 0.0921733 1.87185)
(-0.0674967 0.0674967 1.81935)
(0.0921734 0.105946 1.87185)
(0.174673 0.174673 1.98935)
(0.327395 0.267299 1.95343)
(0.265355 0.46369 0.851479)
(0.185993 0.255115 -1.72574)
(-0.185994 0.255116 -1.72574)
(-0.265355 0.46369 0.85148)
(-0.327395 0.267299 1.95343)
(-0.174673 0.174673 1.98935)
(-0.0921733 0.105946 1.87185)
(0.138646 0.193323 1.936)
(0.267299 0.327395 1.95343)
(0.470918 0.470918 1.27945)
(0.222884 0.322172 -0.939204)
(0.18596 0.12612 -2.87692)
(-0.185961 0.126119 -2.87692)
(-0.222884 0.322171 -0.939204)
(-0.470918 0.470917 1.27946)
(-0.267299 0.327394 1.95343)
(-0.138645 0.193323 1.936)
(0.258674 0.119796 1.93584)
(0.46369 0.265355 0.851479)
(0.322172 0.222884 -0.939204)
(0.0546646 0.0546646 -2.03287)
(0.16597 0.141718 -3.6075)
(-0.165971 0.141718 -3.6075)
(-0.0546635 0.0546631 -2.03286)
(-0.322171 0.222884 -0.939203)
(-0.463689 0.265353 0.851481)
(-0.258673 0.119796 1.93584)
(0.175452 -0.0535439 1.27247)
(0.255115 0.185993 -1.72574)
(0.12612 0.18596 -2.87692)
(0.141718 0.16597 -3.6075)
(0.114975 0.114975 -4.3749)
(-0.114977 0.114976 -4.3749)
(-0.141719 0.16597 -3.6075)
(-0.12612 0.18596 -2.87691)
(-0.255117 0.185994 -1.72573)
(-0.175451 -0.0535438 1.27247)
(0.175451 0.0535437 1.27247)
(0.255116 -0.185994 -1.72574)
(0.12612 -0.185961 -2.87692)
(0.141718 -0.165971 -3.6075)
(0.114976 -0.114977 -4.3749)
(-0.114977 -0.114977 -4.3749)
(-0.141719 -0.165972 -3.6075)
(-0.126119 -0.185961 -2.87691)
(-0.255118 -0.185995 -1.72573)
(-0.17545 0.0535436 1.27247)
(0.258674 -0.119796 1.93584)
(0.46369 -0.265355 0.85148)
(0.322171 -0.222884 -0.939203)
(0.0546632 -0.0546636 -2.03286)
(0.16597 -0.141719 -3.6075)
(-0.165972 -0.141719 -3.6075)
(-0.0546622 -0.0546623 -2.03286)
(-0.32217 -0.222884 -0.939203)
(-0.463689 -0.265353 0.851481)
(-0.258673 -0.119796 1.93584)
(0.138646 -0.193323 1.936)
(0.267299 -0.327395 1.95343)
(0.470917 -0.470918 1.27946)
(0.222884 -0.322171 -0.939203)
(0.18596 -0.12612 -2.87691)
(-0.185961 -0.126119 -2.87691)
(-0.222884 -0.32217 -0.939203)
(-0.470917 -0.470917 1.27946)
(-0.267298 -0.327394 1.95343)
(-0.138645 -0.193323 1.936)
(0.0921733 -0.105946 1.87185)
(0.174673 -0.174673 1.98935)
(0.327394 -0.267299 1.95343)
(0.265353 -0.463689 0.851481)
(0.185994 -0.255117 -1.72573)
(-0.185994 -0.255118 -1.72573)
(-0.265353 -0.463689 0.851481)
(-0.327394 -0.267298 1.95343)
(-0.174673 -0.174673 1.98935)
(-0.0921732 -0.105946 1.87185)
(0.0674967 -0.0674967 1.81935)
(0.105946 -0.0921733 1.87185)
(0.193323 -0.138645 1.936)
(0.119796 -0.258673 1.93584)
(-0.0535439 -0.175451 1.27247)
(0.0535436 -0.17545 1.27247)
(-0.119796 -0.258673 1.93584)
(-0.193323 -0.138645 1.936)
(-0.105946 -0.0921732 1.87185)
(-0.0674967 -0.0674967 1.81935)
(0.0793352 0.0793352 1.71942)
(0.130628 0.110521 1.76346)
(0.228312 0.163397 1.81134)
(0.164948 0.298644 1.79385)
(-0.0336143 0.252224 1.16107)
(0.0336138 0.252224 1.16107)
(-0.164948 0.298644 1.79385)
(-0.228312 0.163397 1.81134)
(-0.130628 0.110521 1.76346)
(-0.0793352 0.0793351 1.71942)
(0.110521 0.130628 1.76346)
(0.213349 0.213349 1.86737)
(0.389047 0.307201 1.83793)
(0.352082 0.549812 0.872907)
(0.220785 0.338925 -1.57201)
(-0.220786 0.338926 -1.57201)
(-0.352082 0.549811 0.872907)
(-0.389046 0.3072 1.83793)
(-0.213349 0.213349 1.86737)
(-0.110521 0.130628 1.76346)
(0.163397 0.228312 1.81134)
(0.307201 0.389047 1.83793)
(0.547564 0.547564 1.26508)
(0.310493 0.455447 -0.755084)
(0.227892 0.253632 -2.74684)
(-0.227892 0.253632 -2.74684)
(-0.310493 0.455446 -0.755083)
(-0.547564 0.547563 1.26509)
(-0.3072 0.389045 1.83793)
(-0.163396 0.228312 1.81134)
(0.298644 0.164948 1.79385)
(0.549812 0.352082 0.872907)
(0.455447 0.310493 -0.755083)
(0.228418 0.228418 -1.92535)
(0.198795 0.238053 -3.51282)
(-0.198796 0.238052 -3.51282)
(-0.228417 0.228416 -1.92535)
(-0.455446 0.310493 -0.755082)
(-0.549811 0.352079 0.872907)
(-0.298643 0.164948 1.79385)
(0.252224 -0.0336142 1.16107)
(0.338926 0.220785 -1.57201)
(0.253632 0.227892 -2.74684)
(0.238053 0.198795 -3.51282)
(0.15414 0.15414 -4.21197)
(-0.154141 0.15414 -4.21197)
(-0.238054 0.198795 -3.51282)
(-0.253632 0.227891 -2.74684)
(-0.338927 0.220785 -1.57201)
(-0.252223 -0.0336146 1.16108)
(0.252224 0.0336138 1.16107)
(0.338926 -0.220786 -1.57201)
(0.253632 -0.227892 -2.74684)
(0.238052 -0.198796 -3.51282)
(0.15414 -0.154141 -4.21197)
(-0.154141 -0.154141 -4.21197)
(-0.238053 -0.198796 -3.51281)
(-0.253632 -0.227892 -2.74684)
(-0.338927 -0.220786 -1.572)
(-0.252222 0.0336142 1.16108)
(0.298644 -0.164948 1.79385)
(0.549811 -0.352082 0.872907)
(0.455446 -0.310493 -0.755083)
(0.228416 -0.228417 -1.92535)
(0.198795 -0.238054 -3.51282)
(-0.198796 -0.238053 -3.51281)
(-0.228415 -0.228415 -1.92535)
(-0.455446 -0.310494 -0.755082)
(-0.549811 -0.352079 0.872908)
(-0.298643 -0.164948 1.79385)
(0.163397 -0.228312 1.81134)
(0.3072 -0.389046 1.83793)
(0.547563 -0.547564 1.26509)
(0.310493 -0.455446 -0.755082)
(0.227891 -0.253632 -2.74684)
(-0.227892 -0.253632 -2.74684)
(-0.310494 -0.455446 -0.755082)
(-0.547563 -0.547563 1.26509)
(-0.3072 -0.389045 1.83793)
(-0.163396 -0.228312 1.81134)
(0.110521 -0.130628 1.76346)
(0.213349 -0.213349 1.86737)
(0.389045 -0.3072 1.83793)
(0.352079 -0.549811 0.872907)
(0.220785 -0.338927 -1.57201)
(-0.220786 -0.338927 -1.57201)
(-0.352079 -0.549811 0.872908)
(-0.389045 -0.3072 1.83793)
(-0.213348 -0.213348 1.86736)
(-0.110521 -0.130628 1.76346)
(0.0793351 -0.0793352 1.71942)
(0.130628 -0.110521 1.76346)
(0.228312 -0.163396 1.81134)
(0.164948 -0.298643 1.79385)
(-0.0336146 -0.252222 1.16108)
(0.0336142 -0.252222 1.16108)
(-0.164948 -0.298643 1.79385)
(-0.228312 -0.163396 1.81134)
(-0.130628 -0.110521 1.76346)
(-0.0793351 -0.0793351 1.71942)
(0.0885042 0.0885042 1.60349)
(0.148397 0.123332 1.63833)
(0.252051 0.181528 1.66898)
(0.197995 0.318725 1.63)
(-0.0178252 0.299721 1.03002)
(0.0178247 0.299722 1.03002)
(-0.197995 0.318724 1.63)
(-0.252051 0.181528 1.66898)
(-0.148397 0.123332 1.63833)
(-0.0885042 0.0885041 1.60349)
(0.123332 0.148397 1.63833)
(0.241918 0.241918 1.7246)
(0.427719 0.333377 1.70358)
(0.410016 0.612671 0.866915)
(0.245936 0.406495 -1.41139)
(-0.245937 0.406496 -1.41139)
(-0.410017 0.61267 0.866915)
(-0.427718 0.333376 1.70358)
(-0.241917 0.241917 1.7246)
(-0.123332 0.148397 1.63833)
(0.181528 0.252051 1.66898)
(0.333377 0.427719 1.70358)
(0.60177 0.60177 1.22396)
(0.392817 0.56794 -0.576049)
(0.274171 0.361324 -2.57543)
(-0.274171 0.361324 -2.57543)
(-0.392817 0.567939 -0.576049)
(-0.60177 0.601769 1.22396)
(-0.333376 0.427718 1.70358)
(-0.181528 0.252051 1.66898)
(0.318725 0.197995 1.63)
(0.612671 0.410016 0.866915)
(0.56794 0.392817 -0.576049)
(0.362212 0.362212 -1.78067)
(0.24982 0.312011 -3.34615)
(-0.249821 0.31201 -3.34615)
(-0.362212 0.362211 -1.78067)
(-0.56794 0.392817 -0.576049)
(-0.612671 0.410015 0.866915)
(-0.318724 0.197994 1.63)
(0.299721 -0.0178252 1.03002)
(0.406495 0.245936 -1.41139)
(0.361324 0.274171 -2.57543)
(0.312011 0.24982 -3.34615)
(0.187183 0.187183 -3.98422)
(-0.187184 0.187184 -3.98422)
(-0.312012 0.24982 -3.34615)
(-0.361325 0.274171 -2.57543)
(-0.406495 0.245936 -1.41139)
(-0.299721 -0.0178257 1.03002)
(0.299722 0.0178247 1.03002)
(0.406496 -0.245937 -1.41139)
(0.361324 -0.274171 -2.57543)
(0.312011 -0.249821 -3.34615)
(0.187184 -0.187184 -3.98422)
(-0.187185 -0.187184 -3.98422)
(-0.312011 -0.249821 -3.34615)
(-0.361324 -0.274171 -2.57543)
(-0.406496 -0.245937 -1.41139)
(-0.299721 0.0178252 1.03002)
(0.318724 -0.197995 1.63)
(0.61267 -0.410017 0.866916)
(0.567939 -0.392817 -0.576049)
(0.362211 -0.362212 -1.78067)
(0.24982 -0.312011 -3.34615)
(-0.249821 -0.312011 -3.34615)
(-0.362211 -0.362211 -1.78067)
(-0.567939 -0.392817 -0.576048)
(-0.61267 -0.410015 0.866916)
(-0.318724 -0.197995 1.63)
(0.181528 -0.252051 1.66898)
(0.333376 -0.427718 1.70358)
(0.601769 -0.60177 1.22396)
(0.392817 -0.56794 -0.576049)
(0.274171 -0.361325 -2.57543)
(-0.274171 -0.361324 -2.57543)
(-0.392817 -0.567939 -0.576048)
(-0.601769 -0.601769 1.22396)
(-0.333376 -0.427717 1.70358)
(-0.181528 -0.252051 1.66898)
(0.123332 -0.148397 1.63833)
(0.241917 -0.241918 1.7246)
(0.427718 -0.333376 1.70358)
(0.410015 -0.612671 0.866916)
(0.245936 -0.406495 -1.41139)
(-0.245937 -0.406496 -1.41139)
(-0.410015 -0.61267 0.866916)
(-0.427718 -0.333376 1.70358)
(-0.241917 -0.241917 1.7246)
(-0.123332 -0.148397 1.63833)
(0.0885041 -0.0885042 1.60349)
(0.148397 -0.123332 1.63833)
(0.252051 -0.181528 1.66898)
(0.197994 -0.318724 1.63)
(-0.0178257 -0.299721 1.03002)
(0.0178252 -0.299721 1.03002)
(-0.197995 -0.318724 1.63)
(-0.252051 -0.181528 1.66898)
(-0.148397 -0.123332 1.63833)
(-0.0885041 -0.0885041 1.60349)
(0.094597 0.094597 1.47686)
(0.159103 0.130301 1.50226)
(0.264427 0.192043 1.51629)
(0.21869 0.31959 1.45375)
(-0.00547589 0.32507 0.887757)
(0.00547536 0.32507 0.887757)
(-0.21869 0.319589 1.45375)
(-0.264427 0.192043 1.51629)
(-0.159103 0.130301 1.50226)
(-0.0945969 0.0945969 1.47686)
(0.130301 0.159103 1.50226)
(0.259496 0.259496 1.56947)
(0.443911 0.344756 1.55717)
(0.444431 0.649749 0.838839)
(0.254553 0.445604 -1.25081)
(-0.254554 0.445604 -1.25081)
(-0.444431 0.649749 0.838839)
(-0.443911 0.344755 1.55717)
(-0.259496 0.259496 1.56947)
(-0.130301 0.159103 1.50226)
(0.192043 0.264427 1.51629)
(0.344756 0.443911 1.55717)
(0.634326 0.634326 1.15858)
(0.453707 0.637681 -0.432633)
(0.309643 0.437669 -2.38483)
(-0.309643 0.437668 -2.38483)
(-0.453707 0.63768 -0.432633)
(-0.634325 0.634325 1.15858)
(-0.344755 0.443911 1.55717)
(-0.192043 0.264427 1.51629)
(0.31959 0.21869 1.45375)
(0.649749 0.444431 0.838839)
(0.637681 0.453707 -0.432633)
(0.44299 0.44299 -1.60107)
(0.291225 0.35835 -3.11434)
(-0.291226 0.35835 -3.11434)
(-0.442991 0.44299 -1.60107)
(-0.637681 0.453708 -0.432633)
(-0.649749 0.444431 0.838839)
(-0.319589 0.21869 1.45375)
(0.32507 -0.00547587 0.887757)
(0.445604 0.254553 -1.25081)
(0.437669 0.309643 -2.38483)
(0.35835 0.291225 -3.11434)
(0.210265 0.210265 -3.71874)
(-0.210266 0.210265 -3.71874)
(-0.358351 0.291225 -3.11434)
(-0.437669 0.309643 -2.38483)
(-0.445605 0.254554 -1.25081)
(-0.325071 -0.00547625 0.887758)
(0.32507 0.00547537 0.887757)
(0.445604 -0.254554 -1.25081)
(0.437669 -0.309643 -2.38483)
(0.35835 -0.291226 -3.11434)
(0.210265 -0.210266 -3.71874)
(-0.210266 -0.210266 -3.71874)
(-0.358351 -0.291226 -3.11434)
(-0.437669 -0.309643 -2.38483)
(-0.445605 -0.254554 -1.25081)
(-0.325071 0.00547578 0.887758)
(0.319589 -0.21869 1.45375)
(0.649749 -0.444431 0.838839)
(0.637681 -0.453707 -0.432633)
(0.44299 -0.44299 -1.60107)
(0.291225 -0.358351 -3.11434)
(-0.291226 -0.35835 -3.11434)
(-0.44299 -0.44299 -1.60107)
(-0.63768 -0.453707 -0.432633)
(-0.649749 -0.444431 0.83884)
(-0.319589 -0.21869 1.45375)
(0.192043 -0.264427 1.51629)
(0.344755 -0.443911 1.55717)
(0.634325 -0.634325 1.15858)
(0.453708 -0.637681 -0.432633)
(0.309643 -0.437669 -2.38483)
(-0.309643 -0.437669 -2.38483)
(-0.453707 -0.63768 -0.432633)
(-0.634324 -0.634324 1.15858)
(-0.344755 -0.44391 1.55717)
(-0.192043 -0.264427 1.51629)
(0.130301 -0.159103 1.50226)
(0.259496 -0.259496 1.56947)
(0.443911 -0.344755 1.55717)
(0.444431 -0.649749 0.838839)
(0.254554 -0.445605 -1.25081)
(-0.254554 -0.445605 -1.25081)
(-0.444431 -0.649749 0.83884)
(-0.44391 -0.344755 1.55717)
(-0.259496 -0.259496 1.56947)
(-0.1303 -0.159103 1.50226)
(0.0945969 -0.0945969 1.47686)
(0.159103 -0.130301 1.50226)
(0.264427 -0.192043 1.51629)
(0.21869 -0.319589 1.45375)
(-0.00547629 -0.325071 0.887758)
(0.00547578 -0.325071 0.887758)
(-0.21869 -0.319589 1.45375)
(-0.264427 -0.192043 1.51629)
(-0.159103 -0.1303 1.50226)
(-0.0945969 -0.0945969 1.47686)
(0.0974648 0.0974648 1.3448)
(0.163312 0.131729 1.36145)
(0.266391 0.194284 1.36069)
(0.228134 0.304 1.27507)
(0.00410541 0.329009 0.74421)
(-0.00410593 0.329008 0.74421)
(-0.228134 0.304 1.27507)
(-0.266391 0.194284 1.36069)
(-0.163312 0.131729 1.36145)
(-0.0974648 0.0974647 1.3448)
(0.131729 0.163312 1.36145)
(0.265686 0.265686 1.41072)
(0.440134 0.343076 1.40663)
(0.450218 0.654553 0.79435)
(0.244623 0.455733 -1.09749)
(-0.244623 0.455733 -1.09749)
(-0.450218 0.654553 0.79435)
(-0.440134 0.343075 1.40663)
(-0.265686 0.265686 1.41072)
(-0.131729 0.163312 1.36145)
(0.194284 0.266391 1.36069)
(0.343076 0.440134 1.40663)
(0.635547 0.635547 1.07685)
(0.491813 0.6649 -0.290613)
(0.32675 0.474255 -2.16705)
(-0.32675 0.474255 -2.16705)
(-0.491813 0.664899 -0.290613)
(-0.635547 0.635547 1.07685)
(-0.343075 0.440134 1.40663)
(-0.194284 0.266391 1.36069)
(0.304 0.228134 1.27507)
(0.654553 0.450218 0.79435)
(0.6649 0.491814 -0.290613)
(0.492734 0.492734 -1.4151)
(0.314412 0.380545 -2.85924)
(-0.314413 0.380544 -2.85924)
(-0.492735 0.492734 -1.4151)
(-0.6649 0.491814 -0.290613)
(-0.654554 0.450218 0.79435)
(-0.304 0.228133 1.27507)
(0.329009 0.00410542 0.74421)
(0.455733 0.244623 -1.09749)
(0.474255 0.32675 -2.16705)
(0.380545 0.314412 -2.85924)
(0.225687 0.225687 -3.4212)
(-0.225687 0.225687 -3.4212)
(-0.380545 0.314412 -2.85924)
(-0.474255 0.32675 -2.16705)
(-0.455733 0.244623 -1.09749)
(-0.329009 0.00410514 0.74421)
(0.329008 -0.00410592 0.74421)
(0.455733 -0.244623 -1.09749)
(0.474255 -0.32675 -2.16705)
(0.380544 -0.314413 -2.85924)
(0.225687 -0.225687 -3.4212)
(-0.225687 -0.225687 -3.4212)
(-0.380545 -0.314413 -2.85924)
(-0.474255 -0.32675 -2.16705)
(-0.455733 -0.244623 -1.09749)
(-0.329009 -0.00410561 0.74421)
(0.304 -0.228134 1.27507)
(0.654553 -0.450218 0.79435)
(0.664899 -0.491813 -0.290613)
(0.492734 -0.492735 -1.4151)
(0.314412 -0.380545 -2.85924)
(-0.314413 -0.380545 -2.85924)
(-0.492734 -0.492734 -1.4151)
(-0.664899 -0.491813 -0.290613)
(-0.654553 -0.450218 0.794351)
(-0.304 -0.228133 1.27507)
(0.194284 -0.266391 1.36069)
(0.343075 -0.440134 1.40663)
(0.635547 -0.635547 1.07685)
(0.491814 -0.6649 -0.290613)
(0.32675 -0.474255 -2.16705)
(-0.326751 -0.474255 -2.16705)
(-0.491813 -0.664899 -0.290613)
(-0.635546 -0.635546 1.07685)
(-0.343075 -0.440133 1.40663)
(-0.194283 -0.266391 1.36069)
(0.131729 -0.163312 1.36145)
(0.265686 -0.265686 1.41072)
(0.440134 -0.343075 1.40663)
(0.450218 -0.654554 0.79435)
(0.244623 -0.455733 -1.09749)
(-0.244623 -0.455733 -1.09749)
(-0.450218 -0.654553 0.794351)
(-0.440134 -0.343075 1.40663)
(-0.265686 -0.265686 1.41072)
(-0.131729 -0.163312 1.36145)
(0.0974647 -0.0974648 1.3448)
(0.163312 -0.131729 1.36145)
(0.266391 -0.194284 1.36069)
(0.228133 -0.304001 1.27507)
(0.00410511 -0.329009 0.74421)
(-0.00410559 -0.329009 0.74421)
(-0.228133 -0.304 1.27507)
(-0.266391 -0.194283 1.36069)
(-0.163312 -0.131729 1.36145)
(-0.0974647 -0.0974647 1.3448)
(0.097361 0.097361 1.21207)
(0.162103 0.128604 1.22147)
(0.260059 0.188994 1.20868)
(0.228565 0.276982 1.10345)
(0.0110377 0.315822 0.608978)
(-0.0110381 0.315822 0.608978)
(-0.228565 0.276982 1.10345)
(-0.260059 0.188993 1.20868)
(-0.162103 0.128604 1.22147)
(-0.097361 0.097361 1.21207)
(0.128604 0.162103 1.22147)
(0.261787 0.261787 1.25634)
(0.421173 0.331087 1.25595)
(0.4359 0.631592 0.740813)
(0.223936 0.440441 -0.968231)
(-0.223936 0.440441 -0.96823)
(-0.4359 0.631591 0.740813)
(-0.421173 0.331087 1.25595)
(-0.261787 0.261787 1.25634)
(-0.128604 0.162103 1.22147)
(0.188994 0.260059 1.20868)
(0.331087 0.421173 1.25595)
(0.614339 0.614339 0.986214)
(0.506094 0.665822 -0.176217)
(0.327034 0.475369 -1.94753)
(-0.327034 0.475368 -1.94753)
(-0.506094 0.665821 -0.176217)
(-0.614339 0.614339 0.986214)
(-0.331087 0.421173 1.25595)
(-0.188993 0.260059 1.20868)
(0.276982 0.228565 1.10345)
(0.631592 0.4359 0.740813)
(0.665822 0.506094 -0.176217)
(0.512901 0.512901 -1.24068)
(0.323199 0.382145 -2.58811)
(-0.3232 0.382145 -2.58811)
(-0.512901 0.512901 -1.24067)
(-0.665822 0.506094 -0.176217)
(-0.631592 0.4359 0.740813)
(-0.276982 0.228564 1.10345)
(0.315823 0.0110377 0.608978)
(0.440441 0.223936 -0.96823)
(0.475369 0.327034 -1.94753)
(0.382145 0.323199 -2.58811)
(0.229742 0.229742 -3.12318)
(-0.229742 0.229742 -3.12318)
(-0.382145 0.323199 -2.58811)
(-0.475369 0.327034 -1.94752)
(-0.44044 0.223936 -0.96823)
(-0.315823 0.0110375 0.608978)
(0.315822 -0.0110381 0.608978)
(0.440441 -0.223936 -0.96823)
(0.475369 -0.327034 -1.94753)
(0.382145 -0.3232 -2.58811)
(0.229742 -0.229742 -3.12318)
(-0.229742 -0.229742 -3.12318)
(-0.382145 -0.323199 -2.58811)
(-0.475369 -0.327034 -1.94752)
(-0.440441 -0.223936 -0.968229)
(-0.315822 -0.0110379 0.608979)
(0.276982 -0.228565 1.10345)
(0.631591 -0.4359 0.740813)
(0.665821 -0.506094 -0.176217)
(0.512901 -0.512901 -1.24067)
(0.323199 -0.382145 -2.58811)
(-0.323199 -0.382145 -2.58811)
(-0.512901 -0.512901 -1.24067)
(-0.665821 -0.506094 -0.176217)
(-0.631592 -0.4359 0.740814)
(-0.276982 -0.228565 1.10345)
(0.188993 -0.260059 1.20868)
(0.331087 -0.421173 1.25595)
(0.614339 -0.614339 0.986214)
(0.506094 -0.665822 -0.176217)
(0.327034 -0.475369 -1.94752)
(-0.327034 -0.475369 -1.94752)
(-0.506094 -0.665821 -0.176217)
(-0.614339 -0.614339 0.986214)
(-0.331087 -0.421173 1.25595)
(-0.188993 -0.260059 1.20868)
(0.128604 -0.162103 1.22147)
(0.261787 -0.261787 1.25634)
(0.421173 -0.331087 1.25595)
(0.4359 -0.631592 0.740813)
(0.223936 -0.44044 -0.96823)
(-0.223936 -0.44044 -0.968229)
(-0.4359 -0.631592 0.740814)
(-0.421173 -0.331087 1.25595)
(-0.261787 -0.261787 1.25634)
(-0.128604 -0.162103 1.22147)
(0.097361 -0.097361 1.21207)
(0.162103 -0.128604 1.22147)
(0.260059 -0.188993 1.20868)
(0.228564 -0.276982 1.10345)
(0.0110375 -0.315823 0.608979)
(-0.0110379 -0.315823 0.608979)
(-0.228565 -0.276982 1.10345)
(-0.260059 -0.188993 1.20868)
(-0.162103 -0.128604 1.22147)
(-0.097361 -0.097361 1.21207)
(0.0947915 0.0947915 1.0825)
(0.156831 0.122288 1.08657)
(0.247818 0.178558 1.06471)
(0.22266 0.2449 0.94493)
(0.0159826 0.292896 0.488442)
(-0.0159829 0.292896 0.488442)
(-0.22266 0.2449 0.94493)
(-0.247818 0.178558 1.06471)
(-0.156831 0.122288 1.08657)
(-0.0947914 0.0947914 1.0825)
(0.122288 0.156831 1.08657)
(0.2509 0.2509 1.11169)
(0.393325 0.312185 1.11256)
(0.409949 0.590726 0.683444)
(0.201608 0.409679 -0.85307)
(-0.201609 0.409679 -0.85307)
(-0.409949 0.590726 0.683445)
(-0.393325 0.312185 1.11256)
(-0.2509 0.2509 1.11169)
(-0.122288 0.156831 1.08657)
(0.178558 0.247818 1.06471)
(0.312185 0.393325 1.11256)
(0.576666 0.576666 0.893557)
(0.498923 0.649884 -0.079036)
(0.317433 0.453008 -1.73031)
(-0.317433 0.453008 -1.73031)
(-0.498923 0.649883 -0.0790365)
(-0.576665 0.576666 0.893557)
(-0.312185 0.393325 1.11256)
(-0.178558 0.247818 1.06471)
(0.2449 0.22266 0.94493)
(0.590726 0.409949 0.683444)
(0.649884 0.498923 -0.079036)
(0.509471 0.509471 -1.0704)
(0.320233 0.371656 -2.32652)
(-0.320233 0.371655 -2.32652)
(-0.509471 0.50947 -1.0704)
(-0.649884 0.498923 -0.0790357)
(-0.590727 0.409949 0.683445)
(-0.2449 0.222659 0.94493)
(0.292896 0.0159826 0.488442)
(0.409679 0.201608 -0.85307)
(0.453008 0.317433 -1.73031)
(0.371656 0.320233 -2.32652)
(0.228311 0.228311 -2.82122)
(-0.228311 0.228311 -2.82122)
(-0.371656 0.320233 -2.32652)
(-0.453008 0.317433 -1.73031)
(-0.409679 0.201608 -0.853069)
(-0.292896 0.0159825 0.488442)
(0.292896 -0.0159829 0.488442)
(0.409679 -0.201609 -0.85307)
(0.453008 -0.317433 -1.73031)
(0.371656 -0.320233 -2.32652)
(0.228311 -0.228311 -2.82122)
(-0.228311 -0.228311 -2.82122)
(-0.371656 -0.320233 -2.32652)
(-0.453008 -0.317433 -1.73031)
(-0.409679 -0.201609 -0.853069)
(-0.292896 -0.0159828 0.488442)
(0.2449 -0.22266 0.94493)
(0.590726 -0.409949 0.683445)
(0.649883 -0.498923 -0.0790364)
(0.50947 -0.509471 -1.0704)
(0.320233 -0.371656 -2.32652)
(-0.320233 -0.371656 -2.32652)
(-0.50947 -0.50947 -1.0704)
(-0.649883 -0.498923 -0.0790361)
(-0.590727 -0.409949 0.683445)
(-0.2449 -0.22266 0.944931)
(0.178558 -0.247818 1.06471)
(0.312185 -0.393325 1.11256)
(0.576666 -0.576665 0.893557)
(0.498923 -0.649884 -0.0790356)
(0.317433 -0.453008 -1.73031)
(-0.317433 -0.453008 -1.73031)
(-0.498923 -0.649883 -0.0790361)
(-0.576666 -0.576665 0.893557)
(-0.312185 -0.393324 1.11256)
(-0.178558 -0.247818 1.06471)
(0.122288 -0.156831 1.08657)
(0.2509 -0.2509 1.11169)
(0.393325 -0.312185 1.11256)
(0.409949 -0.590727 0.683445)
(0.201608 -0.409679 -0.853069)
(-0.201608 -0.409679 -0.853069)
(-0.40995 -0.590727 0.683445)
(-0.393324 -0.312185 1.11256)
(-0.2509 -0.2509 1.11169)
(-0.122288 -0.156831 1.08657)
(0.0947914 -0.0947915 1.0825)
(0.156831 -0.122288 1.08657)
(0.247818 -0.178558 1.06471)
(0.222659 -0.2449 0.94493)
(0.0159825 -0.292896 0.488442)
(-0.0159828 -0.292896 0.488442)
(-0.22266 -0.2449 0.944931)
(-0.247818 -0.178558 1.06471)
(-0.156831 -0.122288 1.08657)
(-0.0947914 -0.0947914 1.0825)
(0.0903226 0.0903226 0.958829)
(0.148819 0.114011 0.959373)
(0.23178 0.16537 0.931034)
(0.212503 0.212682 0.801952)
(0.0196936 0.265934 0.383805)
(-0.0196939 0.265934 0.383805)
(-0.212503 0.212682 0.801952)
(-0.23178 0.16537 0.931034)
(-0.148819 0.114011 0.959373)
(-0.0903226 0.0903226 0.958829)
(0.114011 0.148819 0.959373)
(0.23602 0.23602 0.978732)
(0.361811 0.289397 0.980509)
(0.378827 0.539615 0.623337)
(0.180108 0.37101 -0.751516)
(-0.180108 0.37101 -0.751516)
(-0.378827 0.539615 0.623338)
(-0.361811 0.289397 0.980509)
(-0.23602 0.23602 0.978732)
(-0.114011 0.148819 0.959373)
(0.16537 0.23178 0.931034)
(0.289397 0.361811 0.980509)
(0.529481 0.529481 0.803371)
(0.476783 0.622758 0.000463927)
(0.303852 0.422338 -1.51978)
(-0.303853 0.422338 -1.51978)
(-0.476783 0.622757 0.000463495)
(-0.529481 0.529482 0.803372)
(-0.289397 0.361811 0.980509)
(-0.16537 0.23178 0.931034)
(0.212682 0.212503 0.801952)
(0.539615 0.378827 0.623337)
(0.622758 0.476783 0.000464005)
(0.49266 0.49266 -0.907832)
(0.312966 0.357443 -2.06885)
(-0.312965 0.357443 -2.06885)
(-0.49266 0.49266 -0.907832)
(-0.622758 0.476783 0.00046436)
(-0.539615 0.378827 0.623338)
(-0.212682 0.212502 0.801952)
(0.265934 0.0196936 0.383805)
(0.37101 0.180108 -0.751516)
(0.422338 0.303852 -1.51978)
(0.357443 0.312966 -2.06885)
(0.224137 0.224137 -2.52337)
(-0.224137 0.224137 -2.52337)
(-0.357443 0.312965 -2.06885)
(-0.422338 0.303852 -1.51978)
(-0.371009 0.180107 -0.751515)
(-0.265934 0.0196936 0.383806)
(0.265934 -0.0196939 0.383805)
(0.37101 -0.180108 -0.751516)
(0.422338 -0.303853 -1.51978)
(0.357443 -0.312965 -2.06885)
(0.224137 -0.224137 -2.52337)
(-0.224137 -0.224137 -2.52337)
(-0.357443 -0.312965 -2.06885)
(-0.422338 -0.303852 -1.51978)
(-0.37101 -0.180108 -0.751515)
(-0.265934 -0.0196939 0.383806)
(0.212682 -0.212503 0.801952)
(0.539615 -0.378827 0.623338)
(0.622757 -0.476783 0.000463606)
(0.49266 -0.49266 -0.907832)
(0.312965 -0.357443 -2.06885)
(-0.312965 -0.357443 -2.06885)
(-0.49266 -0.49266 -0.907832)
(-0.622757 -0.476783 0.000463971)
(-0.539615 -0.378827 0.623338)
(-0.212682 -0.212503 0.801953)
(0.16537 -0.23178 0.931034)
(0.289397 -0.361811 0.980509)
(0.529482 -0.529481 0.803372)
(0.476783 -0.622758 0.00046441)
(0.303852 -0.422338 -1.51978)
(-0.303853 -0.422338 -1.51978)
(-0.476783 -0.622757 0.000463994)
(-0.529481 -0.529481 0.803372)
(-0.289397 -0.361811 0.980509)
(-0.16537 -0.23178 0.931035)
(0.114011 -0.148819 0.959373)
(0.23602 -0.23602 0.978732)
(0.361811 -0.289397 0.980509)
(0.378827 -0.539615 0.623338)
(0.180107 -0.371009 -0.751515)
(-0.180108 -0.371009 -0.751515)
(-0.378827 -0.539615 0.623338)
(-0.361811 -0.289397 0.980509)
(-0.23602 -0.23602 0.978732)
(-0.114011 -0.148819 0.959373)
(0.0903226 -0.0903226 0.958829)
(0.148819 -0.114011 0.959373)
(0.23178 -0.16537 0.931034)
(0.212502 -0.212682 0.801952)
(0.0196936 -0.265934 0.383806)
(-0.0196939 -0.265934 0.383806)
(-0.212503 -0.212682 0.801953)
(-0.23178 -0.16537 0.931035)
(-0.148819 -0.114011 0.959373)
(-0.0903226 -0.0903226 0.958829)
(0.0844604 0.0844604 0.842864)
(0.139131 0.104718 0.841242)
(0.213552 0.150733 0.808567)
(0.199582 0.183113 0.674917)
(0.0225195 0.237514 0.294537)
(-0.0225198 0.237514 0.294537)
(-0.199583 0.183112 0.674917)
(-0.213552 0.150733 0.808567)
(-0.139131 0.104718 0.841242)
(-0.0844604 0.0844604 0.842864)
(0.104718 0.139131 0.841242)
(0.218906 0.218906 0.857705)
(0.329994 0.265049 0.859807)
(0.346992 0.484734 0.561622)
(0.16057 0.328974 -0.663251)
(-0.160571 0.328974 -0.663251)
(-0.346993 0.484734 0.561622)
(-0.329994 0.265049 0.859807)
(-0.218906 0.218906 0.857705)
(-0.104718 0.139131 0.841242)
(0.150733 0.213552 0.808567)
(0.265049 0.329994 0.859807)
(0.47995 0.47995 0.71697)
(0.446838 0.588254 0.0606753)
(0.287837 0.387902 -1.32763)
(-0.287838 0.387902 -1.32763)
(-0.446838 0.588253 0.060675)
(-0.47995 0.47995 0.71697)
(-0.265049 0.329994 0.859807)
(-0.150733 0.213552 0.808567)
(0.183113 0.199582 0.674917)
(0.484734 0.346992 0.561622)
(0.588254 0.446838 0.0606754)
(0.468239 0.468239 -0.76077)
(0.303092 0.341935 -1.82735)
(-0.303092 0.341935 -1.82735)
(-0.468239 0.468238 -0.76077)
(-0.588254 0.446838 0.0606758)
(-0.484734 0.346992 0.561622)
(-0.183112 0.199582 0.674917)
(0.237514 0.0225195 0.294537)
(0.328974 0.16057 -0.663251)
(0.387902 0.287838 -1.32763)
(0.341936 0.303092 -1.82735)
(0.217335 0.217334 -2.238)
(-0.217334 0.217334 -2.238)
(-0.341936 0.303092 -1.82735)
(-0.387902 0.287837 -1.32763)
(-0.328974 0.16057 -0.663251)
(-0.237514 0.0225196 0.294537)
(0.237514 -0.0225198 0.294537)
(0.328974 -0.160571 -0.663251)
(0.387902 -0.287838 -1.32763)
(0.341936 -0.303092 -1.82735)
(0.217335 -0.217334 -2.238)
(-0.217334 -0.217335 -2.238)
(-0.341936 -0.303092 -1.82735)
(-0.387902 -0.287838 -1.32763)
(-0.328974 -0.160571 -0.66325)
(-0.237514 -0.0225198 0.294537)
(0.183112 -0.199583 0.674917)
(0.484734 -0.346993 0.561622)
(0.588253 -0.446838 0.0606751)
(0.468238 -0.468239 -0.76077)
(0.303092 -0.341936 -1.82735)
(-0.303092 -0.341936 -1.82735)
(-0.468238 -0.468238 -0.76077)
(-0.588253 -0.446838 0.0606756)
(-0.484734 -0.346993 0.561623)
(-0.183112 -0.199583 0.674917)
(0.150733 -0.213552 0.808567)
(0.265049 -0.329994 0.859807)
(0.47995 -0.47995 0.71697)
(0.446838 -0.588254 0.0606758)
(0.287837 -0.387902 -1.32763)
(-0.287838 -0.387902 -1.32763)
(-0.446838 -0.588253 0.0606756)
(-0.47995 -0.47995 0.71697)
(-0.265049 -0.329994 0.859808)
(-0.150733 -0.213552 0.808567)
(0.104718 -0.139131 0.841242)
(0.218906 -0.218906 0.857705)
(0.329994 -0.265049 0.859808)
(0.346992 -0.484734 0.561622)
(0.16057 -0.328974 -0.66325)
(-0.160571 -0.328974 -0.66325)
(-0.346993 -0.484735 0.561623)
(-0.329994 -0.265049 0.859808)
(-0.218906 -0.218906 0.857705)
(-0.104718 -0.139131 0.841242)
(0.0844604 -0.0844604 0.842864)
(0.139131 -0.104718 0.841242)
(0.213552 -0.150733 0.808567)
(0.199582 -0.183112 0.674917)
(0.0225196 -0.237514 0.294537)
(-0.0225198 -0.237514 0.294537)
(-0.199583 -0.183112 0.674917)
(-0.213552 -0.150733 0.808567)
(-0.139131 -0.104718 0.841242)
(-0.0844604 -0.0844603 0.842864)
(0.0776235 0.0776235 0.735662)
(0.128583 0.0950673 0.732812)
(0.194407 0.135469 0.697541)
(0.185125 0.156793 0.563095)
(0.0247665 0.208799 0.220107)
(-0.0247667 0.208799 0.220107)
(-0.185126 0.156793 0.563095)
(-0.194407 0.135469 0.697541)
(-0.128583 0.0950673 0.732812)
(-0.0776235 0.0776235 0.735662)
(0.0950673 0.128583 0.732812)
(0.200746 0.200746 0.748085)
(0.299269 0.240541 0.750124)
(0.316431 0.430434 0.50036)
(0.144279 0.287086 -0.585341)
(-0.144279 0.287086 -0.585341)
(-0.316432 0.430434 0.500361)
(-0.299269 0.240541 0.750124)
(-0.200746 0.200746 0.748086)
(-0.0950673 0.128583 0.732812)
(0.135469 0.194407 0.697541)
(0.240541 0.299269 0.750124)
(0.43158 0.43158 0.634878)
(0.412861 0.544305 0.107756)
(0.269636 0.350549 -1.15478)
(-0.269636 0.350549 -1.15478)
(-0.412861 0.544305 0.107756)
(-0.43158 0.43158 0.634878)
(-0.240541 0.299269 0.750124)
(-0.135469 0.194407 0.697541)
(0.156793 0.185125 0.563095)
(0.430434 0.316431 0.50036)
(0.544305 0.412861 0.107756)
(0.443927 0.443927 -0.621158)
(0.290765 0.326336 -1.60057)
(-0.290765 0.326336 -1.60057)
(-0.443927 0.443927 -0.621158)
(-0.544306 0.412861 0.107756)
(-0.430434 0.316431 0.500361)
(-0.156793 0.185125 0.563095)
(0.208799 0.0247665 0.220107)
(0.287086 0.144279 -0.585341)
(0.350549 0.269636 -1.15478)
(0.326336 0.290765 -1.60057)
(0.208193 0.208193 -1.96334)
(-0.208193 0.208193 -1.96334)
(-0.326336 0.290765 -1.60057)
(-0.35055 0.269636 -1.15478)
(-0.287086 0.144279 -0.58534)
(-0.208799 0.0247665 0.220108)
(0.208799 -0.0247667 0.220107)
(0.287086 -0.144279 -0.585341)
(0.350549 -0.269636 -1.15478)
(0.326336 -0.290765 -1.60057)
(0.208193 -0.208193 -1.96334)
(-0.208193 -0.208193 -1.96334)
(-0.326337 -0.290765 -1.60057)
(-0.35055 -0.269636 -1.15478)
(-0.287086 -0.144279 -0.58534)
(-0.208799 -0.0247668 0.220108)
(0.156793 -0.185126 0.563095)
(0.430434 -0.316432 0.500361)
(0.544305 -0.412861 0.107756)
(0.443927 -0.443927 -0.621158)
(0.290765 -0.326336 -1.60057)
(-0.290765 -0.326337 -1.60057)
(-0.443927 -0.443927 -0.621158)
(-0.544305 -0.412861 0.107756)
(-0.430434 -0.316432 0.500361)
(-0.156793 -0.185126 0.563095)
(0.135469 -0.194407 0.697541)
(0.240541 -0.299269 0.750124)
(0.43158 -0.43158 0.634878)
(0.412861 -0.544306 0.107757)
(0.269636 -0.35055 -1.15478)
(-0.269636 -0.35055 -1.15478)
(-0.412861 -0.544305 0.107756)
(-0.43158 -0.43158 0.634878)
(-0.240541 -0.299269 0.750124)
(-0.135469 -0.194407 0.697541)
(0.0950673 -0.128583 0.732812)
(0.200746 -0.200746 0.748086)
(0.299269 -0.240541 0.750124)
(0.316431 -0.430434 0.500361)
(0.144279 -0.287086 -0.58534)
(-0.144279 -0.287086 -0.58534)
(-0.316432 -0.430434 0.500361)
(-0.299269 -0.240541 0.750124)
(-0.200746 -0.200746 0.748086)
(-0.0950672 -0.128583 0.732813)
(0.0776235 -0.0776235 0.735662)
(0.128583 -0.0950673 0.732812)
(0.194407 -0.135469 0.697541)
(0.185125 -0.156793 0.563095)
(0.0247665 -0.208799 0.220108)
(-0.0247668 -0.208799 0.220108)
(-0.185126 -0.156793 0.563095)
(-0.194407 -0.135469 0.697541)
(-0.128583 -0.0950672 0.732813)
(-0.0776235 -0.0776235 0.735663)
)
;

boundaryField
{
    bottom
    {
        type            noSlip;
    }
    atmosphere
    {
        type            pressureInletOutletVelocity;
        value           nonuniform List<vector> 0();
    }
    walls
    {
        type            noSlip;
    }
    procBoundary0to1
    {
        type            processor;
        value           nonuniform List<vector> 
100
(
(0.0701644 0.0701644 0.637761)
(0.117788 0.0854076 0.634242)
(0.175314 0.120069 0.597776)
(0.170153 0.133249 0.465121)
(0.0268171 0.181162 0.15955)
(-0.0268173 0.181162 0.15955)
(-0.170154 0.133248 0.465122)
(-0.175314 0.120069 0.597776)
(-0.117788 0.0854075 0.634243)
(-0.0701644 0.0701643 0.637761)
(0.0854076 0.117788 0.634242)
(0.182362 0.182362 0.649206)
(0.269855 0.216858 0.650834)
(0.287879 0.378402 0.441721)
(0.130835 0.246704 -0.515844)
(-0.130835 0.246704 -0.515844)
(-0.28788 0.378402 0.441721)
(-0.269855 0.216858 0.650834)
(-0.182362 0.182362 0.649206)
(-0.0854075 0.117788 0.634243)
(0.120069 0.175314 0.597776)
(0.216858 0.269855 0.650834)
(0.384828 0.384828 0.558427)
(0.378104 0.492903 0.138724)
(0.250027 0.315183 -1.00043)
(-0.250028 0.315183 -1.00043)
(-0.378104 0.492903 0.138724)
(-0.384828 0.384828 0.558427)
(-0.216858 0.269855 0.650834)
(-0.120069 0.175313 0.597776)
(0.133249 0.170153 0.465121)
(0.378402 0.287879 0.441721)
(0.492903 0.378104 0.138724)
(0.418689 0.418689 -0.511593)
(0.273439 0.30882 -1.393)
(-0.273439 0.30882 -1.393)
(-0.41869 0.418689 -0.511593)
(-0.492903 0.378103 0.138724)
(-0.378402 0.287879 0.441721)
(-0.133248 0.170154 0.465122)
(0.181162 0.0268171 0.15955)
(0.246704 0.130835 -0.515844)
(0.315183 0.250028 -1.00043)
(0.30882 0.273439 -1.393)
(0.195346 0.195346 -1.70232)
(-0.195346 0.195346 -1.70232)
(-0.30882 0.27344 -1.393)
(-0.315183 0.250027 -1.00043)
(-0.246704 0.130835 -0.515843)
(-0.181162 0.0268171 0.159551)
(0.181162 -0.0268173 0.15955)
(0.246704 -0.130835 -0.515844)
(0.315183 -0.250028 -1.00043)
(0.30882 -0.273439 -1.393)
(0.195346 -0.195346 -1.70232)
(-0.195346 -0.195346 -1.70232)
(-0.30882 -0.273439 -1.39301)
(-0.315183 -0.250028 -1.00043)
(-0.246704 -0.130835 -0.515843)
(-0.181161 -0.0268173 0.159551)
(0.133248 -0.170154 0.465122)
(0.378402 -0.28788 0.441721)
(0.492902 -0.378104 0.138724)
(0.418689 -0.418689 -0.511593)
(0.27344 -0.30882 -1.393)
(-0.27344 -0.30882 -1.39301)
(-0.418689 -0.418689 -0.511592)
(-0.492903 -0.378104 0.138724)
(-0.378402 -0.28788 0.441721)
(-0.133248 -0.170154 0.465122)
(0.120069 -0.175314 0.597776)
(0.216858 -0.269855 0.650834)
(0.384828 -0.384828 0.558427)
(0.378103 -0.492903 0.138724)
(0.250028 -0.315183 -1.00043)
(-0.250028 -0.315183 -1.00043)
(-0.378104 -0.492903 0.138724)
(-0.384828 -0.384828 0.558427)
(-0.216858 -0.269855 0.650834)
(-0.120069 -0.175314 0.597776)
(0.0854075 -0.117788 0.634243)
(0.182362 -0.182362 0.649206)
(0.269855 -0.216858 0.650834)
(0.287879 -0.378402 0.441721)
(0.130835 -0.246704 -0.515843)
(-0.130835 -0.246704 -0.515843)
(-0.28788 -0.378402 0.441721)
(-0.269855 -0.216858 0.650834)
(-0.182362 -0.182362 0.649207)
(-0.0854074 -0.117788 0.634243)
(0.0701644 -0.0701644 0.637761)
(0.117788 -0.0854075 0.634243)
(0.175313 -0.120069 0.597776)
(0.170154 -0.133249 0.465122)
(0.0268171 -0.181162 0.159551)
(-0.0268173 -0.181162 0.159551)
(-0.170154 -0.133248 0.465122)
(-0.175314 -0.120069 0.597776)
(-0.117788 -0.0854074 0.634243)
(-0.0701644 -0.0701644 0.637761)
)
;
    }
    procBoundary0to2
    {
        type            processor;
        value           nonuniform List<vector> 
100
(
(0.0539255 0.0539255 1.89867)
(0.0750974 0.0693615 1.95785)
(0.148876 0.109312 2.03639)
(0.0638908 0.200942 2.04836)
(-0.0764307 0.0816282 1.36043)
(0.0764307 0.0816284 1.36043)
(-0.0638909 0.200942 2.04835)
(-0.148876 0.109312 2.03639)
(-0.0750973 0.0693614 1.95785)
(-0.0539256 0.0539255 1.89867)
(0.0693615 0.0750974 1.95785)
(0.128115 0.128115 2.08205)
(0.245283 0.216756 2.04353)
(0.152173 0.369172 0.806128)
(0.150487 0.172096 -1.86149)
(-0.150487 0.172097 -1.86149)
(-0.152173 0.369172 0.806129)
(-0.245283 0.216756 2.04353)
(-0.128115 0.128115 2.08205)
(-0.0693615 0.0750975 1.95785)
(0.109312 0.148876 2.03639)
(0.216756 0.245283 2.04353)
(0.385865 0.385865 1.26894)
(0.138937 0.174901 -1.13055)
(0.164812 -0.0245977 -2.97917)
(-0.164813 -0.0245984 -2.97917)
(-0.138937 0.174901 -1.13055)
(-0.385866 0.385865 1.26894)
(-0.216755 0.245283 2.04352)
(-0.109312 0.148876 2.03639)
(0.200942 0.0638908 2.04836)
(0.369172 0.152173 0.806128)
(0.174901 0.138937 -1.13055)
(-0.0849242 -0.0849242 -2.08346)
(0.160178 0.0420725 -3.64575)
(-0.160181 0.0420721 -3.64575)
(0.0849248 -0.0849251 -2.08345)
(-0.1749 0.138937 -1.13055)
(-0.369172 0.152173 0.80613)
(-0.200942 0.0638916 2.04835)
(0.0816282 -0.0764306 1.36043)
(0.172096 0.150487 -1.86149)
(-0.0245976 0.164812 -2.97916)
(0.0420725 0.160178 -3.64575)
(0.0693122 0.0693121 -4.45091)
(-0.0693139 0.0693126 -4.45091)
(-0.0420736 0.160179 -3.64575)
(0.0245985 0.164812 -2.97916)
(-0.172098 0.150488 -1.86149)
(-0.0816288 -0.0764302 1.36043)
(0.0816286 0.0764307 1.36043)
(0.172098 -0.150487 -1.86149)
(-0.0245983 -0.164813 -2.97917)
(0.0420722 -0.160181 -3.64575)
(0.0693128 -0.0693139 -4.45091)
(-0.0693145 -0.0693144 -4.45091)
(-0.0420732 -0.160181 -3.64574)
(0.0245992 -0.164814 -2.97917)
(-0.1721 -0.150489 -1.86148)
(-0.0816291 0.0764303 1.36043)
(0.200942 -0.063891 2.04835)
(0.369173 -0.152174 0.806129)
(0.174901 -0.138937 -1.13055)
(-0.084925 0.0849246 -2.08346)
(0.160179 -0.0420735 -3.64575)
(-0.160181 -0.0420732 -3.64574)
(0.0849255 0.0849254 -2.08345)
(-0.1749 -0.138937 -1.13055)
(-0.369172 -0.152174 0.806131)
(-0.200942 -0.0638918 2.04835)
(0.109312 -0.148876 2.03639)
(0.216756 -0.245283 2.04353)
(0.385865 -0.385866 1.26894)
(0.138937 -0.174901 -1.13055)
(0.164812 0.0245985 -2.97916)
(-0.164814 0.0245991 -2.97917)
(-0.138937 -0.1749 -1.13055)
(-0.385865 -0.385865 1.26895)
(-0.216755 -0.245283 2.04352)
(-0.109312 -0.148876 2.03639)
(0.0693614 -0.0750974 1.95785)
(0.128115 -0.128115 2.08205)
(0.245283 -0.216755 2.04352)
(0.152173 -0.369172 0.80613)
(0.150488 -0.172098 -1.86149)
(-0.150489 -0.172099 -1.86148)
(-0.152174 -0.369172 0.806131)
(-0.245283 -0.216755 2.04352)
(-0.128115 -0.128115 2.08205)
(-0.0693614 -0.0750975 1.95785)
(0.0539255 -0.0539256 1.89867)
(0.0750975 -0.0693615 1.95785)
(0.148876 -0.109312 2.03639)
(0.0638916 -0.200942 2.04835)
(-0.0764302 -0.0816288 1.36043)
(0.0764303 -0.081629 1.36043)
(-0.0638918 -0.200942 2.04835)
(-0.148876 -0.109312 2.03639)
(-0.0750975 -0.0693614 1.95785)
(-0.0539255 -0.0539255 1.89867)
)
;
    }
}


// ************************************************************************* //
