/*--------------------------------*- C++ -*----------------------------------*\
| =========                 |                                                 |
| \\      /  F ield         | OpenFOAM: The Open Source CFD Toolbox           |
|  \\    /   O peration     | Version:  2412                                  |
|   \\  /    A nd           | Website:  www.openfoam.com                      |
|    \\/     M anipulation  |                                                 |
\*---------------------------------------------------------------------------*/
FoamFile
{
    version     2.0;
    format      ascii;
    arch        "LSB;label=32;scalar=64";
    class       volScalarField;
    location    "0.19";
    object      p;
}
// * * * * * * * * * * * * * * * * * * * * * * * * * * * * * * * * * * * * * //

dimensions      [1 -1 -2 0 0 0 0];

internalField   nonuniform List<scalar> 
1000
(
12.3624
12.3635
12.3654
12.3673
12.3686
12.3686
12.3673
12.3654
12.3635
12.3624
12.3635
12.3647
12.3667
12.3687
12.3701
12.3701
12.3687
12.3667
12.3647
12.3635
12.3654
12.3667
12.3689
12.3711
12.3726
12.3726
12.3711
12.3689
12.3667
12.3654
12.3673
12.3687
12.3711
12.3735
12.3751
12.3751
12.3735
12.3711
12.3687
12.3673
12.3686
12.3701
12.3726
12.3751
12.3768
12.3768
12.3751
12.3726
12.3701
12.3686
12.3686
12.3701
12.3726
12.3751
12.3768
12.3768
12.3751
12.3726
12.3701
12.3686
12.3673
12.3687
12.3711
12.3735
12.3751
12.3751
12.3735
12.3711
12.3687
12.3673
12.3654
12.3667
12.3689
12.3711
12.3726
12.3726
12.3711
12.3689
12.3667
12.3654
12.3635
12.3647
12.3667
12.3687
12.3701
12.3701
12.3687
12.3667
12.3647
12.3635
12.3624
12.3635
12.3654
12.3673
12.3686
12.3686
12.3673
12.3654
12.3635
12.3624
12.1166
12.1178
12.1199
12.1219
12.1233
12.1233
12.1219
12.1199
12.1178
12.1166
12.1178
12.1191
12.1213
12.1234
12.1249
12.1249
12.1234
12.1213
12.1191
12.1178
12.1199
12.1213
12.1237
12.126
12.1276
12.1276
12.126
12.1237
12.1213
12.1199
12.1219
12.1234
12.126
12.1286
12.1304
12.1304
12.1286
12.126
12.1234
12.1219
12.1233
12.1249
12.1276
12.1304
12.1323
12.1323
12.1304
12.1276
12.1249
12.1233
12.1233
12.1249
12.1276
12.1304
12.1323
12.1323
12.1304
12.1276
12.1249
12.1233
12.1219
12.1234
12.126
12.1286
12.1304
12.1304
12.1286
12.126
12.1234
12.1219
12.1199
12.1213
12.1237
12.126
12.1276
12.1276
12.126
12.1237
12.1213
12.1199
12.1178
12.1191
12.1213
12.1234
12.1249
12.1249
12.1234
12.1213
12.1191
12.1178
12.1166
12.1178
12.1199
12.1219
12.1233
12.1233
12.1219
12.1199
12.1178
12.1166
11.8703
11.8717
11.874
11.8763
11.8779
11.8779
11.8763
11.874
11.8717
11.8703
11.8717
11.8731
11.8756
11.8781
11.8798
11.8798
11.8781
11.8756
11.8731
11.8717
11.874
11.8756
11.8784
11.8811
11.883
11.883
11.8811
11.8784
11.8756
11.874
11.8763
11.8781
11.8811
11.8842
11.8863
11.8863
11.8842
11.8811
11.8781
11.8763
11.8779
11.8798
11.883
11.8863
11.8886
11.8886
11.8863
11.883
11.8798
11.8779
11.8779
11.8798
11.883
11.8863
11.8886
11.8886
11.8863
11.883
11.8798
11.8779
11.8763
11.8781
11.8811
11.8842
11.8863
11.8863
11.8842
11.8811
11.8781
11.8763
11.874
11.8756
11.8784
11.8811
11.883
11.883
11.8811
11.8784
11.8756
11.874
11.8717
11.8731
11.8756
11.8781
11.8798
11.8798
11.8781
11.8756
11.8731
11.8717
11.8703
11.8717
11.874
11.8763
11.8779
11.8779
11.8763
11.874
11.8717
11.8703
11.6234
11.625
11.6277
11.6305
11.6324
11.6324
11.6305
11.6277
11.625
11.6234
11.625
11.6267
11.6297
11.6327
11.6347
11.6347
11.6327
11.6297
11.6267
11.625
11.6277
11.6297
11.633
11.6364
11.6388
11.6388
11.6364
11.633
11.6297
11.6277
11.6305
11.6327
11.6364
11.6402
11.6429
11.6429
11.6402
11.6364
11.6327
11.6305
11.6324
11.6347
11.6388
11.6429
11.6459
11.6459
11.6429
11.6388
11.6347
11.6324
11.6324
11.6347
11.6388
11.6429
11.6459
11.6459
11.6429
11.6388
11.6347
11.6324
11.6305
11.6327
11.6364
11.6402
11.6429
11.6429
11.6402
11.6364
11.6327
11.6305
11.6277
11.6297
11.633
11.6364
11.6388
11.6388
11.6364
11.633
11.6297
11.6277
11.625
11.6267
11.6297
11.6327
11.6347
11.6347
11.6327
11.6297
11.6267
11.625
11.6234
11.625
11.6277
11.6305
11.6324
11.6324
11.6305
11.6277
11.625
11.6234
11.3757
11.3776
11.381
11.3844
11.3868
11.3868
11.3844
11.381
11.3776
11.3757
11.3776
11.3798
11.3834
11.3871
11.3898
11.3898
11.3871
11.3834
11.3798
11.3776
11.381
11.3834
11.3877
11.3919
11.395
11.395
11.3919
11.3877
11.3834
11.381
11.3844
11.3871
11.3919
11.3969
11.4004
11.4004
11.3969
11.3919
11.3871
11.3844
11.3868
11.3898
11.395
11.4004
11.4045
11.4045
11.4004
11.395
11.3898
11.3868
11.3868
11.3898
11.395
11.4004
11.4045
11.4045
11.4004
11.395
11.3898
11.3868
11.3844
11.3871
11.3919
11.3969
11.4004
11.4004
11.3969
11.3919
11.3871
11.3844
11.381
11.3834
11.3877
11.3919
11.395
11.395
11.3919
11.3877
11.3834
11.381
11.3776
11.3798
11.3834
11.3871
11.3898
11.3898
11.3871
11.3834
11.3798
11.3776
11.3757
11.3776
11.381
11.3844
11.3868
11.3868
11.3844
11.381
11.3776
11.3757
11.1271
11.1295
11.1337
11.1379
11.1409
11.1409
11.1379
11.1337
11.1295
11.1271
11.1295
11.1322
11.1368
11.1415
11.1449
11.1449
11.1415
11.1368
11.1322
11.1295
11.1337
11.1368
11.1422
11.1477
11.1518
11.1518
11.1477
11.1422
11.1368
11.1337
11.1379
11.1415
11.1477
11.1542
11.1591
11.1591
11.1542
11.1477
11.1415
11.1379
11.1409
11.1449
11.1518
11.1591
11.1647
11.1647
11.1591
11.1518
11.1449
11.1409
11.1409
11.1449
11.1518
11.1591
11.1647
11.1647
11.1591
11.1518
11.1449
11.1409
11.1379
11.1415
11.1477
11.1542
11.1591
11.1591
11.1542
11.1477
11.1415
11.1379
11.1337
11.1368
11.1422
11.1477
11.1518
11.1518
11.1477
11.1422
11.1368
11.1337
11.1295
11.1322
11.1368
11.1415
11.1449
11.1449
11.1415
11.1368
11.1322
11.1295
11.1271
11.1295
11.1337
11.1379
11.1409
11.1409
11.1379
11.1337
11.1295
11.1271
10.8773
10.8804
10.8856
10.891
10.8948
10.8948
10.891
10.8856
10.8804
10.8773
10.8804
10.8837
10.8896
10.8956
10.9
10.9
10.8956
10.8896
10.8837
10.8804
10.8856
10.8896
10.8966
10.9039
10.9093
10.9093
10.9039
10.8966
10.8896
10.8856
10.891
10.8956
10.9039
10.9125
10.9193
10.9193
10.9125
10.9039
10.8956
10.891
10.8948
10.9
10.9093
10.9193
10.9272
10.9272
10.9193
10.9093
10.9
10.8948
10.8948
10.9
10.9093
10.9193
10.9272
10.9272
10.9193
10.9093
10.9
10.8948
10.891
10.8956
10.9039
10.9125
10.9193
10.9193
10.9125
10.9039
10.8956
10.891
10.8856
10.8896
10.8966
10.9039
10.9093
10.9093
10.9039
10.8966
10.8896
10.8856
10.8804
10.8837
10.8896
10.8956
10.9
10.9
10.8956
10.8896
10.8837
10.8804
10.8773
10.8804
10.8856
10.891
10.8948
10.8948
10.891
10.8856
10.8804
10.8773
10.6262
10.6299
10.6366
10.6434
10.6484
10.6484
10.6434
10.6366
10.6299
10.6262
10.6299
10.6342
10.6417
10.6494
10.6553
10.6553
10.6494
10.6417
10.6342
10.6299
10.6366
10.6417
10.6508
10.6604
10.6678
10.6678
10.6604
10.6508
10.6417
10.6366
10.6434
10.6494
10.6604
10.672
10.6815
10.6815
10.672
10.6604
10.6494
10.6434
10.6484
10.6553
10.6678
10.6815
10.6929
10.6929
10.6815
10.6678
10.6553
10.6484
10.6484
10.6553
10.6678
10.6815
10.6929
10.6929
10.6815
10.6678
10.6553
10.6484
10.6434
10.6494
10.6604
10.672
10.6815
10.6815
10.672
10.6604
10.6494
10.6434
10.6366
10.6417
10.6508
10.6604
10.6678
10.6678
10.6604
10.6508
10.6417
10.6366
10.6299
10.6342
10.6417
10.6494
10.6553
10.6553
10.6494
10.6417
10.6342
10.6299
10.6262
10.6299
10.6366
10.6434
10.6484
10.6484
10.6434
10.6366
10.6299
10.6262
10.3732
10.3779
10.3862
10.3948
10.4013
10.4013
10.3948
10.3862
10.3779
10.3732
10.3779
10.3833
10.3928
10.4028
10.4105
10.4105
10.4028
10.3928
10.3833
10.3779
10.3862
10.3928
10.4046
10.4173
10.4274
10.4274
10.4173
10.4046
10.3928
10.3862
10.3948
10.4028
10.4173
10.433
10.4464
10.4464
10.433
10.4173
10.4028
10.3948
10.4013
10.4105
10.4274
10.4464
10.463
10.463
10.4464
10.4274
10.4105
10.4013
10.4013
10.4105
10.4274
10.4464
10.463
10.463
10.4464
10.4274
10.4105
10.4013
10.3948
10.4028
10.4173
10.433
10.4464
10.4464
10.433
10.4173
10.4028
10.3948
10.3862
10.3928
10.4046
10.4173
10.4274
10.4274
10.4173
10.4046
10.3928
10.3862
10.3779
10.3833
10.3928
10.4028
10.4105
10.4105
10.4028
10.3928
10.3833
10.3779
10.3732
10.3779
10.3862
10.3948
10.4013
10.4013
10.3948
10.3862
10.3779
10.3732
10.1181
10.1239
10.1342
10.145
10.1534
10.1534
10.145
10.1342
10.1239
10.1181
10.1239
10.1306
10.1426
10.1554
10.1657
10.1657
10.1554
10.1426
10.1306
10.1239
10.1342
10.1426
10.1579
10.1746
10.1885
10.1885
10.1746
10.1579
10.1426
10.1342
10.145
10.1554
10.1746
10.196
10.2151
10.2151
10.196
10.1746
10.1554
10.145
10.1534
10.1657
10.1885
10.2151
10.2395
10.2395
10.2151
10.1885
10.1657
10.1534
10.1534
10.1657
10.1885
10.2151
10.2395
10.2395
10.2151
10.1885
10.1657
10.1534
10.145
10.1554
10.1746
10.196
10.2151
10.2151
10.196
10.1746
10.1554
10.145
10.1342
10.1426
10.1579
10.1746
10.1885
10.1885
10.1746
10.1579
10.1426
10.1342
10.1239
10.1306
10.1426
10.1554
10.1657
10.1657
10.1554
10.1426
10.1306
10.1239
10.1181
10.1239
10.1342
10.145
10.1534
10.1534
10.145
10.1342
10.1239
10.1181
)
;

boundaryField
{
    bottom
    {
        type            calculated;
        value           nonuniform List<scalar> 
100
(
12.485
12.4862
12.4881
12.4899
12.4912
12.4912
12.4899
12.4881
12.4862
12.485
12.4862
12.4873
12.4894
12.4914
12.4927
12.4927
12.4914
12.4894
12.4873
12.4862
12.4881
12.4894
12.4916
12.4937
12.4952
12.4952
12.4937
12.4916
12.4894
12.4881
12.4899
12.4914
12.4937
12.4961
12.4977
12.4977
12.4961
12.4937
12.4914
12.4899
12.4912
12.4927
12.4952
12.4977
12.4995
12.4995
12.4977
12.4952
12.4927
12.4912
12.4912
12.4927
12.4952
12.4977
12.4995
12.4995
12.4977
12.4952
12.4927
12.4912
12.4899
12.4914
12.4937
12.4961
12.4977
12.4977
12.4961
12.4937
12.4914
12.4899
12.4881
12.4894
12.4916
12.4937
12.4952
12.4952
12.4937
12.4916
12.4894
12.4881
12.4862
12.4873
12.4894
12.4914
12.4927
12.4927
12.4914
12.4894
12.4873
12.4862
12.485
12.4862
12.4881
12.4899
12.4912
12.4912
12.4899
12.4881
12.4862
12.485
)
;
    }
    atmosphere
    {
        type            calculated;
        value           nonuniform List<scalar> 0();
    }
    walls
    {
        type            calculated;
        value           nonuniform List<scalar> 
400
(
12.3624
12.3635
12.3654
12.3673
12.3686
12.3686
12.3673
12.3654
12.3635
12.3624
12.1166
12.1178
12.1199
12.1219
12.1233
12.1233
12.1219
12.1199
12.1178
12.1166
11.8703
11.8717
11.874
11.8763
11.8779
11.8779
11.8763
11.874
11.8717
11.8703
11.6234
11.625
11.6277
11.6305
11.6324
11.6324
11.6305
11.6277
11.625
11.6234
11.3757
11.3776
11.381
11.3844
11.3868
11.3868
11.3844
11.381
11.3776
11.3757
11.1271
11.1295
11.1337
11.1379
11.1409
11.1409
11.1379
11.1337
11.1295
11.1271
10.8773
10.8804
10.8856
10.891
10.8948
10.8948
10.891
10.8856
10.8804
10.8773
10.6262
10.6299
10.6366
10.6434
10.6484
10.6484
10.6434
10.6366
10.6299
10.6262
10.3732
10.3779
10.3862
10.3948
10.4013
10.4013
10.3948
10.3862
10.3779
10.3732
10.1181
10.1239
10.1342
10.145
10.1534
10.1534
10.145
10.1342
10.1239
10.1181
12.3624
12.3635
12.3654
12.3673
12.3686
12.3686
12.3673
12.3654
12.3635
12.3624
12.1166
12.1178
12.1199
12.1219
12.1233
12.1233
12.1219
12.1199
12.1178
12.1166
11.8703
11.8717
11.874
11.8763
11.8779
11.8779
11.8763
11.874
11.8717
11.8703
11.6234
11.625
11.6277
11.6305
11.6324
11.6324
11.6305
11.6277
11.625
11.6234
11.3757
11.3776
11.381
11.3844
11.3868
11.3868
11.3844
11.381
11.3776
11.3757
11.1271
11.1295
11.1337
11.1379
11.1409
11.1409
11.1379
11.1337
11.1295
11.1271
10.8773
10.8804
10.8856
10.891
10.8948
10.8948
10.891
10.8856
10.8804
10.8773
10.6262
10.6299
10.6366
10.6434
10.6484
10.6484
10.6434
10.6366
10.6299
10.6262
10.3732
10.3779
10.3862
10.3948
10.4013
10.4013
10.3948
10.3862
10.3779
10.3732
10.1181
10.1239
10.1342
10.145
10.1534
10.1534
10.145
10.1342
10.1239
10.1181
12.3624
12.1166
11.8703
11.6234
11.3757
11.1271
10.8773
10.6262
10.3732
10.1181
12.3635
12.1178
11.8717
11.625
11.3776
11.1295
10.8804
10.6299
10.3779
10.1239
12.3654
12.1199
11.874
11.6277
11.381
11.1337
10.8856
10.6366
10.3862
10.1342
12.3673
12.1219
11.8763
11.6305
11.3844
11.1379
10.891
10.6434
10.3948
10.145
12.3686
12.1233
11.8779
11.6324
11.3868
11.1409
10.8948
10.6484
10.4013
10.1534
12.3686
12.1233
11.8779
11.6324
11.3868
11.1409
10.8948
10.6484
10.4013
10.1534
12.3673
12.1219
11.8763
11.6305
11.3844
11.1379
10.891
10.6434
10.3948
10.145
12.3654
12.1199
11.874
11.6277
11.381
11.1337
10.8856
10.6366
10.3862
10.1342
12.3635
12.1178
11.8717
11.625
11.3776
11.1295
10.8804
10.6299
10.3779
10.1239
12.3624
12.1166
11.8703
11.6234
11.3757
11.1271
10.8773
10.6262
10.3732
10.1181
12.3624
12.1166
11.8703
11.6234
11.3757
11.1271
10.8773
10.6262
10.3732
10.1181
12.3635
12.1178
11.8717
11.625
11.3776
11.1295
10.8804
10.6299
10.3779
10.1239
12.3654
12.1199
11.874
11.6277
11.381
11.1337
10.8856
10.6366
10.3862
10.1342
12.3673
12.1219
11.8763
11.6305
11.3844
11.1379
10.891
10.6434
10.3948
10.145
12.3686
12.1233
11.8779
11.6324
11.3868
11.1409
10.8948
10.6484
10.4013
10.1534
12.3686
12.1233
11.8779
11.6324
11.3868
11.1409
10.8948
10.6484
10.4013
10.1534
12.3673
12.1219
11.8763
11.6305
11.3844
11.1379
10.891
10.6434
10.3948
10.145
12.3654
12.1199
11.874
11.6277
11.381
11.1337
10.8856
10.6366
10.3862
10.1342
12.3635
12.1178
11.8717
11.625
11.3776
11.1295
10.8804
10.6299
10.3779
10.1239
12.3624
12.1166
11.8703
11.6234
11.3757
11.1271
10.8773
10.6262
10.3732
10.1181
)
;
    }
    procBoundary3to2
    {
        type            processor;
        value           nonuniform List<scalar> 
100
(
9.86014
9.86725
9.87998
9.89346
9.9042
9.9042
9.89346
9.87998
9.86725
9.86014
9.86725
9.87559
9.8907
9.90698
9.92062
9.92062
9.90698
9.8907
9.87559
9.86725
9.87998
9.8907
9.91026
9.93222
9.95142
9.95142
9.93222
9.91026
9.8907
9.87998
9.89346
9.90698
9.93222
9.96128
9.98873
9.98873
9.96128
9.93222
9.90698
9.89346
9.9042
9.92063
9.95142
9.98873
10.0252
10.0252
9.98873
9.95142
9.92063
9.9042
9.9042
9.92063
9.95142
9.98873
10.0252
10.0252
9.98873
9.95142
9.92063
9.9042
9.89346
9.90698
9.93222
9.96128
9.98873
9.98873
9.96128
9.93222
9.90698
9.89346
9.87998
9.89071
9.91026
9.93222
9.95142
9.95142
9.93222
9.91026
9.89071
9.87998
9.86725
9.87559
9.89071
9.90698
9.92063
9.92063
9.90698
9.89071
9.87559
9.86725
9.86014
9.86725
9.87998
9.89346
9.9042
9.9042
9.89346
9.87998
9.86725
9.86014
)
;
    }
}


// ************************************************************************* //
