/*--------------------------------*- C++ -*----------------------------------*\
| =========                 |                                                 |
| \\      /  F ield         | OpenFOAM: The Open Source CFD Toolbox           |
|  \\    /   O peration     | Version:  2412                                  |
|   \\  /    A nd           | Website:  www.openfoam.com                      |
|    \\/     M anipulation  |                                                 |
\*---------------------------------------------------------------------------*/
FoamFile
{
    version     2.0;
    format      ascii;
    arch        "LSB;label=32;scalar=64";
    class       volScalarField;
    location    "0.9";
    object      p;
}
// * * * * * * * * * * * * * * * * * * * * * * * * * * * * * * * * * * * * * //

dimensions      [1 -1 -2 0 0 0 0];

internalField   nonuniform List<scalar> 
1000
(
204.044
130.289
96.9245
61.2027
50.5048
50.5053
61.2025
96.9245
130.289
204.044
130.289
68.5997
54.7078
31.2288
23.9771
23.9759
31.2286
54.7076
68.5994
130.289
96.9247
54.708
48.7553
39.2554
36.4076
36.4076
39.2553
48.7553
54.7081
96.9246
61.2026
31.2289
39.2553
33.8905
29.6839
29.6837
33.8904
39.2551
31.2287
61.2021
50.5046
23.9777
36.4075
29.684
28.0579
28.0577
29.6837
36.4075
23.9775
50.5043
50.5053
23.9756
36.4076
29.6835
28.0575
28.0573
29.6833
36.4074
23.9757
50.5049
61.2024
31.2285
39.2551
33.8903
29.6835
29.6833
33.8902
39.2549
31.2284
61.202
96.9245
54.7077
48.7553
39.255
36.4074
36.4074
39.2548
48.7553
54.7078
96.9245
130.289
68.5992
54.7079
31.2284
23.9771
23.976
31.2283
54.7078
68.5991
130.289
204.044
130.289
96.9244
61.2017
50.5041
50.5046
61.2016
96.9244
130.289
204.045
133.479
64.5117
48.7506
33.9083
27.798
27.7987
33.9084
48.7504
64.5115
133.479
64.512
9.43758
17.3733
12.2928
10.0652
10.0649
12.2926
17.3731
9.43732
64.512
48.7507
17.3736
24.8827
23.5069
25.2822
25.2826
23.5069
24.8827
17.3736
48.7505
33.9082
12.293
23.5067
22.55
22.7431
22.743
22.55
23.5065
12.2928
33.9077
27.7977
10.0654
25.282
22.7431
22.2757
22.2756
22.743
25.282
10.0655
27.7974
27.7987
10.0647
25.2827
22.7429
22.2754
22.2752
22.7427
25.2826
10.0648
27.7983
33.9083
12.2925
23.5067
22.55
22.7429
22.7428
22.55
23.5066
12.2924
33.9078
48.7504
17.3731
24.8827
23.5066
25.2821
25.2825
23.5066
24.8827
17.3731
48.7503
64.5116
9.4372
17.3733
12.2924
10.0654
10.0651
12.2923
17.3731
9.43702
64.5117
133.48
64.5118
48.7503
33.9073
27.7973
27.7979
33.9074
48.7502
64.5117
133.48
75.6547
31.155
34.1785
23.4761
21.4261
21.4263
23.4761
34.1784
31.1549
75.6548
31.1553
9.81286
13.4876
10.2074
9.36964
9.36928
10.2071
13.4874
9.81281
31.1554
34.1787
13.4879
18.6183
15.7936
18.7811
18.7815
15.7936
18.6184
13.4879
34.1787
23.4759
10.2074
15.7935
16.0667
19.2769
19.2767
16.0668
15.7934
10.2073
23.4753
21.426
9.36982
18.7809
19.2769
19.9208
19.9206
19.2767
18.7807
9.36985
21.4259
21.4263
9.36922
18.7815
19.2765
19.9204
19.9203
19.2764
18.7813
9.36926
21.4261
23.476
10.207
15.7934
16.0668
19.2766
19.2764
16.0668
15.7934
10.2069
23.4754
34.1784
13.4874
18.6184
15.7935
18.7808
18.7811
15.7935
18.6184
13.4875
34.1785
31.155
9.81278
13.4877
10.2071
9.36969
9.36934
10.2069
13.4875
9.81281
31.1551
75.6548
31.1552
34.1784
23.4747
21.4257
21.4259
23.4748
34.1784
31.1551
75.655
44.6146
19.0045
23.7167
16.3717
16.1601
16.1599
16.3717
23.7167
19.0044
44.6145
19.0048
6.67407
11.2165
6.75661
7.84533
7.84504
6.75634
11.2162
6.67389
19.005
23.7168
11.2167
15.6359
12.131
15.8934
15.8935
12.131
15.6359
11.2168
23.7168
16.3716
6.75669
12.1309
11.7873
14.7774
14.7773
11.7873
12.1308
6.75667
16.3713
16.1601
7.84539
15.8932
14.7774
16.4582
16.458
14.7773
15.8931
7.84525
16.1601
16.1599
7.84493
15.8934
14.7772
16.4577
16.4575
14.7771
15.8933
7.84481
16.1598
16.3716
6.75631
12.1309
11.7874
14.7772
14.7771
11.7874
12.1308
6.75636
16.3714
23.7167
11.2163
15.636
12.1308
15.8932
15.8933
12.1308
15.636
11.2164
23.7167
19.0046
6.67377
11.2166
6.75665
7.84505
7.84478
6.75645
11.2164
6.67362
19.0047
44.6145
19.0048
23.7167
16.3711
16.16
16.1598
16.3712
23.7167
19.0047
44.6146
34.5758
13.9656
18.6332
13.0159
13.714
13.7139
13.0161
18.6331
13.9654
34.5758
13.9659
6.5307
10.5084
7.25599
9.52971
9.52976
7.25599
10.5082
6.5306
13.966
18.6332
10.5086
14.1931
11.0998
13.4795
13.4795
11.0998
14.1931
10.5086
18.6332
13.0157
7.2559
11.0996
10.2656
12.5615
12.5615
10.2655
11.0995
7.25582
13.0157
13.7139
9.52969
13.4794
12.5615
14.2819
14.2818
12.5615
13.4793
9.52962
13.7139
13.7139
9.52975
13.4794
12.5614
14.2816
14.2815
12.5613
13.4793
9.52965
13.7138
13.016
7.25592
11.0996
10.2655
12.5613
12.5613
10.2655
11.0995
7.25585
13.0159
18.633
10.5082
14.1931
11.0996
13.4793
13.4793
11.0995
14.1931
10.5083
18.633
13.9655
6.53049
10.5085
7.25586
9.52955
9.52957
7.25587
10.5083
6.53036
13.9657
34.5758
13.9658
18.6331
13.0157
13.7138
13.7138
13.0159
18.633
13.9657
34.576
24.9896
12.5378
15.0944
11.902
12.561
12.561
11.9021
15.0944
12.5376
24.9896
12.5382
6.37846
9.71233
8.1964
9.6725
9.67235
8.19638
9.7121
6.37836
12.5383
15.0944
9.71253
12.59
9.83281
11.561
11.561
9.83281
12.5899
9.71256
15.0943
11.9019
8.19639
9.83259
9.41942
11.4639
11.4638
9.41942
9.83235
8.19634
11.9018
12.5608
9.67261
11.5609
11.464
12.7655
12.7653
11.464
11.5608
9.67257
12.5607
12.5609
9.67235
11.5609
11.4638
12.7652
12.7651
11.4637
11.5608
9.67234
12.5608
11.902
8.19637
9.83263
9.41944
11.4639
11.4638
9.41945
9.83241
8.19632
11.9019
15.0944
9.71212
12.5899
9.83239
11.5607
11.5607
9.83237
12.5898
9.7121
15.0943
12.5376
6.3783
9.71237
8.19639
9.67248
9.67235
8.19636
9.71212
6.37826
12.5377
24.9896
12.538
15.0943
11.9018
12.5607
12.5608
11.9019
15.0942
12.5378
24.9896
20.0948
11.5652
14.2944
12.0471
12.0327
12.0326
12.047
14.2944
11.5652
20.0948
11.5654
6.72474
9.5039
8.69083
9.93227
9.93222
8.69079
9.50385
6.72462
11.5654
14.2944
9.50383
11.9785
9.48569
10.9089
10.9089
9.48572
11.9784
9.50363
14.2944
12.047
8.69081
9.48546
9.65471
11.0016
11.0015
9.6547
9.48517
8.69076
12.0469
12.0327
9.93224
10.9089
11.0016
11.9044
11.9043
11.0016
10.9088
9.93215
12.0326
12.0325
9.93216
10.9089
11.0014
11.9042
11.9041
11.0014
10.9088
9.93209
12.0324
12.0469
8.69078
9.48554
9.65468
11.0015
11.0014
9.65469
9.48529
8.69077
12.0468
14.2944
9.50378
11.9783
9.48518
10.9087
10.9087
9.48522
11.9782
9.50359
14.2943
11.5651
6.72459
9.50356
8.69082
9.93208
9.93204
8.69081
9.50352
6.72456
11.5651
20.0948
11.5652
14.2943
12.0469
12.0325
12.0325
12.0468
14.2943
11.5651
20.0948
15.9862
10.0086
12.9156
11.5607
11.5342
11.5342
11.5607
12.9155
10.0085
15.9861
10.0086
7.78942
9.2136
9.37232
10.0264
10.0264
9.37224
9.21359
7.7893
10.0086
12.9156
9.21348
11.3579
9.55512
10.4165
10.4166
9.55508
11.3577
9.21323
12.9155
11.5607
9.37231
9.55496
9.98834
10.8067
10.8067
9.98836
9.55481
9.37224
11.5607
11.5342
10.0264
10.4165
10.8068
11.3987
11.3987
10.8067
10.4164
10.0263
11.5341
11.5341
10.0263
10.4166
10.8067
11.3987
11.3987
10.8067
10.4165
10.0262
11.534
11.5606
9.37218
9.55494
9.98837
10.8067
10.8067
9.98838
9.55482
9.37216
11.5606
12.9155
9.21348
11.3577
9.55481
10.4164
10.4165
9.5548
11.3576
9.21329
12.9154
10.0084
7.78927
9.21319
9.37221
10.0263
10.0262
9.37217
9.21322
7.78926
10.0084
15.986
10.0085
12.9155
11.5606
11.5341
11.534
11.5606
12.9154
10.0084
15.986
13.9198
9.18726
12.1416
11.0263
11.0026
11.0026
11.0263
12.1416
9.18721
13.9197
9.18729
8.34608
9.12694
9.54859
9.98163
9.98159
9.54853
9.1269
8.34602
9.18728
12.1416
9.12686
10.9759
9.55239
10.0969
10.097
9.55238
10.9758
9.12666
12.1416
11.0263
9.54859
9.55229
9.82403
10.5356
10.5356
9.8241
9.55222
9.5485
11.0262
11.0027
9.98161
10.0968
10.5356
10.8039
10.804
10.5357
10.0968
9.98154
11.0026
11.0026
9.98153
10.0969
10.5358
10.8041
10.8041
10.5359
10.0969
9.98147
11.0026
11.0263
9.54849
9.5523
9.82415
10.5358
10.5359
9.8242
9.55225
9.54844
11.0263
12.1416
9.12681
10.9758
9.55222
10.0968
10.0969
9.55222
10.9757
9.12666
12.1415
9.18719
8.34598
9.12661
9.54845
9.98148
9.98145
9.54842
9.12662
8.34595
9.18716
13.9197
9.18723
12.1415
11.0262
11.0025
11.0025
11.0262
12.1415
9.18717
13.9196
12.6743
8.71173
11.3205
10.2689
10.3144
10.3144
10.2689
11.3205
8.71171
12.6742
8.71175
8.45374
8.93031
9.43532
9.64591
9.64592
9.4353
8.93026
8.45372
8.71176
11.3205
8.93026
10.4322
9.12424
9.69142
9.6915
9.12427
10.4321
8.93011
11.3204
10.2689
9.43529
9.12417
9.38422
9.90888
9.90887
9.38434
9.12416
9.4352
10.2689
10.3144
9.64589
9.69138
9.9089
10.1883
10.1884
9.90892
9.69135
9.64583
10.3143
10.3144
9.6459
9.69149
9.9089
10.1885
10.1885
9.90892
9.69142
9.64584
10.3143
10.2689
9.43527
9.12425
9.38439
9.90894
9.90893
9.38448
9.12424
9.43521
10.2689
11.3205
8.93018
10.4321
9.12418
9.69135
9.69139
9.1242
10.432
8.93006
11.3204
8.7117
8.45369
8.93005
9.43519
9.6458
9.64581
9.43519
8.93004
8.45369
8.71169
12.6742
8.71174
11.3204
10.2689
10.3143
10.3143
10.2689
11.3204
8.71169
12.6741
)
;

boundaryField
{
    bottom
    {
        type            calculated;
        value           nonuniform List<scalar> 
100
(
233.514
159.759
126.387
81.4033
68.3786
68.3793
81.4031
126.387
159.759
233.515
159.759
98.0522
83.7417
44.0782
31.8457
31.8435
44.0778
83.7414
98.0517
159.759
126.387
83.7415
67.0814
47.5281
40.8962
40.8961
47.5278
67.0814
83.7416
126.387
81.4034
44.0781
47.5281
37.9799
32.2825
32.282
37.9797
47.5277
44.0778
81.4024
68.3788
31.8451
40.8962
32.2824
30.9226
30.9222
32.2819
40.8959
31.8451
68.3781
68.3794
31.8438
40.8962
32.2822
30.9224
30.922
32.2817
40.8959
31.844
68.3786
81.4033
44.0779
47.528
37.9798
32.2822
32.2817
37.9796
47.5276
44.0777
81.4023
126.387
83.7413
67.0814
47.5278
40.8961
40.8959
47.5276
67.0814
83.7415
126.387
159.759
98.0518
83.7418
44.0781
31.8455
31.8436
44.0778
83.7415
98.0515
159.759
233.515
159.759
126.387
81.4028
68.3783
68.3789
81.4027
126.387
159.759
233.515
)
;
    }
    atmosphere
    {
        type            calculated;
        value           nonuniform List<scalar> 0();
    }
    walls
    {
        type            calculated;
        value           nonuniform List<scalar> 
400
(
204.044
130.289
96.9247
61.2026
50.5046
50.5053
61.2024
96.9245
130.289
204.044
133.479
64.512
48.7507
33.9082
27.7977
27.7987
33.9083
48.7504
64.5116
133.48
75.6547
31.1553
34.1787
23.4759
21.426
21.4263
23.476
34.1784
31.155
75.6548
44.6146
19.0048
23.7168
16.3716
16.1601
16.1599
16.3716
23.7167
19.0046
44.6145
34.5758
13.9659
18.6332
13.0157
13.7139
13.7139
13.016
18.633
13.9655
34.5758
24.9896
12.5382
15.0944
11.9019
12.5608
12.5609
11.902
15.0944
12.5376
24.9896
20.0948
11.5654
14.2944
12.047
12.0327
12.0325
12.0469
14.2944
11.5651
20.0948
15.9862
10.0086
12.9156
11.5607
11.5342
11.5341
11.5606
12.9155
10.0084
15.986
13.9198
9.18729
12.1416
11.0263
11.0027
11.0026
11.0263
12.1416
9.18719
13.9197
12.6743
8.71175
11.3205
10.2689
10.3144
10.3144
10.2689
11.3205
8.7117
12.6742
204.044
130.289
96.9246
61.2021
50.5043
50.5049
61.202
96.9245
130.289
204.045
133.479
64.512
48.7505
33.9077
27.7974
27.7983
33.9078
48.7503
64.5117
133.48
75.6548
31.1554
34.1787
23.4753
21.4259
21.4261
23.4754
34.1785
31.1551
75.655
44.6145
19.005
23.7168
16.3713
16.1601
16.1598
16.3714
23.7167
19.0047
44.6146
34.5758
13.966
18.6332
13.0157
13.7139
13.7138
13.0159
18.633
13.9657
34.576
24.9896
12.5383
15.0943
11.9018
12.5607
12.5608
11.9019
15.0943
12.5377
24.9896
20.0948
11.5654
14.2944
12.0469
12.0326
12.0324
12.0468
14.2943
11.5651
20.0948
15.9861
10.0086
12.9155
11.5607
11.5341
11.534
11.5606
12.9154
10.0084
15.986
13.9197
9.18728
12.1416
11.0262
11.0026
11.0026
11.0263
12.1415
9.18716
13.9196
12.6742
8.71176
11.3204
10.2689
10.3143
10.3143
10.2689
11.3204
8.71169
12.6741
204.044
133.479
75.6547
44.6146
34.5758
24.9896
20.0948
15.9862
13.9198
12.6743
130.289
64.5117
31.155
19.0045
13.9656
12.5378
11.5652
10.0086
9.18726
8.71173
96.9245
48.7506
34.1785
23.7167
18.6332
15.0944
14.2944
12.9156
12.1416
11.3205
61.2027
33.9083
23.4761
16.3717
13.0159
11.902
12.0471
11.5607
11.0263
10.2689
50.5048
27.798
21.4261
16.1601
13.714
12.561
12.0327
11.5342
11.0026
10.3144
50.5053
27.7987
21.4263
16.1599
13.7139
12.561
12.0326
11.5342
11.0026
10.3144
61.2025
33.9084
23.4761
16.3717
13.0161
11.9021
12.047
11.5607
11.0263
10.2689
96.9245
48.7504
34.1784
23.7167
18.6331
15.0944
14.2944
12.9155
12.1416
11.3205
130.289
64.5115
31.1549
19.0044
13.9654
12.5376
11.5652
10.0085
9.18721
8.71171
204.044
133.479
75.6548
44.6145
34.5758
24.9896
20.0948
15.9861
13.9197
12.6742
204.044
133.48
75.6548
44.6145
34.5758
24.9896
20.0948
15.986
13.9197
12.6742
130.289
64.5118
31.1552
19.0048
13.9658
12.538
11.5652
10.0085
9.18723
8.71174
96.9244
48.7503
34.1784
23.7167
18.6331
15.0943
14.2943
12.9155
12.1415
11.3204
61.2017
33.9073
23.4747
16.3711
13.0157
11.9018
12.0469
11.5606
11.0262
10.2689
50.5041
27.7973
21.4257
16.16
13.7138
12.5607
12.0325
11.5341
11.0025
10.3143
50.5046
27.7979
21.4259
16.1598
13.7138
12.5608
12.0325
11.534
11.0025
10.3143
61.2016
33.9074
23.4748
16.3712
13.0159
11.9019
12.0468
11.5606
11.0262
10.2689
96.9244
48.7502
34.1784
23.7167
18.633
15.0942
14.2943
12.9154
12.1415
11.3204
130.289
64.5117
31.1551
19.0047
13.9657
12.5378
11.5651
10.0084
9.18717
8.71169
204.045
133.48
75.655
44.6146
34.576
24.9896
20.0948
15.986
13.9196
12.6741
)
;
    }
    procBoundary3to2
    {
        type            processor;
        value           nonuniform List<scalar> 
100
(
11.9645
8.34976
10.5086
9.68751
9.69934
9.69935
9.68753
10.5086
8.34977
11.9645
8.34979
8.38082
8.66073
9.29641
9.28718
9.28719
9.29646
8.66072
8.38081
8.34981
10.5085
8.66067
9.72481
8.65708
9.21724
9.21733
8.65716
9.72474
8.66056
10.5084
9.68749
9.29636
8.65704
8.73186
9.34634
9.34642
8.73204
8.65708
9.29632
9.68752
9.69932
9.28715
9.21719
9.34633
9.6552
9.65525
9.34639
9.21719
9.2871
9.69928
9.69935
9.28717
9.21732
9.34647
9.65531
9.65535
9.3465
9.21729
9.28713
9.6993
9.68753
9.29645
8.65717
8.73211
9.34642
9.34647
8.73226
8.65719
9.29643
9.68752
10.5085
8.66065
9.72474
8.65711
9.21721
9.21726
8.65716
9.72466
8.66056
10.5085
8.34979
8.38081
8.66054
9.29636
9.2871
9.28711
9.29642
8.66055
8.38084
8.3498
11.9645
8.3498
10.5085
9.68754
9.69928
9.69928
9.68753
10.5085
8.34979
11.9646
)
;
    }
}


// ************************************************************************* //
