/*--------------------------------*- C++ -*----------------------------------*\
| =========                 |                                                 |
| \\      /  F ield         | OpenFOAM: The Open Source CFD Toolbox           |
|  \\    /   O peration     | Version:  2412                                  |
|   \\  /    A nd           | Website:  www.openfoam.com                      |
|    \\/     M anipulation  |                                                 |
\*---------------------------------------------------------------------------*/
FoamFile
{
    version     2.0;
    format      ascii;
    arch        "LSB;label=32;scalar=64";
    class       surfaceScalarField;
    location    "0.9";
    object      phi;
}
// * * * * * * * * * * * * * * * * * * * * * * * * * * * * * * * * * * * * * //

dimensions      [0 3 -1 0 0 0 0];

oriented        oriented;

internalField   nonuniform List<scalar> 
2700
(
0.000465439
0.000465438
-0.000930877
0.000437405
0.000528521
-0.000500487
0.000154677
0.000363049
-8.03213e-05
-2.28061e-05
0.000235281
-5.77979e-05
4.2796e-10
9.27525e-05
-0.000115559
2.28066e-05
9.27522e-05
-0.000115558
-0.000154678
0.000235286
-5.78012e-05
-0.000437407
0.00036305
-8.03222e-05
-0.00046544
0.000528521
-0.000500488
0.000465438
-0.000930878
0.000528521
0.000437405
-0.000500488
0.000691906
0.000691906
-0.00032677
0.000518388
0.000697016
-0.000160449
0.000203755
0.000513996
3.59181e-05
2.04141e-11
0.000175816
0.000120691
-0.000203754
0.000175812
0.000120694
-0.000518385
0.000514003
3.59137e-05
-0.000691906
0.000697017
-0.000160446
-0.000528522
0.000691907
-0.000326769
0.000437406
-0.00050049
0.000363049
0.000154678
-8.03222e-05
0.000697017
0.000518389
-0.000160451
0.000731554
0.000731556
-6.90775e-05
0.000444489
0.000537613
0.000263448
-1.96509e-09
9.48916e-05
0.000525415
-0.00044449
9.48973e-05
0.000525402
-0.000731553
0.000537626
0.000263441
-0.000697017
0.000731559
-6.90778e-05
-0.00036305
0.000518389
-0.00016045
0.00015468
-8.03238e-05
0.000235281
-2.28054e-05
-5.77968e-05
0.000513996
0.000203755
3.59184e-05
0.000537611
0.000444491
0.00026345
0.000323036
0.00032304
0.000429149
4.12434e-09
0.000147973
0.000269951
-0.000323036
0.000147972
0.000269965
-0.000537618
0.00032305
0.000429158
-0.000514001
0.000444495
0.000263448
-0.000235283
0.000203754
3.59166e-05
-2.28051e-05
-5.77975e-05
9.2754e-05
1.37325e-10
-0.00011556
0.000175823
-4.76219e-10
0.000120686
9.4897e-05
-4.73985e-09
0.000525422
0.000147977
6.76646e-09
0.000269953
4.88124e-09
9.33313e-09
0.000295935
-0.000147975
8.7462e-09
0.000295944
-9.4905e-05
7.01702e-09
0.000269973
-0.000175828
-4.40153e-09
0.000525422
-9.27554e-05
-7.09823e-10
0.000120683
-1.06625e-11
-0.00011556
9.2753e-05
2.28057e-05
-0.000115558
0.000175815
-0.000203755
0.000120692
9.49057e-05
-0.000444494
0.000525399
0.000147973
-0.00032304
0.00026998
4.34866e-09
-0.000147972
0.00029595
-0.000147971
-0.000147972
0.000295957
-9.4912e-05
-0.00032305
0.000269997
-0.000175819
-0.000444497
0.0005254
-9.27544e-05
-0.000203754
0.000120689
2.28052e-05
-0.00011556
0.000235288
-0.00015468
-5.78023e-05
0.000514007
-0.000518385
3.59113e-05
0.000537631
-0.000731555
0.000263437
0.000323054
-0.000537623
0.000429161
4.38713e-09
-9.4907e-05
0.000269984
-0.000323052
-9.49111e-05
0.000269995
-0.000537636
-0.000537635
0.000429168
-0.000514011
-0.000731557
0.000263435
-0.000235289
-0.000518386
3.59101e-05
-0.000154681
-5.78029e-05
0.000363051
-0.000437407
-8.03234e-05
0.000697018
-0.000691905
-0.000160447
0.000731559
-0.000697017
-6.90783e-05
0.000444495
-0.000514003
0.000263444
-1.74833e-09
-0.000175823
0.000525412
-0.000444495
-0.000175818
0.0005254
-0.000731557
-0.00051401
0.000263438
-0.000697018
-0.000697018
-6.9078e-05
-0.000363052
-0.000691906
-0.000160446
-0.000437408
-8.03249e-05
0.000528522
-0.00046544
-0.000500489
0.000691907
-0.000528522
-0.000326768
0.000518388
-0.00036305
-0.000160449
0.000203753
-0.000235284
3.59157e-05
-3.2217e-10
-9.27549e-05
0.000120686
-0.000203753
-9.27546e-05
0.000120689
-0.000518385
-0.000235289
3.59117e-05
-0.000691906
-0.000363051
-0.000160446
-0.000528523
-0.000528523
-0.000326767
-0.00046544
-0.000500491
0.000465439
-0.000930878
0.000437406
-0.00050049
0.000154679
-8.03235e-05
-2.28059e-05
-5.77991e-05
2.75765e-10
-0.000115561
2.28062e-05
-0.00011556
-0.000154681
-5.78024e-05
-0.000437408
-8.03245e-05
-0.00046544
-0.000500491
-0.00093088
0.00021576
0.00021576
-0.0013624
0.000643452
0.000133515
-0.00106169
0.000565721
0.000140219
-0.000142809
0.000271446
1.27438e-06
0.000235202
-2.82478e-09
-1.75007e-05
0.000173391
-0.000271456
-1.74915e-05
0.000173387
-0.00056573
1.28398e-06
0.000235189
-0.000643455
0.00014022
-0.000142818
-0.000215761
0.000133513
-0.0010617
0.000215759
-0.0013624
0.000133516
0.000643454
-0.0010617
0.000862289
0.000862284
-0.00178431
0.000677299
0.000988278
-0.000823518
0.000180983
0.00107771
-0.000544206
-4.87642e-09
0.000823286
-0.000539107
-0.000180992
0.000823311
-0.000539121
-0.000677295
0.0010777
-0.000544204
-0.000862284
0.000988268
-0.000823504
-0.000133517
0.00086228
-0.0017843
0.000643457
-0.00106171
0.00014022
0.000565723
-0.000142811
0.000988281
0.000677298
-0.000823525
0.000979809
0.00097981
-5.21374e-05
0.00059675
0.00109707
0.000627149
-1.40939e-08
0.000551622
0.00139384
-0.000596764
0.000551635
0.00139383
-0.000979809
0.00109706
0.000627135
-0.000988278
0.000979803
-5.21439e-05
-0.00014022
0.000677296
-0.000823524
0.000565731
-0.000142818
1.2745e-06
0.000271447
0.000235204
0.00107772
0.000180994
-0.000544222
0.00109708
0.000596753
0.00062715
0.000799604
0.000799602
0.00102409
-5.44193e-10
0.000435015
0.00118616
-0.000799604
0.00043503
0.00118617
-0.00109707
0.000799595
0.00102409
-0.00107772
0.000596753
0.000627145
-1.28042e-06
0.000181009
-0.000544236
0.000271452
0.000235202
-1.75025e-05
-2.45209e-09
0.000173393
0.000823281
-2.48157e-09
-0.000539101
0.00055162
-1.8083e-08
0.00139385
0.000435016
-3.51988e-09
0.00118616
-1.43081e-08
-3.82743e-08
0.00116602
-0.000435035
-3.48024e-08
0.00116603
-0.000551625
-3.1703e-09
0.00118616
-0.000823291
-1.57169e-08
0.00139386
1.74972e-05
-1.00316e-09
-0.000539095
-2.4416e-09
0.000173391
-1.74889e-05
-0.000271459
0.000173387
0.000823321
-0.000181001
-0.000539119
0.000551647
-0.000596769
0.00139382
0.000435046
-0.000799605
0.00118618
-1.07446e-08
-0.000435064
0.00116603
-0.00043506
-0.000435075
0.00116605
-0.000551647
-0.000799598
0.00118618
-0.000823324
-0.000596767
0.00139383
1.7486e-05
-0.000181015
-0.000539106
-0.000271462
0.000173386
1.28749e-06
-0.000565734
0.000235185
0.00107771
-0.000677294
-0.000544216
0.00109706
-0.000979809
0.000627128
0.000799598
-0.00109707
0.00102408
-2.68701e-10
-0.000551635
0.00118615
-0.000799597
-0.000551645
0.00118616
-0.00109705
-0.00109705
0.00102408
-0.00107771
-0.000979802
0.000627126
-1.29242e-06
-0.000677292
-0.000544229
-0.000565741
0.000235184
0.000140221
-0.000643456
-0.000142822
0.000988266
-0.00086228
-0.000823505
0.000979801
-0.000988275
-5.21482e-05
0.000596755
-0.00107772
0.00062714
-1.21883e-08
-0.000823302
0.00139385
-0.000596767
-0.000823321
0.00139383
-0.000979801
-0.00107771
0.000627128
-0.000988263
-0.000988265
-5.21528e-05
-0.000140221
-0.000862276
-0.000823504
-0.000643459
-0.000142828
0.000133514
-0.000215761
-0.0010617
0.000862279
-0.000133517
-0.0017843
0.000677295
-0.00014022
-0.000823519
0.000181014
-1.28356e-06
-0.000544238
-4.64282e-09
1.74937e-05
-0.000539091
-0.000181024
1.74866e-05
-0.000539099
-0.000677291
-1.29234e-06
-0.000544236
-0.000862275
-0.000140221
-0.000823506
-0.000133515
-0.000133516
-0.00178429
-0.00021576
-0.0010617
0.000215759
-0.0013624
0.000643457
-0.0010617
0.000565731
-0.000142818
0.000271451
0.000235198
-2.85278e-09
0.000173386
-0.00027146
0.000173384
-0.00056574
0.000235185
-0.000643459
-0.000142826
-0.00021576
-0.00106171
-0.0013624
0.000211586
0.000211584
-0.00178557
0.00061891
0.000153993
-0.00162301
0.000631989
0.000102706
-0.000258594
0.000531101
4.05683e-05
0.000295522
-5.05081e-09
-0.000271262
0.000975759
-0.000531101
-0.000271225
0.000975708
-0.000631976
4.05744e-05
0.000295489
-0.000618904
0.000102706
-0.000258595
-0.000211587
0.00015399
-0.001623
0.000211581
-0.00178557
0.000153998
0.000618912
-0.00162302
0.000581033
0.000581026
-0.00263838
0.00036772
0.00101383
-0.00152133
9.79003e-05
0.00135063
-0.00158444
4.56472e-08
0.000177763
-0.000890277
-9.78606e-05
0.000177811
-0.000890252
-0.0003677
0.00135065
-0.00158444
-0.000581017
0.00101382
-0.0015213
-0.000154001
0.000581011
-0.00263834
0.00061891
-0.00162303
0.000102707
0.000631995
-0.000258602
0.00101383
0.000367722
-0.00152135
0.000779107
0.000779106
0.00041731
0.000654922
0.00109867
0.00100329
-9.69949e-09
0.00045919
0.00176735
-0.000654924
0.000459207
0.00176735
-0.000779093
0.00109867
0.00100328
-0.00101382
0.000779115
0.000417294
-0.000102708
0.000367713
-0.00152134
0.000631994
-0.00025861
4.05648e-05
0.000531101
0.000295533
0.00135062
9.79373e-05
-0.00158449
0.00109867
0.00065493
0.00100328
0.000810294
0.000810293
0.00160085
-1.89934e-09
0.000539844
0.0019158
-0.000810293
0.000539861
0.00191581
-0.00109866
0.000810296
0.00160083
-0.00135062
0.000654937
0.00100328
-4.05674e-05
9.79529e-05
-0.00158453
0.000531099
0.000295529
-0.000271282
-7.22394e-09
0.000975784
0.000177744
7.64046e-08
-0.000890266
0.000459184
-1.09083e-08
0.00176735
0.000539847
-2.554e-09
0.0019158
-2.09396e-08
-5.74407e-08
0.00224579
-0.000539872
-4.74128e-08
0.00224579
-0.000459182
5.26319e-10
0.00191577
-0.000177738
-9.70471e-09
0.00176736
0.000271291
6.95099e-08
-0.000890241
-6.37301e-09
0.000975788
-0.000271219
-0.000531101
0.0009757
0.000177822
-9.78683e-05
-0.000890215
0.000459215
-0.000654928
0.00176735
0.000539885
-0.000810293
0.0019158
-1.07697e-08
-0.00053991
0.00224578
-0.000539897
-0.000539916
0.0022458
-0.000459207
-0.000810292
0.00191578
-0.000177806
-0.000654936
0.00176735
0.000271235
-9.78925e-05
-0.000890186
-0.000531099
0.000975714
4.05748e-05
-0.000631975
0.000295485
0.00135066
-0.000367694
-0.00158447
0.00109867
-0.000779089
0.00100327
0.000810307
-0.00109865
0.00160081
1.35442e-09
-0.00045919
0.00191574
-0.000810302
-0.000459202
0.00191575
-0.00109866
-0.00109865
0.00160079
-0.00135065
-0.000779099
0.00100328
-4.0576e-05
-0.00036769
-0.0015845
-0.000631977
0.000295485
0.000102707
-0.000618904
-0.000258601
0.00101383
-0.000581008
-0.00152131
0.00077912
-0.00101381
0.000417284
0.000654937
-0.00135062
0.00100329
-8.9179e-09
-0.000177747
0.00176735
-0.00065494
-0.000177788
0.00176735
-0.000779105
-0.00135064
0.00100328
-0.00101382
-0.00101381
0.000417272
-0.000102708
-0.000581
-0.0015213
-0.000618903
-0.00025861
0.000153992
-0.000211585
-0.00162301
0.000581014
-0.000153998
-0.00263833
0.0003677
-0.000102707
-0.00152131
9.79259e-05
-4.05708e-05
-0.00158451
3.86472e-08
0.000271286
-0.000890237
-9.78975e-05
0.000271255
-0.000890206
-0.000367687
-4.05761e-05
-0.00158451
-0.000581003
-0.000102708
-0.0015213
-0.000153994
-0.000153995
-0.0026383
-0.000211583
-0.00162302
0.000211582
-0.00178557
0.000618909
-0.00162303
0.00063199
-0.000258607
0.000531098
0.000295519
-4.55486e-09
0.000975775
-0.000531098
0.000975732
-0.000631978
0.000295489
-0.000618903
-0.000258609
-0.000211583
-0.00162302
-0.00178557
0.000256659
0.000256655
-0.00229888
0.000570018
0.0001506
-0.00208697
0.000608757
9.47534e-05
-0.000392087
0.000657009
-9.74222e-05
0.000344693
2.51058e-09
0.000317171
0.00131559
-0.000657006
0.000317284
0.00131543
-0.00060875
-9.74041e-05
0.000344637
-0.000570011
9.47521e-05
-0.000392086
-0.000256659
0.000150595
-0.00208695
0.000256652
-0.00229888
0.000150604
0.000570023
-0.002087
0.000315083
0.000315096
-0.00296735
-5.86263e-05
0.000839278
-0.00189214
-4.52379e-05
0.00070529
-0.00240054
-6.28311e-09
2.12207e-05
-0.000639559
4.52345e-05
2.13115e-05
-0.00063952
5.8625e-05
0.000705315
-0.00240055
-0.000315088
0.000839282
-0.00189212
-0.000150605
0.000315114
-0.00296734
0.000570024
-0.00208701
9.47551e-05
0.000608765
-0.000392099
0.000839292
-5.86102e-05
-0.00189218
0.000631725
0.000631718
0.000832437
0.000547005
0.000796683
0.000996614
-1.12228e-08
0.000240558
0.00209502
-0.000547009
0.000240574
0.00209508
-0.000631724
0.000796693
0.000996616
-0.000839293
0.000631731
0.000832415
-9.47557e-05
-5.85984e-05
-0.00189217
0.00060877
-0.000392112
-9.74228e-05
0.000657011
0.000344711
0.000705294
-4.52382e-05
-0.00240058
0.00079668
0.000547016
0.000996591
0.000678885
0.000678884
0.00183645
-1.15117e-09
0.000450035
0.00238521
-0.000678879
0.000450037
0.00238522
-0.000796664
0.000678885
0.00183642
-0.000705302
0.000547036
0.000996614
9.74114e-05
-4.5239e-05
-0.0024006
0.000657011
0.0003447
0.000317099
5.62834e-09
0.00131569
2.11629e-05
-1.06249e-08
-0.000639557
0.000240548
-1.6526e-08
0.002095
0.000450025
3.34868e-09
0.0023852
1.62158e-08
1.94011e-08
0.00314581
-0.000450013
2.19157e-08
0.00314583
-0.000240537
7.73785e-09
0.00238517
-2.11397e-05
-1.48277e-08
0.00209501
-0.00031708
-9.7978e-09
-0.00063953
4.55387e-09
0.00131571
0.00031729
-0.000657007
0.00131542
2.13124e-05
4.524e-05
-0.000639488
0.000240575
-0.000547022
0.00209509
0.000450041
-0.00067887
0.00238521
1.90433e-08
-0.000450025
0.00314585
-0.000450022
-0.000450021
0.00314589
-0.000240559
-0.000678867
0.00238519
-2.12738e-05
-0.000547041
0.00209509
-0.000317251
4.52422e-05
-0.000639461
-0.000657008
0.00131548
-9.7396e-05
-0.000608754
0.000344629
0.00070533
5.86154e-05
-0.00240057
0.000796695
-0.000631725
0.000996608
0.000678892
-0.000796656
0.0018364
3.44484e-09
-0.00024054
0.00238514
-0.000678881
-0.000240552
0.00238517
-0.000796677
-0.000796664
0.00183639
-0.000705333
-0.000631739
0.000996633
9.73876e-05
5.8603e-05
-0.00240059
-0.000608759
0.000344624
9.47527e-05
-0.000570014
-0.000392094
0.000839294
-0.000315102
-0.00189213
0.000631741
-0.00083929
0.000832403
0.000547038
-0.000705294
0.000996631
-1.0044e-08
-2.11644e-05
0.00209502
-0.000547042
-2.12438e-05
0.00209507
-0.000631738
-0.000705319
0.000996633
-0.000839294
-0.000839296
0.000832385
-9.47546e-05
-0.000315123
-0.00189212
-0.000570016
-0.000392108
0.000150596
-0.000256656
-0.00208696
0.000315116
-0.000150603
-0.00296735
-5.86222e-05
-9.47545e-05
-0.00189211
-4.52679e-05
9.74134e-05
-0.00240057
-5.51203e-09
-0.000317118
-0.000639545
4.52623e-05
-0.000317215
-0.000639503
5.86148e-05
9.73952e-05
-0.00240058
-0.000315127
-9.47546e-05
-0.00189209
-0.000150597
-0.000150598
-0.00296735
-0.000256653
-0.00208698
0.000256653
-0.00229888
0.000570021
-0.002087
0.000608765
-0.000392106
0.000657009
0.000344689
1.06253e-09
0.00131566
-0.000657009
0.00131553
-0.00060876
0.000344635
-0.000570016
-0.000392108
-0.000256653
-0.00208698
-0.00229887
0.000171615
0.000171618
-0.00264211
0.000489281
0.000138462
-0.0025431
0.000523568
9.1553e-05
-0.000517927
0.000469831
0.0004102
-1.17707e-05
2.80546e-08
0.000898218
0.000887179
-0.000469801
0.000898231
0.000887031
-0.000523558
0.000410211
-1.18168e-05
-0.000489274
9.15468e-05
-0.000517917
-0.000171613
0.00013847
-0.00254308
0.00017162
-0.00264211
0.00013845
0.000489299
-0.00254313
0.000210881
0.000210929
-0.00311225
-0.00034517
0.00055302
-0.00179756
-0.000364174
0.000373664
-0.002345
2.05545e-08
-0.000176946
7.14114e-05
0.000364222
-0.000176911
7.142e-05
0.000345194
0.000373671
-0.00234498
-0.000210874
0.000553014
-0.00179752
-0.000138443
0.000210975
-0.00311227
0.000489311
-0.00254315
9.15575e-05
0.000523588
-0.000517946
0.00055306
-0.000345123
-0.00179763
0.000508541
0.000508506
0.000921471
0.00053912
0.000453782
0.000885916
-1.82869e-08
2.89775e-05
0.00242824
-0.000539148
2.90021e-05
0.0024283
-0.000508581
0.000453794
0.000885925
-0.000553096
0.000508498
0.000921446
-9.15611e-05
-0.000345101
-0.00179763
0.000523604
-0.000517966
0.000410192
0.000469852
-1.17456e-05
0.000373681
-0.000364153
-0.00234504
0.000453782
0.000539114
0.000885881
0.000508966
0.000508952
0.00172609
1.24849e-09
0.000201942
0.00272121
-0.000508963
0.000201941
0.00272125
-0.000453781
0.000508932
0.0017261
-0.000373699
0.000539123
0.000885907
-0.000410193
-0.00036416
-0.00234505
0.000469869
-1.17583e-05
0.000898171
4.78941e-08
0.000887323
-0.000176976
3.07981e-08
7.14067e-05
2.89531e-05
-3.23818e-08
0.00242822
0.000201854
1.33965e-08
0.00272124
1.21328e-07
2.37831e-07
0.00354925
-0.000201731
2.15773e-07
0.00354941
-2.89239e-05
1.47034e-08
0.00272128
0.00017699
-3.06807e-08
0.00242826
-0.000898157
2.71327e-08
7.14294e-05
4.15368e-08
0.000887385
0.000898187
-0.000469801
0.000887084
-0.000176924
0.000364236
7.14181e-05
2.89933e-05
-0.000539164
0.0024283
0.000201881
-0.000508937
0.00272127
9.93066e-08
-0.000201702
0.00354957
-0.000201775
-0.000201718
0.00354969
-2.89597e-05
-0.000508916
0.00272131
0.000176942
-0.00053917
0.00242833
-0.00089817
0.00036424
7.14393e-05
-0.000469827
0.000887174
0.000410205
-0.000523569
-1.18078e-05
0.000373682
0.000345176
-0.00234499
0.000453794
-0.000508587
0.00088592
0.000508925
-0.000453777
0.0017261
3.14594e-09
-2.89231e-05
0.00272128
-0.000508921
-2.89445e-05
0.00272132
-0.000453788
-0.000453786
0.00172612
-0.000373689
-0.000508582
0.000885946
-0.000410196
0.000345155
-0.00234499
-0.000523585
-1.18129e-05
9.15471e-05
-0.000489285
-0.000517925
0.000553036
-0.000210903
-0.00179754
0.000508515
-0.000553096
0.000921433
0.000539133
-0.000373692
0.000885928
-1.7012e-08
0.000176978
0.00242827
-0.000539157
0.000176945
0.00242832
-0.000508553
-0.000373693
0.000885935
-0.000553071
-0.000553092
0.000921413
-9.15506e-05
-0.000210945
-0.00179754
-0.000489297
-0.000517947
0.000138463
-0.000171614
-0.0025431
0.000210957
-0.000138447
-0.0031123
-0.000345139
-9.15588e-05
-0.00179755
-0.0003642
-0.000410195
-0.00234501
1.70689e-08
-0.000898184
7.14e-05
0.000364244
-0.000898194
7.14087e-05
0.000345157
-0.000410198
-0.00234498
-0.000210955
-9.15532e-05
-0.00179752
-0.000138453
-0.00013845
-0.00311235
-0.000171616
-0.00254311
0.000171619
-0.00264211
0.000489305
-0.00254313
0.000523596
-0.000517955
0.000469859
-1.17701e-05
2.07816e-08
0.00088732
-0.000469839
0.000887194
-0.000523588
-1.18141e-05
-0.000489299
-0.00051795
-0.000171617
-0.00254311
-0.0026421
4.82597e-05
4.82618e-05
-0.00273864
0.000290783
-0.00010251
-0.00268311
0.000101181
0.000337432
-0.000665757
-0.000339642
0.000976791
-0.000547738
-3.03499e-09
0.000134485
0.000413055
0.000339668
0.000134391
0.00041297
-0.00010114
0.000976729
-0.000547739
-0.000290771
0.000337422
-0.000665708
-4.82586e-05
-0.000102461
-0.00268313
4.82636e-05
-0.00273863
-0.000102572
0.000290812
-0.0026831
-0.000195025
-0.000194837
-0.00292747
-0.000606864
0.000344258
-0.00139254
-0.000312324
0.000192832
-0.00185559
1.31855e-08
-0.000741377
0.000634937
0.000312354
-0.000741335
0.000634805
0.000606894
0.000192802
-0.00185559
0.000195107
0.000344209
-0.00139252
0.0001026
-0.000194703
-0.00292752
0.000290829
-0.00268311
0.000337436
0.000101228
-0.000665798
0.000344352
-0.000606808
-0.00139258
0.000415033
0.000414949
0.000780098
0.000526148
4.91875e-05
0.000918445
-2.69668e-08
-0.000273008
0.00248605
-0.00052619
-0.000272926
0.00248605
-0.000415131
4.91995e-05
0.000918469
-0.000344449
0.000414893
0.000780079
-0.000337442
-0.000606797
-0.00139254
0.000101252
-0.000665831
0.000976809
-0.0003396
-0.000547727
0.000192886
-0.000312323
-0.0018556
4.91963e-05
0.000526124
0.000918396
0.000138583
0.000138587
0.0015473
2.5738e-08
-0.000189986
0.00277675
-0.000138576
-0.000189874
0.0027768
-4.92365e-05
0.000138572
0.00154739
-0.000192935
0.000526107
0.000918392
-0.000976818
-0.000312367
-0.00185559
-0.000339567
-0.000547757
0.000134587
-1.55403e-09
0.000413138
-0.000741374
1.62791e-08
0.000635029
-0.000273066
-4.47097e-08
0.00248608
-0.000190188
7.56373e-08
0.00277687
1.56451e-07
3.41475e-07
0.00316858
0.00019036
3.14763e-07
0.00316902
0.000273094
7.24882e-08
0.00277704
0.000741371
-4.58788e-08
0.00248613
-0.000134641
1.31457e-08
0.000635062
3.63738e-10
0.000413177
0.000134439
0.000339643
0.000413
-0.0007413
0.000312378
0.000634795
-0.000272913
-0.000526193
0.00248607
-0.000189943
-0.000138546
0.00277692
1.29902e-07
0.000190361
0.00316948
0.000190096
0.000190229
0.00316981
0.000272948
-0.000138526
0.00277705
0.0007413
-0.000526176
0.00248611
-0.000134518
0.000312423
0.000634848
0.000339603
0.000413053
0.000976705
-0.000101159
-0.000547711
0.000192826
0.000606874
-0.00185561
4.92108e-05
-0.000415126
0.000918468
0.00013855
-4.92537e-05
0.00154747
2.3525e-08
0.00027306
0.00277711
-0.000138538
0.000272985
0.00277712
-4.92337e-05
-4.92501e-05
0.00154754
-0.000192857
-0.000415069
0.000918462
-0.000976699
0.000606867
-0.0018556
-0.00010119
-0.000547719
0.000337417
-0.000290788
-0.000665713
0.000344249
0.000195024
-0.00139253
0.00041492
-0.000344437
0.000780073
0.000526112
-0.000192931
0.000918414
-2.80289e-08
0.000741346
0.00248612
-0.000526153
0.000741306
0.00248613
-0.000415011
-0.000192889
0.000918432
-0.000344334
-0.000344385
0.000780052
-0.000337412
0.000194925
-0.00139252
-0.000290805
-0.000665745
-0.000102488
-4.82598e-05
-0.00268314
-0.000194791
0.000102572
-0.00292754
-0.000606844
-0.000337441
-0.00139249
-0.000312412
-0.000976803
-0.00185557
1.039e-08
-0.000134628
0.000634952
0.000312443
-0.000134558
0.000634841
0.000606869
-0.000976726
-0.00185558
0.00019488
-0.000337422
-0.0013925
0.000102518
0.000102534
-0.0029276
-4.82618e-05
-0.00268314
4.82631e-05
-0.00273863
0.000290818
-0.00268312
0.000101231
-0.000665809
-0.000339586
-0.000547756
-2.70839e-09
0.000413108
0.000339604
0.000413029
-0.000101197
-0.000547739
-0.000290808
-0.00066576
-4.82624e-05
-0.00268313
-0.00273863
9.58138e-06
9.58519e-06
-0.0027578
0.000316256
-0.00044098
-0.0025488
-8.21623e-06
0.000503309
-0.000844593
-0.000389728
0.000372774
-0.000539
1.86214e-09
-0.000244975
0.0002683
0.000389716
-0.000244958
0.000268214
8.21825e-06
0.000372753
-0.000538994
-0.000316238
0.000503299
-0.000844551
-9.5793e-06
-0.000440932
-0.00254886
9.58782e-06
-0.0027578
-0.000441052
0.00031629
-0.00254876
-0.000629243
-0.000629081
-0.00255118
-0.000822737
0.000296691
-0.000992433
-0.000730333
-0.000305809
-0.00126941
1.09279e-08
-0.000988195
0.000647813
0.00073034
-0.000988103
0.000647621
0.000822743
-0.000305826
-0.00126942
0.000629321
0.000296593
-0.000992391
0.000441094
-0.000628975
-0.00255125
0.000316311
-0.00254874
0.000503311
-8.18858e-06
-0.00084463
0.00029683
-0.0008227
-0.000992476
0.000281996
0.000281867
0.000809757
0.000292265
-0.000505227
0.0011076
-3.97758e-08
-0.000649363
0.00243952
-0.000292328
-0.000649225
0.00243946
-0.000282159
-0.000505163
0.00110764
-0.000296976
0.000281775
0.000809714
-0.000503316
-0.000822716
-0.000992459
-8.1678e-06
-0.000844669
0.000372831
-0.000389719
-0.000539027
-0.000305735
-0.000730312
-0.00126942
-0.000505259
0.00029225
0.00110754
-0.000493498
-0.000493424
0.00152374
3.05794e-08
-0.000507232
0.00214109
0.000493488
-0.000507077
0.00214119
0.000505208
-0.000493373
0.00152388
0.00030567
0.000292235
0.00110747
-0.000372862
-0.000730376
-0.0012694
-0.000389702
-0.000539084
-0.000244945
2.92104e-09
0.00026836
-0.000988204
2.45508e-08
0.000647951
-0.000649427
-5.72338e-08
0.00243961
-0.000507377
9.29367e-08
0.0021413
5.50091e-08
1.52305e-07
0.00215376
0.00050742
1.52358e-07
0.00215442
0.000649424
9.15788e-08
0.00214158
0.000988206
-5.88303e-08
0.00243964
0.000244921
1.94316e-08
0.000647951
5.8594e-09
0.000268391
-0.00024491
0.000389705
0.000268208
-0.00098803
0.000730338
0.000647601
-0.000649164
-0.000292349
0.00243949
-0.000507089
0.000493451
0.00214149
5.60995e-08
0.000507369
0.00215511
0.000507144
0.000507225
0.00215565
0.000649178
0.000493419
0.00214169
0.000988035
-0.00029233
0.00243952
0.000244878
0.000730396
0.000647628
0.000389693
0.000268244
0.000372791
8.20139e-06
-0.000538998
-0.00030576
0.000822721
-0.00126944
-0.00050513
-0.000282145
0.00110763
-0.000493379
0.000505139
0.00152403
2.99209e-08
0.000649354
0.00214172
0.000493386
0.000649231
0.00214176
0.000505108
0.000505105
0.00152413
0.000305714
-0.000282044
0.00110757
-0.000372809
0.000822736
-0.00126941
8.18632e-06
-0.000539022
0.000503298
-0.000316254
-0.000844555
0.000296655
0.00062924
-0.000992404
0.000281837
-0.000296946
0.000809692
0.000292248
0.000305641
0.0011075
-4.09289e-08
0.00098816
0.00243961
-0.000292306
0.000988071
0.00243955
-0.000281981
0.000305672
0.00110754
-0.000296782
-0.000296842
0.000809651
-0.000503296
0.000629155
-0.000992421
-0.000316271
-0.000844583
-0.000440961
-9.58115e-06
-0.00254885
-0.000629045
0.000441058
-0.00255127
-0.000822742
-0.000503324
-0.000992419
-0.000730439
-0.000372852
-0.00126938
5.531e-09
0.000244897
0.000647769
0.00073044
0.000244873
0.000647605
0.00082274
-0.00037282
-0.00126938
0.000629119
-0.000503308
-0.00099241
0.000440994
0.000441011
-0.00255133
-9.58384e-06
-0.00254883
9.58656e-06
-0.0027578
0.000316297
-0.00254877
-8.18756e-06
-0.000844648
-0.000389704
-0.000539092
2.96817e-09
0.000268298
0.000389694
0.000268211
8.1917e-06
-0.000539057
-0.000316279
-0.000844598
-9.58497e-06
-0.00254881
-0.0027578
-1.85799e-05
-1.85686e-05
-0.00272065
0.000371996
-0.00050298
-0.0024364
2.28672e-05
0.000336877
-0.000832342
-0.000336068
7.92895e-05
-0.000259354
1.29341e-08
-0.000336782
0.000269001
0.000336053
-0.000336813
0.000268987
-2.28795e-05
7.92863e-05
-0.000259348
-0.000371974
0.00033688
-0.000832336
1.85861e-05
-0.000502949
-0.00243647
-1.8561e-05
-0.00272065
-0.000503029
0.00037204
-0.00243634
-0.000761417
-0.000761316
-0.00203445
-0.000881917
0.00015612
-0.000691176
-0.000890123
-0.000598655
-0.000583256
1.23189e-08
-0.00103752
0.000458414
0.000890123
-0.00103754
0.000458237
0.000881919
-0.000598696
-0.00058323
0.000761462
0.000156044
-0.000691098
0.000503063
-0.000761259
-0.00203455
0.000372068
-0.00243631
0.00033688
2.28875e-05
-0.000832357
0.000156244
-0.000881887
-0.000691269
-4.75475e-05
-4.76415e-05
0.00121731
-0.000163145
-0.000938432
0.00156297
-5.46748e-08
-0.000804489
0.0020434
0.000163048
-0.000804502
0.00204332
4.7435e-05
-0.000938429
0.00156298
-0.000156346
-4.77142e-05
0.00121725
-0.000336872
-0.000881898
-0.000691293
2.29154e-05
-0.000832388
7.93203e-05
-0.000336071
-0.000259389
-0.000598609
-0.000890108
-0.000583275
-0.000938439
-0.000163182
0.00156291
-0.000887996
-0.00088804
0.00142291
-3.74409e-08
-0.000545289
0.000993931
0.000887926
-0.000545417
0.000994146
0.000938416
-0.00088807
0.00142303
0.000598602
-0.000163247
0.00156282
-7.93315e-05
-0.000890152
-0.000583216
-0.000336048
-0.000259452
-0.000336762
2.32123e-08
0.000269028
-0.00103751
2.37755e-08
0.000458567
-0.000804484
-8.61304e-08
0.00204349
-0.000545213
-6.09047e-08
0.000994053
-1.36374e-08
-4.83142e-08
0.00106332
0.000545217
-3.40395e-08
0.00106381
0.0008045
-4.62194e-08
0.000994268
0.00103752
-8.11635e-08
0.00204345
0.00033676
1.81736e-08
0.000458543
2.51829e-08
0.000269078
-0.000336806
0.000336054
0.000268984
-0.00103753
0.000890109
0.000458242
-0.000804529
0.000163021
0.00204338
-0.000545503
0.000887923
0.00099448
9.00938e-10
0.000545276
0.00106429
0.000545524
0.000545421
0.00106467
0.000804553
0.000887984
0.000994635
0.00103753
0.000163095
0.00204337
0.000336797
0.000890145
0.000458238
0.000336046
0.00026902
7.93178e-05
-2.28928e-05
-0.000259369
-0.000598662
0.000881891
-0.000583241
-0.000938434
4.74495e-05
0.00156298
-0.000888093
0.000938387
0.00142323
-2.41473e-08
0.000804524
0.000994402
0.000888049
0.000804544
0.000994564
0.000938429
0.000938404
0.00142334
0.000598659
4.75255e-05
0.00156291
-7.93211e-05
0.000881894
-0.000583181
-2.29017e-05
-0.000259396
0.00033689
-0.000371993
-0.000832345
0.000156112
0.000761399
-0.000691134
-4.76598e-05
-0.000156302
0.00121722
-0.000163248
0.0005986
0.00156288
-4.91753e-08
0.00103752
0.00204341
0.000163159
0.00103753
0.00204335
4.75585e-05
0.000598639
0.00156291
-0.000156205
-0.000156231
0.00121717
-0.000336891
0.000761339
-0.00069118
-0.000372015
-0.000832362
-0.000502963
1.85812e-05
-0.00243646
-0.000761292
0.000503035
-0.00203458
-0.000881884
-0.000336881
-0.000691248
-0.000890141
-7.93347e-05
-0.000583187
6.74792e-09
0.000336759
0.00045838
0.000890134
0.000336785
0.000458223
0.000881875
-7.93273e-05
-0.000583157
0.00076132
-0.000336892
-0.000691194
0.00050298
0.000502992
-0.00203464
1.85742e-05
-0.00243644
-1.85652e-05
-0.00272065
0.000372047
-0.00243635
2.29019e-05
-0.000832384
-0.000336038
-0.000259487
1.40299e-08
0.000269006
0.000336034
0.000268976
-2.29026e-05
-0.000259448
-0.000372025
-0.000832367
1.85705e-05
-0.00243641
-0.00272065
-4.70064e-05
-4.69996e-05
-0.00262665
0.00039477
-0.00048924
-0.00238894
0.000107131
0.000197221
-0.000741923
-0.000285321
6.15992e-05
7.1499e-05
-7.38481e-09
-0.0002308
0.000214487
0.000285298
-0.000230836
0.000214517
-0.000107135
6.15568e-05
7.15282e-05
-0.000394755
0.000197211
-0.000741927
4.70103e-05
-0.000489246
-0.00238899
-4.69943e-05
-0.00262665
-0.000489247
0.000394804
-0.00238889
-0.000756891
-0.000756832
-0.00149922
-0.000884593
9.5389e-05
-0.000461643
-0.000751933
-0.000590514
-6.3803e-05
-3.84792e-09
-0.000745693
0.000221378
0.000751919
-0.00074575
0.000221228
0.000884614
-0.000590627
-6.37406e-05
0.000756932
9.53229e-05
-0.000461528
0.000489253
-0.000756819
-0.00149929
0.000394826
-0.00238888
0.000197228
0.00010715
-0.000741931
9.54809e-05
-0.000884579
-0.000461774
-0.000260635
-0.000260728
0.00192954
-0.0005272
-0.000989045
0.00222806
-4.71492e-08
-0.000592059
0.00136261
0.000527132
-0.000592146
0.00136254
0.000260561
-0.000989121
0.00222805
-9.55359e-05
-0.000260809
0.00192948
-0.000197217
-0.000884587
-0.000461845
0.000107184
-0.000741963
6.16346e-05
-0.000285326
7.14526e-05
-0.00059044
-0.000751958
-6.38217e-05
-0.000988999
-0.000527245
0.00222798
-0.000795885
-0.000795982
0.00103673
-3.19513e-08
-0.000355713
-3.82675e-05
0.000795864
-0.000355875
-3.80204e-05
0.000989033
-0.000796034
0.00103678
0.000590471
-0.000527291
0.00222786
-6.16391e-05
-0.000751957
-6.37364e-05
-0.000285286
7.13784e-05
-0.000230785
-8.88291e-09
0.000214496
-0.000745689
-8.58544e-09
0.000221521
-0.000592036
-8.57078e-08
0.00136268
-0.000355612
-7.37578e-08
-3.82789e-05
1.26878e-09
-4.95582e-08
0.000352044
0.000355673
-4.65911e-08
0.00035231
0.000592104
-6.4599e-08
-3.81315e-05
0.000745704
-7.2765e-08
0.00136264
0.000230772
-6.40683e-09
0.000221523
-2.13152e-09
0.000214567
-0.00023084
0.000285296
0.000214518
-0.000745788
0.000751923
0.000221258
-0.000592243
0.00052712
0.00136263
-0.000355955
0.000795921
-3.78024e-05
2.84786e-09
0.000355757
0.000352523
0.000356014
0.000355919
0.000352698
0.000592306
0.000795989
-3.77118e-05
0.000745796
0.000527175
0.00136263
0.000230823
0.000751916
0.000221288
0.000285275
0.000214566
6.15538e-05
-0.000107143
7.15159e-05
-0.000590644
0.000884607
-6.37268e-05
-0.000989168
0.000260593
0.00222803
-0.000796053
0.000989095
0.00103694
-2.57234e-08
0.000592185
-3.80522e-05
0.000796041
0.00059227
-3.78533e-05
0.000989199
0.00098917
0.001037
0.000590658
0.000260668
0.00222796
-6.15594e-05
0.000884593
-6.36408e-05
-0.000107163
7.1483e-05
0.000197217
-0.000394769
-0.000741935
9.53654e-05
0.000756901
-0.000461577
-0.000260762
-9.54896e-05
0.00192943
-0.00052728
0.000590563
0.00222793
-3.41666e-08
0.00074576
0.00136259
0.000527221
0.000745812
0.00136256
0.000260687
0.000590657
0.00222795
-9.54213e-05
-9.54334e-05
0.00192938
-0.000197221
0.000756869
-0.000461657
-0.000394788
-0.000741957
-0.000489247
4.70077e-05
-0.00238899
-0.000756835
0.000489247
-0.00149934
-0.00088456
-0.000197216
-0.000461796
-0.00075191
-6.16003e-05
-6.36729e-05
-1.64914e-09
0.000230807
0.000221424
0.000751893
0.00023084
0.0002213
0.00088456
-6.1561e-05
-6.36063e-05
0.000756853
-0.000197222
-0.000461698
0.000489245
0.000489245
-0.00149941
4.70032e-05
-0.00238899
-4.69966e-05
-0.00262665
0.000394808
-0.0023889
0.000107176
-0.000741968
-0.000285274
7.1362e-05
-1.72229e-09
0.000214541
0.000285267
0.000214548
-0.000107172
7.14297e-05
-0.000394795
-0.000741966
4.70002e-05
-0.00238896
-0.00262665
-5.48006e-05
-5.47962e-05
0.000393654
-0.000505635
0.000174042
0.000168003
-0.000179503
-5.01622e-05
-1.6714e-08
-0.000275785
0.000179471
-0.000275829
-0.000174045
-5.02247e-05
-0.000393639
0.000167984
5.48034e-05
-0.000505654
-5.47931e-05
-0.000505639
0.000393684
-0.000740868
-0.000740834
-0.000809633
8.65453e-05
-0.000500649
-0.000556677
-5.22988e-08
-0.000537225
0.000500563
-0.000537288
0.000809638
-0.000556815
0.000740912
8.64798e-05
0.000505645
-0.000740854
0.000393698
0.000168016
0.000174066
8.66194e-05
-0.000809656
-0.000294623
-0.0002947
-0.000468459
-0.000847101
-6.98628e-08
-0.000327368
0.000468388
-0.000327415
0.000294592
-0.000847161
-8.66439e-05
-0.000294765
-0.000168004
-0.000809688
0.000174094
-5.01338e-05
-0.000179501
-0.00055661
-0.00050072
-0.000847069
-0.000468502
-0.000646077
-0.000646117
-1.29731e-08
-0.000230849
0.000646084
-0.000230915
0.000847129
-0.000646139
0.000556683
-0.000468489
5.01648e-05
-0.000500719
-0.000179461
-0.000275767
-2.26694e-08
-0.000537217
-8.38202e-08
-0.000327367
-1.17569e-07
-0.000230803
-4.80126e-08
7.80066e-10
-2.82595e-08
0.000230843
-2.7894e-08
0.000327423
-5.37483e-08
0.000537241
-9.714e-08
0.000275761
-8.12822e-08
-1.4337e-08
-0.000275833
0.00017946
-0.000537333
0.000500566
-0.000327486
0.000468379
-0.000230946
0.000646109
8.75877e-10
0.000230888
0.000230981
0.000230949
0.000327536
0.000646128
0.000537351
0.00046838
0.000275826
0.000500555
0.000179438
-5.02409e-05
-0.000174058
-0.000556853
0.000809649
-0.000847207
0.000294636
-0.000646129
0.000847202
-2.37977e-08
0.000327468
0.000646125
0.00032751
0.000847255
0.000847255
0.000556903
0.000294686
5.02621e-05
0.00080965
-0.000174075
0.000167989
-0.000393651
8.65048e-05
0.000740905
-0.000294731
-8.65936e-05
-0.000468453
0.000556801
-5.01756e-08
0.000537303
0.000468393
0.000537361
0.000294688
0.000556913
-8.65354e-05
-8.65413e-05
-0.000167995
0.000740904
-0.000393663
-0.000505659
5.48021e-05
-0.00074087
0.000505645
-0.00080965
-0.000167996
-0.00050064
5.0216e-05
-4.76004e-08
0.000275813
0.000500549
0.000275855
0.000809629
5.02682e-05
0.000740893
-0.000167996
0.000505662
0.000505659
5.48002e-05
-5.47948e-05
0.000393681
0.000174078
-0.00017945
-8.95298e-09
0.000179432
-0.000174079
-0.00039367
5.47979e-05
)
;

boundaryField
{
    bottom
    {
        type            calculated;
        value           uniform 0;
    }
    atmosphere
    {
        type            calculated;
        value           nonuniform List<scalar> 0();
    }
    walls
    {
        type            calculated;
        value           uniform 0;
    }
    procBoundary3to2
    {
        type            processor;
        value           nonuniform List<scalar> 
100
(
-0.00251705
-0.00233176
-0.000690314
0.000475206
0.000310787
0.000310859
0.000475269
-0.000690316
-0.00233178
-0.00251705
-0.00233174
-0.00102879
-0.00031142
0.000133728
-1.77793e-05
-1.79281e-05
0.000133775
-0.000311298
-0.00102883
-0.00233172
-0.000690329
-0.000311555
0.00269203
0.00269232
0.000684365
0.000684206
0.00269219
0.00269196
-0.000311652
-0.000690362
0.000475154
0.000133718
0.00269224
0.000634753
-0.00078085
-0.000780617
0.000634708
0.00269203
0.000133814
0.000475098
0.000310785
-1.76656e-05
0.000684443
-0.000780913
-0.00010958
-0.00010942
-0.000780796
0.000684425
-1.76344e-05
0.000310881
0.000310869
-1.78923e-05
0.000684286
-0.000780498
-0.000109341
-0.000109259
-0.000780449
0.000684337
-1.78231e-05
0.000310939
0.000475275
0.000133803
0.00269213
0.000634768
-0.000780737
-0.000780563
0.000634739
0.00269201
0.000133904
0.000475259
-0.000690331
-0.000311349
0.00269189
0.00269205
0.000684355
0.000684264
0.002692
0.00269183
-0.00031145
-0.000690364
-0.00233178
-0.00102887
-0.000311614
0.000133902
-1.76779e-05
-1.7791e-05
0.000133959
-0.000311508
-0.00102893
-0.00233179
-0.00251705
-0.00233173
-0.00069036
0.000475105
0.000310913
0.000310963
0.000475208
-0.00069037
-0.00233177
-0.00251705
)
;
    }
}


// ************************************************************************* //
