/*--------------------------------*- C++ -*----------------------------------*\
| =========                 |                                                 |
| \\      /  F ield         | OpenFOAM: The Open Source CFD Toolbox           |
|  \\    /   O peration     | Version:  2412                                  |
|   \\  /    A nd           | Website:  www.openfoam.com                      |
|    \\/     M anipulation  |                                                 |
\*---------------------------------------------------------------------------*/
FoamFile
{
    version     2.0;
    format      ascii;
    arch        "LSB;label=32;scalar=64";
    class       volScalarField;
    location    "0.76";
    object      p_rgh;
}
// * * * * * * * * * * * * * * * * * * * * * * * * * * * * * * * * * * * * * //

dimensions      [1 -1 -2 0 0 0 0];

internalField   nonuniform List<scalar> 
1000
(
181.509
136.16
102.7
80.1286
83.1157
83.1156
80.1284
102.7
136.16
181.509
136.16
73.5903
39.7388
28.4827
30.5501
30.55
28.4825
39.7387
73.5901
136.16
102.7
39.7388
37.6984
27.7827
26.9373
26.9372
27.7826
37.6982
39.7388
102.7
80.1285
28.4827
27.7826
24.7933
24.7791
24.7791
24.7933
27.7826
28.4827
80.1285
83.1157
30.5501
26.9373
24.7791
25.2988
25.2991
24.7792
26.9372
30.5501
83.1157
83.1155
30.5499
26.9373
24.7792
25.2994
25.2997
24.7792
26.9373
30.5499
83.1154
80.1284
28.4825
27.7826
24.7935
24.7793
24.7794
24.7936
27.7826
28.4826
80.1284
102.7
39.7387
37.6982
27.7828
26.9374
26.9373
27.7827
37.698
39.7387
102.7
136.16
73.5901
39.7388
28.4827
30.5501
30.55
28.4826
39.7387
73.59
136.16
181.509
136.16
102.7
80.1285
83.1157
83.1156
80.1284
102.7
136.16
181.509
192.88
123.614
57.251
61.9786
69.7796
69.7794
61.9784
57.2505
123.614
192.88
123.614
35.024
25.4482
15.9123
14.2019
14.2019
15.9123
25.4482
35.0241
123.614
57.2511
25.4482
31.6977
18.0308
18.5049
18.505
18.0307
31.6973
25.4483
57.2509
61.9785
15.9123
18.0307
15.6983
16.8931
16.8931
15.6984
18.0305
15.9122
61.9784
69.7796
14.202
18.5048
16.8931
16.5056
16.5058
16.8931
18.5047
14.2021
69.7795
69.7793
14.202
18.505
16.8932
16.5061
16.5063
16.8932
18.5049
14.2021
69.7792
61.9784
15.9123
18.0307
15.6985
16.8931
16.8932
15.6986
18.0305
15.9122
61.9783
57.2504
25.4483
31.6973
18.0306
18.5049
18.505
18.0306
31.6969
25.4483
57.2502
123.614
35.0241
25.4483
15.9123
14.202
14.2021
15.9123
25.4483
35.0241
123.614
192.88
123.614
57.2508
61.9785
69.7796
69.7794
61.9783
57.2502
123.614
192.88
209.054
83.9455
56.3421
42.4075
30.9322
30.9324
42.4085
56.3423
83.9458
209.054
83.9455
11.9952
21.1765
13.7766
10.4676
10.4677
13.7766
21.1765
11.9954
83.9456
56.3421
21.1765
33.3267
21.2599
16.7428
16.7428
21.2601
33.3267
21.1766
56.3422
42.4073
13.7767
21.2598
17.7668
16.8158
16.8158
17.7669
21.2598
13.7767
42.4074
30.9322
10.4677
16.7429
16.8159
16.6088
16.6091
16.816
16.7429
10.4679
30.9323
30.9323
10.4678
16.7429
16.8159
16.6095
16.6098
16.816
16.743
10.4678
30.9324
42.4086
13.7767
21.2602
17.7671
16.8161
16.8161
17.7672
21.2601
13.7767
42.4087
56.3423
21.1765
33.3268
21.2599
16.743
16.743
21.2601
33.3268
21.1765
56.3424
83.9458
11.9954
21.1766
13.7767
10.4678
10.4678
13.7767
21.1766
11.9955
83.946
209.054
83.9457
56.3422
42.4077
30.9323
30.9325
42.4086
56.3424
83.9459
209.054
231.218
55.1499
36.1527
19.997
18.6853
18.6849
19.9973
36.153
55.1501
231.218
55.1498
6.94819
15.1504
10.5189
10.6863
10.6861
10.5189
15.1506
6.94788
55.1499
36.1527
15.1503
21.0933
16.008
14.8454
14.8454
16.0083
21.0933
15.1503
36.1527
19.9969
10.5188
16.0079
16.7227
15.8319
15.8317
16.7228
16.0079
10.5188
19.997
18.6854
10.6863
14.8454
15.8321
15.3785
15.3787
15.8323
14.8454
10.6864
18.6854
18.6848
10.6861
14.8454
15.8318
15.3789
15.379
15.832
14.8453
10.6862
18.6848
19.9974
10.5189
16.0084
16.7229
15.8323
15.8322
16.723
16.0084
10.5189
19.9974
36.1531
15.1506
21.0934
16.0081
14.8454
14.8454
16.0084
21.0935
15.1506
36.1531
55.1501
6.94776
15.1504
10.5189
10.6863
10.6862
10.519
15.1505
6.94745
55.1502
231.218
55.15
36.1528
19.9971
18.6853
18.6849
19.9974
36.1531
55.1502
231.218
270.493
50.9882
32.5983
20.8469
20.0381
20.0381
20.847
32.5987
50.9885
270.494
50.9881
8.16876
13.0331
10.0997
12.0408
12.0408
10.0997
13.033
8.16853
50.9882
32.5983
13.0331
16.8404
16.3583
15.1448
15.1446
16.3583
16.8404
13.0331
32.5984
20.8469
10.0997
16.3582
16.5754
15.6302
15.6299
16.5754
16.3581
10.0996
20.8469
20.0381
12.0408
15.1448
15.6303
15.5642
15.5646
15.6301
15.1447
12.0409
20.0381
20.0381
12.0408
15.1445
15.6298
15.565
15.5654
15.6296
15.1444
12.0409
20.038
20.847
10.0998
16.3583
16.5755
15.63
15.6297
16.5755
16.3582
10.0997
20.847
32.5988
13.033
16.8404
16.3582
15.1447
15.1445
16.3582
16.8404
13.033
32.5989
50.9885
8.16844
13.0331
10.0997
12.0409
12.0409
10.0997
13.033
8.16823
50.9885
270.494
50.9883
32.5985
20.8469
20.038
20.038
20.847
32.5988
50.9885
270.494
159.273
49.2064
26.8705
18.5426
20.0604
20.0606
18.5426
26.8706
49.2065
159.274
49.2064
9.45804
12.8578
10.9894
12.5473
12.5473
10.9896
12.8577
9.45762
49.2066
26.8706
12.8578
15.9336
14.8174
14.7316
14.7315
14.8176
15.9336
12.8578
26.8707
18.5426
10.9894
14.8174
15.085
14.4155
14.4152
15.0849
14.8173
10.9893
18.5424
20.0601
12.5474
14.7316
14.4157
15.1633
15.1632
14.4154
14.7315
12.5474
20.0598
20.0605
12.5474
14.7315
14.415
15.163
15.1628
14.4149
14.7314
12.5475
20.0601
18.5427
10.9896
14.8176
15.0849
14.4153
14.415
15.0849
14.8175
10.9895
18.5428
26.8707
12.8577
15.9336
14.8174
14.7315
14.7315
14.8175
15.9336
12.8577
26.871
49.2066
9.45747
12.8578
10.9894
12.5474
12.5475
10.9895
12.8577
9.45708
49.2067
159.274
49.2067
26.8708
18.5424
20.0599
20.0601
18.5427
26.871
49.2068
159.275
62.188
42.9638
26.2042
21.4085
20.9685
20.9686
21.4082
26.2041
42.9639
62.1881
42.9639
10.7723
13.3716
12.225
12.9516
12.9516
12.225
13.3715
10.7718
42.964
26.2045
13.3716
15.6183
13.9515
14.3911
14.3912
13.9516
15.6183
13.3717
26.205
21.4086
12.2249
13.9514
13.6851
14.3022
14.3018
13.6851
13.9514
12.2249
21.4087
20.9684
12.9516
14.3911
14.3024
14.8486
14.8485
14.3023
14.3911
12.9516
20.9684
20.9684
12.9517
14.3912
14.3017
14.8484
14.8484
14.3016
14.3911
12.9517
20.9684
21.4081
12.225
13.9515
13.685
14.3021
14.3018
13.6851
13.9515
12.2249
21.4083
26.2042
13.3715
15.6183
13.9515
14.3911
14.3911
13.9516
15.6182
13.3715
26.2048
42.9639
10.7716
13.3718
12.2249
12.9516
12.9517
12.2249
13.3716
10.7712
42.9641
62.1881
42.9641
26.205
21.4088
20.9685
20.9685
21.4085
26.205
42.9642
62.1881
133.571
41.8249
24.3086
20.103
20.8537
20.8537
20.1027
24.3085
41.8246
133.571
41.8252
11.4034
14.2223
12.8154
13.0313
13.0312
12.8155
14.2223
11.4026
41.8255
24.309
14.2224
15.0395
13.3569
13.8678
13.8678
13.3571
15.0394
14.2226
24.3096
20.1031
12.8154
13.3568
13.1241
14.1097
14.1098
13.1241
13.3568
12.8154
20.1036
20.8535
13.0314
13.8678
14.1098
14.2245
14.2231
14.1099
13.8679
13.0314
20.8536
20.8536
13.0312
13.8679
14.1099
14.2216
14.2205
14.11
13.8679
13.0313
20.8536
20.1027
12.8155
13.357
13.1241
14.1098
14.1099
13.1242
13.357
12.8155
20.1029
24.3085
14.2223
15.0394
13.3569
13.8679
13.8679
13.357
15.0394
14.2225
24.3091
41.8247
11.4025
14.2227
12.8154
13.0313
13.0313
12.8155
14.2227
11.4023
41.8253
133.571
41.8255
24.3096
20.1037
20.8538
20.8538
20.1032
24.3093
41.8255
133.569
283.676
54.8429
23.1912
17.7269
20.8895
20.8899
17.7266
23.1909
54.8425
283.676
54.8432
12.8463
16.1328
13.5201
13.0581
13.0578
13.5199
16.1327
12.8465
54.8435
23.1916
16.133
14.8177
13.6744
13.7479
13.7475
13.6745
14.8176
16.1332
23.1922
17.7271
13.5203
13.6743
12.8476
13.8676
13.868
12.8477
13.6743
13.5204
17.7274
20.8893
13.0583
13.7482
13.8674
13.5132
13.5129
13.8677
13.7483
13.0584
20.889
20.8898
13.0578
13.7475
13.8681
13.5125
13.5123
13.8683
13.7477
13.0579
20.8894
17.7265
13.52
13.6746
12.8477
13.8677
13.868
12.8478
13.6746
13.5202
17.7268
23.1909
16.1328
14.8177
13.6745
13.7481
13.7477
13.6746
14.8177
16.1331
23.1913
54.8426
12.8464
16.1332
13.5204
13.0582
13.0579
13.5202
16.1332
12.8464
54.843
283.676
54.8436
23.1922
17.7275
20.8893
20.8895
17.727
23.1917
54.8433
283.677
316.29
55.9723
24.4632
16.3095
18.6304
18.6303
16.3097
24.4631
55.9729
316.291
55.9724
9.4354
15.2809
13.6346
12.954
12.9537
13.6341
15.2807
9.43557
55.9735
24.4635
15.2811
14.0917
14.3718
13.8951
13.8941
14.3713
14.0916
15.2814
24.4641
16.3094
13.6347
14.372
12.7584
13.1215
13.1218
12.7586
14.3721
13.6347
16.3096
18.6303
12.9542
13.8955
13.1213
13.2617
13.2618
13.1214
13.8956
12.9542
18.6302
18.6302
12.9537
13.8941
13.1219
13.2619
13.262
13.1219
13.8943
12.9538
18.63
16.3097
13.634
14.3713
12.7586
13.1214
13.1217
12.7587
14.3714
13.6341
16.3096
24.4631
15.2807
14.0917
14.372
13.8952
13.8943
14.3716
14.0917
15.281
24.4633
55.9728
9.43556
15.2814
13.6346
12.954
12.9537
13.6343
15.2811
9.4355
55.9729
316.291
55.9735
24.4641
16.3099
18.6303
18.6302
16.3098
24.4636
55.973
316.292
)
;

boundaryField
{
    bottom
    {
        type            fixedFluxPressure;
        gradient        uniform 0;
        value           nonuniform List<scalar> 
100
(
181.509
136.16
102.7
80.1285
83.1157
83.1155
80.1284
102.7
136.16
181.509
136.16
73.5903
39.7388
28.4827
30.5501
30.5499
28.4825
39.7387
73.5901
136.16
102.7
39.7388
37.6984
27.7826
26.9373
26.9373
27.7826
37.6982
39.7388
102.7
80.1286
28.4827
27.7827
24.7933
24.7791
24.7792
24.7935
27.7828
28.4827
80.1285
83.1157
30.5501
26.9373
24.7791
25.2988
25.2994
24.7793
26.9374
30.5501
83.1157
83.1156
30.55
26.9372
24.7791
25.2991
25.2997
24.7794
26.9373
30.55
83.1156
80.1284
28.4825
27.7826
24.7933
24.7792
24.7792
24.7936
27.7827
28.4826
80.1284
102.7
39.7387
37.6982
27.7826
26.9372
26.9373
27.7826
37.698
39.7387
102.7
136.16
73.5901
39.7388
28.4827
30.5501
30.5499
28.4826
39.7387
73.59
136.16
181.509
136.16
102.7
80.1285
83.1157
83.1154
80.1284
102.7
136.16
181.509
)
;
    }
    atmosphere
    {
        type            prghTotalPressure;
        p0              nonuniform List<scalar> 0();
        value           nonuniform List<scalar> 0();
    }
    walls
    {
        type            fixedFluxPressure;
        gradient        uniform 0;
        value           nonuniform List<scalar> 
400
(
181.509
136.16
102.7
80.1285
83.1157
83.1155
80.1284
102.7
136.16
181.509
192.88
123.614
57.2511
61.9785
69.7796
69.7793
61.9784
57.2504
123.614
192.88
209.054
83.9455
56.3421
42.4073
30.9322
30.9323
42.4086
56.3423
83.9458
209.054
231.218
55.1498
36.1527
19.9969
18.6854
18.6848
19.9974
36.1531
55.1501
231.218
270.493
50.9881
32.5983
20.8469
20.0381
20.0381
20.847
32.5988
50.9885
270.494
159.273
49.2064
26.8706
18.5426
20.0601
20.0605
18.5427
26.8707
49.2066
159.274
62.188
42.9639
26.2045
21.4086
20.9684
20.9684
21.4081
26.2042
42.9639
62.1881
133.571
41.8252
24.309
20.1031
20.8535
20.8536
20.1027
24.3085
41.8247
133.571
283.676
54.8432
23.1916
17.7271
20.8893
20.8898
17.7265
23.1909
54.8426
283.676
316.29
55.9724
24.4635
16.3094
18.6303
18.6302
16.3097
24.4631
55.9728
316.291
181.509
136.16
102.7
80.1285
83.1157
83.1154
80.1284
102.7
136.16
181.509
192.88
123.614
57.2509
61.9784
69.7795
69.7792
61.9783
57.2502
123.614
192.88
209.054
83.9456
56.3422
42.4074
30.9323
30.9324
42.4087
56.3424
83.946
209.054
231.218
55.1499
36.1527
19.997
18.6854
18.6848
19.9974
36.1531
55.1502
231.218
270.494
50.9882
32.5984
20.8469
20.0381
20.038
20.847
32.5989
50.9885
270.494
159.274
49.2066
26.8707
18.5424
20.0598
20.0601
18.5428
26.871
49.2067
159.275
62.1881
42.964
26.205
21.4087
20.9684
20.9684
21.4083
26.2048
42.9641
62.1881
133.571
41.8255
24.3096
20.1036
20.8536
20.8536
20.1029
24.3091
41.8253
133.569
283.676
54.8435
23.1922
17.7274
20.889
20.8894
17.7268
23.1913
54.843
283.677
316.291
55.9735
24.4641
16.3096
18.6302
18.63
16.3096
24.4633
55.9729
316.292
181.509
192.88
209.054
231.218
270.493
159.273
62.188
133.571
283.676
316.29
136.16
123.614
83.9455
55.1499
50.9882
49.2064
42.9638
41.8249
54.8429
55.9723
102.7
57.251
56.3421
36.1527
32.5983
26.8705
26.2042
24.3086
23.1912
24.4632
80.1286
61.9786
42.4075
19.997
20.8469
18.5426
21.4085
20.103
17.7269
16.3095
83.1157
69.7796
30.9322
18.6853
20.0381
20.0604
20.9685
20.8537
20.8895
18.6304
83.1156
69.7794
30.9324
18.6849
20.0381
20.0606
20.9686
20.8537
20.8899
18.6303
80.1284
61.9784
42.4085
19.9973
20.847
18.5426
21.4082
20.1027
17.7266
16.3097
102.7
57.2505
56.3423
36.153
32.5987
26.8706
26.2041
24.3085
23.1909
24.4631
136.16
123.614
83.9458
55.1501
50.9885
49.2065
42.9639
41.8246
54.8425
55.9729
181.509
192.88
209.054
231.218
270.494
159.274
62.1881
133.571
283.676
316.291
181.509
192.88
209.054
231.218
270.494
159.274
62.1881
133.571
283.676
316.291
136.16
123.614
83.9457
55.15
50.9883
49.2067
42.9641
41.8255
54.8436
55.9735
102.7
57.2508
56.3422
36.1528
32.5985
26.8708
26.205
24.3096
23.1922
24.4641
80.1285
61.9785
42.4077
19.9971
20.8469
18.5424
21.4088
20.1037
17.7275
16.3099
83.1157
69.7796
30.9323
18.6853
20.038
20.0599
20.9685
20.8538
20.8893
18.6303
83.1156
69.7794
30.9325
18.6849
20.038
20.0601
20.9685
20.8538
20.8895
18.6302
80.1284
61.9783
42.4086
19.9974
20.847
18.5427
21.4085
20.1032
17.727
16.3098
102.7
57.2502
56.3424
36.1531
32.5988
26.871
26.205
24.3093
23.1917
24.4636
136.16
123.614
83.9459
55.1502
50.9885
49.2068
42.9642
41.8255
54.8433
55.973
181.509
192.88
209.054
231.218
270.494
159.275
62.1881
133.569
283.677
316.292
)
;
    }
    procBoundary3to2
    {
        type            processor;
        value           nonuniform List<scalar> 
100
(
346.345
34.9534
23.0657
19.0632
16.3294
16.3292
19.0642
23.066
34.9542
346.346
34.9531
10.876
14.0301
13.676
12.5584
12.5586
13.6755
14.0299
10.8758
34.9536
23.0657
14.0301
13.9709
13.8379
13.9293
13.93
13.838
13.9709
14.0301
23.066
19.063
13.6761
13.8379
12.9329
12.8019
12.8021
12.9331
13.838
13.6759
19.0634
16.3294
12.5584
13.9291
12.8019
13.0895
13.0896
12.8019
13.9291
12.5584
16.3294
16.3291
12.5587
13.93
12.8021
13.0896
13.0897
12.8021
13.9299
12.5587
16.3291
19.0641
13.6754
13.838
12.9332
12.802
12.8021
12.9333
13.8382
13.6755
19.0636
23.0661
14.0298
13.971
13.8381
13.9293
13.9298
13.8382
13.9709
14.0299
23.0663
34.9541
10.8758
14.0301
13.6758
12.5584
12.5585
13.6755
14.03
10.8757
34.9539
346.346
34.9537
23.0661
19.0639
16.3295
16.3293
19.064
23.0663
34.9538
346.347
)
;
    }
}


// ************************************************************************* //
