/*--------------------------------*- C++ -*----------------------------------*\
| =========                 |                                                 |
| \\      /  F ield         | OpenFOAM: The Open Source CFD Toolbox           |
|  \\    /   O peration     | Version:  2412                                  |
|   \\  /    A nd           | Website:  www.openfoam.com                      |
|    \\/     M anipulation  |                                                 |
\*---------------------------------------------------------------------------*/
FoamFile
{
    version     2.0;
    format      ascii;
    arch        "LSB;label=32;scalar=64";
    class       volScalarField;
    location    "0.09";
    object      p_rgh;
}
// * * * * * * * * * * * * * * * * * * * * * * * * * * * * * * * * * * * * * //

dimensions      [1 -1 -2 0 0 0 0];

internalField   nonuniform List<scalar> 
1000
(
10.9057
10.9065
10.908
10.9094
10.9105
10.9105
10.9094
10.908
10.9065
10.9057
10.9065
10.9074
10.909
10.9105
10.9117
10.9117
10.9105
10.909
10.9074
10.9065
10.908
10.909
10.9109
10.9127
10.9141
10.9141
10.9127
10.9109
10.909
10.908
10.9094
10.9105
10.9127
10.9147
10.9164
10.9164
10.9147
10.9127
10.9105
10.9094
10.9105
10.9117
10.9141
10.9164
10.9182
10.9182
10.9164
10.9141
10.9117
10.9105
10.9105
10.9117
10.9141
10.9164
10.9182
10.9182
10.9164
10.9141
10.9117
10.9105
10.9094
10.9105
10.9127
10.9147
10.9164
10.9164
10.9147
10.9127
10.9105
10.9094
10.908
10.909
10.9109
10.9127
10.9141
10.9141
10.9127
10.9109
10.909
10.908
10.9065
10.9074
10.909
10.9105
10.9117
10.9117
10.9105
10.909
10.9074
10.9065
10.9057
10.9065
10.908
10.9094
10.9105
10.9105
10.9094
10.908
10.9065
10.9057
10.904
10.9051
10.907
10.9088
10.9102
10.9102
10.9088
10.907
10.9051
10.904
10.9051
10.9062
10.9083
10.9103
10.9119
10.9119
10.9103
10.9083
10.9062
10.9051
10.907
10.9083
10.9108
10.9132
10.9151
10.9151
10.9132
10.9108
10.9083
10.907
10.9088
10.9103
10.9132
10.916
10.9183
10.9183
10.916
10.9132
10.9103
10.9088
10.9102
10.9119
10.9151
10.9183
10.9209
10.9209
10.9183
10.9151
10.9119
10.9102
10.9102
10.9119
10.9151
10.9183
10.9209
10.9209
10.9183
10.9151
10.9119
10.9102
10.9088
10.9103
10.9132
10.916
10.9183
10.9183
10.916
10.9132
10.9103
10.9088
10.907
10.9083
10.9108
10.9132
10.9151
10.9151
10.9132
10.9108
10.9083
10.907
10.9051
10.9062
10.9083
10.9103
10.9119
10.9119
10.9103
10.9083
10.9062
10.9051
10.904
10.9051
10.907
10.9088
10.9102
10.9102
10.9088
10.907
10.9051
10.904
10.9019
10.9032
10.9057
10.908
10.9098
10.9098
10.908
10.9057
10.9032
10.9019
10.9032
10.9047
10.9074
10.91
10.9121
10.9121
10.91
10.9074
10.9047
10.9032
10.9057
10.9074
10.9107
10.9139
10.9165
10.9165
10.9139
10.9107
10.9074
10.9057
10.908
10.91
10.9139
10.9176
10.9208
10.9208
10.9176
10.9139
10.91
10.908
10.9098
10.9121
10.9165
10.9208
10.9247
10.9247
10.9208
10.9165
10.9121
10.9098
10.9098
10.9121
10.9165
10.9208
10.9247
10.9247
10.9208
10.9165
10.9121
10.9098
10.908
10.91
10.9139
10.9176
10.9208
10.9208
10.9176
10.9139
10.91
10.908
10.9057
10.9074
10.9107
10.9139
10.9165
10.9165
10.9139
10.9107
10.9074
10.9057
10.9032
10.9047
10.9074
10.91
10.9121
10.9121
10.91
10.9074
10.9047
10.9032
10.9019
10.9032
10.9057
10.908
10.9098
10.9098
10.908
10.9057
10.9032
10.9019
10.8991
10.9008
10.9039
10.9069
10.9093
10.9093
10.9069
10.9039
10.9008
10.8991
10.9008
10.9027
10.9062
10.9095
10.9123
10.9123
10.9095
10.9062
10.9027
10.9008
10.9039
10.9062
10.9105
10.9147
10.9183
10.9183
10.9147
10.9105
10.9062
10.9039
10.9069
10.9095
10.9147
10.9197
10.9243
10.9243
10.9197
10.9147
10.9095
10.9069
10.9093
10.9123
10.9183
10.9243
10.9299
10.9299
10.9243
10.9183
10.9123
10.9093
10.9093
10.9123
10.9183
10.9243
10.9299
10.9299
10.9243
10.9183
10.9123
10.9093
10.9069
10.9095
10.9147
10.9197
10.9243
10.9243
10.9197
10.9147
10.9095
10.9069
10.9039
10.9062
10.9105
10.9147
10.9183
10.9183
10.9147
10.9105
10.9062
10.9039
10.9008
10.9027
10.9062
10.9095
10.9123
10.9123
10.9095
10.9062
10.9027
10.9008
10.8991
10.9008
10.9039
10.9069
10.9093
10.9093
10.9069
10.9039
10.9008
10.8991
10.8955
10.8976
10.9016
10.9053
10.9085
10.9085
10.9053
10.9016
10.8976
10.8955
10.8976
10.9
10.9045
10.9088
10.9125
10.9125
10.9088
10.9045
10.9
10.8976
10.9016
10.9045
10.9101
10.9157
10.9207
10.9207
10.9157
10.9101
10.9045
10.9016
10.9053
10.9088
10.9157
10.9225
10.929
10.929
10.9225
10.9157
10.9088
10.9053
10.9085
10.9125
10.9207
10.929
10.9373
10.9373
10.929
10.9207
10.9125
10.9085
10.9085
10.9125
10.9207
10.929
10.9373
10.9373
10.929
10.9207
10.9125
10.9085
10.9053
10.9088
10.9157
10.9225
10.929
10.929
10.9225
10.9157
10.9088
10.9053
10.9016
10.9045
10.9101
10.9157
10.9207
10.9207
10.9157
10.9101
10.9045
10.9016
10.8976
10.9
10.9045
10.9088
10.9125
10.9125
10.9088
10.9045
10.9
10.8976
10.8955
10.8976
10.9016
10.9053
10.9085
10.9085
10.9053
10.9016
10.8976
10.8955
10.891
10.8935
10.8985
10.9032
10.9073
10.9073
10.9032
10.8985
10.8935
10.891
10.8935
10.8965
10.9022
10.9078
10.9127
10.9127
10.9078
10.9022
10.8965
10.8935
10.8985
10.9022
10.9096
10.9169
10.9238
10.9238
10.9169
10.9096
10.9022
10.8985
10.9032
10.9078
10.9169
10.926
10.9354
10.9354
10.926
10.9169
10.9078
10.9032
10.9073
10.9127
10.9238
10.9354
10.9478
10.9478
10.9354
10.9238
10.9127
10.9073
10.9073
10.9127
10.9238
10.9354
10.9478
10.9478
10.9354
10.9238
10.9127
10.9073
10.9032
10.9078
10.9169
10.926
10.9354
10.9354
10.926
10.9169
10.9078
10.9032
10.8985
10.9022
10.9096
10.9169
10.9238
10.9238
10.9169
10.9096
10.9022
10.8985
10.8935
10.8965
10.9022
10.9078
10.9127
10.9127
10.9078
10.9022
10.8965
10.8935
10.891
10.8936
10.8985
10.9032
10.9073
10.9073
10.9032
10.8985
10.8935
10.891
10.8851
10.8883
10.8944
10.9003
10.9056
10.9056
10.9003
10.8944
10.8883
10.8851
10.8883
10.892
10.8992
10.9062
10.9128
10.9128
10.9062
10.8992
10.892
10.8883
10.8944
10.8992
10.9086
10.9182
10.9278
10.9278
10.9182
10.9086
10.8992
10.8944
10.9003
10.9062
10.9182
10.9306
10.944
10.944
10.9306
10.9182
10.9062
10.9003
10.9056
10.9128
10.9278
10.944
10.9627
10.9627
10.944
10.9278
10.9128
10.9056
10.9056
10.9128
10.9278
10.944
10.9627
10.9627
10.944
10.9278
10.9128
10.9056
10.9003
10.9062
10.9182
10.9306
10.944
10.944
10.9306
10.9182
10.9062
10.9003
10.8944
10.8992
10.9086
10.9182
10.9278
10.9278
10.9182
10.9086
10.8992
10.8944
10.8883
10.892
10.8992
10.9062
10.9128
10.9128
10.9062
10.8992
10.892
10.8883
10.8851
10.8883
10.8944
10.9003
10.9056
10.9056
10.9003
10.8944
10.8883
10.8851
10.8777
10.8815
10.889
10.8963
10.903
10.903
10.8963
10.889
10.8815
10.8777
10.8815
10.8861
10.895
10.9039
10.9127
10.9127
10.9039
10.895
10.8861
10.8815
10.889
10.895
10.9071
10.9197
10.9329
10.9329
10.9197
10.9071
10.895
10.889
10.8963
10.9039
10.9197
10.9363
10.9558
10.9558
10.9363
10.9197
10.9039
10.8963
10.903
10.9127
10.9329
10.9558
10.9842
10.9842
10.9558
10.9329
10.9127
10.903
10.903
10.9127
10.9329
10.9558
10.9842
10.9842
10.9558
10.9329
10.9127
10.903
10.8963
10.9039
10.9197
10.9363
10.9558
10.9558
10.9363
10.9197
10.9039
10.8963
10.889
10.895
10.9071
10.9197
10.9329
10.9329
10.9197
10.9071
10.895
10.889
10.8815
10.8861
10.895
10.9039
10.9127
10.9127
10.9039
10.895
10.8861
10.8815
10.8777
10.8815
10.889
10.8963
10.903
10.903
10.8963
10.889
10.8815
10.8777
10.8684
10.873
10.8819
10.8909
10.8994
10.8994
10.8909
10.8819
10.873
10.8684
10.873
10.8785
10.8895
10.9006
10.9121
10.9121
10.9006
10.8895
10.8785
10.873
10.8819
10.8895
10.9046
10.921
10.9391
10.9391
10.921
10.9046
10.8895
10.8819
10.8909
10.9006
10.921
10.9433
10.9715
10.9715
10.9433
10.921
10.9006
10.8909
10.8994
10.9121
10.9391
10.9715
11.0153
11.0153
10.9715
10.9391
10.9121
10.8994
10.8994
10.9121
10.9391
10.9715
11.0153
11.0153
10.9715
10.9391
10.9121
10.8994
10.8909
10.9006
10.921
10.9433
10.9715
10.9715
10.9433
10.921
10.9006
10.8909
10.8819
10.8895
10.9046
10.921
10.9391
10.9391
10.921
10.9046
10.8895
10.8819
10.873
10.8785
10.8895
10.9006
10.9121
10.9121
10.9006
10.8895
10.8785
10.873
10.8684
10.873
10.8819
10.8909
10.8994
10.8994
10.8909
10.8819
10.873
10.8684
10.8567
10.8622
10.8727
10.8836
10.8941
10.8941
10.8836
10.8727
10.8622
10.8567
10.8622
10.8688
10.882
10.8958
10.9108
10.9108
10.8958
10.882
10.8688
10.8622
10.8727
10.882
10.9007
10.9218
10.9465
10.9465
10.9218
10.9007
10.882
10.8727
10.8836
10.8958
10.9218
10.9515
10.9926
10.9926
10.9515
10.9218
10.8958
10.8836
10.8941
10.9108
10.9465
10.9926
11.0607
11.0607
10.9926
10.9465
10.9108
10.8941
10.8941
10.9108
10.9465
10.9926
11.0607
11.0607
10.9926
10.9465
10.9108
10.8941
10.8836
10.8958
10.9218
10.9515
10.9926
10.9926
10.9515
10.9218
10.8958
10.8836
10.8727
10.882
10.9007
10.9218
10.9465
10.9465
10.9218
10.9007
10.882
10.8727
10.8622
10.8688
10.882
10.8958
10.9108
10.9108
10.8958
10.882
10.8688
10.8622
10.8567
10.8622
10.8727
10.8836
10.8941
10.8941
10.8836
10.8727
10.8622
10.8567
)
;

boundaryField
{
    bottom
    {
        type            fixedFluxPressure;
        gradient        nonuniform List<scalar> 0();
        value           nonuniform List<scalar> 0();
    }
    atmosphere
    {
        type            prghTotalPressure;
        p0              nonuniform List<scalar> 0();
        value           nonuniform List<scalar> 0();
    }
    walls
    {
        type            fixedFluxPressure;
        gradient        uniform 0;
        value           nonuniform List<scalar> 
400
(
10.9057
10.9065
10.908
10.9094
10.9105
10.9105
10.9094
10.908
10.9065
10.9057
10.904
10.9051
10.907
10.9088
10.9102
10.9102
10.9088
10.907
10.9051
10.904
10.9019
10.9032
10.9057
10.908
10.9098
10.9098
10.908
10.9057
10.9032
10.9019
10.8991
10.9008
10.9039
10.9069
10.9093
10.9093
10.9069
10.9039
10.9008
10.8991
10.8955
10.8976
10.9016
10.9053
10.9085
10.9085
10.9053
10.9016
10.8976
10.8955
10.891
10.8935
10.8985
10.9032
10.9073
10.9073
10.9032
10.8985
10.8935
10.891
10.8851
10.8883
10.8944
10.9003
10.9056
10.9056
10.9003
10.8944
10.8883
10.8851
10.8777
10.8815
10.889
10.8963
10.903
10.903
10.8963
10.889
10.8815
10.8777
10.8684
10.873
10.8819
10.8909
10.8994
10.8994
10.8909
10.8819
10.873
10.8684
10.8567
10.8622
10.8727
10.8836
10.8941
10.8941
10.8836
10.8727
10.8622
10.8567
10.9057
10.9065
10.908
10.9094
10.9105
10.9105
10.9094
10.908
10.9065
10.9057
10.904
10.9051
10.907
10.9088
10.9102
10.9102
10.9088
10.907
10.9051
10.904
10.9019
10.9032
10.9057
10.908
10.9098
10.9098
10.908
10.9057
10.9032
10.9019
10.8991
10.9008
10.9039
10.9069
10.9093
10.9093
10.9069
10.9039
10.9008
10.8991
10.8955
10.8976
10.9016
10.9053
10.9085
10.9085
10.9053
10.9016
10.8976
10.8955
10.891
10.8935
10.8985
10.9032
10.9073
10.9073
10.9032
10.8985
10.8935
10.891
10.8851
10.8883
10.8944
10.9003
10.9056
10.9056
10.9003
10.8944
10.8883
10.8851
10.8777
10.8815
10.889
10.8963
10.903
10.903
10.8963
10.889
10.8815
10.8777
10.8684
10.873
10.8819
10.8909
10.8994
10.8994
10.8909
10.8819
10.873
10.8684
10.8567
10.8622
10.8727
10.8836
10.8941
10.8941
10.8836
10.8727
10.8622
10.8567
10.9057
10.904
10.9019
10.8991
10.8955
10.891
10.8851
10.8777
10.8684
10.8567
10.9065
10.9051
10.9032
10.9008
10.8976
10.8935
10.8883
10.8815
10.873
10.8622
10.908
10.907
10.9057
10.9039
10.9016
10.8985
10.8944
10.889
10.8819
10.8727
10.9094
10.9088
10.908
10.9069
10.9053
10.9032
10.9003
10.8963
10.8909
10.8836
10.9105
10.9102
10.9098
10.9093
10.9085
10.9073
10.9056
10.903
10.8994
10.8941
10.9105
10.9102
10.9098
10.9093
10.9085
10.9073
10.9056
10.903
10.8994
10.8941
10.9094
10.9088
10.908
10.9069
10.9053
10.9032
10.9003
10.8963
10.8909
10.8836
10.908
10.907
10.9057
10.9039
10.9016
10.8985
10.8944
10.889
10.8819
10.8727
10.9065
10.9051
10.9032
10.9008
10.8976
10.8935
10.8883
10.8815
10.873
10.8622
10.9057
10.904
10.9019
10.8991
10.8955
10.891
10.8851
10.8777
10.8684
10.8567
10.9057
10.904
10.9019
10.8991
10.8955
10.891
10.8851
10.8777
10.8684
10.8567
10.9065
10.9051
10.9032
10.9008
10.8976
10.8936
10.8883
10.8815
10.873
10.8622
10.908
10.907
10.9057
10.9039
10.9016
10.8985
10.8944
10.889
10.8819
10.8727
10.9094
10.9088
10.908
10.9069
10.9053
10.9032
10.9003
10.8963
10.8909
10.8836
10.9105
10.9102
10.9098
10.9093
10.9085
10.9073
10.9056
10.903
10.8994
10.8941
10.9105
10.9102
10.9098
10.9093
10.9085
10.9073
10.9056
10.903
10.8994
10.8941
10.9094
10.9088
10.908
10.9069
10.9053
10.9032
10.9003
10.8963
10.8909
10.8836
10.908
10.907
10.9057
10.9039
10.9016
10.8985
10.8944
10.889
10.8819
10.8727
10.9065
10.9051
10.9032
10.9008
10.8976
10.8935
10.8883
10.8815
10.873
10.8622
10.9057
10.904
10.9019
10.8991
10.8955
10.891
10.8851
10.8777
10.8684
10.8567
)
;
    }
    procBoundary2to0
    {
        type            processor;
        value           nonuniform List<scalar> 
100
(
10.8424
10.8487
10.8608
10.8737
10.8865
10.8865
10.8737
10.8608
10.8487
10.8424
10.8487
10.8565
10.8721
10.8888
10.9081
10.9081
10.8888
10.8721
10.8565
10.8487
10.8608
10.8721
10.8945
10.9214
10.9544
10.9544
10.9214
10.8945
10.8721
10.8608
10.8737
10.8888
10.9214
10.9606
11.0204
11.0204
10.9606
10.9214
10.8888
10.8737
10.8865
10.9081
10.9544
11.0204
11.1274
11.1274
11.0204
10.9544
10.9081
10.8865
10.8865
10.9081
10.9544
11.0204
11.1274
11.1274
11.0204
10.9544
10.9081
10.8865
10.8737
10.8888
10.9214
10.9606
11.0204
11.0204
10.9606
10.9214
10.8888
10.8737
10.8608
10.8721
10.8945
10.9214
10.9544
10.9544
10.9214
10.8945
10.8721
10.8608
10.8487
10.8565
10.8721
10.8888
10.9081
10.9081
10.8888
10.8721
10.8565
10.8487
10.8424
10.8487
10.8608
10.8737
10.8865
10.8865
10.8737
10.8608
10.8487
10.8424
)
;
    }
    procBoundary2to3
    {
        type            processor;
        value           nonuniform List<scalar> 
100
(
10.907
10.9076
10.9087
10.9098
10.9106
10.9106
10.9098
10.9087
10.9076
10.907
10.9076
10.9083
10.9095
10.9107
10.9116
10.9116
10.9107
10.9095
10.9083
10.9076
10.9087
10.9095
10.9109
10.9123
10.9133
10.9133
10.9123
10.9109
10.9095
10.9087
10.9098
10.9107
10.9123
10.9138
10.915
10.915
10.9138
10.9123
10.9107
10.9098
10.9106
10.9116
10.9133
10.915
10.9163
10.9163
10.915
10.9133
10.9116
10.9106
10.9106
10.9116
10.9133
10.915
10.9163
10.9163
10.915
10.9133
10.9116
10.9106
10.9098
10.9107
10.9123
10.9138
10.915
10.915
10.9138
10.9123
10.9107
10.9098
10.9087
10.9095
10.9109
10.9123
10.9133
10.9133
10.9123
10.9109
10.9095
10.9087
10.9076
10.9083
10.9095
10.9107
10.9116
10.9116
10.9107
10.9095
10.9083
10.9076
10.907
10.9076
10.9087
10.9098
10.9106
10.9106
10.9098
10.9087
10.9076
10.907
)
;
    }
}


// ************************************************************************* //
