/*--------------------------------*- C++ -*----------------------------------*\
| =========                 |                                                 |
| \\      /  F ield         | OpenFOAM: The Open Source CFD Toolbox           |
|  \\    /   O peration     | Version:  2412                                  |
|   \\  /    A nd           | Website:  www.openfoam.com                      |
|    \\/     M anipulation  |                                                 |
\*---------------------------------------------------------------------------*/
FoamFile
{
    version     2.0;
    format      ascii;
    arch        "LSB;label=32;scalar=64";
    class       volScalarField;
    location    "0.42";
    object      p_rgh;
}
// * * * * * * * * * * * * * * * * * * * * * * * * * * * * * * * * * * * * * //

dimensions      [1 -1 -2 0 0 0 0];

internalField   nonuniform List<scalar> 
1000
(
5.99266
5.43547
4.96242
4.2164
4.92393
4.92393
4.21641
4.96243
5.43548
5.99267
5.43547
4.8291
4.25173
4.03714
13.3982
13.3982
4.03716
4.25175
4.82912
5.43548
4.96242
4.25173
4.47448
9.93661
15.2716
15.2716
9.9366
4.4745
4.25174
4.96244
4.21639
4.03714
9.93661
6.05918
3.18571
3.18571
6.05918
9.93661
4.03716
4.21641
4.92392
13.3982
15.2716
3.18571
2.09864
2.09864
3.18572
15.2717
13.3982
4.92394
4.92393
13.3982
15.2716
3.18571
2.09864
2.09864
3.18572
15.2717
13.3982
4.92394
4.2164
4.03716
9.9366
6.05917
3.18572
3.18572
6.05918
9.93661
4.03718
4.21641
4.96243
4.25174
4.4745
9.93661
15.2717
15.2717
9.93661
4.47452
4.25175
4.96245
5.43548
4.82912
4.25174
4.03716
13.3982
13.3982
4.03718
4.25175
4.82913
5.43549
5.99267
5.43548
4.96243
4.2164
4.92394
4.92394
4.21641
4.96245
5.43549
5.99268
5.44889
4.95323
4.51503
3.80823
4.40935
4.40936
3.80824
4.51504
4.95325
5.4489
4.95323
4.32668
3.93963
3.93081
14.2867
14.2867
3.93083
3.93964
4.32669
4.95325
4.51503
3.93963
4.41467
11.0835
5.07445
5.07446
11.0835
4.4147
3.93964
4.51504
3.80823
3.93081
11.0835
5.62088
3.23464
3.23464
5.62089
11.0835
3.93082
3.80823
4.40935
14.2867
5.07445
3.23464
2.2116
2.2116
3.23465
5.07446
14.2867
4.40936
4.40936
14.2867
5.07446
3.23465
2.2116
2.2116
3.23466
5.07446
14.2867
4.40937
3.80824
3.93083
11.0835
5.62089
3.23466
3.23466
5.62091
11.0835
3.93084
3.80824
4.51504
3.93964
4.41469
11.0835
5.07446
5.07446
11.0835
4.41471
3.93965
4.51505
4.95325
4.32669
3.93964
3.93082
14.2867
14.2867
3.93084
3.93965
4.3267
4.95326
5.4489
4.95325
4.51504
3.80823
4.40936
4.40937
3.80824
4.51505
4.95326
5.44892
5.06171
4.6139
4.23948
3.58584
4.12175
4.12177
3.58586
4.2395
4.61392
5.06172
4.6139
4.05308
3.78752
3.97254
15.2171
15.2173
3.97256
3.78754
4.05309
4.61391
4.23948
3.78752
4.42012
10.3089
3.23485
3.23487
10.3092
4.42013
3.78753
4.23949
3.58584
3.97253
10.3089
9.98768
3.60404
3.60406
9.98761
10.3092
3.97254
3.58585
4.12174
15.2171
3.23485
3.60404
2.36499
2.36499
3.60406
3.23486
15.2171
4.12176
4.12178
15.2174
3.23487
3.60407
2.36499
2.36499
3.60408
3.23488
15.2174
4.12179
3.58586
3.97256
10.3091
9.98761
3.60406
3.60408
9.98754
10.3094
3.97257
3.58586
4.2395
3.78754
4.42013
10.3092
3.23486
3.23488
10.3094
4.42015
3.78755
4.23951
4.61392
4.05309
3.78753
3.97255
15.2171
15.2173
3.97256
3.78755
4.0531
4.61393
5.06172
4.61391
4.23949
3.58585
4.12176
4.12178
3.58586
4.23951
4.61393
5.06173
4.84927
4.4517
4.09674
3.53344
4.11471
4.11475
3.53345
4.09676
4.45171
4.84928
4.4517
3.91769
3.73484
4.14001
16.1885
16.1888
4.14005
3.73487
3.9177
4.45171
4.09674
3.73483
4.50365
9.46151
3.7107
3.7107
9.46148
4.50366
3.73485
4.09675
3.53344
4.14
9.46151
20.8177
4.12259
4.12264
20.8176
9.46113
4.14002
3.53345
4.1147
16.1884
3.7107
4.12259
2.57317
2.57317
4.12261
3.71071
16.1885
4.11472
4.11477
16.1889
3.7107
4.12265
2.57317
2.57317
4.12267
3.7107
16.1889
4.11479
3.53346
4.14006
9.46148
20.8176
4.12261
4.12266
20.8174
9.4611
4.14007
3.53347
4.09676
3.73487
4.50366
9.46113
3.7107
3.7107
9.4611
4.50367
3.73488
4.09677
4.45171
3.9177
3.73485
4.14003
16.1885
16.1888
4.14006
3.73487
3.91772
4.45172
4.84928
4.45171
4.09675
3.53345
4.11473
4.11477
3.53346
4.09677
4.45172
4.84929
4.79243
4.4306
4.10002
3.62056
4.29889
4.29898
3.62058
4.10004
4.43062
4.79244
4.4306
3.91657
3.77982
4.25436
16.931
16.9287
4.25444
3.77985
3.91659
4.43062
4.10002
3.77981
4.59518
14.1293
4.21014
4.21014
14.1292
4.59519
3.77983
4.10003
3.62056
4.25435
14.1293
22.1953
4.27595
4.27603
22.1952
14.1289
4.25437
3.62057
4.29887
16.9311
4.21014
4.27595
2.87044
2.87044
4.27598
4.21015
16.9309
4.29891
4.29901
16.9277
4.21014
4.27604
2.87044
2.87044
4.27606
4.21016
16.9279
4.29903
3.62059
4.25447
14.1292
22.1952
4.27598
4.27605
22.1951
14.1288
4.25447
3.6206
4.10004
3.77986
4.59519
14.1289
4.21015
4.21015
14.1288
4.5952
3.77987
4.10005
4.43062
3.91659
3.77983
4.25438
16.9308
16.9289
4.25445
3.77986
3.91661
4.43063
4.79244
4.43062
4.10003
3.62057
4.29892
4.299
3.62059
4.10005
4.43063
4.79245
4.8743
4.54263
4.24758
3.8311
4.64356
4.64369
3.83112
4.2476
4.54265
4.87431
4.54263
4.071
3.92997
4.39033
13.9139
13.9101
4.39044
3.93001
4.07102
4.54265
4.24758
3.92997
4.69732
14.9071
5.03685
5.03687
14.907
4.69732
3.92998
4.24759
3.8311
4.3903
14.9071
22.796
4.26431
4.26438
22.7959
14.9073
4.39033
3.83111
4.64354
13.9148
5.03686
4.26431
3.3521
3.35209
4.26434
5.03684
13.9129
4.64358
4.64373
13.9091
5.03689
4.26439
3.35209
3.35209
4.26441
5.03686
13.9078
4.64375
3.83112
4.39048
14.907
22.7959
4.26434
4.2644
22.7958
14.9072
4.39048
3.83113
4.2476
3.93002
4.69732
14.9073
5.03682
5.03684
14.9072
4.69732
3.93003
4.24761
4.54265
4.07102
3.92999
4.39035
13.912
13.9087
4.39045
3.93002
4.07104
4.54266
4.87431
4.54265
4.24759
3.83111
4.6436
4.64371
3.83112
4.24761
4.54265
4.87432
5.07387
4.77629
4.52807
4.17507
5.16309
5.16322
4.17508
4.52809
4.77629
5.07388
4.77629
4.35788
4.21138
4.73676
16.7849
16.7851
4.7369
4.2114
4.35789
4.77629
4.52807
4.21138
4.94723
9.98876
6.88559
6.88574
9.9887
4.94722
4.21138
4.52808
4.17507
4.73673
9.98876
23.9272
4.64228
4.6423
23.9271
9.98889
4.73675
4.17508
5.16306
16.7851
6.88562
4.64228
4.15848
4.15847
4.64228
6.88541
16.7854
5.1631
5.16327
16.7853
6.88584
4.6423
4.15847
4.15846
4.6423
6.88561
16.7856
5.16328
4.17508
4.73695
9.98869
23.9271
4.64228
4.6423
23.9269
9.98882
4.73695
4.17509
4.52809
4.2114
4.94722
9.98889
6.88538
6.88551
9.98883
4.94721
4.2114
4.52809
4.77629
4.35789
4.21139
4.73678
16.7852
16.7853
4.7369
4.2114
4.35789
4.7763
5.07388
4.77629
4.52808
4.17507
5.16312
5.16324
4.17508
4.52809
4.7763
5.07388
5.36948
5.11435
4.92546
4.66843
5.74224
5.74225
4.66842
4.92546
5.11435
5.36948
5.11435
4.77088
4.64814
5.18877
16.4496
16.4567
5.18874
4.64813
4.77088
5.11435
4.92546
4.64814
5.43095
8.29233
10.753
10.7529
8.29226
5.43094
4.64814
4.92546
4.66843
5.18877
8.29235
19.273
5.7592
5.75919
19.2733
8.2923
5.18875
4.66843
5.74223
16.4481
10.7531
5.75922
5.6429
5.64289
5.75916
10.7528
16.4502
5.74223
5.74225
16.4587
10.7529
5.7592
5.64288
5.64287
5.75914
10.7526
16.4598
5.74224
4.66842
5.18872
8.29225
19.2732
5.75913
5.75913
19.2735
8.29221
5.18871
4.66842
4.92546
4.64812
5.43093
8.29228
10.7527
10.7526
8.29222
5.43092
4.64812
4.92546
5.11435
4.77088
4.64814
5.18875
16.4516
16.4577
5.18872
4.64813
4.77088
5.11435
5.36948
5.11435
4.92546
4.66842
5.74223
5.74224
4.66842
4.92546
5.11435
5.36949
5.73657
5.53307
5.41048
5.2658
6.44938
6.44937
5.2658
5.41048
5.53307
5.73658
5.53307
5.28308
5.22637
5.91781
9.95807
9.95771
5.91779
5.22635
5.28308
5.53307
5.41048
5.22637
6.02337
8.36962
12.5447
12.5446
8.36959
6.02336
5.22636
5.41048
5.26581
5.91782
8.36965
8.28619
9.06385
9.06383
8.28624
8.3695
5.9178
5.2658
6.44939
9.95806
12.5445
9.0639
8.76243
8.76244
9.06368
12.5452
9.95817
6.44936
6.44937
9.95753
12.5444
9.06387
8.76243
8.76244
9.06366
12.5451
9.95768
6.44935
5.2658
5.91778
8.36961
8.28621
9.06362
9.06362
8.28633
8.36947
5.91777
5.26579
5.41048
5.22634
6.02335
8.36947
12.5453
12.5453
8.36945
6.02334
5.22634
5.41048
5.53307
5.28308
5.22636
5.9178
9.95817
9.95786
5.91778
5.22634
5.28308
5.53307
5.73658
5.53307
5.41048
5.2658
6.44936
6.44935
5.2658
5.41048
5.53307
5.73658
6.14784
5.99991
5.94122
5.9053
7.12316
7.12316
5.90529
5.94121
5.99991
6.14784
5.99991
5.8455
5.86908
6.68016
9.35333
9.35274
6.68014
5.86907
5.8455
5.99991
5.94122
5.86908
6.63305
8.657
14.0274
14.0274
8.65699
6.63304
5.86907
5.94121
5.9053
6.68016
8.657
7.44832
13.9338
13.9338
7.44842
8.657
6.68016
5.9053
7.12315
9.35348
14.0272
13.9337
10.5677
10.5676
13.9344
14.028
9.35309
7.12316
7.12316
9.35261
14.0272
13.9337
10.5676
10.5676
13.9344
14.0279
9.35227
7.12317
5.90529
6.68013
8.65698
7.44844
13.9345
13.9345
7.44842
8.65698
6.68013
5.90529
5.94121
5.86906
6.63304
8.65699
14.0281
14.0281
8.65699
6.63303
5.86906
5.94121
5.9999
5.84549
5.86907
6.68016
9.35294
9.35241
6.68014
5.86906
5.84549
5.9999
6.14784
5.9999
5.94121
5.9053
7.12316
7.12317
5.90529
5.94121
5.9999
6.14784
)
;

boundaryField
{
    bottom
    {
        type            fixedFluxPressure;
        gradient        nonuniform List<scalar> 0();
        value           nonuniform List<scalar> 0();
    }
    atmosphere
    {
        type            prghTotalPressure;
        p0              nonuniform List<scalar> 0();
        value           nonuniform List<scalar> 0();
    }
    walls
    {
        type            fixedFluxPressure;
        gradient        uniform 0;
        value           nonuniform List<scalar> 
400
(
5.99266
5.43547
4.96242
4.21639
4.92392
4.92393
4.2164
4.96243
5.43548
5.99267
5.44889
4.95323
4.51503
3.80823
4.40935
4.40936
3.80824
4.51504
4.95325
5.4489
5.06171
4.6139
4.23948
3.58584
4.12174
4.12178
3.58586
4.2395
4.61392
5.06172
4.84927
4.4517
4.09674
3.53344
4.1147
4.11477
3.53346
4.09676
4.45171
4.84928
4.79243
4.4306
4.10002
3.62056
4.29887
4.29901
3.62059
4.10004
4.43062
4.79244
4.8743
4.54263
4.24758
3.8311
4.64354
4.64373
3.83112
4.2476
4.54265
4.87431
5.07387
4.77629
4.52807
4.17507
5.16306
5.16327
4.17508
4.52809
4.77629
5.07388
5.36948
5.11435
4.92546
4.66843
5.74223
5.74225
4.66842
4.92546
5.11435
5.36948
5.73657
5.53307
5.41048
5.26581
6.44939
6.44937
5.2658
5.41048
5.53307
5.73658
6.14784
5.99991
5.94122
5.9053
7.12315
7.12316
5.90529
5.94121
5.9999
6.14784
5.99267
5.43548
4.96244
4.21641
4.92394
4.92394
4.21641
4.96245
5.43549
5.99268
5.4489
4.95325
4.51504
3.80823
4.40936
4.40937
3.80824
4.51505
4.95326
5.44892
5.06172
4.61391
4.23949
3.58585
4.12176
4.12179
3.58586
4.23951
4.61393
5.06173
4.84928
4.45171
4.09675
3.53345
4.11472
4.11479
3.53347
4.09677
4.45172
4.84929
4.79244
4.43062
4.10003
3.62057
4.29891
4.29903
3.6206
4.10005
4.43063
4.79245
4.87431
4.54265
4.24759
3.83111
4.64358
4.64375
3.83113
4.24761
4.54266
4.87432
5.07388
4.77629
4.52808
4.17508
5.1631
5.16328
4.17509
4.52809
4.7763
5.07388
5.36948
5.11435
4.92546
4.66843
5.74223
5.74224
4.66842
4.92546
5.11435
5.36949
5.73658
5.53307
5.41048
5.2658
6.44936
6.44935
5.26579
5.41048
5.53307
5.73658
6.14784
5.99991
5.94121
5.9053
7.12316
7.12317
5.90529
5.94121
5.9999
6.14784
5.99266
5.44889
5.06171
4.84927
4.79243
4.8743
5.07387
5.36948
5.73657
6.14784
5.43547
4.95323
4.6139
4.4517
4.4306
4.54263
4.77629
5.11435
5.53307
5.99991
4.96242
4.51503
4.23948
4.09674
4.10002
4.24758
4.52807
4.92546
5.41048
5.94122
4.2164
3.80823
3.58584
3.53344
3.62056
3.8311
4.17507
4.66843
5.2658
5.9053
4.92393
4.40935
4.12175
4.11471
4.29889
4.64356
5.16309
5.74224
6.44938
7.12316
4.92393
4.40936
4.12177
4.11475
4.29898
4.64369
5.16322
5.74225
6.44937
7.12316
4.21641
3.80824
3.58586
3.53345
3.62058
3.83112
4.17508
4.66842
5.2658
5.90529
4.96243
4.51504
4.2395
4.09676
4.10004
4.2476
4.52809
4.92546
5.41048
5.94121
5.43548
4.95325
4.61392
4.45171
4.43062
4.54265
4.77629
5.11435
5.53307
5.99991
5.99267
5.4489
5.06172
4.84928
4.79244
4.87431
5.07388
5.36948
5.73658
6.14784
5.99267
5.4489
5.06172
4.84928
4.79244
4.87431
5.07388
5.36948
5.73658
6.14784
5.43548
4.95325
4.61391
4.45171
4.43062
4.54265
4.77629
5.11435
5.53307
5.9999
4.96243
4.51504
4.23949
4.09675
4.10003
4.24759
4.52808
4.92546
5.41048
5.94121
4.2164
3.80823
3.58585
3.53345
3.62057
3.83111
4.17507
4.66842
5.2658
5.9053
4.92394
4.40936
4.12176
4.11473
4.29892
4.6436
5.16312
5.74223
6.44936
7.12316
4.92394
4.40937
4.12178
4.11477
4.299
4.64371
5.16324
5.74224
6.44935
7.12317
4.21641
3.80824
3.58586
3.53346
3.62059
3.83112
4.17508
4.66842
5.2658
5.90529
4.96245
4.51505
4.23951
4.09677
4.10005
4.24761
4.52809
4.92546
5.41048
5.94121
5.43549
4.95326
4.61393
4.45172
4.43063
4.54265
4.7763
5.11435
5.53307
5.9999
5.99268
5.44892
5.06173
4.84929
4.79245
4.87432
5.07388
5.36949
5.73658
6.14784
)
;
    }
    procBoundary2to0
    {
        type            processor;
        value           nonuniform List<scalar> 
100
(
6.5759
6.48008
6.47499
6.53548
7.79194
7.79193
6.53547
6.47499
6.48008
6.5759
6.48008
6.41031
6.50164
7.41203
9.43168
9.43151
7.412
6.50164
6.41031
6.48008
6.47499
6.50164
7.21188
8.99877
12.8583
12.8582
8.99878
7.21188
6.50164
6.47499
6.53548
7.41203
8.99877
8.8716
11.3262
11.3261
8.87172
8.99878
7.41202
6.53548
7.79194
9.43174
12.8585
11.3263
7.73957
7.73955
11.3256
12.8575
9.4315
7.79194
7.79192
9.43149
12.8584
11.3262
7.73955
7.73954
11.3256
12.8573
9.43126
7.79192
6.53547
7.41199
8.99876
8.87174
11.3255
11.3255
8.87172
8.99878
7.41198
6.53547
6.47498
6.50164
7.21187
8.99878
12.8573
12.8572
8.99879
7.21187
6.50164
6.47498
6.48008
6.4103
6.50164
7.41201
9.43144
9.43129
7.41199
6.50164
6.4103
6.48008
6.5759
6.48008
6.47499
6.53547
7.79194
7.79192
6.53547
6.47498
6.48008
6.5759
)
;
    }
    procBoundary2to3
    {
        type            processor;
        value           nonuniform List<scalar> 
100
(
6.72905
6.08063
5.59431
4.82583
5.61978
5.61979
4.82584
5.59432
6.08064
6.72906
6.08063
5.42471
4.72627
4.40366
12.0687
12.0687
4.40367
4.72628
5.42473
6.08064
5.59431
4.72627
4.64062
8.64549
56.493
56.493
8.64549
4.64064
4.72628
5.59432
4.82583
4.40365
8.64549
7.09239
3.69679
3.6968
7.09235
8.64552
4.40368
4.82584
5.61978
12.0687
56.493
3.69679
1.99324
1.99324
3.69679
56.4929
12.0687
5.61979
5.61979
12.0687
56.493
3.6968
1.99324
1.99324
3.69679
56.4929
12.0687
5.6198
4.82584
4.40367
8.64549
7.09234
3.69679
3.69679
7.09229
8.64552
4.40369
4.82585
5.59432
4.72628
4.64064
8.64552
56.4929
56.4929
8.64552
4.64066
4.72628
5.59434
6.08064
5.42472
4.72627
4.40368
12.0687
12.0687
4.40369
4.72628
5.42474
6.08065
6.72906
6.08064
5.59432
4.82584
5.61979
5.6198
4.82584
5.59433
6.08065
6.72907
)
;
    }
}


// ************************************************************************* //
