/*--------------------------------*- C++ -*----------------------------------*\
| =========                 |                                                 |
| \\      /  F ield         | OpenFOAM: The Open Source CFD Toolbox           |
|  \\    /   O peration     | Version:  2412                                  |
|   \\  /    A nd           | Website:  www.openfoam.com                      |
|    \\/     M anipulation  |                                                 |
\*---------------------------------------------------------------------------*/
FoamFile
{
    version     2.0;
    format      ascii;
    arch        "LSB;label=32;scalar=64";
    class       surfaceScalarField;
    location    "0.98";
    object      phi;
}
// * * * * * * * * * * * * * * * * * * * * * * * * * * * * * * * * * * * * * //

dimensions      [0 3 -1 0 0 0 0];

oriented        oriented;

internalField   nonuniform List<scalar> 
2700
(
0.000536284
0.000536284
-0.00107257
0.000705325
0.000466305
-0.000635346
0.000462153
0.000399327
-0.000156155
0.000148666
0.000316369
-2.88229e-06
6.15605e-10
0.000138249
1.04168e-05
-0.000148667
0.00013825
1.04169e-05
-0.000462156
0.000316372
-2.88256e-06
-0.000705328
0.000399327
-0.000156155
-0.000536284
0.000466303
-0.000635347
0.000536284
-0.00107257
0.000466305
0.000705325
-0.000635346
0.000820904
0.000820902
-0.000709195
0.000762239
0.000744806
-0.000286814
0.000451454
0.000625896
1.25702e-06
-5.02539e-11
0.000314271
0.000275432
-0.000451454
0.000314274
0.00027543
-0.000762239
0.000625898
1.25861e-06
-0.000820906
0.000744806
-0.000286812
-0.000466306
0.000820902
-0.000709198
0.000705326
-0.000635348
0.000399326
0.000462153
-0.000156155
0.000744807
0.00076224
-0.000286818
0.000804187
0.000804186
-0.000118761
0.000619529
0.000715755
9.47982e-05
-9.49204e-10
0.000307172
0.00062663
-0.00061953
0.000307179
0.000626624
-0.000804186
0.000715759
9.47952e-05
-0.000744807
0.000804187
-0.00011876
-0.000399326
0.000762241
-0.00028682
0.000462155
-0.000156156
0.000316368
0.000148667
-2.88178e-06
0.000625897
0.000451455
1.25651e-06
0.000715755
0.000619528
9.47997e-05
0.000532235
0.000532237
0.000367038
-3.32768e-10
0.000255878
0.000583529
-0.000532236
0.000255882
0.000583533
-0.000715757
0.000532246
0.000367034
-0.000625898
0.000619529
9.47988e-05
-0.000316369
0.000451455
1.25792e-06
0.000148667
-2.88136e-06
0.000138249
3.11799e-10
1.0417e-05
0.000314275
-6.45124e-10
0.00027543
0.000307175
-3.50491e-09
0.000626631
0.000255879
-1.15318e-09
0.000583535
6.4965e-09
1.17088e-08
0.000511739
-0.000255877
1.19443e-08
0.000511754
-0.000307184
-1.11767e-09
0.000583554
-0.00031428
-3.81937e-09
0.000626628
-0.000138251
-9.41653e-10
0.000275427
2.54392e-10
1.04165e-05
0.000138252
-0.000148668
1.04161e-05
0.000314279
-0.000451455
0.000275427
0.000307186
-0.000619531
0.00062662
0.000255882
-0.00053224
0.000583543
6.68169e-09
-0.000255875
0.000511762
-0.00025588
-0.000255879
0.000511778
-0.000307195
-0.000532248
0.000583561
-0.000314283
-0.000619532
0.000626617
-0.000138253
-0.000451455
0.000275424
-0.000148668
1.04155e-05
0.000316373
-0.000462157
-2.88293e-06
0.0006259
-0.00076224
1.25762e-06
0.000715761
-0.000804186
9.47932e-05
0.000532249
-0.000715759
0.000367031
-2.07532e-10
-0.000307187
0.000583562
-0.00053225
-0.000307194
0.000583565
-0.000715763
-0.000715762
0.000367027
-0.000625901
-0.000804187
9.47922e-05
-0.000316373
-0.000762242
1.25866e-06
-0.000462159
-2.88256e-06
0.000399327
-0.000705328
-0.000156155
0.000744806
-0.000820905
-0.000286814
0.000804187
-0.000744806
-0.00011876
0.00061953
-0.000625898
9.47967e-05
-1.15526e-09
-0.000314279
0.000626623
-0.000619531
-0.000314281
0.000626617
-0.000804187
-0.0006259
9.47937e-05
-0.000744807
-0.000744807
-0.00011876
-0.000399326
-0.000820905
-0.000286817
-0.000705329
-0.000156156
0.000466303
-0.000536284
-0.000635347
0.000820903
-0.000466306
-0.0007092
0.000762241
-0.000399326
-0.000286818
0.000451454
-0.00031637
1.25862e-06
-4.30672e-10
-0.000138251
0.000275426
-0.000451454
-0.000138253
0.000275425
-0.000762241
-0.000316373
1.25948e-06
-0.000820905
-0.000399326
-0.000286817
-0.000466303
-0.000466304
-0.000709203
-0.000536284
-0.000635348
0.000536284
-0.00107257
0.000705326
-0.000635348
0.000462155
-0.000156155
0.000148667
-2.88181e-06
4.65223e-10
1.04154e-05
-0.000148667
1.04152e-05
-0.000462158
-2.88221e-06
-0.000705329
-0.000156155
-0.000536284
-0.000635348
-0.00107257
0.000530529
0.000530529
-0.00213363
0.00104347
0.000417576
-0.00156586
0.000959609
0.000193634
-0.000265931
0.000650213
0.000123744
0.00018277
-6.98689e-09
0.000138551
0.000522086
-0.000650225
0.000138553
0.000522082
-0.000959617
0.000123746
0.000182763
-0.00104347
0.000193633
-0.000265935
-0.000530529
0.00041757
-0.00156586
0.00053053
-0.00213363
0.000417583
0.00104347
-0.00156587
0.00103522
0.00103524
-0.0019445
0.000977924
0.000952019
-0.000987899
0.000629646
0.000880906
-0.000407627
2.05164e-09
0.000650912
0.000392714
-0.00062964
0.000650916
0.00039271
-0.000977909
0.0008809
-0.000407626
-0.00103521
0.00095202
-0.000987894
-0.000417588
0.00103525
-0.0019445
0.00104347
-0.00156587
0.000193635
0.00095961
-0.000265933
0.000952019
0.000977943
-0.00098791
0.000954058
0.000954059
-0.00012284
0.00057174
0.000950265
0.000407758
-2.93968e-09
0.000509956
0.00133933
-0.000571742
0.00050996
0.00133932
-0.000954054
0.000950258
0.00040775
-0.000952016
0.00095406
-0.000122837
-0.000193635
0.000977961
-0.000987915
0.000959615
-0.000265937
0.000123745
0.000650214
0.000182769
0.00088091
0.000629661
-0.000407627
0.000950269
0.000571743
0.000407757
0.000687426
0.000687425
0.000892722
-2.04609e-09
0.000495952
0.00128496
-0.000687426
0.000495952
0.00128496
-0.000950267
0.000687419
0.000892714
-0.000880909
0.000571745
0.000407756
-0.000123746
0.000629673
-0.000407616
0.00065022
0.000182767
0.000138552
-7.82658e-09
0.000522087
0.000650915
7.7228e-09
0.00039272
0.000509961
-2.22615e-09
0.00133933
0.000495954
-1.96876e-09
0.00128497
4.99098e-09
1.88966e-09
0.00150364
-0.000495952
1.72459e-09
0.00150366
-0.00050997
-2.5899e-09
0.00128499
-0.00065092
-2.37928e-09
0.00133933
-0.000138554
7.11325e-09
0.000392727
-7.09811e-09
0.00052209
0.000138555
-0.000650228
0.000522081
0.000650922
-0.000629646
0.000392714
0.000509968
-0.000571743
0.00133931
0.000495956
-0.000687424
0.00128498
4.86756e-09
-0.000495955
0.00150367
-0.000495955
-0.000495956
0.0015037
-0.000509977
-0.00068742
0.001285
-0.000650926
-0.000571746
0.00133931
-0.000138557
-0.000629659
0.000392721
-0.000650232
0.000522084
0.000123747
-0.000959618
0.00018276
0.000880902
-0.000977916
-0.000407626
0.000950259
-0.000954051
0.000407744
0.000687419
-0.000950262
0.000892709
-2.64618e-09
-0.000509972
0.001285
-0.00068742
-0.000509976
0.001285
-0.000950257
-0.000950256
0.0008927
-0.0008809
-0.000954054
0.000407743
-0.000123749
-0.000977933
-0.000407618
-0.000959622
0.000182758
0.000193632
-0.00104347
-0.000265936
0.00095202
-0.00103522
-0.0009879
0.000954059
-0.000952014
-0.000122838
0.000571743
-0.000880904
0.000407755
-3.671e-09
-0.000650922
0.00133932
-0.000571747
-0.000650925
0.00133931
-0.000954056
-0.000880899
0.000407746
-0.000952017
-0.000952015
-0.000122838
-0.000193632
-0.00103523
-0.000987908
-0.00104347
-0.000265939
0.000417573
-0.000530529
-0.00156586
0.00103524
-0.000417584
-0.0019445
0.000977955
-0.000193635
-0.000987909
0.000629667
-0.000123747
-0.00040761
-1.21086e-10
-0.000138555
0.000392725
-0.000629664
-0.000138557
0.000392721
-0.000977943
-0.000123749
-0.000407613
-0.00103523
-0.000193633
-0.000987908
-0.000417576
-0.000417578
-0.00194451
-0.000530529
-0.00156587
0.00053053
-0.00213363
0.00104347
-0.00156587
0.000959615
-0.000265937
0.00065022
0.000182766
-6.57469e-09
0.000522087
-0.000650231
0.000522083
-0.000959621
0.000182759
-0.00104347
-0.000265939
-0.000530529
-0.00156587
-0.00213363
0.000556525
0.000556522
-0.00324667
0.00117185
0.000398447
-0.00257964
0.000888184
0.000262366
-0.000244628
0.000663321
0.000102786
0.000304847
2.35459e-09
9.36875e-05
0.00109172
-0.000663315
9.36844e-05
0.00109171
-0.000888177
0.000102782
0.000304842
-0.00117185
0.000262362
-0.00024462
-0.000556526
0.000398448
-0.00257963
0.00055652
-0.00324667
0.000398446
0.00117185
-0.00257964
0.000670311
0.000670371
-0.00248828
0.000563774
0.000777028
-0.00139602
0.000410029
0.0010715
-0.0012226
1.82813e-08
0.000635122
0.00026129
-0.000409997
0.000635131
0.000261279
-0.000563731
0.00107151
-0.00122262
-0.000670275
0.00077704
-0.00139603
-0.000398446
0.000670415
-0.0024883
0.00117185
-0.00257965
0.000262374
0.000888186
-0.000244642
0.000777023
0.000563836
-0.00139602
0.000589535
0.000589536
0.000252141
0.000299375
0.000918178
0.000851244
-2.87291e-09
0.000490589
0.00178324
-0.000299374
0.000490597
0.00178322
-0.000589527
0.000918181
0.000851233
-0.000777015
0.000589547
0.000252143
-0.00026238
0.00056388
-0.00139601
0.000888187
-0.000244655
0.000102789
0.000663323
0.000304843
0.00107151
0.000410072
-0.00122258
0.000918182
0.000299384
0.000851235
0.000656747
0.000656747
0.00141559
-3.22032e-09
0.000531199
0.0019011
-0.000656747
0.000531203
0.0019011
-0.000918177
0.000656743
0.00141558
-0.00107151
0.000299391
0.000851243
-0.000102791
0.000410094
-0.00122255
0.000663324
0.000304839
9.36913e-05
3.90654e-09
0.00109172
0.000635127
3.43701e-08
0.000261322
0.000490594
9.07675e-10
0.00178325
0.000531202
-1.70113e-09
0.00190111
1.62019e-09
-7.29701e-09
0.00256604
-0.000531201
-5.0516e-09
0.00256607
-0.000490602
-2.41145e-09
0.00190114
-0.000635133
1.63173e-10
0.00178325
-9.3692e-05
3.26113e-08
0.000261347
4.07141e-09
0.00109172
9.36858e-05
-0.000663313
0.00109171
0.000635139
-0.00041001
0.000261305
0.000490608
-0.000299375
0.00178322
0.000531213
-0.000656744
0.00190111
4.09954e-09
-0.000531208
0.00256608
-0.000531209
-0.00053121
0.00256611
-0.000490614
-0.000656742
0.00190114
-0.000635143
-0.000299383
0.00178322
-9.36865e-05
-0.00041003
0.000261328
-0.000663313
0.00109171
0.000102783
-0.000888176
0.00030484
0.00107152
-0.000563755
-0.00122261
0.000918186
-0.000589524
0.000851223
0.000656744
-0.000918171
0.00141558
-3.79529e-09
-0.000490604
0.00190114
-0.000656745
-0.000490611
0.00190115
-0.00091818
-0.000918176
0.00141557
-0.00107151
-0.000589539
0.000851231
-0.000102785
-0.000563793
-0.00122258
-0.000888176
0.000304836
0.000262364
-0.00117185
-0.000244624
0.000777041
-0.000670298
-0.00139603
0.000589552
-0.000777013
0.000252141
0.000299385
-0.0010715
0.000851255
-4.56746e-09
-0.000635131
0.00178324
-0.000299386
-0.000635139
0.00178322
-0.000589547
-0.00107151
0.000851241
-0.000777032
-0.000777024
0.000252133
-0.000262369
-0.000670332
-0.00139603
-0.00117185
-0.000244634
0.000398447
-0.000556524
-0.00257964
0.000670388
-0.000398446
-0.0024883
0.000563852
-0.000262376
-0.00139601
0.000410066
-0.000102789
-0.00122254
1.29832e-08
-9.36886e-05
0.000261335
-0.000410039
-9.36858e-05
0.00026132
-0.000563813
-0.000102786
-0.00122256
-0.000670351
-0.00026237
-0.00139602
-0.000398446
-0.000398446
-0.0024883
-0.000556523
-0.00257964
0.000556521
-0.00324667
0.00117185
-0.00257965
0.000888185
-0.000244647
0.000663321
0.00030484
1.97787e-09
0.00109172
-0.000663315
0.00109171
-0.000888178
0.000304836
-0.00117185
-0.000244637
-0.000556522
-0.00257964
-0.00324667
0.000244521
0.000244523
-0.00373572
0.000780406
7.13534e-06
-0.00312266
0.000700781
0.000300553
-0.000465556
0.000638083
6.01435e-06
0.00036153
1.90794e-09
5.09229e-05
0.00167888
-0.000638077
5.09234e-05
0.00167887
-0.00070077
5.98978e-06
0.000361546
-0.000780398
0.000300531
-0.000465523
-0.00024452
7.15253e-06
-0.00312266
0.000244523
-0.00373572
7.10847e-06
0.000780419
-0.00312265
9.31591e-05
9.32207e-05
-0.00266042
0.000131747
0.000470853
-0.00160491
1.67685e-06
0.000711775
-0.00179829
-3.17142e-08
0.000320776
-6.85461e-06
-1.68094e-06
0.000320779
-6.92773e-06
-0.000131698
0.000711748
-0.00179836
-9.3125e-05
0.000470859
-0.00160493
-7.09627e-06
9.32582e-05
-0.00266043
0.000780426
-0.00312265
0.000300574
0.000700798
-0.000465594
0.000470872
0.000131798
-0.0016049
0.000266303
0.00026629
0.000661274
0.000118438
0.000695267
0.00101562
-3.93268e-09
0.000266973
0.00195548
-0.000118437
0.000266978
0.00195546
-0.000266304
0.000695264
0.00101558
-0.000470879
0.000266307
0.00066127
-0.000300591
0.000131823
-0.00160487
0.000700806
-0.000465626
6.04446e-06
0.00063809
0.000361506
0.000711822
1.67974e-06
-0.00179824
0.000695287
0.000118446
0.00101561
0.000568271
0.000568274
0.0016696
1.76164e-09
0.000433475
0.00230287
-0.000568265
0.00043348
0.00230287
-0.00069529
0.000568276
0.00166959
-0.000711847
0.00011846
0.00101565
-6.06754e-06
1.69197e-06
-0.0017982
0.000638095
0.000361483
5.0929e-05
3.71148e-09
0.00167887
0.000320783
-5.15901e-08
-6.8004e-06
0.000266977
-2.19082e-09
0.0019555
0.000433475
6.83361e-09
0.00230288
1.91279e-09
-6.28749e-09
0.003433
-0.000433471
-2.47813e-09
0.00343303
-0.000266978
6.72269e-09
0.00230292
-0.000320783
-3.25994e-09
0.00195551
-5.09325e-05
-4.80978e-08
-6.76283e-06
4.14585e-09
0.00167888
5.09286e-05
-0.000638078
0.00167887
0.000320784
-1.68237e-06
-6.91881e-06
0.000266986
-0.00011844
0.00195546
0.000433488
-0.000568261
0.00230288
5.95485e-09
-0.000433478
0.00343303
-0.00043348
-0.000433479
0.00343308
-0.000266985
-0.000568265
0.00230292
-0.000320782
-0.000118454
0.00195547
-5.09312e-05
-1.68894e-06
-6.88139e-06
-0.000638081
0.00167887
5.99694e-06
-0.000700777
0.000361542
0.000711765
-0.00013171
-0.00179835
0.000695276
-0.000266298
0.00101557
0.000568279
-0.000695277
0.00166959
1.92828e-09
-0.000266975
0.00230292
-0.000568273
-0.00026698
0.00230292
-0.000695279
-0.000695277
0.00166959
-0.000711788
-0.000266319
0.0010156
-6.01793e-06
-0.000131735
-0.00179831
-0.000700783
0.00036152
0.000300534
-0.000780405
-0.00046553
0.000470872
-9.31504e-05
-0.00160493
0.000266321
-0.000470869
0.000661262
0.000118458
-0.000711826
0.00101567
-4.9972e-09
-0.000320775
0.0019555
-0.000118458
-0.000320777
0.00195547
-0.000266321
-0.000711801
0.00101563
-0.000470874
-0.000470875
0.000661242
-0.000300547
-9.31807e-05
-0.00160491
-0.000780411
-0.000465553
7.1405e-06
-0.000244521
-0.00312266
9.32294e-05
-7.10929e-06
-0.00266043
0.000131797
-0.000300577
-0.00160487
1.69278e-06
-6.0544e-06
-0.00179821
-3.03954e-08
-5.09272e-05
-6.78918e-06
-1.69467e-06
-5.09276e-05
-6.86476e-06
-0.000131753
-6.03086e-06
-0.00179828
-9.31966e-05
-0.000300555
-0.0016049
-7.12959e-06
-7.12414e-06
-0.00266042
-0.000244522
-0.00312266
0.000244523
-0.00373572
0.000780421
-0.00312265
0.000700799
-0.000465603
0.000638091
0.000361494
9.22762e-10
0.00167888
-0.000638085
0.00167887
-0.000700787
0.000361507
-0.000780414
-0.000465565
-0.000244522
-0.00312266
-0.00373572
0.000116024
0.000116023
-0.00396776
0.000566252
-0.000237298
-0.00333559
0.000533974
0.000472646
-0.000905923
0.000646618
0.000404809
-0.000155923
1.06232e-08
0.000256961
0.00206852
-0.000646604
0.000257004
0.00206848
-0.00053396
0.000404793
-0.000155891
-0.000566242
0.000472627
-0.000905868
-0.000116024
-0.000237273
-0.00333561
0.000116023
-0.00396776
-0.000237339
0.000566277
-0.00333556
-0.000246871
-0.000246802
-0.00264139
-4.97434e-05
0.000330208
-0.0016596
9.71902e-05
0.000363533
-0.00190395
-3.53686e-09
0.000113185
0.000234115
-9.71832e-05
0.000113218
0.000234037
4.97656e-05
0.000363495
-0.00190401
0.000246902
0.000330162
-0.0016596
0.000237356
-0.000246765
-0.00264139
0.000566291
-0.00333556
0.000472656
0.000534002
-0.000905975
0.000330302
-4.97256e-05
-0.00165962
0.000151448
0.000151359
0.00101898
0.00012864
0.000398167
0.00100379
-1.73495e-09
6.11749e-05
0.00213614
-0.000128638
6.11906e-05
0.00213612
-0.000151501
0.000398156
0.00100379
-0.000330365
0.000151322
0.00101897
-0.000472666
-4.97269e-05
-0.00165961
0.000534018
-0.000906019
0.000404826
0.000646627
-0.000155946
0.000363594
9.71834e-05
-0.00190392
0.000398197
0.000128646
0.00100372
0.000481855
0.000481868
0.00150224
6.46322e-09
0.000343308
0.00250258
-0.000481842
0.000343313
0.00250259
-0.000398214
0.000481879
0.00150224
-0.000363639
0.000128657
0.00100374
-0.000404852
9.71866e-05
-0.0019039
0.000646632
-0.000155983
0.000256931
1.82717e-08
0.00206855
0.000113153
-2.8129e-09
0.000234164
6.11602e-05
-2.61099e-09
0.00213614
0.000343306
1.47377e-08
0.00250259
4.30258e-09
-1.21612e-09
0.00411961
-0.000343301
3.20453e-09
0.00411964
-6.11502e-05
1.56327e-08
0.00250263
-0.000113147
-3.2884e-09
0.00213617
-0.000256935
-1.90334e-09
0.000234214
1.7598e-08
0.00206855
0.000256993
-0.000646603
0.00206849
0.000113202
-9.71687e-05
0.000234038
6.11858e-05
-0.000128644
0.00213612
0.000343319
-0.000481844
0.00250261
9.17003e-09
-0.000343307
0.00411965
-0.000343309
-0.000343308
0.0041197
-6.11732e-05
-0.000481854
0.00250265
-0.000113189
-0.000128658
0.00213614
-0.000256988
-9.71722e-05
0.000234088
-0.000646607
0.00206851
0.000404786
-0.000533974
-0.000155874
0.000363519
4.97618e-05
-0.00190402
0.000398171
-0.000151474
0.00100375
0.00048188
-0.000398205
0.00150224
7.45609e-09
-6.11508e-05
0.00250264
-0.000481865
-6.11642e-05
0.00250265
-0.000398188
-0.000398198
0.00150225
-0.000363557
-0.000151446
0.00100376
-0.000404801
4.97589e-05
-0.00190399
-0.000533983
-0.000155905
0.000472623
-0.000566253
-0.000905874
0.000330199
0.000246867
-0.00165961
0.000151356
-0.000330335
0.00101897
0.000128659
-0.000363622
0.00100378
-1.61136e-09
-0.000113158
0.00213617
-0.000128657
-0.000113186
0.00213614
-0.000151406
-0.000363586
0.00100376
-0.000330253
-0.000330293
0.00101894
-0.00047263
0.000246833
-0.00165961
-0.000566262
-0.000905904
-0.000237288
-0.000116024
-0.0033356
-0.000246794
0.000237331
-0.00264138
-4.97409e-05
-0.000472661
-0.0016596
9.71933e-05
-0.000404847
-0.00190392
-3.23331e-09
-0.000256954
0.000234203
-9.71873e-05
-0.000256989
0.000234123
4.97576e-05
-0.000404826
-0.00190398
0.000246818
-0.000472642
-0.00165961
0.000237299
0.000237306
-0.00264138
-0.000116024
-0.0033356
0.000116023
-0.00396776
0.000566279
-0.00333558
0.000534003
-0.000905987
0.000646626
-0.000155975
8.61125e-09
0.00206854
-0.000646612
0.0020685
-0.000533985
-0.000155946
-0.000566266
-0.000905926
-0.000116024
-0.00333559
-0.00396776
6.13869e-05
6.13866e-05
-0.00409054
0.00048786
-0.000315771
-0.00344629
0.000312034
0.000510208
-0.00124031
0.000419249
0.000842567
-0.00110571
2.30485e-08
0.000549962
0.00193779
-0.00041923
0.000549998
0.00193774
-0.000312025
0.000842562
-0.00110566
-0.000487847
0.000510223
-0.00124027
-6.13874e-05
-0.000315754
-0.00344631
6.13866e-05
-0.00409054
-0.000315799
0.000487891
-0.00344627
-0.000387873
-0.000387825
-0.00249726
-0.000250746
0.000263661
-0.00155018
-0.000101759
0.000212937
-0.00142331
7.57295e-09
-3.70785e-05
0.000719389
0.000101761
-3.70466e-05
0.000719329
0.000250752
0.000212911
-0.00142335
0.00038789
0.000263603
-0.00155012
0.000315811
-0.000387804
-0.00249727
0.000487909
-0.00344627
0.000510182
0.000312073
-0.00124034
0.000263766
-0.000250738
-0.00155029
0.000192945
0.000192811
0.00116065
0.000236911
0.000234131
0.000938631
-5.40081e-09
-2.95287e-05
0.0023655
-0.000236917
-2.95109e-05
0.0023655
-0.000193033
0.000234122
0.000938692
-0.000263848
0.000192713
0.00116068
-0.000510162
-0.000250757
-0.00155034
0.000312104
-0.00124038
0.000842556
0.000419274
-0.0011057
0.000213008
-0.000101758
-0.00142335
0.000234167
0.00023689
0.000938485
0.000406927
0.000406946
0.00115666
9.51971e-09
0.000281724
0.00259825
-0.00040691
0.00028173
0.00259827
-0.000234203
0.00040696
0.0011567
-0.000213072
0.000236865
0.000938455
-0.000842548
-0.000101769
-0.00142341
0.000419294
-0.00110572
0.000549949
3.88425e-08
0.00193784
-3.70764e-05
8.37021e-09
0.000719422
-2.95373e-05
-1.39802e-08
0.00236551
0.000281723
2.23738e-08
0.00259825
7.01807e-09
5.80661e-09
0.00468304
-0.000281718
1.05257e-08
0.00468309
2.95408e-05
2.41578e-08
0.00259831
3.70409e-05
-1.523e-08
0.00236555
-0.00054998
5.61426e-09
0.00071946
3.60972e-08
0.00193783
0.000550003
-0.000419239
0.00193777
-3.7025e-05
0.000101752
0.000719323
-2.95075e-05
-0.000236907
0.00236549
0.000281735
-0.000406914
0.0025983
1.20817e-08
-0.000281724
0.0046831
-0.000281725
-0.000281724
0.00468318
2.95148e-05
-0.000406926
0.00259836
3.69978e-05
-0.000236892
0.00236553
-0.000550024
0.000101754
0.000719361
-0.000419259
0.00193778
0.000842552
-0.00031205
-0.00110561
0.000212955
0.000250744
-0.00142341
0.000234143
-0.000192994
0.000938646
0.000406957
-0.000234208
0.00115672
1.08629e-08
2.9536e-05
0.00259832
-0.000406939
2.95219e-05
0.00259836
-0.000234171
-0.000234197
0.00115676
-0.000213003
-0.000192915
0.000938617
-0.000842532
0.000250753
-0.00142346
-0.000312074
-0.00110562
0.000510213
-0.000487862
-0.00124028
0.000263642
0.000387861
-0.00155016
0.000192744
-0.000263834
0.0011607
0.000236861
-0.000213077
0.000938533
-4.89536e-09
3.70041e-05
0.00236557
-0.000236872
3.69789e-05
0.00236556
-0.000192835
-0.000213043
0.000938573
-0.000263717
-0.000263782
0.00116069
-0.000510199
0.000387838
-0.00155021
-0.000487877
-0.0012403
-0.000315762
-6.13876e-05
-0.00344631
-0.000387817
0.000315792
-0.00249726
-0.000250768
-0.000510184
-0.00155029
-0.000101775
-0.000842548
-0.00142344
5.80036e-09
-0.000550024
0.00071945
0.000101772
-0.000550052
0.000719388
0.000250765
-0.000842529
-0.00142349
0.000387825
-0.000510204
-0.00155025
0.000315769
0.000315775
-0.00249726
-6.13878e-05
-0.00344632
6.13871e-05
-0.00409054
0.000487894
-0.00344629
0.000312082
-0.00124036
0.000419277
-0.00110572
1.88703e-08
0.00193778
-0.00041926
0.00193773
-0.000312072
-0.00110566
-0.000487882
-0.00124032
-6.13876e-05
-0.00344631
-0.00409054
2.74506e-05
2.74506e-05
-0.00414544
0.000420848
-0.000374791
-0.00346489
0.000189159
0.000351271
-0.00135989
0.000122661
0.000304464
-0.00134367
4.16705e-08
0.000719494
0.00134091
-0.000122642
0.000719481
0.00134094
-0.00018917
0.000304492
-0.00134362
-0.000420835
0.000351285
-0.00135989
-2.74513e-05
-0.000374777
-0.00346492
2.74512e-05
-0.00414544
-0.000374824
0.000420884
-0.00346488
-0.000527943
-0.000527888
-0.00219104
-0.000511503
0.000144186
-0.00135954
-0.000472064
-0.000159161
-0.000999119
-1.84836e-09
-0.00017821
0.00114503
0.000472044
-0.000178194
0.00114496
0.000511499
-0.000159148
-0.000999167
0.000527968
0.000144099
-0.0013594
0.000374842
-0.000527871
-0.00219105
0.000420906
-0.00346488
0.000351261
0.000189194
-0.00135991
0.000144316
-0.000511507
-0.00135973
0.000254077
0.000253935
0.000941138
0.000349126
2.32409e-05
0.00066118
-1.57838e-08
-2.05546e-05
0.00255699
-0.000349146
-2.05307e-05
0.00255696
-0.000254207
2.33136e-05
0.000661291
-0.000144427
0.000253835
0.000941164
-0.000351245
-0.000511554
-0.00135984
0.000189236
-0.00135995
0.000304493
0.000122716
-0.00134372
-0.000159091
-0.000472092
-0.00099918
2.32106e-05
0.000349098
0.000661021
0.000219034
0.000219084
0.000764995
1.24863e-08
0.000210073
0.00258664
-0.00021902
0.000210083
0.00258669
-2.32585e-05
0.000219139
0.00076511
0.000158999
0.000349086
0.000660946
-0.00030453
-0.00047214
-0.000999292
0.00012276
-0.00134377
0.000719552
6.79034e-08
0.00134093
-0.00017817
-7.96552e-09
0.00114506
-2.05671e-05
-3.32566e-08
0.00255703
0.000210065
3.09485e-08
0.00258667
1.76639e-08
2.20536e-08
0.00510314
-0.000210053
2.5405e-08
0.00510321
2.05696e-05
3.10455e-08
0.00258679
0.000178126
-3.49511e-08
0.00255712
-0.000719615
-1.07797e-08
0.00114507
6.3349e-08
0.00134091
0.000719536
-0.000122679
0.00134098
-0.000178136
0.000472052
0.00114494
-2.05256e-05
-0.000349143
0.00255699
0.000210088
-0.000219048
0.00258676
2.15879e-08
-0.000210061
0.00510325
-0.00021007
-0.000210066
0.00510336
2.0533e-05
-0.000219095
0.00258689
0.000178092
-0.000349135
0.00255707
-0.000719601
0.000472088
0.00114496
-0.000122717
0.00134096
0.000304545
-0.000189201
-0.00134364
-0.000159064
0.000511498
-0.000999251
2.33528e-05
-0.000254186
0.000661272
0.000219147
-2.33321e-05
0.000765213
1.19038e-08
2.05595e-05
0.00258684
-0.000219127
2.05411e-05
0.00258689
-2.33811e-05
-2.33843e-05
0.0007653
0.000158996
-0.000254094
0.000661199
-0.000304571
0.000511528
-0.000999337
-0.000189234
-0.00134368
0.000351296
-0.000420856
-0.00135992
0.000144157
0.000527936
-0.00135946
0.000253895
-0.000144414
0.000941195
0.000349101
0.00015895
0.000661045
-1.50747e-08
0.000178102
0.00255714
-0.000349122
0.000178087
0.00255712
-0.000254019
0.000158952
0.000661133
-0.000144263
-0.000144336
0.000941171
-0.000351293
0.000527915
-0.00135957
-0.000420879
-0.00135995
-0.000374788
-2.74517e-05
-0.00346493
-0.000527884
0.000374825
-0.00219105
-0.000511558
-0.000351269
-0.00135977
-0.000472153
-0.000304559
-0.000999334
-3.55393e-09
-0.000719637
0.00114504
0.000472125
-0.000719628
0.00114497
0.000511538
-0.000304579
-0.000999368
0.000527897
-0.000351296
-0.00135965
0.000374803
0.000374813
-0.00219106
-2.74521e-05
-0.00346494
2.74515e-05
-0.00414544
0.000420889
-0.00346491
0.000189219
-0.00135996
0.00012272
-0.00134378
3.59432e-08
0.00134082
-0.000122699
0.00134084
-0.000189232
-0.00134371
-0.000420884
-0.00135996
-2.74519e-05
-0.00346493
-0.00414544
4.19653e-06
4.19701e-06
-0.00415383
0.000399224
-0.000431496
-0.00342843
0.000116909
0.000253943
-0.00133151
-0.000309114
8.63099e-05
-0.00100396
3.0924e-08
0.00045744
0.000574327
0.000309129
0.000457447
0.000574391
-0.000116918
8.63635e-05
-0.00100394
-0.000399211
0.000253933
-0.00133153
-4.19799e-06
-0.000431491
-0.00342844
4.1977e-06
-0.00415384
-0.000431526
0.000399258
-0.00342841
-0.000613845
-0.000613786
-0.00182643
-0.000628247
4.09957e-05
-0.00113219
-0.000529677
-0.000471045
-0.000540335
-1.90234e-09
-0.000340979
0.00141377
0.000529669
-0.000340918
0.00141365
0.000628262
-0.000470948
-0.000540448
0.000613885
4.09178e-05
-0.00113201
0.000431549
-0.000613776
-0.00182643
0.000399274
-0.00342841
0.000253964
0.000116938
-0.00133155
4.11015e-05
-0.00062823
-0.00113242
7.24972e-05
7.23842e-05
0.000878354
0.000234856
-0.000413382
0.000441159
-2.54559e-08
-5.21003e-05
0.00250299
-0.000234904
-5.20427e-05
0.00250297
-7.26291e-05
-0.000413205
0.000441273
-4.11823e-05
7.23287e-05
0.000878306
-0.000253959
-0.000628265
-0.00113257
0.000116979
-0.00133162
8.63149e-05
-0.000309074
-0.00100402
-0.000471077
-0.000529697
-0.000540321
-0.000413522
0.000234826
0.000441024
-0.000164872
-0.000164765
0.000267728
3.11861e-08
8.54916e-05
0.00228415
0.000164908
8.55175e-05
0.00228426
0.000413519
-0.000164657
0.000267951
0.000471033
0.000234831
0.000440929
-8.63467e-05
-0.000529767
-0.00054041
-0.000309029
-0.00100411
0.000457525
5.32148e-08
0.000574281
-0.00034096
3.05256e-09
0.00141385
-5.2135e-05
-4.35665e-08
0.00250308
8.545e-05
7.3742e-08
0.00228425
3.93514e-08
6.38272e-08
0.00527398
-8.54081e-05
6.24398e-08
0.00527412
5.21359e-05
6.77126e-08
0.00228452
0.000340926
-4.57458e-08
0.0025032
-0.000457585
-3.23973e-09
0.00141382
5.24193e-08
0.000574247
0.00045755
0.000309109
0.000574374
-0.000340844
0.000529688
0.00141364
-5.20248e-05
-0.000234917
0.00250305
8.55128e-05
0.000164861
0.00228444
3.88163e-08
-8.54205e-05
0.00527421
-8.54688e-05
-8.5445e-05
0.00527437
5.20343e-05
0.000164763
0.00228469
0.000340816
-0.000234918
0.00250317
-0.000457612
0.000529746
0.00141363
0.000309074
0.000574322
8.64092e-05
-0.00011694
-0.001004
-0.000470885
0.000628249
-0.000540517
-0.000413167
-7.26314e-05
0.000441268
-0.00016465
0.000413382
0.000268174
2.4629e-08
5.21054e-05
0.00228464
0.000164691
5.20574e-05
0.00228472
0.000413187
0.000413237
0.000268331
0.000470865
-7.25725e-05
0.000441175
-8.64262e-05
0.000628266
-0.000540566
-0.000116972
-0.00100406
0.000253954
-0.000399229
-0.00133158
4.09695e-05
0.000613859
-0.00113209
7.24204e-05
-4.11533e-05
0.000878266
0.000234872
0.000470936
0.00044104
-2.42738e-08
0.000340899
0.00250324
-0.000234911
0.000340847
0.00250321
-7.25375e-05
0.000470865
0.000441132
-4.10489e-05
-4.10846e-05
0.000878194
-0.000253968
0.00061384
-0.00113222
-0.000399249
-0.00133164
-0.000431504
-4.19975e-06
-0.00342846
-0.000613793
0.000431538
-0.00182644
-0.000628267
-0.000253961
-0.00113249
-0.000529782
-8.6386e-05
-0.000540497
-6.69637e-09
-0.000457563
0.00141373
0.000529765
-0.000457571
0.00141362
0.000628264
-8.64288e-05
-0.000540574
0.000613819
-0.000253972
-0.00113232
0.000431523
0.000431532
-0.00182646
-4.20134e-06
-0.00342847
4.19771e-06
-0.00415384
0.000399258
-0.00342843
0.000116971
-0.00133163
-0.00030905
-0.00100414
2.81593e-08
0.000574183
0.000309071
0.000574224
-0.000116981
-0.00100409
-0.000399254
-0.00133166
-4.19948e-06
-0.00342845
-0.00415384
-4.92447e-05
-4.92418e-05
-0.00405535
0.000314015
-0.000463766
-0.00332792
0.00012867
0.000185569
-0.00133174
-0.000298941
-5.17133e-05
-0.000524635
1.62639e-08
-9.79453e-06
0.000285164
0.000298939
-9.74801e-06
0.000285216
-0.000128671
-5.17246e-05
-0.000524602
-0.00031399
0.000185528
-0.00133174
4.9246e-05
-0.000463768
-0.00332791
-4.92446e-05
-0.00405534
-0.000463792
0.00031405
-0.00332791
-0.000653532
-0.000653499
-0.00144696
-0.000758511
-0.00010233
-0.000739308
-0.000666102
-0.000679376
-5.08075e-06
1.44789e-09
-0.000518141
0.00125602
0.000666084
-0.000518036
0.00125586
0.000758509
-0.000679388
-5.20994e-06
0.000653567
-0.000102437
-0.000739102
0.000463822
-0.000653511
-0.00144694
0.000314058
-0.00332789
0.000185604
0.000128695
-0.0013318
-0.000102235
-0.000758522
-0.000739559
-0.000282661
-0.000282711
0.00123916
-0.000178055
-0.000847288
0.000504465
-1.58731e-08
-0.000296092
0.0021029
0.000178023
-0.000295975
0.00210287
0.000282627
-0.000847196
0.000504478
0.000102216
-0.000282775
0.00123905
-0.000185586
-0.000758583
-0.000739698
0.000128737
-0.00133188
-5.16988e-05
-0.000298931
-0.000524697
-0.000679355
-0.000666115
-5.07238e-06
-0.000847352
-0.000178081
0.000504391
-0.000632613
-0.000632496
-0.000161803
6.3391e-08
-0.000160055
0.00151543
0.000632674
-0.000159996
0.00151567
0.000847354
-0.000632391
-0.000161534
0.000679348
-0.000178119
0.000504279
5.16976e-05
-0.000666184
-5.15878e-06
-0.000298885
-0.000524793
-9.77299e-06
2.89287e-08
0.000285094
-0.000518166
9.14579e-09
0.00125611
-0.000296163
-1.95192e-08
0.00210301
-0.000160161
1.37244e-07
0.00151561
7.01876e-08
1.2869e-07
0.00495357
0.000160241
1.21247e-07
0.00495383
0.000296145
1.23948e-07
0.00151611
0.000518128
-2.30083e-08
0.00210313
9.73187e-06
4.17832e-09
0.00125603
3.18168e-08
0.000285061
-9.6905e-06
0.000298939
0.000285155
-0.000517973
0.000666086
0.00125585
-0.000295938
0.000178033
0.00210296
-0.000160022
0.000632635
0.00151603
6.35194e-08
0.000160213
0.00495404
0.0001601
0.00016015
0.00495431
0.00029594
0.000632536
0.00151644
0.000517951
0.000178075
0.00210306
9.65941e-06
0.000666144
0.00125579
0.000298906
0.000285107
-5.17286e-05
-0.000128684
-0.000524647
-0.000679393
0.000758509
-5.27618e-06
-0.000847206
0.000282652
0.000504462
-0.000632418
0.000847298
-0.000161276
5.06817e-08
0.000296079
0.0015163
0.000632482
0.00029598
0.00151646
0.000847226
0.00084723
-0.000161108
0.000679391
0.000282719
0.000504366
5.17281e-05
0.00075855
-5.30889e-06
-0.000128715
-0.000524706
0.000185535
-0.000314002
-0.0013318
-0.000102422
0.00065356
-0.000739179
-0.00028277
0.000102294
0.00123897
-0.000178124
0.000679368
0.000504324
-1.6027e-08
0.000518079
0.00210313
0.000178101
0.000517993
0.00210308
0.000282744
0.000679385
0.000504334
0.000102392
0.000102382
0.00123888
-0.000185542
0.000653561
-0.000739302
-0.000314015
-0.00133188
-0.000463783
4.92432e-05
-0.00332792
-0.000653526
0.000463819
-0.00144696
-0.000758582
-0.000185552
-0.000739582
-0.000666194
5.17158e-05
-5.23346e-06
-2.39038e-09
9.73973e-06
0.00125587
0.00066617
9.70369e-06
0.00125574
0.000758564
5.17261e-05
-5.30913e-06
0.000653548
-0.000185538
-0.000739382
0.000463808
0.000463818
-0.00144698
4.92428e-05
-0.00332792
-4.92476e-05
-0.00405535
0.000314039
-0.0033279
0.000128738
-0.00133188
-0.000298871
-0.000524817
1.71129e-08
0.000285035
0.000298877
0.000285067
-0.000128738
-0.000524746
-0.000314023
-0.00133191
4.92461e-05
-0.00332791
-0.00405536
-2.27764e-05
-2.27801e-05
0.000199895
-0.000463996
0.000129147
0.000103211
-0.000236238
-0.000140257
-3.82742e-10
-0.000227847
0.000236223
-0.00022781
-0.000129128
-0.000140314
-0.000199857
0.000103153
2.27868e-05
-0.000463997
-2.27958e-05
-0.000464025
0.000199927
-0.000661958
-0.000661924
-0.000838412
-0.000186056
-0.000752963
-0.000659465
-2.28694e-08
-0.000681298
0.000752921
-0.000681225
0.000838402
-0.000659582
0.000662008
-0.000186188
0.000464067
-0.000661937
0.000199927
0.00010324
0.000129173
-0.000185989
-0.000838433
-0.00051483
-0.000514888
-0.000617538
-0.000915112
-1.82448e-08
-0.000673134
0.000617535
-0.000673079
0.000514866
-0.000915208
0.000186037
-0.000515025
-0.000103206
-0.000838485
0.000129208
-0.000140234
-0.00023623
-0.000659421
-0.000752995
-0.00091507
-0.000617578
-0.000879763
-0.000879777
3.26364e-08
-0.000477463
0.000879798
-0.000477434
0.000915119
-0.000879826
0.000659494
-0.00061768
0.000140264
-0.000753043
-0.00023618
-0.000227876
1.68188e-09
-0.000681358
-3.29619e-08
-0.000673201
-2.73195e-08
-0.00047757
5.88365e-08
8.77155e-08
1.64919e-07
0.000477671
1.4747e-07
0.000673244
5.21212e-08
0.00068138
-2.48344e-08
0.000227869
-3.00365e-08
9.1278e-09
-0.000227813
0.000236215
-0.000681233
0.000752919
-0.000673108
0.000617573
-0.000477497
0.000879829
7.12883e-08
0.000477646
0.000477588
0.000477607
0.000673165
0.000879872
0.000681268
0.000617677
0.000227816
0.000752961
0.000236186
-0.000140353
-0.000129126
-0.000659668
0.000838406
-0.000915298
0.000514945
-0.000879852
0.000915197
2.56064e-08
0.000673217
0.000879878
0.000673177
0.000915341
0.000915292
0.000659731
0.000515071
0.000140384
0.000838438
-0.000129138
0.000103141
-0.000199854
-0.000186226
0.00066201
-0.000515086
0.000186136
-0.000617737
0.000659612
-1.40752e-08
0.000681369
0.000617736
0.000681311
0.00051511
0.00065972
0.000186251
0.000186241
-0.000103127
0.000662009
-0.00019985
-0.000464015
2.27946e-05
-0.000661959
0.000464068
-0.000838477
-0.000103163
-0.000753038
0.000140324
-1.8709e-08
0.000227873
0.000752994
0.000227847
0.000838451
0.000140381
0.000661995
-0.000103123
0.00046405
0.000464064
2.28068e-05
-2.27987e-05
0.000199914
0.00012921
-0.00023616
5.95544e-09
0.00023616
-0.000129174
-0.000199874
2.28045e-05
)
;

boundaryField
{
    bottom
    {
        type            calculated;
        value           uniform 0;
    }
    atmosphere
    {
        type            calculated;
        value           nonuniform List<scalar> 0();
    }
    walls
    {
        type            calculated;
        value           uniform 0;
    }
    procBoundary3to2
    {
        type            processor;
        value           nonuniform List<scalar> 
100
(
-0.00400979
-0.00308659
-0.0013642
-1.89937e-05
0.000276773
0.000276803
-1.89368e-05
-0.00136416
-0.00308656
-0.00400976
-0.00308659
-0.0010511
-0.000273588
0.000428678
0.000956529
0.00095633
0.000428577
-0.000273366
-0.00105106
-0.00308655
-0.00136429
-0.00027382
0.00189683
0.000862821
0.00147722
0.00147717
0.000862773
0.00189672
-0.000273908
-0.00136437
-1.90595e-05
0.000428676
0.00086273
-0.000232444
0.000439965
0.000440255
-0.000232237
0.000862559
0.00042863
-1.91406e-05
0.000276738
0.000956635
0.00147731
0.000440147
0.00399828
0.00399866
0.000440654
0.00147733
0.000956525
0.000276741
0.000276754
0.000956318
0.00147723
0.000440645
0.00399899
0.00399933
0.000441041
0.00147725
0.000956248
0.000276746
-1.89528e-05
0.000428552
0.00086272
-0.000232091
0.000440855
0.000441036
-0.000231992
0.000862582
0.00042856
-1.89991e-05
-0.00136421
-0.000273417
0.00189664
0.00086256
0.00147726
0.0014772
0.000862532
0.00189657
-0.000273495
-0.00136429
-0.00308655
-0.00105107
-0.000273765
0.000428616
0.00095635
0.000956189
0.000428572
-0.000273561
-0.00105108
-0.00308652
-0.00400975
-0.00308654
-0.00136434
-1.91232e-05
0.000276743
0.00027676
-1.9031e-05
-0.00136434
-0.00308652
-0.00400974
)
;
    }
}


// ************************************************************************* //
