/*--------------------------------*- C++ -*----------------------------------*\
| =========                 |                                                 |
| \\      /  F ield         | OpenFOAM: The Open Source CFD Toolbox           |
|  \\    /   O peration     | Version:  2412                                  |
|   \\  /    A nd           | Website:  www.openfoam.com                      |
|    \\/     M anipulation  |                                                 |
\*---------------------------------------------------------------------------*/
FoamFile
{
    version     2.0;
    format      ascii;
    arch        "LSB;label=32;scalar=64";
    class       volScalarField;
    location    "0.27";
    object      p;
}
// * * * * * * * * * * * * * * * * * * * * * * * * * * * * * * * * * * * * * //

dimensions      [1 -1 -2 0 0 0 0];

internalField   nonuniform List<scalar> 
4000
(
13.9031
13.9142
13.9332
13.953
13.9669
13.9669
13.953
13.9332
13.9142
13.9031
13.9142
13.9266
13.9479
13.9702
13.9862
13.9862
13.9702
13.9479
13.9266
13.9142
13.9332
13.9479
13.9733
14.0004
14.0203
14.0203
14.0004
13.9733
13.9479
13.9332
13.953
13.9702
14.0004
14.0331
14.0578
14.0578
14.0331
14.0004
13.9702
13.953
13.9669
13.9862
14.0203
14.0578
14.0866
14.0866
14.0578
14.0203
13.9862
13.9669
13.9669
13.9862
14.0203
14.0578
14.0866
14.0866
14.0578
14.0203
13.9862
13.9669
13.953
13.9702
14.0004
14.0331
14.0578
14.0578
14.0331
14.0004
13.9702
13.953
13.9332
13.9479
13.9733
14.0004
14.0203
14.0203
14.0004
13.9733
13.9479
13.9332
13.9142
13.9266
13.9479
13.9702
13.9862
13.9862
13.9702
13.9479
13.9266
13.9142
13.9031
13.9142
13.9332
13.953
13.9669
13.9669
13.953
13.9332
13.9142
13.9031
13.6527
13.6643
13.6843
13.7053
13.7201
13.7201
13.7053
13.6843
13.6643
13.6527
13.6643
13.6774
13.6999
13.7238
13.7411
13.7411
13.7238
13.6999
13.6774
13.6643
13.6843
13.6999
13.7272
13.7565
13.7784
13.7784
13.7565
13.7272
13.6999
13.6843
13.7053
13.7238
13.7565
13.7923
13.82
13.82
13.7923
13.7565
13.7238
13.7053
13.7201
13.7411
13.7784
13.82
13.8531
13.8531
13.82
13.7784
13.7411
13.7201
13.7201
13.7411
13.7784
13.82
13.8531
13.8531
13.82
13.7784
13.7411
13.7201
13.7053
13.7238
13.7565
13.7923
13.82
13.82
13.7923
13.7565
13.7238
13.7053
13.6843
13.6999
13.7272
13.7565
13.7784
13.7784
13.7565
13.7272
13.6999
13.6843
13.6643
13.6774
13.6999
13.7238
13.7411
13.7411
13.7238
13.6999
13.6774
13.6643
13.6527
13.6643
13.6843
13.7053
13.7201
13.7201
13.7053
13.6843
13.6643
13.6527
13.3968
13.4095
13.4315
13.4547
13.4715
13.4715
13.4547
13.4315
13.4095
13.3968
13.4095
13.4239
13.4491
13.476
13.496
13.496
13.476
13.4491
13.4239
13.4095
13.4315
13.4491
13.48
13.5139
13.54
13.54
13.5139
13.48
13.4491
13.4315
13.4547
13.476
13.5139
13.5563
13.5906
13.5906
13.5563
13.5139
13.476
13.4547
13.4715
13.496
13.54
13.5906
13.6328
13.6328
13.5906
13.54
13.496
13.4715
13.4715
13.496
13.54
13.5906
13.6328
13.6328
13.5906
13.54
13.496
13.4715
13.4547
13.476
13.5139
13.5563
13.5906
13.5906
13.5563
13.5139
13.476
13.4547
13.4315
13.4491
13.48
13.5139
13.54
13.54
13.5139
13.48
13.4491
13.4315
13.4095
13.4239
13.4491
13.476
13.496
13.496
13.476
13.4491
13.4239
13.4095
13.3968
13.4095
13.4315
13.4547
13.4715
13.4715
13.4547
13.4315
13.4095
13.3968
13.1348
13.1492
13.1742
13.2009
13.2207
13.2207
13.2009
13.1742
13.1492
13.1348
13.1492
13.1657
13.1948
13.2264
13.2507
13.2507
13.2264
13.1948
13.1657
13.1492
13.1742
13.1948
13.2314
13.2724
13.3054
13.3054
13.2724
13.2314
13.1948
13.1742
13.2009
13.2264
13.2724
13.3256
13.3709
13.3709
13.3256
13.2724
13.2264
13.2009
13.2207
13.2507
13.3054
13.3709
13.4289
13.4289
13.3709
13.3054
13.2507
13.2207
13.2207
13.2507
13.3054
13.3709
13.4289
13.4289
13.3709
13.3054
13.2507
13.2207
13.2009
13.2264
13.2724
13.3256
13.3709
13.3709
13.3256
13.2724
13.2264
13.2009
13.1742
13.1948
13.2314
13.2724
13.3054
13.3054
13.2724
13.2314
13.1948
13.1742
13.1492
13.1657
13.1948
13.2264
13.2507
13.2507
13.2264
13.1948
13.1657
13.1492
13.1348
13.1492
13.1742
13.2009
13.2207
13.2207
13.2009
13.1742
13.1492
13.1348
12.8661
12.8825
12.9115
12.9429
12.967
12.967
12.9429
12.9115
12.8825
12.8661
12.8825
12.9019
12.9362
12.9743
13.0048
13.0048
12.9743
12.9362
12.9019
12.8825
12.9115
12.9362
12.9806
13.0318
13.075
13.075
13.0318
12.9806
12.9362
12.9115
12.9429
12.9743
13.0318
13.1008
13.1633
13.1633
13.1008
13.0318
12.9743
12.9429
12.967
13.0048
13.075
13.1633
13.2469
13.2469
13.1633
13.075
13.0048
12.967
12.967
13.0048
13.075
13.1633
13.2469
13.2469
13.1633
13.075
13.0048
12.967
12.9429
12.9743
13.0318
13.1008
13.1633
13.1633
13.1008
13.0318
12.9743
12.9429
12.9115
12.9362
12.9806
13.0318
13.075
13.075
13.0318
12.9806
12.9362
12.9115
12.8825
12.9019
12.9362
12.9743
13.0048
13.0048
12.9743
12.9362
12.9019
12.8825
12.8661
12.8825
12.9115
12.9429
12.967
12.967
12.9429
12.9115
12.8825
12.8661
12.5894
12.6084
12.6422
12.6795
12.7091
12.7091
12.6795
12.6422
12.6084
12.5894
12.6084
12.6312
12.6721
12.7186
12.7574
12.7574
12.7186
12.6721
12.6312
12.6084
12.6422
12.6721
12.7264
12.7913
12.8489
12.8489
12.7913
12.7264
12.6721
12.6422
12.6795
12.7186
12.7913
12.8824
12.9709
12.9709
12.8824
12.7913
12.7186
12.6795
12.7091
12.7574
12.8489
12.9709
13.0954
13.0954
12.9709
12.8489
12.7574
12.7091
12.7091
12.7574
12.8489
12.9709
13.0954
13.0954
12.9709
12.8489
12.7574
12.7091
12.6795
12.7186
12.7913
12.8824
12.9709
12.9709
12.8824
12.7913
12.7186
12.6795
12.6422
12.6721
12.7264
12.7913
12.8489
12.8489
12.7913
12.7264
12.6721
12.6422
12.6084
12.6312
12.6721
12.7186
12.7574
12.7574
12.7186
12.6721
12.6312
12.6084
12.5894
12.6084
12.6422
12.6795
12.7091
12.7091
12.6795
12.6422
12.6084
12.5894
12.3034
12.3253
12.3647
12.4089
12.4453
12.4453
12.4089
12.3647
12.3253
12.3034
12.3253
12.3522
12.4007
12.4576
12.5076
12.5076
12.4576
12.4007
12.3522
12.3253
12.3647
12.4007
12.467
12.5495
12.6267
12.6267
12.5495
12.467
12.4007
12.3647
12.4089
12.4576
12.5495
12.671
12.798
12.798
12.671
12.5495
12.4576
12.4089
12.4453
12.5076
12.6267
12.798
12.9869
12.9869
12.798
12.6267
12.5076
12.4453
12.4453
12.5076
12.6267
12.798
12.9869
12.9869
12.798
12.6267
12.5076
12.4453
12.4089
12.4576
12.5495
12.671
12.798
12.798
12.671
12.5495
12.4576
12.4089
12.3647
12.4007
12.467
12.5495
12.6267
12.6267
12.5495
12.467
12.4007
12.3647
12.3253
12.3522
12.4007
12.4576
12.5076
12.5076
12.4576
12.4007
12.3522
12.3253
12.3034
12.3253
12.3647
12.4089
12.4453
12.4453
12.4089
12.3647
12.3253
12.3034
12.0066
12.0316
12.0768
12.1289
12.1734
12.1734
12.1289
12.0768
12.0316
12.0066
12.0316
12.0629
12.1199
12.1889
12.2528
12.2528
12.1889
12.1199
12.0629
12.0316
12.0768
12.1199
12.1997
12.3038
12.4067
12.4067
12.3038
12.1997
12.1199
12.0768
12.1289
12.1889
12.3038
12.4657
12.649
12.649
12.4657
12.3038
12.1889
12.1289
12.1734
12.2528
12.4067
12.649
12.9396
12.9396
12.649
12.4067
12.2528
12.1734
12.1734
12.2528
12.4067
12.649
12.9396
12.9396
12.649
12.4067
12.2528
12.1734
12.1289
12.1889
12.3038
12.4657
12.649
12.649
12.4657
12.3038
12.1889
12.1289
12.0768
12.1199
12.1997
12.3038
12.4067
12.4067
12.3038
12.1997
12.1199
12.0768
12.0316
12.0629
12.1199
12.1889
12.2528
12.2528
12.1889
12.1199
12.0629
12.0316
12.0066
12.0316
12.0768
12.1289
12.1734
12.1734
12.1289
12.0768
12.0316
12.0066
11.6973
11.7253
11.7763
11.8366
11.89
11.89
11.8366
11.7763
11.7253
11.6973
11.7253
11.7611
11.8266
11.9093
11.99
11.99
11.9093
11.8266
11.7611
11.7253
11.7763
11.8266
11.9205
12.0499
12.1843
12.1843
12.0499
11.9205
11.8266
11.7763
11.8366
11.9093
12.0499
12.2637
12.5278
12.5278
12.2637
12.0499
11.9093
11.8366
11.89
11.99
12.1843
12.5278
12.9778
12.9778
12.5278
12.1843
11.99
11.89
11.89
11.99
12.1843
12.5278
12.9778
12.9778
12.5278
12.1843
11.99
11.89
11.8366
11.9093
12.0499
12.2637
12.5278
12.5278
12.2637
12.0499
11.9093
11.8366
11.7763
11.8266
11.9205
12.0499
12.1843
12.1843
12.0499
11.9205
11.8266
11.7763
11.7253
11.7611
11.8266
11.9093
11.99
11.99
11.9093
11.8266
11.7611
11.7253
11.6973
11.7253
11.7763
11.8366
11.89
11.89
11.8366
11.7763
11.7253
11.6973
11.3738
11.4044
11.4604
11.5284
11.591
11.591
11.5284
11.4604
11.4044
11.3738
11.4044
11.4442
11.5174
11.6141
11.714
11.714
11.6141
11.5174
11.4442
11.4044
11.4604
11.5174
11.6238
11.7801
11.9493
11.9493
11.7801
11.6238
11.5174
11.4604
11.5284
11.6141
11.7801
12.057
12.4339
12.4339
12.057
11.7801
11.6141
11.5284
11.591
11.714
11.9493
12.4339
13.1305
13.1305
12.4339
11.9493
11.714
11.591
11.591
11.714
11.9493
12.4339
13.1305
13.1305
12.4339
11.9493
11.714
11.591
11.5284
11.6141
11.7801
12.057
12.4339
12.4339
12.057
11.7801
11.6141
11.5284
11.4604
11.5174
11.6238
11.7801
11.9493
11.9493
11.7801
11.6238
11.5174
11.4604
11.4044
11.4442
11.5174
11.6141
11.714
11.714
11.6141
11.5174
11.4442
11.4044
11.3738
11.4044
11.4604
11.5284
11.591
11.591
11.5284
11.4604
11.4044
11.3738
11.0343
11.0668
11.1263
11.2006
11.2709
11.2709
11.2006
11.1263
11.0668
11.0343
11.0668
11.1096
11.1882
11.2973
11.4173
11.4173
11.2973
11.1882
11.1096
11.0668
11.1263
11.1882
11.3022
11.4822
11.681
11.681
11.4822
11.3022
11.1882
11.1263
11.2006
11.2973
11.4822
11.8281
12.3451
12.3451
11.8281
11.4822
11.2973
11.2006
11.2709
11.4173
11.681
12.3451
13.4171
13.4171
12.3451
11.681
11.4173
11.2709
11.2709
11.4173
11.681
12.3451
13.4171
13.4171
12.3451
11.681
11.4173
11.2709
11.2006
11.2973
11.4822
11.8281
12.3451
12.3451
11.8281
11.4822
11.2973
11.2006
11.1263
11.1882
11.3022
11.4822
11.681
11.681
11.4822
11.3022
11.1882
11.1263
11.0668
11.1096
11.1882
11.2973
11.4173
11.4173
11.2973
11.1882
11.1096
11.0668
11.0343
11.0668
11.1263
11.2006
11.2709
11.2709
11.2006
11.1263
11.0668
11.0343
10.6777
10.7109
10.7716
10.849
10.9235
10.9235
10.849
10.7716
10.7109
10.6777
10.7109
10.755
10.8348
10.9519
11.0872
11.0872
10.9519
10.8348
10.755
10.7109
10.7716
10.8348
10.9477
11.1388
11.3413
11.3413
11.1388
10.9477
10.8348
10.7716
10.849
10.9519
11.1388
11.5352
12.1561
12.1561
11.5352
11.1388
10.9519
10.849
10.9235
11.0872
11.3413
12.1561
13.6722
13.6722
12.1561
11.3413
11.0872
10.9235
10.9235
11.0872
11.3413
12.1561
13.6722
13.6722
12.1561
11.3413
11.0872
10.9235
10.849
10.9519
11.1388
11.5352
12.1561
12.1561
11.5352
11.1388
10.9519
10.849
10.7716
10.8348
10.9477
11.1388
11.3413
11.3413
11.1388
10.9477
10.8348
10.7716
10.7109
10.755
10.8348
10.9519
11.0872
11.0872
10.9519
10.8348
10.755
10.7109
10.6777
10.7109
10.7716
10.849
10.9235
10.9235
10.849
10.7716
10.7109
10.6777
10.303
10.3356
10.3949
10.4708
10.5437
10.5437
10.4708
10.3949
10.3356
10.303
10.3356
10.3785
10.4539
10.5706
10.7012
10.7012
10.5706
10.4539
10.3785
10.3356
10.3949
10.4539
10.5535
10.7259
10.8369
10.8369
10.7259
10.5535
10.4539
10.3949
10.4708
10.5706
10.7259
11.09
11.7177
11.7177
11.09
10.7259
10.5706
10.4708
10.5437
10.7012
10.8369
11.7177
13.2146
13.2146
11.7177
10.8369
10.7012
10.5437
10.5437
10.7012
10.8369
11.7177
13.2146
13.2146
11.7177
10.8369
10.7012
10.5437
10.4708
10.5706
10.7259
11.09
11.7177
11.7177
11.09
10.7259
10.5706
10.4708
10.3949
10.4539
10.5535
10.7259
10.8369
10.8369
10.7259
10.5535
10.4539
10.3949
10.3356
10.3785
10.4539
10.5706
10.7012
10.7012
10.5706
10.4539
10.3785
10.3356
10.303
10.3356
10.3949
10.4708
10.5437
10.5437
10.4708
10.3949
10.3356
10.303
9.91029
9.9409
9.99646
10.0657
10.131
10.131
10.0657
9.99646
9.9409
9.91028
9.9409
9.98013
10.0449
10.1511
10.2374
10.2374
10.1511
10.0449
9.98013
9.9409
9.99646
10.0449
10.1207
10.2191
10.1652
10.1652
10.2191
10.1207
10.0449
9.99646
10.0657
10.1511
10.2191
10.4315
10.9351
10.9351
10.4315
10.2191
10.1511
10.0657
10.131
10.2374
10.1652
10.9351
11.0629
11.0629
10.9351
10.1652
10.2374
10.131
10.131
10.2374
10.1652
10.9351
11.0629
11.0629
10.9351
10.1652
10.2374
10.131
10.0657
10.1511
10.2191
10.4315
10.9351
10.9351
10.4315
10.2191
10.1511
10.0657
9.99646
10.0449
10.1207
10.2191
10.1652
10.1652
10.2191
10.1207
10.0449
9.99646
9.9409
9.98013
10.0449
10.1511
10.2374
10.2374
10.1511
10.0449
9.98013
9.9409
9.91028
9.9409
9.99646
10.0657
10.131
10.131
10.0657
9.99646
9.9409
9.91028
9.49997
9.52782
9.57925
9.63785
9.6932
9.6932
9.63785
9.57925
9.52782
9.49997
9.52782
9.56155
9.61221
9.69665
9.70621
9.70621
9.69665
9.61221
9.56155
9.52782
9.57925
9.61221
9.66494
9.64454
9.4327
9.4327
9.64454
9.66494
9.61221
9.57925
9.63785
9.69665
9.64454
9.61423
9.67951
9.67952
9.61422
9.64454
9.69665
9.63785
9.6932
9.70621
9.4327
9.67951
8.85062
8.85062
9.67952
9.4327
9.7062
9.6932
9.6932
9.70621
9.4327
9.67952
8.85062
8.85063
9.67952
9.4327
9.7062
9.6932
9.63785
9.69665
9.64454
9.61422
9.67952
9.67952
9.61422
9.64454
9.69665
9.63785
9.57925
9.61221
9.66494
9.64454
9.4327
9.4327
9.64454
9.66494
9.61221
9.57925
9.52782
9.56155
9.61221
9.69665
9.7062
9.7062
9.69665
9.61221
9.56155
9.52782
9.49997
9.52782
9.57925
9.63785
9.6932
9.6932
9.63785
9.57925
9.52782
9.49997
9.07306
9.09818
9.14784
9.1958
9.24451
9.24451
9.1958
9.14784
9.09817
9.07306
9.09818
9.12641
9.16632
9.22299
9.18066
9.18066
9.22299
9.16632
9.12641
9.09817
9.14784
9.16632
9.19945
9.09656
8.83334
8.83334
9.09656
9.19945
9.16632
9.14784
9.1958
9.22299
9.09656
8.8614
8.43497
8.43497
8.86139
9.09656
9.22299
9.1958
9.24451
9.18066
8.83334
8.43497
8.09601
8.09602
8.43497
8.83333
9.18066
9.24451
9.24451
9.18066
8.83334
8.43497
8.09602
8.09602
8.43497
8.83333
9.18066
9.24451
9.1958
9.22299
9.09656
8.86139
8.43497
8.43497
8.86139
9.09655
9.22299
9.1958
9.14784
9.16632
9.19945
9.09656
8.83333
8.83333
9.09655
9.19944
9.16632
9.14784
9.09817
9.12641
9.16632
9.22299
9.18066
9.18066
9.22299
9.16632
9.12641
9.09817
9.07306
9.09817
9.14784
9.1958
9.24451
9.24451
9.1958
9.14784
9.09817
9.07306
8.63039
8.65372
8.70709
8.74908
8.80463
8.80463
8.74908
8.70709
8.65372
8.63038
8.65372
8.67848
8.72001
8.75297
8.7299
8.7299
8.75297
8.72001
8.67848
8.65372
8.70709
8.72001
8.757
8.64931
8.43131
8.43131
8.6493
8.757
8.72001
8.70709
8.74908
8.75297
8.64931
8.36189
7.94484
7.94484
8.36188
8.6493
8.75297
8.74908
8.80463
8.7299
8.43131
7.94484
8.97387
8.97387
7.94482
8.4313
8.7299
8.80463
8.80463
8.7299
8.43131
7.94484
8.97387
8.97388
7.94482
8.4313
8.7299
8.80463
8.74908
8.75297
8.6493
8.36188
7.94482
7.94482
8.36186
8.6493
8.75297
8.74907
8.70709
8.72001
8.757
8.6493
8.4313
8.4313
8.6493
8.757
8.72001
8.70709
8.65372
8.67848
8.72001
8.75297
8.7299
8.7299
8.75297
8.72001
8.67848
8.65372
8.63038
8.65372
8.70709
8.74908
8.80463
8.80463
8.74907
8.70709
8.65372
8.63038
8.17199
8.19483
8.25888
8.3013
8.38035
8.38035
8.3013
8.25888
8.19483
8.17199
8.19483
8.2188
8.2784
8.30053
8.35814
8.35814
8.30053
8.2784
8.2188
8.19483
8.25888
8.2784
8.35692
8.30694
8.30193
8.30193
8.30693
8.35692
8.2784
8.25888
8.3013
8.30053
8.30694
8.08245
7.98051
7.98051
8.08244
8.30694
8.30053
8.3013
8.38035
8.35814
8.30193
7.98051
8.22923
8.22923
7.98048
8.30192
8.35813
8.38035
8.38035
8.35814
8.30193
7.98051
8.22923
8.22922
7.98048
8.30192
8.35813
8.38035
8.3013
8.30053
8.30693
8.08244
7.98048
7.98048
8.08243
8.30693
8.30053
8.3013
8.25888
8.2784
8.35692
8.30694
8.30192
8.30192
8.30693
8.35691
8.2784
8.25888
8.19483
8.2188
8.2784
8.30053
8.35813
8.35813
8.30053
8.2784
8.2188
8.19483
8.17199
8.19483
8.25888
8.3013
8.38035
8.38035
8.3013
8.25888
8.19483
8.17199
7.69668
7.7197
7.8002
7.84728
7.9668
7.9668
7.84727
7.8002
7.7197
7.69668
7.7197
7.74416
7.83536
7.85145
8.0161
8.0161
7.85145
7.83536
7.74416
7.7197
7.8002
7.83536
7.99009
8.03254
8.42311
8.42311
8.03254
7.99009
7.83535
7.8002
7.84728
7.85145
8.03254
7.85443
8.02244
8.02243
7.85443
8.03254
7.85145
7.84727
7.9668
8.0161
8.42311
8.02244
5.7778
5.7778
8.02243
8.42311
8.0161
7.9668
7.9668
8.0161
8.42311
8.02243
5.7778
5.7778
8.02243
8.4231
8.0161
7.9668
7.84727
7.85145
8.03254
7.85443
8.02243
8.02243
7.85443
8.03254
7.85145
7.84727
7.8002
7.83536
7.99009
8.03254
8.4231
8.4231
8.03254
7.99009
7.83535
7.8002
7.7197
7.74416
7.83535
7.85145
8.0161
8.0161
7.85145
7.83535
7.74416
7.7197
7.69668
7.7197
7.8002
7.84727
7.9668
7.9668
7.84727
7.8002
7.7197
7.69667
7.20217
7.22458
7.32331
7.3747
7.54729
7.54729
7.3747
7.32331
7.22458
7.20217
7.22458
7.24824
7.37672
7.38112
7.64708
7.64708
7.38112
7.37672
7.24824
7.22458
7.32331
7.37672
7.6187
7.75427
8.61755
8.61755
7.75427
7.6187
7.37672
7.32331
7.3747
7.38112
7.75427
7.45567
7.80011
7.8001
7.45568
7.75427
7.38112
7.3747
7.54729
7.64708
8.61755
7.80011
9.84714
9.84714
7.80013
8.61755
7.64708
7.54729
7.54729
7.64708
8.61755
7.8001
9.84714
9.84714
7.80012
8.61756
7.64708
7.54729
7.3747
7.38112
7.75427
7.45568
7.80013
7.80012
7.4557
7.75427
7.38113
7.3747
7.32331
7.37672
7.6187
7.75427
8.61755
8.61756
7.75427
7.6187
7.37672
7.32331
7.22458
7.24824
7.37672
7.38112
7.64708
7.64708
7.38113
7.37672
7.24824
7.22458
7.20217
7.22458
7.32331
7.3747
7.54729
7.54729
7.3747
7.32331
7.22458
7.20217
6.68588
6.70503
6.81741
6.86732
7.08871
7.08871
6.86732
6.81741
6.70503
6.68588
6.70503
6.72446
6.88491
6.8712
7.22484
7.22484
6.8712
6.88491
6.72446
6.70503
6.81741
6.88491
7.1876
7.38305
8.40156
8.40156
7.38305
7.1876
6.88491
6.81741
6.86732
6.8712
7.38305
6.87229
7.10835
7.10835
6.8723
7.38305
6.8712
6.86732
7.08871
7.22484
8.40156
7.10835
8.8855
8.88551
7.10836
8.40157
7.22484
7.08871
7.08871
7.22484
8.40156
7.10835
8.88551
8.88551
7.10836
8.40157
7.22484
7.08871
6.86732
6.8712
7.38305
6.8723
7.10836
7.10836
6.87231
7.38306
6.8712
6.86732
6.81741
6.88491
7.1876
7.38305
8.40157
8.40157
7.38306
7.1876
6.88491
6.81741
6.70503
6.72446
6.88491
6.8712
7.22484
7.22484
6.8712
6.88491
6.72446
6.70503
6.68588
6.70503
6.81741
6.86732
7.08871
7.08871
6.86732
6.81741
6.70503
6.68588
6.14617
6.15766
6.27214
6.31123
6.56033
6.56033
6.31123
6.27214
6.15766
6.14617
6.15766
6.16815
6.34594
6.31158
6.81081
6.81081
6.31158
6.34595
6.16815
6.15766
6.27214
6.34594
6.65062
6.89763
7.82087
7.82087
6.89763
6.65062
6.34595
6.27214
6.31123
6.31158
6.89763
6.2949
6.60807
6.60807
6.2949
6.89763
6.31158
6.31123
6.56033
6.81081
7.82087
6.60807
9.09529
9.09529
6.60808
7.82088
6.81081
6.56033
6.56033
6.81081
7.82087
6.60807
9.09529
9.09529
6.60808
7.82088
6.81081
6.56033
6.31123
6.31158
6.89763
6.2949
6.60808
6.60808
6.29491
6.89763
6.31158
6.31123
6.27214
6.34595
6.65062
6.89763
7.82088
7.82088
6.89763
6.65062
6.34595
6.27214
6.15766
6.16815
6.34595
6.31158
6.81081
6.81081
6.31158
6.34595
6.16815
6.15766
6.14617
6.15766
6.27214
6.31123
6.56033
6.56033
6.31123
6.27214
6.15766
6.14617
5.58379
5.58179
5.68139
5.69634
5.95567
5.95567
5.69634
5.68139
5.58179
5.58379
5.58179
5.57662
5.7498
5.68404
6.44536
6.44536
5.68404
5.7498
5.57662
5.58179
5.68139
5.7498
5.99389
6.28009
7.32636
7.32636
6.28009
5.99389
5.7498
5.68139
5.69634
5.68404
6.28009
5.61715
6.11466
6.11466
5.61716
6.28009
5.68404
5.69634
5.95567
6.44536
7.32636
6.11466
7.26748
7.26747
6.11466
7.32636
6.44536
5.95567
5.95567
6.44536
7.32636
6.11466
7.26748
7.26748
6.11466
7.32636
6.44536
5.95567
5.69634
5.68404
6.28009
5.61716
6.11466
6.11466
5.61716
6.28009
5.68404
5.69634
5.68139
5.7498
5.99389
6.28009
7.32636
7.32636
6.28009
5.99389
5.7498
5.68139
5.58179
5.57662
5.7498
5.68404
6.44536
6.44536
5.68404
5.7498
5.57662
5.58179
5.58379
5.58179
5.68139
5.69634
5.95567
5.95567
5.69634
5.68139
5.58179
5.58379
5.0032
4.98041
5.0442
5.01078
5.25897
5.25898
5.01078
5.0442
4.98041
5.0032
4.98041
4.94917
5.08451
4.95674
6.03644
6.03644
4.95674
5.08451
4.94917
4.98041
5.0442
5.08451
5.18074
5.40952
6.45644
6.45645
5.40952
5.18074
5.08451
5.0442
5.01078
4.95674
5.40952
4.43626
4.82566
4.82566
4.43626
5.40951
4.95673
5.01078
5.25897
6.03644
6.45644
4.82566
-8.32404
-8.32405
4.82566
6.45644
6.03644
5.25897
5.25897
6.03644
6.45644
4.82566
-8.32405
-8.32405
4.82566
6.45645
6.03644
5.25897
5.01078
4.95674
5.40952
4.43626
4.82566
4.82566
4.43626
5.40951
4.95673
5.01078
5.0442
5.08451
5.18074
5.40951
6.45644
6.45645
5.40951
5.18074
5.08451
5.0442
4.98041
4.94917
5.08451
4.95673
6.03644
6.03644
4.95673
5.08451
4.94917
4.98041
5.0032
4.98041
5.0442
5.01078
5.25897
5.25897
5.01078
5.0442
4.98041
5.0032
4.41347
4.36208
4.36675
4.25013
4.4394
4.4394
4.25013
4.36675
4.36208
4.41347
4.36208
4.2909
4.34274
4.10065
5.41552
5.41552
4.10065
4.34274
4.2909
4.36208
4.36675
4.34274
4.16068
4.10823
4.44452
4.44452
4.10823
4.16068
4.34274
4.36675
4.25013
4.10065
4.10823
2.71107
2.39342
2.39342
2.71105
4.10823
4.10065
4.25013
4.4394
5.41552
4.44452
2.39342
-11.4694
-11.4694
2.39342
4.44452
5.41552
4.4394
4.4394
5.41552
4.44452
2.39342
-11.4694
-11.4694
2.39342
4.44452
5.41552
4.4394
4.25013
4.10065
4.10823
2.71105
2.39342
2.39342
2.71104
4.10823
4.10065
4.25013
4.36675
4.34274
4.16068
4.10823
4.44452
4.44452
4.10823
4.16068
4.34274
4.36675
4.36208
4.2909
4.34274
4.10065
5.41552
5.41552
4.10065
4.34274
4.2909
4.36208
4.41347
4.36208
4.36675
4.25013
4.4394
4.4394
4.25013
4.36675
4.36208
4.41347
3.82896
3.74306
3.6693
3.43891
3.49951
3.49951
3.43891
3.6693
3.74306
3.82896
3.74306
3.61849
3.5381
3.10315
4.13813
4.13813
3.10315
3.5381
3.61849
3.74306
3.6693
3.5381
2.99175
2.30539
1.88433
1.88433
2.30539
2.99175
3.5381
3.6693
3.43891
3.10315
2.30539
0.978557
1.63968
1.63966
0.978537
2.30538
3.10315
3.43891
3.49951
4.13813
1.88433
1.63968
53.208
53.208
1.63966
1.88433
4.13812
3.49951
3.49951
4.13813
1.88433
1.63966
53.208
53.208
1.63964
1.88433
4.13812
3.49951
3.43891
3.10315
2.30539
0.978536
1.63966
1.63965
0.978516
2.30538
3.10315
3.43891
3.6693
3.5381
2.99175
2.30538
1.88433
1.88433
2.30538
2.99175
3.5381
3.6693
3.74306
3.61849
3.5381
3.10315
4.13812
4.13812
3.10315
3.5381
3.61849
3.74306
3.82896
3.74306
3.6693
3.43891
3.49951
3.49951
3.43891
3.6693
3.74306
3.82896
3.268
3.14552
2.98894
2.63986
2.5267
2.5267
2.63986
2.98894
3.14552
3.268
3.14552
2.9647
2.72406
2.07283
2.21568
2.21568
2.07283
2.72406
2.9647
3.14552
2.98894
2.72406
1.9181
0.342442
0.0648865
0.0648851
0.342441
1.9181
2.72406
2.98894
2.63985
2.07283
0.342441
-0.619223
2.91273
2.91273
-0.619224
0.342436
2.07283
2.63985
2.5267
2.21567
0.0648861
2.91273
1.68788
1.68788
2.91273
0.064882
2.21567
2.5267
2.5267
2.21568
0.0648846
2.91273
1.68788
1.68788
2.91273
0.0648804
2.21567
2.5267
2.63985
2.07283
0.34244
-0.619225
2.91273
2.91273
-0.619226
0.342435
2.07283
2.63985
2.98894
2.72406
1.9181
0.342436
0.0648824
0.0648809
0.342435
1.9181
2.72406
2.98894
3.14552
2.9647
2.72406
2.07283
2.21567
2.21567
2.07283
2.72406
2.9647
3.14552
3.268
3.14552
2.98894
2.63985
2.5267
2.5267
2.63985
2.98894
3.14552
3.268
2.75208
2.59899
2.37936
1.93871
1.66456
1.66456
1.93872
2.37936
2.59899
2.75208
2.59899
2.37104
1.99093
1.14304
0.259055
0.259055
1.14304
1.99093
2.37104
2.59899
2.37936
1.99093
1.26111
-0.99902
-0.709491
-0.709492
-0.999019
1.26111
1.99093
2.37936
1.93871
1.14304
-0.999021
-1.47608
-0.240506
-0.240506
-1.47607
-0.999022
1.14304
1.93871
1.66456
0.259054
-0.709491
-0.240506
-0.591598
-0.591599
-0.240504
-0.709493
0.259053
1.66456
1.66456
0.259054
-0.709492
-0.240506
-0.591599
-0.591599
-0.240504
-0.709494
0.259054
1.66456
1.93871
1.14304
-0.99902
-1.47607
-0.240504
-0.240504
-1.47606
-0.999021
1.14304
1.93871
2.37936
1.99093
1.26111
-0.999022
-0.709493
-0.709494
-0.999021
1.26111
1.99093
2.37936
2.59899
2.37104
1.99093
1.14304
0.259054
0.259054
1.14304
1.99093
2.37104
2.59899
2.75208
2.59899
2.37936
1.93871
1.66456
1.66456
1.93871
2.37936
2.59899
2.75208
2.29616
2.131
1.88491
1.41448
1.04075
1.04075
1.41448
1.88491
2.131
2.29616
2.131
1.8856
1.44117
0.538917
-0.901681
-0.901681
0.538919
1.44117
1.8856
2.131
1.88491
1.44117
0.786034
-1.20548
-1.52484
-1.52484
-1.20547
0.786033
1.44117
1.88491
1.41448
0.538916
-1.20548
-1.17921
-0.992102
-0.992103
-1.1792
-1.20547
0.538919
1.41448
1.04075
-0.901681
-1.52484
-0.992102
-0.609557
-0.609558
-0.992101
-1.52484
-0.90168
1.04075
1.04075
-0.901681
-1.52484
-0.992103
-0.609558
-0.609558
-0.992101
-1.52484
-0.90168
1.04075
1.41448
0.538918
-1.20548
-1.1792
-0.992101
-0.992101
-1.1792
-1.20547
0.53892
1.41448
1.88491
1.44117
0.786033
-1.20547
-1.52484
-1.52484
-1.20547
0.786033
1.44117
1.88491
2.131
1.8856
1.44117
0.538919
-0.90168
-0.90168
0.538921
1.44117
1.8856
2.131
2.29616
2.131
1.88491
1.41448
1.04075
1.04075
1.41448
1.88491
2.131
2.29616
1.91397
1.75263
1.50674
1.09063
0.678037
0.678037
1.09063
1.50674
1.75263
1.91397
1.75263
1.52133
1.06456
0.329637
-1.23295
-1.23295
0.329638
1.06456
1.52133
1.75263
1.50674
1.06456
0.525689
-0.947031
-1.55121
-1.55121
-0.94703
0.52569
1.06456
1.50674
1.09063
0.329636
-0.947031
-0.88019
-0.900347
-0.900347
-0.880187
-0.947029
0.329638
1.09063
0.678037
-1.23295
-1.55121
-0.900347
-0.49694
-0.49694
-0.900346
-1.5512
-1.23295
0.678038
0.678037
-1.23295
-1.55121
-0.900347
-0.49694
-0.49694
-0.900346
-1.5512
-1.23295
0.678038
1.09063
0.329637
-0.94703
-0.880187
-0.900346
-0.900346
-0.880184
-0.947028
0.329639
1.09063
1.50674
1.06456
0.52569
-0.947029
-1.5512
-1.5512
-0.947028
0.52569
1.06456
1.50674
1.75263
1.52133
1.06456
0.329639
-1.23295
-1.23295
0.32964
1.06456
1.52133
1.75263
1.91397
1.75263
1.50674
1.09063
0.678039
0.678039
1.09063
1.50674
1.75263
1.91397
1.60514
1.46159
1.24225
0.914029
0.53498
0.53498
0.914029
1.24225
1.46159
1.60514
1.46159
1.26853
0.857515
0.354832
-1.05071
-1.05071
0.354832
0.857515
1.26853
1.46159
1.24225
0.857515
0.415259
-0.588601
-1.07762
-1.07762
-0.588601
0.415259
0.857515
1.24225
0.914028
0.354831
-0.588601
-0.548593
-0.563264
-0.563264
-0.548592
-0.5886
0.354833
0.914029
0.53498
-1.05071
-1.07762
-0.563264
-0.34387
-0.34387
-0.563263
-1.07762
-1.05071
0.534981
0.53498
-1.05071
-1.07762
-0.563264
-0.34387
-0.34387
-0.563263
-1.07762
-1.05071
0.534981
0.914029
0.354832
-0.588601
-0.548592
-0.563263
-0.563263
-0.54859
-0.5886
0.354833
0.914029
1.24225
0.857515
0.415259
-0.588599
-1.07762
-1.07762
-0.588599
0.41526
0.857516
1.24225
1.46159
1.26853
0.857515
0.354833
-1.0507
-1.0507
0.354833
0.857516
1.26853
1.46159
1.60514
1.46159
1.24225
0.914029
0.534981
0.534981
0.914029
1.24225
1.46159
1.60514
1.35916
1.24195
1.06205
0.827584
0.509797
0.509797
0.827584
1.06205
1.24195
1.35916
1.24195
1.09991
0.771584
0.450059
-0.506684
-0.506683
0.450059
0.771584
1.09992
1.24195
1.06205
0.771584
0.413786
-0.185169
-0.502987
-0.502987
-0.185169
0.413786
0.771584
1.06205
0.827583
0.450059
-0.185169
-0.203284
-0.216333
-0.216333
-0.203284
-0.185168
0.450059
0.827584
0.509797
-0.506684
-0.502987
-0.216333
-0.0873037
-0.0873038
-0.216333
-0.502986
-0.506683
0.509797
0.509797
-0.506684
-0.502987
-0.216333
-0.0873037
-0.0873038
-0.216333
-0.502986
-0.506683
0.509797
0.827583
0.450059
-0.185169
-0.203284
-0.216333
-0.216333
-0.203283
-0.185168
0.450059
0.827584
1.06205
0.771584
0.413787
-0.185168
-0.502986
-0.502986
-0.185168
0.413787
0.771584
1.06205
1.24195
1.09992
0.771584
0.45006
-0.506683
-0.506683
0.45006
0.771584
1.09992
1.24195
1.35916
1.24195
1.06205
0.827584
0.509798
0.509798
0.827584
1.06205
1.24195
1.35916
1.16021
1.07371
0.936624
0.791347
0.547973
0.547973
0.791347
0.936624
1.07371
1.16021
1.07371
0.978376
0.742672
0.556142
-0.0247507
-0.0247507
0.556142
0.742673
0.978376
1.07371
0.936623
0.742672
0.466239
0.190949
0.0167303
0.0167304
0.190949
0.466239
0.742672
0.936624
0.791347
0.556141
0.190949
0.150886
0.109452
0.109452
0.150887
0.190949
0.556142
0.791347
0.547972
-0.0247511
0.0167302
0.109452
0.245949
0.245949
0.109452
0.0167304
-0.024751
0.547972
0.547972
-0.024751
0.0167303
0.109452
0.245949
0.245949
0.109453
0.0167305
-0.0247509
0.547972
0.791347
0.556142
0.190949
0.150887
0.109453
0.109453
0.150887
0.190949
0.556142
0.791347
0.936624
0.742673
0.466239
0.19095
0.0167306
0.0167306
0.190949
0.466239
0.742673
0.936624
1.07371
0.978376
0.742673
0.556142
-0.0247507
-0.0247507
0.556142
0.742673
0.978376
1.07371
1.16021
1.07371
0.936624
0.791347
0.547973
0.547973
0.791347
0.936624
1.07371
1.16021
0.991463
0.93457
0.837959
0.7615
0.587082
0.587082
0.7615
0.837959
0.93457
0.991464
0.93457
0.876656
0.725471
0.634856
0.317751
0.317751
0.634856
0.725472
0.876656
0.93457
0.837959
0.725471
0.536045
0.464115
0.389648
0.389648
0.464115
0.536046
0.725471
0.837959
0.7615
0.634856
0.464115
0.418828
0.380205
0.380205
0.418828
0.464115
0.634856
0.7615
0.587082
0.317751
0.389648
0.380205
0.503999
0.503999
0.380205
0.389648
0.317751
0.587082
0.587082
0.317751
0.389648
0.380205
0.503999
0.503999
0.380205
0.389648
0.317751
0.587082
0.7615
0.634856
0.464115
0.418828
0.380205
0.380205
0.418828
0.464114
0.634856
0.7615
0.837959
0.725471
0.536046
0.464115
0.389648
0.389648
0.464115
0.536046
0.725471
0.837959
0.93457
0.876656
0.725471
0.634856
0.317751
0.317751
0.634856
0.725472
0.876656
0.93457
0.991464
0.93457
0.83796
0.7615
0.587083
0.587083
0.7615
0.83796
0.93457
0.991464
0.839162
0.806254
0.7446
0.712613
0.598044
0.598044
0.712614
0.7446
0.806254
0.839162
0.806254
0.77718
0.693271
0.663669
0.526243
0.526243
0.663669
0.693272
0.777181
0.806254
0.7446
0.693271
0.591921
0.596055
0.607792
0.607792
0.596055
0.591921
0.693271
0.7446
0.712613
0.663669
0.596055
0.561257
0.605893
0.605893
0.561257
0.596055
0.663669
0.712613
0.598044
0.526243
0.607791
0.605893
0.673073
0.673073
0.605893
0.607792
0.526243
0.598044
0.598044
0.526243
0.607792
0.605893
0.673073
0.673073
0.605893
0.607792
0.526243
0.598044
0.712613
0.663669
0.596055
0.561257
0.605893
0.605893
0.561257
0.596055
0.663669
0.712613
0.7446
0.693271
0.591921
0.596055
0.607792
0.607792
0.596055
0.591921
0.693272
0.7446
0.806254
0.77718
0.693272
0.663669
0.526243
0.526243
0.663669
0.693272
0.777181
0.806254
0.839162
0.806254
0.7446
0.712614
0.598044
0.598044
0.712614
0.744601
0.806254
0.839162
0.692027
0.676481
0.641647
0.636076
0.565865
0.565865
0.636076
0.641647
0.676481
0.692027
0.676481
0.667294
0.631622
0.636278
0.600243
0.600243
0.636278
0.631622
0.667294
0.676481
0.641647
0.631622
0.598462
0.662066
0.686388
0.686388
0.662066
0.598462
0.631622
0.641647
0.636076
0.636278
0.662066
0.6331
0.699558
0.699558
0.6331
0.662066
0.636278
0.636076
0.565864
0.600243
0.686388
0.699558
0.724215
0.724215
0.699558
0.686388
0.600243
0.565865
0.565864
0.600243
0.686388
0.699558
0.724215
0.724215
0.699558
0.686388
0.600243
0.565865
0.636076
0.636278
0.662066
0.6331
0.699558
0.699558
0.6331
0.662066
0.636278
0.636076
0.641647
0.631622
0.598462
0.662066
0.686389
0.686389
0.662066
0.598462
0.631622
0.641647
0.676481
0.667294
0.631622
0.636278
0.600243
0.600243
0.636278
0.631622
0.667294
0.676481
0.692027
0.676481
0.641647
0.636076
0.565865
0.565865
0.636076
0.641648
0.676481
0.692027
0.545216
0.540926
0.524609
0.532097
0.491666
0.491666
0.532097
0.52461
0.540926
0.545216
0.540926
0.544133
0.537836
0.555716
0.574093
0.574093
0.555716
0.537836
0.544133
0.540926
0.524609
0.537836
0.541698
0.630071
0.654686
0.654686
0.630071
0.541698
0.537836
0.524609
0.532096
0.555716
0.630071
0.627837
0.666954
0.666954
0.627837
0.630071
0.555716
0.532097
0.491666
0.574093
0.654685
0.666954
0.640263
0.640263
0.666954
0.654686
0.574093
0.491666
0.491666
0.574093
0.654685
0.666954
0.640263
0.640263
0.666954
0.654686
0.574093
0.491666
0.532096
0.555716
0.630071
0.627837
0.666954
0.666954
0.627837
0.630071
0.555716
0.532097
0.524609
0.537836
0.541698
0.630071
0.654686
0.654686
0.630071
0.541698
0.537836
0.524609
0.540926
0.544133
0.537836
0.555716
0.574093
0.574093
0.555716
0.537836
0.544133
0.540926
0.545216
0.540926
0.52461
0.532097
0.491666
0.491666
0.532097
0.52461
0.540926
0.545216
0.392042
0.393972
0.387485
0.401437
0.382751
0.382751
0.401437
0.387485
0.393973
0.392042
0.393972
0.401834
0.410481
0.429107
0.469777
0.469777
0.429107
0.410481
0.401834
0.393973
0.387485
0.410481
0.419026
0.515589
0.518442
0.518442
0.51559
0.419026
0.410481
0.387485
0.401436
0.429107
0.515589
0.536031
0.528384
0.528384
0.536031
0.515589
0.429107
0.401437
0.382751
0.469777
0.518442
0.528384
0.447775
0.447775
0.528384
0.518443
0.469777
0.382751
0.382751
0.469777
0.518442
0.528384
0.447775
0.447775
0.528384
0.518442
0.469777
0.382751
0.401437
0.429107
0.515589
0.536031
0.528384
0.528384
0.536031
0.51559
0.429107
0.401437
0.387485
0.410481
0.419026
0.51559
0.518443
0.518443
0.51559
0.419026
0.410481
0.387485
0.393973
0.401834
0.410481
0.429107
0.469777
0.469777
0.429107
0.410481
0.401835
0.393973
0.392042
0.393973
0.387485
0.401437
0.382751
0.382751
0.401437
0.387485
0.393973
0.392042
0.239917
0.24355
0.243458
0.254337
0.246661
0.246661
0.254337
0.243459
0.24355
0.239917
0.24355
0.253486
0.265002
0.278117
0.313488
0.313488
0.278117
0.265002
0.253487
0.24355
0.243458
0.265002
0.279358
0.346426
0.336312
0.336312
0.346426
0.279358
0.265002
0.243459
0.254337
0.278117
0.346426
0.363739
0.29286
0.29286
0.363739
0.346426
0.278117
0.254337
0.246661
0.313487
0.336312
0.29286
0.168158
0.168158
0.29286
0.336313
0.313488
0.246661
0.246661
0.313487
0.336312
0.29286
0.168158
0.168158
0.29286
0.336312
0.313488
0.246661
0.254337
0.278117
0.346426
0.363739
0.29286
0.29286
0.363739
0.346426
0.278117
0.254337
0.243459
0.265002
0.279358
0.346426
0.336313
0.336313
0.346426
0.279358
0.265002
0.243459
0.24355
0.253487
0.265002
0.278117
0.313488
0.313488
0.278117
0.265002
0.253487
0.24355
0.239917
0.24355
0.243459
0.254337
0.246661
0.246661
0.254337
0.243459
0.24355
0.239917
0.0724201
0.0758045
0.0767439
0.0866035
0.0978679
0.0978679
0.0866035
0.076744
0.0758046
0.0724201
0.0758045
0.0820343
0.0910316
0.099893
0.124887
0.124887
0.099893
0.0910316
0.0820343
0.0758046
0.0767439
0.0910316
0.0916174
0.14208
0.119143
0.119143
0.14208
0.0916175
0.0910316
0.076744
0.0866035
0.099893
0.14208
0.157028
-0.0345955
-0.0345955
0.157028
0.14208
0.099893
0.0866035
0.0978678
0.124887
0.119143
-0.0345954
-0.192508
-0.192508
-0.0345954
0.119143
0.124887
0.0978679
0.0978678
0.124887
0.119143
-0.0345955
-0.192508
-0.192508
-0.0345955
0.119143
0.124887
0.0978679
0.0866035
0.099893
0.14208
0.157028
-0.0345954
-0.0345954
0.157028
0.14208
0.099893
0.0866035
0.0767439
0.0910316
0.0916175
0.14208
0.119143
0.119143
0.14208
0.0916175
0.0910317
0.076744
0.0758045
0.0820343
0.0910316
0.099893
0.124887
0.124887
0.099893
0.0910317
0.0820344
0.0758046
0.0724201
0.0758046
0.076744
0.0866035
0.0978679
0.0978679
0.0866035
0.076744
0.0758046
0.0724201
)
;

boundaryField
{
    bottom
    {
        type            calculated;
        value           nonuniform List<scalar> 
100
(
14.0257
14.0368
14.0559
14.0756
14.0895
14.0895
14.0756
14.0559
14.0368
14.0257
14.0368
14.0492
14.0705
14.0928
14.1088
14.1088
14.0928
14.0705
14.0492
14.0368
14.0559
14.0705
14.0959
14.123
14.1429
14.1429
14.123
14.0959
14.0705
14.0559
14.0756
14.0928
14.123
14.1557
14.1804
14.1804
14.1557
14.123
14.0928
14.0756
14.0895
14.1088
14.1429
14.1804
14.2093
14.2093
14.1804
14.1429
14.1088
14.0895
14.0895
14.1088
14.1429
14.1804
14.2093
14.2093
14.1804
14.1429
14.1088
14.0895
14.0756
14.0928
14.123
14.1557
14.1804
14.1804
14.1557
14.123
14.0928
14.0756
14.0559
14.0705
14.0959
14.123
14.1429
14.1429
14.123
14.0959
14.0705
14.0559
14.0368
14.0492
14.0705
14.0928
14.1088
14.1088
14.0928
14.0705
14.0492
14.0368
14.0257
14.0368
14.0559
14.0756
14.0895
14.0895
14.0756
14.0559
14.0368
14.0257
)
;
    }
    atmosphere
    {
        type            calculated;
        value           nonuniform List<scalar> 
100
(
0
0
0
0
0
0
0
0
0
0
0
0
0
0
-0.00720001
-0.00720004
0
0
0
0
0
0
0
0
-0.0788278
-0.0788279
0
0
0
0
0
0
0
-0.052822
-0.258803
-0.258803
-0.0528219
0
0
0
0
-0.00720004
-0.0788279
-0.258803
-0.434614
-0.434614
-0.258803
-0.0788278
-0.0072
0
0
-0.00720005
-0.0788279
-0.258803
-0.434614
-0.434614
-0.258803
-0.0788278
-0.00720001
0
0
0
0
-0.052822
-0.258803
-0.258803
-0.0528219
0
0
0
0
0
0
0
-0.0788278
-0.0788279
0
0
0
0
0
0
0
0
-0.00720001
-0.00720004
0
0
0
0
0
0
0
0
0
0
0
0
0
0
)
;
    }
    walls
    {
        type            calculated;
        value           nonuniform List<scalar> 
1600
(
13.9031
13.9142
13.9332
13.953
13.9669
13.9669
13.953
13.9332
13.9142
13.9031
13.6527
13.6643
13.6843
13.7053
13.7201
13.7201
13.7053
13.6843
13.6643
13.6527
13.3968
13.4095
13.4315
13.4547
13.4715
13.4715
13.4547
13.4315
13.4095
13.3968
13.1348
13.1492
13.1742
13.2009
13.2207
13.2207
13.2009
13.1742
13.1492
13.1348
12.8661
12.8825
12.9115
12.9429
12.967
12.967
12.9429
12.9115
12.8825
12.8661
12.5894
12.6084
12.6422
12.6795
12.7091
12.7091
12.6795
12.6422
12.6084
12.5894
12.3034
12.3253
12.3647
12.4089
12.4453
12.4453
12.4089
12.3647
12.3253
12.3034
12.0066
12.0316
12.0768
12.1289
12.1734
12.1734
12.1289
12.0768
12.0316
12.0066
11.6973
11.7253
11.7763
11.8366
11.89
11.89
11.8366
11.7763
11.7253
11.6973
11.3738
11.4044
11.4604
11.5284
11.591
11.591
11.5284
11.4604
11.4044
11.3738
11.0343
11.0668
11.1263
11.2006
11.2709
11.2709
11.2006
11.1263
11.0668
11.0343
10.6777
10.7109
10.7716
10.849
10.9235
10.9235
10.849
10.7716
10.7109
10.6777
10.303
10.3356
10.3949
10.4708
10.5437
10.5437
10.4708
10.3949
10.3356
10.303
9.91029
9.9409
9.99646
10.0657
10.131
10.131
10.0657
9.99646
9.9409
9.91028
9.49997
9.52782
9.57925
9.63785
9.6932
9.6932
9.63785
9.57925
9.52782
9.49997
9.07306
9.09818
9.14784
9.1958
9.24451
9.24451
9.1958
9.14784
9.09817
9.07306
8.63039
8.65372
8.70709
8.74908
8.80463
8.80463
8.74908
8.70709
8.65372
8.63038
8.17199
8.19483
8.25888
8.3013
8.38035
8.38035
8.3013
8.25888
8.19483
8.17199
7.69668
7.7197
7.8002
7.84728
7.9668
7.9668
7.84727
7.8002
7.7197
7.69668
7.20217
7.22458
7.32331
7.3747
7.54729
7.54729
7.3747
7.32331
7.22458
7.20217
6.68588
6.70503
6.81741
6.86732
7.08871
7.08871
6.86732
6.81741
6.70503
6.68588
6.14617
6.15766
6.27214
6.31123
6.56033
6.56033
6.31123
6.27214
6.15766
6.14617
5.58379
5.58179
5.68139
5.69634
5.95567
5.95567
5.69634
5.68139
5.58179
5.58379
5.0032
4.98041
5.0442
5.01078
5.25897
5.25897
5.01078
5.0442
4.98041
5.0032
4.41347
4.36208
4.36675
4.25013
4.4394
4.4394
4.25013
4.36675
4.36208
4.41347
3.82896
3.74306
3.6693
3.43891
3.49951
3.49951
3.43891
3.6693
3.74306
3.82896
3.268
3.14552
2.98894
2.63985
2.5267
2.5267
2.63985
2.98894
3.14552
3.268
2.75208
2.59899
2.37936
1.93871
1.66456
1.66456
1.93871
2.37936
2.59899
2.75208
2.29616
2.131
1.88491
1.41448
1.04075
1.04075
1.41448
1.88491
2.131
2.29616
1.91397
1.75263
1.50674
1.09063
0.678037
0.678037
1.09063
1.50674
1.75263
1.91397
1.60514
1.46159
1.24225
0.914028
0.53498
0.53498
0.914029
1.24225
1.46159
1.60514
1.35916
1.24195
1.06205
0.827583
0.509797
0.509797
0.827583
1.06205
1.24195
1.35916
1.16021
1.07371
0.936623
0.791347
0.547972
0.547972
0.791347
0.936624
1.07371
1.16021
0.991463
0.93457
0.837959
0.7615
0.587082
0.587082
0.7615
0.837959
0.93457
0.991464
0.839162
0.806254
0.7446
0.712613
0.598044
0.598044
0.712613
0.7446
0.806254
0.839162
0.692027
0.676481
0.641647
0.636076
0.565864
0.565864
0.636076
0.641647
0.676481
0.692027
0.545216
0.540926
0.524609
0.532096
0.491666
0.491666
0.532096
0.524609
0.540926
0.545216
0.392042
0.393972
0.387485
0.401436
0.382751
0.382751
0.401437
0.387485
0.393973
0.392042
0.239917
0.24355
0.243458
0.254337
0.246661
0.246661
0.254337
0.243459
0.24355
0.239917
0.0724201
0.0758045
0.0767439
0.0866035
0.0978678
0.0978678
0.0866035
0.0767439
0.0758045
0.0724201
13.9031
13.9142
13.9332
13.953
13.9669
13.9669
13.953
13.9332
13.9142
13.9031
13.6527
13.6643
13.6843
13.7053
13.7201
13.7201
13.7053
13.6843
13.6643
13.6527
13.3968
13.4095
13.4315
13.4547
13.4715
13.4715
13.4547
13.4315
13.4095
13.3968
13.1348
13.1492
13.1742
13.2009
13.2207
13.2207
13.2009
13.1742
13.1492
13.1348
12.8661
12.8825
12.9115
12.9429
12.967
12.967
12.9429
12.9115
12.8825
12.8661
12.5894
12.6084
12.6422
12.6795
12.7091
12.7091
12.6795
12.6422
12.6084
12.5894
12.3034
12.3253
12.3647
12.4089
12.4453
12.4453
12.4089
12.3647
12.3253
12.3034
12.0066
12.0316
12.0768
12.1289
12.1734
12.1734
12.1289
12.0768
12.0316
12.0066
11.6973
11.7253
11.7763
11.8366
11.89
11.89
11.8366
11.7763
11.7253
11.6973
11.3738
11.4044
11.4604
11.5284
11.591
11.591
11.5284
11.4604
11.4044
11.3738
11.0343
11.0668
11.1263
11.2006
11.2709
11.2709
11.2006
11.1263
11.0668
11.0343
10.6777
10.7109
10.7716
10.849
10.9235
10.9235
10.849
10.7716
10.7109
10.6777
10.303
10.3356
10.3949
10.4708
10.5437
10.5437
10.4708
10.3949
10.3356
10.303
9.91028
9.9409
9.99646
10.0657
10.131
10.131
10.0657
9.99646
9.9409
9.91028
9.49997
9.52782
9.57925
9.63785
9.6932
9.6932
9.63785
9.57925
9.52782
9.49997
9.07306
9.09817
9.14784
9.1958
9.24451
9.24451
9.1958
9.14784
9.09817
9.07306
8.63038
8.65372
8.70709
8.74908
8.80463
8.80463
8.74907
8.70709
8.65372
8.63038
8.17199
8.19483
8.25888
8.3013
8.38035
8.38035
8.3013
8.25888
8.19483
8.17199
7.69668
7.7197
7.8002
7.84727
7.9668
7.9668
7.84727
7.8002
7.7197
7.69667
7.20217
7.22458
7.32331
7.3747
7.54729
7.54729
7.3747
7.32331
7.22458
7.20217
6.68588
6.70503
6.81741
6.86732
7.08871
7.08871
6.86732
6.81741
6.70503
6.68588
6.14617
6.15766
6.27214
6.31123
6.56033
6.56033
6.31123
6.27214
6.15766
6.14617
5.58379
5.58179
5.68139
5.69634
5.95567
5.95567
5.69634
5.68139
5.58179
5.58379
5.0032
4.98041
5.0442
5.01078
5.25897
5.25897
5.01078
5.0442
4.98041
5.0032
4.41347
4.36208
4.36675
4.25013
4.4394
4.4394
4.25013
4.36675
4.36208
4.41347
3.82896
3.74306
3.6693
3.43891
3.49951
3.49951
3.43891
3.6693
3.74306
3.82896
3.268
3.14552
2.98894
2.63985
2.5267
2.5267
2.63985
2.98894
3.14552
3.268
2.75208
2.59899
2.37936
1.93871
1.66456
1.66456
1.93871
2.37936
2.59899
2.75208
2.29616
2.131
1.88491
1.41448
1.04075
1.04075
1.41448
1.88491
2.131
2.29616
1.91397
1.75263
1.50674
1.09063
0.678038
0.678038
1.09063
1.50674
1.75263
1.91397
1.60514
1.46159
1.24225
0.914029
0.534981
0.534981
0.914029
1.24225
1.46159
1.60514
1.35916
1.24195
1.06205
0.827584
0.509797
0.509797
0.827584
1.06205
1.24195
1.35916
1.16021
1.07371
0.936624
0.791347
0.547972
0.547972
0.791347
0.936624
1.07371
1.16021
0.991464
0.93457
0.837959
0.7615
0.587082
0.587082
0.7615
0.837959
0.93457
0.991464
0.839162
0.806254
0.7446
0.712613
0.598044
0.598044
0.712613
0.7446
0.806254
0.839162
0.692027
0.676481
0.641647
0.636076
0.565865
0.565865
0.636076
0.641647
0.676481
0.692027
0.545216
0.540926
0.524609
0.532097
0.491666
0.491666
0.532097
0.524609
0.540926
0.545216
0.392042
0.393973
0.387485
0.401437
0.382751
0.382751
0.401437
0.387485
0.393973
0.392042
0.239917
0.24355
0.243459
0.254337
0.246661
0.246661
0.254337
0.243459
0.24355
0.239917
0.0724201
0.0758046
0.076744
0.0866035
0.0978679
0.0978679
0.0866035
0.076744
0.0758046
0.0724201
13.9031
13.6527
13.3968
13.1348
12.8661
12.5894
12.3034
12.0066
11.6973
11.3738
11.0343
10.6777
10.303
9.91029
9.49997
9.07306
8.63039
8.17199
7.69668
7.20217
13.9142
13.6643
13.4095
13.1492
12.8825
12.6084
12.3253
12.0316
11.7253
11.4044
11.0668
10.7109
10.3356
9.9409
9.52782
9.09818
8.65372
8.19483
7.7197
7.22458
13.9332
13.6843
13.4315
13.1742
12.9115
12.6422
12.3647
12.0768
11.7763
11.4604
11.1263
10.7716
10.3949
9.99646
9.57925
9.14784
8.70709
8.25888
7.8002
7.32331
13.953
13.7053
13.4547
13.2009
12.9429
12.6795
12.4089
12.1289
11.8366
11.5284
11.2006
10.849
10.4708
10.0657
9.63785
9.1958
8.74908
8.3013
7.84728
7.3747
13.9669
13.7201
13.4715
13.2207
12.967
12.7091
12.4453
12.1734
11.89
11.591
11.2709
10.9235
10.5437
10.131
9.6932
9.24451
8.80463
8.38035
7.9668
7.54729
13.9669
13.7201
13.4715
13.2207
12.967
12.7091
12.4453
12.1734
11.89
11.591
11.2709
10.9235
10.5437
10.131
9.6932
9.24451
8.80463
8.38035
7.9668
7.54729
13.953
13.7053
13.4547
13.2009
12.9429
12.6795
12.4089
12.1289
11.8366
11.5284
11.2006
10.849
10.4708
10.0657
9.63785
9.1958
8.74908
8.3013
7.84727
7.3747
13.9332
13.6843
13.4315
13.1742
12.9115
12.6422
12.3647
12.0768
11.7763
11.4604
11.1263
10.7716
10.3949
9.99646
9.57925
9.14784
8.70709
8.25888
7.8002
7.32331
13.9142
13.6643
13.4095
13.1492
12.8825
12.6084
12.3253
12.0316
11.7253
11.4044
11.0668
10.7109
10.3356
9.9409
9.52782
9.09817
8.65372
8.19483
7.7197
7.22458
13.9031
13.6527
13.3968
13.1348
12.8661
12.5894
12.3034
12.0066
11.6973
11.3738
11.0343
10.6777
10.303
9.91028
9.49997
9.07306
8.63038
8.17199
7.69668
7.20217
6.68588
6.14617
5.58379
5.0032
4.41347
3.82896
3.268
2.75208
2.29616
1.91397
1.60514
1.35916
1.16021
0.991463
0.839162
0.692027
0.545216
0.392042
0.239917
0.0724201
6.70503
6.15766
5.58179
4.98041
4.36208
3.74306
3.14552
2.59899
2.131
1.75263
1.46159
1.24195
1.07371
0.93457
0.806254
0.676481
0.540926
0.393972
0.24355
0.0758045
6.81741
6.27214
5.68139
5.0442
4.36675
3.6693
2.98894
2.37936
1.88491
1.50674
1.24225
1.06205
0.936624
0.837959
0.7446
0.641647
0.524609
0.387485
0.243458
0.0767439
6.86732
6.31123
5.69634
5.01078
4.25013
3.43891
2.63986
1.93871
1.41448
1.09063
0.914029
0.827584
0.791347
0.7615
0.712613
0.636076
0.532097
0.401437
0.254337
0.0866035
7.08871
6.56033
5.95567
5.25897
4.4394
3.49951
2.5267
1.66456
1.04075
0.678037
0.53498
0.509797
0.547973
0.587082
0.598044
0.565865
0.491666
0.382751
0.246661
0.0978679
7.08871
6.56033
5.95567
5.25898
4.4394
3.49951
2.5267
1.66456
1.04075
0.678037
0.53498
0.509797
0.547973
0.587082
0.598044
0.565865
0.491666
0.382751
0.246661
0.0978679
6.86732
6.31123
5.69634
5.01078
4.25013
3.43891
2.63986
1.93872
1.41448
1.09063
0.914029
0.827584
0.791347
0.7615
0.712614
0.636076
0.532097
0.401437
0.254337
0.0866035
6.81741
6.27214
5.68139
5.0442
4.36675
3.6693
2.98894
2.37936
1.88491
1.50674
1.24225
1.06205
0.936624
0.837959
0.7446
0.641647
0.52461
0.387485
0.243459
0.076744
6.70503
6.15766
5.58179
4.98041
4.36208
3.74306
3.14552
2.59899
2.131
1.75263
1.46159
1.24195
1.07371
0.93457
0.806254
0.676481
0.540926
0.393973
0.24355
0.0758046
6.68588
6.14617
5.58379
5.0032
4.41347
3.82896
3.268
2.75208
2.29616
1.91397
1.60514
1.35916
1.16021
0.991464
0.839162
0.692027
0.545216
0.392042
0.239917
0.0724201
13.9031
13.6527
13.3968
13.1348
12.8661
12.5894
12.3034
12.0066
11.6973
11.3738
11.0343
10.6777
10.303
9.91028
9.49997
9.07306
8.63038
8.17199
7.69668
7.20217
13.9142
13.6643
13.4095
13.1492
12.8825
12.6084
12.3253
12.0316
11.7253
11.4044
11.0668
10.7109
10.3356
9.9409
9.52782
9.09817
8.65372
8.19483
7.7197
7.22458
13.9332
13.6843
13.4315
13.1742
12.9115
12.6422
12.3647
12.0768
11.7763
11.4604
11.1263
10.7716
10.3949
9.99646
9.57925
9.14784
8.70709
8.25888
7.8002
7.32331
13.953
13.7053
13.4547
13.2009
12.9429
12.6795
12.4089
12.1289
11.8366
11.5284
11.2006
10.849
10.4708
10.0657
9.63785
9.1958
8.74908
8.3013
7.84727
7.3747
13.9669
13.7201
13.4715
13.2207
12.967
12.7091
12.4453
12.1734
11.89
11.591
11.2709
10.9235
10.5437
10.131
9.6932
9.24451
8.80463
8.38035
7.9668
7.54729
13.9669
13.7201
13.4715
13.2207
12.967
12.7091
12.4453
12.1734
11.89
11.591
11.2709
10.9235
10.5437
10.131
9.6932
9.24451
8.80463
8.38035
7.9668
7.54729
13.953
13.7053
13.4547
13.2009
12.9429
12.6795
12.4089
12.1289
11.8366
11.5284
11.2006
10.849
10.4708
10.0657
9.63785
9.1958
8.74907
8.3013
7.84727
7.3747
13.9332
13.6843
13.4315
13.1742
12.9115
12.6422
12.3647
12.0768
11.7763
11.4604
11.1263
10.7716
10.3949
9.99646
9.57925
9.14784
8.70709
8.25888
7.8002
7.32331
13.9142
13.6643
13.4095
13.1492
12.8825
12.6084
12.3253
12.0316
11.7253
11.4044
11.0668
10.7109
10.3356
9.9409
9.52782
9.09817
8.65372
8.19483
7.7197
7.22458
13.9031
13.6527
13.3968
13.1348
12.8661
12.5894
12.3034
12.0066
11.6973
11.3738
11.0343
10.6777
10.303
9.91028
9.49997
9.07306
8.63038
8.17199
7.69667
7.20217
6.68588
6.14617
5.58379
5.0032
4.41347
3.82896
3.268
2.75208
2.29616
1.91397
1.60514
1.35916
1.16021
0.991464
0.839162
0.692027
0.545216
0.392042
0.239917
0.0724201
6.70503
6.15766
5.58179
4.98041
4.36208
3.74306
3.14552
2.59899
2.131
1.75263
1.46159
1.24195
1.07371
0.93457
0.806254
0.676481
0.540926
0.393973
0.24355
0.0758046
6.81741
6.27214
5.68139
5.0442
4.36675
3.6693
2.98894
2.37936
1.88491
1.50674
1.24225
1.06205
0.936624
0.83796
0.7446
0.641647
0.52461
0.387485
0.243459
0.076744
6.86732
6.31123
5.69634
5.01078
4.25013
3.43891
2.63985
1.93871
1.41448
1.09063
0.914029
0.827584
0.791347
0.7615
0.712614
0.636076
0.532097
0.401437
0.254337
0.0866035
7.08871
6.56033
5.95567
5.25897
4.4394
3.49951
2.5267
1.66456
1.04075
0.678039
0.534981
0.509798
0.547973
0.587083
0.598044
0.565865
0.491666
0.382751
0.246661
0.0978679
7.08871
6.56033
5.95567
5.25897
4.4394
3.49951
2.5267
1.66456
1.04075
0.678039
0.534981
0.509798
0.547973
0.587083
0.598044
0.565865
0.491666
0.382751
0.246661
0.0978679
6.86732
6.31123
5.69634
5.01078
4.25013
3.43891
2.63985
1.93871
1.41448
1.09063
0.914029
0.827584
0.791347
0.7615
0.712614
0.636076
0.532097
0.401437
0.254337
0.0866035
6.81741
6.27214
5.68139
5.0442
4.36675
3.6693
2.98894
2.37936
1.88491
1.50674
1.24225
1.06205
0.936624
0.83796
0.744601
0.641648
0.52461
0.387485
0.243459
0.076744
6.70503
6.15766
5.58179
4.98041
4.36208
3.74306
3.14552
2.59899
2.131
1.75263
1.46159
1.24195
1.07371
0.93457
0.806254
0.676481
0.540926
0.393973
0.24355
0.0758046
6.68588
6.14617
5.58379
5.0032
4.41347
3.82896
3.268
2.75208
2.29616
1.91397
1.60514
1.35916
1.16021
0.991464
0.839162
0.692027
0.545216
0.392042
0.239917
0.0724201
)
;
    }
}


// ************************************************************************* //
