/*--------------------------------*- C++ -*----------------------------------*\
| =========                 |                                                 |
| \\      /  F ield         | OpenFOAM: The Open Source CFD Toolbox           |
|  \\    /   O peration     | Version:  2412                                  |
|   \\  /    A nd           | Website:  www.openfoam.com                      |
|    \\/     M anipulation  |                                                 |
\*---------------------------------------------------------------------------*/
FoamFile
{
    version     2.0;
    format      ascii;
    arch        "LSB;label=32;scalar=64";
    class       volVectorField;
    location    "0.7";
    object      U;
}
// * * * * * * * * * * * * * * * * * * * * * * * * * * * * * * * * * * * * * //

dimensions      [0 1 -1 0 0 0 0];

internalField   nonuniform List<vector> 
1000
(
(-0.67051 -0.67051 2.7076)
(0.247278 -0.180363 2.71406)
(-0.51962 0.105838 1.73619)
(-0.00780095 -0.0549146 -0.795206)
(-0.199512 -0.0103366 -1.02429)
(0.199503 -0.0103355 -1.02429)
(0.00780091 -0.0549099 -0.7952)
(0.519592 0.105832 1.7362)
(-0.247246 -0.180388 2.71401)
(0.670504 -0.670504 2.7076)
(-0.180358 0.247286 2.71407)
(-0.617933 -0.617938 2.09712)
(-0.193454 -0.065311 0.617171)
(-0.0221341 -0.134685 -0.878438)
(-0.0533464 -0.103931 -1.05282)
(0.0533467 -0.103933 -1.05282)
(0.0221474 -0.134681 -0.878435)
(0.193454 -0.0653454 0.617103)
(0.617924 -0.617949 2.09709)
(0.18037 0.247298 2.71406)
(0.105841 -0.519627 1.73618)
(-0.0653001 -0.193455 0.617183)
(-0.0992761 -0.0992803 -0.252029)
(0.124994 -0.0489293 -0.680265)
(-0.0116057 -0.0677714 -0.982559)
(0.0116007 -0.0677745 -0.982557)
(-0.124997 -0.0489284 -0.680258)
(0.0992778 -0.0992986 -0.252025)
(0.0652914 -0.193457 0.617149)
(-0.105852 -0.519622 1.73616)
(-0.0549152 -0.00780138 -0.795209)
(-0.134686 -0.0221312 -0.878437)
(-0.0489302 0.124992 -0.680266)
(0.0510657 0.0510659 -0.789685)
(0.0227328 0.0212347 -1.00828)
(-0.022734 0.0212346 -1.00828)
(-0.0510664 0.0510686 -0.789682)
(0.048931 0.124993 -0.680261)
(0.134682 -0.0221334 -0.878434)
(0.0549134 -0.00780161 -0.795211)
(-0.0103366 -0.199514 -1.02429)
(-0.103929 -0.0533457 -1.05282)
(-0.0677705 -0.0116078 -0.982558)
(0.0212362 0.0227325 -1.00828)
(0.00244169 0.00244051 -1.05515)
(-0.0024442 0.00243944 -1.05515)
(-0.0212391 0.0227326 -1.00827)
(0.0677712 -0.0116107 -0.982551)
(0.103929 -0.053345 -1.05282)
(0.0103357 -0.199512 -1.02428)
(-0.0103349 0.1995 -1.02429)
(-0.103934 0.0533462 -1.05283)
(-0.0677762 0.0115993 -0.982555)
(0.0212355 -0.0227346 -1.00828)
(0.00243974 -0.00244508 -1.05515)
(-0.00244199 -0.00244366 -1.05514)
(-0.0212382 -0.0227343 -1.00827)
(0.0677767 0.0116035 -0.982549)
(0.103933 0.0533456 -1.05282)
(0.0103335 0.199501 -1.02428)
(-0.0549082 0.00780284 -0.795199)
(-0.134679 0.0221541 -0.878433)
(-0.0489282 -0.124998 -0.680255)
(0.0510705 -0.051067 -0.78968)
(0.0227328 -0.0212401 -1.00827)
(-0.0227336 -0.0212397 -1.00827)
(-0.0510703 -0.051069 -0.789678)
(0.0489288 -0.124997 -0.680252)
(0.134677 0.0221568 -0.878431)
(0.0549077 0.00780219 -0.7952)
(0.105828 0.519581 1.7362)
(-0.0653626 0.193451 0.617066)
(-0.0993075 0.0992762 -0.252024)
(0.124994 0.0489303 -0.680258)
(-0.0116112 0.067771 -0.982549)
(0.0116074 0.0677741 -0.982547)
(-0.124996 0.048929 -0.680252)
(0.0993088 0.0992954 -0.252019)
(0.0653504 0.19345 0.617045)
(-0.105833 0.519583 1.73619)
(-0.180397 -0.247229 2.71399)
(-0.617951 0.617921 2.09707)
(-0.193458 0.0652825 0.617137)
(-0.0221318 0.134679 -0.878432)
(-0.0533469 0.103929 -1.05282)
(0.0533475 0.103931 -1.05282)
(0.0221466 0.134675 -0.87843)
(0.193455 0.0653164 0.617078)
(0.617942 0.617934 2.09706)
(0.1804 -0.247246 2.71398)
(-0.670502 0.670501 2.7076)
(0.247307 0.180377 2.71405)
(-0.519619 -0.105856 1.73616)
(-0.00779945 0.0549121 -0.795212)
(-0.199511 0.0103357 -1.02428)
(0.199504 0.010334 -1.02428)
(0.00779876 0.0549087 -0.795203)
(0.519595 -0.105844 1.73618)
(-0.247278 0.180396 2.71401)
(0.670498 0.670498 2.7076)
(-0.557964 -0.557963 2.94379)
(0.0208177 -0.193784 2.89998)
(-0.462367 0.0907087 1.74408)
(-0.0275735 -0.045253 -0.810774)
(-0.181175 -0.00451547 -1.05773)
(0.181167 -0.00451417 -1.05773)
(0.0275707 -0.0452444 -0.810774)
(0.462342 0.0907122 1.74408)
(-0.0207939 -0.193813 2.89994)
(0.557958 -0.557958 2.94379)
(-0.193778 0.0208227 2.89999)
(-0.598925 -0.598931 2.10911)
(-0.200426 -0.144425 0.527441)
(-0.0590771 -0.112263 -0.906646)
(-0.0439515 -0.0837822 -1.05825)
(0.0439538 -0.0837843 -1.05825)
(0.0590876 -0.112256 -0.906644)
(0.200435 -0.144444 0.527388)
(0.598913 -0.598946 2.10907)
(0.193786 0.0208267 2.89998)
(0.0907101 -0.462374 1.74407)
(-0.144418 -0.200425 0.527449)
(-0.142091 -0.142094 -0.372699)
(0.0862641 -0.0515128 -0.748256)
(-0.011311 -0.0695598 -0.992545)
(0.0113081 -0.0695626 -0.992544)
(-0.0862654 -0.0515129 -0.74825)
(0.142095 -0.142106 -0.372702)
(0.144417 -0.20043 0.527414)
(-0.0907189 -0.462372 1.74405)
(-0.0452545 -0.0275748 -0.810775)
(-0.112264 -0.0590746 -0.906646)
(-0.0515135 0.0862632 -0.748257)
(0.0396056 0.0396059 -0.823573)
(0.0260988 0.0190807 -1.00864)
(-0.0260989 0.0190804 -1.00864)
(-0.0396056 0.0396077 -0.82357)
(0.051515 0.0862628 -0.748255)
(0.112261 -0.0590771 -0.906642)
(0.0452517 -0.0275773 -0.81078)
(-0.00451524 -0.181176 -1.05773)
(-0.0837815 -0.0439505 -1.05825)
(-0.0695593 -0.0113125 -0.992544)
(0.0190819 0.0260988 -1.00864)
(0.00350837 0.00350756 -1.04504)
(-0.00350976 0.00350657 -1.04504)
(-0.0190836 0.0260988 -1.00864)
(0.0695613 -0.0113146 -0.992538)
(0.0837825 -0.0439501 -1.05824)
(0.00451366 -0.181174 -1.05772)
(-0.00451326 0.181164 -1.05773)
(-0.0837853 0.0439541 -1.05825)
(-0.0695644 0.0113069 -0.992543)
(0.019081 -0.0260992 -1.00864)
(0.00350656 -0.00351043 -1.04504)
(-0.00350777 -0.00350918 -1.04504)
(-0.0190825 -0.026099 -1.00864)
(0.0695663 0.0113102 -0.992538)
(0.0837856 0.0439534 -1.05825)
(0.00451114 0.181163 -1.05772)
(-0.0452411 0.0275719 -0.810774)
(-0.112254 0.0590929 -0.906642)
(-0.0515133 -0.0862663 -0.748247)
(0.0396091 -0.0396058 -0.823567)
(0.0260986 -0.0190842 -1.00864)
(-0.0260985 -0.0190837 -1.00864)
(-0.0396084 -0.0396072 -0.823565)
(0.0515144 -0.0862644 -0.748246)
(0.112252 0.0590962 -0.906638)
(0.0452407 0.0275741 -0.810775)
(0.0907116 0.462331 1.74408)
(-0.144456 0.200438 0.527359)
(-0.142114 0.142094 -0.372704)
(0.0862637 0.0515148 -0.748253)
(-0.0113153 0.0695611 -0.992537)
(0.0113133 0.069564 -0.992536)
(-0.0862635 0.0515144 -0.748247)
(0.142118 0.142108 -0.372705)
(0.144454 0.200438 0.527335)
(-0.0907159 0.462335 1.74406)
(-0.193823 -0.0207801 2.89991)
(-0.598951 0.598906 2.10905)
(-0.200433 0.14441 0.527402)
(-0.0590768 0.112257 -0.90664)
(-0.0439522 0.0837824 -1.05824)
(0.0439544 0.0837837 -1.05824)
(0.0590888 0.112252 -0.906638)
(0.200438 0.144429 0.527358)
(0.598938 0.598923 2.10903)
(0.193824 -0.0207875 2.89991)
(-0.557955 0.557956 2.94379)
(0.0208318 0.193792 2.89997)
(-0.46237 -0.0907238 1.74405)
(-0.0275759 0.04525 -0.810782)
(-0.181173 0.00451414 -1.05772)
(0.181167 0.00451221 -1.05772)
(0.0275726 0.0452434 -0.810778)
(0.462349 -0.0907225 1.74406)
(-0.0208106 0.193815 2.89993)
(0.557951 0.557952 2.94379)
(-0.445392 -0.445392 3.22114)
(-0.129758 -0.212333 3.09599)
(-0.390654 0.0589816 1.74557)
(-0.033337 -0.0269592 -0.82812)
(-0.159805 0.00329823 -1.09498)
(0.1598 0.00329912 -1.09498)
(0.033334 -0.0269517 -0.828119)
(0.390632 0.0589901 1.74557)
(0.129767 -0.212362 3.09595)
(0.445388 -0.445388 3.22115)
(-0.212327 -0.129759 3.09599)
(-0.58701 -0.587016 2.11672)
(-0.230922 -0.192746 0.453019)
(-0.0888869 -0.0832452 -0.940607)
(-0.0423877 -0.0666552 -1.07127)
(0.0423912 -0.0666568 -1.07127)
(0.0888948 -0.0832409 -0.940605)
(0.230936 -0.192748 0.452977)
(0.586998 -0.587032 2.11668)
(0.212332 -0.129764 3.09598)
(0.0589817 -0.39066 1.74556)
(-0.192744 -0.230921 0.453023)
(-0.179115 -0.179117 -0.508849)
(0.0622431 -0.0554117 -0.817525)
(-0.0110725 -0.0674448 -1.00614)
(0.0110714 -0.0674468 -1.00614)
(-0.0622439 -0.055413 -0.817519)
(0.179121 -0.179125 -0.508855)
(0.192743 -0.230932 0.452987)
(-0.0589878 -0.39066 1.74554)
(-0.0269606 -0.0333388 -0.828123)
(-0.0832457 -0.0888854 -0.940607)
(-0.0554122 0.0622424 -0.817526)
(0.0370037 0.037004 -0.858695)
(0.0291523 0.021624 -1.01007)
(-0.0291517 0.0216237 -1.01007)
(-0.0370033 0.0370049 -0.858692)
(0.0554147 0.0622423 -0.817524)
(0.0832437 -0.0888903 -0.940603)
(0.0269579 -0.0333436 -0.828128)
(0.00329833 -0.159805 -1.09497)
(-0.0666547 -0.0423867 -1.07127)
(-0.0674444 -0.0110734 -1.00614)
(0.0216247 0.0291525 -1.01007)
(0.00201038 0.0020099 -1.03534)
(-0.00201089 0.00200909 -1.03534)
(-0.0216254 0.0291523 -1.01006)
(0.0674461 -0.011075 -1.00614)
(0.066656 -0.0423874 -1.07126)
(-0.00329893 -0.159804 -1.09497)
(0.0032997 0.159798 -1.09498)
(-0.0666577 0.0423922 -1.07127)
(-0.0674481 0.0110708 -1.00614)
(0.0216241 -0.0291517 -1.01007)
(0.0020089 -0.00201134 -1.03534)
(-0.00200931 -0.00201036 -1.03534)
(-0.0216246 -0.0291515 -1.01007)
(0.0674498 0.0110732 -1.00614)
(0.0666584 0.0423923 -1.07127)
(-0.00330074 0.159797 -1.09497)
(-0.0269485 0.0333349 -0.828119)
(-0.0832393 0.088899 -0.940603)
(-0.055414 -0.0622448 -0.817517)
(0.0370058 -0.0370033 -0.85869)
(0.0291518 -0.0216257 -1.01006)
(-0.0291512 -0.0216253 -1.01006)
(-0.0370048 -0.0370038 -0.858688)
(0.0554158 -0.0622431 -0.817517)
(0.083238 0.0889046 -0.9406)
(0.0269479 0.0333397 -0.828121)
(0.0589911 0.390621 1.74556)
(-0.192752 0.230942 0.452953)
(-0.17913 0.179122 -0.508858)
(0.0622432 0.0554152 -0.817523)
(-0.0110759 0.0674463 -1.00614)
(0.0110755 0.0674483 -1.00614)
(-0.0622425 0.0554157 -0.817518)
(0.179137 0.179131 -0.508863)
(0.192753 0.230948 0.452926)
(-0.0589933 0.390627 1.74555)
(-0.212373 0.129774 3.09593)
(-0.58704 0.58699 2.11665)
(-0.230937 0.192738 0.452973)
(-0.088891 0.0832418 -0.940601)
(-0.0423895 0.0666561 -1.07126)
(0.0423925 0.0666571 -1.07126)
(0.0888999 0.0832381 -0.940599)
(0.230946 0.192742 0.452941)
(0.587028 0.587008 2.11663)
(0.212371 0.129779 3.09592)
(-0.445385 0.445387 3.22115)
(-0.129763 0.212335 3.09598)
(-0.39066 -0.058993 1.74553)
(-0.0333435 0.0269566 -0.828131)
(-0.159804 -0.00329838 -1.09497)
(0.1598 -0.00329981 -1.09497)
(0.03334 0.0269508 -0.828126)
(0.390641 -0.0589977 1.74554)
(0.129772 0.212359 3.09594)
(0.445382 0.445383 3.22115)
(-0.351155 -0.351155 3.49722)
(-0.175545 -0.231254 3.29544)
(-0.298246 0.0415001 1.74168)
(-0.0128751 -0.00120324 -0.850426)
(-0.136765 0.0130391 -1.13024)
(0.136762 0.0130398 -1.13024)
(0.0128736 -0.00119735 -0.850423)
(0.298229 0.0415088 1.74168)
(0.175543 -0.23128 3.29541)
(0.351153 -0.351153 3.49723)
(-0.231248 -0.175549 3.29545)
(-0.579032 -0.579037 2.13089)
(-0.274452 -0.174544 0.381441)
(-0.100012 -0.0473299 -0.983403)
(-0.044502 -0.0520865 -1.09107)
(0.0445061 -0.0520878 -1.09107)
(0.100018 -0.0473266 -0.983402)
(0.274467 -0.174537 0.38141)
(0.579024 -0.579049 2.13084)
(0.23125 -0.175562 3.29543)
(0.0414991 -0.298251 1.74168)
(-0.174545 -0.274452 0.381442)
(-0.197133 -0.197134 -0.633297)
(0.0581113 -0.0549107 -0.887609)
(-0.00790503 -0.0613953 -1.01817)
(0.00790531 -0.0613967 -1.01817)
(-0.0581118 -0.0549125 -0.887605)
(0.197141 -0.197139 -0.633303)
(0.174547 -0.274466 0.381407)
(-0.0415016 -0.298252 1.74165)
(-0.00120441 -0.0128771 -0.850429)
(-0.0473305 -0.100011 -0.983403)
(-0.0549112 0.0581108 -0.88761)
(0.0458894 0.0458896 -0.902077)
(0.0309212 0.0268483 -1.00884)
(-0.0309198 0.0268481 -1.00884)
(-0.0458886 0.0458897 -0.902075)
(0.0549146 0.0581114 -0.887609)
(0.04733 -0.100017 -0.983401)
(0.00120228 -0.0128843 -0.850435)
(0.0130392 -0.136766 -1.13024)
(-0.0520862 -0.0445011 -1.09106)
(-0.0613952 -0.00790561 -1.01817)
(0.0268489 0.0309215 -1.00884)
(-0.000197903 -0.000198164 -1.02398)
(0.000197983 -0.000198802 -1.02398)
(-0.0268491 0.0309211 -1.00884)
(0.0613972 -0.00790676 -1.01817)
(0.0520879 -0.0445022 -1.09106)
(-0.0130396 -0.136765 -1.13024)
(0.0130403 0.13676 -1.13024)
(-0.0520887 0.0445075 -1.09107)
(-0.0613978 0.00790506 -1.01817)
(0.0268483 -0.0309195 -1.00884)
(-0.000199075 0.000197739 -1.02398)
(0.000199247 0.000198513 -1.02398)
(-0.0268483 -0.0309194 -1.00884)
(0.0613998 0.00790678 -1.01817)
(0.0520899 0.0445077 -1.09107)
(-0.013041 0.13676 -1.13024)
(-0.00119448 0.0128746 -0.850422)
(-0.0473253 0.100021 -0.983401)
(-0.0549139 -0.0581126 -0.887603)
(0.0458902 -0.0458884 -0.902074)
(0.0309204 -0.0268492 -1.00884)
(-0.0309192 -0.0268488 -1.00884)
(-0.0458891 -0.0458883 -0.902072)
(0.0549165 -0.0581117 -0.887603)
(0.0473252 0.100028 -0.983399)
(0.00119389 0.0128815 -0.850426)
(0.0415101 0.298221 1.74168)
(-0.174537 0.274475 0.381391)
(-0.197143 0.197142 -0.633305)
(0.0581123 0.0549155 -0.887608)
(-0.00790768 0.0613977 -1.01817)
(0.00790841 0.0613991 -1.01817)
(-0.0581115 0.0549165 -0.887605)
(0.197151 0.197148 -0.63331)
(0.174541 0.274485 0.381364)
(-0.041509 0.298226 1.74166)
(-0.231291 0.175544 3.29539)
(-0.579057 0.579018 2.13082)
(-0.274473 0.174543 0.381393)
(-0.100019 0.0473292 -0.983399)
(-0.0445043 0.0520885 -1.09106)
(0.0445076 0.0520893 -1.09106)
(0.100025 0.0473261 -0.983398)
(0.274484 0.174538 0.381371)
(0.579048 0.579031 2.1308)
(0.231287 0.17556 3.29538)
(-0.351151 0.351153 3.49723)
(-0.175566 0.231252 3.29543)
(-0.298253 -0.0415055 1.74164)
(-0.0128857 0.00120156 -0.850438)
(-0.136765 -0.0130389 -1.13024)
(0.136762 -0.01304 -1.13024)
(0.0128833 0.00119691 -0.850432)
(0.298239 -0.0415112 1.74165)
(0.175566 0.231273 3.2954)
(0.351148 0.35115 3.49723)
(-0.279764 -0.279764 3.73402)
(-0.146391 -0.247413 3.48515)
(-0.168854 0.0581518 1.7323)
(0.0369917 0.0311032 -0.872847)
(-0.109671 0.0231397 -1.15516)
(0.109669 0.0231402 -1.15516)
(-0.0369924 0.0311082 -0.872846)
(0.168846 0.0581588 1.7323)
(0.146386 -0.247435 3.48513)
(0.279763 -0.279762 3.73403)
(-0.247407 -0.146397 3.48516)
(-0.56841 -0.568413 2.15245)
(-0.300342 -0.106793 0.321907)
(-0.0839602 -0.00479619 -1.03275)
(-0.0467588 -0.0412078 -1.10801)
(0.046763 -0.0412089 -1.10801)
(0.0839648 -0.00479338 -1.03275)
(0.300357 -0.106784 0.321883)
(0.568405 -0.568422 2.1524)
(0.247408 -0.146413 3.48515)
(0.0581506 -0.168858 1.7323)
(-0.106795 -0.300342 0.321906)
(-0.185195 -0.185194 -0.737118)
(0.0748654 -0.0448419 -0.954238)
(-0.00301956 -0.0565954 -1.02436)
(0.00302071 -0.0565965 -1.02436)
(-0.0748655 -0.0448439 -0.954235)
(0.185203 -0.185198 -0.737123)
(0.1068 -0.300357 0.32187)
(-0.0581508 -0.168864 1.73227)
(0.031102 0.0369894 -0.87285)
(-0.00479707 -0.0839598 -1.03275)
(-0.0448424 0.0748652 -0.954238)
(0.0630647 0.0630649 -0.941689)
(0.0286969 0.0312915 -1.00067)
(-0.0286951 0.0312913 -1.00067)
(-0.0630637 0.0630645 -0.941688)
(0.0448462 0.0748659 -0.954238)
(0.00479815 -0.0839665 -1.03275)
(-0.0311031 0.036981 -0.872858)
(0.0231397 -0.109672 -1.15516)
(-0.0412076 -0.046758 -1.108)
(-0.0565954 -0.00301985 -1.02435)
(0.0312919 0.0286973 -1.00067)
(-0.00167541 -0.0016755 -1.01082)
(0.00167594 -0.00167599 -1.01082)
(-0.0312916 0.0286967 -1.00067)
(0.0565977 -0.00302079 -1.02435)
(0.0412098 -0.0467595 -1.108)
(-0.0231398 -0.109672 -1.15516)
(0.0231406 0.109667 -1.15516)
(-0.0412097 0.0467645 -1.10801)
(-0.0565975 0.0030208 -1.02436)
(0.0312914 -0.0286946 -1.00067)
(-0.00167632 0.00167587 -1.01082)
(0.00167691 0.00167645 -1.01082)
(-0.031291 -0.0286944 -1.00067)
(0.0565997 0.00302199 -1.02435)
(0.0412115 0.046765 -1.10801)
(-0.0231409 0.109668 -1.15516)
(0.0311108 -0.0369916 -0.872845)
(-0.00479232 0.0839677 -1.03275)
(-0.0448454 -0.074866 -0.954233)
(0.0630647 -0.0630632 -0.941687)
(0.0286959 -0.0312915 -1.00067)
(-0.0286944 -0.0312912 -1.00067)
(-0.0630636 -0.0630629 -0.941686)
(0.0448482 -0.0748656 -0.954234)
(0.00479347 0.0839743 -1.03275)
(-0.0311108 -0.0369837 -0.872849)
(0.0581599 0.16884 1.73229)
(-0.106783 0.300364 0.321867)
(-0.185201 0.185205 -0.737125)
(0.0748666 0.0448476 -0.954237)
(-0.00302172 0.0565984 -1.02435)
(0.00302305 0.0565994 -1.02435)
(-0.0748657 0.0448486 -0.954236)
(0.185209 0.185209 -0.73713)
(0.106789 0.300374 0.321839)
(-0.0581569 0.168848 1.73227)
(-0.247446 0.146385 3.48511)
(-0.568428 0.5684 2.15238)
(-0.300364 0.106799 0.321854)
(-0.0839686 0.0047984 -1.03274)
(-0.0467616 0.0412107 -1.108)
(0.0467647 0.0412114 -1.108)
(0.0839731 0.00479546 -1.03274)
(0.300374 0.106791 0.32184)
(0.568422 0.568408 2.15236)
(0.247442 0.146406 3.4851)
(-0.279761 0.279763 3.73403)
(-0.14642 0.247408 3.48514)
(-0.168869 -0.0581531 1.73225)
(0.0369783 -0.0311033 -0.872862)
(-0.109673 -0.0231391 -1.15516)
(0.109671 -0.0231399 -1.15516)
(-0.0369803 -0.0311074 -0.872856)
(0.168862 -0.0581575 1.73226)
(0.146418 0.247427 3.48512)
(0.279759 0.27976 3.73404)
(-0.224966 -0.224966 3.91509)
(-0.0851988 -0.252125 3.65162)
(-0.0279733 0.0971228 1.68654)
(0.111539 0.0671764 -0.88294)
(-0.0745761 0.03015 -1.15986)
(0.0745751 0.0301504 -1.15986)
(-0.111539 0.06718 -0.882939)
(0.0279719 0.0971285 1.68653)
(0.0851965 -0.252145 3.6516)
(0.224965 -0.224963 3.9151)
(-0.25212 -0.0852031 3.65163)
(-0.547566 -0.547567 2.18075)
(-0.295888 -0.0182577 0.258669)
(-0.0406024 0.0397873 -1.08232)
(-0.0449167 -0.0326989 -1.1154)
(0.0449208 -0.0326998 -1.1154)
(0.0406065 0.0397889 -1.08232)
(0.295903 -0.018251 0.25865)
(0.547566 -0.547569 2.18071)
(0.252119 -0.085214 3.65162)
(0.0971219 -0.0279767 1.68653)
(-0.0182602 -0.295888 0.258667)
(-0.135684 -0.135684 -0.816761)
(0.098158 -0.027538 -1.00874)
(0.00102615 -0.0526104 -1.02208)
(-0.00102447 -0.0526113 -1.02208)
(-0.0981575 -0.0275399 -1.00874)
(0.135693 -0.135686 -0.816767)
(0.0182665 -0.295902 0.258633)
(-0.0971221 -0.0279843 1.6865)
(0.0671752 0.111537 -0.882943)
(0.0397863 -0.0406023 -1.08232)
(-0.0275385 0.0981579 -1.00874)
(0.0761736 0.0761737 -0.971767)
(0.0215752 0.031005 -0.988423)
(-0.0215733 0.0310048 -0.988423)
(-0.0761722 0.076173 -0.971767)
(0.0275424 0.0981581 -1.00874)
(-0.0397837 -0.040609 -1.08232)
(-0.0671751 0.111529 -0.882953)
(0.0301499 -0.0745771 -1.15985)
(-0.0326989 -0.0449161 -1.1154)
(-0.0526106 0.00102604 -1.02208)
(0.0310052 0.0215756 -0.988422)
(-0.00194858 -0.00194854 -0.996432)
(0.00194938 -0.00194891 -0.996432)
(-0.0310046 0.0215749 -0.988421)
(0.0526129 0.00102508 -1.02207)
(0.0327012 -0.0449179 -1.1154)
(-0.0301498 -0.0745786 -1.15985)
(0.0301507 0.0745742 -1.15986)
(-0.0327005 0.0449223 -1.1154)
(-0.0526122 -0.00102412 -1.02208)
(0.0310048 -0.0215727 -0.988423)
(-0.00194926 0.00194945 -0.996432)
(0.0019501 0.00194987 -0.996432)
(-0.0310041 -0.0215725 -0.988422)
(0.0526144 -0.00102321 -1.02207)
(0.0327024 0.0449228 -1.1154)
(-0.0301507 0.0745754 -1.15986)
(0.067182 -0.111539 -0.882938)
(0.0397894 0.0406092 -1.08232)
(-0.0275414 -0.0981576 -1.00874)
(0.0761728 -0.0761716 -0.971766)
(0.0215741 -0.0310044 -0.988421)
(-0.0215726 -0.0310041 -0.988421)
(-0.0761717 -0.0761711 -0.971766)
(0.0275443 -0.0981572 -1.00874)
(-0.0397872 0.0406151 -1.08232)
(-0.0671813 -0.111531 -0.882945)
(0.0971296 0.0279693 1.68653)
(-0.01825 0.295911 0.258639)
(-0.135689 0.135695 -0.816769)
(0.0981585 0.027544 -1.00874)
(0.00102414 0.0526136 -1.02207)
(-0.00102256 0.0526144 -1.02207)
(-0.0981573 0.0275449 -1.00874)
(0.135696 0.135697 -0.816774)
(0.0182566 0.295919 0.258612)
(-0.0971273 0.0279766 1.68651)
(-0.252155 0.085195 3.65159)
(-0.547572 0.547564 2.18069)
(-0.29591 0.0182677 0.258619)
(-0.0406115 -0.0397824 -1.08232)
(-0.0449199 0.0327022 -1.1154)
(0.0449226 0.0327027 -1.1154)
(0.0406146 -0.0397847 -1.08232)
(0.295919 0.0182606 0.258609)
(0.547571 0.547564 2.18067)
(0.25215 0.0852089 3.65158)
(-0.224961 0.224966 3.9151)
(-0.0852188 0.252119 3.65161)
(-0.0279908 -0.0971236 1.68649)
(0.111526 -0.0671746 -0.882959)
(-0.0745799 -0.0301491 -1.15985)
(0.0745782 -0.0301497 -1.15985)
(-0.111527 -0.0671779 -0.882954)
(0.0279883 -0.0971272 1.68649)
(0.0852179 0.252135 3.6516)
(0.224959 0.224961 3.91511)
(-0.188132 -0.188131 4.04403)
(-0.0456062 -0.23394 3.78624)
(0.0816532 0.164162 1.60123)
(0.183546 0.0959875 -0.891899)
(-0.035308 0.0310096 -1.13884)
(0.0353086 0.03101 -1.13884)
(-0.183545 0.0959895 -0.891901)
(-0.0816507 0.164165 1.60122)
(0.0456058 -0.233956 3.78622)
(0.18813 -0.188127 4.04404)
(-0.233935 -0.0456086 3.78624)
(-0.507851 -0.50785 2.20702)
(-0.234135 0.0904735 0.19374)
(0.0203841 0.0713615 -1.11963)
(-0.0343696 -0.0244263 -1.10689)
(0.0343733 -0.0244269 -1.1069)
(-0.0203801 0.0713622 -1.11963)
(0.234149 0.0904787 0.193722)
(0.507853 -0.507846 2.20699)
(0.233931 -0.0456143 3.78624)
(0.164162 0.0816513 1.60123)
(0.090471 -0.234134 0.193738)
(-0.0459684 -0.0459677 -0.85783)
(0.116337 -0.0117664 -1.03753)
(0.00252995 -0.0468531 -1.01041)
(-0.00252811 -0.0468538 -1.01041)
(-0.116336 -0.0117683 -1.03753)
(0.0459761 -0.0459696 -0.857836)
(-0.090465 -0.234147 0.193707)
(-0.164163 0.081644 1.6012)
(0.0959865 0.183544 -0.891903)
(0.0713604 0.0203841 -1.11963)
(-0.011767 0.116337 -1.03753)
(0.069834 0.0698342 -0.986275)
(0.0100633 0.0243673 -0.976006)
(-0.0100615 0.0243672 -0.976007)
(-0.0698324 0.0698331 -0.986276)
(0.0117707 0.116336 -1.03753)
(-0.0713565 0.0203778 -1.11963)
(-0.0959854 0.183537 -0.891913)
(0.0310095 -0.0353087 -1.13884)
(-0.0244264 -0.0343691 -1.10689)
(-0.0468533 0.00252993 -1.01041)
(0.0243674 0.0100636 -0.976006)
(-0.00164195 -0.00164184 -0.983697)
(0.00164283 -0.00164211 -0.983697)
(-0.0243666 0.010063 -0.976006)
(0.0468555 0.00252895 -1.01041)
(0.0244283 -0.0343709 -1.1069)
(-0.0310094 -0.0353109 -1.13884)
(0.0310102 0.0353084 -1.13884)
(-0.0244274 0.0343747 -1.1069)
(-0.0468545 -0.00252762 -1.01041)
(0.0243671 -0.0100609 -0.976007)
(-0.00164244 0.00164296 -0.983697)
(0.00164332 0.00164324 -0.983697)
(-0.0243662 -0.0100607 -0.976007)
(0.0468566 -0.00252688 -1.01041)
(0.0244291 0.0343752 -1.1069)
(-0.0310101 0.0353096 -1.13884)
(0.0959907 -0.183545 -0.891901)
(0.0713622 -0.0203777 -1.11963)
(-0.0117697 -0.116335 -1.03753)
(0.0698326 -0.0698316 -0.986275)
(0.0100622 -0.0243663 -0.976006)
(-0.0100608 -0.0243661 -0.976006)
(-0.0698314 -0.0698309 -0.986276)
(0.0117725 -0.116335 -1.03753)
(-0.0713592 -0.0203726 -1.11963)
(-0.0959895 -0.183539 -0.891908)
(0.164166 -0.0816503 1.60122)
(0.09048 0.234156 0.193711)
(-0.0459718 0.0459791 -0.857838)
(0.116336 0.0117724 -1.03753)
(0.00252807 0.0468563 -1.01041)
(-0.00252651 0.0468569 -1.01041)
(-0.116335 0.0117733 -1.03753)
(0.0459784 0.0459797 -0.857843)
(-0.0904738 0.234163 0.193688)
(-0.164165 -0.0816449 1.6012)
(-0.233966 0.0456054 3.78621)
(-0.507847 0.507851 2.20697)
(-0.234155 -0.0904631 0.193692)
(0.0203752 -0.0713546 -1.11963)
(-0.0343728 0.0244293 -1.10689)
(0.0343751 0.0244297 -1.1069)
(-0.0203726 -0.0713564 -1.11963)
(0.234163 -0.0904689 0.193683)
(0.507848 0.507847 2.20695)
(0.233959 0.0456128 3.78621)
(-0.188125 0.18813 4.04405)
(-0.0456168 0.23393 3.78623)
(0.0816381 -0.164164 1.60119)
(0.183534 -0.0959844 -0.891919)
(-0.0353125 -0.0310087 -1.13884)
(0.0353117 -0.0310092 -1.13884)
(-0.183535 -0.0959866 -0.891916)
(-0.081638 -0.164166 1.60119)
(0.0456172 0.233944 3.78622)
(0.188123 0.188125 4.04406)
(-0.174242 -0.174241 4.10936)
(-0.00428107 -0.199282 3.88405)
(0.15825 0.209959 1.44249)
(0.227009 0.106286 -0.91118)
(0.00114847 0.025182 -1.09429)
(-0.00114712 0.0251823 -1.09429)
(-0.227007 0.106286 -0.911183)
(-0.158244 0.209961 1.44248)
(0.0042823 -0.199296 3.88404)
(0.174238 -0.174233 4.10937)
(-0.199277 -0.00428235 3.88406)
(-0.467299 -0.467297 2.22044)
(-0.112372 0.205748 0.103308)
(0.0748131 0.0829802 -1.13538)
(-0.0161474 -0.0158031 -1.08145)
(0.0161505 -0.0158035 -1.08145)
(-0.0748089 0.0829793 -1.13538)
(0.112383 0.205753 0.103291)
(0.467303 -0.467291 2.22041)
(0.199271 -0.0042852 3.88405)
(0.209959 0.158249 1.44248)
(0.205746 -0.112372 0.103306)
(0.0585774 0.0585781 -0.863029)
(0.122952 -0.0034026 -1.03037)
(0.00325097 -0.0338337 -0.991108)
(-0.00324925 -0.0338341 -0.991108)
(-0.12295 -0.00340437 -1.03037)
(-0.0585704 0.0585753 -0.863035)
(-0.205741 -0.112382 0.103279)
(-0.209959 0.158244 1.44246)
(0.106285 0.227007 -0.911183)
(0.0829795 0.074813 -1.13538)
(-0.00340301 0.122952 -1.03037)
(0.0442708 0.044271 -0.988033)
(0.000691162 0.0149179 -0.969813)
(-0.000689707 0.0149178 -0.969814)
(-0.0442692 0.0442698 -0.988034)
(0.00340615 0.122951 -1.03037)
(-0.0829756 0.0748072 -1.13538)
(-0.106283 0.227 -0.911193)
(0.0251819 0.001148 -1.09429)
(-0.0158032 -0.016147 -1.08145)
(-0.0338339 0.00325101 -0.991108)
(0.0149179 0.000691426 -0.969813)
(-0.00104541 -0.00104529 -0.975359)
(0.0010462 -0.00104547 -0.975359)
(-0.0149172 0.000690882 -0.969814)
(0.0338355 0.00325012 -0.991108)
(0.0158048 -0.0161485 -1.08146)
(-0.0251817 0.00114595 -1.09429)
(0.0251825 -0.0011469 -1.09429)
(-0.0158038 0.0161516 -1.08146)
(-0.0338346 -0.00324873 -0.991108)
(0.0149177 -0.000689233 -0.969814)
(-0.00104573 0.00104633 -0.975359)
(0.00104651 0.00104651 -0.97536)
(-0.014917 -0.000689072 -0.969815)
(0.0338361 -0.00324815 -0.991109)
(0.0158052 0.0161519 -1.08146)
(-0.0251823 -0.00114595 -1.09429)
(0.106287 -0.227007 -0.911184)
(0.0829787 -0.0748066 -1.13538)
(-0.00340556 -0.122949 -1.03037)
(0.0442693 -0.0442685 -0.988035)
(0.000690299 -0.0149169 -0.969814)
(-0.00068922 -0.0149168 -0.969814)
(-0.0442681 -0.0442677 -0.988035)
(0.00340783 -0.122948 -1.03037)
(-0.082976 -0.0748023 -1.13539)
(-0.106286 -0.227001 -0.91119)
(0.209962 -0.158241 1.44247)
(0.205755 0.112389 0.103282)
(0.0585732 -0.0585674 -0.863037)
(0.12295 0.00340767 -1.03037)
(0.00324938 0.0338361 -0.991109)
(-0.00324799 0.0338364 -0.991109)
(-0.122948 0.00340852 -1.03037)
(-0.0585676 -0.0585662 -0.863042)
(-0.205749 0.112395 0.103262)
(-0.209961 -0.158239 1.44246)
(-0.199305 0.00428308 3.88403)
(-0.46729 0.467303 2.22039)
(-0.112388 -0.20574 0.103266)
(0.0748045 -0.0829735 -1.13538)
(-0.0161499 0.0158056 -1.08146)
(0.0161518 0.0158057 -1.08146)
(-0.0748019 -0.0829739 -1.13539)
(0.112394 -0.205744 0.103257)
(0.467293 0.467295 2.22038)
(0.199297 0.00428643 3.88403)
(-0.174229 0.174237 4.10937)
(-0.00428729 0.199269 3.88405)
(0.158239 -0.209959 1.44244)
(0.226997 -0.106282 -0.911199)
(0.00114439 -0.0251812 -1.09429)
(-0.00114443 -0.0251816 -1.09429)
(-0.226997 -0.106283 -0.911198)
(-0.158237 -0.20996 1.44244)
(0.00428862 0.199282 3.88404)
(0.174226 0.174229 4.10938)
(-0.229805 -0.229804 4.2392)
(0.0329333 -0.144596 3.94712)
(0.317094 0.241003 1.28246)
(0.201788 0.0923644 -0.895093)
(0.0329945 0.0145802 -1.03326)
(-0.0329934 0.0145804 -1.03326)
(-0.201787 0.0923648 -0.895096)
(-0.317089 0.241004 1.28245)
(-0.0329325 -0.144606 3.94711)
(0.229801 -0.229798 4.2392)
(-0.144591 0.0329325 3.94713)
(-0.448038 -0.448035 2.17138)
(0.0976719 0.348047 -0.0130504)
(0.0973428 0.0761311 -1.10128)
(0.00441108 -0.008483 -1.04539)
(-0.00440895 -0.00848315 -1.04539)
(-0.0973394 0.0761303 -1.10129)
(-0.0976642 0.348049 -0.0130669)
(0.448042 -0.448027 2.17136)
(0.144581 0.0329322 3.94713)
(0.241003 0.317094 1.28246)
(0.348046 0.0976724 -0.0130517)
(0.12734 0.127341 -0.790144)
(0.10027 0.00377369 -0.985763)
(0.00593817 -0.0168914 -0.967604)
(-0.00593689 -0.0168916 -0.967604)
(-0.100269 0.00377236 -0.985766)
(-0.127335 0.127337 -0.790149)
(-0.348041 0.0976663 -0.0130743)
(-0.241003 0.317092 1.28244)
(0.0923637 0.201787 -0.895095)
(0.0761307 0.0973426 -1.10128)
(0.00377344 0.10027 -0.985764)
(0.0203631 0.0203632 -0.982766)
(-0.00201965 0.00780718 -0.96892)
(0.00202073 0.00780711 -0.96892)
(-0.020362 0.0203625 -0.982767)
(-0.00377129 0.100269 -0.985766)
(-0.076128 0.0973387 -1.10129)
(-0.0923621 0.201783 -0.895105)
(0.0145802 0.0329943 -1.03326)
(-0.00848311 0.00441131 -1.04539)
(-0.0168915 0.00593823 -0.967604)
(0.00780713 -0.00201946 -0.96892)
(-0.000309527 -0.000309434 -0.970998)
(0.00031006 -0.000309539 -0.970998)
(-0.00780659 -0.00201985 -0.968921)
(0.0168925 0.00593759 -0.967606)
(0.00848403 0.00441015 -1.04539)
(-0.0145801 0.0329931 -1.03326)
(0.0145805 -0.0329932 -1.03326)
(-0.00848333 -0.00440814 -1.04539)
(-0.0168919 -0.00593649 -0.967605)
(0.00780702 0.00202108 -0.968921)
(-0.000309712 0.000310163 -0.970999)
(0.00031023 0.000310257 -0.970999)
(-0.00780648 0.00202118 -0.968922)
(0.0168929 -0.00593614 -0.967606)
(0.00848416 -0.00440781 -1.04539)
(-0.0145805 -0.0329927 -1.03326)
(0.0923653 -0.201787 -0.895097)
(0.0761298 -0.0973378 -1.10129)
(0.00377152 -0.100268 -0.985766)
(0.0203621 -0.0203615 -0.982768)
(-0.00202027 -0.0078064 -0.968921)
(0.00202105 -0.00780633 -0.968921)
(-0.0203612 -0.020361 -0.982769)
(-0.00377002 -0.100267 -0.985768)
(-0.076128 -0.0973351 -1.10129)
(-0.0923641 -0.201784 -0.895104)
(0.241005 -0.317087 1.28244)
(0.34805 -0.0976596 -0.0130752)
(0.127336 -0.127332 -0.790152)
(0.100269 -0.0037702 -0.985767)
(0.00593708 0.0168929 -0.967606)
(-0.00593612 0.0168931 -0.967607)
(-0.100267 -0.00376957 -0.985769)
(-0.127332 -0.127331 -0.790156)
(-0.348046 -0.097657 -0.0130904)
(-0.241004 -0.317086 1.28243)
(-0.144613 -0.0329318 3.9471)
(-0.448025 0.448042 2.17134)
(0.0976623 -0.348039 -0.013086)
(0.0973367 -0.0761265 -1.10129)
(0.00440914 0.00848452 -1.04539)
(-0.00440788 0.00848456 -1.04539)
(-0.0973347 -0.0761267 -1.10129)
(-0.0976579 -0.348042 -0.0130945)
(0.448028 0.448033 2.17133)
(0.144602 -0.0329309 3.94711)
(-0.229795 0.229799 4.23921)
(0.0329311 0.144576 3.94713)
(0.317089 -0.241003 1.28242)
(0.201782 -0.092361 -0.89511)
(0.0329921 -0.0145799 -1.03326)
(-0.0329919 -0.0145801 -1.03326)
(-0.201782 -0.092362 -0.89511)
(-0.317087 -0.241004 1.28242)
(-0.03293 0.144587 3.94712)
(0.229791 0.229793 4.23921)
(-0.245104 -0.245103 4.31079)
(0.139007 0.0210174 3.86525)
(0.317632 0.216342 1.0427)
(0.076134 0.040366 -0.826081)
(0.0271987 0.00443689 -0.983909)
(-0.0271982 0.00443692 -0.98391)
(-0.0761337 0.0403661 -0.826085)
(-0.317628 0.216342 1.04269)
(-0.139005 0.021015 3.86524)
(0.245101 -0.245098 4.31079)
(0.0210225 0.139007 3.86525)
(-0.315671 -0.315669 2.07069)
(0.184161 0.286615 -0.139087)
(0.0542463 0.0417667 -1.0031)
(0.00996466 -0.00328306 -1.01403)
(-0.00996369 -0.0032831 -1.01403)
(-0.0542454 0.0417662 -1.0031)
(-0.184154 0.286613 -0.139102)
(0.315669 -0.315656 2.07068)
(-0.0210383 0.139007 3.86525)
(0.216342 0.317632 1.0427)
(0.286615 0.184162 -0.139087)
(0.0825362 0.0825363 -0.616583)
(0.0492853 0.00795024 -0.934663)
(0.00522849 -0.00389992 -0.950046)
(-0.00522797 -0.00389999 -0.950046)
(-0.0492845 0.00794956 -0.934666)
(-0.0825347 0.082535 -0.61659)
(-0.28661 0.184155 -0.139104)
(-0.216342 0.317628 1.04268)
(0.0403658 0.0761338 -0.826083)
(0.0417665 0.0542463 -1.0031)
(0.00795016 0.0492853 -0.934663)
(0.00825181 0.00825185 -0.973862)
(-0.000268666 0.00311048 -0.968085)
(0.000269102 0.00311045 -0.968086)
(-0.00825142 0.0082516 -0.973864)
(-0.00794921 0.0492847 -0.934667)
(-0.0417654 0.0542458 -1.00311)
(-0.0403654 0.0761328 -0.826092)
(0.00443686 0.0271986 -0.98391)
(-0.00328312 0.00996475 -1.01403)
(-0.00389997 0.00522853 -0.950046)
(0.00311046 -0.000268585 -0.968085)
(0.000148021 0.00014806 -0.968885)
(-0.00014781 0.000148021 -0.968885)
(-0.00311024 -0.00026874 -0.968087)
(0.00390031 0.00522828 -0.950048)
(0.00328345 0.00996413 -1.01403)
(-0.00443674 0.027198 -0.983914)
(0.00443694 -0.027198 -0.983911)
(-0.00328317 -0.0099633 -1.01403)
(-0.0039001 -0.0052278 -0.950047)
(0.00311041 0.000269245 -0.968086)
(0.000147955 -0.000147763 -0.968886)
(-0.000147754 -0.000147733 -0.968886)
(-0.0031102 0.000269271 -0.968088)
(0.00390041 -0.0052277 -0.950049)
(0.00328347 -0.00996306 -1.01403)
(-0.00443683 -0.0271977 -0.983915)
(0.0403663 -0.0761335 -0.826087)
(0.0417659 -0.0542451 -1.00311)
(0.00794917 -0.0492842 -0.934667)
(0.00825146 -0.00825124 -0.973865)
(-0.000268901 -0.00311016 -0.968087)
(0.00026921 -0.00311014 -0.968087)
(-0.00825119 -0.00825112 -0.973866)
(-0.00794854 -0.0492838 -0.93467)
(-0.0417652 -0.0542449 -1.00311)
(-0.040366 -0.0761329 -0.826093)
(0.216342 -0.317626 1.04268)
(0.286612 -0.18415 -0.139109)
(0.0825343 -0.0825339 -0.616593)
(0.0492843 -0.0079487 -0.934668)
(0.00522808 0.00390044 -0.950049)
(-0.00522772 0.00390049 -0.950049)
(-0.0492838 -0.00794836 -0.93467)
(-0.0825334 -0.0825332 -0.616598)
(-0.286609 -0.184147 -0.139119)
(-0.216341 -0.317624 1.04267)
(0.021013 -0.139005 3.86523)
(-0.315652 0.315668 2.07067)
(0.184151 -0.286608 -0.139113)
(0.0542454 -0.0417647 -1.00311)
(0.00996366 0.00328364 -1.01403)
(-0.00996309 0.00328364 -1.01403)
(-0.054245 -0.0417646 -1.00311)
(-0.184147 -0.286607 -0.139122)
(0.315651 0.315655 2.07066)
(-0.0210237 -0.139004 3.86523)
(-0.245096 0.245099 4.31079)
(0.139006 -0.0210476 3.86525)
(0.317626 -0.216342 1.04266)
(0.0761322 -0.0403651 -0.826098)
(0.0271976 -0.00443661 -0.983915)
(-0.0271974 -0.00443667 -0.983916)
(-0.0761323 -0.0403654 -0.826098)
(-0.317624 -0.216341 1.04266)
(-0.139004 -0.0210391 3.86524)
(0.245093 0.245094 4.3108)
)
;

boundaryField
{
    bottom
    {
        type            noSlip;
    }
    atmosphere
    {
        type            pressureInletOutletVelocity;
        value           nonuniform List<vector> 
100
(
(-0.245104 -0.245103 4.31079)
(0.0210225 0.139007 3.86525)
(0.216342 0.317632 1.0427)
(0 0 -0.826083)
(0 0 -0.98391)
(0 0 -0.983911)
(0 0 -0.826087)
(0.216342 -0.317626 1.04268)
(0.021013 -0.139005 3.86523)
(-0.245096 0.245099 4.31079)
(0.139007 0.0210174 3.86525)
(-0.315671 -0.315669 2.07069)
(0 0 -0.139087)
(0 0 -1.0031)
(0 0 -1.01403)
(0 0 -1.01403)
(0 0 -1.00311)
(0 0 -0.139109)
(-0.315652 0.315668 2.07067)
(0.139006 -0.0210476 3.86525)
(0.317632 0.216342 1.0427)
(0 0 -0.139087)
(0 0 -0.616583)
(0 0 -0.934663)
(0 0 -0.950046)
(0 0 -0.950047)
(0 0 -0.934667)
(0 0 -0.616593)
(0 0 -0.139113)
(0.317626 -0.216342 1.04266)
(0 0 -0.826081)
(0 0 -1.0031)
(0 0 -0.934663)
(0 0 -0.973862)
(0 0 -0.968085)
(0 0 -0.968086)
(0 0 -0.973865)
(0 0 -0.934668)
(0 0 -1.00311)
(0 0 -0.826098)
(0 0 -0.983909)
(0 0 -1.01403)
(0 0 -0.950046)
(0 0 -0.968085)
(0 0 -0.968885)
(0 0 -0.968886)
(0 0 -0.968087)
(0 0 -0.950049)
(0 0 -1.01403)
(0 0 -0.983915)
(0 0 -0.98391)
(0 0 -1.01403)
(0 0 -0.950046)
(0 0 -0.968086)
(0 0 -0.968885)
(0 0 -0.968886)
(0 0 -0.968087)
(0 0 -0.950049)
(0 0 -1.01403)
(0 0 -0.983916)
(0 0 -0.826085)
(0 0 -1.0031)
(0 0 -0.934666)
(0 0 -0.973864)
(0 0 -0.968087)
(0 0 -0.968088)
(0 0 -0.973866)
(0 0 -0.93467)
(0 0 -1.00311)
(0 0 -0.826098)
(-0.317628 0.216342 1.04269)
(0 0 -0.139102)
(0 0 -0.61659)
(0 0 -0.934667)
(0 0 -0.950048)
(0 0 -0.950049)
(0 0 -0.93467)
(0 0 -0.616598)
(0 0 -0.139122)
(-0.317624 -0.216341 1.04266)
(-0.139005 0.021015 3.86524)
(0.315669 -0.315656 2.07068)
(0 0 -0.139104)
(0 0 -1.00311)
(0 0 -1.01403)
(0 0 -1.01403)
(0 0 -1.00311)
(0 0 -0.139119)
(0.315651 0.315655 2.07066)
(-0.139004 -0.0210391 3.86524)
(0.245101 -0.245098 4.31079)
(-0.0210383 0.139007 3.86525)
(-0.216342 0.317628 1.04268)
(0 0 -0.826092)
(0 0 -0.983914)
(0 0 -0.983915)
(0 0 -0.826093)
(-0.216341 -0.317624 1.04267)
(-0.0210237 -0.139004 3.86523)
(0.245093 0.245094 4.3108)
)
;
    }
    walls
    {
        type            noSlip;
    }
    procBoundary1to0
    {
        type            processor;
        value           nonuniform List<vector> 
100
(
(-0.76184 -0.76184 2.55036)
(0.499392 -0.177926 2.53892)
(-0.559895 0.1012 1.68855)
(0.0207715 -0.0545415 -0.777911)
(-0.219833 -0.0124183 -0.998372)
(0.219834 -0.0124175 -0.99837)
(-0.0207633 -0.0545419 -0.777914)
(0.559861 0.101148 1.68855)
(-0.499361 -0.177942 2.53887)
(0.761835 -0.761837 2.55035)
(-0.177924 0.499401 2.53893)
(-0.639911 -0.639915 2.07893)
(-0.194905 -0.0756986 0.730484)
(0.0132773 -0.151394 -0.855182)
(-0.0695651 -0.127323 -1.05145)
(0.0695632 -0.127327 -1.05145)
(-0.0132633 -0.151396 -0.85518)
(0.194897 -0.0757219 0.730407)
(0.639907 -0.639922 2.07891)
(0.177937 0.499416 2.53891)
(0.101211 -0.559903 1.68855)
(-0.0756917 -0.194908 0.730497)
(-0.0668273 -0.0668321 -0.142935)
(0.160298 -0.0502766 -0.614551)
(-0.0143717 -0.0675154 -0.973094)
(0.014364 -0.0675182 -0.97309)
(-0.160306 -0.0502758 -0.614541)
(0.0668264 -0.0668537 -0.142923)
(0.0756723 -0.194908 0.730462)
(-0.101211 -0.559894 1.68854)
(-0.0545413 0.0207731 -0.777911)
(-0.151393 0.0132794 -0.855182)
(-0.0502773 0.160297 -0.61455)
(0.06535 0.0653499 -0.760952)
(0.0194094 0.0289342 -1.01243)
(-0.0194118 0.0289345 -1.01243)
(-0.0653519 0.0653534 -0.760949)
(0.0502775 0.160301 -0.614542)
(0.151391 0.0132755 -0.855179)
(0.054541 0.0207738 -0.777915)
(-0.0124188 -0.219832 -0.99837)
(-0.127322 -0.0695656 -1.05145)
(-0.0675136 -0.0143743 -0.973092)
(0.0289359 0.0194088 -1.01243)
(-0.000338219 -0.000339754 -1.06501)
(0.000334344 -0.000340867 -1.06501)
(-0.0289404 0.019409 -1.01243)
(0.0675106 -0.0143776 -0.973084)
(0.127321 -0.0695674 -1.05145)
(0.0124202 -0.219832 -0.998362)
(-0.0124176 0.219833 -0.998369)
(-0.127328 0.0695627 -1.05145)
(-0.0675189 0.0143622 -0.973088)
(0.0289357 -0.0194127 -1.01243)
(-0.000340219 0.000333184 -1.06501)
(0.000336634 0.000334683 -1.06501)
(-0.0289401 -0.0194123 -1.01243)
(0.0675156 0.014367 -0.97308)
(0.127327 0.0695651 -1.05145)
(0.0124185 0.219833 -0.998361)
(-0.0545422 -0.0207593 -0.777916)
(-0.151397 -0.013256 -0.855178)
(-0.0502754 -0.160309 -0.614539)
(0.0653556 -0.065353 -0.760947)
(0.0194097 -0.0289419 -1.01243)
(-0.0194114 -0.0289419 -1.01243)
(-0.0653565 -0.0653557 -0.760945)
(0.0502758 -0.160312 -0.614531)
(0.151395 -0.0132524 -0.855177)
(0.0545417 -0.0207627 -0.777916)
(0.101128 0.559849 1.68853)
(-0.0757307 0.194891 0.730368)
(-0.0668627 0.0668249 -0.142919)
(0.160304 0.0502766 -0.614537)
(-0.0143776 0.0675107 -0.973081)
(0.0143713 0.0675135 -0.973078)
(-0.16031 0.050276 -0.614529)
(0.0668595 0.0668456 -0.142909)
(0.0757125 0.194892 0.730348)
(-0.101129 0.559848 1.68852)
(-0.177946 -0.499345 2.53884)
(-0.639922 0.639906 2.0789)
(-0.194908 0.0756611 0.730451)
(0.013278 0.151388 -0.855177)
(-0.0695683 0.127321 -1.05144)
(0.0695674 0.127324 -1.05144)
(-0.0132631 0.151392 -0.855176)
(0.1949 0.0756881 0.730385)
(0.639918 0.639916 2.0789)
(0.177952 -0.499365 2.53884)
(-0.761836 0.761833 2.55035)
(0.499425 0.177944 2.5389)
(-0.559888 -0.101208 1.68853)
(0.0207755 0.0545402 -0.777916)
(-0.219833 0.0124194 -0.998359)
(0.219834 0.012418 -0.998358)
(-0.0207691 0.0545405 -0.777915)
(0.559859 -0.101155 1.68853)
(-0.499396 0.177954 2.53886)
(0.761832 0.761832 2.55035)
)
;
    }
}


// ************************************************************************* //
