/*--------------------------------*- C++ -*----------------------------------*\
| =========                 |                                                 |
| \\      /  F ield         | OpenFOAM: The Open Source CFD Toolbox           |
|  \\    /   O peration     | Version:  2412                                  |
|   \\  /    A nd           | Website:  www.openfoam.com                      |
|    \\/     M anipulation  |                                                 |
\*---------------------------------------------------------------------------*/
FoamFile
{
    version     2.0;
    format      ascii;
    arch        "LSB;label=32;scalar=64";
    class       volVectorField;
    location    "0.77";
    object      U;
}
// * * * * * * * * * * * * * * * * * * * * * * * * * * * * * * * * * * * * * //

dimensions      [0 1 -1 0 0 0 0];

internalField   nonuniform List<vector> 
1000
(
(0.346523 0.346523 -0.207499)
(0.0847594 0.162402 -0.126917)
(-0.224996 -0.152793 -0.257848)
(-0.193749 -0.0791079 -0.266664)
(-0.144012 -0.12803 -0.205801)
(0.144013 -0.128024 -0.205801)
(0.193749 -0.0791033 -0.266667)
(0.224995 -0.152792 -0.257848)
(-0.08476 0.162402 -0.126916)
(-0.346523 0.346523 -0.207499)
(0.162402 0.0847596 -0.126917)
(0.425555 0.425555 -0.146956)
(0.133645 0.513514 -0.143063)
(-0.0295918 0.266649 -0.202775)
(-0.0879743 0.211284 -0.341189)
(0.0879728 0.211278 -0.341186)
(0.0295916 0.266647 -0.202773)
(-0.133642 0.513516 -0.143064)
(-0.425555 0.425556 -0.146956)
(-0.162403 0.0847598 -0.126917)
(-0.152793 -0.224995 -0.257848)
(0.513514 0.133645 -0.143063)
(0.0596568 0.0596594 0.10223)
(0.0904129 -0.432493 -0.157212)
(-0.0556197 -0.427912 -0.300193)
(0.0556161 -0.427917 -0.300188)
(-0.0904096 -0.4325 -0.157201)
(-0.0596569 0.0596681 0.102239)
(-0.513514 0.133648 -0.143063)
(0.152793 -0.224995 -0.257847)
(-0.079109 -0.193749 -0.266663)
(0.266651 -0.0295907 -0.202774)
(-0.432492 0.0904158 -0.157211)
(-0.135896 -0.135896 -0.292443)
(-0.10511 -0.195064 -0.31634)
(0.105106 -0.195067 -0.31633)
(0.1359 -0.135897 -0.292436)
(0.432494 0.0904118 -0.157204)
(-0.266652 -0.0295903 -0.202773)
(0.0791083 -0.193748 -0.266663)
(-0.128032 -0.144011 -0.2058)
(0.211289 -0.0879739 -0.341191)
(-0.427909 -0.0556193 -0.30019)
(-0.19506 -0.105109 -0.316341)
(-0.0933147 -0.0933187 -0.208923)
(0.0933105 -0.0933187 -0.208926)
(0.195061 -0.105104 -0.316335)
(0.42791 -0.0556172 -0.300184)
(-0.211289 -0.0879726 -0.341193)
(0.128029 -0.144011 -0.2058)
(-0.128024 0.144013 -0.205801)
(0.211279 0.0879718 -0.341188)
(-0.427918 0.0556121 -0.300183)
(-0.195068 0.105102 -0.316327)
(-0.0933182 0.0933085 -0.208925)
(0.0933143 0.0933087 -0.208926)
(0.195069 0.105097 -0.316321)
(0.427919 0.0556106 -0.300177)
(-0.21128 0.0879707 -0.341189)
(0.128022 0.144012 -0.205801)
(-0.0791029 0.193748 -0.266668)
(0.266648 0.0295895 -0.202771)
(-0.432503 -0.0904094 -0.157197)
(-0.1359 0.135902 -0.292433)
(-0.105104 0.195067 -0.31633)
(0.105101 0.19507 -0.316321)
(0.135906 0.135905 -0.292427)
(0.432506 -0.0904046 -0.157192)
(-0.266648 0.0295893 -0.20277)
(0.0791027 0.193747 -0.266668)
(-0.152792 0.224995 -0.257848)
(0.513516 -0.133642 -0.143064)
(0.0596677 -0.0596586 0.102241)
(0.0904062 0.432497 -0.157203)
(-0.0556177 0.427915 -0.300184)
(0.0556145 0.42792 -0.300179)
(-0.090402 0.432504 -0.157194)
(-0.0596667 -0.0596665 0.102248)
(-0.513516 -0.133645 -0.143064)
(0.152791 0.224994 -0.257848)
(0.162403 -0.0847603 -0.126916)
(0.425556 -0.425555 -0.146956)
(0.133648 -0.513514 -0.143064)
(-0.0295913 -0.266649 -0.202774)
(-0.0879724 -0.211283 -0.34119)
(0.0879711 -0.211278 -0.341187)
(0.0295911 -0.266647 -0.202771)
(-0.133645 -0.513515 -0.143064)
(-0.425556 -0.425555 -0.146956)
(-0.162403 -0.0847603 -0.126916)
(0.346524 -0.346523 -0.2075)
(0.0847598 -0.162403 -0.126917)
(-0.224995 0.152792 -0.257847)
(-0.193748 0.079107 -0.266665)
(-0.144011 0.128027 -0.205801)
(0.144012 0.128021 -0.205801)
(0.193747 0.0791027 -0.266668)
(0.224994 0.152791 -0.257848)
(-0.0847602 -0.162403 -0.126916)
(-0.346524 -0.346524 -0.2075)
(0.00795947 0.00795949 -0.232582)
(0.0280254 -0.608831 0.115383)
(-0.194637 -0.991795 0.19784)
(-0.234329 -1.31473 0.130262)
(-0.154818 -1.59667 -0.0167449)
(0.154817 -1.59667 -0.0167437)
(0.234329 -1.3147 0.130266)
(0.194638 -0.991772 0.197838)
(-0.0280264 -0.608825 0.115381)
(-0.00796003 0.0079596 -0.232583)
(-0.608831 0.0280256 0.115383)
(0.771938 0.771938 0.187291)
(0.0947354 1.03094 0.278316)
(0.0895734 1.19223 0.487165)
(-0.37247 1.60174 0.428457)
(0.372476 1.60174 0.428459)
(-0.0895902 1.19217 0.487167)
(-0.0947392 1.03092 0.278314)
(-0.771937 0.771934 0.187292)
(0.60883 0.0280245 0.115382)
(-0.991797 -0.194636 0.19784)
(1.03094 0.0947368 0.278317)
(-0.177333 -0.17734 0.251027)
(0.805019 -1.19704 0.352489)
(-0.542299 -0.0357694 0.475941)
(0.542297 -0.0358055 0.475933)
(-0.805019 -1.19706 0.352473)
(0.177355 -0.177375 0.251021)
(-1.03094 0.0947183 0.278317)
(0.991791 -0.194636 0.197838)
(-1.31473 -0.234328 0.13026)
(1.19224 0.0895677 0.487163)
(-1.19704 0.805028 0.35249)
(0.910948 0.910946 -0.0812471)
(-1.00681 0.0651733 0.00988073)
(1.00678 0.0650438 0.00986179)
(-0.910917 0.910889 -0.0812662)
(1.19706 0.805033 0.352487)
(-1.19222 0.0895751 0.487164)
(1.31472 -0.234327 0.13026)
(-1.59667 -0.154818 -0.0167469)
(1.60174 -0.372474 0.428459)
(-0.035801 -0.542289 0.475941)
(0.0652894 -1.00684 0.00988298)
(-0.596038 -0.596092 -0.122496)
(0.595988 -0.596166 -0.122503)
(-0.0652813 -1.00683 0.00986944)
(0.0358692 -0.542277 0.475933)
(-1.60174 -0.372479 0.428463)
(1.59667 -0.154817 -0.0167474)
(-1.59667 0.154817 -0.0167445)
(1.60174 0.372485 0.428463)
(-0.0358693 0.542281 0.475928)
(0.065015 1.00677 0.00985277)
(-0.596195 0.595962 -0.122518)
(0.596146 0.596037 -0.122525)
(-0.0650055 1.00676 0.00983898)
(0.0359269 0.542269 0.475921)
(-1.60173 0.37249 0.428467)
(1.59667 0.154816 -0.0167451)
(-1.31469 0.234328 0.130266)
(1.19216 -0.08959 0.487167)
(-1.19707 -0.805025 0.352469)
(0.910856 -0.910907 -0.0812771)
(-1.00682 -0.065141 0.00984997)
(1.00679 -0.0650068 0.0098308)
(-0.910823 -0.910847 -0.0812934)
(1.19708 -0.805028 0.352468)
(-1.19215 -0.0895938 0.487168)
(1.31469 0.234327 0.130266)
(-0.991768 0.194637 0.197838)
(1.03092 -0.0947427 0.278313)
(-0.17738 0.177375 0.251021)
(0.805023 1.19707 0.352484)
(-0.542285 0.0358618 0.475929)
(0.542283 0.035888 0.475921)
(-0.805021 1.19709 0.35247)
(0.177401 0.177408 0.251017)
(-1.03092 -0.0947259 0.278315)
(0.991764 0.194637 0.197836)
(-0.608825 -0.0280268 0.115381)
(0.771933 -0.771937 0.187293)
(0.0947123 -1.03094 0.278318)
(0.0895828 -1.1922 0.487167)
(-0.372474 -1.60173 0.428464)
(0.37248 -1.60173 0.428465)
(-0.0895963 -1.19215 0.487169)
(-0.0947179 -1.03092 0.278316)
(-0.771932 -0.771933 0.187294)
(0.608824 -0.0280254 0.115381)
(0.0079595 -0.00795999 -0.232583)
(0.028024 0.60883 0.115382)
(-0.194638 0.991787 0.197838)
(-0.234328 1.31472 0.130263)
(-0.154817 1.59667 -0.0167453)
(0.154816 1.59667 -0.0167441)
(0.234328 1.31469 0.130266)
(0.194638 0.991765 0.197837)
(-0.0280249 0.608825 0.115381)
(-0.00796029 -0.00796033 -0.232583)
(-0.261416 -0.261416 -0.251266)
(0.229816 -1.45839 -0.110811)
(-0.203986 -1.85658 -0.134246)
(-0.038063 -2.00738 -0.259162)
(-0.265945 -1.7674 -0.392871)
(0.265944 -1.76745 -0.392867)
(0.0380673 -2.00739 -0.259157)
(0.203989 -1.85657 -0.134246)
(-0.229811 -1.45839 -0.110811)
(0.261413 -0.261416 -0.251266)
(-1.45839 0.229817 -0.110811)
(1.53306 1.53306 -0.81953)
(0.181288 1.86646 -0.154791)
(-0.0399415 1.99218 0.0833389)
(-1.19216 1.12371 -1.14654)
(1.19216 1.12369 -1.14651)
(0.0399312 1.99219 0.0833804)
(-0.181299 1.86645 -0.154773)
(-1.53306 1.53306 -0.819519)
(1.45839 0.229817 -0.110811)
(-1.85657 -0.203986 -0.134247)
(1.86646 0.18129 -0.154793)
(0.765358 0.765362 0.253316)
(0.940175 0.76099 0.344373)
(-0.34863 -0.569578 0.600497)
(0.348569 -0.56964 0.600565)
(-0.940207 0.76098 0.344367)
(-0.765388 0.765351 0.253313)
(-1.86646 0.181302 -0.154784)
(1.85657 -0.203987 -0.134248)
(-2.00737 -0.0380625 -0.259163)
(1.99218 -0.0399524 0.0833381)
(0.760988 0.940168 0.344374)
(0.903955 0.903952 -0.233603)
(-0.0380992 0.226957 -0.0507823)
(0.0380762 0.226814 -0.0507815)
(-0.903971 0.903933 -0.233624)
(-0.761022 0.940145 0.344363)
(-1.99218 -0.039966 0.0833556)
(2.00737 -0.0380622 -0.259161)
(-1.76739 -0.265942 -0.392872)
(1.12373 -1.19217 -1.14654)
(-0.569595 -0.348629 0.600462)
(0.226985 -0.0381771 -0.0508127)
(-0.653174 -0.653265 -0.576794)
(0.653073 -0.653378 -0.576931)
(-0.226845 -0.0382329 -0.0508653)
(0.569698 -0.348637 0.600492)
(-1.12377 -1.19219 -1.1465)
(1.76741 -0.26594 -0.392871)
(-1.76747 0.265947 -0.392865)
(1.12372 1.19216 -1.14648)
(-0.569717 0.34853 0.600602)
(0.226664 0.0381066 -0.0507994)
(-0.653387 0.652991 -0.577095)
(0.653279 0.653099 -0.577234)
(-0.22653 0.038164 -0.0508476)
(0.569806 0.348547 0.60063)
(-1.12376 1.1922 -1.14645)
(1.76748 0.265943 -0.392865)
(-2.0074 0.0380675 -0.259156)
(1.99219 0.0399396 0.0833971)
(0.760972 -0.940204 0.344365)
(0.903918 -0.90397 -0.233636)
(-0.0382401 -0.226724 -0.0508806)
(0.0382197 -0.226585 -0.0508757)
(-0.903931 -0.903948 -0.233654)
(-0.760999 -0.940178 0.344357)
(-1.99219 0.0399557 0.0834103)
(2.00739 0.038067 -0.259155)
(-1.85657 0.203989 -0.134246)
(1.86645 -0.181314 -0.154769)
(0.765342 -0.765398 0.253315)
(0.940145 -0.761022 0.34436)
(-0.348644 0.569733 0.600551)
(0.348592 0.569784 0.600618)
(-0.940173 -0.761005 0.344356)
(-0.765366 -0.765381 0.253313)
(-1.86645 -0.181322 -0.15476)
(1.85657 0.20399 -0.134248)
(-1.45839 -0.22981 -0.110812)
(1.53306 -1.53306 -0.819518)
(0.1813 -1.86645 -0.154776)
(-0.0399551 -1.99218 0.0833635)
(-1.19218 -1.12376 -1.1465)
(1.19218 -1.12374 -1.14646)
(0.0399465 -1.99219 0.0834008)
(-0.181309 -1.86644 -0.154758)
(-1.53306 -1.53306 -0.819509)
(1.45839 -0.229811 -0.110812)
(-0.261417 0.261413 -0.251266)
(0.229817 1.45839 -0.110811)
(-0.203988 1.85657 -0.134247)
(-0.0380624 2.00738 -0.25916)
(-0.265941 1.76742 -0.39287)
(0.26594 1.76747 -0.392867)
(0.0380664 2.00739 -0.259156)
(0.20399 1.85657 -0.134247)
(-0.229811 1.45839 -0.110812)
(0.261414 0.261413 -0.251266)
(-0.442801 -0.4428 -0.212265)
(0.339833 -1.8299 0.0259453)
(-0.346807 -1.81889 0.275164)
(0.0660789 -0.305374 0.156828)
(-0.55924 -0.108032 0.00443614)
(0.559263 -0.108047 0.00446421)
(-0.0660726 -0.305462 0.156835)
(0.346804 -1.81891 0.275163)
(-0.33983 -1.82991 0.0259467)
(0.4428 -0.442802 -0.212265)
(-1.8299 0.339832 0.0259454)
(1.85398 1.85398 -1.26194)
(-1.55358 1.84798 -0.269315)
(0.37498 0.278082 -0.168729)
(-1.22992 -0.644497 -0.725984)
(1.22987 -0.644411 -0.726)
(-0.374866 0.278162 -0.16871)
(1.55336 1.848 -0.269313)
(-1.85398 1.85399 -1.26196)
(1.8299 0.339831 0.0259456)
(-1.81889 -0.346807 0.275163)
(1.84797 -1.55367 -0.269306)
(0.537419 0.537405 0.767048)
(0.88835 0.721974 1.11465)
(-0.313595 -0.935512 1.00437)
(0.313443 -0.9354 1.00443)
(-0.888389 0.721949 1.11463)
(-0.537484 0.537398 0.76703)
(-1.84797 -1.5537 -0.269311)
(1.81889 -0.346812 0.275163)
(-0.305375 0.0660766 0.156823)
(0.278077 0.375001 -0.16873)
(0.721969 0.888343 1.11466)
(0.248544 0.248531 0.697718)
(-0.376704 -0.19472 0.37641)
(0.376733 -0.1948 0.376421)
(-0.248441 0.248432 0.697718)
(-0.721998 0.888323 1.11464)
(-0.27804 0.374906 -0.168724)
(0.305391 0.0660732 0.156824)
(-0.108056 -0.55923 0.00441792)
(-0.644503 -1.22993 -0.725984)
(-0.935531 -0.313625 1.00437)
(-0.194663 -0.376721 0.376337)
(-0.56601 -0.565952 -0.755906)
(0.566028 -0.565897 -0.756214)
(0.194711 -0.376728 0.376183)
(0.935569 -0.313649 1.00441)
(0.64451 -1.22995 -0.725975)
(0.108075 -0.559229 0.00441393)
(-0.108074 0.55927 0.00445845)
(-0.644374 1.22986 -0.725982)
(-0.935381 0.313391 1.0045)
(-0.19488 0.37676 0.376338)
(-0.565846 0.565922 -0.756565)
(0.565844 0.565849 -0.75687)
(0.194934 0.376755 0.376182)
(0.93543 0.313429 1.00455)
(0.644393 1.22989 -0.725968)
(0.10809 0.559266 0.00445166)
(-0.30549 -0.0660688 0.156838)
(0.278175 -0.374826 -0.168697)
(0.721933 -0.888392 1.11462)
(0.248341 -0.248374 0.697714)
(-0.376765 0.194757 0.376064)
(0.376783 0.194844 0.376075)
(-0.248248 -0.248285 0.697715)
(-0.721955 -0.888371 1.11461)
(-0.278136 -0.374762 -0.168689)
(0.305496 -0.0660663 0.156838)
(-1.81891 0.346804 0.275163)
(1.84801 1.55334 -0.269303)
(0.537402 -0.537496 0.767026)
(0.888326 -0.721997 1.11463)
(-0.313641 0.93559 1.00445)
(0.3135 0.935488 1.00451)
(-0.888364 -0.721967 1.11462)
(-0.53746 -0.537478 0.767012)
(-1.848 1.55341 -0.269303)
(1.81891 0.346808 0.275162)
(-1.82991 -0.339829 0.0259467)
(1.85399 -1.85398 -1.26197)
(-1.55366 -1.84797 -0.26932)
(0.374898 -0.278026 -0.168727)
(-1.22995 0.644529 -0.725941)
(1.22991 0.644454 -0.72595)
(-0.37481 -0.278106 -0.168705)
(1.55346 -1.848 -0.269314)
(-1.85399 -1.85399 -1.26199)
(1.82991 -0.339828 0.025947)
(-0.442802 0.442799 -0.212264)
(0.339832 1.82989 0.0259457)
(-0.346813 1.81889 0.275163)
(0.0660742 0.305396 0.15683)
(-0.559239 0.108056 0.00442961)
(0.559261 0.108067 0.00445527)
(-0.0660686 0.305475 0.156837)
(0.34681 1.81891 0.275163)
(-0.339828 1.8299 0.0259469)
(0.442801 0.4428 -0.212264)
(-0.493238 -0.493237 -0.145791)
(0.43809 -1.78482 -0.162937)
(-0.40356 -1.28811 0.0078631)
(0.14179 -0.0625065 -0.0808543)
(-0.527949 -0.428083 -0.240008)
(0.527954 -0.428111 -0.240013)
(-0.141792 -0.0625431 -0.0808386)
(0.403558 -1.28814 0.00786474)
(-0.438085 -1.78483 -0.162938)
(0.493237 -0.493239 -0.145789)
(-1.78482 0.438089 -0.162937)
(1.79076 1.79076 -1.00512)
(-2.16237 1.306 -0.544703)
(0.702842 -0.139352 -0.470322)
(-1.43212 -0.576156 -0.861427)
(1.4321 -0.57601 -0.861512)
(-0.7029 -0.139334 -0.470259)
(2.16241 1.30602 -0.544654)
(-1.79076 1.79077 -1.00517)
(1.78482 0.438088 -0.162936)
(-1.28811 -0.40356 0.00786344)
(1.30601 -2.16236 -0.544715)
(0.136844 0.136827 1.15946)
(0.727634 0.24491 1.09188)
(-0.442191 -1.47928 0.722374)
(0.442134 -1.47916 0.722451)
(-0.727674 0.244888 1.09192)
(-0.136903 0.136809 1.15946)
(-1.30601 -2.16239 -0.544696)
(1.28811 -0.40356 0.00786683)
(-0.0625223 0.141789 -0.0808556)
(-0.139343 0.702838 -0.470346)
(0.244911 0.727622 1.09189)
(-0.369521 -0.36953 0.910876)
(-0.450699 0.230467 -0.219549)
(0.450816 0.230687 -0.219525)
(0.369582 -0.369533 0.910845)
(-0.24494 0.727609 1.09192)
(0.139322 0.702853 -0.470348)
(0.0625361 0.141788 -0.0808306)
(-0.428101 -0.527946 -0.240004)
(-0.576207 -1.43212 -0.861408)
(-1.4793 -0.442186 0.722348)
(0.230438 -0.450605 -0.21962)
(-0.493663 -0.493531 -1.06556)
(0.493736 -0.493382 -1.06572)
(-0.230557 -0.450553 -0.219765)
(1.47929 -0.442181 0.722375)
(0.576179 -1.43213 -0.861421)
(0.428123 -0.527948 -0.239994)
(-0.428148 0.52796 -0.240012)
(-0.575967 1.43209 -0.861518)
(-1.47912 0.442122 0.722536)
(0.230907 0.45082 -0.219607)
(-0.493319 0.493671 -1.0659)
(0.493382 0.493513 -1.06608)
(-0.231001 0.450741 -0.219768)
(1.47912 0.442117 0.722566)
(0.575968 1.4321 -0.861511)
(0.428163 0.527961 -0.240001)
(-0.0625713 -0.141789 -0.0808264)
(-0.139313 -0.702912 -0.470246)
(0.244875 -0.72768 1.09195)
(-0.36959 0.369594 0.910837)
(-0.450613 -0.230728 -0.21992)
(0.450706 -0.230926 -0.219909)
(0.369652 0.3696 0.910796)
(-0.244898 -0.727668 1.09198)
(0.139296 -0.70293 -0.470251)
(0.0625813 -0.141788 -0.0808075)
(-1.28815 0.403555 0.0078668)
(1.30603 2.16242 -0.544638)
(0.136823 -0.136902 1.15946)
(0.727614 -0.244942 1.09194)
(-0.442205 1.4793 0.722407)
(0.442146 1.47918 0.722488)
(-0.727657 -0.244913 1.09198)
(-0.136875 -0.136876 1.15945)
(-1.30604 2.16244 -0.544627)
(1.28815 0.403554 0.00786955)
(-1.78483 -0.438085 -0.162939)
(1.79077 -1.79076 -1.00519)
(-2.16241 -1.30601 -0.544694)
(0.702859 0.139318 -0.470334)
(-1.43215 0.576142 -0.861401)
(1.43212 0.576021 -0.861468)
(-0.702924 0.139304 -0.470269)
(2.16245 -1.30603 -0.544649)
(-1.79077 -1.79077 -1.00522)
(1.78483 -0.438084 -0.162937)
(-0.49324 0.493238 -0.145789)
(0.438087 1.78482 -0.162936)
(-0.40356 1.28812 0.00786831)
(0.141791 0.0625309 -0.0808165)
(-0.527956 0.428112 -0.239988)
(0.527961 0.428134 -0.239993)
(-0.141792 0.0625641 -0.0808062)
(0.403556 1.28815 0.00786924)
(-0.438083 1.78483 -0.162937)
(0.49324 0.493239 -0.145787)
(-0.456188 -0.456188 -0.161343)
(0.528357 -1.76343 -0.0512428)
(-0.525092 -0.903861 0.305784)
(0.0942014 -0.255707 0.24456)
(-0.577095 -0.683493 0.137424)
(0.577099 -0.683504 0.1374)
(-0.0942333 -0.255738 0.244576)
(0.525093 -0.9039 0.305786)
(-0.528357 -1.76344 -0.0512419)
(0.456188 -0.45619 -0.161339)
(-1.76343 0.528358 -0.0512429)
(1.75052 1.75052 -0.720271)
(-2.17331 0.694285 -0.539612)
(0.835429 -0.347536 -0.434656)
(-1.32005 -0.559286 -0.572037)
(1.32003 -0.559136 -0.572111)
(-0.835518 -0.347538 -0.434658)
(2.17337 0.694268 -0.539629)
(-1.75052 1.75053 -0.720277)
(1.76343 0.52836 -0.0512417)
(-0.903861 -0.525088 0.30578)
(0.694328 -2.1733 -0.539613)
(-0.201533 -0.201553 1.14594)
(0.501874 -0.411119 1.34639)
(-0.774824 -1.35697 0.485414)
(0.774857 -1.357 0.485472)
(-0.501928 -0.411097 1.34639)
(0.201506 -0.201571 1.14592)
(-0.69439 -2.17333 -0.539643)
(0.903877 -0.525088 0.305774)
(-0.255708 0.0941885 0.244559)
(-0.347509 0.835397 -0.434671)
(-0.411123 0.501866 1.3464)
(-0.324898 -0.324851 1.16401)
(-0.627865 0.35079 -0.611598)
(0.627973 0.351086 -0.611517)
(0.324882 -0.324724 1.16403)
(0.411092 0.501879 1.34642)
(0.347461 0.83544 -0.434697)
(0.255685 0.0941939 0.244554)
(-0.683492 -0.577098 0.137435)
(-0.559342 -1.32005 -0.572032)
(-1.35694 -0.774783 0.485388)
(0.350725 -0.627756 -0.611642)
(-0.477294 -0.477151 -1.1039)
(0.477367 -0.477003 -1.10387)
(-0.350876 -0.627761 -0.611699)
(1.35691 -0.774762 0.485394)
(0.559306 -1.32002 -0.572047)
(0.683494 -0.577096 0.137434)
(-0.683513 0.577108 0.137396)
(-0.559109 1.32002 -0.572131)
(-1.35699 0.77487 0.485498)
(0.351346 0.628002 -0.611549)
(-0.476996 0.477367 -1.10383)
(0.477079 0.477228 -1.10385)
(-0.351464 0.627988 -0.611644)
(1.35695 0.774844 0.485499)
(0.559106 1.31999 -0.572126)
(0.683512 0.577107 0.137401)
(-0.255758 -0.0942335 0.244584)
(-0.347499 -0.835523 -0.434665)
(-0.411084 -0.501946 1.34643)
(-0.324707 0.324824 1.16403)
(-0.627772 -0.351061 -0.611848)
(0.627863 -0.351329 -0.611798)
(0.32469 0.324696 1.16403)
(0.411064 -0.501964 1.34645)
(0.347456 -0.835557 -0.434686)
(0.255753 -0.0942326 0.244579)
(-0.903913 0.525087 0.305787)
(0.694292 2.17339 -0.539634)
(-0.201546 0.201524 1.14592)
(0.501889 0.411063 1.34644)
(-0.774776 1.35688 0.485377)
(0.774806 1.35691 0.485432)
(-0.50195 0.41105 1.34645)
(0.201522 0.201545 1.1459)
(-0.694352 2.17342 -0.539658)
(0.903926 0.525082 0.305781)
(-1.76345 -0.528358 -0.0512423)
(1.75053 -1.75052 -0.720276)
(-2.17335 -0.694388 -0.539655)
(0.835464 0.34744 -0.434698)
(-1.32005 0.559254 -0.572024)
(1.32002 0.559131 -0.572079)
(-0.835552 0.347446 -0.434694)
(2.17341 -0.694368 -0.539668)
(-1.75053 -1.75053 -0.720272)
(1.76345 -0.52836 -0.0512419)
(-0.456191 0.456189 -0.161338)
(0.52836 1.76344 -0.0512417)
(-0.525088 0.903885 0.305775)
(0.0942064 0.255679 0.244557)
(-0.577099 0.683494 0.137432)
(0.577104 0.683503 0.137414)
(-0.0942335 0.255729 0.244574)
(0.525084 0.903922 0.305778)
(-0.52836 1.76345 -0.0512418)
(0.456192 0.456191 -0.161334)
(-0.498147 -0.498148 -0.257767)
(0.411417 -1.68145 -0.104657)
(-0.454072 -0.660897 0.342239)
(-0.0201523 -0.440608 0.310038)
(-0.622211 -0.703042 0.115403)
(0.62222 -0.703032 0.115355)
(0.0201331 -0.440619 0.310067)
(0.454068 -0.660934 0.342249)
(-0.411421 -1.68147 -0.104655)
(0.498148 -0.498149 -0.257764)
(-1.68146 0.411418 -0.10466)
(1.66626 1.66626 -0.424983)
(-2.13744 0.756129 -0.477743)
(0.879269 0.0891161 -0.556138)
(-1.13923 -0.325776 -0.609874)
(1.13925 -0.32575 -0.609917)
(-0.879339 0.089191 -0.556177)
(2.13748 0.756164 -0.47777)
(-1.66627 1.66627 -0.424979)
(1.68147 0.411421 -0.104659)
(-0.6609 -0.454066 0.342229)
(0.75615 -2.13741 -0.477745)
(-0.468341 -0.468368 1.18432)
(0.33908 -0.956986 1.40992)
(-0.714372 -0.910908 0.0502581)
(0.714425 -0.910984 0.0503061)
(-0.3391 -0.956966 1.4099)
(0.468353 -0.468377 1.1843)
(-0.75619 -2.13741 -0.477775)
(0.660918 -0.45406 0.342212)
(-0.440617 -0.0201753 0.31003)
(0.0891419 0.879235 -0.55615)
(-0.956983 0.339115 1.40994)
(0.0844018 0.0844768 1.13736)
(-0.53075 0.394104 -0.979354)
(0.530751 0.394324 -0.97935)
(-0.0844494 0.0846694 1.13742)
(0.956971 0.33918 1.40996)
(-0.0891955 0.879277 -0.556193)
(0.440618 -0.0201863 0.310021)
(-0.703048 -0.62221 0.115421)
(-0.325811 -1.1392 -0.609886)
(-0.910877 -0.714328 0.05022)
(0.394064 -0.530755 -0.979327)
(-0.420243 -0.420115 -1.16127)
(0.420341 -0.420036 -1.16112)
(-0.394189 -0.530819 -0.979324)
(0.910881 -0.714328 0.0502057)
(0.325806 -1.13917 -0.609885)
(0.703053 -0.622202 0.115416)
(-0.703037 0.622228 0.115348)
(-0.325763 1.13924 -0.609941)
(-0.910978 0.714446 0.0502989)
(0.39452 0.530792 -0.979343)
(-0.420124 0.420426 -1.16096)
(0.420239 0.420362 -1.16084)
(-0.394616 0.530867 -0.979357)
(0.910963 0.714446 0.050288)
(0.325764 1.13921 -0.609924)
(0.703044 0.622221 0.115357)
(-0.440638 0.0201441 0.310076)
(0.0892709 -0.879334 -0.556205)
(-0.956929 -0.33914 1.40994)
(0.0847442 -0.0845365 1.13746)
(-0.53077 -0.394322 -0.979372)
(0.530782 -0.394518 -0.979383)
(-0.0847711 -0.084712 1.13747)
(0.956928 -0.339214 1.40997)
(-0.0893159 -0.879358 -0.556245)
(0.440647 0.0201599 0.310073)
(-0.660948 0.454058 0.342248)
(0.756194 2.13747 -0.477783)
(-0.468342 0.468379 1.1843)
(0.339189 0.956925 1.40998)
(-0.714328 0.910857 0.0502001)
(0.71438 0.910917 0.0502554)
(-0.339218 0.956914 1.40996)
(0.46835 0.468385 1.18426)
(-0.756236 2.13748 -0.477816)
(0.660968 0.454046 0.342234)
(-1.68148 -0.411425 -0.104658)
(1.66627 -1.66627 -0.424974)
(-2.13743 -0.756193 -0.477788)
(0.879296 -0.0892279 -0.556199)
(-1.13922 0.325752 -0.609875)
(1.13924 0.325728 -0.609902)
(-0.879358 -0.0893035 -0.556239)
(2.13748 -0.756232 -0.47782)
(-1.66627 -1.66627 -0.424957)
(1.68149 -0.411429 -0.104659)
(-0.49815 0.498149 -0.257764)
(0.411421 1.68147 -0.104658)
(-0.45406 0.660925 0.342212)
(-0.0201717 0.440615 0.310022)
(-0.622206 0.70305 0.115404)
(0.622217 0.703042 0.115367)
(0.0201561 0.440637 0.310058)
(0.454048 0.660964 0.342225)
(-0.411428 1.68148 -0.104659)
(0.498151 0.49815 -0.25776)
(-0.598998 -0.599 -0.0825235)
(0.332108 -1.7267 -0.091685)
(-0.458854 -0.502207 0.394268)
(-0.089965 -0.481422 0.438265)
(-0.655214 -0.723544 0.236209)
(0.655205 -0.723534 0.236173)
(0.0899735 -0.481433 0.438273)
(0.458861 -0.502227 0.394264)
(-0.332107 -1.7267 -0.0916837)
(0.598997 -0.599001 -0.0825227)
(-1.7267 0.332117 -0.091687)
(1.73069 1.73069 -0.102235)
(-1.83034 0.812003 -0.325101)
(0.788316 0.318686 -0.581318)
(-0.931506 -0.370643 -0.545544)
(0.931588 -0.370721 -0.545527)
(-0.788335 0.318762 -0.581341)
(1.83033 0.812039 -0.325152)
(-1.7307 1.73069 -0.102244)
(1.72671 0.332121 -0.0916861)
(-0.502214 -0.458842 0.394263)
(0.812027 -1.83029 -0.325092)
(-0.674349 -0.674383 1.41573)
(0.35664 -1.20045 1.38328)
(-0.341499 -0.712663 -0.202467)
(0.341683 -0.712745 -0.202483)
(-0.356602 -1.20046 1.38326)
(0.674371 -0.674385 1.4157)
(-0.812061 -1.83027 -0.325127)
(0.502237 -0.458838 0.394248)
(-0.481434 -0.0899798 0.438258)
(0.318711 0.788303 -0.581346)
(-1.20045 0.356707 1.38329)
(0.472434 0.472529 0.855254)
(-0.346158 0.40369 -1.06266)
(0.346056 0.403725 -1.06269)
(-0.472444 0.47271 0.855313)
(1.20048 0.356799 1.38331)
(-0.318715 0.78829 -0.581392)
(0.481444 -0.0899941 0.438235)
(-0.72355 -0.65522 0.236226)
(-0.370644 -0.93143 -0.54557)
(-0.712663 -0.341385 -0.20247)
(0.403711 -0.346242 -1.06259)
(-0.386105 -0.386068 -1.15855)
(0.386193 -0.386109 -1.15824)
(-0.403758 -0.346309 -1.06254)
(0.71273 -0.341377 -0.202483)
(0.370674 -0.931423 -0.54555)
(0.723547 -0.655212 0.236222)
(-0.723538 0.655208 0.236171)
(-0.370759 0.93156 -0.54554)
(-0.712783 0.341673 -0.202512)
(0.403803 0.346058 -1.06265)
(-0.386257 0.386342 -1.1579)
(0.386366 0.386403 -1.15766)
(-0.403857 0.346159 -1.06262)
(0.71283 0.341645 -0.20251)
(0.370769 0.931539 -0.545522)
(0.723538 0.655206 0.236178)
(-0.481449 0.0899909 0.43827)
(0.318823 -0.788308 -0.581376)
(-1.20046 -0.356648 1.3833)
(0.472794 -0.472561 0.855364)
(-0.346253 -0.403792 -1.06255)
(0.346182 -0.403837 -1.06259)
(-0.472774 -0.472716 0.855389)
(1.20049 -0.356753 1.38332)
(-0.318827 -0.788258 -0.581424)
(0.481458 0.0900105 0.438256)
(-0.502237 0.458852 0.394261)
(0.812074 1.83028 -0.325161)
(-0.674343 0.674394 1.41569)
(0.356804 1.20047 1.38332)
(-0.341449 0.712744 -0.202505)
(0.341604 0.712808 -0.202504)
(-0.356779 1.20048 1.38331)
(0.674359 0.674389 1.41567)
(-0.812118 1.83024 -0.325179)
(0.50226 0.45884 0.39425)
(-1.72671 -0.332113 -0.0916876)
(1.7307 -1.73071 -0.102238)
(-1.83029 -0.81206 -0.325137)
(0.788253 -0.318718 -0.581385)
(-0.931484 0.370664 -0.545545)
(0.93155 0.370725 -0.545528)
(-0.788236 -0.318802 -0.581416)
(1.83026 -0.812107 -0.325175)
(-1.73071 -1.73072 -0.102213)
(1.72672 -0.332119 -0.0916919)
(-0.599 0.598998 -0.0825226)
(0.332117 1.72671 -0.0916874)
(-0.458844 0.502241 0.394245)
(-0.0899922 0.481441 0.438228)
(-0.655207 0.723541 0.236202)
(0.655203 0.723533 0.236175)
(0.0900056 0.481453 0.438244)
(0.458842 0.50226 0.394244)
(-0.332118 1.72672 -0.0916924)
(0.599 0.599 -0.0825234)
(-0.664923 -0.664924 0.0224277)
(0.524086 -1.83913 -0.151356)
(-0.381082 -0.474498 0.362496)
(-0.0539263 -0.42968 0.506996)
(-0.668406 -0.690748 0.274462)
(0.668391 -0.690748 0.274434)
(0.0539565 -0.429688 0.506982)
(0.381113 -0.474476 0.362496)
(-0.524085 -1.83914 -0.151344)
(0.664923 -0.664925 0.0224288)
(-1.83913 0.52409 -0.151364)
(1.83763 1.83763 -0.278449)
(-0.865865 1.11828 0.082094)
(0.439475 0.350227 -0.444619)
(-0.728058 -0.338383 -0.593749)
(0.728103 -0.338492 -0.593684)
(-0.439435 0.350232 -0.444623)
(0.865933 1.11828 0.0820552)
(-1.83764 1.83765 -0.278441)
(1.83914 0.524091 -0.151366)
(-0.474538 -0.381054 0.36249)
(1.11832 -0.865747 0.0820843)
(-0.707686 -0.707716 1.57572)
(0.596098 -1.10874 1.19373)
(-0.0720375 -0.672823 -0.377283)
(0.0721024 -0.672945 -0.377248)
(-0.596077 -1.10876 1.19372)
(0.707694 -0.707714 1.5757)
(-1.11834 -0.865689 0.0820522)
(0.474581 -0.38104 0.362479)
(-0.429692 -0.0539178 0.506995)
(0.350268 0.439516 -0.44465)
(-1.10875 0.596126 1.19374)
(0.608298 0.608313 0.333118)
(-0.248027 0.414509 -1.07167)
(0.24793 0.414449 -1.07173)
(-0.608305 0.608295 0.333151)
(1.10879 0.596169 1.19376)
(-0.350245 0.439519 -0.444676)
(0.429692 -0.0539125 0.506979)
(-0.690752 -0.668407 0.274476)
(-0.338332 -0.728021 -0.593762)
(-0.672798 -0.0719847 -0.377283)
(0.414537 -0.248121 -1.07159)
(-0.364476 -0.364628 -1.1412)
(0.364487 -0.364858 -1.14096)
(-0.414496 -0.248168 -1.07156)
(0.67284 -0.0719705 -0.377282)
(0.338353 -0.728023 -0.593718)
(0.690745 -0.668396 0.274476)
(-0.690756 0.668385 0.274435)
(-0.338494 0.728087 -0.593668)
(-0.672993 0.0720733 -0.377244)
(0.41444 0.247923 -1.07167)
(-0.364983 0.36461 -1.14066)
(0.365007 0.364855 -1.14043)
(-0.414428 0.247988 -1.07163)
(0.673019 0.0720446 -0.37723)
(0.338483 0.728075 -0.593644)
(0.69075 0.66838 0.27444)
(-0.429703 0.0539654 0.506976)
(0.35026 -0.439432 -0.444648)
(-1.10877 -0.596099 1.19374)
(0.608317 -0.60835 0.333175)
(-0.248134 -0.41445 -1.07154)
(0.24805 -0.414419 -1.07159)
(-0.60834 -0.60835 0.333193)
(1.10881 -0.596157 1.19376)
(-0.350254 -0.439418 -0.444668)
(0.429704 0.0539661 0.506976)
(-0.474493 0.381102 0.362493)
(1.11831 0.865856 0.0820386)
(-0.707674 0.707699 1.57569)
(0.596188 1.10879 1.19376)
(-0.0720012 0.672873 -0.377287)
(0.0720472 0.672979 -0.377244)
(-0.596182 1.1088 1.19376)
(0.707658 0.70767 1.57565)
(-1.11836 0.865735 0.0820256)
(0.474541 0.381077 0.362483)
(-1.83914 -0.524087 -0.151349)
(1.83765 -1.83764 -0.278457)
(-0.865718 -1.11833 0.0820584)
(0.439475 -0.350231 -0.444662)
(-0.72802 0.338398 -0.593719)
(0.728052 0.338486 -0.593673)
(-0.439408 -0.350252 -0.444664)
(0.865717 -1.11836 0.0820353)
(-1.83765 -1.83765 -0.278485)
(1.83914 -0.524088 -0.151362)
(-0.664925 0.664924 0.0224288)
(0.52409 1.83914 -0.151366)
(-0.381052 0.474572 0.362478)
(-0.0539227 0.429687 0.506967)
(-0.668394 0.69074 0.274455)
(0.668384 0.69074 0.274432)
(0.0539586 0.429696 0.506966)
(0.381068 0.474556 0.362478)
(-0.524089 1.83914 -0.151366)
(0.664926 0.664925 0.0224293)
(-0.719997 -0.719997 0.0526849)
(0.629093 -1.69113 -0.224148)
(0.0783759 -0.931867 0.309271)
(0.139214 -0.305292 0.626009)
(-0.595228 -0.601392 0.356935)
(0.595209 -0.601395 0.356928)
(-0.139193 -0.305303 0.625996)
(-0.0783353 -0.931858 0.309276)
(-0.629093 -1.69118 -0.224143)
(0.719996 -0.719997 0.052686)
(-1.69112 0.629093 -0.224155)
(0.889388 0.889506 -0.906703)
(-1.377 1.13256 0.406604)
(0.253215 0.31869 -0.297423)
(-0.791808 -0.210558 -0.653162)
(0.791803 -0.210679 -0.653077)
(-0.253187 0.318671 -0.297443)
(1.37709 1.13256 0.406584)
(-0.889396 0.889725 -0.90674)
(1.69114 0.629093 -0.22416)
(-0.931892 0.0784074 0.309265)
(1.13258 -1.37691 0.406575)
(-0.799712 -0.799758 1.76418)
(0.896066 -0.902573 0.913068)
(-0.0839249 -0.613156 -0.369827)
(0.0837915 -0.613263 -0.369795)
(-0.89607 -0.902587 0.913111)
(0.799665 -0.799765 1.76416)
(-1.13262 -1.37683 0.406541)
(0.931932 0.0784206 0.309259)
(-0.305308 0.139222 0.626006)
(0.318719 0.253225 -0.297424)
(-0.902581 0.896049 0.913065)
(0.665302 0.665289 0.0209859)
(-0.239278 0.395284 -1.02568)
(0.239254 0.395218 -1.02574)
(-0.665257 0.665162 0.0209761)
(0.902604 0.896032 0.91307)
(-0.318712 0.253183 -0.29742)
(0.305321 0.139222 0.625995)
(-0.601399 -0.595223 0.356938)
(-0.210463 -0.791809 -0.653178)
(-0.613128 -0.0839442 -0.36981)
(0.395303 -0.239346 -1.02563)
(-0.328612 -0.328791 -1.12015)
(0.328603 -0.329037 -1.12002)
(-0.39523 -0.239366 -1.02565)
(0.613138 -0.0838965 -0.369779)
(0.210474 -0.79181 -0.653127)
(0.601391 -0.595208 0.356945)
(-0.601405 0.595194 0.356927)
(-0.210637 0.791799 -0.653053)
(-0.613303 0.083733 -0.369776)
(0.395181 0.239262 -1.02571)
(-0.329092 0.328626 -1.11988)
(0.329077 0.328869 -1.11976)
(-0.395136 0.239276 -1.0257)
(0.613301 0.0836862 -0.369733)
(0.210623 0.791796 -0.653028)
(0.601397 0.595181 0.356931)
(-0.305312 -0.139193 0.625991)
(0.318674 -0.253169 -0.297453)
(-0.902609 -0.896054 0.913132)
(0.665143 -0.665215 0.0209836)
(-0.239342 -0.395164 -1.02564)
(0.239306 -0.395124 -1.02569)
(-0.665134 -0.665123 0.0209695)
(0.902625 -0.896037 0.913142)
(-0.318667 -0.253121 -0.297438)
(0.30531 -0.139193 0.625994)
(-0.931871 -0.0783485 0.309271)
(1.13258 1.37706 0.406556)
(-0.799731 0.799668 1.76415)
(0.896049 0.902611 0.913083)
(-0.0838411 0.61317 -0.369781)
(0.0837153 0.613264 -0.369746)
(-0.896054 0.902615 0.913128)
(0.799678 0.799657 1.76413)
(-1.13261 1.37697 0.406527)
(0.931902 -0.0783782 0.309259)
(-1.69117 -0.629094 -0.224148)
(0.889679 -0.889415 -0.906757)
(-1.37685 -1.13261 0.406554)
(0.25317 -0.318689 -0.297417)
(-0.791779 0.210598 -0.65311)
(0.791772 0.210703 -0.65305)
(-0.253126 -0.318669 -0.297428)
(1.37692 -1.13262 0.406537)
(-0.889558 -0.889483 -0.906792)
(1.69116 -0.629095 -0.224159)
(-0.719998 0.719997 0.052686)
(0.629093 1.69114 -0.224159)
(0.0784101 0.931923 0.309261)
(0.139205 0.305318 0.625985)
(-0.595208 0.601381 0.356937)
(0.59519 0.601382 0.356928)
(-0.139185 0.305313 0.625986)
(-0.0783933 0.931911 0.309258)
(-0.629095 1.69115 -0.224161)
(0.719999 0.719998 0.0526862)
)
;

boundaryField
{
    bottom
    {
        type            noSlip;
    }
    atmosphere
    {
        type            pressureInletOutletVelocity;
        value           nonuniform List<vector> 0();
    }
    walls
    {
        type            noSlip;
    }
    procBoundary3to2
    {
        type            processor;
        value           nonuniform List<vector> 
100
(
(-0.775057 -0.775057 0.100324)
(0.654111 -1.17678 -0.214107)
(0.078987 -0.906895 0.403279)
(0.163336 -0.293724 0.815896)
(-0.480606 -0.481762 0.417567)
(0.480592 -0.481756 0.41757)
(-0.163337 -0.293746 0.815885)
(-0.0789628 -0.906895 0.403276)
(-0.654112 -1.17681 -0.214141)
(0.775058 -0.775058 0.100325)
(-1.17677 0.654112 -0.214094)
(-0.147136 -0.147095 -0.344676)
(-1.43241 1.027 0.359905)
(0.081774 0.34836 -0.353965)
(-0.809135 -0.0594044 -0.805319)
(0.809103 -0.0594963 -0.805225)
(-0.0817301 0.34827 -0.354021)
(1.43247 1.02699 0.359886)
(0.147159 -0.147054 -0.344701)
(1.17678 0.654117 -0.2141)
(-0.906905 0.0790033 0.403276)
(1.02702 -1.43238 0.359907)
(-0.915326 -0.915356 1.80663)
(0.934004 -0.746025 0.633743)
(-0.193094 -0.543378 -0.342112)
(0.193085 -0.543389 -0.342202)
(-0.933973 -0.746034 0.633765)
(0.915249 -0.915369 1.80663)
(-1.02705 -1.43236 0.359946)
(0.906934 0.0790184 0.403275)
(-0.293736 0.163329 0.815892)
(0.348406 0.0817704 -0.353951)
(-0.746038 0.933986 0.633743)
(0.582726 0.582721 -0.272606)
(-0.259013 0.351814 -1.0002)
(0.259048 0.351764 -1.00024)
(-0.582663 0.582646 -0.272588)
(0.746041 0.933963 0.633737)
(-0.348391 0.0817002 -0.353932)
(0.293756 0.16332 0.815888)
(-0.481774 -0.480597 0.417553)
(-0.0593148 -0.809144 -0.805347)
(-0.543381 -0.193106 -0.342042)
(0.351832 -0.259066 -1.00019)
(-0.266261 -0.26632 -1.09052)
(0.266308 -0.26644 -1.09045)
(-0.351782 -0.25909 -1.00022)
(0.543372 -0.193103 -0.341999)
(0.0593289 -0.809144 -0.805318)
(0.481766 -0.480588 0.41756)
(-0.481764 0.480572 0.417556)
(-0.0594423 0.80909 -0.805208)
(-0.543411 0.193068 -0.342181)
(0.351734 0.259076 -1.00023)
(-0.266486 0.266345 -1.09039)
(0.26652 0.266454 -1.09032)
(-0.351701 0.259076 -1.00023)
(0.5434 0.193041 -0.342119)
(0.0594513 0.809086 -0.805207)
(0.481757 0.480559 0.417557)
(-0.293751 -0.16334 0.815882)
(0.348261 -0.0817069 -0.354028)
(-0.746064 -0.933945 0.633767)
(0.582625 -0.582613 -0.272576)
(-0.25908 -0.351725 -1.00022)
(0.259084 -0.35169 -1.00024)
(-0.582593 -0.582561 -0.272577)
(0.746063 -0.933926 0.633764)
(-0.348256 -0.0816513 -0.353995)
(0.293741 -0.163328 0.815889)
(-0.9069 -0.0789606 0.40327)
(1.027 1.43248 0.359862)
(-0.915361 0.915233 1.80662)
(0.933972 0.746033 0.633741)
(-0.193074 0.543372 -0.342053)
(0.193052 0.543382 -0.34213)
(-0.933951 0.74603 0.633761)
(0.915294 0.915239 1.80662)
(-1.02702 1.43246 0.359863)
(0.906912 -0.0789636 0.403263)
(-1.17681 -0.654113 -0.214138)
(-0.147068 0.14715 -0.344714)
(-1.43237 -1.02705 0.359947)
(0.0816942 -0.348336 -0.353945)
(-0.809117 0.0594696 -0.805284)
(0.809086 0.0595598 -0.805217)
(-0.0816557 -0.348257 -0.353986)
(1.43242 -1.02703 0.359894)
(0.147099 0.147128 -0.344746)
(1.1768 -0.654116 -0.214126)
(-0.775058 0.775059 0.100325)
(0.654117 1.17679 -0.214102)
(0.0790145 0.906931 0.403278)
(0.163314 0.293761 0.815885)
(-0.480591 0.481753 0.417576)
(0.480573 0.481744 0.417576)
(-0.163315 0.293752 0.815887)
(-0.0789822 0.906919 0.403268)
(-0.654119 1.17679 -0.214115)
(0.77506 0.77506 0.100325)
)
;
    }
}


// ************************************************************************* //
