/*--------------------------------*- C++ -*----------------------------------*\
| =========                 |                                                 |
| \\      /  F ield         | OpenFOAM: The Open Source CFD Toolbox           |
|  \\    /   O peration     | Version:  2412                                  |
|   \\  /    A nd           | Website:  www.openfoam.com                      |
|    \\/     M anipulation  |                                                 |
\*---------------------------------------------------------------------------*/
FoamFile
{
    version     2.0;
    format      ascii;
    arch        "LSB;label=32;scalar=64";
    class       volVectorField;
    location    "0.32";
    object      U;
}
// * * * * * * * * * * * * * * * * * * * * * * * * * * * * * * * * * * * * * //

dimensions      [0 1 -1 0 0 0 0];

internalField   nonuniform List<vector> 
1000
(
(0.0767782 0.0767782 0.920556)
(0.135679 0.101858 0.92272)
(0.220715 0.154548 0.924752)
(0.203882 0.219941 0.858704)
(0.0162321 0.310443 0.652337)
(-0.0162322 0.310443 0.652337)
(-0.203882 0.21994 0.858704)
(-0.220715 0.154548 0.924752)
(-0.135679 0.101858 0.92272)
(-0.0767781 0.0767781 0.920556)
(0.101858 0.135679 0.92272)
(0.219352 0.219352 0.93411)
(0.349503 0.286606 0.965721)
(0.397064 0.569072 0.633832)
(0.23225 0.431636 -0.722754)
(-0.23225 0.431636 -0.722754)
(-0.397064 0.569072 0.633832)
(-0.349503 0.286606 0.965721)
(-0.219352 0.219352 0.93411)
(-0.101858 0.135679 0.92272)
(0.154548 0.220715 0.924752)
(0.286606 0.349503 0.965721)
(0.558192 0.558192 0.806644)
(0.495727 0.615697 -0.0485398)
(0.366526 0.473658 -1.54259)
(-0.366526 0.473658 -1.54259)
(-0.495727 0.615696 -0.0485399)
(-0.558192 0.558192 0.806644)
(-0.286606 0.349503 0.965721)
(-0.154548 0.220715 0.924752)
(0.219941 0.203882 0.858704)
(0.569072 0.397064 0.633832)
(0.615697 0.495727 -0.0485397)
(0.456763 0.456763 -1.00589)
(0.335366 0.401317 -2.16059)
(-0.335365 0.401317 -2.16059)
(-0.456763 0.456763 -1.00589)
(-0.615696 0.495727 -0.0485395)
(-0.569072 0.397064 0.633832)
(-0.21994 0.203882 0.858704)
(0.310443 0.0162321 0.652337)
(0.431636 0.23225 -0.722754)
(0.473658 0.366526 -1.54259)
(0.401317 0.335366 -2.16059)
(0.220484 0.220484 -2.59646)
(-0.220484 0.220484 -2.59646)
(-0.401317 0.335365 -2.16059)
(-0.473658 0.366526 -1.54259)
(-0.431635 0.23225 -0.722754)
(-0.310443 0.0162321 0.652338)
(0.310443 -0.0162322 0.652337)
(0.431636 -0.23225 -0.722754)
(0.473658 -0.366526 -1.54259)
(0.401317 -0.335365 -2.16059)
(0.220484 -0.220485 -2.59646)
(-0.220484 -0.220485 -2.59646)
(-0.401317 -0.335365 -2.16059)
(-0.473658 -0.366526 -1.54259)
(-0.431635 -0.23225 -0.722754)
(-0.310443 -0.0162322 0.652338)
(0.21994 -0.203882 0.858704)
(0.569072 -0.397064 0.633832)
(0.615696 -0.495727 -0.0485398)
(0.456763 -0.456763 -1.00589)
(0.335366 -0.401317 -2.16059)
(-0.335365 -0.401317 -2.16059)
(-0.456763 -0.456763 -1.00589)
(-0.615696 -0.495727 -0.0485396)
(-0.569072 -0.397064 0.633832)
(-0.21994 -0.203882 0.858704)
(0.154548 -0.220715 0.924752)
(0.286606 -0.349503 0.965721)
(0.558192 -0.558192 0.806644)
(0.495727 -0.615696 -0.0485396)
(0.366526 -0.473658 -1.54259)
(-0.366526 -0.473658 -1.54259)
(-0.495727 -0.615696 -0.0485397)
(-0.558192 -0.558192 0.806644)
(-0.286606 -0.349503 0.965721)
(-0.154548 -0.220715 0.924752)
(0.101858 -0.135679 0.92272)
(0.219352 -0.219352 0.93411)
(0.349503 -0.286606 0.965721)
(0.397064 -0.569072 0.633832)
(0.23225 -0.431635 -0.722754)
(-0.23225 -0.431635 -0.722754)
(-0.397064 -0.569072 0.633832)
(-0.349503 -0.286606 0.965721)
(-0.219352 -0.219352 0.93411)
(-0.101858 -0.135679 0.92272)
(0.0767781 -0.0767781 0.920556)
(0.135679 -0.101858 0.92272)
(0.220715 -0.154548 0.924752)
(0.203882 -0.21994 0.858704)
(0.0162321 -0.310443 0.652338)
(-0.0162322 -0.310443 0.652338)
(-0.203882 -0.21994 0.858704)
(-0.220715 -0.154548 0.924752)
(-0.135679 -0.101858 0.92272)
(-0.0767781 -0.0767781 0.920556)
(0.0735835 0.0735835 0.81393)
(0.133947 0.0958118 0.80821)
(0.210244 0.145284 0.799742)
(0.199985 0.195919 0.714724)
(0.0263958 0.290158 0.52715)
(-0.0263959 0.290158 0.52715)
(-0.199985 0.195919 0.714724)
(-0.210244 0.145284 0.799742)
(-0.133947 0.0958117 0.80821)
(-0.0735835 0.0735835 0.81393)
(0.0958118 0.133947 0.80821)
(0.212955 0.212955 0.810126)
(0.328791 0.27565 0.827405)
(0.382477 0.524437 0.557563)
(0.215636 0.409499 -0.60868)
(-0.215636 0.409499 -0.608679)
(-0.382478 0.524437 0.557563)
(-0.328791 0.27565 0.827405)
(-0.212955 0.212955 0.810126)
(-0.0958117 0.133947 0.80821)
(0.145284 0.210244 0.799742)
(0.27565 0.328791 0.827405)
(0.511987 0.511988 0.700247)
(0.491328 0.602554 0.0188462)
(0.350965 0.460779 -1.32657)
(-0.350965 0.460779 -1.32657)
(-0.491328 0.602553 0.0188463)
(-0.511988 0.511987 0.700247)
(-0.27565 0.328791 0.827405)
(-0.145284 0.210244 0.799742)
(0.195919 0.199985 0.714724)
(0.524437 0.382478 0.557563)
(0.602554 0.491328 0.0188463)
(0.449574 0.449574 -0.879335)
(0.326287 0.406033 -1.90306)
(-0.326287 0.406033 -1.90306)
(-0.449574 0.449574 -0.879335)
(-0.602553 0.491327 0.0188465)
(-0.524436 0.382477 0.557563)
(-0.195919 0.199985 0.714724)
(0.290158 0.0263958 0.52715)
(0.409499 0.215636 -0.608679)
(0.460779 0.350965 -1.32657)
(0.406033 0.326287 -1.90306)
(0.219545 0.219545 -2.28872)
(-0.219545 0.219545 -2.28872)
(-0.406033 0.326287 -1.90306)
(-0.460779 0.350965 -1.32657)
(-0.409499 0.215636 -0.608679)
(-0.290158 0.0263958 0.527151)
(0.290158 -0.0263959 0.52715)
(0.409499 -0.215636 -0.608679)
(0.460779 -0.350965 -1.32657)
(0.406033 -0.326287 -1.90306)
(0.219545 -0.219545 -2.28872)
(-0.219545 -0.219546 -2.28872)
(-0.406033 -0.326287 -1.90306)
(-0.460779 -0.350965 -1.32657)
(-0.409499 -0.215636 -0.608679)
(-0.290158 -0.0263959 0.527151)
(0.195919 -0.199985 0.714724)
(0.524437 -0.382478 0.557563)
(0.602553 -0.491328 0.0188463)
(0.449574 -0.449574 -0.879335)
(0.326287 -0.406033 -1.90306)
(-0.326287 -0.406033 -1.90306)
(-0.449574 -0.449574 -0.879334)
(-0.602553 -0.491327 0.0188465)
(-0.524436 -0.382477 0.557563)
(-0.195919 -0.199985 0.714724)
(0.145284 -0.210244 0.799742)
(0.27565 -0.328791 0.827405)
(0.511987 -0.511988 0.700247)
(0.491327 -0.602553 0.0188464)
(0.350965 -0.460779 -1.32657)
(-0.350965 -0.460779 -1.32657)
(-0.491327 -0.602553 0.0188465)
(-0.511987 -0.511987 0.700247)
(-0.27565 -0.328791 0.827405)
(-0.145284 -0.210244 0.799742)
(0.0958117 -0.133947 0.80821)
(0.212955 -0.212955 0.810126)
(0.328791 -0.27565 0.827405)
(0.382477 -0.524436 0.557563)
(0.215636 -0.409499 -0.608679)
(-0.215636 -0.409499 -0.608679)
(-0.382477 -0.524436 0.557563)
(-0.328791 -0.27565 0.827405)
(-0.212955 -0.212955 0.810126)
(-0.0958116 -0.133947 0.80821)
(0.0735835 -0.0735835 0.81393)
(0.133947 -0.0958117 0.80821)
(0.210244 -0.145284 0.799742)
(0.199985 -0.195919 0.714724)
(0.0263958 -0.290158 0.527151)
(-0.0263959 -0.290158 0.527151)
(-0.199985 -0.195919 0.714724)
(-0.210244 -0.145284 0.799742)
(-0.133947 -0.0958116 0.80821)
(-0.0735835 -0.0735835 0.81393)
(0.0681484 0.0681484 0.711904)
(0.128692 0.0873124 0.700036)
(0.194802 0.131403 0.683017)
(0.19012 0.170293 0.585272)
(0.0342437 0.263014 0.418203)
(-0.0342438 0.263014 0.418203)
(-0.19012 0.170293 0.585272)
(-0.194802 0.131403 0.683017)
(-0.128692 0.0873123 0.700036)
(-0.0681484 0.0681484 0.711904)
(0.0873124 0.128692 0.700036)
(0.200284 0.200284 0.695495)
(0.302084 0.261725 0.699757)
(0.357668 0.467597 0.48061)
(0.195503 0.373007 -0.508006)
(-0.195503 0.373007 -0.508006)
(-0.357668 0.467597 0.48061)
(-0.302084 0.261725 0.699757)
(-0.200284 0.200284 0.695495)
(-0.0873123 0.128692 0.700036)
(0.131403 0.194802 0.683017)
(0.261725 0.302084 0.699757)
(0.457983 0.457983 0.597606)
(0.466516 0.579496 0.0705925)
(0.319233 0.432409 -1.12646)
(-0.319233 0.432409 -1.12646)
(-0.466516 0.579496 0.0705925)
(-0.457983 0.457983 0.597606)
(-0.261725 0.302084 0.699757)
(-0.131403 0.194802 0.683017)
(0.170293 0.19012 0.585272)
(0.467597 0.357668 0.48061)
(0.579496 0.466516 0.0705925)
(0.450446 0.450446 -0.734637)
(0.306195 0.4032 -1.65239)
(-0.306195 0.4032 -1.65239)
(-0.450446 0.450447 -0.734637)
(-0.579496 0.466516 0.0705925)
(-0.467597 0.357668 0.48061)
(-0.170293 0.19012 0.585272)
(0.263014 0.0342437 0.418203)
(0.373007 0.195503 -0.508006)
(0.432409 0.319233 -1.12646)
(0.4032 0.306195 -1.65239)
(0.211986 0.211986 -1.97794)
(-0.211986 0.211986 -1.97794)
(-0.4032 0.306195 -1.65239)
(-0.432409 0.319233 -1.12646)
(-0.373007 0.195503 -0.508006)
(-0.263014 0.0342437 0.418203)
(0.263014 -0.0342439 0.418203)
(0.373007 -0.195503 -0.508006)
(0.432409 -0.319233 -1.12646)
(0.4032 -0.306195 -1.65239)
(0.211986 -0.211986 -1.97794)
(-0.211986 -0.211986 -1.97794)
(-0.4032 -0.306195 -1.65239)
(-0.432409 -0.319233 -1.12646)
(-0.373007 -0.195503 -0.508006)
(-0.263014 -0.0342438 0.418203)
(0.170293 -0.19012 0.585272)
(0.467597 -0.357668 0.48061)
(0.579496 -0.466516 0.0705926)
(0.450446 -0.450446 -0.734637)
(0.306195 -0.4032 -1.65239)
(-0.306195 -0.4032 -1.65239)
(-0.450447 -0.450446 -0.734637)
(-0.579496 -0.466516 0.0705925)
(-0.467597 -0.357668 0.48061)
(-0.170293 -0.19012 0.585272)
(0.131403 -0.194802 0.683017)
(0.261725 -0.302084 0.699757)
(0.457983 -0.457983 0.597606)
(0.466516 -0.579496 0.0705925)
(0.319233 -0.432409 -1.12646)
(-0.319233 -0.432409 -1.12646)
(-0.466516 -0.579496 0.0705925)
(-0.457983 -0.457983 0.597606)
(-0.261725 -0.302084 0.699757)
(-0.131403 -0.194802 0.683017)
(0.0873123 -0.128692 0.700036)
(0.200284 -0.200283 0.695495)
(0.302084 -0.261725 0.699757)
(0.357668 -0.467597 0.48061)
(0.195503 -0.373007 -0.508006)
(-0.195503 -0.373007 -0.508006)
(-0.357668 -0.467597 0.48061)
(-0.302084 -0.261725 0.699757)
(-0.200284 -0.200283 0.695495)
(-0.0873123 -0.128692 0.700036)
(0.0681484 -0.0681484 0.711904)
(0.128692 -0.0873124 0.700036)
(0.194802 -0.131403 0.683017)
(0.19012 -0.170293 0.585272)
(0.0342437 -0.263014 0.418203)
(-0.0342438 -0.263014 0.418203)
(-0.19012 -0.170293 0.585272)
(-0.194802 -0.131403 0.683017)
(-0.128692 -0.0873123 0.700036)
(-0.0681484 -0.0681484 0.711904)
(0.0610695 0.0610695 0.616659)
(0.120996 0.0770871 0.600535)
(0.176145 0.114313 0.575624)
(0.176121 0.143973 0.471902)
(0.0415576 0.235508 0.326295)
(-0.0415577 0.235508 0.326295)
(-0.176121 0.143973 0.471902)
(-0.176145 0.114313 0.575624)
(-0.120996 0.077087 0.600535)
(-0.0610695 0.0610695 0.616659)
(0.0770871 0.120996 0.600535)
(0.183234 0.183234 0.591224)
(0.271482 0.247159 0.58421)
(0.327311 0.405996 0.404724)
(0.17324 0.329429 -0.420486)
(-0.17324 0.329429 -0.420486)
(-0.327311 0.405997 0.404724)
(-0.271482 0.247159 0.584211)
(-0.183234 0.183234 0.591224)
(-0.0770871 0.120996 0.600535)
(0.114313 0.176145 0.575624)
(0.247159 0.271482 0.58421)
(0.40092 0.40092 0.505392)
(0.435778 0.53397 0.0990295)
(0.276907 0.39684 -0.951196)
(-0.276907 0.39684 -0.951196)
(-0.435778 0.53397 0.0990296)
(-0.40092 0.40092 0.505392)
(-0.247159 0.271482 0.584211)
(-0.114314 0.176145 0.575624)
(0.143973 0.176121 0.471902)
(0.405996 0.327311 0.404724)
(0.53397 0.435778 0.0990296)
(0.455721 0.455721 -0.59842)
(0.28133 0.391201 -1.41331)
(-0.28133 0.391201 -1.41331)
(-0.455721 0.455721 -0.598421)
(-0.53397 0.435778 0.0990295)
(-0.405996 0.327311 0.404724)
(-0.143973 0.176121 0.471902)
(0.235508 0.0415576 0.326295)
(0.329429 0.17324 -0.420486)
(0.39684 0.276907 -0.951196)
(0.391201 0.28133 -1.41331)
(0.195711 0.195711 -1.67556)
(-0.195711 0.195711 -1.67556)
(-0.391201 0.28133 -1.41331)
(-0.39684 0.276907 -0.951196)
(-0.329429 0.17324 -0.420486)
(-0.235508 0.0415575 0.326295)
(0.235508 -0.0415577 0.326295)
(0.329429 -0.17324 -0.420486)
(0.39684 -0.276907 -0.951196)
(0.391201 -0.28133 -1.41331)
(0.195711 -0.195711 -1.67556)
(-0.195711 -0.195711 -1.67556)
(-0.391201 -0.28133 -1.41331)
(-0.39684 -0.276907 -0.951196)
(-0.329429 -0.173241 -0.420486)
(-0.235508 -0.0415576 0.326295)
(0.143973 -0.176121 0.471902)
(0.405996 -0.327311 0.404724)
(0.53397 -0.435778 0.0990296)
(0.455721 -0.455721 -0.598421)
(0.28133 -0.391201 -1.41331)
(-0.28133 -0.391201 -1.41331)
(-0.455721 -0.455721 -0.598421)
(-0.53397 -0.435778 0.0990295)
(-0.405996 -0.32731 0.404724)
(-0.143973 -0.176121 0.471902)
(0.114313 -0.176145 0.575624)
(0.247159 -0.271482 0.584211)
(0.40092 -0.40092 0.505392)
(0.435778 -0.53397 0.0990294)
(0.276907 -0.39684 -0.951196)
(-0.276907 -0.39684 -0.951196)
(-0.435778 -0.53397 0.0990295)
(-0.40092 -0.40092 0.505392)
(-0.247159 -0.271482 0.584211)
(-0.114313 -0.176145 0.575624)
(0.0770871 -0.120996 0.600535)
(0.183234 -0.183234 0.591224)
(0.271482 -0.247159 0.584211)
(0.327311 -0.405996 0.404724)
(0.17324 -0.329429 -0.420486)
(-0.173241 -0.329429 -0.420486)
(-0.327311 -0.405996 0.404724)
(-0.271482 -0.247159 0.584211)
(-0.183234 -0.183234 0.591224)
(-0.077087 -0.120996 0.600535)
(0.0610695 -0.0610695 0.616659)
(0.120996 -0.0770871 0.600535)
(0.176145 -0.114314 0.575624)
(0.176121 -0.143973 0.471902)
(0.0415575 -0.235508 0.326295)
(-0.0415576 -0.235508 0.326295)
(-0.176121 -0.143973 0.471902)
(-0.176145 -0.114313 0.575624)
(-0.120996 -0.077087 0.600535)
(-0.0610695 -0.0610695 0.616659)
(0.0530747 0.0530747 0.530207)
(0.111208 0.0654734 0.511688)
(0.156397 0.0959178 0.478796)
(0.159381 0.11556 0.374604)
(0.0474228 0.211309 0.250325)
(-0.0474228 0.211309 0.250325)
(-0.159381 0.11556 0.374604)
(-0.156397 0.0959177 0.478796)
(-0.111208 0.0654733 0.511688)
(-0.0530747 0.0530747 0.530207)
(0.0654734 0.111208 0.511688)
(0.163515 0.163515 0.498516)
(0.237448 0.228305 0.481778)
(0.294443 0.347944 0.334918)
(0.151761 0.287163 -0.345002)
(-0.151761 0.287163 -0.345002)
(-0.294443 0.347944 0.334919)
(-0.237448 0.228305 0.481778)
(-0.163515 0.163515 0.498516)
(-0.0654734 0.111208 0.511688)
(0.0959178 0.156397 0.478796)
(0.228305 0.237448 0.481778)
(0.344984 0.344984 0.421887)
(0.399489 0.46702 0.106364)
(0.234596 0.360618 -0.799801)
(-0.234596 0.360618 -0.799801)
(-0.399489 0.46702 0.106364)
(-0.344984 0.344983 0.421887)
(-0.228305 0.237448 0.481778)
(-0.0959178 0.156397 0.478796)
(0.11556 0.159381 0.374604)
(0.347944 0.294443 0.334918)
(0.46702 0.399489 0.106364)
(0.441061 0.441061 -0.478714)
(0.251368 0.361187 -1.18755)
(-0.251368 0.361187 -1.18755)
(-0.441061 0.441061 -0.478714)
(-0.46702 0.399489 0.106364)
(-0.347944 0.294443 0.334919)
(-0.11556 0.159381 0.374604)
(0.211309 0.0474228 0.250325)
(0.287164 0.151761 -0.345002)
(0.360618 0.234596 -0.799801)
(0.361187 0.251368 -1.18755)
(0.172267 0.172267 -1.39289)
(-0.172267 0.172267 -1.39289)
(-0.361187 0.251368 -1.18755)
(-0.360618 0.234596 -0.799801)
(-0.287164 0.151761 -0.345002)
(-0.211309 0.0474227 0.250325)
(0.211309 -0.0474229 0.250325)
(0.287163 -0.151761 -0.345002)
(0.360618 -0.234596 -0.799801)
(0.361187 -0.251367 -1.18755)
(0.172267 -0.172267 -1.39289)
(-0.172267 -0.172267 -1.39289)
(-0.361187 -0.251368 -1.18755)
(-0.360618 -0.234596 -0.799801)
(-0.287163 -0.151761 -0.345002)
(-0.211309 -0.0474228 0.250325)
(0.11556 -0.159381 0.374604)
(0.347944 -0.294443 0.334918)
(0.46702 -0.399489 0.106364)
(0.441061 -0.441061 -0.478714)
(0.251368 -0.361187 -1.18755)
(-0.251368 -0.361187 -1.18755)
(-0.441061 -0.441061 -0.478714)
(-0.46702 -0.399489 0.106364)
(-0.347944 -0.294443 0.334919)
(-0.11556 -0.159381 0.374604)
(0.0959177 -0.156397 0.478796)
(0.228305 -0.237448 0.481778)
(0.344983 -0.344984 0.421887)
(0.399489 -0.46702 0.106363)
(0.234596 -0.360618 -0.799801)
(-0.234596 -0.360618 -0.799801)
(-0.399489 -0.46702 0.106364)
(-0.344984 -0.344984 0.421887)
(-0.228305 -0.237448 0.481778)
(-0.0959178 -0.156397 0.478796)
(0.0654733 -0.111208 0.511688)
(0.163515 -0.163515 0.498516)
(0.237448 -0.228305 0.481778)
(0.294443 -0.347944 0.334919)
(0.151761 -0.287164 -0.345002)
(-0.151761 -0.287164 -0.345002)
(-0.294443 -0.347944 0.334919)
(-0.237448 -0.228305 0.481778)
(-0.163515 -0.163515 0.498516)
(-0.0654733 -0.111208 0.511688)
(0.0530747 -0.0530748 0.530207)
(0.111208 -0.0654734 0.511688)
(0.156397 -0.0959178 0.478796)
(0.159381 -0.11556 0.374604)
(0.0474227 -0.211309 0.250325)
(-0.0474228 -0.211309 0.250325)
(-0.159381 -0.11556 0.374604)
(-0.156397 -0.0959178 0.478796)
(-0.111208 -0.0654733 0.511688)
(-0.0530747 -0.0530747 0.530207)
(0.0448464 0.0448464 0.452675)
(0.0996538 0.0530648 0.433264)
(0.137533 0.0782294 0.392939)
(0.141187 0.0868092 0.291922)
(0.0508975 0.18868 0.18623)
(-0.0508975 0.18868 0.18623)
(-0.141187 0.0868093 0.291923)
(-0.137533 0.0782294 0.392939)
(-0.0996538 0.0530648 0.433264)
(-0.0448464 0.0448464 0.452675)
(0.0530648 0.0996538 0.433264)
(0.142821 0.142821 0.417112)
(0.199767 0.201516 0.390431)
(0.260664 0.291105 0.272991)
(0.13183 0.252874 -0.279371)
(-0.13183 0.252874 -0.279371)
(-0.260664 0.291105 0.272991)
(-0.199767 0.201516 0.390431)
(-0.142821 0.142821 0.417112)
(-0.0530648 0.0996538 0.433264)
(0.0782294 0.137533 0.392939)
(0.201516 0.199767 0.390431)
(0.292014 0.292014 0.345612)
(0.35801 0.382689 0.102584)
(0.193855 0.322107 -0.667543)
(-0.193855 0.322107 -0.667543)
(-0.35801 0.382689 0.102584)
(-0.292014 0.292014 0.345612)
(-0.201516 0.199767 0.390431)
(-0.0782294 0.137533 0.392939)
(0.0868092 0.141187 0.291922)
(0.291105 0.260664 0.272991)
(0.382689 0.35801 0.102584)
(0.412324 0.412325 -0.381387)
(0.215688 0.315151 -0.977016)
(-0.215688 0.315151 -0.977016)
(-0.412325 0.412325 -0.381387)
(-0.382689 0.35801 0.102584)
(-0.291105 0.260664 0.272992)
(-0.0868092 0.141187 0.291923)
(0.18868 0.0508975 0.18623)
(0.252875 0.13183 -0.279371)
(0.322107 0.193855 -0.667543)
(0.315151 0.215688 -0.977016)
(0.145392 0.145392 -1.14145)
(-0.145393 0.145392 -1.14145)
(-0.315151 0.215688 -0.977016)
(-0.322107 0.193855 -0.667543)
(-0.252875 0.13183 -0.279371)
(-0.18868 0.0508974 0.18623)
(0.18868 -0.0508975 0.18623)
(0.252874 -0.13183 -0.279371)
(0.322107 -0.193854 -0.667543)
(0.315151 -0.215688 -0.977016)
(0.145392 -0.145393 -1.14145)
(-0.145392 -0.145393 -1.14145)
(-0.315151 -0.215688 -0.977016)
(-0.322107 -0.193855 -0.667543)
(-0.252874 -0.13183 -0.279371)
(-0.18868 -0.0508975 0.18623)
(0.0868093 -0.141187 0.291922)
(0.291105 -0.260664 0.272991)
(0.382689 -0.35801 0.102584)
(0.412325 -0.412324 -0.381387)
(0.215688 -0.315151 -0.977016)
(-0.215688 -0.315151 -0.977016)
(-0.412325 -0.412325 -0.381387)
(-0.382689 -0.35801 0.102584)
(-0.291105 -0.260664 0.272992)
(-0.0868093 -0.141187 0.291923)
(0.0782293 -0.137533 0.392939)
(0.201516 -0.199767 0.390431)
(0.292014 -0.292014 0.345613)
(0.35801 -0.382689 0.102583)
(0.193855 -0.322107 -0.667543)
(-0.193855 -0.322107 -0.667543)
(-0.35801 -0.382689 0.102584)
(-0.292014 -0.292014 0.345613)
(-0.201516 -0.199767 0.390431)
(-0.0782294 -0.137533 0.392939)
(0.0530648 -0.0996538 0.433264)
(0.142821 -0.142821 0.417112)
(0.199767 -0.201516 0.390431)
(0.260664 -0.291105 0.272992)
(0.13183 -0.252875 -0.279371)
(-0.13183 -0.252875 -0.279371)
(-0.260664 -0.291105 0.272992)
(-0.199767 -0.201516 0.390431)
(-0.142821 -0.142821 0.417112)
(-0.0530648 -0.0996538 0.433264)
(0.0448464 -0.0448464 0.452675)
(0.0996538 -0.0530648 0.433264)
(0.137533 -0.0782294 0.392939)
(0.141187 -0.0868093 0.291923)
(0.0508974 -0.18868 0.18623)
(-0.0508975 -0.18868 0.18623)
(-0.141187 -0.0868093 0.291923)
(-0.137533 -0.0782294 0.392939)
(-0.0996538 -0.0530648 0.433264)
(-0.0448464 -0.0448464 0.452676)
(0.0368649 0.0368649 0.387132)
(0.0866789 0.0405291 0.367139)
(0.119502 0.0623405 0.322319)
(0.1233 0.0621554 0.226994)
(0.051062 0.155468 0.130675)
(-0.051062 0.155468 0.130675)
(-0.1233 0.0621555 0.226994)
(-0.119502 0.0623405 0.322319)
(-0.0866789 0.0405291 0.36714)
(-0.0368649 0.0368649 0.387132)
(0.0405292 0.086679 0.367139)
(0.121611 0.121611 0.351588)
(0.161359 0.168054 0.312804)
(0.226762 0.231762 0.223294)
(0.111751 0.235922 -0.222414)
(-0.111751 0.235922 -0.222414)
(-0.226762 0.231762 0.223294)
(-0.161359 0.168054 0.312804)
(-0.121611 0.121611 0.351588)
(-0.0405292 0.086679 0.36714)
(0.0623405 0.119502 0.322319)
(0.168054 0.161359 0.312804)
(0.238578 0.238578 0.27783)
(0.308278 0.293252 0.0915617)
(0.150272 0.277805 -0.550035)
(-0.150272 0.277805 -0.550035)
(-0.308278 0.293252 0.0915618)
(-0.238578 0.238578 0.27783)
(-0.168054 0.161359 0.312804)
(-0.0623405 0.119502 0.322319)
(0.0621554 0.1233 0.226994)
(0.231762 0.226762 0.223294)
(0.293252 0.308278 0.0915618)
(0.378709 0.378709 -0.31099)
(0.173185 0.25709 -0.787936)
(-0.173185 0.25709 -0.787936)
(-0.378709 0.378709 -0.31099)
(-0.293252 0.308278 0.0915617)
(-0.231763 0.226762 0.223294)
(-0.0621554 0.1233 0.226994)
(0.155468 0.051062 0.130675)
(0.235922 0.111751 -0.222414)
(0.277805 0.150272 -0.550035)
(0.25709 0.173185 -0.787936)
(0.115786 0.115786 -0.929729)
(-0.115786 0.115786 -0.929729)
(-0.25709 0.173185 -0.787936)
(-0.277805 0.150272 -0.550035)
(-0.235922 0.111751 -0.222414)
(-0.155468 0.051062 0.130675)
(0.155468 -0.051062 0.130675)
(0.235922 -0.111751 -0.222414)
(0.277805 -0.150272 -0.550035)
(0.25709 -0.173185 -0.787936)
(0.115786 -0.115786 -0.929729)
(-0.115786 -0.115786 -0.929729)
(-0.25709 -0.173185 -0.787936)
(-0.277805 -0.150272 -0.550035)
(-0.235922 -0.111751 -0.222414)
(-0.155468 -0.051062 0.130675)
(0.0621555 -0.1233 0.226994)
(0.231762 -0.226762 0.223294)
(0.293252 -0.308278 0.0915618)
(0.378709 -0.378709 -0.31099)
(0.173185 -0.257091 -0.787936)
(-0.173185 -0.257091 -0.787936)
(-0.378709 -0.378709 -0.31099)
(-0.293252 -0.308278 0.0915617)
(-0.231762 -0.226762 0.223294)
(-0.0621555 -0.1233 0.226994)
(0.0623405 -0.119502 0.322319)
(0.168054 -0.161359 0.312804)
(0.238578 -0.238578 0.27783)
(0.308278 -0.293252 0.0915617)
(0.150272 -0.277805 -0.550035)
(-0.150272 -0.277805 -0.550035)
(-0.308278 -0.293252 0.0915617)
(-0.238578 -0.238578 0.27783)
(-0.168054 -0.161359 0.312804)
(-0.0623405 -0.119502 0.322319)
(0.0405291 -0.0866789 0.367139)
(0.121611 -0.121611 0.351588)
(0.161359 -0.168054 0.312804)
(0.226762 -0.231763 0.223294)
(0.111751 -0.235922 -0.222414)
(-0.111751 -0.235922 -0.222414)
(-0.226762 -0.231763 0.223294)
(-0.161359 -0.168054 0.312804)
(-0.121611 -0.121611 0.351588)
(-0.0405292 -0.0866789 0.36714)
(0.0368649 -0.0368649 0.387132)
(0.0866789 -0.0405292 0.36714)
(0.119502 -0.0623405 0.322319)
(0.1233 -0.0621554 0.226994)
(0.051062 -0.155468 0.130675)
(-0.051062 -0.155468 0.130675)
(-0.1233 -0.0621555 0.226994)
(-0.119502 -0.0623405 0.322319)
(-0.0866789 -0.0405292 0.36714)
(-0.0368649 -0.0368649 0.387132)
(0.0289993 0.0289993 0.328507)
(0.0732285 0.0300186 0.309043)
(0.0998896 0.0473028 0.261164)
(0.10279 0.0463263 0.176998)
(0.0462536 0.1129 0.0826908)
(-0.0462536 0.1129 0.0826908)
(-0.10279 0.0463263 0.176998)
(-0.0998896 0.0473028 0.261164)
(-0.0732285 0.0300186 0.309043)
(-0.0289993 0.0289993 0.328507)
(0.0300186 0.0732285 0.309043)
(0.0997186 0.0997187 0.29449)
(0.127081 0.140074 0.245474)
(0.190371 0.172437 0.18374)
(0.0852658 0.239598 -0.177262)
(-0.0852658 0.239598 -0.177262)
(-0.190371 0.172437 0.18374)
(-0.127081 0.140074 0.245474)
(-0.0997186 0.0997187 0.29449)
(-0.0300187 0.0732285 0.309043)
(0.0473028 0.0998896 0.261164)
(0.140074 0.127081 0.245474)
(0.181014 0.181014 0.212768)
(0.259538 0.225868 0.0710367)
(0.104865 0.224334 -0.446014)
(-0.104865 0.224334 -0.446014)
(-0.259538 0.225869 0.0710367)
(-0.181014 0.181014 0.212768)
(-0.140074 0.127081 0.245474)
(-0.0473029 0.0998896 0.261164)
(0.0463263 0.10279 0.176998)
(0.172437 0.190372 0.18374)
(0.225868 0.259538 0.0710367)
(0.322239 0.322239 -0.264118)
(0.124317 0.188025 -0.62473)
(-0.124317 0.188025 -0.62473)
(-0.322239 0.322239 -0.264118)
(-0.225868 0.259538 0.0710367)
(-0.172437 0.190372 0.18374)
(-0.0463263 0.10279 0.176999)
(0.1129 0.0462536 0.0826907)
(0.239598 0.0852658 -0.177261)
(0.224334 0.104865 -0.446013)
(0.188025 0.124317 -0.62473)
(0.0836149 0.0836148 -0.765445)
(-0.0836149 0.0836148 -0.765445)
(-0.188025 0.124317 -0.62473)
(-0.224334 0.104865 -0.446013)
(-0.239598 0.0852659 -0.177261)
(-0.1129 0.0462536 0.0826907)
(0.1129 -0.0462536 0.0826908)
(0.239598 -0.0852659 -0.177262)
(0.224334 -0.104865 -0.446014)
(0.188025 -0.124317 -0.62473)
(0.0836148 -0.0836149 -0.765445)
(-0.0836148 -0.0836149 -0.765445)
(-0.188025 -0.124317 -0.62473)
(-0.224334 -0.104865 -0.446014)
(-0.239598 -0.0852659 -0.177262)
(-0.1129 -0.0462536 0.0826908)
(0.0463263 -0.10279 0.176998)
(0.172437 -0.190371 0.18374)
(0.225868 -0.259538 0.0710367)
(0.322239 -0.322239 -0.264118)
(0.124317 -0.188025 -0.62473)
(-0.124317 -0.188025 -0.62473)
(-0.322239 -0.322239 -0.264118)
(-0.225869 -0.259538 0.0710367)
(-0.172437 -0.190371 0.18374)
(-0.0463263 -0.10279 0.176999)
(0.0473028 -0.0998896 0.261164)
(0.140074 -0.127081 0.245474)
(0.181014 -0.181014 0.212768)
(0.259538 -0.225868 0.0710366)
(0.104865 -0.224334 -0.446013)
(-0.104865 -0.224334 -0.446013)
(-0.259538 -0.225869 0.0710367)
(-0.181014 -0.181014 0.212768)
(-0.140074 -0.127081 0.245474)
(-0.0473028 -0.0998896 0.261164)
(0.0300187 -0.0732285 0.309043)
(0.0997186 -0.0997186 0.29449)
(0.127081 -0.140074 0.245474)
(0.190372 -0.172437 0.18374)
(0.0852659 -0.239598 -0.177261)
(-0.085266 -0.239598 -0.177261)
(-0.190372 -0.172437 0.18374)
(-0.127081 -0.140074 0.245474)
(-0.0997186 -0.0997186 0.29449)
(-0.0300187 -0.0732285 0.309043)
(0.0289993 -0.0289993 0.328507)
(0.0732285 -0.0300187 0.309043)
(0.0998896 -0.0473029 0.261164)
(0.10279 -0.0463263 0.176998)
(0.0462536 -0.1129 0.0826908)
(-0.0462536 -0.1129 0.0826908)
(-0.10279 -0.0463263 0.176999)
(-0.0998896 -0.0473029 0.261164)
(-0.0732285 -0.0300187 0.309043)
(-0.0289993 -0.0289993 0.328507)
(0.0229676 0.0229676 0.288409)
(0.0601821 0.0218122 0.268624)
(0.0811752 0.036029 0.218436)
(0.08606 0.0378453 0.144171)
(0.0390649 0.0757573 0.0307258)
(-0.0390649 0.0757573 0.0307258)
(-0.08606 0.0378453 0.144171)
(-0.0811752 0.036029 0.218436)
(-0.0601821 0.0218122 0.268624)
(-0.0229676 0.0229676 0.288409)
(0.0218122 0.0601821 0.268624)
(0.0803094 0.0803094 0.256878)
(0.103505 0.11567 0.199432)
(0.157593 0.130757 0.15599)
(0.0449545 0.230032 -0.146369)
(-0.0449545 0.230032 -0.146369)
(-0.157593 0.130757 0.15599)
(-0.103505 0.11567 0.199432)
(-0.0803094 0.0803094 0.256878)
(-0.0218122 0.0601821 0.268624)
(0.036029 0.0811752 0.218436)
(0.11567 0.103505 0.199432)
(0.130181 0.130181 0.171007)
(0.245914 0.214734 0.0509086)
(0.0582628 0.154434 -0.337247)
(-0.0582628 0.154434 -0.337247)
(-0.245914 0.214734 0.0509086)
(-0.130181 0.130181 0.171007)
(-0.11567 0.103505 0.199432)
(-0.036029 0.0811753 0.218436)
(0.0378453 0.08606 0.144171)
(0.130757 0.157593 0.15599)
(0.214734 0.245914 0.0509086)
(0.231582 0.231582 -0.217507)
(0.0727768 0.115511 -0.495979)
(-0.0727768 0.115511 -0.495979)
(-0.231582 0.231582 -0.217507)
(-0.214734 0.245914 0.0509086)
(-0.130757 0.157593 0.15599)
(-0.0378453 0.0860601 0.144171)
(0.0757572 0.0390649 0.0307258)
(0.230032 0.0449546 -0.146369)
(0.154434 0.0582628 -0.337247)
(0.115511 0.0727768 -0.495978)
(0.0509958 0.0509957 -0.65248)
(-0.0509958 0.0509957 -0.65248)
(-0.115511 0.0727768 -0.495978)
(-0.154434 0.0582629 -0.337247)
(-0.230032 0.0449546 -0.146369)
(-0.0757572 0.0390649 0.0307258)
(0.0757573 -0.0390649 0.0307259)
(0.230032 -0.0449546 -0.146369)
(0.154434 -0.0582627 -0.337247)
(0.115511 -0.0727768 -0.495979)
(0.0509957 -0.0509958 -0.65248)
(-0.0509958 -0.0509958 -0.65248)
(-0.115511 -0.0727768 -0.495978)
(-0.154434 -0.0582627 -0.337247)
(-0.230032 -0.0449546 -0.146369)
(-0.0757573 -0.0390649 0.0307259)
(0.0378453 -0.08606 0.144171)
(0.130757 -0.157593 0.15599)
(0.214734 -0.245914 0.0509087)
(0.231582 -0.231582 -0.217507)
(0.0727768 -0.115511 -0.495978)
(-0.0727768 -0.115511 -0.495978)
(-0.231582 -0.231582 -0.217507)
(-0.214734 -0.245914 0.0509087)
(-0.130757 -0.157593 0.15599)
(-0.0378454 -0.08606 0.144171)
(0.036029 -0.0811752 0.218436)
(0.11567 -0.103505 0.199432)
(0.130181 -0.130181 0.171007)
(0.245914 -0.214734 0.0509086)
(0.0582628 -0.154434 -0.337247)
(-0.0582628 -0.154434 -0.337247)
(-0.245914 -0.214734 0.0509087)
(-0.130181 -0.130181 0.171007)
(-0.11567 -0.103505 0.199433)
(-0.0360291 -0.0811753 0.218436)
(0.0218122 -0.0601821 0.268624)
(0.0803094 -0.0803094 0.256878)
(0.103505 -0.11567 0.199432)
(0.157593 -0.130757 0.15599)
(0.0449547 -0.230032 -0.146369)
(-0.0449547 -0.230032 -0.146369)
(-0.157593 -0.130757 0.15599)
(-0.103505 -0.11567 0.199432)
(-0.0803094 -0.0803094 0.256878)
(-0.0218123 -0.0601821 0.268624)
(0.0229676 -0.0229676 0.288409)
(0.0601821 -0.0218122 0.268624)
(0.0811753 -0.036029 0.218436)
(0.08606 -0.0378453 0.144171)
(0.0390649 -0.0757572 0.0307258)
(-0.0390649 -0.0757572 0.0307258)
(-0.08606 -0.0378453 0.144171)
(-0.0811753 -0.0360291 0.218436)
(-0.0601821 -0.0218123 0.268624)
(-0.0229676 -0.0229676 0.288409)
(0.0132057 0.0132057 0.240608)
(0.0388098 0.0123839 0.224422)
(0.049787 0.0185122 0.170197)
(0.0442978 0.0265972 0.11292)
(0.0180137 0.0419224 -0.0027089)
(-0.0180137 0.0419224 -0.00270888)
(-0.0442978 0.0265972 0.11292)
(-0.049787 0.0185122 0.170197)
(-0.0388098 0.0123839 0.224422)
(-0.0132057 0.0132057 0.240608)
(0.0123839 0.0388098 0.224422)
(0.0458728 0.0458728 0.208842)
(0.0631157 0.0786975 0.156329)
(0.0851606 0.0689623 0.125949)
(0.000920638 0.0831829 -0.11261)
(-0.000920635 0.0831829 -0.11261)
(-0.0851606 0.0689623 0.125949)
(-0.0631157 0.0786975 0.156329)
(-0.0458728 0.0458729 0.208842)
(-0.0123839 0.0388098 0.224423)
(0.0185122 0.049787 0.170197)
(0.0786975 0.0631156 0.156329)
(0.0655305 0.0655306 0.0825545)
(0.173656 0.149053 0.0608572)
(0.0173676 0.050891 -0.228469)
(-0.0173675 0.050891 -0.228469)
(-0.173656 0.149053 0.0608573)
(-0.0655305 0.0655306 0.0825545)
(-0.0786975 0.0631157 0.156329)
(-0.0185122 0.049787 0.170197)
(0.0265971 0.0442978 0.11292)
(0.0689623 0.0851607 0.125949)
(0.149053 0.173656 0.0608573)
(0.0898425 0.0898425 -0.116067)
(0.0280936 0.042781 -0.421551)
(-0.0280936 0.042781 -0.421551)
(-0.0898426 0.0898425 -0.116067)
(-0.149053 0.173656 0.0608573)
(-0.0689623 0.0851607 0.125949)
(-0.0265972 0.0442978 0.11292)
(0.0419223 0.0180137 -0.00270897)
(0.0831831 0.000920663 -0.11261)
(0.050891 0.0173676 -0.228469)
(0.0427811 0.0280936 -0.42155)
(0.0174797 0.0174797 -0.592413)
(-0.0174798 0.0174797 -0.592413)
(-0.0427811 0.0280936 -0.42155)
(-0.050891 0.0173676 -0.228469)
(-0.0831831 0.000920663 -0.11261)
(-0.0419224 0.0180137 -0.00270898)
(0.0419224 -0.0180138 -0.00270887)
(0.0831829 -0.000920633 -0.11261)
(0.050891 -0.0173675 -0.228469)
(0.042781 -0.0280936 -0.421551)
(0.0174797 -0.0174798 -0.592413)
(-0.0174797 -0.0174798 -0.592413)
(-0.042781 -0.0280936 -0.421551)
(-0.050891 -0.0173675 -0.228469)
(-0.0831829 -0.000920633 -0.11261)
(-0.0419224 -0.0180138 -0.00270888)
(0.0265972 -0.0442978 0.11292)
(0.0689622 -0.0851606 0.125949)
(0.149053 -0.173656 0.0608573)
(0.0898425 -0.0898426 -0.116067)
(0.0280936 -0.0427811 -0.42155)
(-0.0280936 -0.0427811 -0.42155)
(-0.0898425 -0.0898426 -0.116067)
(-0.149053 -0.173656 0.0608573)
(-0.0689623 -0.0851606 0.125949)
(-0.0265972 -0.0442978 0.11292)
(0.0185122 -0.049787 0.170197)
(0.0786975 -0.0631157 0.156329)
(0.0655306 -0.0655305 0.0825545)
(0.173656 -0.149053 0.0608573)
(0.0173675 -0.050891 -0.228469)
(-0.0173675 -0.050891 -0.228469)
(-0.173656 -0.149053 0.0608573)
(-0.0655306 -0.0655306 0.0825546)
(-0.0786975 -0.0631157 0.156329)
(-0.0185122 -0.049787 0.170197)
(0.0123839 -0.0388098 0.224422)
(0.0458728 -0.0458728 0.208842)
(0.0631157 -0.0786975 0.156329)
(0.0851607 -0.0689623 0.125949)
(0.000920656 -0.0831831 -0.11261)
(-0.000920654 -0.0831831 -0.11261)
(-0.0851607 -0.0689623 0.125949)
(-0.0631157 -0.0786975 0.156329)
(-0.0458728 -0.0458728 0.208842)
(-0.0123839 -0.0388098 0.224423)
(0.0132057 -0.0132057 0.240608)
(0.0388098 -0.0123839 0.224422)
(0.049787 -0.0185122 0.170197)
(0.0442978 -0.0265971 0.11292)
(0.0180137 -0.0419223 -0.00270896)
(-0.0180138 -0.0419223 -0.00270894)
(-0.0442978 -0.0265972 0.11292)
(-0.049787 -0.0185122 0.170197)
(-0.0388098 -0.0123839 0.224423)
(-0.0132057 -0.0132057 0.240608)
)
;

boundaryField
{
    bottom
    {
        type            noSlip;
    }
    atmosphere
    {
        type            pressureInletOutletVelocity;
        value           nonuniform List<vector> 
100
(
(0.0132057 0.0132057 0.240608)
(0.0123839 0.0388098 0.224422)
(0.0185122 0.049787 0.170197)
(0.0265971 0.0442978 0.11292)
(0 0 -0.00270897)
(0 0 -0.00270887)
(0.0265972 -0.0442978 0.11292)
(0.0185122 -0.049787 0.170197)
(0.0123839 -0.0388098 0.224422)
(0.0132057 -0.0132057 0.240608)
(0.0388098 0.0123839 0.224422)
(0.0458728 0.0458728 0.208842)
(0.0786975 0.0631156 0.156329)
(0.0689623 0.0851607 0.125949)
(0 0 -0.11261)
(0 0 -0.11261)
(0.0689622 -0.0851606 0.125949)
(0.0786975 -0.0631157 0.156329)
(0.0458728 -0.0458728 0.208842)
(0.0388098 -0.0123839 0.224422)
(0.049787 0.0185122 0.170197)
(0.0631157 0.0786975 0.156329)
(0.0655305 0.0655306 0.0825545)
(0.149053 0.173656 0.0608573)
(0 0 -0.228469)
(0 0 -0.228469)
(0.149053 -0.173656 0.0608573)
(0.0655306 -0.0655305 0.0825545)
(0.0631157 -0.0786975 0.156329)
(0.049787 -0.0185122 0.170197)
(0.0442978 0.0265972 0.11292)
(0.0851606 0.0689623 0.125949)
(0.173656 0.149053 0.0608572)
(0 0 -0.116067)
(0 0 -0.42155)
(0 0 -0.421551)
(0 0 -0.116067)
(0.173656 -0.149053 0.0608573)
(0.0851607 -0.0689623 0.125949)
(0.0442978 -0.0265971 0.11292)
(0 0 -0.0027089)
(0 0 -0.11261)
(0 0 -0.228469)
(0 0 -0.421551)
(0 0 -0.592413)
(0 0 -0.592413)
(0 0 -0.42155)
(0 0 -0.228469)
(0 0 -0.11261)
(0 0 -0.00270896)
(0 0 -0.00270888)
(0 0 -0.11261)
(0 0 -0.228469)
(0 0 -0.421551)
(0 0 -0.592413)
(0 0 -0.592413)
(0 0 -0.42155)
(0 0 -0.228469)
(0 0 -0.11261)
(0 0 -0.00270894)
(-0.0442978 0.0265972 0.11292)
(-0.0851606 0.0689623 0.125949)
(-0.173656 0.149053 0.0608573)
(0 0 -0.116067)
(0 0 -0.42155)
(0 0 -0.421551)
(0 0 -0.116067)
(-0.173656 -0.149053 0.0608573)
(-0.0851607 -0.0689623 0.125949)
(-0.0442978 -0.0265972 0.11292)
(-0.049787 0.0185122 0.170197)
(-0.0631157 0.0786975 0.156329)
(-0.0655305 0.0655306 0.0825545)
(-0.149053 0.173656 0.0608573)
(0 0 -0.228469)
(0 0 -0.228469)
(-0.149053 -0.173656 0.0608573)
(-0.0655306 -0.0655306 0.0825546)
(-0.0631157 -0.0786975 0.156329)
(-0.049787 -0.0185122 0.170197)
(-0.0388098 0.0123839 0.224422)
(-0.0458728 0.0458729 0.208842)
(-0.0786975 0.0631157 0.156329)
(-0.0689623 0.0851607 0.125949)
(0 0 -0.11261)
(0 0 -0.11261)
(-0.0689623 -0.0851606 0.125949)
(-0.0786975 -0.0631157 0.156329)
(-0.0458728 -0.0458728 0.208842)
(-0.0388098 -0.0123839 0.224423)
(-0.0132057 0.0132057 0.240608)
(-0.0123839 0.0388098 0.224423)
(-0.0185122 0.049787 0.170197)
(-0.0265972 0.0442978 0.11292)
(0 0 -0.00270898)
(0 0 -0.00270888)
(-0.0265972 -0.0442978 0.11292)
(-0.0185122 -0.049787 0.170197)
(-0.0123839 -0.0388098 0.224423)
(-0.0132057 -0.0132057 0.240608)
)
;
    }
    walls
    {
        type            noSlip;
    }
    procBoundary1to0
    {
        type            processor;
        value           nonuniform List<vector> 
100
(
(0.0771912 0.0771912 1.02845)
(0.132789 0.104606 1.04006)
(0.22401 0.157808 1.0549)
(0.198773 0.239196 1.0131)
(0.00134135 0.316906 0.789883)
(-0.00134148 0.316906 0.789883)
(-0.198773 0.239196 1.0131)
(-0.22401 0.157808 1.0549)
(-0.132789 0.104606 1.04006)
(-0.0771911 0.0771911 1.02845)
(0.104606 0.132789 1.04006)
(0.217456 0.217456 1.06448)
(0.360571 0.291075 1.11056)
(0.393436 0.594039 0.708539)
(0.241265 0.430241 -0.850835)
(-0.241265 0.430241 -0.850835)
(-0.393436 0.594039 0.708539)
(-0.360571 0.291075 1.11056)
(-0.217456 0.217456 1.06448)
(-0.104606 0.132789 1.04006)
(0.157808 0.22401 1.0549)
(0.291075 0.360571 1.11056)
(0.586874 0.586874 0.911671)
(0.478661 0.61564 -0.138716)
(0.36694 0.46129 -1.76301)
(-0.36694 0.46129 -1.76301)
(-0.478661 0.615639 -0.138716)
(-0.586874 0.586874 0.911671)
(-0.291075 0.360571 1.11056)
(-0.157808 0.22401 1.0549)
(0.239196 0.198773 1.0131)
(0.594039 0.393436 0.708539)
(0.61564 0.478661 -0.138716)
(0.438906 0.438906 -1.15227)
(0.329773 0.379643 -2.4265)
(-0.329772 0.379643 -2.4265)
(-0.438906 0.438906 -1.15227)
(-0.61564 0.47866 -0.138715)
(-0.594039 0.393436 0.70854)
(-0.239196 0.198773 1.0131)
(0.316906 0.00134136 0.789883)
(0.430241 0.241265 -0.850835)
(0.46129 0.36694 -1.76301)
(0.379643 0.329773 -2.4265)
(0.213004 0.213004 -2.90169)
(-0.213004 0.213004 -2.90169)
(-0.379643 0.329772 -2.4265)
(-0.46129 0.36694 -1.76301)
(-0.430241 0.241265 -0.850834)
(-0.316906 0.00134144 0.789884)
(0.316906 -0.00134149 0.789883)
(0.430241 -0.241265 -0.850835)
(0.46129 -0.36694 -1.76301)
(0.379643 -0.329772 -2.4265)
(0.213004 -0.213004 -2.90169)
(-0.213004 -0.213004 -2.90169)
(-0.379643 -0.329772 -2.4265)
(-0.46129 -0.36694 -1.76301)
(-0.430241 -0.241265 -0.850834)
(-0.316906 -0.00134156 0.789884)
(0.239196 -0.198773 1.0131)
(0.594039 -0.393436 0.708539)
(0.615639 -0.478661 -0.138716)
(0.438906 -0.438906 -1.15227)
(0.329773 -0.379643 -2.4265)
(-0.329772 -0.379643 -2.4265)
(-0.438905 -0.438905 -1.15227)
(-0.615639 -0.47866 -0.138715)
(-0.594039 -0.393436 0.70854)
(-0.239195 -0.198773 1.0131)
(0.157808 -0.22401 1.0549)
(0.291075 -0.360571 1.11056)
(0.586874 -0.586874 0.911671)
(0.47866 -0.61564 -0.138715)
(0.36694 -0.46129 -1.76301)
(-0.36694 -0.46129 -1.76301)
(-0.478661 -0.615639 -0.138715)
(-0.586874 -0.586874 0.911671)
(-0.291075 -0.360571 1.11056)
(-0.157808 -0.22401 1.0549)
(0.104606 -0.132789 1.04006)
(0.217456 -0.217456 1.06448)
(0.360571 -0.291075 1.11056)
(0.393436 -0.594039 0.70854)
(0.241265 -0.430241 -0.850834)
(-0.241265 -0.430241 -0.850834)
(-0.393436 -0.594039 0.70854)
(-0.360571 -0.291075 1.11056)
(-0.217456 -0.217456 1.06448)
(-0.104606 -0.132789 1.04006)
(0.0771912 -0.0771911 1.02845)
(0.132789 -0.104606 1.04006)
(0.22401 -0.157808 1.0549)
(0.198773 -0.239196 1.0131)
(0.00134143 -0.316906 0.789884)
(-0.00134155 -0.316906 0.789884)
(-0.198773 -0.239195 1.0131)
(-0.22401 -0.157808 1.0549)
(-0.132789 -0.104606 1.04006)
(-0.0771911 -0.0771911 1.02845)
)
;
    }
}


// ************************************************************************* //
