/*--------------------------------*- C++ -*----------------------------------*\
| =========                 |                                                 |
| \\      /  F ield         | OpenFOAM: The Open Source CFD Toolbox           |
|  \\    /   O peration     | Version:  2412                                  |
|   \\  /    A nd           | Website:  www.openfoam.com                      |
|    \\/     M anipulation  |                                                 |
\*---------------------------------------------------------------------------*/
FoamFile
{
    version     2.0;
    format      ascii;
    arch        "LSB;label=32;scalar=64";
    class       volScalarField;
    location    "0.81";
    object      p_rgh;
}
// * * * * * * * * * * * * * * * * * * * * * * * * * * * * * * * * * * * * * //

dimensions      [1 -1 -2 0 0 0 0];

internalField   nonuniform List<scalar> 
4000
(
201.858
141.391
107.537
75.5721
73.3315
73.3317
75.5721
107.537
141.392
201.858
141.392
92.2436
55.2699
30.1526
28.4708
28.4708
30.1526
55.2701
92.2434
141.391
107.537
55.2698
49.0822
32.7707
30.7137
30.7136
32.7705
49.0821
55.2697
107.537
75.5721
30.1526
32.7707
23.1531
22.9957
22.9956
23.153
32.7704
30.1525
75.572
73.3314
28.4707
30.7137
22.9958
23.251
23.2511
22.9958
30.7134
28.4708
73.3316
73.3317
28.4708
30.7134
22.9956
23.2512
23.2513
22.9957
30.7131
28.4708
73.3318
75.5721
30.1525
32.7703
23.1529
22.9958
22.9957
23.1528
32.7701
30.1525
75.572
107.537
55.2701
49.0821
32.7703
30.7132
30.713
32.7701
49.0821
55.2699
107.537
141.392
92.2433
55.2697
30.1525
28.4709
28.4709
30.1525
55.2698
92.243
141.392
201.858
141.391
107.537
75.572
73.3317
73.3319
75.572
107.537
141.391
201.858
210.854
127.253
59.7412
53.3582
48.1001
48.1003
53.3581
59.7408
127.253
210.854
127.253
31.3084
30.2413
17.4015
12.8816
12.8819
17.4014
30.2413
31.3086
127.253
59.7413
30.2413
44.1579
27.9257
21.4548
21.455
27.9255
44.1577
30.2413
59.7411
53.3582
17.4015
27.9257
18.4266
16.8566
16.8566
18.4264
27.9253
17.4014
53.3579
48.1
12.8814
21.4547
16.8568
16.1596
16.1595
16.8568
21.4546
12.8813
48.1001
48.1004
12.8818
21.4551
16.8566
16.1594
16.1594
16.8567
21.455
12.8817
48.1004
53.3581
17.4014
27.9254
18.4264
16.8566
16.8566
18.4263
27.925
17.4013
53.3579
59.7408
30.2412
44.1576
27.9252
21.4546
21.4549
27.925
44.1575
30.2412
59.7407
127.253
31.3086
30.2413
17.4013
12.8813
12.8815
17.4013
30.2412
31.3087
127.253
210.853
127.253
59.7411
53.3579
48.1003
48.1005
53.3579
59.7407
127.253
210.853
222.59
80.1529
57.3095
36.5561
21.0583
21.0583
36.557
57.3098
80.1528
222.59
80.153
12.1961
18.9889
13.4113
9.94688
9.94679
13.4117
18.989
12.1958
80.153
57.3095
18.9889
31.2955
22.7149
17.4618
17.462
22.715
31.2957
18.9889
57.3097
36.5559
13.4113
22.7147
18.8799
17.7385
17.7384
18.8799
22.7146
13.4113
36.5561
21.0583
9.94693
17.4617
17.7387
16.5575
16.5576
17.7388
17.4617
9.94688
21.0585
21.0584
9.94671
17.462
17.7385
16.5576
16.5577
17.7386
17.4619
9.94664
21.0586
36.5573
13.4118
22.715
18.8799
17.7388
17.7387
18.88
22.7149
13.4118
36.5574
57.3099
18.989
31.2957
22.7146
17.4616
17.4618
22.7148
31.2959
18.989
57.3101
80.1529
12.1958
18.9889
13.4114
9.94682
9.94671
13.4117
18.9891
12.1956
80.153
222.59
80.1531
57.3098
36.5564
21.0586
21.0586
36.5573
57.3101
80.153
222.59
249.983
50.7665
38.5485
20.4042
16.6219
16.6219
20.4045
38.5488
50.7666
249.983
50.7665
9.3479
12.6864
9.61306
10.4313
10.4313
9.61312
12.6864
9.34775
50.7666
38.5485
12.6864
18.2405
15.1834
15.7045
15.7047
15.1835
18.2406
12.6864
38.5485
20.4041
9.61307
15.1833
18.4412
16.4768
16.4766
18.4414
15.1833
9.6131
20.4042
16.622
10.4314
15.7045
16.477
15.7069
15.7068
16.4771
15.7045
10.4314
16.622
16.6219
10.4313
15.7048
16.4766
15.7067
15.7066
16.4766
15.7048
10.4313
16.6219
20.4046
9.61313
15.1835
18.4416
16.477
16.4768
18.4418
15.1835
9.61317
20.4046
38.5489
12.6864
18.2406
15.1834
15.7046
15.7048
15.1835
18.2407
12.6864
38.549
50.7668
9.34769
12.6864
9.61309
10.4314
10.4314
9.61316
12.6864
9.34757
50.7669
249.983
50.7667
38.5486
20.4043
16.6219
16.6218
20.4045
38.5489
50.7668
249.983
183.223
48.6327
33.1726
19.1616
17.0486
17.0487
19.1618
33.173
48.6329
183.224
48.6328
9.87469
12.8499
10.1034
11.7539
11.7537
10.1035
12.8498
9.87437
48.6329
33.1727
12.8499
16.4628
15.4553
14.8388
14.8388
15.4554
16.4628
12.85
33.1728
19.1616
10.1034
15.4552
17.4923
16.0523
16.0522
17.4922
15.4552
10.1035
19.1617
17.0486
11.754
14.8388
16.0524
15.2637
15.2633
16.0524
14.8387
11.754
17.0488
17.0488
11.7537
14.8386
16.0521
15.2629
15.2626
16.0521
14.8385
11.7538
17.0489
19.1619
10.1035
15.4554
17.4923
16.0523
16.0522
17.4922
15.4554
10.1036
19.1619
33.1732
12.8499
16.4628
15.4553
14.8386
14.8386
15.4554
16.4627
12.8499
33.1733
48.633
9.87424
12.85
10.1035
11.7541
11.7539
10.1036
12.85
9.87399
48.6332
183.225
48.633
33.1729
19.1617
17.0488
17.0489
19.1619
33.1733
48.6332
183.226
74.0524
47.2183
27.6817
17.5395
16.6941
16.6947
17.5399
27.6819
47.2187
74.0531
47.2184
10.0886
12.9086
10.909
12.3066
12.3064
10.9089
12.9086
10.0883
47.2189
27.6819
12.9087
15.8979
14.2961
13.9772
13.9771
14.296
15.8978
12.9088
27.6821
17.5394
10.9091
14.296
15.6204
15.3339
15.3339
15.6202
14.2959
10.9091
17.5393
16.6938
12.3067
13.9772
15.3339
14.6823
14.6816
15.3338
13.9772
12.3067
16.6937
16.6947
12.3063
13.9771
15.3338
14.6807
14.6802
15.3337
13.9771
12.3064
16.6944
17.54
10.9089
14.296
15.6201
15.3337
15.3337
15.6201
14.296
10.909
17.54
27.6821
12.9087
15.8977
14.296
13.9772
13.9772
14.296
15.8976
12.9088
27.6824
47.2189
10.0882
12.9088
10.9092
12.3066
12.3064
10.9091
12.9088
10.0879
47.2193
74.0533
47.219
27.6821
17.5394
16.6939
16.6943
17.5399
27.6823
47.2194
74.0539
54.1829
36.2608
27.5405
20.1269
17.9272
17.9272
20.1272
27.5405
36.261
54.183
36.261
10.8792
14.1735
11.73
12.7816
12.7815
11.7299
14.1735
10.8789
36.2615
27.5407
14.1736
15.4299
13.7908
13.6828
13.6828
13.7908
15.4297
14.1737
27.5411
20.1267
11.7301
13.7908
13.9893
14.4664
14.4667
13.9893
13.7908
11.7302
20.1267
17.927
12.7817
13.6828
14.4662
13.8277
13.8272
14.4662
13.6828
12.7816
17.927
17.927
12.7815
13.6827
14.4667
13.8268
13.8264
14.4665
13.6827
12.7815
17.9269
20.1273
11.7299
13.7909
13.9892
14.4659
14.4661
13.9892
13.7909
11.73
20.1274
27.5407
14.1737
15.4295
13.7909
13.6828
13.6827
13.7909
15.4293
14.1739
27.5413
36.2612
10.8788
14.1738
11.7301
12.7816
12.7815
11.73
14.1738
10.8787
36.2617
54.183
36.2615
27.541
20.1269
17.9272
17.9271
20.1274
27.5413
36.2618
54.1829
167.439
38.827
25.2498
20.2758
17.8361
17.8358
20.2755
25.2496
38.827
167.439
38.8274
13.1222
15.4139
12.0433
12.7408
12.7406
12.0431
15.414
13.1219
38.8278
25.2502
15.4141
14.9385
12.9808
13.2384
13.2383
12.9809
14.9383
15.4143
25.2508
20.2761
12.0434
12.9807
12.7904
13.3716
13.3719
12.7904
12.9807
12.0435
20.2764
17.836
12.7409
13.2385
13.3715
13.3203
13.3204
13.3716
13.2386
12.7408
17.8359
17.8356
12.7406
13.2383
13.372
13.3205
13.3206
13.372
13.2383
12.7406
17.8356
20.2755
12.0431
12.9809
12.7905
13.3715
13.3718
12.7905
12.9809
12.0432
20.2756
25.2498
15.4143
14.9382
12.9809
13.2384
13.2383
12.9809
14.938
15.4145
25.2502
38.8272
13.1218
15.4143
12.0433
12.7407
12.7406
12.0432
15.4145
13.1218
38.8277
167.439
38.8278
25.2506
20.2764
17.836
17.8358
20.2759
25.2504
38.8278
167.438
266.666
47.5601
26.0798
18.5531
18.403
18.403
18.5528
26.0792
47.5609
266.667
47.5598
11.1162
16.0488
12.5383
12.7876
12.7872
12.538
16.0487
11.116
47.5603
26.0804
16.049
14.7706
12.374
13.0307
13.0305
12.374
14.7704
16.0492
26.0811
18.5534
12.5386
12.374
12.4145
12.6502
12.6503
12.4146
12.374
12.5386
18.5537
18.4029
12.7877
13.0308
12.6502
13.0486
13.0487
12.6503
13.0308
12.7877
18.4029
18.403
12.7872
13.0305
12.6504
13.0488
13.0488
12.6505
13.0305
12.7872
18.403
18.5528
12.538
12.374
12.4147
12.6503
12.6504
12.4148
12.374
12.5381
18.5531
26.0794
16.0487
14.7703
12.3741
13.0307
13.0305
12.3741
14.7702
16.0489
26.0799
47.5607
11.1158
16.0491
12.5384
12.7875
12.7872
12.5381
16.049
11.1157
47.5605
266.667
47.5604
26.0809
18.5536
18.403
18.403
18.5533
26.0802
47.5603
266.667
296.46
34.7616
26.836
16.7645
18.4266
18.4262
16.7641
26.8359
34.763
296.461
34.7609
11.3739
13.861
12.8056
12.6553
12.6552
12.8053
13.8606
11.3736
34.7611
26.8362
13.8612
14.252
12.2941
13.1213
13.1212
12.2941
14.2519
13.8612
26.8368
16.7648
12.8057
12.2941
12.5514
12.5392
12.5393
12.5516
12.2941
12.8057
16.7651
18.4268
12.6553
13.1213
12.5392
12.854
12.854
12.5392
13.1214
12.6553
18.4264
18.4261
12.6553
13.1212
12.5393
12.8541
12.8541
12.5393
13.1213
12.6553
18.4258
16.7642
12.8053
12.2941
12.5518
12.5393
12.5393
12.5519
12.2941
12.8053
16.7645
26.8358
13.8605
14.2519
12.2941
13.1214
13.1214
12.2941
14.252
13.8606
26.8358
34.7625
11.3735
13.8611
12.8056
12.6553
12.6552
12.8054
13.8608
11.3734
34.7617
296.461
34.7612
26.8367
16.765
18.4261
18.4256
16.7647
26.836
34.7613
296.462
316.786
23.8638
21.5849
15.3346
16.2941
16.2941
15.3349
21.5849
23.864
316.787
23.8638
12.5579
13.3516
13.4846
12.4672
12.4676
13.4846
13.3514
12.5577
23.8639
21.585
13.3516
13.6246
13.1607
13.0796
13.0805
13.1608
13.6245
13.3515
21.5853
15.3346
13.4845
13.1608
12.8101
12.5453
12.5453
12.8102
13.1611
13.4844
15.3349
16.2942
12.467
13.0793
12.5453
12.6861
12.6861
12.5452
13.0793
12.467
16.2939
16.2941
12.4677
13.0806
12.5453
12.6861
12.6861
12.5452
13.0804
12.4676
16.2939
15.335
13.4846
13.1609
12.8102
12.5452
12.5452
12.8103
13.1611
13.4846
15.3349
21.5848
13.3512
13.6245
13.161
13.0795
13.0803
13.1611
13.6246
13.3512
21.5848
23.8639
12.5576
13.3516
13.4845
12.4672
12.4676
13.4846
13.3514
12.5575
23.8639
316.787
23.8639
21.5853
15.335
16.2938
16.2937
15.335
21.585
23.8639
316.788
350.036
24.0434
22.5498
17.779
14.6287
14.6288
17.7799
22.5511
24.0435
350.037
24.0434
12.8274
13.0962
13.8288
12.0946
12.0946
13.8286
13.096
12.8273
24.0434
22.5493
13.096
13.0296
13.6514
12.8355
12.8357
13.6513
13.0295
13.096
22.549
17.779
13.8288
13.6512
12.6786
12.5526
12.5525
12.6787
13.6511
13.8285
17.7793
14.6287
12.0946
12.8354
12.5527
12.5377
12.5377
12.5524
12.8353
12.0946
14.6287
14.6288
12.0946
12.8357
12.5525
12.5378
12.5378
12.5523
12.8356
12.0946
14.6287
17.78
13.8286
13.6512
12.6788
12.5525
12.5524
12.6789
13.6512
13.8286
17.7795
22.5516
13.0959
13.0295
13.6513
12.8355
12.8356
13.6513
13.0295
13.0959
22.5518
24.0435
12.8272
13.096
13.8285
12.0946
12.0945
13.8285
13.096
12.8272
24.0437
350.037
24.0435
22.5492
17.7796
14.6286
14.6286
17.7796
22.5512
24.0438
350.038
379.65
26.1641
30.2884
23.9597
13.7701
13.7701
23.9602
30.2903
26.1639
379.651
26.1641
13.1455
13.4786
13.7558
12.0694
12.0694
13.7555
13.4784
13.1453
26.164
30.2875
13.4784
13.1539
13.2306
12.6002
12.6002
13.2304
13.1535
13.4784
30.287
23.9594
13.7558
13.2304
12.2393
12.8603
12.8601
12.2394
13.2302
13.7555
23.9591
13.7701
12.0695
12.6003
12.8604
12.5104
12.5104
12.86
12.6002
12.0694
13.77
13.7701
12.0695
12.6002
12.8601
12.5105
12.5106
12.8598
12.6002
12.0695
13.77
23.9601
13.7554
13.2303
12.2396
12.8601
12.86
12.2396
13.2302
13.7554
23.9593
30.2909
13.4782
13.1535
13.2303
12.6002
12.6001
13.2302
13.1534
13.4783
30.2911
26.1638
13.1453
13.4784
13.7554
12.0693
12.0693
13.7553
13.4783
13.1453
26.1637
379.652
26.164
30.2873
23.9595
13.7701
13.7701
23.9595
30.2901
26.1639
379.653
247.192
26.5038
34.9948
20.465
12.5885
12.5883
20.4647
34.9945
26.5033
247.188
26.5038
13.0655
13.3901
13.168
12.1695
12.1695
13.1677
13.3899
13.0654
26.5035
34.9947
13.3901
13.8731
12.8124
12.4606
12.4606
12.8123
13.873
13.39
34.9942
20.4648
13.168
12.8124
12.1971
12.904
12.904
12.1969
12.8123
13.1678
20.4642
12.5885
12.1695
12.4606
12.904
12.6201
12.6202
12.9042
12.4606
12.1695
12.5884
12.5882
12.1696
12.4606
12.904
12.6205
12.6206
12.9042
12.4606
12.1696
12.5882
20.4647
13.1677
12.8123
12.1969
12.9041
12.9042
12.1968
12.8123
13.1676
20.4646
34.9944
13.3898
13.873
12.8123
12.4605
12.4605
12.8123
13.8727
13.3898
34.9944
26.5031
13.0653
13.39
13.1677
12.1695
12.1695
13.1676
13.3898
13.0653
26.5029
247.187
26.5034
34.9943
20.4643
12.5884
12.5883
20.4646
34.9944
26.503
247.185
90.7122
24.4713
36.1192
15.9942
12.1435
12.1435
15.994
36.1187
24.471
90.711
24.4713
13.0297
13.1118
12.5608
12.2798
12.2799
12.5606
13.1116
13.0295
24.4709
36.1191
13.1118
13.9943
12.2463
12.5373
12.5372
12.2462
13.9941
13.1117
36.1185
15.9941
12.5607
12.2463
12.5954
12.8018
12.8018
12.5951
12.2462
12.5606
15.9939
12.1434
12.2798
12.5374
12.8018
12.4524
12.4525
12.802
12.5377
12.28
12.1434
12.1435
12.28
12.5372
12.8018
12.4525
12.4525
12.802
12.5375
12.2802
12.1434
15.994
12.5605
12.2461
12.595
12.8019
12.8019
12.5948
12.2461
12.5605
15.994
36.1187
13.1115
13.9941
12.2462
12.5375
12.5374
12.2462
13.9937
13.1115
36.1186
24.4708
13.0295
13.1116
12.5606
12.28
12.2801
12.5605
13.1114
13.0294
24.4703
90.7108
24.4708
36.1187
15.9939
12.1433
12.1434
15.994
36.1187
24.4704
90.7107
46.1803
20.198
37.4325
13.233
11.9416
11.9416
13.2329
37.432
20.1982
46.1804
20.1977
13.1358
12.883
12.0419
12.6101
12.6103
12.0418
12.8829
13.1356
20.197
37.4323
12.8829
13.5405
11.8471
12.9851
12.9852
11.8469
13.5403
12.8828
37.4318
13.2329
12.0419
11.8471
12.4702
12.273
12.2732
12.4702
11.847
12.0418
13.233
11.9415
12.6101
12.9852
12.273
11.7466
11.7465
12.2732
12.9855
12.6104
11.9415
11.9416
12.6104
12.9853
12.2732
11.7465
11.7465
12.2733
12.9857
12.6106
11.9416
13.2328
12.0417
11.8469
12.4701
12.2731
12.2732
12.4701
11.8469
12.0417
13.2329
37.4319
12.8829
13.5403
11.847
12.9854
12.9855
11.8469
13.54
12.8828
37.4319
20.1979
13.1355
12.8829
12.0418
12.6104
12.6105
12.0418
12.8828
13.1354
20.1968
46.1805
20.1968
37.4319
13.233
11.9415
11.9415
13.233
37.432
20.1967
46.1808
25.0532
21.3067
35.5773
11.8995
11.773
11.7732
11.8996
35.5738
21.3048
25.0538
21.3071
13.311
12.4386
11.6813
11.8816
11.8814
11.6816
12.4388
13.3108
21.3061
35.5787
12.4385
12.7675
11.7974
12.73
12.7303
11.7969
12.7671
12.4387
35.579
11.8993
11.6812
11.7975
11.9588
11.5702
11.5703
11.9588
11.7972
11.6814
11.8995
11.7729
11.8816
12.7301
11.5702
11.5105
11.5105
11.5703
12.7304
11.8812
11.7732
11.7729
11.8812
12.7305
11.5703
11.5105
11.5105
11.5703
12.7306
11.8809
11.7733
11.8994
11.6817
11.7967
11.9588
11.5703
11.5703
11.9588
11.7965
11.6818
11.8996
35.5735
12.4388
12.7671
11.7971
12.7303
12.7304
11.7967
12.7678
12.4389
35.5739
21.3046
13.3108
12.4388
11.6815
11.8813
11.8811
11.6817
12.4389
13.3107
21.3043
25.0539
21.3057
35.5781
11.8996
11.7735
11.7737
11.8997
35.5745
21.3043
25.0543
32.8873
27.3972
23.9851
11.6429
11.7456
11.746
11.6441
23.9834
27.3957
32.8878
27.3977
13.4431
12.1002
11.5662
11.3832
11.3832
11.5666
12.1005
13.4429
27.3976
23.986
12.1001
11.6724
12.7585
11.716
11.7162
12.7584
11.6723
12.1003
23.9866
11.6427
11.5661
12.7586
11.7095
11.2785
11.2785
11.7095
12.7585
11.5663
11.6433
11.7457
11.3832
11.716
11.2785
11.3499
11.3499
11.2785
11.7157
11.3831
11.7458
11.7464
11.3832
11.7162
11.2785
11.3499
11.3499
11.2785
11.7159
11.3831
11.7463
11.6444
11.5667
12.7585
11.7095
11.2785
11.2785
11.7096
12.7584
11.5667
11.6447
23.9833
12.1005
11.6723
12.7584
11.7158
11.7158
12.7583
11.6725
12.1006
23.9837
27.3958
13.4429
12.1003
11.5663
11.3831
11.3831
11.5666
12.1006
13.4428
27.3963
32.8878
27.3975
23.9861
11.6435
11.7457
11.7459
11.6445
23.984
27.3965
32.8881
50.0998
24.504
18.2581
11.7169
11.2972
11.2968
11.7192
18.2577
24.5043
50.0972
24.504
13.2748
11.806
11.4813
11.2504
11.2504
11.4816
11.8062
13.2747
24.5043
18.2585
11.806
11.4981
12.7719
11.377
11.3771
12.772
11.4981
11.806
18.2589
11.7166
11.4813
12.772
11.7487
11.1514
11.1514
11.7487
12.772
11.4814
11.7176
11.2974
11.2504
11.377
11.1514
11.2419
11.2418
11.1514
11.377
11.2504
11.297
11.2969
11.2504
11.3771
11.1514
11.2418
11.2418
11.1514
11.3771
11.2504
11.2966
11.7199
11.4817
12.7722
11.7487
11.1514
11.1514
11.7487
12.7722
11.4817
11.7201
18.2577
11.8063
11.4981
12.7719
11.377
11.377
12.772
11.4981
11.8064
18.258
24.5043
13.2746
11.8061
11.4814
11.2504
11.2504
11.4816
11.8063
13.2746
24.5046
50.0964
24.5044
18.2587
11.7178
11.2967
11.2964
11.7195
18.258
24.5046
50.0947
177.174
22.1275
15.5317
11.9771
11.1659
11.1659
11.9785
15.5317
22.1276
177.168
22.1275
12.9087
11.507
11.404
11.1651
11.1651
11.4038
11.507
12.9087
22.1274
15.5318
11.507
11.6462
12.8708
11.3271
11.3271
12.8709
11.6461
11.507
15.532
11.9768
11.404
12.8709
11.8022
11.0647
11.0647
11.8022
12.8709
11.4039
11.9775
11.1659
11.1651
11.3271
11.0648
11.1596
11.1596
11.0647
11.3271
11.1651
11.1659
11.1659
11.1651
11.3271
11.0647
11.1596
11.1596
11.0647
11.3271
11.1651
11.1659
11.9789
11.4037
12.871
11.8022
11.0647
11.0647
11.8022
12.871
11.4037
11.9792
15.5318
11.5071
11.6461
12.8707
11.327
11.3271
12.8708
11.6461
11.5071
15.5319
22.1275
12.9087
11.507
11.4039
11.1651
11.1651
11.4037
11.507
12.9086
22.1274
177.166
22.1274
15.5319
11.9777
11.1659
11.1659
11.9788
15.5318
22.1275
177.162
240.997
22.5122
14.7604
12.26
11.1391
11.139
12.2589
14.7605
22.512
240.991
22.5122
12.8325
11.552
11.3232
11.1288
11.1289
11.3227
11.5519
12.8324
22.5121
14.7603
11.5521
11.8898
12.6775
11.2337
11.2338
12.6781
11.8897
11.552
14.7603
12.2602
11.3232
12.6775
11.214
10.9992
10.9992
11.2141
12.6777
11.323
12.2597
11.1391
11.1289
11.2338
10.9992
11.0872
11.0872
10.9992
11.2337
11.1288
11.139
11.139
11.1289
11.2338
10.9992
11.0872
11.0872
10.9992
11.2338
11.1289
11.139
12.2586
11.3225
12.6783
11.2141
10.9992
10.9992
11.2141
12.6784
11.3224
12.2585
14.7605
11.5518
11.8897
12.6777
11.2337
11.2337
12.6781
11.8897
11.5518
14.7605
22.5119
12.8324
11.552
11.323
11.1288
11.1288
11.3226
11.5518
12.8323
22.5118
240.989
22.5121
14.7603
12.2596
11.139
11.139
12.2588
14.7605
22.5119
240.985
239.787
23.2572
15.9993
12.4922
11.1406
11.1406
12.4907
15.999
23.2567
239.825
23.2572
13.648
12.2565
11.2746
11.2337
11.2337
11.2743
12.2561
13.6478
23.2571
15.9993
12.2565
13.2072
11.7537
11.1408
11.1408
11.754
13.2071
12.2564
15.9993
12.4924
11.2746
11.7537
10.9763
11.0278
11.0277
10.9763
11.7537
11.2745
12.4918
11.1406
11.2338
11.1408
11.0278
11.0305
11.0305
11.0278
11.1408
11.2337
11.1406
11.1407
11.2337
11.1408
11.0278
11.0305
11.0305
11.0278
11.1408
11.2337
11.1407
12.4903
11.2742
11.7541
10.9763
11.0277
11.0277
10.9763
11.7541
11.2742
12.4901
15.9989
12.256
13.2071
11.7538
11.1407
11.1407
11.754
13.2066
12.2559
15.999
23.2565
13.6478
12.2564
11.2745
11.2336
11.2336
11.2743
12.2561
13.6476
23.2566
239.835
23.2572
15.9993
12.4916
11.1406
11.1407
12.4905
15.9991
23.2568
239.853
254.934
23.7814
20.8911
12.4104
11.2133
11.2137
12.4106
20.8896
23.781
254.942
23.7815
15.3649
13.567
11.2395
11.3641
11.3642
11.2396
13.5667
15.3647
23.7815
20.8913
13.5671
17.919
11.4274
11.0956
11.0956
11.4276
17.9189
13.5669
20.8913
12.4103
11.2395
11.4274
11.0196
11.1796
11.1796
11.0196
11.4274
11.2395
12.4103
11.2133
11.3641
11.0956
11.1796
11.0191
11.0191
11.1796
11.0956
11.3642
11.2135
11.2138
11.3642
11.0956
11.1796
11.0191
11.0191
11.1797
11.0956
11.3643
11.214
12.4107
11.2397
11.4277
11.0196
11.1796
11.1796
11.0196
11.4277
11.2397
12.4107
20.8892
13.5666
17.9188
11.4274
11.0956
11.0956
11.4275
17.9182
13.5665
20.8894
23.7808
15.3646
13.5669
11.2395
11.3642
11.3643
11.2396
13.5666
15.3643
23.7809
254.944
23.7816
20.8915
12.4104
11.2135
11.2138
12.4106
20.8902
23.7812
254.949
277.223
23.836
24.9142
12.0246
11.4691
11.4697
12.0256
24.9138
23.8357
277.209
23.836
16.1847
14.2927
11.1828
11.3104
11.3108
11.1829
14.2928
16.1848
23.8361
24.9143
14.2927
18.4924
11.1487
11.0502
11.0502
11.1489
18.4922
14.2927
24.9143
12.0244
11.1827
11.1487
11.1208
11.1638
11.1638
11.1208
11.1487
11.1828
12.0247
11.4691
11.3104
11.0502
11.1638
11.091
11.091
11.1638
11.0502
11.3105
11.4696
11.4699
11.3109
11.0502
11.1638
11.091
11.091
11.1638
11.0502
11.3108
11.4702
12.0259
11.183
11.149
11.1208
11.1638
11.1638
11.1208
11.149
11.183
12.026
24.9137
14.2929
18.4921
11.1487
11.0502
11.0502
11.1488
18.4917
14.2928
24.9138
23.8356
16.1848
14.2926
11.1828
11.3106
11.3108
11.1829
14.2927
16.1849
23.8357
277.205
23.8361
24.9144
12.0249
11.4696
11.4701
12.0257
24.9141
23.8359
277.198
253.647
22.8774
25.3501
11.6895
11.2439
11.2426
11.6897
25.3494
22.8773
253.609
22.8774
15.0075
14.0323
11.0526
11.0337
11.0332
11.0526
14.0325
15.0078
22.8775
25.3503
14.0322
18.0162
10.9207
11.0852
11.0852
10.9207
18.0156
14.0322
25.3503
11.6895
11.0526
10.9207
11.0775
11.1205
11.1205
11.0775
10.9206
11.0525
11.6895
11.244
11.0337
11.0851
11.1205
10.974
10.974
11.1205
11.0851
11.033
11.2433
11.2422
11.0329
11.0852
11.1205
10.974
10.974
11.1205
11.0851
11.0325
11.2419
11.6898
11.0525
10.9207
11.0774
11.1205
11.1205
11.0774
10.9207
11.0524
11.6898
25.3492
14.0327
18.0153
10.9206
11.0851
11.0852
10.9207
18.0151
14.0327
25.3494
22.8773
15.0079
14.0322
11.0525
11.0331
11.0327
11.0525
14.0324
15.0081
22.8774
253.599
22.8775
25.3504
11.6895
11.2432
11.2422
11.6897
25.3498
22.8775
253.579
178.318
21.322
24.3692
11.3574
10.8532
10.8532
11.3569
24.3707
21.3222
178.321
21.3219
13.5971
13.0982
10.8231
10.7553
10.7553
10.823
13.0986
13.5973
21.322
24.3692
13.0981
13.8981
10.8133
11.1867
11.1867
10.8133
13.8978
13.0981
24.369
11.3575
10.8231
10.8133
11.0244
10.9568
10.9568
11.0243
10.8132
10.823
11.3572
10.8532
10.7553
11.1867
10.9568
10.7651
10.7651
10.9567
11.1867
10.7553
10.8533
10.8533
10.7553
11.1867
10.9568
10.7651
10.7651
10.9568
11.1867
10.7552
10.8533
11.3568
10.8229
10.8133
11.0243
10.9568
10.9568
11.0243
10.8133
10.8228
11.3566
24.3715
13.0988
13.8976
10.8132
11.1867
11.1867
10.8132
13.8976
13.0988
24.3712
21.3223
13.5974
13.098
10.823
10.7553
10.7552
10.8229
13.0984
13.5977
21.3223
178.321
21.322
24.3686
11.3572
10.8532
10.8532
11.3568
24.3699
21.3222
178.322
395.891
19.4515
17.9673
11.104
10.7899
10.7899
11.1038
17.9684
19.4519
395.9
19.4515
12.6297
12.1496
10.6814
10.7031
10.7031
10.6814
12.1499
12.6299
19.4516
17.9672
12.1495
11.9902
10.8214
11.1358
11.1358
10.8214
11.9902
12.1495
17.9671
11.104
10.6814
10.8214
10.9085
10.6787
10.6787
10.9085
10.8213
10.6814
11.1039
10.7899
10.7031
11.1358
10.6787
10.667
10.667
10.6787
11.1358
10.7031
10.7899
10.7899
10.7031
11.1358
10.6787
10.667
10.667
10.6787
11.1358
10.7031
10.7899
11.1037
10.6814
10.8214
10.9085
10.6787
10.6787
10.9084
10.8214
10.6814
11.1036
17.969
12.1501
11.9901
10.8213
11.1358
11.1358
10.8213
11.9901
12.1501
17.9687
19.452
12.6299
12.1495
10.6814
10.7031
10.7031
10.6814
12.1498
12.6301
19.4521
395.902
19.4515
17.9668
11.1039
10.7899
10.7899
11.1037
17.9678
19.4518
395.907
436.86
18.3662
14.8408
11.0903
10.7437
10.7437
11.0905
14.8413
18.3665
436.865
18.3661
11.901
11.5531
10.6674
10.686
10.6862
10.6674
11.5533
11.9011
18.3662
14.8408
11.5531
11.22
10.6248
10.8473
10.8473
10.6247
11.22
11.5532
14.8407
11.0903
10.6674
10.6248
10.5864
10.5514
10.5514
10.5864
10.6248
10.6675
11.0904
10.7437
10.6861
10.8473
10.5514
10.6083
10.6083
10.5514
10.8473
10.6866
10.7438
10.7438
10.6864
10.8473
10.5514
10.6083
10.6083
10.5514
10.8473
10.6868
10.7438
11.0905
10.6674
10.6247
10.5863
10.5514
10.5514
10.5863
10.6247
10.6675
11.0906
14.8415
11.5534
11.2199
10.6248
10.8473
10.8473
10.6247
11.22
11.5534
14.8414
18.3667
11.9011
11.5532
10.6674
10.6865
10.6867
10.6674
11.5533
11.9012
18.3667
436.866
18.3663
14.8406
11.0904
10.7437
10.7438
11.0906
14.841
18.3666
436.869
403.447
17.1736
13.5209
11.2781
10.6928
10.6928
11.2785
13.521
17.1739
403.458
17.1736
11.3234
11.1694
10.7205
10.5405
10.5405
10.7205
11.1695
11.3235
17.1737
13.5209
11.1694
10.9466
10.4909
10.6524
10.6524
10.4909
10.9466
11.1695
13.5208
11.278
10.7205
10.491
10.423
10.4847
10.4847
10.423
10.491
10.7207
11.2782
10.6928
10.5405
10.6524
10.4847
10.5522
10.5522
10.4847
10.6524
10.5406
10.6928
10.6928
10.5406
10.6524
10.4847
10.5522
10.5522
10.4847
10.6524
10.5406
10.6928
11.2787
10.7205
10.4909
10.423
10.4847
10.4847
10.423
10.4909
10.7206
11.2788
13.521
11.1695
10.9466
10.491
10.6524
10.6524
10.491
10.9466
11.1695
13.521
17.1741
11.3235
11.1695
10.7206
10.5406
10.5406
10.7206
11.1695
11.3236
17.1741
403.461
17.1737
13.5208
11.2783
10.6928
10.6928
11.2786
13.5209
17.174
403.469
429.8
16.2417
12.9419
11.4777
10.6194
10.6195
11.4786
12.942
16.2419
429.794
16.2416
10.9284
10.8585
10.6051
10.4346
10.4346
10.605
10.8585
10.9285
16.2417
12.9418
10.8585
10.9499
10.4858
10.5729
10.5729
10.4858
10.9499
10.8585
12.9419
11.4776
10.605
10.4858
10.3759
10.4714
10.4714
10.3759
10.4858
10.6049
11.4778
10.6194
10.4346
10.5729
10.4714
10.4959
10.4959
10.4714
10.5729
10.4345
10.6194
10.6195
10.4346
10.5729
10.4714
10.4959
10.4959
10.4714
10.5729
10.4345
10.6195
11.4791
10.605
10.4857
10.3759
10.4714
10.4714
10.3759
10.4858
10.6049
11.4791
12.942
10.8585
10.9499
10.4858
10.5729
10.5729
10.4858
10.9499
10.8585
12.942
16.242
10.9285
10.8585
10.6049
10.4345
10.4345
10.6049
10.8585
10.9285
16.2421
429.793
16.2418
12.9419
11.4779
10.6194
10.6194
11.4787
12.942
16.242
429.787
541.078
15.6708
12.6248
11.2986
10.5446
10.5446
11.2989
12.6251
15.671
541.078
15.6708
10.6767
10.6773
10.4096
10.369
10.369
10.4097
10.6772
10.6767
15.6708
12.6248
10.6772
11.0951
10.496
10.5177
10.5177
10.496
11.0951
10.6772
12.6249
11.2985
10.4096
10.496
10.3817
10.5044
10.5044
10.3817
10.4961
10.4096
11.2984
10.5446
10.369
10.5177
10.5044
10.4337
10.4337
10.5044
10.5177
10.369
10.5446
10.5446
10.369
10.5177
10.5044
10.4337
10.4337
10.5044
10.5177
10.369
10.5446
11.299
10.4097
10.496
10.3817
10.5044
10.5044
10.3817
10.496
10.4097
11.2989
12.6251
10.6772
11.095
10.4961
10.5177
10.5177
10.4961
11.095
10.6772
12.6252
15.6711
10.6767
10.6772
10.4096
10.369
10.369
10.4097
10.6772
10.6767
15.6712
541.079
15.6709
12.6249
11.2985
10.5446
10.5446
11.2988
12.6251
15.6711
541.08
558.429
15.4172
12.3953
11.1237
10.4728
10.4728
11.1228
12.3956
15.4174
558.43
15.4172
10.5646
10.6718
10.3921
10.3056
10.3056
10.3921
10.6718
10.5646
15.4172
12.3952
10.6718
11.0468
10.4637
10.466
10.466
10.4637
11.0468
10.6717
12.3953
11.1239
10.3921
10.4637
10.4111
10.4719
10.4719
10.4111
10.4637
10.3921
11.1237
10.4728
10.3056
10.466
10.4718
10.3592
10.3592
10.4718
10.466
10.3056
10.4728
10.4728
10.3056
10.466
10.4719
10.3592
10.3592
10.4719
10.466
10.3056
10.4728
11.1222
10.3921
10.4636
10.4111
10.4718
10.4719
10.4111
10.4637
10.3921
11.1223
12.3957
10.6718
11.0468
10.4637
10.466
10.466
10.4637
11.0468
10.6718
12.3958
15.4175
10.5646
10.6717
10.3921
10.3056
10.3056
10.3921
10.6718
10.5646
15.4176
558.431
15.4173
12.3954
11.1236
10.4728
10.4728
11.1228
12.3957
15.4175
558.432
574.582
15.1871
12.3533
11.5213
10.402
10.402
11.5205
12.3536
15.1874
574.583
15.1871
10.6054
10.7772
10.4298
10.2395
10.2395
10.4298
10.7773
10.6055
15.1872
12.3533
10.7772
10.9138
10.4385
10.4038
10.4038
10.4385
10.9137
10.7772
12.3534
11.5214
10.4298
10.4385
10.3571
10.3021
10.3021
10.3571
10.4385
10.4298
11.5213
10.402
10.2395
10.4038
10.3021
10.276
10.276
10.3021
10.4038
10.2395
10.402
10.402
10.2395
10.4038
10.3021
10.276
10.276
10.3021
10.4038
10.2395
10.402
11.5201
10.4298
10.4385
10.3571
10.3021
10.3021
10.3571
10.4385
10.4298
11.5202
12.3537
10.7773
10.9137
10.4385
10.4038
10.4038
10.4385
10.9137
10.7773
12.3538
15.1875
10.6056
10.7772
10.4298
10.2395
10.2395
10.4298
10.7773
10.6056
15.1875
574.584
15.1872
12.3535
11.5212
10.402
10.402
11.5205
12.3538
15.1874
574.584
604.464
15.1024
12.7203
12.0401
10.3217
10.3217
12.0402
12.7205
15.1027
604.465
15.1024
10.7543
10.803
10.3613
10.161
10.1609
10.3613
10.803
10.7544
15.1025
12.7202
10.803
10.8141
10.3529
10.286
10.286
10.3529
10.8141
10.803
12.7204
12.0401
10.3613
10.3529
10.2554
10.1569
10.1569
10.2554
10.3529
10.3613
12.0401
10.3217
10.161
10.286
10.1569
10.1897
10.1897
10.1569
10.286
10.161
10.3217
10.3217
10.1609
10.286
10.1569
10.1897
10.1897
10.1569
10.286
10.1609
10.3217
12.0402
10.3613
10.3529
10.2555
10.1569
10.1569
10.2555
10.3529
10.3613
12.0402
12.7206
10.803
10.8141
10.3529
10.286
10.286
10.3529
10.8141
10.803
12.7207
15.1028
10.7544
10.803
10.3613
10.161
10.1609
10.3613
10.803
10.7545
15.1028
604.465
15.1026
12.7205
12.0402
10.3217
10.3217
12.0402
12.7207
15.1028
604.466
623.488
15.1286
12.969
11.9577
10.2313
10.2313
11.9583
12.9693
15.1288
623.489
15.1286
10.9565
10.7085
10.2473
10.0744
10.0744
10.2473
10.7084
10.9566
15.1287
12.969
10.7085
10.8127
10.1984
10.1706
10.1706
10.1984
10.8127
10.7085
12.969
11.9575
10.2473
10.1984
10.0632
10.0726
10.0726
10.0632
10.1984
10.2473
11.9576
10.2313
10.0744
10.1706
10.0726
10.108
10.108
10.0726
10.1706
10.0744
10.2313
10.2313
10.0743
10.1706
10.0726
10.108
10.108
10.0726
10.1706
10.0743
10.2313
11.9586
10.2473
10.1984
10.0632
10.0726
10.0726
10.0632
10.1984
10.2473
11.9585
12.9694
10.7084
10.8127
10.1984
10.1706
10.1706
10.1984
10.8127
10.7084
12.9694
15.1289
10.9566
10.7085
10.2473
10.0744
10.0743
10.2473
10.7084
10.9566
15.1289
623.49
15.1287
12.9691
11.9577
10.2313
10.2313
11.9582
12.9693
15.1289
623.491
640.99
15.0441
12.3499
11.2357
10.1358
10.1358
11.2357
12.35
15.0442
640.991
15.0441
10.9318
10.6265
10.1383
9.98536
9.98535
10.1383
10.6265
10.9315
15.0441
12.3499
10.6265
10.9807
10.0859
10.0715
10.0715
10.0859
10.9807
10.6265
12.3499
11.2357
10.1383
10.0859
9.96273
9.99491
9.99491
9.96273
10.0859
10.1382
11.2356
10.1358
9.98536
10.0715
9.99491
10.0298
10.0298
9.99491
10.0715
9.98536
10.1358
10.1358
9.98534
10.0715
9.99491
10.0298
10.0298
9.99491
10.0715
9.98534
10.1358
11.2357
10.1383
10.0859
9.96274
9.99491
9.99491
9.96274
10.0859
10.1382
11.2357
12.35
10.6265
10.9807
10.0859
10.0715
10.0715
10.0859
10.9807
10.6265
12.35
15.0442
10.9313
10.6265
10.1382
9.98535
9.98534
10.1382
10.6265
10.9314
15.0443
640.992
15.0441
12.3499
11.2356
10.1358
10.1358
11.2356
12.35
15.0443
640.993
658.997
14.838
11.5837
10.5979
10.0337
10.0337
10.5979
11.5837
14.838
658.998
14.838
10.8783
10.8913
10.0352
9.90142
9.90141
10.0352
10.8913
10.8784
14.838
11.5837
10.8913
11.3682
10.0139
9.98064
9.98064
10.0139
11.3682
10.8914
11.5837
10.5979
10.0352
10.0139
9.88334
9.91807
9.91807
9.88334
10.0139
10.0352
10.5979
10.0337
9.90142
9.98064
9.91808
9.95064
9.95064
9.91808
9.98064
9.90142
10.0337
10.0337
9.90141
9.98064
9.91807
9.95064
9.95064
9.91807
9.98064
9.90141
10.0337
10.5979
10.0352
10.0139
9.88334
9.91807
9.91807
9.88334
10.0139
10.0352
10.5978
11.5838
10.8914
11.3682
10.0139
9.98064
9.98064
10.0139
11.3681
10.8914
11.5838
14.838
10.8784
10.8915
10.0352
9.90141
9.90141
10.0352
10.8914
10.8784
14.8381
658.999
14.838
11.5837
10.5978
10.0337
10.0337
10.5978
11.5838
14.8381
659
329.653
14.797
10.9025
10.2065
9.92439
9.92439
10.2065
10.9025
14.7972
329.645
14.797
11.6694
11.7291
9.90678
9.82028
9.82027
9.90677
11.7289
11.6706
14.7973
10.9025
11.7291
11.3066
9.94622
9.89456
9.89456
9.94622
11.3066
11.7289
10.9025
10.2065
9.90678
9.94622
9.81131
9.84343
9.84343
9.81131
9.94621
9.90677
10.2065
9.92439
9.82028
9.89456
9.84343
9.87288
9.87288
9.84343
9.89456
9.82028
9.92439
9.92439
9.82027
9.89456
9.84343
9.87288
9.87288
9.84343
9.89456
9.82027
9.92439
10.2065
9.90677
9.94622
9.81131
9.84343
9.84343
9.81131
9.94622
9.90676
10.2065
10.9025
11.7289
11.3067
9.94622
9.89456
9.89456
9.94621
11.3066
11.7289
10.9025
14.7973
11.6715
11.7289
9.90677
9.82028
9.82027
9.90676
11.7289
11.6713
14.7974
329.639
14.7974
10.9025
10.2065
9.92439
9.92439
10.2065
10.9026
14.7974
329.635
137.31
15.2277
10.7677
9.94575
9.81968
9.81967
9.94577
10.7677
15.2278
137.308
15.2277
15.1167
12.9932
9.78578
9.75236
9.75236
9.78577
12.9932
15.117
15.228
10.7677
12.9932
10.9786
9.84887
9.81669
9.81669
9.84887
10.9786
12.9932
10.7677
9.94574
9.78578
9.84887
9.74142
9.77224
9.77224
9.74142
9.84886
9.78577
9.94575
9.81968
9.75236
9.81669
9.77224
9.79721
9.79721
9.77224
9.81669
9.75236
9.81968
9.81967
9.75236
9.81669
9.77224
9.79721
9.79721
9.77224
9.81669
9.75236
9.81968
9.94578
9.78577
9.84887
9.74142
9.77224
9.77224
9.74142
9.84887
9.78576
9.94578
10.7677
12.9929
10.9786
9.84887
9.81669
9.81669
9.84886
10.9786
12.9931
10.7677
15.2279
15.1169
12.9929
9.78577
9.75236
9.75236
9.78576
12.9931
15.117
15.228
137.307
15.2281
10.7677
9.94576
9.81968
9.81968
9.94577
10.7677
15.2281
137.306
58.1143
15.3635
12.3097
9.67942
9.71428
9.71427
9.67942
12.3098
15.3635
58.1138
15.3635
12.6717
12.2861
9.7338
9.69199
9.69199
9.7338
12.286
12.6707
15.3637
12.3098
12.2861
10.2897
9.73175
9.73868
9.73867
9.73175
10.2896
12.2859
12.3099
9.67941
9.7338
9.73175
9.68023
9.70406
9.70406
9.68023
9.73175
9.73379
9.67941
9.71428
9.69199
9.73868
9.70406
9.7223
9.7223
9.70406
9.73868
9.69199
9.71428
9.71427
9.69199
9.73867
9.70406
9.7223
9.7223
9.70406
9.73867
9.69199
9.71427
9.67943
9.7338
9.73175
9.68023
9.70406
9.70406
9.68023
9.73175
9.73379
9.67943
12.3098
12.2861
10.2896
9.73175
9.73868
9.73868
9.73175
10.2896
12.2859
12.31
15.3634
12.67
12.2859
9.73379
9.692
9.69199
9.73379
12.2859
12.6701
15.3636
58.1134
15.3638
12.31
9.67941
9.71428
9.71428
9.67942
12.31
15.3637
58.113
)
;

boundaryField
{
    bottom
    {
        type            fixedFluxPressure;
        gradient        uniform 0;
        value           nonuniform List<scalar> 
100
(
201.858
141.392
107.537
75.5721
73.3314
73.3317
75.5721
107.537
141.392
201.858
141.391
92.2436
55.2698
30.1526
28.4707
28.4708
30.1525
55.2701
92.2433
141.391
107.537
55.2699
49.0822
32.7707
30.7137
30.7134
32.7703
49.0821
55.2697
107.537
75.5721
30.1526
32.7707
23.1531
22.9958
22.9956
23.1529
32.7703
30.1525
75.572
73.3315
28.4708
30.7137
22.9957
23.251
23.2512
22.9958
30.7132
28.4709
73.3317
73.3317
28.4708
30.7136
22.9956
23.2511
23.2513
22.9957
30.713
28.4709
73.3319
75.5721
30.1526
32.7705
23.153
22.9958
22.9957
23.1528
32.7701
30.1525
75.572
107.537
55.2701
49.0821
32.7704
30.7134
30.7131
32.7701
49.0821
55.2698
107.537
141.392
92.2434
55.2697
30.1525
28.4708
28.4708
30.1525
55.2699
92.243
141.391
201.858
141.391
107.537
75.572
73.3316
73.3318
75.572
107.537
141.392
201.858
)
;
    }
    atmosphere
    {
        type            prghTotalPressure;
        p0              uniform 0;
        value           nonuniform List<scalar> 
100
(
57.3667
15.5052
12.2394
9.58953
9.67325
9.67325
9.58954
12.2395
15.505
57.3657
15.5051
12.959
12.3145
9.59869
9.65329
9.65329
9.59869
12.3145
12.9572
15.5054
12.2394
12.3145
9.77701
9.67906
9.6962
9.6962
9.67907
9.77701
12.3143
12.2396
9.58953
9.59869
9.67906
9.64795
9.66918
9.66918
9.64795
9.67906
9.59869
9.58953
9.67325
9.65329
9.6962
9.66918
9.68521
9.68521
9.66918
9.6962
9.65329
9.67325
9.67325
9.65329
9.6962
9.66918
9.68521
9.68521
9.66918
9.6962
9.65329
9.67325
9.58954
9.59869
9.67907
9.64795
9.66918
9.66918
9.64795
9.67907
9.59869
9.58953
12.2394
12.3144
9.77701
9.67906
9.6962
9.6962
9.67907
9.77701
12.3143
12.2397
15.5051
12.9579
12.3143
9.59869
9.65329
9.65329
9.59869
12.3143
12.9573
15.5054
57.3661
15.5053
12.2395
9.58953
9.67325
9.67325
9.58954
12.2396
15.5052
57.3654
)
;
    }
    walls
    {
        type            fixedFluxPressure;
        gradient        uniform 0;
        value           nonuniform List<scalar> 
1600
(
201.858
141.392
107.537
75.5721
73.3314
73.3317
75.5721
107.537
141.392
201.858
210.854
127.253
59.7413
53.3582
48.1
48.1004
53.3581
59.7408
127.253
210.853
222.59
80.153
57.3095
36.5559
21.0583
21.0584
36.5573
57.3099
80.1529
222.59
249.983
50.7665
38.5485
20.4041
16.622
16.6219
20.4046
38.5489
50.7668
249.983
183.223
48.6328
33.1727
19.1616
17.0486
17.0488
19.1619
33.1732
48.633
183.225
74.0524
47.2184
27.6819
17.5394
16.6938
16.6947
17.54
27.6821
47.2189
74.0533
54.1829
36.261
27.5407
20.1267
17.927
17.927
20.1273
27.5407
36.2612
54.183
167.439
38.8274
25.2502
20.2761
17.836
17.8356
20.2755
25.2498
38.8272
167.439
266.666
47.5598
26.0804
18.5534
18.4029
18.403
18.5528
26.0794
47.5607
266.667
296.46
34.7609
26.8362
16.7648
18.4268
18.4261
16.7642
26.8358
34.7625
296.461
316.786
23.8638
21.585
15.3346
16.2942
16.2941
15.335
21.5848
23.8639
316.787
350.036
24.0434
22.5493
17.779
14.6287
14.6288
17.78
22.5516
24.0435
350.037
379.65
26.1641
30.2875
23.9594
13.7701
13.7701
23.9601
30.2909
26.1638
379.652
247.192
26.5038
34.9947
20.4648
12.5885
12.5882
20.4647
34.9944
26.5031
247.187
90.7122
24.4713
36.1191
15.9941
12.1434
12.1435
15.994
36.1187
24.4708
90.7108
46.1803
20.1977
37.4323
13.2329
11.9415
11.9416
13.2328
37.4319
20.1979
46.1805
25.0532
21.3071
35.5787
11.8993
11.7729
11.7729
11.8994
35.5735
21.3046
25.0539
32.8873
27.3977
23.986
11.6427
11.7457
11.7464
11.6444
23.9833
27.3958
32.8878
50.0998
24.504
18.2585
11.7166
11.2974
11.2969
11.7199
18.2577
24.5043
50.0964
177.174
22.1275
15.5318
11.9768
11.1659
11.1659
11.9789
15.5318
22.1275
177.166
240.997
22.5122
14.7603
12.2602
11.1391
11.139
12.2586
14.7605
22.5119
240.989
239.787
23.2572
15.9993
12.4924
11.1406
11.1407
12.4903
15.9989
23.2565
239.835
254.934
23.7815
20.8913
12.4103
11.2133
11.2138
12.4107
20.8892
23.7808
254.944
277.223
23.836
24.9143
12.0244
11.4691
11.4699
12.0259
24.9137
23.8356
277.205
253.647
22.8774
25.3503
11.6895
11.244
11.2422
11.6898
25.3492
22.8773
253.599
178.318
21.3219
24.3692
11.3575
10.8532
10.8533
11.3568
24.3715
21.3223
178.321
395.891
19.4515
17.9672
11.104
10.7899
10.7899
11.1037
17.969
19.452
395.902
436.86
18.3661
14.8408
11.0903
10.7437
10.7438
11.0905
14.8415
18.3667
436.866
403.447
17.1736
13.5209
11.278
10.6928
10.6928
11.2787
13.521
17.1741
403.461
429.8
16.2416
12.9418
11.4776
10.6194
10.6195
11.4791
12.942
16.242
429.793
541.078
15.6708
12.6248
11.2985
10.5446
10.5446
11.299
12.6251
15.6711
541.079
558.429
15.4172
12.3952
11.1239
10.4728
10.4728
11.1222
12.3957
15.4175
558.431
574.582
15.1871
12.3533
11.5214
10.402
10.402
11.5201
12.3537
15.1875
574.584
604.464
15.1024
12.7202
12.0401
10.3217
10.3217
12.0402
12.7206
15.1028
604.465
623.488
15.1286
12.969
11.9575
10.2313
10.2313
11.9586
12.9694
15.1289
623.49
640.99
15.0441
12.3499
11.2357
10.1358
10.1358
11.2357
12.35
15.0442
640.992
658.997
14.838
11.5837
10.5979
10.0337
10.0337
10.5979
11.5838
14.838
658.999
329.653
14.797
10.9025
10.2065
9.92439
9.92439
10.2065
10.9025
14.7973
329.639
137.31
15.2277
10.7677
9.94574
9.81968
9.81967
9.94578
10.7677
15.2279
137.307
58.1143
15.3635
12.3098
9.67941
9.71428
9.71427
9.67943
12.3098
15.3634
58.1134
201.858
141.391
107.537
75.572
73.3316
73.3318
75.572
107.537
141.392
201.858
210.854
127.253
59.7411
53.3579
48.1001
48.1004
53.3579
59.7407
127.253
210.853
222.59
80.153
57.3097
36.5561
21.0585
21.0586
36.5574
57.3101
80.153
222.59
249.983
50.7666
38.5485
20.4042
16.622
16.6219
20.4046
38.549
50.7669
249.983
183.224
48.6329
33.1728
19.1617
17.0488
17.0489
19.1619
33.1733
48.6332
183.226
74.0531
47.2189
27.6821
17.5393
16.6937
16.6944
17.54
27.6824
47.2193
74.0539
54.183
36.2615
27.5411
20.1267
17.927
17.9269
20.1274
27.5413
36.2617
54.1829
167.439
38.8278
25.2508
20.2764
17.8359
17.8356
20.2756
25.2502
38.8277
167.438
266.667
47.5603
26.0811
18.5537
18.4029
18.403
18.5531
26.0799
47.5605
266.667
296.461
34.7611
26.8368
16.7651
18.4264
18.4258
16.7645
26.8358
34.7617
296.462
316.787
23.8639
21.5853
15.3349
16.2939
16.2939
15.3349
21.5848
23.8639
316.788
350.037
24.0434
22.549
17.7793
14.6287
14.6287
17.7795
22.5518
24.0437
350.038
379.651
26.164
30.287
23.9591
13.77
13.77
23.9593
30.2911
26.1637
379.653
247.188
26.5035
34.9942
20.4642
12.5884
12.5882
20.4646
34.9944
26.5029
247.185
90.711
24.4709
36.1185
15.9939
12.1434
12.1434
15.994
36.1186
24.4703
90.7107
46.1804
20.197
37.4318
13.233
11.9415
11.9416
13.2329
37.4319
20.1968
46.1808
25.0538
21.3061
35.579
11.8995
11.7732
11.7733
11.8996
35.5739
21.3043
25.0543
32.8878
27.3976
23.9866
11.6433
11.7458
11.7463
11.6447
23.9837
27.3963
32.8881
50.0972
24.5043
18.2589
11.7176
11.297
11.2966
11.7201
18.258
24.5046
50.0947
177.168
22.1274
15.532
11.9775
11.1659
11.1659
11.9792
15.5319
22.1274
177.162
240.991
22.5121
14.7603
12.2597
11.139
11.139
12.2585
14.7605
22.5118
240.985
239.825
23.2571
15.9993
12.4918
11.1406
11.1407
12.4901
15.999
23.2566
239.853
254.942
23.7815
20.8913
12.4103
11.2135
11.214
12.4107
20.8894
23.7809
254.949
277.209
23.8361
24.9143
12.0247
11.4696
11.4702
12.026
24.9138
23.8357
277.198
253.609
22.8775
25.3503
11.6895
11.2433
11.2419
11.6898
25.3494
22.8774
253.579
178.321
21.322
24.369
11.3572
10.8533
10.8533
11.3566
24.3712
21.3223
178.322
395.9
19.4516
17.9671
11.1039
10.7899
10.7899
11.1036
17.9687
19.4521
395.907
436.865
18.3662
14.8407
11.0904
10.7438
10.7438
11.0906
14.8414
18.3667
436.869
403.458
17.1737
13.5208
11.2782
10.6928
10.6928
11.2788
13.521
17.1741
403.469
429.794
16.2417
12.9419
11.4778
10.6194
10.6195
11.4791
12.942
16.2421
429.787
541.078
15.6708
12.6249
11.2984
10.5446
10.5446
11.2989
12.6252
15.6712
541.08
558.43
15.4172
12.3953
11.1237
10.4728
10.4728
11.1223
12.3958
15.4176
558.432
574.583
15.1872
12.3534
11.5213
10.402
10.402
11.5202
12.3538
15.1875
574.584
604.465
15.1025
12.7204
12.0401
10.3217
10.3217
12.0402
12.7207
15.1028
604.466
623.489
15.1287
12.969
11.9576
10.2313
10.2313
11.9585
12.9694
15.1289
623.491
640.991
15.0441
12.3499
11.2356
10.1358
10.1358
11.2357
12.35
15.0443
640.993
658.998
14.838
11.5837
10.5979
10.0337
10.0337
10.5978
11.5838
14.8381
659
329.645
14.7973
10.9025
10.2065
9.92439
9.92439
10.2065
10.9025
14.7974
329.635
137.308
15.228
10.7677
9.94575
9.81968
9.81968
9.94578
10.7677
15.228
137.306
58.1138
15.3637
12.3099
9.67941
9.71428
9.71427
9.67943
12.31
15.3636
58.113
201.858
210.854
222.59
249.983
183.223
74.0524
54.1829
167.439
266.666
296.46
316.786
350.036
379.65
247.192
90.7122
46.1803
25.0532
32.8873
50.0998
177.174
141.391
127.253
80.1529
50.7665
48.6327
47.2183
36.2608
38.827
47.5601
34.7616
23.8638
24.0434
26.1641
26.5038
24.4713
20.198
21.3067
27.3972
24.504
22.1275
107.537
59.7412
57.3095
38.5485
33.1726
27.6817
27.5405
25.2498
26.0798
26.836
21.5849
22.5498
30.2884
34.9948
36.1192
37.4325
35.5773
23.9851
18.2581
15.5317
75.5721
53.3582
36.5561
20.4042
19.1616
17.5395
20.1269
20.2758
18.5531
16.7645
15.3346
17.779
23.9597
20.465
15.9942
13.233
11.8995
11.6429
11.7169
11.9771
73.3315
48.1001
21.0583
16.6219
17.0486
16.6941
17.9272
17.8361
18.403
18.4266
16.2941
14.6287
13.7701
12.5885
12.1435
11.9416
11.773
11.7456
11.2972
11.1659
73.3317
48.1003
21.0583
16.6219
17.0487
16.6947
17.9272
17.8358
18.403
18.4262
16.2941
14.6288
13.7701
12.5883
12.1435
11.9416
11.7732
11.746
11.2968
11.1659
75.5721
53.3581
36.557
20.4045
19.1618
17.5399
20.1272
20.2755
18.5528
16.7641
15.3349
17.7799
23.9602
20.4647
15.994
13.2329
11.8996
11.6441
11.7192
11.9785
107.537
59.7408
57.3098
38.5488
33.173
27.6819
27.5405
25.2496
26.0792
26.8359
21.5849
22.5511
30.2903
34.9945
36.1187
37.432
35.5738
23.9834
18.2577
15.5317
141.392
127.253
80.1528
50.7666
48.6329
47.2187
36.261
38.827
47.5609
34.763
23.864
24.0435
26.1639
26.5033
24.471
20.1982
21.3048
27.3957
24.5043
22.1276
201.858
210.854
222.59
249.983
183.224
74.0531
54.183
167.439
266.667
296.461
316.787
350.037
379.651
247.188
90.711
46.1804
25.0538
32.8878
50.0972
177.168
240.997
239.787
254.934
277.223
253.647
178.318
395.891
436.86
403.447
429.8
541.078
558.429
574.582
604.464
623.488
640.99
658.997
329.653
137.31
58.1143
22.5122
23.2572
23.7814
23.836
22.8774
21.322
19.4515
18.3662
17.1736
16.2417
15.6708
15.4172
15.1871
15.1024
15.1286
15.0441
14.838
14.797
15.2277
15.3635
14.7604
15.9993
20.8911
24.9142
25.3501
24.3692
17.9673
14.8408
13.5209
12.9419
12.6248
12.3953
12.3533
12.7203
12.969
12.3499
11.5837
10.9025
10.7677
12.3097
12.26
12.4922
12.4104
12.0246
11.6895
11.3574
11.104
11.0903
11.2781
11.4777
11.2986
11.1237
11.5213
12.0401
11.9577
11.2357
10.5979
10.2065
9.94575
9.67942
11.1391
11.1406
11.2133
11.4691
11.2439
10.8532
10.7899
10.7437
10.6928
10.6194
10.5446
10.4728
10.402
10.3217
10.2313
10.1358
10.0337
9.92439
9.81968
9.71428
11.139
11.1406
11.2137
11.4697
11.2426
10.8532
10.7899
10.7437
10.6928
10.6195
10.5446
10.4728
10.402
10.3217
10.2313
10.1358
10.0337
9.92439
9.81967
9.71427
12.2589
12.4907
12.4106
12.0256
11.6897
11.3569
11.1038
11.0905
11.2785
11.4786
11.2989
11.1228
11.5205
12.0402
11.9583
11.2357
10.5979
10.2065
9.94577
9.67942
14.7605
15.999
20.8896
24.9138
25.3494
24.3707
17.9684
14.8413
13.521
12.942
12.6251
12.3956
12.3536
12.7205
12.9693
12.35
11.5837
10.9025
10.7677
12.3098
22.512
23.2567
23.781
23.8357
22.8773
21.3222
19.4519
18.3665
17.1739
16.2419
15.671
15.4174
15.1874
15.1027
15.1288
15.0442
14.838
14.7972
15.2278
15.3635
240.991
239.825
254.942
277.209
253.609
178.321
395.9
436.865
403.458
429.794
541.078
558.43
574.583
604.465
623.489
640.991
658.998
329.645
137.308
58.1138
201.858
210.853
222.59
249.983
183.225
74.0533
54.183
167.439
266.667
296.461
316.787
350.037
379.652
247.187
90.7108
46.1805
25.0539
32.8878
50.0964
177.166
141.391
127.253
80.1531
50.7667
48.633
47.219
36.2615
38.8278
47.5604
34.7612
23.8639
24.0435
26.164
26.5034
24.4708
20.1968
21.3057
27.3975
24.5044
22.1274
107.537
59.7411
57.3098
38.5486
33.1729
27.6821
27.541
25.2506
26.0809
26.8367
21.5853
22.5492
30.2873
34.9943
36.1187
37.4319
35.5781
23.9861
18.2587
15.5319
75.572
53.3579
36.5564
20.4043
19.1617
17.5394
20.1269
20.2764
18.5536
16.765
15.335
17.7796
23.9595
20.4643
15.9939
13.233
11.8996
11.6435
11.7178
11.9777
73.3317
48.1003
21.0586
16.6219
17.0488
16.6939
17.9272
17.836
18.403
18.4261
16.2938
14.6286
13.7701
12.5884
12.1433
11.9415
11.7735
11.7457
11.2967
11.1659
73.3319
48.1005
21.0586
16.6218
17.0489
16.6943
17.9271
17.8358
18.403
18.4256
16.2937
14.6286
13.7701
12.5883
12.1434
11.9415
11.7737
11.7459
11.2964
11.1659
75.572
53.3579
36.5573
20.4045
19.1619
17.5399
20.1274
20.2759
18.5533
16.7647
15.335
17.7796
23.9595
20.4646
15.994
13.233
11.8997
11.6445
11.7195
11.9788
107.537
59.7407
57.3101
38.5489
33.1733
27.6823
27.5413
25.2504
26.0802
26.836
21.585
22.5512
30.2901
34.9944
36.1187
37.432
35.5745
23.984
18.258
15.5318
141.391
127.253
80.153
50.7668
48.6332
47.2194
36.2618
38.8278
47.5603
34.7613
23.8639
24.0438
26.1639
26.503
24.4704
20.1967
21.3043
27.3965
24.5046
22.1275
201.858
210.853
222.59
249.983
183.226
74.0539
54.1829
167.438
266.667
296.462
316.788
350.038
379.653
247.185
90.7107
46.1808
25.0543
32.8881
50.0947
177.162
240.989
239.835
254.944
277.205
253.599
178.321
395.902
436.866
403.461
429.793
541.079
558.431
574.584
604.465
623.49
640.992
658.999
329.639
137.307
58.1134
22.5121
23.2572
23.7816
23.8361
22.8775
21.322
19.4515
18.3663
17.1737
16.2418
15.6709
15.4173
15.1872
15.1026
15.1287
15.0441
14.838
14.7974
15.2281
15.3638
14.7603
15.9993
20.8915
24.9144
25.3504
24.3686
17.9668
14.8406
13.5208
12.9419
12.6249
12.3954
12.3535
12.7205
12.9691
12.3499
11.5837
10.9025
10.7677
12.31
12.2596
12.4916
12.4104
12.0249
11.6895
11.3572
11.1039
11.0904
11.2783
11.4779
11.2985
11.1236
11.5212
12.0402
11.9577
11.2356
10.5978
10.2065
9.94576
9.67941
11.139
11.1406
11.2135
11.4696
11.2432
10.8532
10.7899
10.7437
10.6928
10.6194
10.5446
10.4728
10.402
10.3217
10.2313
10.1358
10.0337
9.92439
9.81968
9.71428
11.139
11.1407
11.2138
11.4701
11.2422
10.8532
10.7899
10.7438
10.6928
10.6194
10.5446
10.4728
10.402
10.3217
10.2313
10.1358
10.0337
9.92439
9.81968
9.71428
12.2588
12.4905
12.4106
12.0257
11.6897
11.3568
11.1037
11.0906
11.2786
11.4787
11.2988
11.1228
11.5205
12.0402
11.9582
11.2356
10.5978
10.2065
9.94577
9.67942
14.7605
15.9991
20.8902
24.9141
25.3498
24.3699
17.9678
14.841
13.5209
12.942
12.6251
12.3957
12.3538
12.7207
12.9693
12.35
11.5838
10.9026
10.7677
12.31
22.5119
23.2568
23.7812
23.8359
22.8775
21.3222
19.4518
18.3666
17.174
16.242
15.6711
15.4175
15.1874
15.1028
15.1289
15.0443
14.8381
14.7974
15.2281
15.3637
240.985
239.853
254.949
277.198
253.579
178.322
395.907
436.869
403.469
429.787
541.08
558.432
574.584
604.466
623.491
640.993
659
329.635
137.306
58.113
)
;
    }
}


// ************************************************************************* //
