/*--------------------------------*- C++ -*----------------------------------*\
| =========                 |                                                 |
| \\      /  F ield         | OpenFOAM: The Open Source CFD Toolbox           |
|  \\    /   O peration     | Version:  2412                                  |
|   \\  /    A nd           | Website:  www.openfoam.com                      |
|    \\/     M anipulation  |                                                 |
\*---------------------------------------------------------------------------*/
FoamFile
{
    version     2.0;
    format      ascii;
    arch        "LSB;label=32;scalar=64";
    class       volVectorField;
    location    "0.98";
    object      U;
}
// * * * * * * * * * * * * * * * * * * * * * * * * * * * * * * * * * * * * * //

dimensions      [0 1 -1 0 0 0 0];

internalField   nonuniform List<vector> 
1000
(
(-0.832969 -0.832969 -0.566005)
(0.654541 -0.522887 0.178185)
(0.00124071 0.0945933 0.316288)
(0.173119 0.209363 -0.245129)
(-0.175762 0.152045 -0.253134)
(0.175766 0.152062 -0.253121)
(-0.17313 0.209362 -0.245081)
(-0.0012266 0.0946151 0.316264)
(-0.654545 -0.522864 0.178157)
(0.832969 -0.832971 -0.566011)
(-0.522885 0.654548 0.178192)
(-0.490696 -0.490695 0.387199)
(-0.579789 -0.0375997 0.217596)
(0.0177307 -0.0193579 -0.254707)
(-0.167212 -0.159035 -0.194137)
(0.167203 -0.159034 -0.194128)
(-0.0177169 -0.0193694 -0.254717)
(0.579767 -0.0375755 0.217556)
(0.490688 -0.490675 0.387186)
(0.522891 0.654559 0.178182)
(0.0945982 0.00123273 0.31629)
(-0.0376044 -0.579793 0.217611)
(-0.411278 -0.411284 1.26474)
(0.356474 -0.12796 0.219023)
(0.0176576 -0.0383358 -0.150178)
(-0.0176661 -0.0383379 -0.150165)
(-0.356465 -0.127959 0.219017)
(0.41127 -0.411284 1.26475)
(0.0375988 -0.57979 0.217624)
(-0.0946007 0.00126421 0.31628)
(0.20936 0.173116 -0.245142)
(-0.0193633 0.0177341 -0.254704)
(-0.127963 0.356474 0.219036)
(0.106974 0.106972 -0.20523)
(-0.0683147 0.151497 -0.182152)
(0.068301 0.151499 -0.182153)
(-0.106992 0.10698 -0.205221)
(0.127966 0.356456 0.219076)
(0.0193678 0.0177338 -0.254703)
(-0.209368 0.173125 -0.245131)
(0.15204 -0.175765 -0.253139)
(-0.159035 -0.167212 -0.194138)
(-0.038336 0.0176568 -0.150177)
(0.151497 -0.0683166 -0.182151)
(-0.0982316 -0.0982331 -0.154489)
(0.0982241 -0.0982307 -0.154489)
(-0.151502 -0.0683082 -0.182153)
(0.0383347 0.0176637 -0.150163)
(0.159035 -0.167207 -0.194137)
(-0.152049 -0.175758 -0.253139)
(0.152067 0.175774 -0.253118)
(-0.159035 0.1672 -0.194128)
(-0.03834 -0.0176641 -0.150165)
(0.1515 0.0682955 -0.182154)
(-0.0982282 0.0982211 -0.154489)
(0.0982221 0.0982201 -0.15449)
(-0.151504 0.0682908 -0.182156)
(0.0383383 -0.0176687 -0.150158)
(0.159034 0.167197 -0.194128)
(-0.152072 0.175768 -0.253122)
(0.209359 -0.173129 -0.245061)
(-0.0193779 -0.0177102 -0.254724)
(-0.127958 -0.356466 0.219004)
(0.106983 -0.107002 -0.205217)
(-0.0683026 -0.151506 -0.182153)
(0.0682926 -0.151507 -0.182155)
(-0.106996 -0.107005 -0.205211)
(0.127963 -0.356453 0.219044)
(0.0193791 -0.0177121 -0.254722)
(-0.209366 -0.173134 -0.245061)
(0.0946306 -0.00120743 0.316252)
(-0.0375608 0.579756 0.217533)
(-0.411284 0.411267 1.26475)
(0.356445 0.127967 0.219099)
(0.0176707 0.0383326 -0.150156)
(-0.0176745 0.0383345 -0.150152)
(-0.356442 0.127967 0.219085)
(0.411276 0.411269 1.26477)
(0.0375613 0.579758 0.217555)
(-0.0946297 -0.00123278 0.316243)
(-0.522848 -0.654548 0.178142)
(-0.490665 0.490693 0.387179)
(-0.579795 0.0376056 0.217633)
(0.0177324 0.0193648 -0.2547)
(-0.167205 0.159034 -0.194133)
(0.167199 0.159033 -0.194127)
(-0.0177196 0.0193705 -0.254711)
(0.579776 0.0375836 0.217596)
(0.490663 0.490678 0.387167)
(0.522857 -0.654559 0.178136)
(-0.832971 0.832969 -0.566013)
(0.654561 0.522903 0.17818)
(0.00129878 -0.0945926 0.316277)
(0.17313 -0.209376 -0.245118)
(-0.175749 -0.152054 -0.253136)
(0.175753 -0.152069 -0.253126)
(-0.173138 -0.209375 -0.245076)
(-0.00128149 -0.0946106 0.316253)
(-0.654562 0.522884 0.178152)
(0.832971 0.83297 -0.566018)
(-0.827781 -0.827781 -0.556083)
(0.745051 -0.546493 0.231235)
(0.0989316 0.0643467 0.408025)
(0.206595 0.188601 -0.229082)
(-0.165041 0.145432 -0.244082)
(0.16501 0.145444 -0.244074)
(-0.206613 0.188632 -0.22905)
(-0.0989456 0.0643503 0.407984)
(-0.745044 -0.546492 0.231196)
(0.82778 -0.827782 -0.556087)
(-0.546488 0.745054 0.231242)
(-0.503067 -0.503071 0.426697)
(-0.556021 -0.0530024 0.204173)
(-0.00128675 -0.0418074 -0.270568)
(-0.163164 -0.150158 -0.182227)
(0.163153 -0.150159 -0.182222)
(0.0012972 -0.0417792 -0.270572)
(0.556004 -0.0529846 0.204144)
(0.503061 -0.503064 0.426684)
(0.546493 0.745046 0.231224)
(0.0643502 0.098925 0.408029)
(-0.0530043 -0.556022 0.204187)
(-0.399179 -0.399181 1.04915)
(0.391036 -0.119764 0.0857015)
(0.00448837 -0.044123 -0.134847)
(-0.00449745 -0.0441259 -0.13484)
(-0.391028 -0.119757 0.0856999)
(0.399174 -0.399183 1.04918)
(0.0530012 -0.556015 0.204204)
(-0.0643515 0.098943 0.408016)
(0.188593 0.206591 -0.229092)
(-0.0418178 -0.00128503 -0.270567)
(-0.119767 0.391035 0.0857091)
(0.0704188 0.0704162 -0.226333)
(-0.0871092 0.136143 -0.160191)
(0.0871003 0.136144 -0.16019)
(-0.0704388 0.0704231 -0.22633)
(0.11977 0.391017 0.0857404)
(0.0418176 -0.00128803 -0.270563)
(-0.188601 0.2066 -0.229081)
(0.14543 -0.165046 -0.244086)
(-0.150158 -0.163164 -0.182228)
(-0.0441227 0.00448884 -0.134847)
(0.136143 -0.0871109 -0.160189)
(-0.10302 -0.103022 -0.1335)
(0.103013 -0.10302 -0.133499)
(-0.136149 -0.0871052 -0.160189)
(0.0441211 0.00449992 -0.134839)
(0.150157 -0.163159 -0.182225)
(-0.145437 -0.165034 -0.244084)
(0.145449 0.164996 -0.244074)
(-0.150159 0.163148 -0.182221)
(-0.044128 -0.0044957 -0.134841)
(0.136144 0.0870971 -0.16019)
(-0.103018 0.103011 -0.1335)
(0.103012 0.10301 -0.1335)
(-0.136149 0.0870937 -0.160191)
(0.0441257 -0.00450467 -0.134837)
(0.150159 0.163145 -0.18222)
(-0.145453 0.164992 -0.244075)
(0.188649 -0.206616 -0.229038)
(-0.0417642 0.00130219 -0.270576)
(-0.119753 -0.391028 0.0856899)
(0.0704245 -0.0704497 -0.226328)
(-0.0871003 -0.136153 -0.160189)
(0.0870936 -0.136153 -0.16019)
(-0.0704407 -0.0704515 -0.226325)
(0.119757 -0.391016 0.0857203)
(0.0417691 0.00130352 -0.270572)
(-0.18865 -0.206621 -0.229035)
(0.0643552 -0.0989473 0.407963)
(-0.052971 0.555994 0.204126)
(-0.399183 0.399174 1.04918)
(0.391008 0.11977 0.0857588)
(0.00450835 0.044119 -0.134835)
(-0.00451297 0.0441215 -0.134833)
(-0.391006 0.119764 0.0857513)
(0.399178 0.399176 1.04921)
(0.0529735 0.555991 0.204149)
(-0.0643532 -0.0989602 0.407956)
(-0.54649 -0.745042 0.231177)
(-0.50306 0.503062 0.426677)
(-0.556017 0.0530074 0.204214)
(-0.00128975 0.0418125 -0.270558)
(-0.163156 0.150158 -0.182221)
(0.163148 0.150159 -0.182218)
(0.00129902 0.041784 -0.270563)
(0.556003 0.0529935 0.204185)
(0.503056 0.50306 0.426663)
(0.546493 -0.745041 0.231167)
(-0.827782 0.82778 -0.556088)
(0.74504 0.546496 0.231218)
(0.0989588 -0.0643464 0.408014)
(0.206606 -0.188609 -0.229068)
(-0.165025 -0.14544 -0.244079)
(0.164999 -0.145451 -0.244074)
(-0.206621 -0.188638 -0.22904)
(-0.0989704 -0.064347 0.407977)
(-0.745038 0.546496 0.231183)
(0.827781 0.827781 -0.556089)
(-0.826121 -0.826121 -0.508281)
(0.759968 -0.564502 0.275961)
(0.117804 0.0816746 0.533756)
(0.217786 0.157414 -0.179582)
(-0.18108 0.13464 -0.233622)
(0.181046 0.134645 -0.233621)
(-0.217804 0.157422 -0.179572)
(-0.117823 0.0816671 0.533708)
(-0.759973 -0.564512 0.275922)
(0.826119 -0.82612 -0.50828)
(-0.564498 0.75997 0.275966)
(-0.526068 -0.526074 0.436576)
(-0.50337 -0.121924 0.19711)
(-0.0425352 -0.0766712 -0.285853)
(-0.153256 -0.133082 -0.177797)
(0.153251 -0.133083 -0.177794)
(0.042543 -0.076653 -0.285848)
(0.503351 -0.121946 0.197082)
(0.526068 -0.526088 0.436549)
(0.564501 0.759976 0.275946)
(0.0816755 0.117801 0.533761)
(-0.121917 -0.50337 0.197124)
(-0.36147 -0.361464 0.800684)
(0.387318 -0.110164 -0.0383995)
(-0.0276399 -0.0540594 -0.110847)
(0.0276306 -0.0540639 -0.110842)
(-0.387322 -0.11016 -0.0383955)
(0.36147 -0.361445 0.800719)
(0.121927 -0.503357 0.197141)
(-0.0816735 0.117805 0.533743)
(0.157411 0.217782 -0.179587)
(-0.0766782 -0.0425341 -0.285853)
(-0.110166 0.387318 -0.0383938)
(0.0285846 0.0285812 -0.232321)
(-0.0957177 0.11328 -0.156313)
(0.0957121 0.11328 -0.156311)
(-0.0286031 0.0285842 -0.232319)
(0.110166 0.38732 -0.0383655)
(0.0766835 -0.0425375 -0.285845)
(-0.157412 0.21779 -0.179578)
(0.134639 -0.181082 -0.233622)
(-0.13308 -0.153256 -0.177797)
(-0.0540584 -0.0276379 -0.110846)
(0.11328 -0.0957192 -0.156312)
(-0.102935 -0.102937 -0.125395)
(0.10293 -0.102936 -0.125395)
(-0.113288 -0.0957163 -0.156311)
(0.0540564 -0.0276224 -0.11084)
(0.13308 -0.153251 -0.177793)
(-0.134644 -0.181074 -0.233618)
(0.134647 0.181027 -0.233622)
(-0.133083 0.15325 -0.177793)
(-0.0540664 0.0276325 -0.110841)
(0.113281 0.0957107 -0.156309)
(-0.102934 0.102929 -0.125395)
(0.102929 0.102928 -0.125395)
(-0.113288 0.095709 -0.156308)
(0.0540634 0.0276188 -0.110837)
(0.133083 0.153247 -0.17779)
(-0.13465 0.181025 -0.233619)
(0.157427 -0.217809 -0.179572)
(-0.076641 0.0425464 -0.285847)
(-0.110158 -0.387324 -0.0384012)
(0.0285835 -0.0286135 -0.232318)
(-0.0957126 -0.113293 -0.15631)
(0.0957084 -0.113293 -0.156309)
(-0.0285996 -0.0286127 -0.232317)
(0.110159 -0.387327 -0.0383744)
(0.0766482 0.0425481 -0.285842)
(-0.157428 -0.217813 -0.179567)
(0.0816658 -0.117833 0.533684)
(-0.121945 0.503339 0.197064)
(-0.361434 0.361474 0.800727)
(0.38732 0.110165 -0.0383478)
(-0.0276119 0.0540545 -0.110835)
(0.027607 0.0540584 -0.110834)
(-0.387325 0.110162 -0.0383487)
(0.361439 0.361457 0.800763)
(0.121951 0.50333 0.197085)
(-0.0816609 -0.117835 0.533675)
(-0.564519 -0.759978 0.275904)
(-0.526094 0.526068 0.436536)
(-0.503356 0.121935 0.197152)
(-0.0425393 0.0766843 -0.28584)
(-0.153249 0.133083 -0.17779)
(0.153246 0.133085 -0.177788)
(0.0425453 0.0766644 -0.285837)
(0.503339 0.121954 0.197122)
(0.526091 0.526082 0.436514)
(0.56452 -0.75998 0.275891)
(-0.82612 0.826118 -0.508277)
(0.75998 0.5645 0.275939)
(0.117806 -0.0816714 0.53374)
(0.217796 -0.157416 -0.179569)
(-0.18107 -0.134646 -0.233615)
(0.18104 -0.134649 -0.233616)
(-0.217812 -0.157424 -0.179561)
(-0.117824 -0.0816624 0.533699)
(-0.75998 0.564511 0.275905)
(0.826119 0.826118 -0.50828)
(-0.825443 -0.825443 -0.510283)
(0.691198 -0.557993 0.331809)
(0.0921135 0.122203 0.65658)
(0.222523 0.142595 -0.108104)
(-0.186378 0.123387 -0.229725)
(0.186366 0.123391 -0.229729)
(-0.222534 0.142587 -0.108093)
(-0.0921376 0.122187 0.656542)
(-0.691193 -0.558005 0.331773)
(0.82544 -0.825442 -0.510294)
(-0.557991 0.6912 0.331812)
(-0.529097 -0.529104 0.405414)
(-0.440398 -0.164864 0.176476)
(-0.0884802 -0.0888951 -0.296492)
(-0.13942 -0.10562 -0.182982)
(0.139417 -0.105621 -0.182979)
(0.0884911 -0.0888937 -0.296483)
(0.440378 -0.164916 0.176441)
(0.529101 -0.52913 0.405376)
(0.557993 0.6912 0.331794)
(0.122203 0.0921123 0.656584)
(-0.164854 -0.440398 0.176489)
(-0.261289 -0.261283 0.509282)
(0.347191 -0.10335 -0.124785)
(-0.0680868 -0.0606785 -0.0920659)
(0.0680803 -0.0606845 -0.0920624)
(-0.347196 -0.10335 -0.124783)
(0.261289 -0.261267 0.509293)
(0.164874 -0.440386 0.176501)
(-0.122195 0.0921125 0.656572)
(0.142595 0.222521 -0.108108)
(-0.0888986 -0.0884785 -0.296492)
(-0.10335 0.347192 -0.12478)
(0.00746948 0.00746711 -0.233101)
(-0.0917132 0.0884314 -0.16657)
(0.091709 0.0884306 -0.166567)
(-0.00748185 0.00746839 -0.233099)
(0.103347 0.347202 -0.124755)
(0.0889065 -0.0884843 -0.296483)
(-0.142592 0.222525 -0.108097)
(0.123387 -0.186379 -0.229722)
(-0.105618 -0.139419 -0.182982)
(-0.060677 -0.0680853 -0.092065)
(0.0884322 -0.0917146 -0.16657)
(-0.092198 -0.0921996 -0.125024)
(0.0921953 -0.0922003 -0.125023)
(-0.0884396 -0.091713 -0.166569)
(0.0606757 -0.0680742 -0.092054)
(0.105618 -0.139417 -0.182978)
(-0.123391 -0.186376 -0.229718)
(0.123392 0.186359 -0.229729)
(-0.105622 0.139416 -0.182978)
(-0.0606874 0.0680815 -0.0920607)
(0.0884307 0.0917078 -0.166565)
(-0.0921992 0.0921953 -0.125023)
(0.0921966 0.0921962 -0.125022)
(-0.088438 0.0917073 -0.166564)
(0.0606847 0.0680713 -0.0920516)
(0.105622 0.139415 -0.182975)
(-0.123395 0.186357 -0.229725)
(0.142584 -0.222537 -0.108094)
(-0.0888909 0.0884957 -0.29648)
(-0.103349 -0.347198 -0.124787)
(0.0074675 -0.00748894 -0.233097)
(-0.0917104 -0.088444 -0.166568)
(0.0917072 -0.0884431 -0.166566)
(-0.00747863 -0.00748804 -0.233096)
(0.103346 -0.347208 -0.124764)
(0.0888967 0.0884978 -0.296473)
(-0.142584 -0.22254 -0.108087)
(0.122182 -0.0921514 0.65652)
(-0.164929 0.440367 0.176419)
(-0.261257 0.261289 0.509293)
(0.347207 0.103345 -0.124741)
(-0.0680664 0.0606748 -0.0920473)
(0.0680625 0.06068 -0.0920461)
(-0.347212 0.103345 -0.124743)
(0.261261 0.261276 0.509311)
(0.164937 0.440359 0.176436)
(-0.122174 -0.0921485 0.656514)
(-0.558013 -0.691193 0.331756)
(-0.52914 0.5291 0.40536)
(-0.440385 0.164883 0.17651)
(-0.0884881 0.0889114 -0.296477)
(-0.139417 0.10562 -0.182975)
(0.139415 0.105622 -0.182973)
(0.0884957 0.0889066 -0.296471)
(0.440369 0.164928 0.176475)
(0.529139 0.529124 0.405326)
(0.558013 -0.691191 0.331745)
(-0.825441 0.825439 -0.510301)
(0.691202 0.557991 0.331787)
(0.0921087 -0.122192 0.656572)
(0.222529 -0.142592 -0.108087)
(-0.186375 -0.123393 -0.229717)
(0.186363 -0.123395 -0.229722)
(-0.222539 -0.142587 -0.10808)
(-0.0921297 -0.122178 0.656538)
(-0.691196 0.558002 0.331757)
(0.825439 0.825439 -0.510305)
(-0.825512 -0.825512 -0.392858)
(0.667235 -0.532476 0.395518)
(0.0688714 0.162169 0.749252)
(0.225828 0.138114 -0.057786)
(-0.152759 0.113492 -0.228481)
(0.152763 0.113497 -0.228483)
(-0.225837 0.138106 -0.0577639)
(-0.0689008 0.162149 0.749228)
(-0.667216 -0.532485 0.395488)
(0.82551 -0.825512 -0.392856)
(-0.532476 0.667238 0.39552)
(-0.49684 -0.496845 0.362519)
(-0.407037 -0.14941 0.16846)
(-0.114139 -0.0648313 -0.300923)
(-0.131199 -0.0725903 -0.196163)
(0.131199 -0.0725918 -0.196162)
(0.114154 -0.0648296 -0.300914)
(0.407037 -0.149458 0.16842)
(0.496838 -0.496866 0.362474)
(0.532477 0.667228 0.395504)
(0.162171 0.0688693 0.749254)
(-0.149401 -0.407036 0.168472)
(-0.205768 -0.205772 0.233964)
(0.278922 -0.0965492 -0.170766)
(-0.103424 -0.0570721 -0.0816841)
(0.103423 -0.0570772 -0.0816805)
(-0.27892 -0.0965503 -0.170765)
(0.205773 -0.205794 0.233951)
(0.14941 -0.407038 0.168475)
(-0.162159 0.0688726 0.749247)
(0.138115 0.225827 -0.0577907)
(-0.0648331 -0.114137 -0.300924)
(-0.0965487 0.278924 -0.170762)
(-0.00264344 -0.00264425 -0.237939)
(-0.0755714 0.067282 -0.18054)
(0.0755687 0.067281 -0.180537)
(0.00263857 -0.00264446 -0.237937)
(0.096546 0.278925 -0.170746)
(0.0648348 -0.114144 -0.300915)
(-0.138113 0.22583 -0.0577776)
(0.113491 -0.152758 -0.228479)
(-0.0725896 -0.131198 -0.196162)
(-0.0570707 -0.103424 -0.0816831)
(0.0672826 -0.0755724 -0.18054)
(-0.0796234 -0.0796248 -0.130812)
(0.0796211 -0.0796259 -0.13081)
(-0.0672878 -0.0755715 -0.180538)
(0.0570699 -0.103427 -0.0816706)
(0.072588 -0.131198 -0.196159)
(-0.113495 -0.152756 -0.228475)
(0.113498 0.152768 -0.228483)
(-0.0725923 0.131199 -0.196161)
(-0.0570795 0.103425 -0.0816782)
(0.0672806 0.075568 -0.180535)
(-0.0796252 0.0796212 -0.130809)
(0.0796227 0.0796221 -0.130807)
(-0.067286 0.0755678 -0.180535)
(0.0570776 0.103426 -0.0816676)
(0.0725909 0.131199 -0.196158)
(-0.113501 0.152764 -0.228479)
(0.138102 -0.225839 -0.0577596)
(-0.0648279 0.11416 -0.30091)
(-0.0965509 -0.27892 -0.170768)
(-0.00264552 0.00263523 -0.237936)
(-0.0755699 -0.0672911 -0.180538)
(0.0755679 -0.0672902 -0.180536)
(0.00264075 0.00263591 -0.237934)
(0.0965483 -0.278925 -0.170752)
(0.0648285 0.114162 -0.300903)
(-0.138103 -0.225841 -0.057754)
(0.162141 -0.0689154 0.749211)
(-0.149475 0.407036 0.168397)
(-0.205803 0.205775 0.233943)
(0.278927 0.0965443 -0.170736)
(-0.103426 0.0570697 -0.081663)
(0.103425 0.0570741 -0.0816614)
(-0.278928 0.0965458 -0.170737)
(0.205803 0.205794 0.233942)
(0.149476 0.407038 0.168406)
(-0.162133 -0.0689137 0.749208)
(-0.532491 -0.667207 0.395472)
(-0.496875 0.496836 0.362454)
(-0.407041 0.149416 0.168481)
(-0.114149 0.0648375 -0.30091)
(-0.1312 0.0725879 -0.196157)
(0.1312 0.0725897 -0.196157)
(0.114159 0.0648341 -0.300902)
(0.407041 0.149459 0.168443)
(0.49687 0.496856 0.362415)
(0.53249 -0.667205 0.395461)
(-0.825512 0.825509 -0.392855)
(0.667222 0.532475 0.395498)
(0.0688699 -0.162155 0.74925)
(0.225832 -0.138112 -0.057768)
(-0.152756 -0.113498 -0.228474)
(0.152759 -0.113501 -0.228476)
(-0.225839 -0.138107 -0.0577523)
(-0.0688947 -0.162138 0.749229)
(-0.667212 0.532482 0.395471)
(0.82551 0.825509 -0.392855)
(-0.818037 -0.818037 -0.376376)
(0.72959 -0.516555 0.425287)
(0.090852 0.181469 0.831088)
(0.222837 0.141065 -0.0202156)
(-0.0954486 0.103494 -0.21804)
(0.0954459 0.103498 -0.21804)
(-0.222844 0.141065 -0.0201832)
(-0.0908845 0.181445 0.831075)
(-0.729587 -0.516562 0.425254)
(0.818035 -0.818037 -0.376375)
(-0.516556 0.729592 0.425289)
(-0.446402 -0.446405 0.308668)
(-0.401144 -0.0846841 0.177081)
(-0.122299 -0.0288811 -0.30938)
(-0.121894 -0.0433139 -0.215848)
(0.121897 -0.0433158 -0.215849)
(0.122314 -0.028878 -0.309373)
(0.401163 -0.0847044 0.177047)
(0.446393 -0.446414 0.308625)
(0.516558 0.729594 0.425269)
(0.181472 0.0908486 0.831088)
(-0.0846762 -0.401141 0.177091)
(-0.212203 -0.212209 0.0346931)
(0.192828 -0.0836237 -0.202456)
(-0.116076 -0.0495203 -0.0845482)
(0.116076 -0.0495247 -0.084546)
(-0.19282 -0.0836251 -0.202455)
(0.212209 -0.212238 0.0346733)
(0.0846643 -0.401151 0.177091)
(-0.181458 0.0908578 0.831082)
(0.141065 0.222837 -0.0202211)
(-0.0288815 -0.122296 -0.309381)
(-0.0836234 0.192828 -0.202454)
(-0.00665078 -0.00665101 -0.246641)
(-0.0606344 0.0516389 -0.193403)
(0.0606326 0.0516377 -0.193402)
(0.00664803 -0.00665117 -0.246639)
(0.083622 0.192817 -0.202443)
(0.0288785 -0.122302 -0.309374)
(-0.141066 0.22284 -0.0202063)
(0.103493 -0.0954486 -0.21804)
(-0.0433127 -0.121892 -0.215847)
(-0.0495192 -0.116077 -0.0845476)
(0.0516394 -0.0606351 -0.193402)
(-0.0663229 -0.0663242 -0.139703)
(0.0663212 -0.0663256 -0.139702)
(-0.0516426 -0.0606345 -0.193401)
(0.0495188 -0.116083 -0.0845386)
(0.0433104 -0.121894 -0.215845)
(-0.103497 -0.0954464 -0.218036)
(0.1035 0.0954474 -0.21804)
(-0.0433156 0.121898 -0.215849)
(-0.0495268 0.116078 -0.0845443)
(0.0516369 0.0606321 -0.1934)
(-0.0663251 0.0663213 -0.139701)
(0.066323 0.0663223 -0.139699)
(-0.0516406 0.0606321 -0.193399)
(0.0495252 0.116083 -0.0845368)
(0.0433135 0.121899 -0.215846)
(-0.103502 0.0954454 -0.218036)
(0.141064 -0.222846 -0.0201733)
(-0.0288766 0.122321 -0.309371)
(-0.0836256 -0.192816 -0.202458)
(-0.00665193 0.00664609 -0.246638)
(-0.0606334 -0.0516444 -0.193401)
(0.0606322 -0.0516435 -0.1934)
(0.00664936 0.00664655 -0.246636)
(0.0836245 -0.192812 -0.202447)
(0.0288738 0.122322 -0.309365)
(-0.141065 -0.222848 -0.0201693)
(0.181437 -0.0908992 0.831061)
(-0.0847139 0.401171 0.177028)
(-0.21225 0.21221 0.0346607)
(0.192812 0.0836208 -0.202436)
(-0.116085 0.0495188 -0.0845322)
(0.116084 0.0495224 -0.0845316)
(-0.192811 0.0836227 -0.202436)
(0.212251 0.212236 0.0346518)
(0.0847025 0.401178 0.177032)
(-0.181428 -0.0908994 0.831059)
(-0.516565 -0.729586 0.425237)
(-0.446417 0.446388 0.308606)
(-0.401157 0.0846592 0.177097)
(-0.122308 0.0288785 -0.30937)
(-0.121896 0.04331 -0.215844)
(0.121898 0.0433122 -0.215845)
(0.122318 0.0288755 -0.309364)
(0.401174 0.084683 0.177064)
(0.446409 0.446399 0.30857)
(0.516566 -0.729588 0.425223)
(-0.818037 0.818034 -0.376374)
(0.729595 0.516558 0.42526)
(0.0908589 -0.181453 0.831085)
(0.222842 -0.141066 -0.0201962)
(-0.0954457 -0.103499 -0.218033)
(0.0954437 -0.103502 -0.218034)
(-0.222847 -0.141066 -0.020173)
(-0.0908838 -0.181433 0.831075)
(-0.729591 0.516563 0.425233)
(0.818035 0.818034 -0.376373)
(-0.812505 -0.812505 -0.328594)
(0.712171 -0.507338 0.460132)
(0.150015 0.184741 0.901398)
(0.201101 0.142241 -0.0085003)
(-0.0621878 0.0879933 -0.203089)
(0.0621783 0.0879972 -0.203091)
(-0.20111 0.142246 -0.00846291)
(-0.150046 0.184716 0.901391)
(-0.712173 -0.507346 0.460095)
(0.812503 -0.812505 -0.328593)
(-0.507339 0.712172 0.460134)
(-0.380686 -0.380687 0.28713)
(-0.365631 0.0151742 0.218547)
(-0.108025 -0.000207517 -0.322482)
(-0.102161 -0.0275247 -0.236226)
(0.102163 -0.027526 -0.236228)
(0.10804 -0.000202235 -0.322479)
(0.36565 0.015177 0.218521)
(0.380673 -0.380685 0.287097)
(0.507346 0.712175 0.460112)
(0.184744 0.150011 0.901396)
(0.0151791 -0.365629 0.218555)
(-0.171158 -0.171164 -0.0857451)
(0.114816 -0.0682169 -0.224643)
(-0.0973921 -0.0407512 -0.100141)
(0.0973917 -0.0407551 -0.100141)
(-0.114813 -0.0682188 -0.224643)
(0.171163 -0.171191 -0.0857579)
(-0.0152004 -0.36564 0.218555)
(-0.184728 0.150023 0.901388)
(0.142241 0.201101 -0.00850695)
(-0.000207913 -0.108022 -0.322482)
(-0.0682167 0.114816 -0.224642)
(-0.00585341 -0.00585309 -0.255305)
(-0.0466777 0.0378822 -0.204812)
(0.0466767 0.0378812 -0.204812)
(0.00585286 -0.00585301 -0.255303)
(0.0682166 0.11481 -0.224635)
(0.000203661 -0.108027 -0.322478)
(-0.142243 0.201107 -0.0084919)
(0.0879926 -0.062189 -0.203089)
(-0.0275239 -0.10216 -0.236224)
(-0.0407503 -0.0973931 -0.100141)
(0.0378826 -0.0466781 -0.204812)
(-0.0519358 -0.0519367 -0.147988)
(0.0519346 -0.0519379 -0.147987)
(-0.037885 -0.0466777 -0.204811)
(0.04075 -0.0973983 -0.100136)
(0.027522 -0.102162 -0.236223)
(-0.0879965 -0.0621855 -0.203085)
(0.0879988 0.0621764 -0.203091)
(-0.0275255 0.102164 -0.236228)
(-0.0407569 0.097393 -0.10014)
(0.0378804 0.0466764 -0.204811)
(-0.0519376 0.0519347 -0.147986)
(0.0519361 0.0519356 -0.147985)
(-0.0378833 0.0466764 -0.20481)
(0.0407555 0.0973969 -0.100136)
(0.0275237 0.102166 -0.236226)
(-0.0880011 0.0621752 -0.203087)
(0.142246 -0.201113 -0.00844995)
(-0.000200342 0.108047 -0.322478)
(-0.0682195 -0.114808 -0.224644)
(-0.00585348 0.00585221 -0.255302)
(-0.046677 -0.0378862 -0.204811)
(0.0466764 -0.0378855 -0.20481)
(0.00585296 0.00585206 -0.255301)
(0.0682199 -0.114808 -0.224637)
(0.000197867 0.108046 -0.322474)
(-0.142248 -0.201116 -0.00844772)
(0.184706 -0.15006 0.901381)
(0.0151756 0.365656 0.218505)
(-0.171204 0.171163 -0.0857658)
(0.114805 0.0682162 -0.22463)
(-0.0974008 0.0407499 -0.100132)
(0.0973989 0.040753 -0.100132)
(-0.114807 0.0682187 -0.22463)
(0.171204 0.171187 -0.0857736)
(-0.0151924 0.365668 0.218507)
(-0.184697 -0.150061 0.901377)
(-0.507349 -0.712175 0.460077)
(-0.380685 0.380668 0.287084)
(-0.365645 -0.0152111 0.21856)
(-0.108031 0.000201925 -0.322475)
(-0.102163 0.0275216 -0.236222)
(0.102165 0.027523 -0.236224)
(0.108041 0.000198082 -0.322473)
(0.365665 -0.0152076 0.218533)
(0.380676 0.38067 0.287055)
(0.507352 -0.712176 0.460063)
(-0.812505 0.812503 -0.328593)
(0.712176 0.507348 0.460103)
(0.150026 -0.184723 0.90139)
(0.201111 -0.142245 -0.00848198)
(-0.0621838 -0.0879985 -0.203083)
(0.0621762 -0.088001 -0.203084)
(-0.201116 -0.142249 -0.00845514)
(-0.150049 -0.184703 0.901386)
(-0.712176 0.507352 0.460074)
(0.812504 0.812503 -0.328593)
(-0.804822 -0.804822 -0.292745)
(0.697082 -0.499738 0.404024)
(0.201646 0.186411 0.949289)
(0.17302 0.145177 0.0303902)
(-0.0330922 0.0698949 -0.181497)
(0.0330831 0.0698981 -0.181499)
(-0.17303 0.145185 0.0304281)
(-0.201673 0.186389 0.949282)
(-0.697082 -0.499743 0.403978)
(0.80482 -0.804821 -0.292746)
(-0.499739 0.697082 0.404027)
(-0.318145 -0.318146 0.164268)
(-0.324654 0.106395 0.234794)
(-0.0730146 0.0169531 -0.336607)
(-0.0759377 -0.0154035 -0.25058)
(0.0759373 -0.0154041 -0.250584)
(0.0730255 0.0169595 -0.336605)
(0.324665 0.106408 0.234776)
(0.318126 -0.318135 0.164233)
(0.499743 0.697083 0.403998)
(0.186415 0.201641 0.949286)
(0.106397 -0.324653 0.234799)
(-0.109166 -0.109172 -0.0812915)
(0.079453 -0.0518842 -0.231654)
(-0.0719407 -0.029588 -0.110753)
(0.0719402 -0.0295911 -0.110753)
(-0.0794525 -0.0518846 -0.231654)
(0.109171 -0.109195 -0.0812952)
(-0.106415 -0.32466 0.234798)
(-0.186403 0.201648 0.949274)
(0.145175 0.17302 0.0303836)
(0.0169524 -0.0730125 -0.336607)
(-0.0518842 0.0794528 -0.231655)
(-0.00383344 -0.00383306 -0.264362)
(-0.033896 0.0268045 -0.213137)
(0.0338953 0.0268037 -0.213137)
(0.00383335 -0.00383277 -0.264361)
(0.0518839 0.0794506 -0.231653)
(-0.0169567 -0.0730168 -0.336604)
(-0.145179 0.173026 0.0303988)
(0.0698944 -0.0330938 -0.181496)
(-0.0154029 -0.0759375 -0.250579)
(-0.0295873 -0.0719416 -0.110753)
(0.0268047 -0.0338962 -0.213136)
(-0.0377922 -0.0377928 -0.15516)
(0.0377914 -0.0377938 -0.155159)
(-0.0268061 -0.0338959 -0.213136)
(0.029587 -0.0719455 -0.110748)
(0.0154014 -0.0759372 -0.250578)
(-0.0698975 -0.0330906 -0.181491)
(0.0698995 0.0330809 -0.181499)
(-0.0154035 0.0759371 -0.250585)
(-0.0295924 0.0719409 -0.110753)
(0.0268031 0.0338951 -0.213137)
(-0.0377937 0.0377915 -0.155158)
(0.0377926 0.0377922 -0.155158)
(-0.0268048 0.0338952 -0.213136)
(0.0295912 0.071944 -0.110749)
(0.0154022 0.0759379 -0.250582)
(-0.0699012 0.0330804 -0.181495)
(0.145187 -0.173033 0.0304427)
(0.0169619 0.0730304 -0.336604)
(-0.0518846 -0.0794492 -0.231654)
(-0.00383299 0.00383315 -0.26436)
(-0.0338954 -0.0268067 -0.213136)
(0.0338952 -0.0268062 -0.213136)
(0.00383299 0.0038328 -0.264359)
(0.0518852 -0.0794509 -0.231652)
(-0.0169637 0.0730306 -0.336603)
(-0.145189 -0.173036 0.0304435)
(0.18638 -0.201685 0.949273)
(0.106413 0.324667 0.234765)
(-0.109207 0.109171 -0.0812983)
(0.0794466 0.0518838 -0.23165)
(-0.0719475 0.0295869 -0.110746)
(0.0719459 0.0295893 -0.110746)
(-0.0794501 0.0518851 -0.231649)
(0.109206 0.10919 -0.0813017)
(-0.106426 0.324677 0.234763)
(-0.186374 -0.201681 0.949266)
(-0.499745 -0.697083 0.403956)
(-0.31813 0.318118 0.164217)
(-0.324663 -0.106424 0.234804)
(-0.0730199 -0.0169587 -0.336602)
(-0.0759372 0.015401 -0.250577)
(0.075938 0.0154018 -0.25058)
(0.0730274 -0.0169631 -0.336601)
(0.324676 -0.106431 0.234783)
(0.318119 0.318115 0.164194)
(0.499746 -0.697082 0.40394)
(-0.804821 0.804819 -0.292747)
(0.697082 0.499745 0.403986)
(0.201651 -0.186398 0.949273)
(0.173029 -0.145181 0.0304081)
(-0.0330887 -0.0698991 -0.181489)
(0.0330819 -0.069901 -0.181491)
(-0.173035 -0.145188 0.0304341)
(-0.20167 -0.18638 0.949272)
(-0.697081 0.499747 0.403952)
(0.804819 0.804819 -0.292747)
(-0.797686 -0.797686 -0.237318)
(0.666918 -0.497647 0.410976)
(0.231439 0.17336 0.966244)
(0.130978 0.122452 0.0345023)
(-0.016999 0.0445169 -0.169993)
(0.016991 0.0445188 -0.169996)
(-0.130989 0.122461 0.0345426)
(-0.231463 0.173339 0.966236)
(-0.666918 -0.49765 0.410924)
(0.797683 -0.797685 -0.237318)
(-0.497647 0.666919 0.41098)
(-0.1916 -0.191604 0.158118)
(-0.195769 0.205524 0.265166)
(-0.0280175 0.0170871 -0.348905)
(-0.0412923 -0.00537136 -0.255847)
(0.0412907 -0.00537153 -0.255852)
(0.0280221 0.0170923 -0.348902)
(0.195763 0.205537 0.265157)
(0.191567 -0.191588 0.158078)
(0.497646 0.666921 0.410946)
(0.173364 0.231432 0.96624)
(0.205523 -0.195769 0.26517)
(-0.0240988 -0.0241013 -0.0921367)
(0.0441168 -0.0290763 -0.234564)
(-0.0418882 -0.016732 -0.125867)
(0.0418876 -0.0167338 -0.125868)
(-0.0441168 -0.0290748 -0.234563)
(0.0240991 -0.0241093 -0.0921354)
(-0.205535 -0.195767 0.265172)
(-0.173355 0.231429 0.966226)
(0.12245 0.130977 0.0344946)
(0.0170864 -0.0280166 -0.348905)
(-0.0290764 0.0441165 -0.234565)
(-0.000639671 -0.000639422 -0.270494)
(-0.0206549 0.0151823 -0.219282)
(0.0206543 0.0151819 -0.219283)
(0.00063958 -0.000639044 -0.270493)
(0.0290752 0.0441151 -0.234566)
(-0.0170892 -0.0280184 -0.348903)
(-0.122452 0.130981 0.0345082)
(0.0445167 -0.017001 -0.169991)
(-0.00537109 -0.0412925 -0.255846)
(-0.0167314 -0.0418889 -0.125867)
(0.0151824 -0.020655 -0.219281)
(-0.0227185 -0.022719 -0.161593)
(0.0227181 -0.0227196 -0.161592)
(-0.0151832 -0.0206547 -0.219281)
(0.0167312 -0.041891 -0.125864)
(0.00537079 -0.0412919 -0.255845)
(-0.0445185 -0.0169998 -0.169987)
(0.0445196 0.0169888 -0.169997)
(-0.00537124 0.0412897 -0.255854)
(-0.0167345 0.0418877 -0.125869)
(0.0151816 0.0206541 -0.219283)
(-0.0227195 0.0227181 -0.161592)
(0.0227188 0.0227186 -0.161591)
(-0.0151826 0.0206541 -0.219282)
(0.0167337 0.0418897 -0.125865)
(0.00537095 0.0412905 -0.255851)
(-0.0445206 0.0169904 -0.169991)
(0.122465 -0.130993 0.0345585)
(0.0170943 0.0280238 -0.348901)
(-0.0290739 -0.044116 -0.234563)
(-0.00063911 0.000639445 -0.270492)
(-0.0206543 -0.0151836 -0.219281)
(0.0206542 -0.0151833 -0.219281)
(0.000639137 0.000639076 -0.270491)
(0.0290741 -0.044116 -0.234563)
(-0.0170951 0.0280242 -0.3489)
(-0.122465 -0.130994 0.034557)
(0.173331 -0.231474 0.966226)
(0.205545 0.195758 0.265151)
(-0.024114 0.0240997 -0.0921341)
(0.0441136 0.0290749 -0.234565)
(-0.0418919 0.0167313 -0.125862)
(0.0418909 0.0167326 -0.125863)
(-0.0441152 0.0290748 -0.234563)
(0.0241129 0.0241074 -0.0921352)
(-0.205553 0.195762 0.265148)
(-0.173327 -0.231463 0.966217)
(-0.49765 -0.66692 0.410898)
(-0.191581 0.191552 0.15806)
(-0.195767 -0.20554 0.265179)
(-0.0280197 -0.0170906 -0.3489)
(-0.0412919 0.00537088 -0.255845)
(0.0412916 0.00537107 -0.255848)
(0.0280233 -0.0170943 -0.348899)
(0.195769 -0.20555 0.265164)
(0.191558 0.191547 0.158036)
(0.497649 -0.666923 0.410881)
(-0.797684 0.797682 -0.237319)
(0.666921 0.497646 0.410933)
(0.231428 -0.173352 0.966223)
(0.130984 -0.122454 0.034517)
(-0.0169986 -0.0445194 -0.169985)
(0.0169926 -0.0445205 -0.169988)
(-0.130991 -0.122462 0.0345452)
(-0.231448 -0.173334 0.966221)
(-0.666921 0.497649 0.410895)
(0.797682 0.797682 -0.237319)
(-0.781936 -0.781936 -0.176063)
(0.705251 -0.459815 0.231589)
(0.230729 0.143552 1.01893)
(0.098624 0.102636 0.0940731)
(0.001505 0.021576 -0.139152)
(-0.00150776 0.0215774 -0.139153)
(-0.0986346 0.102647 0.0941128)
(-0.230745 0.143535 1.01892)
(-0.705253 -0.459819 0.231526)
(0.781933 -0.781935 -0.176068)
(-0.459814 0.705251 0.231593)
(-0.113134 -0.113137 -0.182064)
(-0.0945713 0.26367 0.272987)
(-0.00170819 0.0114439 -0.335977)
(-0.0118862 -8.15136e-05 -0.249013)
(0.0118848 -8.11491e-05 -0.249018)
(0.00170835 0.0114462 -0.335969)
(0.0945653 0.263678 0.272983)
(0.113112 -0.113124 -0.182106)
(0.459815 0.705254 0.231553)
(0.143555 0.230724 1.01893)
(0.26367 -0.0945713 0.27299)
(0.0404441 0.0404436 0.081317)
(0.0569733 -0.00617945 -0.20518)
(-0.0120097 -0.00515901 -0.115244)
(0.012009 -0.00515958 -0.115245)
(-0.0569749 -0.00617806 -0.205177)
(-0.0404457 0.0404441 0.0813256)
(-0.263678 -0.0945668 0.272995)
(-0.143547 0.230715 1.01891)
(0.102634 0.0986224 0.0940648)
(0.0114434 -0.00170807 -0.335979)
(-0.0061796 0.056973 -0.205182)
(0.00449196 0.00449199 -0.269838)
(-0.00680258 0.00827294 -0.219296)
(0.00680229 0.00827295 -0.219297)
(-0.00449222 0.00449222 -0.269836)
(0.0061789 0.0569736 -0.205182)
(-0.0114437 -0.00170767 -0.335974)
(-0.102637 0.0986266 0.0940741)
(0.0215758 0.00150405 -0.139151)
(-8.14894e-05 -0.0118864 -0.249011)
(-0.0051588 -0.01201 -0.115244)
(0.00827299 -0.00680262 -0.219295)
(-0.00798612 -0.0079863 -0.162444)
(0.00798593 -0.00798651 -0.162444)
(-0.00827331 -0.00680244 -0.219295)
(0.00515867 -0.0120104 -0.115241)
(8.11532e-05 -0.011886 -0.24901)
(-0.0215767 0.00150367 -0.139145)
(0.0215781 -0.00150861 -0.139152)
(-8.08677e-05 0.011884 -0.249019)
(-0.00515975 0.0120087 -0.115246)
(0.008273 0.00680218 -0.219297)
(-0.00798649 0.00798594 -0.162444)
(0.00798624 0.00798612 -0.162443)
(-0.00827327 0.00680221 -0.219296)
(0.00515943 0.0120095 -0.115242)
(8.06989e-05 0.0118844 -0.249016)
(-0.0215784 -0.00150724 -0.139147)
(0.102652 -0.09864 0.0941297)
(0.0114473 0.00170812 -0.335965)
(-0.00617709 -0.0569761 -0.205177)
(0.00449237 -0.00449238 -0.269834)
(-0.00680229 -0.00827351 -0.219295)
(0.00680223 -0.00827345 -0.219295)
(-0.00449244 -0.00449246 -0.269834)
(0.00617729 -0.0569757 -0.205177)
(-0.0114468 0.00170802 -0.335965)
(-0.102651 -0.0986398 0.094124)
(0.143526 -0.230754 1.01891)
(0.263683 0.0945602 0.272979)
(0.0404444 -0.0404464 0.08133)
(0.0569746 0.00617879 -0.20518)
(-0.0120104 0.00515876 -0.11524)
(0.01201 0.0051592 -0.11524)
(-0.0569752 0.00617825 -0.205178)
(-0.0404448 -0.0404454 0.0813343)
(-0.263689 0.0945603 0.272977)
(-0.143523 -0.230741 1.0189)
(-0.45982 -0.705256 0.231495)
(-0.113121 0.113099 -0.182126)
(-0.094568 -0.263681 0.273003)
(-0.0017078 -0.011444 -0.335971)
(-0.011886 8.11196e-05 -0.24901)
(0.0118854 8.08973e-05 -0.249013)
(0.00170835 -0.0114457 -0.335967)
(0.0945668 -0.263687 0.272991)
(0.113106 0.113094 -0.182148)
(0.459818 -0.705258 0.231475)
(-0.781934 0.781932 -0.17607)
(0.705254 0.459816 0.231534)
(0.230713 -0.143545 1.01891)
(0.0986286 -0.102639 0.0940806)
(0.00150392 -0.0215772 -0.139144)
(-0.00150595 -0.0215781 -0.139145)
(-0.0986357 -0.102647 0.0941087)
(-0.230726 -0.143531 1.01891)
(-0.705256 0.459818 0.23149)
(0.781932 0.781932 -0.176074)
)
;

boundaryField
{
    bottom
    {
        type            noSlip;
    }
    atmosphere
    {
        type            pressureInletOutletVelocity;
        value           nonuniform List<vector> 
100
(
(0 0 -0.176063)
(-0.459814 0.705251 0.231593)
(0.143555 0.230724 1.01893)
(0.102634 0.0986224 0.0940648)
(0 0 -0.139151)
(0 0 -0.139152)
(0.102652 -0.09864 0.0941297)
(0.143526 -0.230754 1.01891)
(-0.45982 -0.705256 0.231495)
(0 0 -0.17607)
(0.705251 -0.459815 0.231589)
(0 0 -0.182064)
(0.26367 -0.0945713 0.27299)
(0 0 -0.335979)
(0 0 -0.249011)
(0 0 -0.249019)
(0 0 -0.335965)
(0.263683 0.0945602 0.272979)
(0 0 -0.182126)
(0.705254 0.459816 0.231534)
(0.230729 0.143552 1.01893)
(-0.0945713 0.26367 0.272987)
(0.0404441 0.0404436 0.081317)
(0 0 -0.205182)
(0 0 -0.115244)
(0 0 -0.115246)
(0 0 -0.205177)
(0.0404444 -0.0404464 0.08133)
(-0.094568 -0.263681 0.273003)
(0.230713 -0.143545 1.01891)
(0.098624 0.102636 0.0940731)
(0 0 -0.335977)
(0 0 -0.20518)
(0 0 -0.269838)
(0 0 -0.219295)
(0 0 -0.219297)
(0 0 -0.269834)
(0 0 -0.20518)
(0 0 -0.335971)
(0.0986286 -0.102639 0.0940806)
(0 0 -0.139152)
(0 0 -0.249013)
(0 0 -0.115244)
(0 0 -0.219296)
(0 0 -0.162444)
(0 0 -0.162444)
(0 0 -0.219295)
(0 0 -0.11524)
(0 0 -0.24901)
(0 0 -0.139144)
(0 0 -0.139153)
(0 0 -0.249018)
(0 0 -0.115245)
(0 0 -0.219297)
(0 0 -0.162444)
(0 0 -0.162443)
(0 0 -0.219295)
(0 0 -0.11524)
(0 0 -0.249013)
(0 0 -0.139145)
(-0.0986346 0.102647 0.0941128)
(0 0 -0.335969)
(0 0 -0.205177)
(0 0 -0.269836)
(0 0 -0.219295)
(0 0 -0.219296)
(0 0 -0.269834)
(0 0 -0.205178)
(0 0 -0.335967)
(-0.0986357 -0.102647 0.0941087)
(-0.230745 0.143535 1.01892)
(0.0945653 0.263678 0.272983)
(-0.0404457 0.0404441 0.0813256)
(0 0 -0.205182)
(0 0 -0.115241)
(0 0 -0.115242)
(0 0 -0.205177)
(-0.0404448 -0.0404454 0.0813343)
(0.0945668 -0.263687 0.272991)
(-0.230726 -0.143531 1.01891)
(-0.705253 -0.459819 0.231526)
(0 0 -0.182106)
(-0.263678 -0.0945668 0.272995)
(0 0 -0.335974)
(0 0 -0.24901)
(0 0 -0.249016)
(0 0 -0.335965)
(-0.263689 0.0945603 0.272977)
(0 0 -0.182148)
(-0.705256 0.459818 0.23149)
(0 0 -0.176068)
(0.459815 0.705254 0.231553)
(-0.143547 0.230715 1.01891)
(-0.102637 0.0986266 0.0940741)
(0 0 -0.139145)
(0 0 -0.139147)
(-0.102651 -0.0986398 0.094124)
(-0.143523 -0.230741 1.0189)
(0.459818 -0.705258 0.231475)
(0 0 -0.176074)
)
;
    }
    walls
    {
        type            noSlip;
    }
    procBoundary1to0
    {
        type            processor;
        value           nonuniform List<vector> 
100
(
(-0.827362 -0.827361 -0.709733)
(0.70604 -0.522873 0.116629)
(-0.145231 0.156446 0.233238)
(0.147163 0.212356 -0.233808)
(-0.197211 0.158795 -0.24417)
(0.197243 0.158815 -0.244161)
(-0.147182 0.212322 -0.233779)
(0.145278 0.156467 0.233223)
(-0.706048 -0.522837 0.116606)
(0.827363 -0.827365 -0.70973)
(-0.522873 0.706046 0.116634)
(-0.480558 -0.480557 0.348619)
(-0.590458 0.0154841 0.203774)
(0.0155014 -0.0114889 -0.237105)
(-0.172852 -0.160892 -0.207066)
(0.172849 -0.160892 -0.207056)
(-0.0154882 -0.0115514 -0.237114)
(0.590439 0.0155013 0.203724)
(0.480558 -0.480532 0.348604)
(0.522878 0.706058 0.116633)
(0.156453 -0.145239 0.233237)
(0.0154835 -0.590464 0.20379)
(-0.423778 -0.423782 1.47387)
(0.352652 -0.123685 0.355379)
(0.0122635 -0.0341896 -0.154469)
(-0.0122731 -0.0341911 -0.154451)
(-0.352656 -0.123687 0.355387)
(0.423774 -0.42377 1.47387)
(-0.0154844 -0.590462 0.2038)
(-0.156457 -0.145217 0.233228)
(0.212359 0.147162 -0.23382)
(-0.0114865 0.0155074 -0.237102)
(-0.123687 0.352651 0.355394)
(0.111485 0.111483 -0.171005)
(-0.0538012 0.160793 -0.21382)
(0.053787 0.160798 -0.213819)
(-0.1115 0.111487 -0.170989)
(0.123689 0.352645 0.355442)
(0.011504 0.0155149 -0.237103)
(-0.212358 0.147166 -0.233819)
(0.158789 -0.19721 -0.244171)
(-0.160893 -0.172852 -0.207068)
(-0.03419 0.0122611 -0.154467)
(0.160792 -0.0538029 -0.21382)
(-0.0940791 -0.0940802 -0.183329)
(0.0940724 -0.0940778 -0.183329)
(-0.160797 -0.0537938 -0.213823)
(0.0341886 0.0122669 -0.15445)
(0.160894 -0.172849 -0.207069)
(-0.158797 -0.197215 -0.244173)
(0.15882 0.197266 -0.244157)
(-0.160893 0.172849 -0.207055)
(-0.0341935 -0.0122712 -0.154451)
(0.160799 0.0537807 -0.21382)
(-0.0940758 0.0940691 -0.183329)
(0.0940709 0.0940685 -0.18333)
(-0.160802 0.0537755 -0.213823)
(0.0341917 -0.0122724 -0.154442)
(0.160893 0.172848 -0.207059)
(-0.158824 0.197265 -0.244162)
(0.212301 -0.147189 -0.233769)
(-0.0115887 -0.0154816 -0.237121)
(-0.123689 -0.352659 0.35538)
(0.111488 -0.111509 -0.170982)
(-0.0537886 -0.160801 -0.213822)
(0.053778 -0.160804 -0.213823)
(-0.111498 -0.111507 -0.17097)
(0.123692 -0.352649 0.355423)
(0.0115892 -0.0154902 -0.237121)
(-0.212308 -0.14719 -0.233772)
(0.156483 0.145317 0.233215)
(0.0155132 0.59043 0.203696)
(-0.423761 0.423774 1.47387)
(0.352636 0.12369 0.355469)
(0.0122737 0.0341861 -0.154441)
(-0.0122765 0.0341877 -0.154434)
(-0.352636 0.123693 0.355463)
(0.423757 0.423763 1.47389)
(-0.0155168 0.590433 0.203717)
(-0.156486 0.145295 0.233205)
(-0.522813 -0.706051 0.116592)
(-0.480516 0.480569 0.348597)
(-0.590464 -0.0154745 0.20381)
(0.0155147 0.0115084 -0.237101)
(-0.172849 0.160893 -0.207065)
(0.172848 0.160892 -0.207058)
(-0.0155007 0.0115566 -0.237111)
(0.590447 -0.0154961 0.203763)
(0.480519 0.480547 0.348584)
(0.522825 -0.706063 0.116591)
(-0.827366 0.827363 -0.709729)
(0.706059 0.522893 0.116636)
(-0.145177 -0.15645 0.233223)
(0.147161 -0.212361 -0.233812)
(-0.19721 -0.158803 -0.244175)
(0.197238 -0.158819 -0.244169)
(-0.147178 -0.212331 -0.233783)
(0.145223 -0.156468 0.233208)
(-0.706064 0.522865 0.116611)
(0.827366 0.827366 -0.709726)
)
;
    }
}


// ************************************************************************* //
