/*--------------------------------*- C++ -*----------------------------------*\
| =========                 |                                                 |
| \\      /  F ield         | OpenFOAM: The Open Source CFD Toolbox           |
|  \\    /   O peration     | Version:  2412                                  |
|   \\  /    A nd           | Website:  www.openfoam.com                      |
|    \\/     M anipulation  |                                                 |
\*---------------------------------------------------------------------------*/
FoamFile
{
    version     2.0;
    format      ascii;
    arch        "LSB;label=32;scalar=64";
    class       volScalarField;
    location    "0.8";
    object      p;
}
// * * * * * * * * * * * * * * * * * * * * * * * * * * * * * * * * * * * * * //

dimensions      [1 -1 -2 0 0 0 0];

internalField   nonuniform List<scalar> 
1000
(
13.4535
8.45047
11.2681
10.7688
10.0564
10.0564
10.7689
11.2681
8.45058
13.4535
8.45047
6.98809
8.73467
9.50586
9.48582
9.48588
9.50588
8.7347
6.98804
8.45046
11.268
8.73453
9.83526
9.88026
10.1202
10.1204
9.88028
9.83526
8.73443
11.268
10.7688
9.50586
9.88022
9.47337
9.8401
9.84017
9.47347
9.88025
9.50591
10.7689
10.0565
9.48582
10.1202
9.84008
10.0651
10.0651
9.84006
10.1203
9.48586
10.0565
10.0565
9.48592
10.1204
9.84021
10.0652
10.0652
9.84019
10.1204
9.48594
10.0565
10.7689
9.5059
9.88029
9.47355
9.84012
9.84019
9.47361
9.88033
9.50596
10.7689
11.2681
8.73461
9.83525
9.88033
10.1203
10.1204
9.88034
9.83522
8.73453
11.2681
8.45059
6.98804
8.7345
9.50593
9.48589
9.48593
9.50596
8.73454
6.98801
8.45052
13.4535
8.45046
11.2681
10.7689
10.0565
10.0565
10.7689
11.2681
8.45049
13.4534
11.8083
8.26366
10.688
10.0562
9.48114
9.48112
10.0561
10.688
8.2637
11.8083
8.26373
7.27742
8.39635
9.06616
8.91893
8.91896
9.06616
8.39631
7.27741
8.26374
10.6879
8.39622
9.54464
9.71045
9.78018
9.78017
9.71044
9.5446
8.39613
10.6879
10.0562
9.06616
9.71038
8.82545
9.43014
9.4302
8.82559
9.7104
9.06619
10.0562
9.48118
8.91895
9.78019
9.43012
9.64411
9.64413
9.4301
9.78019
8.91896
9.48121
9.48116
8.91899
9.78017
9.43023
9.64416
9.64417
9.4302
9.78016
8.91899
9.48119
10.0561
9.06618
9.71042
8.82566
9.43015
9.4302
8.82575
9.71047
9.06623
10.0561
10.688
8.3962
9.54458
9.71049
9.7802
9.7802
9.7105
9.54451
8.3961
10.688
8.26375
7.27741
8.39618
9.0662
8.91898
8.91898
9.06622
8.39613
7.2774
8.26374
11.8082
8.26372
10.6879
10.0562
9.48117
9.48115
10.0562
10.688
8.26374
11.8082
12.0227
8.04241
10.1694
9.39258
9.14249
9.14256
9.39255
10.1695
8.04248
12.0227
8.04244
7.48918
8.36585
8.43314
8.66301
8.66304
8.43318
8.36583
7.48916
8.04242
10.1694
8.36574
9.39667
9.38169
9.37458
9.37454
9.38163
9.39651
8.36565
10.1693
9.3926
8.43316
9.38165
8.38244
9.06201
9.06205
8.38241
9.38167
8.43316
9.39263
9.14247
8.66304
9.3746
9.06199
9.22621
9.22622
9.06198
9.3746
8.66306
9.14249
9.14259
8.66311
9.37453
9.06207
9.22624
9.22625
9.06206
9.37455
8.66314
9.14259
9.39256
8.43323
9.3816
8.38241
9.062
9.06204
8.38242
9.38167
8.43325
9.3926
10.1695
8.36576
9.39645
9.38172
9.37459
9.37456
9.38169
9.39634
8.36569
10.1694
8.04251
7.48916
8.36569
8.43315
8.66302
8.66306
8.4332
8.36569
7.48916
8.04248
12.0228
8.04241
10.1693
9.39262
9.1425
9.14256
9.3926
10.1694
8.04246
12.0229
12.6715
7.89946
9.6285
8.8349
8.75441
8.75447
8.83489
9.62852
7.89947
12.6715
7.8995
7.50137
8.18735
7.98119
8.64801
8.64805
7.98123
8.18735
7.50136
7.89947
9.62852
8.18727
9.26674
8.84749
8.94513
8.94511
8.84753
9.26657
8.18718
9.62844
8.83487
7.98119
8.84747
8.32869
8.70277
8.7028
8.32857
8.84748
7.98116
8.83487
8.75439
8.64801
8.94516
8.70275
8.78366
8.78366
8.70275
8.94517
8.648
8.75442
8.75449
8.64808
8.94511
8.70281
8.78367
8.78368
8.7028
8.94513
8.64806
8.75451
8.83488
7.98126
8.84753
8.32854
8.70274
8.70277
8.32852
8.84756
7.98126
8.83491
9.62855
8.1873
9.2665
8.84753
8.94515
8.94513
8.84757
9.26639
8.1872
9.6285
7.89951
7.50136
8.18721
7.98115
8.648
8.64803
7.9812
8.1872
7.50133
7.89949
12.6715
7.89946
9.62841
8.83488
8.75443
8.75449
8.8349
9.62844
7.89949
12.6714
9.33023
7.83179
8.84178
8.25143
8.44854
8.44863
8.25143
8.84175
7.83175
9.33011
7.83183
7.46187
7.92399
7.94241
8.29079
8.2908
7.94239
7.92401
7.46183
7.8318
8.84181
7.92394
8.60759
8.18322
8.43808
8.43807
8.1833
8.60745
7.92387
8.84175
8.25139
7.94239
8.1832
8.27659
8.27497
8.27498
8.27646
8.18322
7.94231
8.25136
8.4485
8.29077
8.4381
8.27496
8.30734
8.30735
8.27494
8.4381
8.29075
8.44853
8.44862
8.29079
8.43808
8.27498
8.30735
8.30734
8.27496
8.4381
8.29076
8.44863
8.25141
7.94238
8.18331
8.27643
8.27493
8.27494
8.27638
8.18333
7.94231
8.25139
8.84175
7.92399
8.60741
8.18327
8.43809
8.43809
8.18334
8.60733
7.92389
8.84172
7.83177
7.46183
7.92387
7.94232
8.29077
8.29078
7.94231
7.92386
7.46179
7.83175
9.33008
7.83179
8.84173
8.25141
8.44857
8.44864
8.25142
8.84171
7.83176
9.33002
8.5449
7.54411
8.26879
7.83255
7.97762
7.97768
7.83266
8.26878
7.54405
8.54492
7.54415
7.428
7.60503
7.76744
7.85648
7.85644
7.76742
7.60507
7.42795
7.54413
8.26878
7.60501
7.73617
7.50032
7.86138
7.86143
7.50049
7.73609
7.60495
8.26875
7.83249
7.76743
7.50032
7.99223
7.79181
7.79181
7.9922
7.50042
7.76739
7.83251
7.9776
7.85648
7.86138
7.79181
7.84593
7.84593
7.79181
7.86135
7.85644
7.97763
7.97769
7.85643
7.86147
7.79182
7.84593
7.84592
7.79182
7.86143
7.8564
7.9777
7.83266
7.76739
7.50057
7.99219
7.79182
7.79182
7.99217
7.50064
7.76735
7.83264
8.26876
7.60508
7.73608
7.50044
7.86135
7.86141
7.50059
7.73604
7.605
8.26877
7.54407
7.42794
7.60495
7.76741
7.85645
7.85642
7.76738
7.60497
7.42789
7.54407
8.54493
7.54411
8.26877
7.83257
7.97767
7.97772
7.83266
8.26878
7.54407
8.54492
7.91564
7.22823
7.61867
7.37201
7.49352
7.49349
7.37221
7.61858
7.22819
7.9155
7.22826
7.16904
7.20122
7.37209
7.40689
7.40687
7.37212
7.20126
7.169
7.22821
7.6187
7.20121
7.15682
6.93793
7.32005
7.32012
6.93813
7.15679
7.20118
7.6187
7.37197
7.37209
6.93792
7.57099
7.34468
7.34468
7.57104
6.938
7.37212
7.37206
7.49353
7.4069
7.32004
7.34469
7.43177
7.43176
7.34473
7.32003
7.40687
7.49352
7.4935
7.40687
7.32015
7.34469
7.43176
7.43176
7.34472
7.32011
7.40685
7.49349
7.37225
7.37213
6.93822
7.57107
7.34474
7.34474
7.5711
6.93824
7.37215
7.37228
7.61856
7.20129
7.1568
6.938
7.32003
7.32009
6.93817
7.15678
7.20126
7.61861
7.22819
7.16899
7.20118
7.37212
7.40688
7.40686
7.37215
7.20122
7.16895
7.22815
7.91545
7.22819
7.61872
7.37211
7.49353
7.49351
7.37227
7.61866
7.22814
7.91533
7.84762
6.88801
7.08851
6.90778
7.06275
7.06275
6.90792
7.08831
6.88791
7.84761
6.88803
6.82344
6.78693
6.98781
7.01956
7.01958
6.9878
6.787
6.82339
6.88793
7.08858
6.78694
6.75317
6.49924
6.90065
6.90071
6.49926
6.75319
6.78694
7.08855
6.90777
6.98781
6.49925
7.16445
6.93677
6.93677
7.1646
6.49921
6.98781
6.90783
7.06277
7.01957
6.90065
6.93678
7.02844
7.02844
6.93683
6.90064
7.01957
7.06276
7.06277
7.0196
6.90073
6.93678
7.02844
7.02843
6.93683
6.9007
7.01959
7.06275
6.90797
6.98781
6.49928
7.16465
6.93685
6.93684
7.16474
6.49926
6.98781
6.90799
7.08828
6.78704
6.7532
6.4992
6.90064
6.90068
6.49923
6.7532
6.78703
7.08832
6.88789
6.82338
6.78694
6.9878
7.01957
7.01958
6.98781
6.787
6.82334
6.8878
7.8476
6.88789
7.08852
6.90784
7.06274
7.06273
6.90795
7.08836
6.88779
7.84756
7.24515
6.38556
6.77784
6.44391
6.68479
6.68479
6.44398
6.77783
6.3855
7.24512
6.38558
6.40042
6.40023
6.62538
6.67003
6.67004
6.62525
6.40026
6.40034
6.38552
6.77785
6.40026
6.45371
6.14198
6.58706
6.58707
6.14185
6.45367
6.40025
6.77786
6.44391
6.6254
6.142
6.74684
6.57205
6.57204
6.74697
6.14193
6.62534
6.44394
6.68479
6.67003
6.58706
6.57205
6.67476
6.67476
6.57205
6.58704
6.67002
6.68478
6.6848
6.67005
6.58708
6.57204
6.67476
6.67475
6.57204
6.58704
6.67004
6.68479
6.44401
6.62521
6.14182
6.747
6.57205
6.57205
6.74707
6.14179
6.62519
6.44401
6.77784
6.40028
6.45366
6.14191
6.58703
6.58703
6.14182
6.4536
6.40029
6.77784
6.38549
6.40032
6.40024
6.62532
6.67003
6.67003
6.62523
6.40027
6.40026
6.38543
7.24511
6.38549
6.77785
6.44395
6.68478
6.68478
6.444
6.77783
6.38543
7.24507
6.52963
5.8649
6.55429
6.09284
6.36069
6.36071
6.09277
6.55432
5.86484
6.52951
5.86491
5.99395
6.0546
6.31023
6.33856
6.33857
6.31011
6.05459
5.99391
5.86485
6.55429
6.05462
6.37783
5.8997
6.31891
6.3189
5.89957
6.37775
6.0546
6.55429
6.09286
6.31025
5.89973
6.33128
6.24149
6.24147
6.33134
5.89969
6.31019
6.09284
6.36068
6.33856
6.31892
6.24149
6.34922
6.34922
6.24146
6.31889
6.33855
6.36068
6.36072
6.33857
6.3189
6.24147
6.34921
6.3492
6.24145
6.31887
6.33856
6.36071
6.09275
6.31007
5.89954
6.33135
6.24146
6.24145
6.33137
5.89952
6.31005
6.09274
6.55433
6.05459
6.37772
5.89966
6.31887
6.31886
5.89956
6.37761
6.05459
6.55432
5.86483
5.99389
6.05459
6.31017
6.33855
6.33856
6.31008
6.05459
5.99386
5.86478
6.52948
5.86482
6.55429
6.09284
6.36069
6.36071
6.09278
6.55431
5.86477
6.52941
)
;

boundaryField
{
    bottom
    {
        type            calculated;
        value           nonuniform List<scalar> 0();
    }
    atmosphere
    {
        type            calculated;
        value           nonuniform List<scalar> 0();
    }
    walls
    {
        type            calculated;
        value           nonuniform List<scalar> 
400
(
13.4535
8.45047
11.268
10.7688
10.0565
10.0565
10.7689
11.2681
8.45059
13.4535
11.8083
8.26373
10.6879
10.0562
9.48118
9.48116
10.0561
10.688
8.26375
11.8082
12.0227
8.04244
10.1694
9.3926
9.14247
9.14259
9.39256
10.1695
8.04251
12.0228
12.6715
7.8995
9.62852
8.83487
8.75439
8.75449
8.83488
9.62855
7.89951
12.6715
9.33023
7.83183
8.84181
8.25139
8.4485
8.44862
8.25141
8.84175
7.83177
9.33008
8.5449
7.54415
8.26878
7.83249
7.9776
7.97769
7.83266
8.26876
7.54407
8.54493
7.91564
7.22826
7.6187
7.37197
7.49353
7.4935
7.37225
7.61856
7.22819
7.91545
7.84762
6.88803
7.08858
6.90777
7.06277
7.06277
6.90797
7.08828
6.88789
7.8476
7.24515
6.38558
6.77785
6.44391
6.68479
6.6848
6.44401
6.77784
6.38549
7.24511
6.52963
5.86491
6.55429
6.09286
6.36068
6.36072
6.09275
6.55433
5.86483
6.52948
13.4535
8.45046
11.268
10.7689
10.0565
10.0565
10.7689
11.2681
8.45052
13.4534
11.8083
8.26374
10.6879
10.0562
9.48121
9.48119
10.0561
10.688
8.26374
11.8082
12.0227
8.04242
10.1693
9.39263
9.14249
9.14259
9.3926
10.1694
8.04248
12.0229
12.6715
7.89947
9.62844
8.83487
8.75442
8.75451
8.83491
9.6285
7.89949
12.6714
9.33011
7.8318
8.84175
8.25136
8.44853
8.44863
8.25139
8.84172
7.83175
9.33002
8.54492
7.54413
8.26875
7.83251
7.97763
7.9777
7.83264
8.26877
7.54407
8.54492
7.9155
7.22821
7.6187
7.37206
7.49352
7.49349
7.37228
7.61861
7.22815
7.91533
7.84761
6.88793
7.08855
6.90783
7.06276
7.06275
6.90799
7.08832
6.8878
7.84756
7.24512
6.38552
6.77786
6.44394
6.68478
6.68479
6.44401
6.77784
6.38543
7.24507
6.52951
5.86485
6.55429
6.09284
6.36068
6.36071
6.09274
6.55432
5.86478
6.52941
13.4535
11.8083
12.0227
12.6715
9.33023
8.5449
7.91564
7.84762
7.24515
6.52963
8.45047
8.26366
8.04241
7.89946
7.83179
7.54411
7.22823
6.88801
6.38556
5.8649
11.2681
10.688
10.1694
9.6285
8.84178
8.26879
7.61867
7.08851
6.77784
6.55429
10.7688
10.0562
9.39258
8.8349
8.25143
7.83255
7.37201
6.90778
6.44391
6.09284
10.0564
9.48114
9.14249
8.75441
8.44854
7.97762
7.49352
7.06275
6.68479
6.36069
10.0564
9.48112
9.14256
8.75447
8.44863
7.97768
7.49349
7.06275
6.68479
6.36071
10.7689
10.0561
9.39255
8.83489
8.25143
7.83266
7.37221
6.90792
6.44398
6.09277
11.2681
10.688
10.1695
9.62852
8.84175
8.26878
7.61858
7.08831
6.77783
6.55432
8.45058
8.2637
8.04248
7.89947
7.83175
7.54405
7.22819
6.88791
6.3855
5.86484
13.4535
11.8083
12.0227
12.6715
9.33011
8.54492
7.9155
7.84761
7.24512
6.52951
13.4535
11.8082
12.0228
12.6715
9.33008
8.54493
7.91545
7.8476
7.24511
6.52948
8.45046
8.26372
8.04241
7.89946
7.83179
7.54411
7.22819
6.88789
6.38549
5.86482
11.2681
10.6879
10.1693
9.62841
8.84173
8.26877
7.61872
7.08852
6.77785
6.55429
10.7689
10.0562
9.39262
8.83488
8.25141
7.83257
7.37211
6.90784
6.44395
6.09284
10.0565
9.48117
9.1425
8.75443
8.44857
7.97767
7.49353
7.06274
6.68478
6.36069
10.0565
9.48115
9.14256
8.75449
8.44864
7.97772
7.49351
7.06273
6.68478
6.36071
10.7689
10.0562
9.3926
8.8349
8.25142
7.83266
7.37227
6.90795
6.444
6.09278
11.2681
10.688
10.1694
9.62844
8.84171
8.26878
7.61866
7.08836
6.77783
6.55431
8.45049
8.26374
8.04246
7.89949
7.83176
7.54407
7.22814
6.88779
6.38543
5.86477
13.4534
11.8082
12.0229
12.6714
9.33002
8.54492
7.91533
7.84756
7.24507
6.52941
)
;
    }
    procBoundary2to0
    {
        type            processor;
        value           nonuniform List<scalar> 
100
(
8.72984
5.42909
6.41113
5.89069
6.07194
6.07194
5.89054
6.41117
5.42906
8.72981
5.4291
5.62075
5.66543
6.00928
6.01165
6.01165
6.00921
5.66543
5.62075
5.42905
6.41112
5.66544
6.32159
5.6862
6.05688
6.05686
5.68616
6.32155
5.66541
6.41112
5.89072
6.00929
5.68622
5.93481
5.93259
5.93257
5.93485
5.68621
6.00927
5.89066
6.07195
6.01165
6.05688
5.93258
6.02817
6.02816
5.93256
6.05686
6.01164
6.07194
6.07194
6.01165
6.05686
5.93256
6.02816
6.02815
5.93255
6.05683
6.01164
6.07193
5.89049
6.00918
5.68615
5.93485
5.93255
5.93254
5.93486
5.68614
6.00917
5.89047
6.41118
5.66542
6.32153
5.6862
6.05684
6.05682
5.68616
6.32145
5.6654
6.41117
5.42905
5.62075
5.6654
6.00925
6.01163
6.01164
6.00919
5.66541
5.62074
5.42901
8.7298
5.42902
6.41112
5.89064
6.07193
6.07193
5.89051
6.41115
5.429
8.7298
)
;
    }
    procBoundary2to3
    {
        type            processor;
        value           nonuniform List<scalar> 
100
(
15.1067
10.4723
12.8003
11.5553
10.7743
10.7743
11.5554
12.8004
10.4726
15.1067
10.4723
5.25129
8.4974
9.59297
9.85693
9.85703
9.59293
8.49738
5.25115
10.4725
12.8002
8.49728
10.4519
9.86468
10.3941
10.3942
9.86465
10.4519
8.49713
12.8001
11.5553
9.59299
9.86467
9.97476
10.1788
10.1789
9.97494
9.8647
9.59298
11.5554
10.7743
9.85693
10.3941
10.1788
10.4826
10.4827
10.1788
10.3941
9.85697
10.7743
10.7744
9.85708
10.3943
10.179
10.4827
10.4828
10.179
10.3943
9.8571
10.7744
11.5554
9.59292
9.86465
9.97507
10.1789
10.179
9.97519
9.86468
9.59293
11.5554
12.8004
8.49731
10.4519
9.86476
10.3942
10.3943
9.86473
10.4518
8.4972
12.8003
10.4726
5.25113
8.49717
9.59294
9.85698
9.85706
9.59293
8.4972
5.25107
10.4725
15.1067
10.4725
12.8002
11.5555
10.7744
10.7744
11.5555
12.8003
10.4725
15.1067
)
;
    }
}


// ************************************************************************* //
