/*--------------------------------*- C++ -*----------------------------------*\
| =========                 |                                                 |
| \\      /  F ield         | OpenFOAM: The Open Source CFD Toolbox           |
|  \\    /   O peration     | Version:  2412                                  |
|   \\  /    A nd           | Website:  www.openfoam.com                      |
|    \\/     M anipulation  |                                                 |
\*---------------------------------------------------------------------------*/
FoamFile
{
    version     2.0;
    format      ascii;
    arch        "LSB;label=32;scalar=64";
    class       volVectorField;
    location    "0.46";
    object      U;
}
// * * * * * * * * * * * * * * * * * * * * * * * * * * * * * * * * * * * * * //

dimensions      [0 1 -1 0 0 0 0];

internalField   nonuniform List<vector> 
1000
(
(0.12154 0.12154 1.31702)
(0.177742 0.146345 1.30193)
(0.271613 0.208564 1.26285)
(0.213784 0.250507 0.996291)
(0.00986004 0.192867 0.104501)
(-0.00985981 0.192875 0.104499)
(-0.21378 0.25051 0.996291)
(-0.271613 0.208565 1.26285)
(-0.177741 0.146344 1.30193)
(-0.12154 0.12154 1.31702)
(0.146345 0.177742 1.30193)
(0.278653 0.278653 1.34418)
(0.416403 0.319738 1.27889)
(0.413245 0.54898 0.761667)
(0.139454 0.33861 -1.01346)
(-0.139461 0.338614 -1.01345)
(-0.413255 0.548979 0.761665)
(-0.416405 0.319739 1.2789)
(-0.278653 0.278653 1.34418)
(-0.146345 0.177742 1.30193)
(0.208564 0.271613 1.26285)
(0.319738 0.416403 1.27889)
(0.553845 0.553844 1.04194)
(0.481544 0.659553 -0.052104)
(0.229465 0.425998 -1.89205)
(-0.229466 0.426 -1.89205)
(-0.481548 0.659551 -0.0521063)
(-0.553844 0.553843 1.04195)
(-0.319738 0.416403 1.27889)
(-0.208564 0.271613 1.26285)
(0.250506 0.213785 0.996292)
(0.54898 0.413243 0.761667)
(0.659553 0.481544 -0.0521038)
(0.515963 0.515964 -1.14527)
(0.270132 0.329532 -2.51045)
(-0.270131 0.329532 -2.51046)
(-0.515963 0.515962 -1.14527)
(-0.659553 0.481544 -0.0521041)
(-0.548978 0.413245 0.761669)
(-0.250506 0.213785 0.996291)
(0.192865 0.00986035 0.104501)
(0.33861 0.139453 -1.01346)
(0.425999 0.229466 -1.89205)
(0.329532 0.270132 -2.51046)
(0.21514 0.215141 -3.04305)
(-0.215139 0.215141 -3.04305)
(-0.329532 0.270132 -2.51046)
(-0.426001 0.229465 -1.89205)
(-0.338613 0.139452 -1.01346)
(-0.192867 0.00986013 0.104502)
(0.192877 -0.00985971 0.104498)
(0.338615 -0.139462 -1.01346)
(0.426001 -0.229467 -1.89205)
(0.329532 -0.270131 -2.51046)
(0.21514 -0.21514 -3.04305)
(-0.215139 -0.21514 -3.04305)
(-0.329532 -0.270131 -2.51046)
(-0.426004 -0.229466 -1.89205)
(-0.338618 -0.139461 -1.01346)
(-0.192878 -0.00985938 0.104498)
(0.250511 -0.213779 0.996291)
(0.548977 -0.413258 0.761664)
(0.65955 -0.481548 -0.0521064)
(0.515962 -0.515963 -1.14527)
(0.270131 -0.329532 -2.51046)
(-0.27013 -0.329532 -2.51046)
(-0.515961 -0.515962 -1.14527)
(-0.659551 -0.481548 -0.0521062)
(-0.548976 -0.413259 0.761666)
(-0.250511 -0.213779 0.996291)
(0.208566 -0.271613 1.26285)
(0.319738 -0.416405 1.2789)
(0.553844 -0.553843 1.04195)
(0.481545 -0.659552 -0.0521045)
(0.229464 -0.426001 -1.89205)
(-0.229465 -0.426003 -1.89204)
(-0.481547 -0.659551 -0.0521062)
(-0.553843 -0.553843 1.04195)
(-0.31974 -0.416405 1.2789)
(-0.208565 -0.271613 1.26285)
(0.146344 -0.177741 1.30193)
(0.278653 -0.278653 1.34418)
(0.416403 -0.319738 1.27889)
(0.413247 -0.548978 0.761668)
(0.139453 -0.338613 -1.01346)
(-0.139459 -0.338616 -1.01346)
(-0.413256 -0.548977 0.761666)
(-0.416404 -0.31974 1.2789)
(-0.278653 -0.278654 1.34418)
(-0.146344 -0.177741 1.30193)
(0.12154 -0.12154 1.31702)
(0.177742 -0.146344 1.30193)
(0.271613 -0.208564 1.26285)
(0.213784 -0.250507 0.996291)
(0.00985978 -0.192869 0.104501)
(-0.00985944 -0.192876 0.104499)
(-0.21378 -0.250509 0.996291)
(-0.271614 -0.208565 1.26285)
(-0.177741 -0.146344 1.30193)
(-0.12154 -0.12154 1.31702)
(0.110379 0.110379 1.17332)
(0.161496 0.132617 1.16602)
(0.245175 0.18886 1.12609)
(0.199245 0.219161 0.872356)
(0.0109674 0.176606 0.0400168)
(-0.0109678 0.176605 0.0400153)
(-0.199244 0.219163 0.872356)
(-0.245175 0.188861 1.12609)
(-0.161495 0.132617 1.16602)
(-0.110379 0.110378 1.17332)
(0.132617 0.161496 1.16602)
(0.256356 0.256356 1.2124)
(0.380338 0.296843 1.16474)
(0.37618 0.502799 0.719922)
(0.12105 0.296496 -0.943624)
(-0.121051 0.296493 -0.943621)
(-0.376186 0.502798 0.719922)
(-0.380339 0.296842 1.16474)
(-0.256356 0.256356 1.2124)
(-0.132617 0.161496 1.16602)
(0.18886 0.245175 1.12609)
(0.296842 0.380338 1.16473)
(0.508479 0.508479 0.96342)
(0.456698 0.631744 0.0295246)
(0.227985 0.379173 -1.71648)
(-0.227986 0.379173 -1.71648)
(-0.456699 0.631743 0.0295247)
(-0.508479 0.508478 0.963421)
(-0.296842 0.380338 1.16474)
(-0.18886 0.245175 1.12609)
(0.21916 0.199245 0.872357)
(0.502799 0.376179 0.719923)
(0.631744 0.456699 0.0295249)
(0.500339 0.500339 -0.95605)
(0.275576 0.302273 -2.26985)
(-0.275575 0.302273 -2.26985)
(-0.500338 0.500338 -0.956051)
(-0.631744 0.456698 0.0295249)
(-0.502797 0.376181 0.719924)
(-0.21916 0.199245 0.872357)
(0.176608 0.010968 0.0400181)
(0.296497 0.121051 -0.943627)
(0.379172 0.227986 -1.71648)
(0.302272 0.275577 -2.26985)
(0.213818 0.213818 -2.77762)
(-0.213816 0.213818 -2.77763)
(-0.302272 0.275576 -2.26985)
(-0.379172 0.227985 -1.71648)
(-0.296498 0.121054 -0.943631)
(-0.176608 0.0109686 0.0400186)
(0.176606 -0.0109681 0.0400156)
(0.296493 -0.121053 -0.943623)
(0.379172 -0.227987 -1.71648)
(0.302272 -0.275576 -2.26985)
(0.213818 -0.213817 -2.77763)
(-0.213816 -0.213817 -2.77763)
(-0.302272 -0.275575 -2.26985)
(-0.379171 -0.227986 -1.71648)
(-0.296494 -0.121054 -0.943627)
(-0.176606 -0.0109687 0.040016)
(0.219163 -0.199244 0.872356)
(0.502798 -0.376188 0.719922)
(0.631743 -0.4567 0.0295252)
(0.500337 -0.500338 -0.956051)
(0.275576 -0.302273 -2.26985)
(-0.275575 -0.302272 -2.26985)
(-0.500337 -0.500337 -0.956052)
(-0.631743 -0.456699 0.0295253)
(-0.502796 -0.376189 0.719923)
(-0.219163 -0.199244 0.872356)
(0.188861 -0.245175 1.12609)
(0.296842 -0.38034 1.16474)
(0.508478 -0.508479 0.963421)
(0.456698 -0.631744 0.0295247)
(0.227985 -0.379172 -1.71648)
(-0.227986 -0.379172 -1.71648)
(-0.456698 -0.631743 0.0295249)
(-0.508479 -0.508479 0.963421)
(-0.296843 -0.38034 1.16474)
(-0.188861 -0.245175 1.12609)
(0.132617 -0.161495 1.16602)
(0.256356 -0.256356 1.2124)
(0.380338 -0.296842 1.16474)
(0.376182 -0.502797 0.719924)
(0.121053 -0.296497 -0.943629)
(-0.121054 -0.296494 -0.943626)
(-0.376187 -0.502797 0.719923)
(-0.380339 -0.296843 1.16474)
(-0.256356 -0.256356 1.2124)
(-0.132617 -0.161495 1.16602)
(0.110378 -0.110379 1.17332)
(0.161496 -0.132617 1.16602)
(0.245175 -0.18886 1.12609)
(0.199245 -0.21916 0.872357)
(0.0109682 -0.176607 0.0400175)
(-0.0109684 -0.176606 0.0400161)
(-0.199244 -0.219162 0.872356)
(-0.245175 -0.18886 1.12609)
(-0.161496 -0.132617 1.16602)
(-0.110378 -0.110378 1.17332)
(0.100399 0.100399 1.04342)
(0.146403 0.119792 1.04214)
(0.220787 0.16977 1.00132)
(0.182635 0.190484 0.760021)
(0.0103934 0.157526 -0.0194352)
(-0.0103938 0.157523 -0.0194356)
(-0.182636 0.190484 0.76002)
(-0.220787 0.169769 1.00133)
(-0.146402 0.119792 1.04214)
(-0.100399 0.100399 1.04342)
(0.119792 0.146403 1.04214)
(0.234619 0.234619 1.0914)
(0.346565 0.274073 1.05995)
(0.341924 0.457333 0.67381)
(0.106953 0.255557 -0.879803)
(-0.106954 0.255555 -0.879796)
(-0.341927 0.457333 0.673811)
(-0.346566 0.274072 1.05995)
(-0.234619 0.234619 1.0914)
(-0.119792 0.146403 1.04214)
(0.16977 0.220787 1.00132)
(0.274073 0.346565 1.05995)
(0.465586 0.465586 0.889664)
(0.428413 0.596419 0.0952562)
(0.224121 0.331858 -1.54701)
(-0.224122 0.331857 -1.54701)
(-0.428413 0.596418 0.0952557)
(-0.465586 0.465585 0.889664)
(-0.274072 0.346564 1.05995)
(-0.169769 0.220787 1.00132)
(0.190484 0.182635 0.760021)
(0.457334 0.341925 0.673809)
(0.596419 0.428413 0.0952561)
(0.478289 0.478289 -0.786983)
(0.274555 0.273933 -2.04477)
(-0.274554 0.273933 -2.04477)
(-0.478288 0.478288 -0.786984)
(-0.596419 0.428413 0.0952557)
(-0.457333 0.341926 0.67381)
(-0.190483 0.182636 0.760021)
(0.157527 0.0103937 -0.0194357)
(0.255558 0.106953 -0.879804)
(0.331857 0.224122 -1.54701)
(0.273933 0.274555 -2.04477)
(0.210547 0.210547 -2.5265)
(-0.210546 0.210547 -2.5265)
(-0.273933 0.274554 -2.04477)
(-0.331855 0.224121 -1.54701)
(-0.255556 0.106954 -0.879801)
(-0.157523 0.010394 -0.0194361)
(0.157523 -0.0103939 -0.0194367)
(0.255555 -0.106954 -0.879794)
(0.331857 -0.224123 -1.54701)
(0.273932 -0.274554 -2.04477)
(0.210547 -0.210546 -2.5265)
(-0.210546 -0.210546 -2.5265)
(-0.273932 -0.274554 -2.04477)
(-0.331855 -0.224122 -1.54701)
(-0.255553 -0.106955 -0.879791)
(-0.157519 -0.0103941 -0.0194372)
(0.190485 -0.182636 0.76002)
(0.457333 -0.341929 0.673812)
(0.596418 -0.428413 0.0952558)
(0.478288 -0.478288 -0.786984)
(0.274554 -0.273933 -2.04477)
(-0.274553 -0.273932 -2.04477)
(-0.478288 -0.478288 -0.786985)
(-0.596418 -0.428413 0.0952555)
(-0.457332 -0.34193 0.673812)
(-0.190484 -0.182637 0.760021)
(0.16977 -0.220787 1.00133)
(0.274072 -0.346566 1.05995)
(0.465585 -0.465586 0.889664)
(0.428413 -0.596419 0.0952559)
(0.224121 -0.331855 -1.54701)
(-0.224122 -0.331855 -1.54701)
(-0.428413 -0.596418 0.0952555)
(-0.465586 -0.465586 0.889664)
(-0.274072 -0.346565 1.05995)
(-0.169769 -0.220787 1.00133)
(0.119792 -0.146402 1.04214)
(0.234619 -0.234619 1.0914)
(0.346564 -0.274072 1.05995)
(0.341926 -0.457333 0.673811)
(0.106953 -0.255555 -0.879799)
(-0.106954 -0.255554 -0.879793)
(-0.341929 -0.457332 0.673812)
(-0.346565 -0.274072 1.05995)
(-0.234619 -0.234619 1.0914)
(-0.119792 -0.146403 1.04214)
(0.100399 -0.100399 1.04342)
(0.146403 -0.119792 1.04214)
(0.220787 -0.169769 1.00132)
(0.182636 -0.190483 0.760021)
(0.0103938 -0.157522 -0.0194359)
(-0.010394 -0.157519 -0.0194364)
(-0.182636 -0.190484 0.760021)
(-0.220787 -0.169769 1.00132)
(-0.146403 -0.119792 1.04214)
(-0.100399 -0.100399 1.04342)
(0.0912951 0.0912951 0.926134)
(0.132448 0.108091 0.929638)
(0.198537 0.151455 0.88848)
(0.16671 0.164751 0.658819)
(0.0110464 0.131995 -0.0650039)
(-0.0110472 0.131994 -0.0650034)
(-0.166711 0.164751 0.658819)
(-0.198538 0.151455 0.88848)
(-0.132448 0.108091 0.929638)
(-0.0912951 0.091295 0.926134)
(0.108091 0.132448 0.929638)
(0.213647 0.213647 0.980925)
(0.315366 0.25148 0.961433)
(0.311033 0.413357 0.627105)
(0.0967246 0.21359 -0.819029)
(-0.0967262 0.213588 -0.819023)
(-0.311033 0.413356 0.627106)
(-0.315366 0.25148 0.961433)
(-0.213647 0.213647 0.980925)
(-0.108091 0.132449 0.929638)
(0.151455 0.198537 0.88848)
(0.25148 0.315366 0.961433)
(0.425054 0.425054 0.820254)
(0.399266 0.556142 0.145815)
(0.21694 0.285016 -1.39142)
(-0.21694 0.285017 -1.39142)
(-0.399266 0.556142 0.145814)
(-0.425054 0.425054 0.820255)
(-0.25148 0.315366 0.961432)
(-0.151455 0.198537 0.88848)
(0.164751 0.166711 0.658819)
(0.413357 0.311033 0.627105)
(0.556142 0.399266 0.145815)
(0.452669 0.452669 -0.636937)
(0.268917 0.24805 -1.83863)
(-0.268916 0.24805 -1.83863)
(-0.452668 0.452669 -0.636938)
(-0.556142 0.399265 0.145814)
(-0.413357 0.311033 0.627105)
(-0.164751 0.166711 0.65882)
(0.131996 0.0110465 -0.065004)
(0.21359 0.0967247 -0.81903)
(0.285016 0.21694 -1.39142)
(0.24805 0.268917 -1.83863)
(0.205309 0.205309 -2.29066)
(-0.205307 0.205309 -2.29066)
(-0.24805 0.268917 -1.83863)
(-0.285015 0.21694 -1.39142)
(-0.213589 0.0967245 -0.81903)
(-0.131996 0.0110465 -0.0650015)
(0.131994 -0.0110474 -0.0650035)
(0.213588 -0.0967267 -0.819022)
(0.285017 -0.21694 -1.39142)
(0.24805 -0.268916 -1.83863)
(0.205309 -0.205308 -2.29066)
(-0.205307 -0.205308 -2.29066)
(-0.24805 -0.268916 -1.83864)
(-0.285016 -0.21694 -1.39143)
(-0.213587 -0.0967262 -0.819023)
(-0.131994 -0.0110473 -0.0650011)
(0.164751 -0.166711 0.658819)
(0.413356 -0.311033 0.627106)
(0.556142 -0.399266 0.145814)
(0.452669 -0.452669 -0.636938)
(0.268917 -0.24805 -1.83863)
(-0.268916 -0.24805 -1.83864)
(-0.452668 -0.452668 -0.636939)
(-0.556142 -0.399265 0.145814)
(-0.413356 -0.311033 0.627107)
(-0.16475 -0.166712 0.658819)
(0.151455 -0.198538 0.88848)
(0.25148 -0.315366 0.961432)
(0.425054 -0.425054 0.820255)
(0.399265 -0.556142 0.145814)
(0.21694 -0.285015 -1.39142)
(-0.21694 -0.285016 -1.39142)
(-0.399265 -0.556142 0.145814)
(-0.425054 -0.425054 0.820254)
(-0.251479 -0.315366 0.961432)
(-0.151455 -0.198537 0.88848)
(0.108091 -0.132448 0.929638)
(0.213647 -0.213647 0.980925)
(0.315366 -0.25148 0.961432)
(0.311033 -0.413357 0.627105)
(0.0967244 -0.213588 -0.819029)
(-0.0967257 -0.213587 -0.819024)
(-0.311033 -0.413356 0.627106)
(-0.315366 -0.251479 0.961432)
(-0.213647 -0.213647 0.980925)
(-0.108091 -0.132448 0.929638)
(0.091295 -0.091295 0.926134)
(0.132448 -0.108091 0.929638)
(0.198537 -0.151455 0.88848)
(0.166711 -0.16475 0.65882)
(0.0110464 -0.131995 -0.0650013)
(-0.0110471 -0.131994 -0.0650009)
(-0.166712 -0.16475 0.658819)
(-0.198537 -0.151455 0.88848)
(-0.132448 -0.108091 0.929638)
(-0.0912949 -0.0912949 0.926134)
(0.0828795 0.0828795 0.820321)
(0.119741 0.0976181 0.827767)
(0.178359 0.134342 0.786697)
(0.152751 0.141347 0.567913)
(0.0121795 0.115717 -0.0971884)
(-0.0121804 0.115716 -0.0971878)
(-0.152752 0.141347 0.567913)
(-0.178359 0.134342 0.786697)
(-0.119741 0.0976178 0.827767)
(-0.0828794 0.0828793 0.820322)
(0.0976181 0.119741 0.827767)
(0.193827 0.193827 0.880094)
(0.286711 0.229099 0.871487)
(0.281871 0.371699 0.579705)
(0.0875685 0.171821 -0.762317)
(-0.0875697 0.17182 -0.762313)
(-0.28187 0.371699 0.579706)
(-0.286711 0.229099 0.871487)
(-0.193827 0.193827 0.880094)
(-0.0976179 0.119741 0.827767)
(0.134342 0.178359 0.786697)
(0.229099 0.286711 0.871487)
(0.386922 0.386922 0.755003)
(0.369627 0.514101 0.182669)
(0.206842 0.241871 -1.25081)
(-0.206842 0.241872 -1.25081)
(-0.369627 0.5141 0.182669)
(-0.386922 0.386922 0.755003)
(-0.229099 0.286711 0.871486)
(-0.134342 0.178359 0.786697)
(0.141347 0.152751 0.567913)
(0.371699 0.281872 0.579705)
(0.5141 0.369627 0.182669)
(0.424064 0.424064 -0.50746)
(0.2621 0.228028 -1.65182)
(-0.262099 0.228028 -1.65182)
(-0.424063 0.424063 -0.507461)
(-0.5141 0.369627 0.182668)
(-0.3717 0.281871 0.579705)
(-0.141347 0.152751 0.567914)
(0.115718 0.0121796 -0.0971887)
(0.171821 0.0875683 -0.762318)
(0.241871 0.206843 -1.25081)
(0.228028 0.2621 -1.65182)
(0.197978 0.197978 -2.06932)
(-0.197977 0.197978 -2.06932)
(-0.228028 0.262099 -1.65182)
(-0.241871 0.206843 -1.25081)
(-0.17182 0.0875676 -0.762317)
(-0.115719 0.0121791 -0.0971871)
(0.115716 -0.0121805 -0.097188)
(0.171819 -0.0875698 -0.762312)
(0.241872 -0.206842 -1.25081)
(0.228028 -0.262099 -1.65182)
(0.197978 -0.197977 -2.06932)
(-0.197977 -0.197977 -2.06932)
(-0.228028 -0.262099 -1.65182)
(-0.241873 -0.206842 -1.25081)
(-0.171818 -0.0875689 -0.762311)
(-0.115718 -0.0121799 -0.0971865)
(0.141347 -0.152752 0.567913)
(0.371699 -0.28187 0.579706)
(0.5141 -0.369627 0.182669)
(0.424063 -0.424063 -0.507461)
(0.262099 -0.228028 -1.65182)
(-0.262099 -0.228028 -1.65182)
(-0.424063 -0.424063 -0.507461)
(-0.5141 -0.369626 0.182668)
(-0.371699 -0.281869 0.579706)
(-0.141346 -0.152751 0.567914)
(0.134342 -0.178359 0.786697)
(0.229099 -0.286711 0.871486)
(0.386922 -0.386922 0.755003)
(0.369627 -0.5141 0.182668)
(0.206842 -0.241871 -1.25081)
(-0.206842 -0.241872 -1.25081)
(-0.369626 -0.5141 0.182668)
(-0.386921 -0.386921 0.755003)
(-0.229099 -0.28671 0.871486)
(-0.134342 -0.178359 0.786697)
(0.0976178 -0.119741 0.827767)
(0.193827 -0.193827 0.880094)
(0.286711 -0.229099 0.871486)
(0.28187 -0.3717 0.579705)
(0.0875678 -0.17182 -0.762316)
(-0.0875688 -0.171819 -0.762312)
(-0.281869 -0.371699 0.579706)
(-0.286711 -0.229098 0.871486)
(-0.193827 -0.193827 0.880094)
(-0.0976177 -0.119741 0.827767)
(0.0828793 -0.0828793 0.820321)
(0.119741 -0.0976178 0.827767)
(0.178359 -0.134342 0.786697)
(0.152751 -0.141347 0.567914)
(0.0121791 -0.115719 -0.0971869)
(-0.0121798 -0.115718 -0.0971864)
(-0.152751 -0.141346 0.567914)
(-0.178359 -0.134341 0.786697)
(-0.119741 -0.0976176 0.827767)
(-0.0828792 -0.0828792 0.820321)
(0.0750285 0.0750285 0.724849)
(0.108284 0.0881672 0.735709)
(0.160271 0.118686 0.694954)
(0.140591 0.120257 0.487001)
(0.0134043 0.103819 -0.120672)
(-0.0134049 0.103818 -0.120671)
(-0.140591 0.120256 0.487001)
(-0.160271 0.118686 0.694954)
(-0.108284 0.0881671 0.735709)
(-0.0750284 0.0750284 0.724849)
(0.0881672 0.108284 0.735709)
(0.175225 0.175225 0.788031)
(0.260685 0.207351 0.788668)
(0.254942 0.332685 0.533206)
(0.0809802 0.1388 -0.70663)
(-0.0809815 0.138801 -0.706628)
(-0.254941 0.332685 0.533207)
(-0.260684 0.207351 0.788669)
(-0.175225 0.175225 0.788031)
(-0.0881671 0.108284 0.735709)
(0.118686 0.160271 0.694954)
(0.207351 0.260685 0.788668)
(0.351398 0.351398 0.693282)
(0.339643 0.470326 0.212824)
(0.19635 0.206208 -1.1252)
(-0.19635 0.206209 -1.1252)
(-0.339642 0.470326 0.212824)
(-0.351397 0.351397 0.693282)
(-0.207351 0.260684 0.788668)
(-0.118686 0.160271 0.694954)
(0.120257 0.140591 0.487001)
(0.332685 0.254942 0.533206)
(0.470326 0.339643 0.212824)
(0.396549 0.39655 -0.390159)
(0.257031 0.214181 -1.47891)
(-0.25703 0.21418 -1.47891)
(-0.396549 0.396549 -0.39016)
(-0.470326 0.339643 0.212824)
(-0.332686 0.254941 0.533206)
(-0.120257 0.140591 0.487002)
(0.103819 0.0134043 -0.120672)
(0.138799 0.0809799 -0.706631)
(0.206208 0.19635 -1.1252)
(0.214181 0.257031 -1.47891)
(0.189779 0.189779 -1.86041)
(-0.189778 0.189779 -1.86041)
(-0.21418 0.257031 -1.47891)
(-0.206209 0.19635 -1.1252)
(-0.1388 0.0809798 -0.70663)
(-0.10382 0.0134041 -0.120671)
(0.103818 -0.013405 -0.120671)
(0.138801 -0.0809818 -0.706628)
(0.206209 -0.19635 -1.1252)
(0.21418 -0.25703 -1.47891)
(0.189779 -0.189778 -1.86041)
(-0.189778 -0.189778 -1.86041)
(-0.21418 -0.25703 -1.47891)
(-0.20621 -0.19635 -1.1252)
(-0.138802 -0.0809815 -0.706628)
(-0.103818 -0.0134046 -0.12067)
(0.120256 -0.140591 0.487001)
(0.332685 -0.254941 0.533207)
(0.470326 -0.339642 0.212824)
(0.396549 -0.396549 -0.39016)
(0.257031 -0.21418 -1.47891)
(-0.25703 -0.21418 -1.47891)
(-0.396549 -0.396549 -0.39016)
(-0.470326 -0.339642 0.212824)
(-0.332685 -0.25494 0.533207)
(-0.120256 -0.140591 0.487002)
(0.118686 -0.160271 0.694954)
(0.207351 -0.260684 0.788668)
(0.351397 -0.351397 0.693282)
(0.339642 -0.470326 0.212824)
(0.19635 -0.206209 -1.1252)
(-0.19635 -0.206209 -1.1252)
(-0.339642 -0.470326 0.212824)
(-0.351397 -0.351397 0.693282)
(-0.207351 -0.260684 0.788668)
(-0.118686 -0.160271 0.694954)
(0.0881671 -0.108284 0.735709)
(0.175225 -0.175225 0.788031)
(0.260684 -0.207351 0.788668)
(0.254941 -0.332686 0.533206)
(0.0809801 -0.1388 -0.70663)
(-0.0809812 -0.138801 -0.706628)
(-0.25494 -0.332685 0.533207)
(-0.260684 -0.207351 0.788668)
(-0.175225 -0.175225 0.788031)
(-0.088167 -0.108284 0.735709)
(0.0750284 -0.0750284 0.724849)
(0.108284 -0.0881671 0.735709)
(0.160271 -0.118686 0.694954)
(0.140591 -0.120256 0.487002)
(0.0134041 -0.103819 -0.120671)
(-0.0134045 -0.103819 -0.12067)
(-0.140591 -0.120256 0.487002)
(-0.160271 -0.118686 0.694954)
(-0.108284 -0.088167 0.735709)
(-0.0750283 -0.0750283 0.724849)
(0.0676923 0.0676924 0.638719)
(0.098002 0.0794874 0.652626)
(0.144293 0.104567 0.612438)
(0.130216 0.101351 0.415577)
(0.0152851 0.0917439 -0.136803)
(-0.0152856 0.0917435 -0.136802)
(-0.130216 0.101351 0.415577)
(-0.144293 0.104567 0.612438)
(-0.0980021 0.0794873 0.652627)
(-0.0676923 0.0676923 0.638719)
(0.0794874 0.0980021 0.652626)
(0.158092 0.158092 0.70401)
(0.236914 0.186678 0.712637)
(0.231683 0.295778 0.488584)
(0.0777235 0.113674 -0.653291)
(-0.0777241 0.113675 -0.65329)
(-0.231682 0.295778 0.488585)
(-0.236914 0.186677 0.712637)
(-0.158092 0.158092 0.70401)
(-0.0794873 0.0980019 0.652627)
(0.104567 0.144293 0.612437)
(0.186677 0.236914 0.712637)
(0.318024 0.318024 0.635347)
(0.310307 0.425126 0.232111)
(0.187681 0.176741 -1.01463)
(-0.187681 0.176741 -1.01463)
(-0.310307 0.425126 0.232111)
(-0.318024 0.318024 0.635348)
(-0.186677 0.236914 0.712637)
(-0.104567 0.144293 0.612438)
(0.101351 0.130216 0.415577)
(0.295778 0.231683 0.488584)
(0.425126 0.310307 0.232111)
(0.370462 0.370462 -0.300926)
(0.250963 0.203747 -1.3196)
(-0.250963 0.203747 -1.3196)
(-0.370462 0.370462 -0.300925)
(-0.425126 0.310307 0.232111)
(-0.295779 0.231682 0.488584)
(-0.101351 0.130215 0.415577)
(0.091744 0.0152851 -0.136803)
(0.113674 0.0777233 -0.653291)
(0.176741 0.187681 -1.01463)
(0.203747 0.250963 -1.3196)
(0.182024 0.182024 -1.66205)
(-0.182023 0.182024 -1.66205)
(-0.203747 0.250963 -1.3196)
(-0.176741 0.187681 -1.01463)
(-0.113675 0.0777237 -0.653291)
(-0.0917442 0.015285 -0.136802)
(0.0917435 -0.0152856 -0.136802)
(0.113675 -0.0777242 -0.65329)
(0.176741 -0.187681 -1.01463)
(0.203747 -0.250963 -1.3196)
(0.182024 -0.182023 -1.66205)
(-0.182023 -0.182023 -1.66205)
(-0.203747 -0.250963 -1.31961)
(-0.176741 -0.187681 -1.01463)
(-0.113676 -0.0777244 -0.65329)
(-0.0917437 -0.0152854 -0.136801)
(0.101351 -0.130216 0.415577)
(0.295778 -0.231682 0.488585)
(0.425126 -0.310307 0.232111)
(0.370462 -0.370462 -0.300925)
(0.250963 -0.203747 -1.3196)
(-0.250963 -0.203747 -1.31961)
(-0.370461 -0.370461 -0.300925)
(-0.425126 -0.310307 0.232111)
(-0.295779 -0.231682 0.488585)
(-0.101351 -0.130215 0.415578)
(0.104567 -0.144293 0.612438)
(0.186677 -0.236914 0.712637)
(0.318024 -0.318024 0.635348)
(0.310307 -0.425126 0.232111)
(0.187681 -0.176741 -1.01463)
(-0.187681 -0.176741 -1.01463)
(-0.310307 -0.425126 0.232111)
(-0.318024 -0.318024 0.635348)
(-0.186677 -0.236914 0.712637)
(-0.104567 -0.144293 0.612438)
(0.0794872 -0.0980021 0.652627)
(0.158092 -0.158092 0.70401)
(0.236914 -0.186677 0.712637)
(0.231682 -0.295779 0.488584)
(0.0777238 -0.113675 -0.653291)
(-0.0777243 -0.113675 -0.65329)
(-0.231682 -0.295779 0.488585)
(-0.236914 -0.186677 0.712637)
(-0.158092 -0.158092 0.70401)
(-0.0794872 -0.0980019 0.652627)
(0.0676923 -0.0676923 0.638719)
(0.0980019 -0.0794873 0.652627)
(0.144293 -0.104567 0.612438)
(0.130215 -0.101351 0.415577)
(0.015285 -0.0917442 -0.136802)
(-0.0152854 -0.0917439 -0.136801)
(-0.130215 -0.101351 0.415578)
(-0.144293 -0.104567 0.612438)
(-0.098002 -0.0794872 0.652627)
(-0.0676923 -0.0676922 0.638719)
(0.0608524 0.0608524 0.56102)
(0.0888386 0.0715381 0.577615)
(0.130358 0.0919768 0.538008)
(0.121669 0.0847595 0.352944)
(0.0174887 0.0829241 -0.146238)
(-0.0174891 0.082924 -0.146238)
(-0.121669 0.0847593 0.352944)
(-0.130358 0.0919768 0.538008)
(-0.0888387 0.0715381 0.577615)
(-0.0608523 0.0608524 0.56102)
(0.0715381 0.0888386 0.577615)
(0.142657 0.142657 0.627341)
(0.21522 0.167545 0.64262)
(0.213304 0.261822 0.445556)
(0.0768404 0.0922114 -0.600919)
(-0.0768408 0.0922117 -0.600918)
(-0.213304 0.261822 0.445557)
(-0.21522 0.167544 0.64262)
(-0.142657 0.142656 0.627341)
(-0.0715381 0.0888385 0.577615)
(0.0919768 0.130358 0.538008)
(0.167545 0.21522 0.64262)
(0.287142 0.287142 0.581314)
(0.283072 0.383579 0.243093)
(0.182501 0.156286 -0.915054)
(-0.182501 0.156287 -0.915054)
(-0.283072 0.383579 0.243093)
(-0.287142 0.287142 0.581314)
(-0.167545 0.21522 0.64262)
(-0.0919768 0.130358 0.538008)
(0.0847595 0.121669 0.352944)
(0.261822 0.213305 0.445556)
(0.383579 0.283072 0.243093)
(0.343618 0.343618 -0.228431)
(0.241315 0.192501 -1.17423)
(-0.241315 0.192501 -1.17423)
(-0.343618 0.343618 -0.228431)
(-0.383579 0.283072 0.243094)
(-0.261822 0.213305 0.445557)
(-0.0847597 0.121668 0.352944)
(0.0829241 0.0174887 -0.146239)
(0.0922114 0.0768404 -0.600919)
(0.156286 0.182501 -0.915054)
(0.192501 0.241315 -1.17423)
(0.173362 0.173362 -1.47327)
(-0.173362 0.173362 -1.47327)
(-0.192501 0.241315 -1.17423)
(-0.156287 0.182502 -0.915054)
(-0.0922114 0.0768407 -0.600918)
(-0.0829245 0.0174888 -0.146238)
(0.082924 -0.0174891 -0.146238)
(0.0922117 -0.0768409 -0.600918)
(0.156287 -0.182502 -0.915054)
(0.192501 -0.241315 -1.17423)
(0.173362 -0.173362 -1.47327)
(-0.173362 -0.173362 -1.47327)
(-0.192501 -0.241315 -1.17423)
(-0.156287 -0.182502 -0.915054)
(-0.0922116 -0.0768411 -0.600917)
(-0.0829243 -0.0174891 -0.146238)
(0.0847593 -0.121669 0.352944)
(0.261822 -0.213304 0.445557)
(0.383579 -0.283072 0.243093)
(0.343618 -0.343618 -0.228431)
(0.241315 -0.192501 -1.17423)
(-0.241315 -0.192501 -1.17423)
(-0.343618 -0.343618 -0.228432)
(-0.383579 -0.283072 0.243093)
(-0.261822 -0.213305 0.445557)
(-0.0847596 -0.121668 0.352945)
(0.0919768 -0.130358 0.538008)
(0.167544 -0.21522 0.64262)
(0.287142 -0.287142 0.581314)
(0.283072 -0.383579 0.243094)
(0.182502 -0.156287 -0.915054)
(-0.182502 -0.156287 -0.915054)
(-0.283072 -0.383579 0.243093)
(-0.287142 -0.287142 0.581314)
(-0.167544 -0.21522 0.64262)
(-0.0919768 -0.130358 0.538008)
(0.0715381 -0.0888387 0.577615)
(0.142656 -0.142657 0.627341)
(0.21522 -0.167545 0.64262)
(0.213305 -0.261822 0.445557)
(0.0768408 -0.0922114 -0.600918)
(-0.076841 -0.0922116 -0.600917)
(-0.213305 -0.261822 0.445557)
(-0.21522 -0.167544 0.64262)
(-0.142656 -0.142656 0.627342)
(-0.071538 -0.0888385 0.577616)
(0.0608524 -0.0608523 0.56102)
(0.0888385 -0.0715381 0.577615)
(0.130358 -0.0919768 0.538008)
(0.121668 -0.0847597 0.352944)
(0.0174887 -0.0829245 -0.146238)
(-0.0174891 -0.0829244 -0.146237)
(-0.121668 -0.0847596 0.352945)
(-0.130358 -0.0919768 0.538008)
(-0.0888385 -0.071538 0.577616)
(-0.0608523 -0.0608523 0.56102)
(0.0544699 0.0544699 0.49092)
(0.0807506 0.0643575 0.50972)
(0.118258 0.080839 0.470742)
(0.114512 0.0706191 0.298254)
(0.0197675 0.0760153 -0.151054)
(-0.0197679 0.0760152 -0.151053)
(-0.114512 0.0706191 0.298255)
(-0.118258 0.080839 0.470742)
(-0.0807507 0.0643574 0.509721)
(-0.0544699 0.0544699 0.49092)
(0.0643575 0.0807506 0.50972)
(0.128999 0.128999 0.557431)
(0.195442 0.150447 0.577509)
(0.19864 0.231816 0.403934)
(0.0759622 0.0753268 -0.548556)
(-0.0759624 0.075327 -0.548555)
(-0.19864 0.231816 0.403934)
(-0.195441 0.150447 0.577509)
(-0.128999 0.128999 0.557431)
(-0.0643575 0.0807506 0.509721)
(0.080839 0.118258 0.470742)
(0.150447 0.195442 0.577509)
(0.259622 0.259622 0.530374)
(0.258651 0.34682 0.245786)
(0.179216 0.141035 -0.82765)
(-0.179216 0.141036 -0.82765)
(-0.258651 0.34682 0.245786)
(-0.259622 0.259623 0.530375)
(-0.150447 0.195442 0.577509)
(-0.080839 0.118258 0.470742)
(0.0706191 0.114512 0.298254)
(0.231816 0.19864 0.403934)
(0.34682 0.258651 0.245786)
(0.318424 0.318424 -0.166748)
(0.231533 0.177575 -1.03952)
(-0.231533 0.177575 -1.03952)
(-0.318424 0.318424 -0.166748)
(-0.34682 0.258651 0.245786)
(-0.231816 0.19864 0.403934)
(-0.0706193 0.114512 0.298255)
(0.0760153 0.0197675 -0.151054)
(0.0753267 0.0759621 -0.548556)
(0.141035 0.179216 -0.82765)
(0.177575 0.231533 -1.03952)
(0.159888 0.159888 -1.29238)
(-0.159888 0.159888 -1.29238)
(-0.177575 0.231533 -1.03952)
(-0.141035 0.179216 -0.82765)
(-0.0753267 0.0759622 -0.548556)
(-0.0760154 0.0197676 -0.151054)
(0.0760152 -0.0197679 -0.151053)
(0.0753269 -0.0759625 -0.548555)
(0.141035 -0.179216 -0.82765)
(0.177575 -0.231533 -1.03952)
(0.159888 -0.159888 -1.29238)
(-0.159888 -0.159888 -1.29238)
(-0.177575 -0.231533 -1.03952)
(-0.141036 -0.179216 -0.82765)
(-0.0753268 -0.0759626 -0.548555)
(-0.0760153 -0.0197679 -0.151053)
(0.070619 -0.114512 0.298255)
(0.231816 -0.19864 0.403934)
(0.34682 -0.258651 0.245786)
(0.318424 -0.318424 -0.166748)
(0.231533 -0.177575 -1.03952)
(-0.231533 -0.177575 -1.03952)
(-0.318424 -0.318424 -0.166749)
(-0.34682 -0.258651 0.245786)
(-0.231816 -0.19864 0.403935)
(-0.0706192 -0.114512 0.298255)
(0.080839 -0.118258 0.470742)
(0.150447 -0.195441 0.577509)
(0.259623 -0.259622 0.530375)
(0.258651 -0.34682 0.245786)
(0.179216 -0.141035 -0.82765)
(-0.179216 -0.141036 -0.82765)
(-0.258651 -0.34682 0.245786)
(-0.259622 -0.259622 0.530375)
(-0.150447 -0.195441 0.577509)
(-0.080839 -0.118258 0.470742)
(0.0643574 -0.0807507 0.509721)
(0.128999 -0.128999 0.557431)
(0.195442 -0.150447 0.577509)
(0.19864 -0.231816 0.403934)
(0.0759623 -0.0753267 -0.548556)
(-0.0759625 -0.0753269 -0.548555)
(-0.19864 -0.231816 0.403935)
(-0.195442 -0.150447 0.577509)
(-0.128999 -0.128999 0.557431)
(-0.0643574 -0.0807506 0.509721)
(0.0544699 -0.0544699 0.49092)
(0.0807505 -0.0643575 0.509721)
(0.118257 -0.080839 0.470742)
(0.114512 -0.0706193 0.298255)
(0.0197677 -0.0760154 -0.151053)
(-0.0197679 -0.0760153 -0.151053)
(-0.114512 -0.0706192 0.298255)
(-0.118258 -0.080839 0.470742)
(-0.0807506 -0.0643574 0.509721)
(-0.0544699 -0.0544699 0.49092)
(0.0484685 0.0484685 0.42762)
(0.0736502 0.0578984 0.447983)
(0.10767 0.0709751 0.409688)
(0.108132 0.0587777 0.250293)
(0.0223662 0.066666 -0.151609)
(-0.0223665 0.0666659 -0.151609)
(-0.108132 0.0587776 0.250294)
(-0.10767 0.0709751 0.409688)
(-0.0736502 0.0578983 0.447983)
(-0.0484685 0.0484685 0.42762)
(0.0578984 0.0736502 0.447983)
(0.117002 0.117002 0.493676)
(0.177504 0.135592 0.516454)
(0.18537 0.205955 0.363133)
(0.0734919 0.0635014 -0.499859)
(-0.0734921 0.0635015 -0.499858)
(-0.18537 0.205956 0.363133)
(-0.177504 0.135592 0.516455)
(-0.117002 0.117002 0.493676)
(-0.0578984 0.0736502 0.447983)
(0.0709751 0.10767 0.409688)
(0.135592 0.177504 0.516454)
(0.235672 0.235672 0.482785)
(0.238181 0.31261 0.241672)
(0.17666 0.129085 -0.744381)
(-0.17666 0.129085 -0.744381)
(-0.238181 0.31261 0.241671)
(-0.235672 0.235672 0.482785)
(-0.135592 0.177504 0.516455)
(-0.0709751 0.10767 0.409688)
(0.0587777 0.108132 0.250293)
(0.205955 0.18537 0.363133)
(0.31261 0.238181 0.241672)
(0.296359 0.296359 -0.118612)
(0.222903 0.159788 -0.911461)
(-0.222903 0.159788 -0.911462)
(-0.296359 0.296359 -0.118612)
(-0.31261 0.238181 0.241672)
(-0.205955 0.18537 0.363133)
(-0.0587777 0.108132 0.250294)
(0.066666 0.0223662 -0.151609)
(0.0635013 0.0734919 -0.499859)
(0.129085 0.17666 -0.744381)
(0.159788 0.222903 -0.911461)
(0.144579 0.144579 -1.13275)
(-0.144579 0.144579 -1.13275)
(-0.159788 0.222904 -0.911462)
(-0.129085 0.17666 -0.744381)
(-0.0635014 0.0734919 -0.499858)
(-0.0666659 0.0223664 -0.151609)
(0.0666659 -0.0223666 -0.151609)
(0.0635015 -0.0734922 -0.499858)
(0.129085 -0.176661 -0.744381)
(0.159788 -0.222903 -0.911462)
(0.144579 -0.144579 -1.13275)
(-0.144579 -0.144579 -1.13275)
(-0.159788 -0.222903 -0.911462)
(-0.129085 -0.176661 -0.744381)
(-0.0635016 -0.0734922 -0.499858)
(-0.0666658 -0.0223666 -0.151609)
(0.0587776 -0.108132 0.250294)
(0.205956 -0.18537 0.363133)
(0.31261 -0.238181 0.241671)
(0.296359 -0.296359 -0.118612)
(0.222903 -0.159788 -0.911462)
(-0.222903 -0.159788 -0.911462)
(-0.296359 -0.296359 -0.118612)
(-0.31261 -0.238181 0.241672)
(-0.205956 -0.18537 0.363133)
(-0.0587777 -0.108132 0.250294)
(0.0709751 -0.10767 0.409688)
(0.135592 -0.177504 0.516455)
(0.235672 -0.235672 0.482785)
(0.238181 -0.31261 0.241672)
(0.176661 -0.129085 -0.744381)
(-0.176661 -0.129085 -0.74438)
(-0.238181 -0.31261 0.241672)
(-0.235672 -0.235672 0.482785)
(-0.135592 -0.177504 0.516455)
(-0.0709751 -0.10767 0.409688)
(0.0578983 -0.0736502 0.447983)
(0.117002 -0.117002 0.493676)
(0.177504 -0.135592 0.516455)
(0.18537 -0.205955 0.363133)
(0.073492 -0.0635014 -0.499858)
(-0.0734922 -0.0635016 -0.499858)
(-0.18537 -0.205956 0.363133)
(-0.177504 -0.135592 0.516455)
(-0.117002 -0.117002 0.493676)
(-0.0578983 -0.0736502 0.447983)
(0.0484685 -0.0484685 0.42762)
(0.0736501 -0.0578984 0.447983)
(0.10767 -0.0709751 0.409688)
(0.108132 -0.0587777 0.250294)
(0.0223664 -0.0666659 -0.151609)
(-0.0223666 -0.0666659 -0.151609)
(-0.108132 -0.0587777 0.250294)
(-0.10767 -0.0709751 0.409688)
(-0.0736502 -0.0578983 0.447983)
(-0.0484685 -0.0484685 0.42762)
)
;

boundaryField
{
    bottom
    {
        type            noSlip;
    }
    atmosphere
    {
        type            pressureInletOutletVelocity;
        value           nonuniform List<vector> 0();
    }
    walls
    {
        type            noSlip;
    }
    procBoundary0to1
    {
        type            processor;
        value           nonuniform List<vector> 
100
(
(0.0427656 0.0427656 0.370552)
(0.0674381 0.0520438 0.391671)
(0.0982775 0.0621245 0.354152)
(0.102383 0.0488931 0.207893)
(0.0255544 0.0545549 -0.147919)
(-0.0255547 0.0545549 -0.147919)
(-0.102383 0.0488931 0.207894)
(-0.0982776 0.0621245 0.354152)
(-0.0674381 0.0520438 0.391671)
(-0.0427656 0.0427656 0.370552)
(0.0520438 0.0674381 0.391671)
(0.106375 0.106375 0.435547)
(0.16155 0.12269 0.459138)
(0.172535 0.183308 0.324984)
(0.07133 0.0575196 -0.454472)
(-0.0713303 0.0575197 -0.454472)
(-0.172535 0.183308 0.324984)
(-0.16155 0.12269 0.459138)
(-0.106375 0.106375 0.435547)
(-0.0520438 0.0674381 0.391671)
(0.0621245 0.0982775 0.354152)
(0.12269 0.16155 0.459138)
(0.214519 0.214519 0.436974)
(0.22194 0.27822 0.232062)
(0.172607 0.117003 -0.663452)
(-0.172607 0.117003 -0.663452)
(-0.221941 0.27822 0.232062)
(-0.214519 0.214519 0.436974)
(-0.12269 0.16155 0.459139)
(-0.0621245 0.0982775 0.354152)
(0.0488931 0.102383 0.207893)
(0.183308 0.172535 0.324984)
(0.27822 0.22194 0.232062)
(0.277867 0.277867 -0.0849405)
(0.210592 0.142424 -0.790001)
(-0.210592 0.142424 -0.790001)
(-0.277867 0.277867 -0.0849405)
(-0.27822 0.22194 0.232062)
(-0.183308 0.172535 0.324984)
(-0.0488931 0.102383 0.207893)
(0.054555 0.0255544 -0.147919)
(0.0575196 0.07133 -0.454472)
(0.117003 0.172607 -0.663452)
(0.142424 0.210592 -0.79)
(0.133533 0.133533 -0.987753)
(-0.133533 0.133533 -0.987753)
(-0.142424 0.210592 -0.790001)
(-0.117003 0.172607 -0.663452)
(-0.0575197 0.07133 -0.454472)
(-0.0545549 0.0255545 -0.147919)
(0.0545549 -0.0255547 -0.147919)
(0.0575197 -0.0713303 -0.454472)
(0.117003 -0.172607 -0.663452)
(0.142424 -0.210592 -0.790001)
(0.133533 -0.133533 -0.987753)
(-0.133533 -0.133533 -0.987753)
(-0.142424 -0.210592 -0.790001)
(-0.117003 -0.172607 -0.663452)
(-0.0575198 -0.0713303 -0.454471)
(-0.0545548 -0.0255547 -0.147919)
(0.0488931 -0.102383 0.207894)
(0.183308 -0.172535 0.324984)
(0.27822 -0.22194 0.232062)
(0.277867 -0.277867 -0.0849406)
(0.210592 -0.142424 -0.790001)
(-0.210592 -0.142424 -0.790001)
(-0.277867 -0.277867 -0.0849406)
(-0.27822 -0.22194 0.232062)
(-0.183308 -0.172535 0.324984)
(-0.0488931 -0.102383 0.207894)
(0.0621245 -0.0982776 0.354152)
(0.12269 -0.16155 0.459138)
(0.214519 -0.214519 0.436974)
(0.22194 -0.27822 0.232062)
(0.172607 -0.117003 -0.663452)
(-0.172607 -0.117003 -0.663451)
(-0.221941 -0.27822 0.232062)
(-0.214519 -0.214519 0.436974)
(-0.12269 -0.16155 0.459139)
(-0.0621245 -0.0982776 0.354152)
(0.0520438 -0.0674381 0.391671)
(0.106375 -0.106375 0.435547)
(0.16155 -0.12269 0.459139)
(0.172535 -0.183308 0.324984)
(0.0713301 -0.0575197 -0.454472)
(-0.0713302 -0.0575199 -0.454471)
(-0.172535 -0.183308 0.324984)
(-0.16155 -0.12269 0.459139)
(-0.106375 -0.106375 0.435547)
(-0.0520438 -0.0674381 0.391671)
(0.0427656 -0.0427656 0.370552)
(0.0674381 -0.0520438 0.391671)
(0.0982775 -0.0621245 0.354152)
(0.102383 -0.0488931 0.207893)
(0.0255545 -0.0545549 -0.147919)
(-0.0255547 -0.0545548 -0.147919)
(-0.102383 -0.0488931 0.207894)
(-0.0982776 -0.0621245 0.354152)
(-0.0674381 -0.0520438 0.391671)
(-0.0427656 -0.0427656 0.370552)
)
;
    }
    procBoundary0to2
    {
        type            processor;
        value           nonuniform List<vector> 
100
(
(0.134635 0.134635 1.47601)
(0.195506 0.160874 1.45037)
(0.299981 0.228209 1.41137)
(0.226775 0.282989 1.13029)
(0.00639645 0.22264 0.185851)
(-0.00639708 0.222676 0.185855)
(-0.226769 0.282991 1.13029)
(-0.299982 0.22821 1.41137)
(-0.195505 0.160873 1.45037)
(-0.134635 0.134634 1.47601)
(0.160874 0.195507 1.45037)
(0.301234 0.301234 1.48695)
(0.454188 0.342299 1.40242)
(0.450713 0.592361 0.797268)
(0.159307 0.382273 -1.09006)
(-0.159317 0.382284 -1.09006)
(-0.450726 0.59236 0.797265)
(-0.454189 0.342301 1.40243)
(-0.301234 0.301234 1.48695)
(-0.160874 0.195507 1.45037)
(0.22821 0.299981 1.41137)
(0.342299 0.454188 1.40242)
(0.600119 0.600118 1.12479)
(0.504165 0.677224 -0.156587)
(0.231187 0.469706 -2.07703)
(-0.23119 0.469709 -2.07704)
(-0.504176 0.67722 -0.156587)
(-0.600118 0.600118 1.1248)
(-0.3423 0.454189 1.40242)
(-0.22821 0.299982 1.41137)
(0.282989 0.226777 1.13029)
(0.59236 0.45071 0.797268)
(0.677224 0.504162 -0.156586)
(0.52225 0.522251 -1.35648)
(0.258476 0.352171 -2.76296)
(-0.258475 0.35217 -2.76297)
(-0.522251 0.52225 -1.35649)
(-0.677224 0.504164 -0.156585)
(-0.592359 0.450716 0.797268)
(-0.28299 0.226776 1.13029)
(0.222634 0.00639637 0.185851)
(0.38227 0.159306 -1.09006)
(0.469705 0.231188 -2.07704)
(0.35217 0.258477 -2.76297)
(0.21324 0.213241 -3.32002)
(-0.213238 0.213241 -3.32002)
(-0.35217 0.258477 -2.76297)
(-0.469709 0.231188 -2.07704)
(-0.382274 0.159305 -1.09007)
(-0.222645 0.00639705 0.185853)
(0.222689 -0.00639713 0.185857)
(0.382286 -0.159319 -1.09006)
(0.46971 -0.231191 -2.07704)
(0.352169 -0.258476 -2.76297)
(0.21324 -0.213239 -3.32002)
(-0.213238 -0.213239 -3.32003)
(-0.35217 -0.258476 -2.76297)
(-0.469713 -0.23119 -2.07704)
(-0.382288 -0.159317 -1.09006)
(-0.222695 -0.00639751 0.185858)
(0.282992 -0.226766 1.13029)
(0.592358 -0.450731 0.797265)
(0.67722 -0.504177 -0.156585)
(0.522249 -0.522252 -1.35648)
(0.258476 -0.352171 -2.76297)
(-0.258475 -0.35217 -2.76297)
(-0.52225 -0.522251 -1.35649)
(-0.677221 -0.504178 -0.156584)
(-0.592357 -0.450734 0.797265)
(-0.282993 -0.226767 1.13029)
(0.22821 -0.299982 1.41137)
(0.342301 -0.454189 1.40243)
(0.600118 -0.600116 1.1248)
(0.504167 -0.677224 -0.156586)
(0.231188 -0.469709 -2.07703)
(-0.231189 -0.469712 -2.07703)
(-0.504177 -0.677222 -0.156585)
(-0.600117 -0.600116 1.1248)
(-0.342303 -0.45419 1.40243)
(-0.22821 -0.299982 1.41137)
(0.160873 -0.195505 1.45037)
(0.301234 -0.301234 1.48695)
(0.454189 -0.3423 1.40242)
(0.450718 -0.592359 0.797268)
(0.159306 -0.382276 -1.09006)
(-0.159314 -0.382286 -1.09006)
(-0.45073 -0.592359 0.797266)
(-0.454189 -0.342303 1.40243)
(-0.301234 -0.301235 1.48695)
(-0.160873 -0.195505 1.45037)
(0.134634 -0.134635 1.47601)
(0.195507 -0.160874 1.45037)
(0.299982 -0.228209 1.41137)
(0.226775 -0.28299 1.13028)
(0.00639708 -0.222651 0.185854)
(-0.00639744 -0.222682 0.185857)
(-0.226769 -0.282992 1.13029)
(-0.299983 -0.22821 1.41137)
(-0.195506 -0.160873 1.45037)
(-0.134635 -0.134635 1.47601)
)
;
    }
}


// ************************************************************************* //
