/*--------------------------------*- C++ -*----------------------------------*\
| =========                 |                                                 |
| \\      /  F ield         | OpenFOAM: The Open Source CFD Toolbox           |
|  \\    /   O peration     | Version:  2412                                  |
|   \\  /    A nd           | Website:  www.openfoam.com                      |
|    \\/     M anipulation  |                                                 |
\*---------------------------------------------------------------------------*/
FoamFile
{
    version     2.0;
    format      ascii;
    arch        "LSB;label=32;scalar=64";
    class       volVectorField;
    location    "0.23";
    object      U;
}
// * * * * * * * * * * * * * * * * * * * * * * * * * * * * * * * * * * * * * //

dimensions      [0 1 -1 0 0 0 0];

internalField   nonuniform List<vector> 
1000
(
(-0.00764903 -0.00764903 0.0624774)
(-0.0213348 -0.0090317 0.0567034)
(-0.028223 -0.0117023 0.045948)
(-0.0262377 -0.0149932 0.0336823)
(-0.0116757 -0.0185141 0.0224831)
(0.0116757 -0.0185141 0.0224831)
(0.0262376 -0.0149933 0.0336823)
(0.028223 -0.0117023 0.045948)
(0.0213348 -0.00903171 0.0567034)
(0.00764902 -0.00764903 0.0624774)
(-0.00903171 -0.0213348 0.0567034)
(-0.0253991 -0.0253991 0.0492167)
(-0.0342108 -0.0331233 0.0351824)
(-0.0330171 -0.043157 0.018437)
(-0.0152201 -0.053542 0.00159834)
(0.01522 -0.053542 0.00159835)
(0.0330171 -0.0431571 0.0184369)
(0.0342108 -0.0331233 0.0351824)
(0.0253991 -0.0253992 0.0492167)
(0.0090317 -0.0213348 0.0567034)
(-0.0117023 -0.028223 0.045948)
(-0.0331233 -0.0342108 0.0351824)
(-0.0460298 -0.0460298 0.0148575)
(-0.0466227 -0.0619686 -0.0116765)
(-0.0221351 -0.0802188 -0.0396445)
(0.0221351 -0.0802188 -0.0396445)
(0.0466226 -0.0619686 -0.0116766)
(0.0460298 -0.0460298 0.0148574)
(0.0331233 -0.0342108 0.0351824)
(0.0117023 -0.028223 0.045948)
(-0.0149932 -0.0262377 0.0336823)
(-0.043157 -0.0330171 0.018437)
(-0.0619686 -0.0466227 -0.0116765)
(-0.0670867 -0.0670867 -0.0538022)
(-0.0335922 -0.0917609 -0.105019)
(0.0335921 -0.0917609 -0.105019)
(0.0670867 -0.0670868 -0.0538022)
(0.0619686 -0.0466227 -0.0116766)
(0.043157 -0.0330172 0.0184369)
(0.0149933 -0.0262377 0.0336823)
(-0.0185141 -0.0116757 0.0224831)
(-0.053542 -0.0152201 0.00159834)
(-0.0802188 -0.0221351 -0.0396445)
(-0.0917609 -0.0335922 -0.105019)
(-0.0471468 -0.0471468 -0.187383)
(0.0471467 -0.0471468 -0.187383)
(0.0917608 -0.0335922 -0.105019)
(0.0802189 -0.0221351 -0.0396446)
(0.053542 -0.0152201 0.00159827)
(0.0185142 -0.0116757 0.0224831)
(-0.0185141 0.0116757 0.0224831)
(-0.053542 0.01522 0.00159836)
(-0.0802188 0.0221351 -0.0396445)
(-0.0917609 0.0335921 -0.105019)
(-0.0471468 0.0471467 -0.187383)
(0.0471467 0.0471467 -0.187383)
(0.0917608 0.0335922 -0.105019)
(0.0802188 0.0221351 -0.0396446)
(0.053542 0.01522 0.00159829)
(0.0185142 0.0116757 0.0224831)
(-0.0149933 0.0262376 0.0336823)
(-0.043157 0.0330171 0.0184369)
(-0.0619686 0.0466226 -0.0116766)
(-0.0670868 0.0670867 -0.0538022)
(-0.0335922 0.0917608 -0.105019)
(0.0335922 0.0917608 -0.105019)
(0.0670867 0.0670867 -0.0538023)
(0.0619686 0.0466226 -0.0116766)
(0.043157 0.0330171 0.0184369)
(0.0149933 0.0262377 0.0336823)
(-0.0117023 0.028223 0.045948)
(-0.0331233 0.0342108 0.0351824)
(-0.0460298 0.0460298 0.0148574)
(-0.0466227 0.0619686 -0.0116766)
(-0.0221351 0.0802189 -0.0396446)
(0.0221351 0.0802189 -0.0396446)
(0.0466226 0.0619686 -0.0116766)
(0.0460298 0.0460298 0.0148574)
(0.0331233 0.0342108 0.0351824)
(0.0117023 0.028223 0.045948)
(-0.00903171 0.0213348 0.0567034)
(-0.0253991 0.0253991 0.0492167)
(-0.0342108 0.0331233 0.0351824)
(-0.0330172 0.043157 0.0184369)
(-0.0152201 0.053542 0.00159827)
(0.01522 0.053542 0.00159829)
(0.0330171 0.043157 0.0184369)
(0.0342108 0.0331233 0.0351824)
(0.0253991 0.0253991 0.0492167)
(0.00903171 0.0213348 0.0567034)
(-0.00764903 0.00764903 0.0624774)
(-0.0213348 0.00903171 0.0567034)
(-0.028223 0.0117023 0.045948)
(-0.0262377 0.0149933 0.0336823)
(-0.0116757 0.0185142 0.0224831)
(0.0116757 0.0185142 0.0224831)
(0.0262377 0.0149933 0.0336823)
(0.028223 0.0117023 0.045948)
(0.0213348 0.00903171 0.0567034)
(0.00764903 0.00764904 0.0624774)
(-0.00919979 -0.00919979 0.0784406)
(-0.0257481 -0.0110379 0.0719999)
(-0.0343823 -0.0146284 0.0599446)
(-0.0326159 -0.0192168 0.0457921)
(-0.0147488 -0.0243947 0.0323371)
(0.0147488 -0.0243947 0.0323371)
(0.0326159 -0.0192168 0.0457921)
(0.0343823 -0.0146284 0.0599446)
(0.0257481 -0.0110379 0.0719999)
(0.00919979 -0.00919979 0.0784406)
(-0.0110379 -0.0257481 0.0719999)
(-0.0311916 -0.0311916 0.0634058)
(-0.0426028 -0.0416 0.0472268)
(-0.0423296 -0.0557652 0.0270984)
(-0.0199656 -0.0710909 0.00563538)
(0.0199656 -0.0710909 0.0056354)
(0.0423295 -0.0557652 0.0270984)
(0.0426028 -0.0416 0.0472268)
(0.0311916 -0.0311916 0.0634058)
(0.0110379 -0.0257481 0.0719999)
(-0.0146284 -0.0343823 0.0599446)
(-0.0416 -0.0426028 0.0472268)
(-0.0590407 -0.0590407 0.0231818)
(-0.0620466 -0.0825499 -0.0102922)
(-0.0302313 -0.111391 -0.0475274)
(0.0302312 -0.111391 -0.0475274)
(0.0620465 -0.0825499 -0.0102923)
(0.0590407 -0.0590407 0.0231818)
(0.0416 -0.0426028 0.0472268)
(0.0146284 -0.0343824 0.0599446)
(-0.0192168 -0.0326159 0.0457921)
(-0.0557652 -0.0423296 0.0270984)
(-0.0825499 -0.0620466 -0.0102922)
(-0.094391 -0.094391 -0.067286)
(-0.0491084 -0.136126 -0.143146)
(0.0491083 -0.136126 -0.143146)
(0.0943909 -0.0943911 -0.0672862)
(0.0825499 -0.0620467 -0.0102923)
(0.0557652 -0.0423296 0.0270983)
(0.0192168 -0.0326159 0.0457921)
(-0.0243947 -0.0147488 0.0323371)
(-0.0710909 -0.0199656 0.00563538)
(-0.111391 -0.0302313 -0.0475274)
(-0.136126 -0.0491084 -0.143146)
(-0.0725892 -0.0725892 -0.274209)
(0.072589 -0.0725891 -0.274209)
(0.136126 -0.0491085 -0.143146)
(0.111391 -0.0302313 -0.0475275)
(0.0710909 -0.0199657 0.0056353)
(0.0243947 -0.0147488 0.0323371)
(-0.0243947 0.0147488 0.0323371)
(-0.0710909 0.0199656 0.00563541)
(-0.111391 0.0302312 -0.0475274)
(-0.136126 0.0491083 -0.143146)
(-0.0725891 0.072589 -0.274209)
(0.072589 0.072589 -0.274209)
(0.136126 0.0491084 -0.143146)
(0.111391 0.0302313 -0.0475275)
(0.0710909 0.0199656 0.00563532)
(0.0243947 0.0147488 0.0323371)
(-0.0192168 0.0326158 0.0457921)
(-0.0557652 0.0423295 0.0270984)
(-0.0825499 0.0620465 -0.0102923)
(-0.0943911 0.0943908 -0.0672862)
(-0.0491085 0.136126 -0.143146)
(0.0491084 0.136126 -0.143146)
(0.094391 0.094391 -0.0672863)
(0.0825499 0.0620466 -0.0102923)
(0.0557652 0.0423296 0.0270983)
(0.0192168 0.0326159 0.0457921)
(-0.0146284 0.0343823 0.0599446)
(-0.0416 0.0426028 0.0472268)
(-0.0590407 0.0590406 0.0231818)
(-0.0620467 0.0825499 -0.0102923)
(-0.0302313 0.111391 -0.0475275)
(0.0302313 0.111391 -0.0475275)
(0.0620466 0.0825499 -0.0102923)
(0.0590407 0.0590407 0.0231818)
(0.0416 0.0426028 0.0472268)
(0.0146284 0.0343824 0.0599446)
(-0.0110379 0.0257481 0.0719999)
(-0.0311916 0.0311916 0.0634058)
(-0.0426028 0.0416 0.0472268)
(-0.0423296 0.0557652 0.0270983)
(-0.0199656 0.0710909 0.0056353)
(0.0199656 0.0710909 0.00563532)
(0.0423296 0.0557652 0.0270983)
(0.0426028 0.0416 0.0472268)
(0.0311916 0.0311916 0.0634058)
(0.0110379 0.0257481 0.0719999)
(-0.0091998 0.00919979 0.0784406)
(-0.0257481 0.0110379 0.0719999)
(-0.0343824 0.0146284 0.0599446)
(-0.0326159 0.0192168 0.0457921)
(-0.0147488 0.0243947 0.0323371)
(0.0147488 0.0243947 0.0323371)
(0.0326159 0.0192168 0.0457921)
(0.0343824 0.0146284 0.0599446)
(0.0257481 0.0110379 0.0719999)
(0.0091998 0.0091998 0.0784406)
(-0.0109087 -0.0109087 0.0975593)
(-0.0306137 -0.0133045 0.0906174)
(-0.0412893 -0.0180339 0.0776029)
(-0.0400103 -0.0243317 0.0618006)
(-0.0183868 -0.0318537 0.0461721)
(0.0183868 -0.0318537 0.0461722)
(0.0400103 -0.0243317 0.0618006)
(0.0412893 -0.0180339 0.0776029)
(0.0306137 -0.0133045 0.0906174)
(0.0109087 -0.0109087 0.0975593)
(-0.0133045 -0.0306138 0.0906174)
(-0.0377596 -0.0377596 0.0810617)
(-0.0523871 -0.0514696 0.0630742)
(-0.0537507 -0.0711625 0.0395412)
(-0.0259687 -0.0934107 0.0128256)
(0.0259687 -0.0934106 0.0128257)
(0.0537506 -0.0711625 0.0395412)
(0.0523871 -0.0514696 0.0630742)
(0.0377596 -0.0377596 0.0810617)
(0.0133045 -0.0306138 0.0906174)
(-0.0180339 -0.0412893 0.0776029)
(-0.0514696 -0.0523871 0.0630742)
(-0.0748426 -0.0748426 0.0357521)
(-0.0818452 -0.109315 -0.00547129)
(-0.0409729 -0.154935 -0.0534942)
(0.0409728 -0.154935 -0.0534942)
(0.0818451 -0.109315 -0.00547135)
(0.0748426 -0.0748427 0.0357521)
(0.0514696 -0.0523871 0.0630742)
(0.0180339 -0.0412893 0.0776029)
(-0.0243317 -0.0400103 0.0618006)
(-0.0711625 -0.0537507 0.0395412)
(-0.109315 -0.0818452 -0.00547129)
(-0.133142 -0.133142 -0.081884)
(-0.0723004 -0.204167 -0.194647)
(0.0723003 -0.204167 -0.194647)
(0.133142 -0.133142 -0.0818842)
(0.109315 -0.0818453 -0.00547135)
(0.0711625 -0.0537507 0.0395412)
(0.0243317 -0.0400103 0.0618006)
(-0.0318537 -0.0183868 0.0461722)
(-0.0934107 -0.0259687 0.0128256)
(-0.154935 -0.0409729 -0.0534942)
(-0.204167 -0.0723004 -0.194647)
(-0.114341 -0.114341 -0.40536)
(0.114341 -0.114341 -0.40536)
(0.204167 -0.0723005 -0.194648)
(0.154936 -0.0409729 -0.0534944)
(0.0934107 -0.0259688 0.0128255)
(0.0318537 -0.0183868 0.0461721)
(-0.0318537 0.0183868 0.0461722)
(-0.0934106 0.0259687 0.0128257)
(-0.154935 0.0409728 -0.0534942)
(-0.204167 0.0723003 -0.194647)
(-0.114341 0.114341 -0.40536)
(0.114341 0.114341 -0.40536)
(0.204167 0.0723004 -0.194648)
(0.154936 0.0409729 -0.0534944)
(0.0934107 0.0259687 0.0128256)
(0.0318537 0.0183868 0.0461721)
(-0.0243318 0.0400103 0.0618006)
(-0.0711625 0.0537506 0.0395412)
(-0.109315 0.0818451 -0.00547135)
(-0.133142 0.133142 -0.0818842)
(-0.0723005 0.204167 -0.194648)
(0.0723004 0.204167 -0.194648)
(0.133142 0.133142 -0.0818843)
(0.109315 0.0818452 -0.00547141)
(0.0711625 0.0537507 0.0395411)
(0.0243318 0.0400103 0.0618006)
(-0.0180339 0.0412893 0.0776029)
(-0.0514696 0.0523871 0.0630742)
(-0.0748427 0.0748426 0.0357521)
(-0.0818453 0.109315 -0.00547135)
(-0.0409729 0.154936 -0.0534944)
(0.0409729 0.154936 -0.0534944)
(0.0818452 0.109315 -0.00547141)
(0.0748427 0.0748427 0.0357521)
(0.0514696 0.0523871 0.0630742)
(0.0180339 0.0412893 0.0776029)
(-0.0133045 0.0306137 0.0906174)
(-0.0377596 0.0377596 0.0810617)
(-0.0523871 0.0514696 0.0630742)
(-0.0537507 0.0711625 0.0395412)
(-0.0259688 0.0934107 0.0128255)
(0.0259687 0.0934107 0.0128256)
(0.0537507 0.0711625 0.0395411)
(0.0523871 0.0514696 0.0630742)
(0.0377596 0.0377596 0.0810617)
(0.0133045 0.0306138 0.0906174)
(-0.0109087 0.0109087 0.0975593)
(-0.0306138 0.0133045 0.0906174)
(-0.0412893 0.0180339 0.0776029)
(-0.0400103 0.0243318 0.0618006)
(-0.0183868 0.0318537 0.0461721)
(0.0183868 0.0318537 0.0461721)
(0.0400103 0.0243318 0.0618006)
(0.0412893 0.0180339 0.0776029)
(0.0306138 0.0133045 0.0906174)
(0.0109087 0.0109087 0.0975593)
(-0.0127237 -0.0127237 0.120098)
(-0.0357669 -0.0157725 0.112923)
(-0.0487412 -0.0218461 0.0995227)
(-0.0482589 -0.0303195 0.0826283)
(-0.022526 -0.0410589 0.0653098)
(0.022526 -0.0410588 0.0653098)
(0.0482588 -0.0303195 0.0826283)
(0.0487412 -0.0218461 0.0995227)
(0.0357669 -0.0157725 0.112923)
(0.0127237 -0.0127237 0.120098)
(-0.0157725 -0.0357669 0.112923)
(-0.0449184 -0.0449184 0.102717)
(-0.0634042 -0.0624646 0.0836553)
(-0.0673515 -0.0893203 0.0571948)
(-0.0333373 -0.120795 0.0251697)
(0.0333373 -0.120795 0.0251697)
(0.0673515 -0.0893204 0.0571947)
(0.0634042 -0.0624647 0.0836553)
(0.0449184 -0.0449184 0.102717)
(0.0157725 -0.035767 0.112923)
(-0.0218461 -0.0487412 0.0995227)
(-0.0624646 -0.0634042 0.0836553)
(-0.0934017 -0.0934017 0.0543483)
(-0.106395 -0.143494 0.00556287)
(-0.0546463 -0.215608 -0.0532348)
(0.0546462 -0.215608 -0.0532347)
(0.106395 -0.143494 0.0055628)
(0.0934017 -0.0934018 0.0543483)
(0.0624646 -0.0634042 0.0836553)
(0.0218461 -0.0487412 0.0995227)
(-0.0303195 -0.0482589 0.0826283)
(-0.0893203 -0.0673515 0.0571948)
(-0.143494 -0.106395 0.00556287)
(-0.187997 -0.187997 -0.0956103)
(-0.108367 -0.310725 -0.261914)
(0.108367 -0.310725 -0.261914)
(0.187997 -0.187997 -0.0956105)
(0.143494 -0.106395 0.00556279)
(0.0893203 -0.0673516 0.0571947)
(0.0303195 -0.0482589 0.0826283)
(-0.0410589 -0.022526 0.0653098)
(-0.120795 -0.0333373 0.0251697)
(-0.215608 -0.0546463 -0.0532348)
(-0.310725 -0.108367 -0.261914)
(-0.20174 -0.20174 -0.606078)
(0.20174 -0.20174 -0.606078)
(0.310725 -0.108367 -0.261915)
(0.215608 -0.0546464 -0.053235)
(0.120795 -0.0333374 0.0251696)
(0.0410589 -0.0225261 0.0653097)
(-0.0410588 0.022526 0.0653098)
(-0.120795 0.0333373 0.0251697)
(-0.215608 0.0546462 -0.0532347)
(-0.310725 0.108367 -0.261914)
(-0.20174 0.20174 -0.606078)
(0.20174 0.20174 -0.606078)
(0.310724 0.108367 -0.261915)
(0.215608 0.0546463 -0.053235)
(0.120795 0.0333373 0.0251696)
(0.0410589 0.022526 0.0653097)
(-0.0303195 0.0482588 0.0826283)
(-0.0893204 0.0673515 0.0571947)
(-0.143494 0.106395 0.0055628)
(-0.187997 0.187997 -0.0956105)
(-0.108367 0.310725 -0.261915)
(0.108367 0.310724 -0.261915)
(0.187997 0.187997 -0.0956107)
(0.143494 0.106395 0.00556273)
(0.0893204 0.0673515 0.0571947)
(0.0303195 0.0482589 0.0826283)
(-0.0218461 0.0487412 0.0995227)
(-0.0624646 0.0634042 0.0836553)
(-0.0934018 0.0934017 0.0543483)
(-0.106395 0.143494 0.0055628)
(-0.0546464 0.215608 -0.053235)
(0.0546463 0.215608 -0.053235)
(0.106395 0.143494 0.00556273)
(0.0934018 0.0934018 0.0543483)
(0.0624647 0.0634042 0.0836553)
(0.0218461 0.0487412 0.0995227)
(-0.0157725 0.0357669 0.112923)
(-0.0449184 0.0449184 0.102717)
(-0.0634042 0.0624646 0.0836553)
(-0.0673516 0.0893203 0.0571947)
(-0.0333374 0.120795 0.0251696)
(0.0333373 0.120795 0.0251696)
(0.0673515 0.0893204 0.0571947)
(0.0634042 0.0624646 0.0836553)
(0.0449184 0.0449184 0.102717)
(0.0157726 0.035767 0.112923)
(-0.0127237 0.0127237 0.120098)
(-0.035767 0.0157725 0.112923)
(-0.0487412 0.0218461 0.0995227)
(-0.0482589 0.0303195 0.0826283)
(-0.0225261 0.0410589 0.0653097)
(0.022526 0.0410589 0.0653097)
(0.0482589 0.0303195 0.0826283)
(0.0487412 0.0218461 0.0995227)
(0.035767 0.0157726 0.112923)
(0.0127237 0.0127237 0.120098)
(-0.0145659 -0.0145659 0.146184)
(-0.0409544 -0.0183352 0.139148)
(-0.0563841 -0.0258915 0.126164)
(-0.056976 -0.0369887 0.109142)
(-0.02697 -0.0519603 0.0912244)
(0.02697 -0.0519603 0.0912244)
(0.0569759 -0.0369887 0.109142)
(0.0563841 -0.0258915 0.126164)
(0.0409544 -0.0183352 0.139148)
(0.0145659 -0.0145659 0.146184)
(-0.0183352 -0.0409544 0.139148)
(-0.052321 -0.052321 0.128799)
(-0.0752223 -0.0739539 0.109897)
(-0.0828453 -0.10953 0.0818302)
(-0.0419023 -0.15238 0.0459732)
(0.0419023 -0.15238 0.0459732)
(0.0828452 -0.10953 0.0818301)
(0.0752224 -0.0739539 0.109897)
(0.052321 -0.0523211 0.128799)
(0.0183352 -0.0409544 0.139148)
(-0.0258915 -0.0563841 0.126164)
(-0.0739539 -0.0752223 0.109897)
(-0.114018 -0.114018 0.0810355)
(-0.135045 -0.185884 0.0270494)
(-0.0711587 -0.299085 -0.038062)
(0.0711587 -0.299085 -0.0380619)
(0.135045 -0.185884 0.0270493)
(0.114018 -0.114018 0.0810354)
(0.0739539 -0.0752224 0.109897)
(0.0258915 -0.0563841 0.126164)
(-0.0369887 -0.056976 0.109142)
(-0.10953 -0.0828453 0.0818302)
(-0.185884 -0.135045 0.0270494)
(-0.264937 -0.264937 -0.102677)
(-0.170104 -0.481427 -0.340136)
(0.170104 -0.481426 -0.340136)
(0.264937 -0.264938 -0.102678)
(0.185884 -0.135046 0.0270493)
(0.10953 -0.0828454 0.0818301)
(0.0369887 -0.056976 0.109142)
(-0.0519603 -0.02697 0.0912244)
(-0.15238 -0.0419023 0.0459732)
(-0.299085 -0.0711587 -0.038062)
(-0.481427 -0.170104 -0.340136)
(-0.341909 -0.341909 -0.930607)
(0.341908 -0.341909 -0.930606)
(0.481426 -0.170105 -0.340137)
(0.299086 -0.0711589 -0.0380623)
(0.15238 -0.0419024 0.0459731)
(0.0519604 -0.0269701 0.0912244)
(-0.0519603 0.02697 0.0912244)
(-0.15238 0.0419023 0.0459732)
(-0.299085 0.0711587 -0.0380619)
(-0.481426 0.170104 -0.340136)
(-0.341909 0.341908 -0.930606)
(0.341908 0.341908 -0.930606)
(0.481426 0.170105 -0.340137)
(0.299085 0.0711588 -0.0380623)
(0.15238 0.0419024 0.0459731)
(0.0519604 0.02697 0.0912244)
(-0.0369887 0.0569759 0.109142)
(-0.10953 0.0828452 0.0818301)
(-0.185884 0.135045 0.0270493)
(-0.264938 0.264937 -0.102678)
(-0.170105 0.481426 -0.340137)
(0.170105 0.481426 -0.340137)
(0.264938 0.264938 -0.102678)
(0.185884 0.135045 0.0270492)
(0.10953 0.0828453 0.0818301)
(0.0369887 0.056976 0.109142)
(-0.0258915 0.0563841 0.126164)
(-0.0739539 0.0752224 0.109897)
(-0.114018 0.114018 0.0810354)
(-0.135046 0.185884 0.0270493)
(-0.0711589 0.299086 -0.0380623)
(0.0711588 0.299085 -0.0380623)
(0.135045 0.185884 0.0270492)
(0.114018 0.114018 0.0810354)
(0.0739539 0.0752224 0.109897)
(0.0258915 0.0563841 0.126164)
(-0.0183352 0.0409544 0.139148)
(-0.0523211 0.052321 0.128799)
(-0.0752224 0.0739539 0.109897)
(-0.0828454 0.10953 0.0818301)
(-0.0419024 0.15238 0.0459731)
(0.0419024 0.15238 0.0459731)
(0.0828453 0.10953 0.0818301)
(0.0752224 0.0739539 0.109897)
(0.0523211 0.0523211 0.128799)
(0.0183352 0.0409544 0.139148)
(-0.0145659 0.0145659 0.146184)
(-0.0409544 0.0183352 0.139148)
(-0.0563841 0.0258915 0.126164)
(-0.056976 0.0369887 0.109142)
(-0.0269701 0.0519604 0.0912244)
(0.02697 0.0519604 0.0912244)
(0.056976 0.0369887 0.109142)
(0.0563841 0.0258915 0.126164)
(0.0409544 0.0183352 0.139148)
(0.0145659 0.0145659 0.146184)
(-0.0163321 -0.0163321 0.175756)
(-0.0458466 -0.0208321 0.169298)
(-0.0637031 -0.0298609 0.157672)
(-0.0654845 -0.0438726 0.1419)
(-0.031325 -0.0638424 0.12519)
(0.031325 -0.0638424 0.12519)
(0.0654844 -0.0438727 0.1419)
(0.0637031 -0.0298609 0.157672)
(0.0458466 -0.0208321 0.169299)
(0.0163321 -0.0163321 0.175756)
(-0.0208321 -0.0458467 0.169298)
(-0.0594329 -0.0594329 0.159495)
(-0.0870241 -0.0848547 0.142477)
(-0.0990823 -0.130036 0.115324)
(-0.0508415 -0.185103 0.0797904)
(0.0508415 -0.185103 0.0797905)
(0.0990822 -0.130036 0.115324)
(0.0870242 -0.0848547 0.142477)
(0.0594329 -0.059433 0.159495)
(0.0208321 -0.0458467 0.169299)
(-0.0298609 -0.0637031 0.157672)
(-0.0848547 -0.0870241 0.142477)
(-0.134939 -0.134939 0.117575)
(-0.165102 -0.235304 0.0647901)
(-0.0932895 -0.411079 0.0109356)
(0.0932895 -0.411079 0.0109357)
(0.165102 -0.235304 0.0647901)
(0.134939 -0.134939 0.117575)
(0.0848547 -0.0870242 0.142478)
(0.0298609 -0.0637031 0.157672)
(-0.0438726 -0.0654845 0.1419)
(-0.130036 -0.0990823 0.115324)
(-0.235304 -0.165102 0.0647901)
(-0.365929 -0.365929 -0.0913783)
(-0.2493 -0.712973 -0.450132)
(0.2493 -0.712973 -0.450132)
(0.365929 -0.36593 -0.0913785)
(0.235304 -0.165102 0.0647901)
(0.130036 -0.0990824 0.115324)
(0.0438727 -0.0654845 0.1419)
(-0.0638424 -0.031325 0.12519)
(-0.185103 -0.0508415 0.0797904)
(-0.411079 -0.0932895 0.0109356)
(-0.712973 -0.2493 -0.450132)
(-0.331237 -0.331237 -1.45107)
(0.331236 -0.331237 -1.45107)
(0.712973 -0.249301 -0.450135)
(0.41108 -0.0932898 0.0109351)
(0.185103 -0.0508416 0.0797904)
(0.0638425 -0.0313251 0.12519)
(-0.0638424 0.031325 0.12519)
(-0.185103 0.0508415 0.0797905)
(-0.411079 0.0932895 0.0109357)
(-0.712973 0.2493 -0.450132)
(-0.331237 0.331236 -1.45107)
(0.331236 0.331236 -1.45107)
(0.712973 0.249301 -0.450135)
(0.41108 0.0932898 0.0109352)
(0.185103 0.0508416 0.0797904)
(0.0638425 0.031325 0.12519)
(-0.0438727 0.0654844 0.1419)
(-0.130036 0.0990822 0.115324)
(-0.235304 0.165102 0.0647901)
(-0.36593 0.365929 -0.0913785)
(-0.249301 0.712973 -0.450135)
(0.249301 0.712973 -0.450135)
(0.36593 0.36593 -0.0913787)
(0.235304 0.165102 0.0647901)
(0.130036 0.0990823 0.115324)
(0.0438727 0.0654845 0.1419)
(-0.0298609 0.0637031 0.157672)
(-0.0848547 0.0870242 0.142478)
(-0.134939 0.134939 0.117575)
(-0.165102 0.235304 0.0647901)
(-0.0932898 0.41108 0.0109352)
(0.0932898 0.41108 0.0109352)
(0.165102 0.235304 0.0647901)
(0.134939 0.134939 0.117575)
(0.0848548 0.0870242 0.142478)
(0.029861 0.0637031 0.157672)
(-0.0208321 0.0458466 0.169299)
(-0.059433 0.0594329 0.159495)
(-0.0870242 0.0848547 0.142478)
(-0.0990824 0.130036 0.115324)
(-0.0508416 0.185103 0.0797904)
(0.0508416 0.185103 0.0797904)
(0.0990823 0.130036 0.115324)
(0.0870242 0.0848547 0.142478)
(0.059433 0.059433 0.159495)
(0.0208321 0.0458467 0.169299)
(-0.0163321 0.0163321 0.175756)
(-0.0458467 0.0208321 0.169299)
(-0.0637031 0.029861 0.157672)
(-0.0654845 0.0438727 0.1419)
(-0.0313251 0.0638425 0.12519)
(0.0313251 0.0638425 0.12519)
(0.0654845 0.0438727 0.1419)
(0.0637031 0.029861 0.157672)
(0.0458467 0.0208321 0.169299)
(0.0163321 0.0163322 0.175756)
(-0.0179087 -0.0179087 0.208513)
(-0.0500885 -0.0230632 0.203068)
(-0.0700784 -0.0333147 0.193654)
(-0.0728734 -0.050148 0.180728)
(-0.0349985 -0.0747062 0.16747)
(0.0349985 -0.0747062 0.16747)
(0.0728733 -0.050148 0.180728)
(0.0700784 -0.0333147 0.193654)
(0.0500885 -0.0230632 0.203068)
(0.0179087 -0.0179087 0.208513)
(-0.0230632 -0.0500885 0.203068)
(-0.0655719 -0.0655719 0.194581)
(-0.0975575 -0.0936864 0.181361)
(-0.113818 -0.147607 0.158989)
(-0.0594128 -0.211995 0.133988)
(0.0594128 -0.211995 0.133988)
(0.113818 -0.147607 0.158989)
(0.0975575 -0.0936864 0.181361)
(0.0655719 -0.0655719 0.194581)
(0.0230632 -0.0500885 0.203068)
(-0.0333147 -0.0700784 0.193654)
(-0.0936864 -0.0975575 0.181361)
(-0.152803 -0.152803 0.16436)
(-0.190022 -0.285502 0.126565)
(-0.121425 -0.533032 0.0944538)
(0.121424 -0.533032 0.0944539)
(0.190022 -0.285502 0.126565)
(0.152803 -0.152803 0.16436)
(0.0936864 -0.0975575 0.181361)
(0.0333147 -0.0700784 0.193654)
(-0.050148 -0.0728734 0.180728)
(-0.147607 -0.113818 0.158989)
(-0.285502 -0.190022 0.126565)
(-0.477318 -0.477318 -0.0703554)
(-0.266697 -0.79613 -0.680543)
(0.266696 -0.79613 -0.680543)
(0.477318 -0.47732 -0.0703555)
(0.285502 -0.190023 0.126565)
(0.147607 -0.113818 0.158989)
(0.050148 -0.0728735 0.180728)
(-0.0747062 -0.0349985 0.16747)
(-0.211995 -0.0594128 0.133988)
(-0.533032 -0.121424 0.0944538)
(-0.79613 -0.266697 -0.680543)
(-0.104286 -0.104286 -2.04005)
(0.104286 -0.104286 -2.04005)
(0.796131 -0.266698 -0.680546)
(0.533033 -0.121425 0.0944531)
(0.211995 -0.0594129 0.133988)
(0.0747063 -0.0349986 0.16747)
(-0.0747062 0.0349985 0.16747)
(-0.211995 0.0594128 0.133988)
(-0.533032 0.121424 0.0944539)
(-0.79613 0.266696 -0.680543)
(-0.104286 0.104286 -2.04005)
(0.104286 0.104286 -2.04005)
(0.796131 0.266698 -0.680546)
(0.533033 0.121425 0.0944531)
(0.211995 0.0594129 0.133988)
(0.0747063 0.0349986 0.16747)
(-0.050148 0.0728733 0.180728)
(-0.147607 0.113818 0.158989)
(-0.285502 0.190022 0.126565)
(-0.47732 0.477318 -0.0703554)
(-0.266698 0.796131 -0.680546)
(0.266698 0.796131 -0.680546)
(0.47732 0.47732 -0.0703555)
(0.285503 0.190023 0.126565)
(0.147607 0.113818 0.158989)
(0.0501481 0.0728734 0.180728)
(-0.0333147 0.0700784 0.193654)
(-0.0936864 0.0975575 0.181361)
(-0.152803 0.152803 0.16436)
(-0.190023 0.285502 0.126565)
(-0.121425 0.533033 0.0944531)
(0.121425 0.533033 0.0944531)
(0.190023 0.285503 0.126565)
(0.152803 0.152803 0.16436)
(0.0936864 0.0975575 0.181361)
(0.0333147 0.0700784 0.193654)
(-0.0230632 0.0500885 0.203068)
(-0.0655719 0.0655719 0.194581)
(-0.0975575 0.0936864 0.181361)
(-0.113818 0.147607 0.158989)
(-0.0594129 0.211995 0.133988)
(0.0594129 0.211995 0.133988)
(0.113818 0.147607 0.158989)
(0.0975575 0.0936864 0.181361)
(0.0655719 0.0655719 0.194581)
(0.0230632 0.0500885 0.203068)
(-0.0179087 0.0179087 0.208513)
(-0.0500885 0.0230632 0.203068)
(-0.0700784 0.0333147 0.193654)
(-0.0728734 0.050148 0.180728)
(-0.0349986 0.0747063 0.16747)
(0.0349986 0.0747063 0.16747)
(0.0728734 0.0501481 0.180728)
(0.0700784 0.0333148 0.193654)
(0.0500885 0.0230632 0.203068)
(0.0179087 0.0179087 0.208513)
(-0.0191949 -0.0191949 0.243927)
(-0.0533994 -0.0248282 0.239801)
(-0.0749313 -0.0357596 0.233012)
(-0.0782123 -0.0547773 0.224264)
(-0.0374743 -0.0811337 0.216325)
(0.0374743 -0.0811337 0.216325)
(0.0782123 -0.0547773 0.224264)
(0.0749313 -0.0357596 0.233012)
(0.0533994 -0.0248282 0.239801)
(0.0191949 -0.0191949 0.243927)
(-0.0248282 -0.0533994 0.239801)
(-0.0700591 -0.0700591 0.233247)
(-0.105369 -0.0989489 0.22525)
(-0.123482 -0.157438 0.212682)
(-0.0667041 -0.229442 0.205049)
(0.0667041 -0.229442 0.205049)
(0.123482 -0.157438 0.212682)
(0.105369 -0.0989489 0.22525)
(0.0700591 -0.0700591 0.233247)
(0.0248282 -0.0533994 0.239801)
(-0.0357596 -0.0749313 0.233012)
(-0.0989489 -0.105369 0.22525)
(-0.162708 -0.162708 0.219111)
(-0.204406 -0.324476 0.208192)
(-0.133379 -0.6053 0.153964)
(0.133379 -0.6053 0.153964)
(0.204405 -0.324476 0.208192)
(0.162708 -0.162708 0.219111)
(0.0989489 -0.105369 0.22525)
(0.0357596 -0.0749313 0.233012)
(-0.0547773 -0.0782123 0.224264)
(-0.157438 -0.123482 0.212682)
(-0.324476 -0.204406 0.208192)
(-0.525543 -0.525543 -0.0935442)
(-0.177304 -0.571684 -1.04143)
(0.177304 -0.571684 -1.04143)
(0.525543 -0.525546 -0.0935434)
(0.324476 -0.204406 0.208192)
(0.157438 -0.123483 0.212682)
(0.0547773 -0.0782124 0.224264)
(-0.0811337 -0.0374743 0.216325)
(-0.229442 -0.066704 0.205049)
(-0.6053 -0.133379 0.153964)
(-0.571684 -0.177304 -1.04143)
(-0.00678819 -0.00678821 -2.40542)
(0.00678827 -0.00678812 -2.40542)
(0.571687 -0.177305 -1.04143)
(0.605304 -0.13338 0.153964)
(0.229442 -0.0667042 0.20505)
(0.0811338 -0.0374744 0.216325)
(-0.0811337 0.0374743 0.216325)
(-0.229442 0.0667041 0.205049)
(-0.6053 0.133379 0.153964)
(-0.571684 0.177304 -1.04143)
(-0.00678811 0.00678827 -2.40542)
(0.00678817 0.00678815 -2.40542)
(0.571687 0.177306 -1.04143)
(0.605304 0.13338 0.153964)
(0.229442 0.0667042 0.20505)
(0.0811338 0.0374744 0.216325)
(-0.0547773 0.0782123 0.224264)
(-0.157438 0.123482 0.212682)
(-0.324476 0.204405 0.208192)
(-0.525546 0.525543 -0.0935434)
(-0.177305 0.571687 -1.04143)
(0.177306 0.571686 -1.04143)
(0.525547 0.525547 -0.0935425)
(0.324477 0.204406 0.208193)
(0.157438 0.123483 0.212682)
(0.0547773 0.0782123 0.224264)
(-0.0357596 0.0749313 0.233012)
(-0.0989489 0.105369 0.22525)
(-0.162708 0.162708 0.219111)
(-0.204406 0.324476 0.208192)
(-0.13338 0.605304 0.153964)
(0.13338 0.605304 0.153964)
(0.204406 0.324477 0.208193)
(0.162708 0.162708 0.219111)
(0.0989489 0.105369 0.22525)
(0.0357596 0.0749313 0.233012)
(-0.0248282 0.0533994 0.239801)
(-0.0700591 0.0700591 0.233247)
(-0.105369 0.0989489 0.22525)
(-0.123483 0.157438 0.212682)
(-0.0667042 0.229442 0.20505)
(0.0667042 0.229442 0.20505)
(0.123483 0.157438 0.212682)
(0.105369 0.0989489 0.22525)
(0.0700591 0.0700591 0.233247)
(0.0248282 0.0533994 0.239801)
(-0.0191949 0.0191949 0.243927)
(-0.0533994 0.0248282 0.239801)
(-0.0749313 0.0357596 0.233012)
(-0.0782124 0.0547773 0.224264)
(-0.0374744 0.0811338 0.216325)
(0.0374744 0.0811338 0.216325)
(0.0782124 0.0547774 0.224264)
(0.0749313 0.0357596 0.233012)
(0.0533994 0.0248282 0.239801)
(0.0191949 0.0191949 0.243927)
(-0.0201381 -0.0201381 0.28131)
(-0.0557079 -0.0260038 0.278563)
(-0.0779846 -0.0368592 0.273987)
(-0.0810253 -0.0568773 0.269794)
(-0.038749 -0.0806951 0.268075)
(0.038749 -0.0806951 0.268075)
(0.0810253 -0.0568773 0.269794)
(0.0779846 -0.0368592 0.273987)
(0.0557079 -0.0260038 0.278563)
(0.0201381 -0.0201381 0.28131)
(-0.0260038 -0.0557079 0.278563)
(-0.0725336 -0.0725336 0.274106)
(-0.109357 -0.100033 0.271289)
(-0.124883 -0.156422 0.270967)
(-0.0692705 -0.230667 0.279531)
(0.0692706 -0.230667 0.279531)
(0.124883 -0.156422 0.270967)
(0.109357 -0.100033 0.271289)
(0.0725336 -0.0725336 0.274106)
(0.0260038 -0.0557079 0.278563)
(-0.0368592 -0.0779846 0.273987)
(-0.100033 -0.109357 0.271289)
(-0.161492 -0.161492 0.276316)
(-0.202822 -0.329792 0.284803)
(-0.110358 -0.561203 0.12815)
(0.110358 -0.561203 0.12815)
(0.202822 -0.329792 0.284804)
(0.161492 -0.161492 0.276316)
(0.100033 -0.109357 0.271289)
(0.0368592 -0.0779846 0.273988)
(-0.0568773 -0.0810254 0.269794)
(-0.156422 -0.124883 0.270967)
(-0.329792 -0.202822 0.284803)
(-0.452726 -0.452726 -0.203594)
(-0.0554832 -0.264345 -1.37011)
(0.0554836 -0.264345 -1.37011)
(0.452727 -0.452724 -0.203593)
(0.329792 -0.202822 0.284803)
(0.156422 -0.124883 0.270967)
(0.0568773 -0.0810254 0.269794)
(-0.0806951 -0.038749 0.268075)
(-0.230667 -0.0692705 0.279531)
(-0.561203 -0.110358 0.12815)
(-0.264345 -0.0554832 -1.37011)
(0.01224 0.01224 -2.58201)
(-0.0122395 0.0122401 -2.58201)
(0.264348 -0.0554821 -1.37012)
(0.561203 -0.110358 0.12815)
(0.230667 -0.0692706 0.279532)
(0.0806951 -0.038749 0.268075)
(-0.0806951 0.038749 0.268075)
(-0.230666 0.0692706 0.279531)
(-0.561203 0.110358 0.12815)
(-0.264345 0.0554836 -1.37011)
(0.0122401 -0.0122395 -2.58201)
(-0.0122397 -0.0122397 -2.58201)
(0.264347 0.0554825 -1.37012)
(0.561203 0.110359 0.12815)
(0.230666 0.0692707 0.279532)
(0.0806951 0.038749 0.268075)
(-0.0568773 0.0810253 0.269794)
(-0.156422 0.124883 0.270967)
(-0.329792 0.202822 0.284804)
(-0.452724 0.452727 -0.203593)
(-0.0554821 0.264348 -1.37012)
(0.0554825 0.264347 -1.37012)
(0.452725 0.452725 -0.203592)
(0.329791 0.202822 0.284804)
(0.156422 0.124883 0.270967)
(0.0568773 0.0810253 0.269794)
(-0.0368592 0.0779846 0.273987)
(-0.100033 0.109357 0.271289)
(-0.161492 0.161492 0.276317)
(-0.202822 0.329792 0.284803)
(-0.110358 0.561203 0.12815)
(0.110359 0.561203 0.12815)
(0.202822 0.329791 0.284804)
(0.161492 0.161492 0.276317)
(0.100033 0.109357 0.27129)
(0.0368592 0.0779846 0.273988)
(-0.0260038 0.0557079 0.278563)
(-0.0725336 0.0725336 0.274106)
(-0.109357 0.100033 0.271289)
(-0.124883 0.156422 0.270967)
(-0.0692706 0.230667 0.279532)
(0.0692707 0.230666 0.279532)
(0.124883 0.156422 0.270967)
(0.109357 0.100033 0.27129)
(0.0725336 0.0725336 0.274106)
(0.0260038 0.0557079 0.278563)
(-0.0201381 0.0201381 0.28131)
(-0.0557079 0.0260038 0.278563)
(-0.0779846 0.0368592 0.273988)
(-0.0810253 0.0568773 0.269794)
(-0.038749 0.0806951 0.268075)
(0.038749 0.0806951 0.268075)
(0.0810253 0.0568773 0.269794)
(0.0779846 0.0368592 0.273988)
(0.0557079 0.0260038 0.278563)
(0.0201381 0.0201381 0.28131)
(-0.0207565 -0.0207565 0.319978)
(-0.0572569 -0.0266192 0.318373)
(-0.0795364 -0.0367295 0.314622)
(-0.0816409 -0.0563645 0.31391)
(-0.0390774 -0.0749066 0.316066)
(0.0390774 -0.0749066 0.316066)
(0.0816409 -0.0563644 0.313911)
(0.0795364 -0.0367295 0.314622)
(0.0572569 -0.0266192 0.318373)
(0.0207565 -0.0207565 0.319978)
(-0.0266192 -0.057257 0.318373)
(-0.0733297 -0.0733297 0.315578)
(-0.109682 -0.0975782 0.315528)
(-0.119787 -0.14703 0.323572)
(-0.0656514 -0.208371 0.336055)
(0.0656515 -0.208371 0.336055)
(0.119787 -0.147029 0.323572)
(0.109682 -0.0975782 0.315528)
(0.0733297 -0.0733297 0.315578)
(0.0266192 -0.0572569 0.318373)
(-0.0367295 -0.0795364 0.314622)
(-0.0975782 -0.109682 0.315528)
(-0.151569 -0.151569 0.324924)
(-0.176013 -0.298012 0.323971)
(-0.0691075 -0.438424 0.0429597)
(0.0691078 -0.438424 0.0429597)
(0.176013 -0.298011 0.323971)
(0.151569 -0.151569 0.324924)
(0.0975782 -0.109682 0.315528)
(0.0367295 -0.0795364 0.314622)
(-0.0563645 -0.081641 0.31391)
(-0.14703 -0.119787 0.323572)
(-0.298012 -0.176013 0.323971)
(-0.305226 -0.305227 -0.358612)
(0.0119877 -0.0498347 -1.59085)
(-0.0119875 -0.0498346 -1.59085)
(0.305227 -0.305222 -0.358611)
(0.298011 -0.176012 0.323971)
(0.147029 -0.119787 0.323572)
(0.0563644 -0.0816409 0.313911)
(-0.0749066 -0.0390774 0.316066)
(-0.208371 -0.0656514 0.336055)
(-0.438424 -0.0691076 0.0429597)
(-0.0498346 0.0119876 -1.59085)
(0.0115187 0.0115186 -2.64059)
(-0.0115184 0.0115187 -2.64059)
(0.0498337 0.0119895 -1.59085)
(0.438419 -0.0691068 0.0429611)
(0.20837 -0.0656511 0.336056)
(0.0749063 -0.0390773 0.316067)
(-0.0749066 0.0390774 0.316066)
(-0.208371 0.0656515 0.336055)
(-0.438424 0.0691078 0.0429597)
(-0.0498345 -0.0119875 -1.59085)
(0.0115187 -0.0115184 -2.64059)
(-0.0115184 -0.0115184 -2.64059)
(0.0498336 -0.0119894 -1.59085)
(0.438419 0.069107 0.0429611)
(0.20837 0.0656512 0.336056)
(0.0749064 0.0390773 0.316067)
(-0.0563644 0.0816409 0.313911)
(-0.147029 0.119787 0.323572)
(-0.298011 0.176013 0.323971)
(-0.305222 0.305227 -0.358611)
(0.0119895 0.0498337 -1.59085)
(-0.0119894 0.0498335 -1.59085)
(0.305222 0.305222 -0.358609)
(0.29801 0.176012 0.323972)
(0.147029 0.119787 0.323572)
(0.0563644 0.0816409 0.313911)
(-0.0367295 0.0795364 0.314622)
(-0.0975782 0.109682 0.315528)
(-0.151569 0.151569 0.324924)
(-0.176012 0.298011 0.323971)
(-0.0691068 0.438419 0.0429611)
(0.0691071 0.438419 0.0429611)
(0.176012 0.29801 0.323972)
(0.151568 0.151568 0.324924)
(0.0975781 0.109682 0.315528)
(0.0367294 0.0795364 0.314622)
(-0.0266192 0.0572569 0.318373)
(-0.0733297 0.0733297 0.315578)
(-0.109682 0.0975782 0.315528)
(-0.119787 0.147029 0.323572)
(-0.0656511 0.20837 0.336056)
(0.0656512 0.20837 0.336056)
(0.119787 0.147029 0.323572)
(0.109682 0.0975781 0.315528)
(0.0733297 0.0733297 0.315578)
(0.0266192 0.0572569 0.318373)
(-0.0207565 0.0207565 0.319978)
(-0.0572569 0.0266192 0.318373)
(-0.0795364 0.0367295 0.314622)
(-0.0816409 0.0563644 0.313911)
(-0.0390773 0.0749064 0.316067)
(0.0390773 0.0749064 0.316067)
(0.0816409 0.0563644 0.313911)
(0.0795364 0.0367295 0.314622)
(0.0572569 0.0266192 0.318373)
(0.0207565 0.0207565 0.319978)
)
;

boundaryField
{
    bottom
    {
        type            noSlip;
    }
    atmosphere
    {
        type            pressureInletOutletVelocity;
        value           nonuniform List<vector> 0();
    }
    walls
    {
        type            noSlip;
    }
    procBoundary2to0
    {
        type            processor;
        value           nonuniform List<vector> 
100
(
(-0.0211406 -0.0211406 0.35945)
(-0.0585997 -0.0268676 0.35858)
(-0.080507 -0.036083 0.353593)
(-0.0817174 -0.0542825 0.354351)
(-0.03943 -0.0680774 0.353495)
(0.0394301 -0.0680774 0.353495)
(0.0817174 -0.0542824 0.354351)
(0.080507 -0.036083 0.353593)
(0.0585997 -0.0268676 0.35858)
(0.0211406 -0.0211406 0.35945)
(-0.0268676 -0.0585997 0.35858)
(-0.073614 -0.073614 0.356633)
(-0.108151 -0.0945201 0.35508)
(-0.113415 -0.136253 0.365451)
(-0.0598065 -0.175914 0.365192)
(0.0598066 -0.175914 0.365192)
(0.113415 -0.136252 0.365451)
(0.108151 -0.0945201 0.35508)
(0.073614 -0.0736139 0.356633)
(0.0268676 -0.0585997 0.35858)
(-0.036083 -0.080507 0.353593)
(-0.0945201 -0.108151 0.35508)
(-0.139882 -0.139882 0.35616)
(-0.13905 -0.252869 0.319167)
(-0.0330496 -0.315002 -0.0651637)
(0.0330498 -0.315002 -0.0651637)
(0.13905 -0.252869 0.319167)
(0.139882 -0.139882 0.35616)
(0.0945201 -0.108151 0.35508)
(0.036083 -0.080507 0.353593)
(-0.0542825 -0.0817174 0.354351)
(-0.136253 -0.113415 0.365451)
(-0.252869 -0.13905 0.319167)
(-0.175552 -0.175552 -0.511879)
(0.0333951 0.13377 -1.71894)
(-0.0333951 0.13377 -1.71894)
(0.175552 -0.17555 -0.511879)
(0.252869 -0.13905 0.319167)
(0.136253 -0.113415 0.365451)
(0.0542824 -0.0817173 0.354351)
(-0.0680774 -0.03943 0.353495)
(-0.175914 -0.0598065 0.365192)
(-0.315002 -0.0330496 -0.0651638)
(0.13377 0.0333951 -1.71894)
(0.00879339 0.00879338 -2.62154)
(-0.00879336 0.00879338 -2.62154)
(-0.13377 0.0333958 -1.71895)
(0.314999 -0.0330495 -0.0651639)
(0.175913 -0.0598063 0.365192)
(0.0680773 -0.0394299 0.353495)
(-0.0680774 0.0394301 0.353495)
(-0.175914 0.0598066 0.365192)
(-0.315002 0.0330498 -0.0651637)
(0.13377 -0.033395 -1.71894)
(0.00879338 -0.00879335 -2.62154)
(-0.00879335 -0.00879336 -2.62154)
(-0.13377 -0.0333958 -1.71895)
(0.314999 0.0330497 -0.0651638)
(0.175913 0.0598064 0.365192)
(0.0680773 0.03943 0.353495)
(-0.0542824 0.0817174 0.354351)
(-0.136252 0.113415 0.365451)
(-0.252869 0.13905 0.319167)
(-0.17555 0.175552 -0.511879)
(0.0333958 -0.13377 -1.71895)
(-0.0333958 -0.13377 -1.71895)
(0.175551 0.17555 -0.511879)
(0.252869 0.13905 0.319167)
(0.136252 0.113415 0.365451)
(0.0542824 0.0817173 0.354351)
(-0.036083 0.080507 0.353593)
(-0.0945201 0.108151 0.35508)
(-0.139882 0.139882 0.35616)
(-0.13905 0.252869 0.319167)
(-0.0330495 0.314999 -0.0651639)
(0.0330497 0.314999 -0.0651638)
(0.13905 0.252869 0.319167)
(0.139882 0.139882 0.35616)
(0.09452 0.108151 0.35508)
(0.036083 0.0805069 0.353593)
(-0.0268676 0.0585997 0.35858)
(-0.0736139 0.073614 0.356633)
(-0.108151 0.0945201 0.35508)
(-0.113415 0.136253 0.365451)
(-0.0598063 0.175913 0.365192)
(0.0598064 0.175913 0.365192)
(0.113415 0.136252 0.365451)
(0.108151 0.09452 0.35508)
(0.0736139 0.0736139 0.356633)
(0.0268676 0.0585996 0.35858)
(-0.0211406 0.0211406 0.35945)
(-0.0585997 0.0268676 0.35858)
(-0.080507 0.036083 0.353593)
(-0.0817173 0.0542824 0.354351)
(-0.0394299 0.0680773 0.353495)
(0.03943 0.0680773 0.353495)
(0.0817173 0.0542824 0.354351)
(0.0805069 0.036083 0.353593)
(0.0585997 0.0268676 0.35858)
(0.0211406 0.0211406 0.35945)
)
;
    }
    procBoundary2to3
    {
        type            processor;
        value           nonuniform List<vector> 
100
(
(-0.00628405 -0.00628405 0.0493264)
(-0.0174604 -0.00730726 0.0442966)
(-0.0228983 -0.00926069 0.0349883)
(-0.0208915 -0.0115923 0.0246381)
(-0.0091539 -0.0139591 0.0155427)
(0.00915387 -0.0139591 0.0155427)
(0.0208914 -0.0115923 0.0246381)
(0.0228983 -0.00926069 0.0349883)
(0.0174604 -0.00730726 0.0442966)
(0.00628405 -0.00628405 0.0493264)
(-0.00730726 -0.0174604 0.0442966)
(-0.0204453 -0.0204453 0.0379421)
(-0.0272009 -0.0260742 0.0261098)
(-0.0255731 -0.0330988 0.0124712)
(-0.0115346 -0.0400583 -0.000505524)
(0.0115346 -0.0400583 -0.000505515)
(0.0255731 -0.0330988 0.0124712)
(0.0272009 -0.0260743 0.0261097)
(0.0204452 -0.0204453 0.0379421)
(0.00730726 -0.0174604 0.0442966)
(-0.00926069 -0.0228983 0.0349883)
(-0.0260742 -0.0272009 0.0261098)
(-0.035581 -0.035581 0.00943404)
(-0.0348591 -0.0463432 -0.0112239)
(-0.0161497 -0.0579187 -0.0318503)
(0.0161497 -0.0579187 -0.0318503)
(0.0348591 -0.0463432 -0.011224)
(0.035581 -0.035581 0.00943401)
(0.0260742 -0.0272009 0.0261097)
(0.00926069 -0.0228983 0.0349883)
(-0.0115923 -0.0208915 0.0246381)
(-0.0330988 -0.0255731 0.0124712)
(-0.0463432 -0.0348592 -0.0112239)
(-0.0478613 -0.0478613 -0.0421898)
(-0.0231589 -0.0625597 -0.0768905)
(0.0231589 -0.0625597 -0.0768905)
(0.0478613 -0.0478614 -0.0421898)
(0.0463432 -0.0348592 -0.011224)
(0.0330988 -0.0255732 0.0124711)
(0.0115923 -0.0208915 0.0246381)
(-0.0139591 -0.0091539 0.0155427)
(-0.0400583 -0.0115346 -0.000505523)
(-0.0579187 -0.0161497 -0.0318503)
(-0.0625597 -0.0231589 -0.0768905)
(-0.0309745 -0.0309745 -0.1293)
(0.0309745 -0.0309745 -0.1293)
(0.0625596 -0.0231589 -0.0768906)
(0.0579187 -0.0161498 -0.0318504)
(0.0400583 -0.0115346 -0.000505578)
(0.0139591 -0.00915391 0.0155427)
(-0.0139591 0.00915386 0.0155427)
(-0.0400583 0.0115346 -0.00050551)
(-0.0579187 0.0161497 -0.0318503)
(-0.0625597 0.0231589 -0.0768905)
(-0.0309745 0.0309745 -0.1293)
(0.0309745 0.0309744 -0.1293)
(0.0625596 0.0231589 -0.0768906)
(0.0579187 0.0161497 -0.0318504)
(0.0400583 0.0115346 -0.000505566)
(0.0139591 0.00915388 0.0155427)
(-0.0115923 0.0208914 0.0246381)
(-0.0330988 0.0255731 0.0124712)
(-0.0463432 0.0348591 -0.011224)
(-0.0478614 0.0478613 -0.0421898)
(-0.0231589 0.0625596 -0.0768906)
(0.0231589 0.0625596 -0.0768906)
(0.0478613 0.0478613 -0.0421899)
(0.0463432 0.0348591 -0.011224)
(0.0330988 0.0255731 0.0124711)
(0.0115923 0.0208915 0.0246381)
(-0.00926069 0.0228983 0.0349883)
(-0.0260742 0.0272009 0.0261097)
(-0.035581 0.035581 0.00943402)
(-0.0348592 0.0463432 -0.011224)
(-0.0161497 0.0579187 -0.0318504)
(0.0161497 0.0579187 -0.0318504)
(0.0348591 0.0463432 -0.011224)
(0.035581 0.035581 0.00943399)
(0.0260742 0.0272009 0.0261097)
(0.00926069 0.0228983 0.0349883)
(-0.00730726 0.0174604 0.0442966)
(-0.0204453 0.0204452 0.0379421)
(-0.0272009 0.0260742 0.0261097)
(-0.0255732 0.0330988 0.0124711)
(-0.0115346 0.0400583 -0.000505577)
(0.0115346 0.0400583 -0.000505568)
(0.0255731 0.0330988 0.0124711)
(0.0272009 0.0260742 0.0261097)
(0.0204453 0.0204453 0.0379421)
(0.00730726 0.0174604 0.0442966)
(-0.00628406 0.00628406 0.0493264)
(-0.0174604 0.00730726 0.0442966)
(-0.0228983 0.00926069 0.0349883)
(-0.0208915 0.0115923 0.0246381)
(-0.00915391 0.0139591 0.0155427)
(0.00915388 0.0139591 0.0155427)
(0.0208915 0.0115923 0.0246381)
(0.0228983 0.0092607 0.0349883)
(0.0174604 0.00730727 0.0442966)
(0.00628406 0.00628406 0.0493264)
)
;
    }
}


// ************************************************************************* //
