/*--------------------------------*- C++ -*----------------------------------*\
| =========                 |                                                 |
| \\      /  F ield         | OpenFOAM: The Open Source CFD Toolbox           |
|  \\    /   O peration     | Version:  2412                                  |
|   \\  /    A nd           | Website:  www.openfoam.com                      |
|    \\/     M anipulation  |                                                 |
\*---------------------------------------------------------------------------*/
FoamFile
{
    version     2.0;
    format      ascii;
    arch        "LSB;label=32;scalar=64";
    class       surfaceScalarField;
    location    "0.34";
    object      phi;
}
// * * * * * * * * * * * * * * * * * * * * * * * * * * * * * * * * * * * * * //

dimensions      [0 3 -1 0 0 0 0];

oriented        oriented;

internalField   nonuniform List<scalar> 
2700
(
-6.96103e-05
-6.96103e-05
0.000139221
-0.000120065
-8.31565e-05
0.000133611
-0.000132607
-0.000108999
0.00012154
-9.29725e-05
-0.000144077
0.000104443
-7.85494e-11
-0.000179632
8.66598e-05
9.29721e-05
-0.000179632
8.66599e-05
0.000132606
-0.000144077
0.000104443
0.000120065
-0.000108999
0.000121541
6.96103e-05
-8.31568e-05
0.000133611
-6.96105e-05
0.000139221
-8.31565e-05
-0.000120065
0.000133611
-0.000145189
-0.000145189
0.000124066
-0.00016492
-0.000195017
0.000105748
-0.000119659
-0.000264868
7.55307e-05
-1.31469e-10
-0.000338464
3.91725e-05
0.000119659
-0.000338464
3.91727e-05
0.00016492
-0.000264869
7.55307e-05
0.000145189
-0.000195017
0.000105748
8.31566e-05
-0.00014519
0.000124066
-0.000120065
0.000133611
-0.000108999
-0.000132607
0.00012154
-0.000195017
-0.00016492
0.000105748
-0.000231722
-0.000231722
7.34102e-05
-0.000176003
-0.000333225
1.26374e-05
-2.5645e-10
-0.000449734
-6.47317e-05
0.000176002
-0.000449734
-6.47313e-05
0.000231722
-0.000333226
1.2637e-05
0.000195017
-0.000231723
7.34102e-05
0.000108999
-0.00016492
0.000105748
-0.000132607
0.000121541
-0.000144077
-9.29724e-05
0.000104443
-0.000264868
-0.000119659
7.55307e-05
-0.000333225
-0.000176003
1.26374e-05
-0.000270342
-0.000270342
-0.000125764
-4.46948e-10
-0.000382812
-0.000337265
0.000270341
-0.000382811
-0.000337264
0.000333224
-0.000270344
-0.000125766
0.000264868
-0.000176004
1.26372e-05
0.000144077
-0.00011966
7.55308e-05
-9.29729e-05
0.000104443
-0.000179632
-6.81556e-11
8.66598e-05
-0.000338464
-1.20431e-10
3.91725e-05
-0.000449734
-2.44202e-10
-6.47317e-05
-0.000382812
-4.33325e-10
-0.000337265
-8.65071e-10
-8.48815e-10
-0.000765621
0.000382809
-8.02901e-10
-0.00076562
0.000449735
-3.97948e-10
-0.00033727
0.000338465
-2.19e-10
-6.47333e-05
0.000179633
-1.0281e-10
3.9172e-05
-5.42212e-11
8.66598e-05
-0.000179632
9.29721e-05
8.66599e-05
-0.000338464
0.000119659
3.91727e-05
-0.000449734
0.000176002
-6.47313e-05
-0.000382811
0.000270341
-0.000337264
-8.19062e-10
0.000382809
-0.00076562
0.000382808
0.000382808
-0.000765618
0.000449734
0.000270342
-0.000337269
0.000338464
0.000176003
-6.47329e-05
0.000179633
0.000119659
3.91722e-05
9.29726e-05
8.66599e-05
-0.000144077
0.000132606
0.000104443
-0.000264869
0.00016492
7.55307e-05
-0.000333226
0.000231722
1.2637e-05
-0.000270344
0.000333224
-0.000125765
-4.11422e-10
0.000449735
-0.00033727
0.000270342
0.000449734
-0.000337269
0.000333226
0.000333226
-0.000125767
0.000264869
0.000231722
1.26368e-05
0.000144077
0.00016492
7.55308e-05
0.000132607
0.000104443
-0.000108999
0.000120065
0.000121541
-0.000195017
0.000145189
0.000105748
-0.000231723
0.000195017
7.34102e-05
-0.000176004
0.000264868
1.26372e-05
-2.31218e-10
0.000338465
-6.47333e-05
0.000176003
0.000338464
-6.47328e-05
0.000231722
0.000264869
1.26368e-05
0.000195017
0.000195017
7.34103e-05
0.000108999
0.00014519
0.000105749
0.000120065
0.000121541
-8.31568e-05
6.96103e-05
0.000133611
-0.00014519
8.31566e-05
0.000124066
-0.00016492
0.000108999
0.000105748
-0.00011966
0.000144077
7.55308e-05
-1.136e-10
0.000179633
3.9172e-05
0.000119659
0.000179633
3.91722e-05
0.00016492
0.000144077
7.55308e-05
0.00014519
0.000108999
0.000105749
8.31568e-05
8.31568e-05
0.000124066
6.96105e-05
0.000133612
-6.96105e-05
0.000139221
-0.000120065
0.000133611
-0.000132607
0.000121541
-9.29729e-05
0.000104443
-6.43931e-11
8.66598e-05
9.29726e-05
8.66599e-05
0.000132607
0.000104443
0.000120065
0.000121541
6.96105e-05
0.000133612
0.000139221
-7.28346e-05
-7.28346e-05
0.00028489
-0.000124807
-8.74901e-05
0.000273073
-0.000137988
-0.00011518
0.000249902
-9.7433e-05
-0.000153514
0.000217402
-7.01244e-11
-0.000192934
0.000182161
9.74326e-05
-0.000192934
0.000182161
0.000137988
-0.000153515
0.000217402
0.000124807
-0.000115181
0.000249903
7.28346e-05
-8.74904e-05
0.000273074
-7.28348e-05
0.00028489
-8.74901e-05
-0.000124807
0.000273073
-0.000152519
-0.000152519
0.000254124
-0.000174104
-0.00020626
0.000218413
-0.000127346
-0.000285028
0.000160286
-1.24514e-10
-0.000372132
9.10251e-05
0.000127345
-0.000372132
9.10255e-05
0.000174104
-0.000285029
0.000160286
0.000152519
-0.000206261
0.000218413
8.74902e-05
-0.00015252
0.000254124
-0.000124807
0.000273074
-0.00011518
-0.000137988
0.000249902
-0.00020626
-0.000174104
0.000218413
-0.000247049
-0.000247049
0.000154988
-0.000189881
-0.000367451
3.78928e-05
-2.57685e-10
-0.000515257
-0.000111488
0.00018988
-0.000515256
-0.000111487
0.000247049
-0.000367453
3.78922e-05
0.00020626
-0.00024705
0.000154988
0.00011518
-0.000174105
0.000218413
-0.000137989
0.000249903
-0.000153514
-9.74329e-05
0.000217402
-0.000285028
-0.000127346
0.000160286
-0.000367451
-0.000189881
3.78928e-05
-0.000306232
-0.000306232
-0.000248202
-4.91072e-10
-0.000455354
-0.000703398
0.00030623
-0.000455354
-0.000703397
0.000367451
-0.000306234
-0.000248205
0.000285028
-0.000189883
3.78924e-05
0.000153514
-0.000127346
0.000160286
-9.74335e-05
0.000217402
-0.000192934
-6.00106e-11
0.000182161
-0.000372132
-1.1354e-10
9.10251e-05
-0.000515257
-2.45201e-10
-0.000111488
-0.000455354
-4.76679e-10
-0.000703398
-1.10989e-09
-1.09126e-09
-0.00167633
0.000455351
-1.02765e-09
-0.00167633
0.000515257
-4.3285e-10
-0.000703409
0.000372133
-2.17899e-10
-0.000111492
0.000192935
-9.47265e-11
9.10243e-05
-4.57137e-11
0.000182161
-0.000192934
9.74326e-05
0.000182161
-0.000372132
0.000127345
9.10255e-05
-0.000515256
0.00018988
-0.000111487
-0.000455354
0.00030623
-0.000703397
-1.04617e-09
0.000455351
-0.00167633
0.000455351
0.000455351
-0.00167632
0.000515257
0.000306232
-0.000703407
0.000372133
0.000189882
-0.000111491
0.000192935
0.000127346
9.10247e-05
9.74331e-05
0.000182161
-0.000153515
0.000137988
0.000217402
-0.000285029
0.000174104
0.000160286
-0.000367453
0.000247049
3.78922e-05
-0.000306234
0.000367451
-0.000248205
-4.47081e-10
0.000515257
-0.000703409
0.000306232
0.000515257
-0.000703407
0.000367453
0.000367453
-0.000248208
0.000285029
0.00024705
3.78919e-05
0.000153515
0.000174105
0.000160286
0.000137989
0.000217402
-0.000115181
0.000124807
0.000249903
-0.000206261
0.000152519
0.000218413
-0.00024705
0.00020626
0.000154988
-0.000189883
0.000285028
3.78924e-05
-2.30334e-10
0.000372133
-0.000111492
0.000189882
0.000372133
-0.000111491
0.00024705
0.000285029
3.78919e-05
0.000206261
0.000206261
0.000154988
0.000115181
0.00015252
0.000218414
0.000124807
0.000249903
-8.74904e-05
7.28346e-05
0.000273074
-0.00015252
8.74902e-05
0.000254124
-0.000174105
0.00011518
0.000218413
-0.000127346
0.000153514
0.000160286
-1.05388e-10
0.000192935
9.10243e-05
0.000127346
0.000192935
9.10247e-05
0.000174105
0.000153515
0.000160286
0.00015252
0.000115181
0.000218414
8.74904e-05
8.74904e-05
0.000254125
7.28348e-05
0.000273074
-7.28348e-05
0.00028489
-0.000124807
0.000273074
-0.000137989
0.000249903
-9.74335e-05
0.000217402
-5.55677e-11
0.000182161
9.74331e-05
0.000182161
0.000137989
0.000217402
0.000124807
0.000249903
7.28348e-05
0.000273074
0.000284891
-7.51559e-05
-7.51559e-05
0.000435202
-0.000129869
-9.1417e-05
0.000419203
-0.000145345
-0.000122404
0.000387783
-0.000103734
-0.000167713
0.000343504
-4.65866e-11
-0.000216782
0.000295209
0.000103733
-0.000216781
0.000295209
0.000145345
-0.000167714
0.000343504
0.000129869
-0.000122405
0.000387783
7.51559e-05
-9.14172e-05
0.000419204
-7.51561e-05
0.000435202
-9.1417e-05
-0.000129869
0.000419203
-0.000160866
-0.000160866
0.000393021
-0.000187256
-0.00022258
0.000344979
-0.000139801
-0.000320007
0.000265125
-1.05828e-10
-0.000435361
0.000169804
0.0001398
-0.00043536
0.000169804
0.000187256
-0.000320008
0.000265125
0.000160866
-0.000222581
0.00034498
9.14171e-05
-0.000160866
0.000393022
-0.000129869
0.000419204
-0.000122404
-0.000145345
0.000387783
-0.00022258
-0.000187256
0.000344979
-0.000274872
-0.000274872
0.000259572
-0.000216856
-0.000436323
9.61918e-05
-2.56014e-10
-0.000655749
-0.000107956
0.000216855
-0.000655748
-0.000107955
0.000274872
-0.000436325
9.61913e-05
0.000222581
-0.000274874
0.000259573
0.000122405
-0.000187257
0.00034498
-0.000145346
0.000387784
-0.000167713
-0.000103734
0.000343504
-0.000320007
-0.000139801
0.000265125
-0.000436323
-0.000216856
9.61918e-05
-0.00038505
-0.00038505
-0.000350748
-6.27115e-10
-0.000638104
-0.00110609
0.000385048
-0.000638103
-0.00110609
0.000436323
-0.000385053
-0.000350752
0.000320008
-0.000216858
9.61914e-05
0.000167714
-0.000139802
0.000265125
-0.000103734
0.000343504
-0.000216782
-3.60492e-11
0.000295209
-0.000435361
-9.39196e-11
0.000169804
-0.000655749
-2.42351e-10
-0.000107956
-0.000638104
-6.10759e-10
-0.00110609
-1.95975e-09
-1.93596e-09
-0.00295253
0.000638099
-1.82013e-09
-0.00295253
0.00065575
-5.44892e-10
-0.00110611
0.000435363
-2.09462e-10
-0.000107961
0.000216782
-7.41599e-11
0.000169803
-2.24283e-11
0.000295209
-0.000216781
0.000103733
0.000295209
-0.00043536
0.0001398
0.000169804
-0.000655748
0.000216855
-0.000107955
-0.000638103
0.000385048
-0.00110609
-1.84383e-09
0.000638099
-0.00295253
0.000638098
0.000638098
-0.00295252
0.000655749
0.000385051
-0.00110611
0.000435362
0.000216857
-0.00010796
0.000216782
0.000139801
0.000169803
0.000103734
0.000295209
-0.000167714
0.000145345
0.000343504
-0.000320008
0.000187256
0.000265125
-0.000436325
0.000274872
9.61913e-05
-0.000385053
0.000436323
-0.000350752
-5.61014e-10
0.00065575
-0.00110611
0.000385051
0.000655749
-0.00110611
0.000436325
0.000436325
-0.000350756
0.000320009
0.000274874
9.61911e-05
0.000167714
0.000187257
0.000265126
0.000145346
0.000343505
-0.000122405
0.000129869
0.000387783
-0.000222581
0.000160866
0.00034498
-0.000274874
0.000222581
0.000259573
-0.000216858
0.000320008
9.61915e-05
-2.22988e-10
0.000435363
-0.000107961
0.000216856
0.000435362
-0.00010796
0.000274874
0.000320009
9.61911e-05
0.000222581
0.000222581
0.000259573
0.000122405
0.000160866
0.000344981
0.000129869
0.000387784
-9.14172e-05
7.51559e-05
0.000419204
-0.000160866
9.14171e-05
0.000393022
-0.000187257
0.000122405
0.00034498
-0.000139802
0.000167714
0.000265125
-8.56218e-11
0.000216782
0.000169803
0.000139801
0.000216782
0.000169803
0.000187257
0.000167714
0.000265126
0.000160866
0.000122405
0.000344981
9.14173e-05
9.14173e-05
0.000393022
7.51561e-05
0.000419205
-7.51561e-05
0.000435202
-0.000129869
0.000419204
-0.000145346
0.000387784
-0.000103734
0.000343504
-3.23538e-11
0.000295209
0.000103734
0.000295209
0.000145346
0.000343505
0.000129869
0.000387784
7.51561e-05
0.000419205
0.000435203
-7.91044e-05
-7.91044e-05
0.00059341
-0.00013754
-9.76075e-05
0.000575246
-0.000155903
-0.000133206
0.000539352
-0.000112796
-0.000188554
0.000488951
-1.33526e-11
-0.000251292
0.000433705
0.000112796
-0.000251292
0.000433705
0.000155903
-0.000188554
0.000488952
0.00013754
-0.000133207
0.000539353
7.91045e-05
-9.76078e-05
0.000575247
-7.91046e-05
0.000593411
-9.76076e-05
-0.00013754
0.000575246
-0.000173477
-0.000173477
0.000544759
-0.00020657
-0.000246199
0.000491065
-0.000157498
-0.000372093
0.000399592
-7.35844e-11
-0.000534304
0.000295318
0.000157497
-0.000534304
0.000295318
0.00020657
-0.000372094
0.000399592
0.000173477
-0.0002462
0.000491066
9.76076e-05
-0.000173477
0.000544761
-0.00013754
0.000575247
-0.000133206
-0.000155903
0.000539352
-0.000246199
-0.00020657
0.000491065
-0.000314353
-0.000314353
0.000395881
-0.000255003
-0.000546097
0.000210846
-2.4009e-10
-0.000899795
2.5322e-06
0.000255002
-0.000899794
2.53348e-06
0.000314353
-0.0005461
0.000210846
0.000246199
-0.000314355
0.000395882
0.000133206
-0.000206571
0.000491066
-0.000155903
0.000539354
-0.000188554
-0.000112796
0.000488951
-0.000372093
-0.000157498
0.000399592
-0.000546097
-0.000255003
0.000210846
-0.000519217
-0.000519217
-0.000404506
-1.03142e-09
-0.000907684
-0.00161742
0.000519215
-0.000907683
-0.00161742
0.000546097
-0.000519223
-0.000404512
0.000372093
-0.000255005
0.000210846
0.000188554
-0.000157499
0.000399593
-0.000112797
0.000488952
-0.000251292
-4.10698e-12
0.000433705
-0.000534304
-6.28355e-11
0.000295318
-0.000899795
-2.26117e-10
2.53223e-06
-0.000907684
-1.01219e-09
-0.00161742
-3.40517e-09
-3.38102e-09
-0.00476789
0.000907678
-3.25571e-09
-0.00476789
0.000899798
-9.00913e-10
-0.00161746
0.000534307
-1.8622e-10
2.52416e-06
0.000251294
-4.16532e-11
0.000295317
1.36864e-11
0.000433706
-0.000251292
0.000112796
0.000433705
-0.000534304
0.000157497
0.000295318
-0.000899794
0.000255002
2.53352e-06
-0.000907683
0.000519215
-0.00161742
-3.27984e-09
0.000907678
-0.00476789
0.000907677
0.000907677
-0.00476788
0.000899797
0.00051922
-0.00161745
0.000534307
0.000255004
2.52539e-06
0.000251294
0.000157499
0.000295318
0.000112797
0.000433706
-0.000188554
0.000155903
0.000488952
-0.000372094
0.00020657
0.000399592
-0.0005461
0.000314353
0.000210846
-0.000519223
0.000546097
-0.000404512
-9.19961e-10
0.000899798
-0.00161746
0.00051922
0.000899797
-0.00161745
0.000546101
0.000546101
-0.000404517
0.000372095
0.000314355
0.000210846
0.000188555
0.000206571
0.000399594
0.000155903
0.000488953
-0.000133207
0.00013754
0.000539353
-0.0002462
0.000173477
0.000491066
-0.000314355
0.000246199
0.000395882
-0.000255005
0.000372093
0.000210846
-1.99978e-10
0.000534307
2.5242e-06
0.000255004
0.000534307
2.52542e-06
0.000314355
0.000372095
0.000210846
0.0002462
0.0002462
0.000395883
0.000133207
0.000173477
0.000491067
0.00013754
0.000539354
-9.76078e-05
7.91045e-05
0.000575247
-0.000173477
9.76076e-05
0.000544761
-0.000206571
0.000133206
0.000491066
-0.000157499
0.000188554
0.000399593
-5.16314e-11
0.000251294
0.000295317
0.000157499
0.000251294
0.000295318
0.000206571
0.000188555
0.000399594
0.000173477
0.000133207
0.000491067
9.76079e-05
9.76079e-05
0.000544762
7.91046e-05
0.000575248
-7.91046e-05
0.000593411
-0.00013754
0.000575247
-0.000155903
0.000539354
-0.000112797
0.000488952
2.25907e-12
0.000433706
0.000112797
0.000433706
0.000155903
0.000488953
0.00013754
0.000539354
7.91046e-05
0.000575248
0.000593412
-8.37256e-05
-8.37256e-05
0.000760862
-0.000146366
-0.000104628
0.000742514
-0.000167843
-0.000145278
0.000706108
-0.000122896
-0.00021268
0.000656683
5.60053e-11
-0.000291462
0.000602271
0.000122896
-0.000291462
0.000602272
0.000167843
-0.00021268
0.000656684
0.000146366
-0.000145279
0.000706109
8.37256e-05
-0.000104628
0.000742515
-8.37257e-05
0.000760863
-0.000104628
-0.000146366
0.000742514
-0.000187947
-0.000187947
0.000711397
-0.000228728
-0.00027324
0.000659808
-0.000176949
-0.000437542
0.000572675
-2.35509e-11
-0.000666709
0.000493616
0.000176948
-0.000666708
0.000493616
0.000228728
-0.000437544
0.000572676
0.000187947
-0.00027324
0.000659809
0.000104628
-0.000187947
0.000711398
-0.000146366
0.000742516
-0.000145278
-0.000167843
0.000706108
-0.00027324
-0.000228728
0.000659808
-0.000359875
-0.000359875
0.000569152
-0.000302174
-0.000695444
0.000411047
-2.97132e-10
-0.00117374
0.000207393
0.000302173
-0.00117374
0.000207395
0.000359875
-0.00069545
0.00041105
0.00027324
-0.000359877
0.000569154
0.000145278
-0.000228729
0.00065981
-0.000167843
0.00070611
-0.00021268
-0.000122896
0.000656683
-0.000437542
-0.000176949
0.000572675
-0.000695444
-0.000302174
0.000411047
-0.000674646
-0.000674646
-0.000446103
-1.49371e-09
-0.000948199
-0.00251761
0.000674643
-0.0009482
-0.0025176
0.000695445
-0.000674656
-0.000446108
0.000437543
-0.000302177
0.000411048
0.00021268
-0.00017695
0.000572677
-0.000122897
0.000656685
-0.000291462
7.17678e-11
0.000602271
-0.000666709
-1.25749e-11
0.000493616
-0.00117374
-2.79792e-10
0.000207393
-0.000948199
-1.47494e-09
-0.00251761
-3.47695e-09
-3.46515e-09
-0.00666428
0.000948193
-3.7612e-09
-0.00666428
0.00117375
-1.36186e-09
-0.00251767
0.000666714
-2.26531e-10
0.000207383
0.000291464
1.33827e-11
0.000493617
9.24868e-11
0.000602274
-0.000291462
0.000122896
0.000602272
-0.000666708
0.000176948
0.000493616
-0.00117374
0.000302173
0.000207395
-0.0009482
0.000674643
-0.0025176
-3.77309e-09
0.000948193
-0.00666428
0.000948194
0.000948194
-0.00666428
0.00117375
0.000674653
-0.00251766
0.000666713
0.000302176
0.000207384
0.000291464
0.00017695
0.000493617
0.000122897
0.000602274
-0.00021268
0.000167843
0.000656684
-0.000437544
0.000228728
0.000572676
-0.00069545
0.000359875
0.00041105
-0.000674656
0.000695445
-0.000446108
-1.38048e-09
0.00117375
-0.00251767
0.000674653
0.00117375
-0.00251766
0.000695451
0.000695451
-0.000446112
0.000437545
0.000359877
0.000411051
0.000212681
0.000228729
0.000572678
0.000167844
0.000656687
-0.000145279
0.000146366
0.000706109
-0.00027324
0.000187947
0.000659809
-0.000359877
0.00027324
0.000569154
-0.000302177
0.000437543
0.000411048
-2.43628e-10
0.000666714
0.000207383
0.000302176
0.000666713
0.000207384
0.000359877
0.000437545
0.000411051
0.000273241
0.000273241
0.000569156
0.000145279
0.000187947
0.000659811
0.000146366
0.000706111
-0.000104628
8.37256e-05
0.000742515
-0.000187947
0.000104628
0.000711398
-0.000228729
0.000145278
0.00065981
-0.00017695
0.00021268
0.000572677
-1.36094e-12
0.000291464
0.000493617
0.00017695
0.000291464
0.000493617
0.000228729
0.000212681
0.000572678
0.000187947
0.000145279
0.000659811
0.000104628
0.000104628
0.0007114
8.37257e-05
0.000742517
-8.37257e-05
0.000760863
-0.000146366
0.000742516
-0.000167843
0.00070611
-0.000122897
0.000656685
7.74094e-11
0.000602274
0.000122896
0.000602274
0.000167844
0.000656687
0.000146366
0.000706111
8.37257e-05
0.000742517
0.000760864
-8.84508e-05
-8.84508e-05
0.000937763
-0.000155362
-0.000111588
0.000921014
-0.000179641
-0.000156645
0.000887033
-0.000132495
-0.000235778
0.000845315
1.51402e-10
-0.00032871
0.000798486
0.000132495
-0.00032871
0.000798486
0.000179641
-0.000235778
0.000845316
0.000155362
-0.000156646
0.000887034
8.84508e-05
-0.000111589
0.000921015
-8.84509e-05
0.000937764
-0.000111588
-0.000155362
0.000921014
-0.000202115
-0.000202115
0.000892451
-0.000249567
-0.000299234
0.000849848
-0.00019302
-0.000507148
0.000787499
7.16713e-11
-0.000790822
0.000762707
0.00019302
-0.000790821
0.000762708
0.000249567
-0.000507151
0.000787502
0.000202116
-0.000299235
0.000849849
0.000111589
-0.000202116
0.000892452
-0.000155362
0.000921015
-0.000156645
-0.000179641
0.000887033
-0.000299234
-0.000249567
0.000849848
-0.000403171
-0.000403171
0.000777026
-0.000347366
-0.000842539
0.000690632
-2.4485e-10
-0.00124935
0.000318554
0.000347365
-0.00124935
0.000318557
0.000403171
-0.000842547
0.00069064
0.000299234
-0.000403173
0.000777029
0.000156646
-0.000249568
0.00084985
-0.000179642
0.000887035
-0.000235778
-0.000132495
0.000845315
-0.000507148
-0.00019302
0.000787499
-0.000842539
-0.000347366
0.000690632
-0.000733428
-0.000733428
-0.000664323
-1.01331e-09
-0.00069687
-0.00380352
0.000733427
-0.000696871
-0.00380351
0.00084254
-0.000733444
-0.000664324
0.00050715
-0.000347371
0.000690636
0.000235778
-0.000193022
0.000787502
-0.000132496
0.000845318
-0.00032871
1.64387e-10
0.000798486
-0.000790822
8.72092e-11
0.000762707
-0.00124935
-2.27368e-10
0.000318554
-0.00069687
-1.00278e-09
-0.00380352
-1.65438e-09
-1.65208e-09
-0.00805802
0.000696867
-2.04083e-09
-0.00805802
0.00124936
-1.00516e-09
-0.0038036
0.000790829
-1.74468e-10
0.000318542
0.000328713
1.18969e-10
0.000762712
1.83681e-10
0.00079849
-0.00032871
0.000132495
0.000798486
-0.000790821
0.00019302
0.000762708
-0.00124935
0.000347365
0.000318557
-0.000696871
0.000733427
-0.00380351
-2.04318e-09
0.000696867
-0.00805802
0.000696869
0.000696869
-0.00805802
0.00124936
0.000733443
-0.00380359
0.000790829
0.00034737
0.000318545
0.000328712
0.000193021
0.000762712
0.000132496
0.00079849
-0.000235778
0.000179641
0.000845316
-0.000507151
0.000249567
0.000787502
-0.000842547
0.000403171
0.00069064
-0.000733444
0.00084254
-0.000664324
-1.01558e-09
0.00124936
-0.0038036
0.000733443
0.00124936
-0.00380359
0.000842549
0.000842549
-0.000664324
0.000507152
0.000403173
0.000690645
0.000235779
0.000249568
0.000787505
0.000179642
0.000845319
-0.000156646
0.000155362
0.000887034
-0.000299235
0.000202116
0.00084985
-0.000403173
0.000299234
0.000777029
-0.000347371
0.00050715
0.000690636
-1.91831e-10
0.000790829
0.000318542
0.00034737
0.000790829
0.000318545
0.000403173
0.000507152
0.000690645
0.000299235
0.000299235
0.000777033
0.000156646
0.000202116
0.000849852
0.000155362
0.000887036
-0.000111589
8.84508e-05
0.000921015
-0.000202116
0.000111589
0.000892452
-0.000249568
0.000156646
0.00084985
-0.000193022
0.000235778
0.000787502
1.04275e-10
0.000328713
0.000762712
0.000193021
0.000328712
0.000762712
0.000249568
0.000235779
0.000787505
0.000202116
0.000156646
0.000849852
0.000111589
0.000111589
0.000892454
8.84509e-05
0.000921017
-8.84509e-05
0.000937764
-0.000155362
0.000921015
-0.000179642
0.000887035
-0.000132496
0.000845318
1.70902e-10
0.00079849
0.000132496
0.00079849
0.000179642
0.000845319
0.000155362
0.000887036
8.84509e-05
0.000921017
0.000937765
-9.28067e-05
-9.28067e-05
0.00112338
-0.000163568
-0.000117493
0.00110927
-0.000189686
-0.000165296
0.00107845
-0.000140839
-0.000252605
0.00104907
2.66514e-10
-0.000358807
0.00101645
0.000140839
-0.000358807
0.00101645
0.000189686
-0.000252605
0.00104908
0.000163568
-0.000165296
0.00107845
9.28067e-05
-0.000117493
0.00110927
-9.28067e-05
0.00112338
-0.000117493
-0.000163568
0.00110927
-0.000213811
-0.000213811
0.00108509
-0.000264433
-0.00031939
0.00105456
-0.000201056
-0.000558543
0.00103006
1.88935e-10
-0.000849699
0.00105254
0.000201057
-0.000849698
0.00105254
0.000264433
-0.000558545
0.00103006
0.000213811
-0.000319391
0.00105457
0.000117493
-0.000213812
0.00108509
-0.000163568
0.00110927
-0.000165296
-0.000189686
0.00107845
-0.00031939
-0.000264433
0.00105456
-0.000435598
-0.000435598
0.00100944
-0.0003649
-0.00088553
0.000946921
2.16683e-10
-0.000991563
9.55175e-05
0.000364901
-0.000991563
9.55207e-05
0.000435598
-0.000885542
0.00094694
0.00031939
-0.000435602
0.00100945
0.000165296
-0.000264434
0.00105457
-0.000189686
0.00107845
-0.000252605
-0.000140839
0.00104907
-0.000558543
-0.000201056
0.00103006
-0.00088553
-0.0003649
0.000946922
-0.000617495
-0.000617495
-0.00120039
7.15637e-10
-0.000333796
-0.00507878
0.000617497
-0.000333797
-0.00507877
0.000885532
-0.000617512
-0.00120039
0.000558544
-0.000364906
0.000946928
0.000252606
-0.000201058
0.00103006
-0.000140839
0.00104908
-0.000358807
2.81789e-10
0.00101645
-0.000849699
2.05916e-10
0.00105254
-0.000991563
2.32686e-10
9.55176e-05
-0.000333796
7.20782e-10
-0.00507878
5.32702e-11
5.07883e-11
-0.00872561
0.000333797
-8.85717e-12
-0.00872561
0.000991579
7.34473e-10
-0.0050789
0.000849712
2.96362e-10
9.55037e-05
0.00035881
2.33431e-10
0.00105255
2.9926e-10
0.00101646
-0.000358807
0.000140839
0.00101645
-0.000849698
0.000201057
0.00105254
-0.000991563
0.000364901
9.55208e-05
-0.000333797
0.000617497
-0.00507877
-7.29453e-12
0.000333797
-0.00872561
0.000333798
0.000333798
-0.00872562
0.00099158
0.000617515
-0.00507889
0.000849711
0.000364906
9.55074e-05
0.00035881
0.000201058
0.00105256
0.00014084
0.00101646
-0.000252605
0.000189686
0.00104908
-0.000558545
0.000264433
0.00103006
-0.000885542
0.000435598
0.00094694
-0.000617512
0.000885532
-0.00120039
7.29377e-10
0.000991579
-0.0050789
0.000617515
0.00099158
-0.00507889
0.000885544
0.000885544
-0.00120038
0.000558547
0.000435602
0.000946947
0.000252606
0.000264434
0.00103007
0.000189686
0.00104908
-0.000165296
0.000163568
0.00107845
-0.000319391
0.000213811
0.00105457
-0.000435602
0.00031939
0.00100945
-0.000364906
0.000558544
0.000946928
2.79851e-10
0.000849712
9.55038e-05
0.000364906
0.000849711
9.55074e-05
0.000435602
0.000558547
0.000946947
0.000319391
0.000319391
0.00100945
0.000165296
0.000213812
0.00105457
0.000163568
0.00107845
-0.000117493
9.28067e-05
0.00110927
-0.000213812
0.000117493
0.00108509
-0.000264434
0.000165296
0.00105457
-0.000201058
0.000252606
0.00103006
2.16694e-10
0.00035881
0.00105256
0.000201058
0.00035881
0.00105256
0.000264434
0.000252606
0.00103007
0.000213812
0.000165296
0.00105457
0.000117493
0.000117493
0.00108509
9.28067e-05
0.00110927
-9.28067e-05
0.00112338
-0.000163568
0.00110927
-0.000189686
0.00107845
-0.000140839
0.00104908
2.84079e-10
0.00101646
0.00014084
0.00101646
0.000189686
0.00104908
0.000163568
0.00107845
9.28067e-05
0.00110927
0.00112338
-9.65679e-05
-9.65679e-05
0.00131651
-0.000170549
-0.000121757
0.00130501
-0.000197065
-0.000170024
0.00127499
-0.000147362
-0.000259162
0.00125853
3.83994e-10
-0.000363625
0.00123272
0.000147363
-0.000363624
0.00123272
0.000197065
-0.000259161
0.00125853
0.000170549
-0.000170024
0.00127499
9.65679e-05
-0.000121756
0.00130501
-9.65678e-05
0.00131651
-0.000121757
-0.000170549
0.00130501
-0.000221634
-0.000221634
0.00128484
-0.000270423
-0.00032918
0.00126251
-0.000199678
-0.000574403
0.00127456
3.98664e-10
-0.000801726
0.00129097
0.000199678
-0.000801725
0.00129097
0.000270422
-0.000574403
0.00127456
0.000221634
-0.00032918
0.00126251
0.000121756
-0.000221633
0.00128484
-0.000170549
0.00130501
-0.000170024
-0.000197065
0.00127499
-0.00032918
-0.000270423
0.00126251
-0.000439467
-0.000439467
0.00123002
-0.000344125
-0.000794917
0.00107209
1.27608e-09
-0.000652083
-0.000398252
0.000344128
-0.000652082
-0.000398249
0.000439466
-0.00079492
0.00107212
0.000329179
-0.00043947
0.00123002
0.000170024
-0.000270423
0.00126251
-0.000197065
0.00127499
-0.000259162
-0.000147362
0.00125853
-0.000574403
-0.000199678
0.00127456
-0.000794917
-0.000344125
0.00107209
-0.000425225
-0.000425225
-0.00193978
1.95159e-09
-9.67595e-05
-0.00605933
0.000425233
-9.67594e-05
-0.00605933
0.000794918
-0.000425225
-0.00193977
0.000574404
-0.000344126
0.0010721
0.000259162
-0.000199678
0.00127456
-0.000147362
0.00125854
-0.000363625
3.99128e-10
0.00123272
-0.000801726
4.12946e-10
0.00129097
-0.000652083
1.28966e-09
-0.000398252
-9.67594e-05
1.96512e-09
-0.00605933
8.34034e-10
8.31164e-10
-0.00891913
9.67621e-05
8.53378e-10
-0.00891914
0.000652097
2.00476e-09
-0.00605946
0.00080174
1.39792e-09
-0.000398267
0.000363629
4.42304e-10
0.00129099
4.13648e-10
0.00123273
-0.000363624
0.000147363
0.00123272
-0.000801725
0.000199678
0.00129097
-0.000652082
0.000344128
-0.000398249
-9.67593e-05
0.000425233
-0.00605933
8.5627e-10
9.67621e-05
-0.00891914
9.6762e-05
9.6762e-05
-0.00891914
0.000652096
0.000425233
-0.00605945
0.000801739
0.000344129
-0.000398264
0.000363628
0.000199679
0.00129099
0.000147363
0.00123273
-0.000259161
0.000197065
0.00125853
-0.000574403
0.000270422
0.00127456
-0.00079492
0.000439466
0.00107212
-0.000425225
0.000794918
-0.00193977
1.99086e-09
0.000652097
-0.00605946
0.000425233
0.000652096
-0.00605945
0.000794921
0.000794921
-0.00193976
0.000574404
0.000439468
0.00107212
0.000259161
0.000270423
0.00127457
0.000197065
0.00125854
-0.000170024
0.000170549
0.00127499
-0.00032918
0.000221634
0.00126251
-0.00043947
0.000329179
0.00123002
-0.000344126
0.000574404
0.0010721
1.38398e-09
0.00080174
-0.000398267
0.000344129
0.000801739
-0.000398264
0.000439468
0.000574404
0.00107213
0.000329179
0.000329179
0.00123003
0.000170024
0.000221633
0.00126251
0.000170549
0.00127499
-0.000121756
9.65679e-05
0.00130501
-0.000221633
0.000121756
0.00128484
-0.000270423
0.000170024
0.00126251
-0.000199678
0.000259162
0.00127456
4.28192e-10
0.000363629
0.00129099
0.000199679
0.000363628
0.00129099
0.000270423
0.000259161
0.00127457
0.000221633
0.000170024
0.00126251
0.000121756
0.000121756
0.00128485
9.65678e-05
0.00130501
-9.65678e-05
0.00131651
-0.000170549
0.00130501
-0.000197065
0.00127499
-0.000147362
0.00125854
3.9862e-10
0.00123273
0.000147363
0.00123273
0.000197065
0.00125854
0.000170549
0.00127499
9.65678e-05
0.00130501
0.00131651
-9.98322e-05
-9.98322e-05
0.00151618
-0.000176603
-0.000124502
0.00150628
-0.00020236
-0.000171446
0.00147219
-0.000153602
-0.000256133
0.00146591
4.98768e-10
-0.000352112
0.00143123
0.000153603
-0.000352112
0.00143123
0.00020236
-0.000256131
0.00146591
0.000176603
-0.000171446
0.00147219
9.98321e-05
-0.000124502
0.00150628
-9.9832e-05
0.00151618
-0.000124502
-0.000176603
0.00150628
-0.000226036
-0.000226036
0.00148791
-0.000268792
-0.000329919
0.00146374
-0.000196838
-0.000554042
0.00150051
7.87656e-10
-0.00069467
0.00143668
0.00019684
-0.000694669
0.00143668
0.000268791
-0.000554034
0.00150051
0.000226036
-0.000329917
0.00146374
0.000124502
-0.000226035
0.00148791
-0.000176602
0.00150628
-0.000171446
-0.00020236
0.00147219
-0.000329919
-0.000268792
0.00146374
-0.000419992
-0.000419992
0.00141016
-0.000305597
-0.000632197
0.00103585
1.87577e-09
-0.000394916
-0.0010036
0.000305602
-0.000394915
-0.0010036
0.00041999
-0.000632172
0.00103587
0.000329917
-0.000419985
0.00141017
0.000171446
-0.000268791
0.00146374
-0.000202359
0.00147219
-0.000256133
-0.000153602
0.00146591
-0.000554042
-0.000196838
0.00150051
-0.000632197
-0.000305597
0.00103585
-0.000269716
-0.000269716
-0.00266474
1.78679e-09
1.91883e-05
-0.00674315
0.000269725
1.91877e-05
-0.00674315
0.000632197
-0.000269685
-0.00266473
0.000554038
-0.000305583
0.00103585
0.000256132
-0.000196836
0.00150051
-0.000153601
0.00146591
-0.000352112
5.15562e-10
0.00143123
-0.00069467
8.01701e-10
0.00143668
-0.000394916
1.89477e-09
-0.0010036
1.91883e-05
1.80611e-09
-0.00674315
6.49866e-10
6.47501e-10
-0.00888076
-1.91882e-05
6.46527e-10
-0.00888076
0.000394898
1.72773e-09
-0.00674323
0.000694653
2.02096e-09
-0.00100361
0.000352107
8.37191e-10
0.0014367
5.27202e-10
0.00143123
-0.000352112
0.000153603
0.00143123
-0.000694669
0.00019684
0.00143668
-0.000394915
0.000305602
-0.0010036
1.91877e-05
0.000269725
-0.00674315
6.48911e-10
-1.91882e-05
-0.00888076
-1.91878e-05
-1.91878e-05
-0.00888076
0.000394896
0.000269693
-0.00674323
0.000694653
0.000305588
-0.00100361
0.000352107
0.000196837
0.0014367
0.000153602
0.00143123
-0.000256131
0.00020236
0.00146591
-0.000554034
0.000268791
0.00150051
-0.000632172
0.00041999
0.00103587
-0.000269685
0.000632197
-0.00266473
1.70796e-09
0.000394898
-0.00674323
0.000269693
0.000394896
-0.00674323
0.000632171
0.000632171
-0.00266472
0.00055403
0.000419983
0.00103587
0.00025613
0.00026879
0.00150052
0.000202359
0.00146591
-0.000171446
0.000176603
0.00147219
-0.000329917
0.000226036
0.00146374
-0.000419985
0.000329917
0.00141017
-0.000305583
0.000554038
0.00103585
2.00141e-09
0.000694653
-0.00100361
0.000305588
0.000694653
-0.00100361
0.000419983
0.00055403
0.00103587
0.000329915
0.000329915
0.00141017
0.000171445
0.000226035
0.00146374
0.000176602
0.00147219
-0.000124502
9.98321e-05
0.00150628
-0.000226035
0.000124502
0.00148791
-0.000268791
0.000171446
0.00146374
-0.000196836
0.000256132
0.00150051
8.23208e-10
0.000352107
0.0014367
0.000196837
0.000352107
0.0014367
0.00026879
0.00025613
0.00150052
0.000226035
0.000171445
0.00146374
0.000124502
0.000124502
0.00148791
9.98319e-05
0.00150628
-9.9832e-05
0.00151618
-0.000176602
0.00150628
-0.000202359
0.00147219
-0.000153601
0.00146591
5.105e-10
0.00143123
0.000153602
0.00143123
0.000202359
0.00146591
0.000176602
0.00147219
9.98319e-05
0.00150628
0.00151618
-0.000103022
-0.000103022
-0.00018272
-0.000126619
-0.000207291
-0.000172128
-0.000161098
-0.000247915
5.6325e-10
-0.000336861
0.000161099
-0.000336861
0.000207291
-0.000247913
0.00018272
-0.000172127
0.000103022
-0.000126619
-0.000103022
-0.000126619
-0.00018272
-0.000229233
-0.000229233
-0.000264634
-0.000327072
-0.000200453
-0.000513484
9.35427e-10
-0.00058474
0.000200455
-0.00058474
0.000264634
-0.000513476
0.000229233
-0.00032707
0.000126619
-0.000229232
-0.000182719
-0.000172128
-0.000207291
-0.000327072
-0.000264634
-0.000391204
-0.000391204
-0.000270009
-0.0004694
1.27535e-09
-0.000213615
0.000270012
-0.000213614
0.000391203
-0.000469377
0.000327071
-0.000391195
0.000172127
-0.000264632
-0.00020729
-0.000247915
-0.000161098
-0.000513484
-0.000200453
-0.0004694
-0.00027001
-0.00016853
-0.00016853
1.17398e-09
8.86096e-05
0.000168534
8.86091e-05
0.000469399
-0.000168504
0.00051348
-0.000269997
0.000247913
-0.000200449
-0.000161096
-0.000336861
5.80047e-10
-0.00058474
9.48124e-10
-0.000213615
1.30216e-09
8.86096e-05
1.18063e-09
1.26138e-10
1.25701e-10
-8.86102e-05
1.46786e-10
0.000213587
1.04772e-09
0.00058471
1.35806e-09
0.00033685
9.65341e-10
5.76731e-10
-0.000336861
0.000161099
-0.00058474
0.000200455
-0.000213614
0.000270012
8.86091e-05
0.000168534
1.47226e-10
-8.86102e-05
-8.86104e-05
-8.86103e-05
0.000213587
0.000168507
0.00058471
0.00027
0.00033685
0.000200451
0.000161097
-0.000247913
0.000207291
-0.000513476
0.000264634
-0.000469377
0.000391203
-0.000168504
0.000469399
1.04058e-09
0.000213587
0.000168507
0.000213587
0.000469376
0.000469376
0.000513472
0.000391194
0.000247911
0.000264632
0.00020729
-0.000172127
0.00018272
-0.00032707
0.000229233
-0.000391195
0.000327071
-0.000269997
0.00051348
1.33005e-09
0.00058471
0.00027
0.00058471
0.000391194
0.000513472
0.000327068
0.000327068
0.000172126
0.000229232
0.000182719
-0.000126619
0.000103022
-0.000229232
0.000126619
-0.000264632
0.000172127
-0.000200449
0.000247913
9.52765e-10
0.00033685
0.000200451
0.00033685
0.000264632
0.000247911
0.000229232
0.000172126
0.000126619
0.000126619
0.000103022
-0.000103022
-0.000182719
-0.00020729
-0.000161096
5.59958e-10
0.000161097
0.00020729
0.000182719
0.000103022
)
;

boundaryField
{
    bottom
    {
        type            calculated;
        value           uniform 0;
    }
    atmosphere
    {
        type            calculated;
        value           nonuniform List<scalar> 0();
    }
    walls
    {
        type            calculated;
        value           uniform 0;
    }
    procBoundary3to2
    {
        type            processor;
        value           nonuniform List<scalar> 
100
(
0.00172222
0.0017126
0.00166889
0.00166763
0.00160699
0.00160699
0.00166763
0.00166889
0.0017126
0.00172222
0.0017126
0.00169314
0.00165408
0.0017019
0.00148411
0.00148411
0.0017019
0.00165408
0.00169314
0.0017126
0.00166889
0.00165408
0.00153843
0.000870575
-0.00164474
-0.00164474
0.00087058
0.00153842
0.00165408
0.00166889
0.00166763
0.0017019
0.000870575
-0.00326648
-0.00721391
-0.00721391
-0.00326647
0.000870575
0.0017019
0.00166763
0.00160699
0.00148411
-0.00164474
-0.00721391
-0.00870354
-0.00870354
-0.00721393
-0.00164473
0.00148411
0.00160699
0.00160699
0.00148411
-0.00164474
-0.00721391
-0.00870354
-0.00870354
-0.00721393
-0.00164473
0.00148411
0.00160699
0.00166763
0.0017019
0.00087058
-0.00326647
-0.00721393
-0.00721393
-0.00326645
0.00087058
0.0017019
0.00166763
0.00166889
0.00165408
0.00153842
0.000870575
-0.00164473
-0.00164473
0.00087058
0.00153842
0.00165408
0.00166889
0.0017126
0.00169314
0.00165408
0.0017019
0.00148411
0.00148411
0.0017019
0.00165408
0.00169314
0.0017126
0.00172222
0.0017126
0.00166889
0.00166763
0.00160699
0.00160699
0.00166763
0.00166889
0.0017126
0.00172222
)
;
    }
}


// ************************************************************************* //
