/*--------------------------------*- C++ -*----------------------------------*\
| =========                 |                                                 |
| \\      /  F ield         | OpenFOAM: The Open Source CFD Toolbox           |
|  \\    /   O peration     | Version:  2412                                  |
|   \\  /    A nd           | Website:  www.openfoam.com                      |
|    \\/     M anipulation  |                                                 |
\*---------------------------------------------------------------------------*/
FoamFile
{
    version     2.0;
    format      ascii;
    arch        "LSB;label=32;scalar=64";
    class       volScalarField;
    location    "0.51";
    object      p;
}
// * * * * * * * * * * * * * * * * * * * * * * * * * * * * * * * * * * * * * //

dimensions      [1 -1 -2 0 0 0 0];

internalField   nonuniform List<scalar> 
4000
(
1140.51
459.275
367.44
307.27
343.824
343.824
307.27
367.44
459.275
1140.51
459.275
65.7932
41.2714
37.0111
51.8062
51.8066
37.0113
41.2714
65.7933
459.275
367.44
41.2714
52.9198
47.9194
50.8327
50.8325
47.9195
52.9198
41.2714
367.44
307.27
37.0111
47.9194
50.7176
62.2813
62.2809
50.7175
47.9194
37.0111
307.27
343.824
51.8062
50.8327
62.2813
124.841
124.841
62.2813
50.8327
51.8063
343.824
343.823
51.8067
50.8324
62.2808
124.841
124.841
62.2808
50.8325
51.8068
343.823
307.27
37.0114
47.9195
50.7176
62.2812
62.2809
50.7175
47.9195
37.0114
307.27
367.44
41.2715
52.9198
47.9194
50.8327
50.8325
47.9195
52.9198
41.2715
367.44
459.275
65.7933
41.2714
37.0112
51.8064
51.8067
37.0113
41.2715
65.7934
459.275
1140.51
459.276
367.44
307.27
343.824
343.824
307.27
367.44
459.275
1140.51
549.779
87.9674
20.3763
13.7538
7.69494
7.69453
13.7538
20.3763
87.9675
549.779
87.9674
-7.40053
11.2426
6.93754
10.2383
10.2383
6.93766
11.2428
-7.40042
87.9676
20.3763
11.2426
25.6329
20.0971
22.2452
22.245
20.0972
25.6329
11.2428
20.3765
13.7538
6.93753
20.0971
15.2053
19.7593
19.759
15.2053
20.0971
6.93761
13.7539
7.69496
10.2383
22.2452
19.7593
36.8055
36.8052
19.7593
22.2452
10.2384
7.69489
7.69441
10.2384
22.245
19.7589
36.8051
36.8049
19.7589
22.245
10.2384
7.69438
13.7538
6.93771
20.0972
15.2053
19.7593
19.759
15.2053
20.0972
6.93777
13.7539
20.3763
11.2428
25.6329
20.0971
22.2452
22.2451
20.0972
25.6329
11.2429
20.3765
87.9676
-7.40036
11.2428
6.93766
10.2384
10.2384
6.93776
11.2429
-7.40028
87.9677
549.779
87.9677
20.3765
13.754
7.6949
7.69453
13.754
20.3765
87.9677
549.779
366.413
70.5941
49.7206
49.1909
48.6383
48.6382
49.191
49.7205
70.5942
366.413
70.5941
-8.15167
15.8078
8.6924
13.9188
13.9189
8.69256
15.8079
-8.15157
70.5942
49.7206
15.8078
32.2248
23.5212
24.8223
24.8221
23.5213
32.2248
15.8079
49.7205
49.1909
8.69239
23.5212
18.9388
21.189
21.1887
18.9387
23.5212
8.69249
49.1908
48.6383
13.9188
24.8223
21.189
23.2195
23.2192
21.1889
24.8222
13.9188
48.6383
48.6381
13.9189
24.822
21.1886
23.2192
23.2189
21.1886
24.822
13.9189
48.6381
49.191
8.69263
23.5213
18.9387
21.1889
21.1887
18.9387
23.5213
8.6927
49.191
49.7205
15.808
32.2248
23.5212
24.8223
24.8221
23.5213
32.2248
15.8081
49.7204
70.5943
-8.15152
15.8079
8.69254
13.9189
13.9189
8.69268
15.808
-8.15144
70.5943
366.413
70.5943
49.7206
49.1909
48.6383
48.6382
49.191
49.7204
70.5944
366.413
263.684
39.6492
53.2785
45.9843
47.5263
47.5262
45.9846
53.2785
39.6494
263.684
39.6492
-20.0681
11.7187
2.77926
8.76425
8.76429
2.77942
11.7188
-20.068
39.6494
53.2785
11.7187
24.1633
18.7598
20.7819
20.7817
18.7599
24.1634
11.7188
53.2785
45.9843
2.77925
18.7598
15.1229
18.2017
18.2015
15.1228
18.7598
2.77938
45.9845
47.5264
8.76426
20.7819
18.2018
21.5781
21.5779
18.2017
20.7819
8.76433
47.5264
47.5262
8.76432
20.7817
18.2014
21.5779
21.5777
18.2014
20.7817
8.76438
47.5262
45.9847
2.77949
18.7599
15.1229
18.2017
18.2015
15.1228
18.76
2.77958
45.9848
53.2785
11.7189
24.1634
18.7598
20.7819
20.7818
18.7599
24.1635
11.7189
53.2785
39.6495
-20.068
11.7188
2.77943
8.76435
8.76439
2.77957
11.7189
-20.0678
39.6497
263.684
39.6495
53.2786
45.9846
47.5264
47.5263
45.9848
53.2786
39.6497
263.684
167.991
21.1438
34.0707
26.7005
31.9663
31.9665
26.7009
34.0709
21.1441
167.991
21.1438
-22.6024
12.3282
-1.76885
6.0297
6.02974
-1.76872
12.3284
-22.6024
21.144
34.0707
12.3282
21.8955
15.8854
18.7044
18.7043
15.8855
21.8957
12.3284
34.071
26.7005
-1.76884
15.8853
11.8484
15.5356
15.5355
11.8485
15.8854
-1.76871
26.7008
31.9663
6.02972
18.7045
15.5356
18.8797
18.8795
15.5357
18.7045
6.02981
31.9665
31.9666
6.02977
18.7043
15.5354
18.8795
18.8793
15.5355
18.7043
6.02985
31.9667
26.701
-1.76866
15.8856
11.8486
15.5357
15.5355
11.8487
15.8856
-1.76855
26.7012
34.071
12.3285
21.8957
15.8854
18.7045
18.7043
15.8856
21.8958
12.3287
34.0712
21.1442
-22.6023
12.3285
-1.76866
6.02982
6.02986
-1.76856
12.3287
-22.6023
21.1443
167.991
21.1441
34.071
26.7008
31.9665
31.9666
26.7011
34.0712
21.1443
167.992
102.233
11.2976
19.6497
10.6947
18.212
18.2124
10.6949
19.6499
11.2978
102.233
11.2976
-25.5524
5.53416
-9.15575
2.45634
2.45655
-9.1557
5.53444
-25.5523
11.2978
19.6498
5.53415
15.4602
9.65009
14.716
14.716
9.65035
15.4604
5.53433
19.6499
10.6947
-9.15573
9.65009
6.76076
11.7799
11.7801
6.76109
9.65022
-9.15564
10.6949
18.2119
2.45635
14.716
11.7799
15.5247
15.5247
11.78
14.716
2.45647
18.2121
18.2125
2.45662
14.716
11.7801
15.5247
15.5247
11.7802
14.716
2.45672
18.2126
10.695
-9.15566
9.65043
6.76118
11.7801
11.7802
6.76151
9.65051
-9.15559
10.6952
19.65
5.53457
15.4604
9.65025
14.716
14.7161
9.65046
15.4606
5.5347
19.6502
11.298
-25.5522
5.53442
-9.15561
2.45651
2.4567
-9.15558
5.53465
-25.5522
11.2981
102.233
11.2979
19.65
10.6949
18.2122
18.2125
10.6951
19.6502
11.298
102.234
59.4352
5.1272
10.3977
-0.331639
4.85316
4.85341
-0.331697
10.3978
5.12746
59.4355
5.1272
-26.5826
0.550658
-13.8121
-1.37496
-1.37484
-13.8122
0.551012
-26.5824
5.12735
10.3977
0.550642
8.97628
2.45038
10.4903
10.4906
2.45047
8.97644
0.550794
10.3978
-0.331612
-13.8121
2.4504
1.10774
7.52486
7.52565
1.10798
2.45057
-13.812
-0.331508
4.85315
-1.37494
10.4903
7.52486
11.2778
11.2782
7.52507
10.4904
-1.37483
4.85329
4.85347
-1.37483
10.4907
7.52585
11.2783
11.2786
7.52598
10.4907
-1.37473
4.85358
-0.331721
-13.8123
2.45051
1.10805
7.52513
7.52584
1.10826
2.45065
-13.8122
-0.331621
10.3979
0.551185
8.97653
2.45059
10.4904
10.4907
2.45065
8.97664
0.551269
10.398
5.12758
-26.5823
0.550893
-13.812
-1.3748
-1.3747
-13.8121
0.55118
-26.5821
5.12768
59.4356
5.12744
10.3979
-0.331481
4.85335
4.85357
-0.331545
10.398
5.12765
59.4358
32.5542
1.64715
3.86432
-4.53381
-2.91541
-2.91556
-4.53428
3.86448
1.6474
32.5544
1.64715
-24.4921
-2.10391
-15.597
-5.88084
-5.88101
-15.5974
-2.10324
-24.4918
1.64729
3.86432
-2.10395
3.9213
-2.10911
5.82249
5.82287
-2.10936
3.92155
-2.10378
3.86445
-4.53375
-15.597
-2.10906
-3.75995
2.84356
2.84447
-3.75998
-2.10898
-15.5969
-4.53369
-2.91537
-5.8808
5.82251
2.8436
5.88453
5.88496
2.84375
5.82268
-5.88072
-2.91528
-2.91561
-5.88111
5.82299
2.84475
5.88507
5.88544
2.8448
5.82312
-5.88101
-2.9155
-4.53446
-15.5976
-2.10943
-3.75998
2.84374
2.84456
-3.75999
-2.10933
-15.5975
-4.53435
3.86458
-2.10293
3.92166
-2.10899
5.8227
5.82303
-2.10922
3.92184
-2.10286
3.86466
1.64751
-24.4916
-2.10366
-15.5969
-5.88073
-5.88089
-15.5973
-2.10309
-24.4914
1.64761
32.5545
1.64737
3.86451
-4.5337
-2.91528
-2.91541
-4.53412
3.86464
1.64758
32.5547
16.9614
-0.0228492
1.0353
-4.57646
-3.61466
-3.61515
-4.57679
1.03539
-0.0226741
16.9615
-0.0228523
-19.4733
-2.6011
-13.79
-8.5902
-8.59045
-13.7902
-2.60103
-19.4731
-0.0227432
1.03531
-2.60107
1.66051
-3.86911
2.38639
2.38675
-3.86946
1.66061
-2.60096
1.03542
-4.57642
-13.79
-3.86907
-5.59982
-0.0198607
-0.0199329
-5.60023
-3.86905
-13.7899
-4.57637
-3.61456
-8.59013
2.38639
-0.0198029
2.73428
2.73437
-0.0198559
2.38655
-8.59011
-3.61453
-3.61527
-8.59057
2.38687
-0.019917
2.73439
2.73449
-0.0199554
2.38698
-8.59051
-3.61517
-4.57691
-13.7903
-3.86958
-5.60033
-0.0199271
-0.0199847
-5.60065
-3.86951
-13.7902
-4.57682
1.03544
-2.60096
1.66067
-3.86907
2.38658
2.3869
-3.86938
1.66075
-2.60087
1.03553
-0.0226001
-19.473
-2.60093
-13.7899
-8.59014
-8.59037
-13.7901
-2.60088
-19.4729
-0.0225202
16.9616
-0.0226831
1.03547
-4.57637
-3.61459
-3.61501
-4.57667
1.03553
-0.0225371
16.9617
8.59991
-1.14715
-0.00965285
-3.50502
-2.73801
-2.73831
-3.50523
-0.00958401
-1.14701
8.60009
-1.14715
-14.2496
-3.40573
-9.73491
-6.95137
-6.95193
-9.7352
-3.40584
-14.2495
-1.14707
-0.00963858
-3.40569
0.658771
-4.26391
0.0727938
0.0728395
-4.26425
0.658802
-3.40562
-0.00953927
-3.50498
-9.73486
-4.26386
-5.01881
-1.15496
-1.15522
-5.0191
-4.26385
-9.73484
-3.50494
-2.73794
-6.95126
0.072809
-1.15492
1.26863
1.26865
-1.15497
0.0729113
-6.95128
-2.7379
-2.73838
-6.95209
0.0728632
-1.15526
1.26865
1.26868
-1.15529
0.0729581
-6.95204
-2.7383
-3.50529
-9.73529
-4.26436
-5.01918
-1.15503
-1.15525
-5.01943
-4.2643
-9.73523
-3.50522
-0.00954173
-3.40585
0.658824
-4.26387
0.0729234
0.0729603
-4.26418
0.658851
-3.40577
-0.0094598
-1.14696
-14.2495
-3.40562
-9.73487
-6.95137
-6.95186
-9.73512
-3.40572
-14.2494
-1.14689
8.60015
-1.14702
-0.00949873
-3.50493
-2.73793
-2.73819
-3.50512
-0.00944842
-1.1469
8.6003
4.27075
-2.14161
-0.386468
-2.90995
-2.17658
-2.17673
-2.9101
-0.386402
-2.14149
4.27087
-2.14162
-10.3786
-4.49615
-6.08884
-4.18921
-4.18951
-6.08925
-4.49622
-10.3786
-2.14154
-0.386462
-4.49611
-0.296765
-3.86921
-0.994761
-0.994876
-3.86946
-0.296719
-4.49606
-0.386365
-2.90991
-6.08874
-3.86917
-4.67385
-1.68976
-1.68985
-4.67396
-3.86917
-6.08874
-2.90986
-2.17654
-4.18915
-0.994726
-1.68975
0.428717
0.428748
-1.68979
-0.994653
-4.18913
-2.17649
-2.17676
-4.18959
-0.99489
-1.68988
0.428754
0.428782
-1.6899
-0.994804
-4.18953
-2.17668
-2.91015
-6.08936
-3.86954
-4.674
-1.6898
-1.68988
-4.67407
-3.86951
-6.0893
-2.91008
-0.386364
-4.49622
-0.296696
-3.8692
-0.994664
-0.994767
-3.86942
-0.296655
-4.49616
-0.386286
-2.14145
-10.3785
-4.49606
-6.08881
-4.18917
-4.18943
-6.08917
-4.49613
-10.3785
-2.1414
4.27093
-2.1415
-0.386321
-2.90986
-2.17649
-2.17662
-2.91
-0.386276
-2.1414
4.27104
1.97696
-3.27113
-0.349875
-2.66146
-1.90932
-1.90937
-2.66157
-0.349763
-3.27105
1.97702
-3.27114
-7.42885
-4.14104
-5.13776
-3.00405
-3.00427
-5.13811
-4.14099
-7.42875
-3.27106
-0.349888
-4.14103
-0.941241
-3.61055
-1.35479
-1.35485
-3.61068
-0.941146
-4.14096
-0.349777
-2.66143
-5.13767
-3.61052
-4.27288
-1.83834
-1.83837
-4.27298
-3.61047
-5.13764
-2.66137
-1.90929
-3.00397
-1.35477
-1.83834
-0.197154
-0.197126
-1.83836
-1.3547
-3.00392
-1.90922
-1.90937
-3.00431
-1.35485
-1.83838
-0.197117
-0.197088
-1.8384
-1.35478
-3.00423
-1.90929
-2.6616
-5.1382
-3.61071
-4.27301
-1.83837
-1.83839
-4.27309
-3.61064
-5.13813
-2.66153
-0.349711
-4.14096
-0.941103
-3.61049
-1.3547
-1.35476
-3.6106
-0.941025
-4.14091
-0.349631
-3.27101
-7.4287
-4.14093
-5.13771
-3.00397
-3.00417
-5.13802
-4.1409
-7.42861
-3.27095
1.97708
-3.27101
-0.349718
-2.66136
-1.90921
-1.90926
-2.66147
-0.349636
-3.27095
1.97712
0.145534
-4.99067
-1.2663
-3.15
-1.88693
-1.88688
-3.15009
-1.26615
-4.99059
0.14561
-4.99067
-5.59929
-3.25182
-5.24366
-2.73148
-2.73157
-5.24406
-3.2515
-5.59913
-4.99058
-1.26633
-3.2519
-1.39829
-3.34275
-1.45529
-1.45522
-3.34277
-1.39813
-3.25179
-1.26621
-3.14997
-5.24354
-3.34273
-3.47632
-1.75134
-1.75131
-3.47637
-3.34267
-5.24352
-3.1499
-1.88692
-2.73142
-1.4553
-1.75135
-0.512494
-0.51245
-1.75135
-1.45523
-2.73135
-1.88684
-1.88685
-2.73157
-1.45519
-1.7513
-0.512431
-0.512389
-1.7513
-1.45513
-2.73149
-1.88678
-3.1501
-5.24415
-3.34276
-3.47638
-1.75134
-1.75131
-3.47643
-3.34269
-5.24408
-3.15003
-1.26609
-3.2514
-1.39805
-3.34267
-1.4552
-1.45514
-3.34268
-1.39793
-3.25135
-1.266
-4.99055
-5.59906
-3.25168
-5.24361
-2.73138
-2.73147
-5.24396
-3.25141
-5.59893
-4.99049
0.145666
-4.99054
-1.26614
-3.1499
-1.88681
-1.88678
-3.14998
-1.26602
-4.99049
0.145717
-1.91298
-7.35613
-3.10704
-3.71914
-2.00947
-2.00935
-3.71918
-3.10691
-7.35607
-1.91289
-7.35613
-4.89477
-3.4112
-4.64115
-2.45995
-2.45972
-4.64115
-3.41095
-4.89462
-7.35605
-3.10706
-3.41126
-1.80251
-2.90404
-1.40322
-1.40297
-2.90395
-1.80232
-3.41115
-3.10694
-3.71912
-4.64114
-2.90405
-2.79076
-1.47391
-1.47382
-2.79076
-2.90399
-4.64109
-3.71905
-2.0095
-2.46
-1.40327
-1.47393
-0.492449
-0.492391
-1.47391
-1.40317
-2.45989
-2.0094
-2.00931
-2.45964
-1.40289
-1.47379
-0.492367
-0.492314
-1.47378
-1.40283
-2.45957
-2.00924
-3.71917
-4.64115
-2.90391
-2.79076
-1.47388
-1.47379
-2.79076
-2.90386
-4.6411
-3.71911
-3.10686
-3.41087
-1.80223
-2.90396
-1.4031
-1.40288
-2.90388
-1.80209
-3.4108
-3.10677
-7.35605
-4.89456
-3.41106
-4.64107
-2.45982
-2.45962
-4.64108
-3.41085
-4.89444
-7.35599
-1.91284
-7.35602
-3.10688
-3.71904
-2.00935
-2.00925
-3.71908
-3.10679
-7.35598
-1.91277
-3.87272
-9.6196
-4.66556
-3.83497
-1.95169
-1.95144
-3.83498
-4.66549
-9.61956
-3.87264
-9.61959
-5.28148
-3.91149
-3.80131
-2.04432
-2.04393
-3.80122
-3.91127
-5.28138
-9.61953
-4.66556
-3.91154
-2.14316
-2.49881
-1.20765
-1.20725
-2.49868
-2.143
-3.91146
-4.66546
-3.83497
-3.80133
-2.49883
-2.18167
-1.07367
-1.07358
-2.18166
-2.49877
-3.80128
-3.83491
-1.95174
-2.04441
-1.20774
-1.07369
-0.281968
-0.281923
-1.07365
-1.20761
-2.04426
-1.95164
-1.95135
-2.04382
-1.20713
-1.07356
-0.281903
-0.281861
-1.07354
-1.20706
-2.04373
-1.95129
-3.83498
-3.80119
-2.49863
-2.18164
-1.07362
-1.07355
-2.18163
-2.49858
-3.80115
-3.83492
-4.66545
-3.9112
-2.14292
-2.49872
-1.20751
-1.20716
-2.49861
-2.1428
-3.91116
-4.66538
-9.61954
-5.28134
-3.91139
-3.80124
-2.04415
-2.04382
-3.80116
-3.9112
-5.28126
-9.61949
-3.87261
-9.61951
-4.66543
-3.83488
-1.95156
-1.95134
-3.8349
-4.66538
-9.61948
-3.87254
-4.39492
-10.1113
-5.46344
-3.34375
-1.54688
-1.54671
-3.34373
-5.46344
-10.1113
-4.39486
-10.1113
-6.37729
-4.2374
-2.92479
-1.41878
-1.41871
-2.92475
-4.23728
-6.37724
-10.1113
-5.46342
-4.23741
-2.24645
-1.9535
-0.797248
-0.797035
-1.95341
-2.24637
-4.23737
-5.46334
-3.34376
-2.9248
-1.95352
-1.47002
-0.523701
-0.523704
-1.47002
-1.95348
-2.92476
-3.3437
-1.54687
-1.41875
-0.797288
-0.523689
0.110211
0.110225
-0.523667
-0.797221
-1.41864
-1.54679
-1.54661
-1.41865
-0.796969
-0.523692
0.110232
0.110248
-0.523664
-0.796933
-1.41855
-1.54656
-3.34372
-2.92472
-1.95338
-1.47001
-0.523663
-0.52366
-1.46999
-1.95335
-2.92469
-3.34367
-5.46342
-4.23724
-2.24632
-1.95344
-0.797161
-0.796978
-1.95336
-2.24626
-4.23722
-5.46336
-10.1113
-6.37722
-4.23734
-2.92473
-1.41866
-1.4186
-2.9247
-4.23724
-6.37719
-10.1112
-4.39484
-10.1113
-5.46334
-3.34368
-1.54677
-1.54663
-3.34366
-5.46335
-10.1112
-4.39478
-2.51799
-7.62431
-5.05119
-2.34095
-0.841133
-0.841434
-2.3409
-5.05127
-7.62427
-2.51796
-7.62431
-6.19344
-4.09456
-1.91619
-0.576177
-0.576459
-1.91617
-4.09453
-6.1934
-7.62426
-5.05115
-4.09455
-1.88049
-1.13457
-0.168175
-0.168449
-1.13456
-1.88047
-4.09454
-5.05111
-2.34096
-1.91618
-1.13457
-0.583054
0.174722
0.174679
-0.583041
-1.13456
-1.91615
-2.34091
-0.841038
-0.576087
-0.168104
0.174751
0.622133
0.622127
0.174774
-0.168157
-0.576115
-0.84106
-0.841501
-0.57652
-0.168522
0.174693
0.622124
0.622122
0.17473
-0.168536
-0.576505
-0.841477
-2.34087
-1.91615
-1.13456
-0.583032
0.174756
0.174728
-0.583016
-1.13455
-1.91613
-2.34084
-5.05128
-4.09451
-1.88046
-1.13454
-0.1682
-0.168437
-1.13454
-1.88044
-4.09451
-5.05123
-7.62427
-6.19338
-4.09453
-1.91614
-0.576182
-0.576425
-1.91613
-4.0945
-6.19336
-7.62422
-2.51795
-7.62425
-5.05113
-2.34089
-0.841131
-0.841391
-2.34084
-5.0512
-7.6242
-2.5179
1.61404
-3.47607
-2.82719
-0.877866
0.0767556
0.0765257
-0.877875
-2.82725
-3.47604
1.61405
-3.47607
-3.2983
-2.32093
-0.590089
0.388745
0.388574
-0.590116
-2.32092
-3.29826
-3.47604
-2.82717
-2.32092
-0.742236
-0.0740482
0.572765
0.572455
-0.0740634
-0.742231
-2.32093
-2.82715
-0.877862
-0.590081
-0.0740418
0.381132
0.914179
0.914158
0.381159
-0.0740362
-0.59007
-0.877836
0.0767784
0.388766
0.572835
0.91419
1.16075
1.16074
0.914202
0.572774
0.388697
0.0767348
0.0764242
0.388504
0.572365
0.914157
1.16073
1.16072
0.914169
0.572347
0.388465
0.0764181
-0.877872
-0.59012
-0.0740613
0.381173
0.9142
0.914179
0.381191
-0.0740525
-0.590101
-0.877842
-2.82726
-2.32092
-0.742223
-0.074029
0.572726
0.572457
-0.0740409
-0.742214
-2.32091
-2.82722
-3.47604
-3.29825
-2.32091
-0.590062
0.388693
0.388548
-0.590082
-2.32089
-3.29819
-3.47598
1.61406
-3.47603
-2.82715
-0.877822
0.0767319
0.0765354
-0.877827
-2.82719
-3.47596
1.61411
6.85838
1.42456
0.0159918
0.627803
1.00016
1.00019
0.627823
0.0160351
1.42461
6.85838
1.42457
1.23894
0.278943
0.826902
1.28659
1.28662
0.826892
0.27897
1.23897
1.42458
0.015987
0.278941
0.692435
0.971951
1.29283
1.29271
0.971942
0.692438
0.278944
0.0160065
0.627801
0.826906
0.971952
1.23603
1.5678
1.56779
1.23605
0.971961
0.826916
0.627822
1.00017
1.28656
1.29284
1.5678
1.66871
1.6687
1.56781
1.29283
1.28653
1.00016
1.00021
1.28661
1.29267
1.56778
1.66869
1.66869
1.56778
1.29267
1.28657
1.00019
0.627835
0.826894
0.971944
1.23606
1.56781
1.5678
1.23607
0.971955
0.826911
0.627858
0.0160504
0.278979
0.692444
0.971969
1.29282
1.29272
0.971964
0.692454
0.278994
0.0160805
1.42462
1.23898
0.278959
0.826924
1.28656
1.28659
0.826922
0.278998
1.23904
1.42466
6.8584
1.42459
0.0160263
0.627839
1.00017
1.00019
0.627861
0.0160803
1.42466
6.85844
9.14437
4.60967
2.10819
1.77666
1.7553
1.7553
1.77667
2.10822
4.60969
9.14436
4.60967
4.25233
2.21642
1.93729
2.00986
2.00985
1.93728
2.21643
4.25234
4.60966
2.10819
2.21642
1.77931
1.78767
1.91579
1.91573
1.78767
1.77931
2.21642
2.1082
1.77666
1.93729
1.78767
1.93297
2.10614
2.10614
1.93298
1.78769
1.9373
1.77668
1.75532
2.00985
1.9158
2.10615
2.11824
2.11823
2.10615
1.91581
2.00985
1.75533
1.75532
2.00984
1.91571
2.10614
2.11823
2.11822
2.10614
1.91572
2.00984
1.75533
1.77668
1.93728
1.78767
1.93299
2.10616
2.10615
1.933
1.78769
1.9373
1.77669
2.10823
2.21643
1.77932
1.78769
1.9158
1.91575
1.78769
1.77933
2.21645
2.10824
4.6097
4.25235
2.21643
1.93731
2.00987
2.00986
1.93731
2.21645
4.25238
4.60971
9.14437
4.60967
2.10821
1.77669
1.75532
1.75532
1.7767
2.10824
4.60971
9.14436
7.94739
5.4208
3.17369
2.47398
2.29627
2.29628
2.47399
3.1737
5.42081
7.94738
5.4208
4.96977
3.09906
2.59607
2.52414
2.52412
2.59607
3.09907
4.96977
5.42079
3.17369
3.09907
2.43068
2.35488
2.38857
2.38854
2.35489
2.43068
3.09907
3.17369
2.47398
2.59608
2.35488
2.439
2.51657
2.51657
2.43901
2.35489
2.59608
2.47399
2.29626
2.52414
2.38858
2.51658
2.48052
2.48052
2.51658
2.38858
2.52415
2.29627
2.29627
2.52411
2.38854
2.51657
2.48051
2.48051
2.51657
2.38855
2.52412
2.29629
2.47399
2.59608
2.35489
2.43901
2.51658
2.51657
2.43902
2.3549
2.59609
2.474
3.17371
3.09907
2.43068
2.3549
2.38858
2.38856
2.3549
2.43069
3.09907
3.17371
5.42081
4.96978
3.09907
2.59609
2.52415
2.52413
2.59609
3.09908
4.96978
5.4208
7.94739
5.4208
3.1737
2.474
2.29629
2.2963
2.47401
3.17372
5.42081
7.94736
6.36655
5.09784
3.48839
2.86319
2.66056
2.66055
2.86319
3.4884
5.09784
6.36654
5.09784
4.72198
3.39517
2.95279
2.8423
2.8423
2.95279
3.39517
4.72199
5.09783
3.48839
3.39517
2.80887
2.72187
2.71575
2.71574
2.72187
2.80887
3.39518
3.48839
2.86319
2.95279
2.72187
2.76303
2.79366
2.79365
2.76303
2.72188
2.9528
2.8632
2.66057
2.8423
2.71576
2.79366
2.74594
2.74594
2.79366
2.71576
2.8423
2.66058
2.66055
2.84229
2.71575
2.79365
2.74594
2.74593
2.79365
2.71575
2.8423
2.66057
2.8632
2.95279
2.72188
2.76304
2.79366
2.79366
2.76304
2.72189
2.9528
2.8632
3.48841
3.39518
2.80888
2.72188
2.71576
2.71576
2.72189
2.80888
3.39518
3.48841
5.09785
4.72199
3.39518
2.9528
2.84231
2.84231
2.9528
3.39518
4.72199
5.09784
6.36655
5.09784
3.4884
2.8632
2.66058
2.66057
2.86321
3.48841
5.09784
6.36653
5.38576
4.67734
3.54709
3.05976
2.87654
2.87654
3.05976
3.54709
4.67735
5.38575
4.67734
4.39753
3.47789
3.12959
3.01844
3.01844
3.12959
3.47789
4.39753
4.67734
3.54709
3.47789
3.0132
2.94008
2.9073
2.90729
2.94008
3.0132
3.47789
3.54709
3.05976
3.1296
2.94008
2.97266
2.97064
2.97064
2.97267
2.94009
3.1296
3.05976
2.87655
3.01844
2.9073
2.97064
2.92995
2.92995
2.97064
2.9073
3.01845
2.87656
2.87655
3.01844
2.90729
2.97064
2.92995
2.92995
2.97064
2.9073
3.01845
2.87656
3.05976
3.1296
2.94009
2.97267
2.97064
2.97064
2.97268
2.94009
3.1296
3.05977
3.5471
3.47789
3.01321
2.94009
2.9073
2.9073
2.94009
3.01321
3.4779
3.5471
4.67735
4.39753
3.4779
3.1296
3.01845
3.01845
3.12961
3.4779
4.39753
4.67734
5.38576
4.67734
3.5471
3.05977
2.87656
2.87656
3.05977
3.5471
4.67734
5.38575
4.72509
4.29348
3.48976
3.1274
2.96655
2.96654
3.1274
3.48976
4.29348
4.72509
4.29348
4.08691
3.44439
3.18339
3.08665
3.08665
3.18339
3.44439
4.08691
4.29348
3.48976
3.44439
3.09188
3.03833
2.99843
2.99843
3.03833
3.09188
3.44439
3.48976
3.1274
3.18339
3.03833
3.08716
3.0703
3.0703
3.08716
3.03833
3.18339
3.1274
2.96655
3.08665
2.99844
3.0703
3.03432
3.03432
3.0703
2.99844
3.08666
2.96655
2.96654
3.08665
2.99843
3.0703
3.03432
3.03432
3.0703
2.99843
3.08666
2.96655
3.1274
3.18339
3.03833
3.08716
3.07031
3.07031
3.08717
3.03833
3.18339
3.12741
3.48976
3.4444
3.09188
3.03833
2.99844
2.99843
3.03833
3.09189
3.4444
3.48976
4.29349
4.08691
3.4444
3.18339
3.08666
3.08666
3.1834
3.4444
4.08691
4.29348
4.7251
4.29348
3.48976
3.12741
2.96655
2.96655
3.12741
3.48976
4.29348
4.72509
4.19635
3.92818
3.36678
3.10722
2.97119
2.97119
3.10722
3.36678
3.92818
4.19635
3.92818
3.78243
3.33867
3.1507
3.07621
3.07622
3.1507
3.33867
3.78243
3.92818
3.36678
3.33867
3.08241
3.04566
3.01732
3.01732
3.04566
3.08241
3.33867
3.36678
3.10722
3.1507
3.04566
3.09876
3.09206
3.09206
3.09876
3.04566
3.1507
3.10722
2.97119
3.07621
3.01732
3.09206
3.05893
3.05893
3.09206
3.01732
3.07622
2.97119
2.97119
3.07622
3.01732
3.09206
3.05893
3.05893
3.09206
3.01732
3.07623
2.97119
3.10722
3.1507
3.04567
3.09876
3.09206
3.09206
3.09876
3.04567
3.15071
3.10722
3.36679
3.33867
3.08241
3.04567
3.01732
3.01732
3.04567
3.08242
3.33867
3.36679
3.92818
3.78243
3.33867
3.15071
3.07622
3.07623
3.15071
3.33867
3.78243
3.92818
4.19635
3.92818
3.36679
3.10723
2.9712
2.9712
3.10723
3.36679
3.92818
4.19635
3.76577
3.59604
3.20614
3.02437
2.91494
2.91494
3.02438
3.20614
3.59604
3.76577
3.59604
3.49606
3.18961
3.05894
3.00855
3.00855
3.05895
3.18961
3.49606
3.59604
3.20614
3.18961
3.0092
2.98673
2.97282
2.97282
2.98673
3.0092
3.18961
3.20614
3.02438
3.05894
2.98673
3.0465
3.04801
3.04801
3.0465
2.98673
3.05895
3.02438
2.91494
3.00855
2.97282
3.04801
3.01602
3.01602
3.04801
2.97282
3.00856
2.91494
2.91494
3.00856
2.97282
3.04801
3.01602
3.01602
3.04801
2.97282
3.00856
2.91494
3.02438
3.05895
2.98673
3.04651
3.04801
3.04801
3.04651
2.98673
3.05895
3.02438
3.20614
3.18961
3.0092
2.98673
2.97282
2.97282
2.98674
3.0092
3.18961
3.20614
3.59605
3.49606
3.18961
3.05895
3.00856
3.00856
3.05895
3.18961
3.49606
3.59604
3.76577
3.59605
3.20614
3.02438
2.91495
2.91495
3.02438
3.20614
3.59604
3.76577
3.40311
3.29422
3.02447
2.8981
2.80993
2.80993
2.8981
3.02447
3.29422
3.40311
3.29422
3.22643
3.01392
2.92714
2.8895
2.8895
2.92715
3.01392
3.22643
3.29422
3.02447
3.01392
2.88888
2.87923
2.87245
2.87245
2.87923
2.88888
3.01392
3.02447
2.8981
2.92714
2.87923
2.9427
2.94917
2.94917
2.9427
2.87923
2.92715
2.8981
2.80993
2.8895
2.87245
2.94917
2.92414
2.92414
2.94917
2.87245
2.8895
2.80993
2.80993
2.8895
2.87245
2.94917
2.92414
2.92414
2.94917
2.87245
2.8895
2.80994
2.8981
2.92715
2.87923
2.9427
2.94917
2.94917
2.9427
2.87923
2.92715
2.8981
3.02448
3.01392
2.88888
2.87923
2.87245
2.87245
2.87923
2.88888
3.01392
3.02448
3.29422
3.22643
3.01392
2.92715
2.8895
2.8895
2.92715
3.01392
3.22643
3.29422
3.40311
3.29422
3.02448
2.8981
2.80994
2.80994
2.8981
3.02448
3.29422
3.40311
3.08563
3.01567
2.82982
2.74197
2.67159
2.67159
2.74197
2.82982
3.01567
3.08563
3.01567
2.97035
2.82396
2.7681
2.7317
2.7317
2.7681
2.82396
2.97035
3.01567
2.82982
2.82396
2.73568
2.73589
2.73178
2.73178
2.73589
2.73568
2.82396
2.82982
2.74197
2.7681
2.73589
2.79703
2.80708
2.80708
2.79703
2.73589
2.7681
2.74197
2.67159
2.7317
2.73178
2.80708
2.79702
2.79702
2.80708
2.73178
2.7317
2.67159
2.67159
2.7317
2.73178
2.80708
2.79702
2.79702
2.80708
2.73178
2.73169
2.67159
2.74197
2.7681
2.73589
2.79703
2.80708
2.80708
2.79703
2.73589
2.7681
2.74197
2.82982
2.82396
2.73568
2.73589
2.73178
2.73178
2.73589
2.73568
2.82396
2.82982
3.01568
2.97035
2.82396
2.7681
2.7317
2.7317
2.7681
2.82396
2.97035
3.01567
3.08563
3.01568
2.82982
2.74197
2.67159
2.67159
2.74197
2.82982
3.01567
3.08563
2.79869
2.7539
2.62578
2.56504
2.51031
2.51031
2.56504
2.62578
2.7539
2.79869
2.7539
2.72448
2.62508
2.59067
2.56128
2.56128
2.59067
2.62508
2.72448
2.7539
2.62578
2.62508
2.5597
2.56897
2.56553
2.56553
2.56897
2.5597
2.62508
2.62578
2.56504
2.59067
2.56897
2.63254
2.63597
2.63597
2.63254
2.56897
2.59067
2.56504
2.51031
2.56128
2.56554
2.63597
2.63759
2.63759
2.63597
2.56554
2.56128
2.51031
2.51031
2.56128
2.56554
2.63597
2.63759
2.63759
2.63597
2.56554
2.56128
2.51031
2.56504
2.59067
2.56897
2.63254
2.63597
2.63597
2.63254
2.56897
2.59067
2.56504
2.62579
2.62508
2.5597
2.56898
2.56554
2.56554
2.56898
2.5597
2.62508
2.62579
2.7539
2.72449
2.62508
2.59067
2.56128
2.56128
2.59067
2.62508
2.72449
2.7539
2.79869
2.7539
2.62579
2.56504
2.51031
2.51031
2.56504
2.62579
2.7539
2.79869
2.53162
2.50334
2.4146
2.37336
2.33187
2.33187
2.37336
2.4146
2.50334
2.53162
2.50334
2.48501
2.41833
2.39877
2.38505
2.38505
2.39877
2.41833
2.48501
2.50334
2.4146
2.41833
2.3698
2.38517
2.37757
2.37757
2.38517
2.3698
2.41833
2.4146
2.37336
2.39877
2.38517
2.45248
2.44958
2.44958
2.45248
2.38517
2.39877
2.37336
2.33188
2.38506
2.37757
2.44958
2.45414
2.45414
2.44958
2.37757
2.38506
2.33188
2.33188
2.38506
2.37757
2.44958
2.45414
2.45414
2.44958
2.37757
2.38506
2.33188
2.37336
2.39877
2.38517
2.45248
2.44958
2.44958
2.45248
2.38517
2.39877
2.37336
2.4146
2.41833
2.3698
2.38518
2.37757
2.37757
2.38518
2.3698
2.41833
2.4146
2.50335
2.48501
2.41833
2.39877
2.38506
2.38506
2.39877
2.41833
2.48501
2.50334
2.53162
2.50335
2.4146
2.37336
2.33188
2.33188
2.37336
2.4146
2.50334
2.53162
2.27739
2.26003
2.19844
2.17084
2.13953
2.13953
2.17084
2.19844
2.26003
2.27739
2.26003
2.2492
2.20555
2.19445
2.193
2.193
2.19445
2.20555
2.2492
2.26003
2.19844
2.20555
2.17118
2.18922
2.17957
2.17957
2.18922
2.17118
2.20555
2.19844
2.17084
2.19445
2.18922
2.25246
2.25433
2.25433
2.25246
2.18922
2.19445
2.17084
2.13953
2.193
2.17957
2.25433
2.25643
2.25643
2.25433
2.17957
2.193
2.13953
2.13953
2.193
2.17957
2.25433
2.25643
2.25643
2.25433
2.17957
2.193
2.13953
2.17084
2.19445
2.18922
2.25246
2.25433
2.25433
2.25246
2.18922
2.19445
2.17084
2.19844
2.20556
2.17118
2.18922
2.17958
2.17958
2.18922
2.17118
2.20556
2.19844
2.26004
2.2492
2.20556
2.19445
2.193
2.193
2.19445
2.20556
2.2492
2.26003
2.27739
2.26004
2.19844
2.17084
2.13954
2.13954
2.17084
2.19844
2.26004
2.27739
2.03094
2.02083
1.97811
1.95989
1.93641
1.93641
1.95989
1.97811
2.02083
2.03094
2.02083
2.01494
1.98713
1.98049
1.98342
1.98342
1.98049
1.98713
2.01494
2.02083
1.97811
1.98713
1.96533
1.98365
1.98057
1.98057
1.98365
1.96533
1.98713
1.97811
1.95989
1.98049
1.98365
2.03682
2.04621
2.04621
2.03682
1.98365
1.98049
1.95989
1.93641
1.98342
1.98057
2.04621
2.04864
2.04864
2.04621
1.98057
1.98342
1.93641
1.93641
1.98342
1.98057
2.04621
2.04864
2.04864
2.04621
1.98057
1.98342
1.93641
1.95989
1.98049
1.98365
2.03682
2.04621
2.04621
2.03682
1.98365
1.98049
1.95989
1.97811
1.98713
1.96533
1.98365
1.98057
1.98057
1.98365
1.96533
1.98713
1.97811
2.02083
2.01494
1.98713
1.98049
1.98342
1.98342
1.98049
1.98713
2.01494
2.02083
2.03094
2.02083
1.97811
1.95989
1.93641
1.93641
1.95989
1.97811
2.02083
2.03094
1.78961
1.78416
1.75467
1.74276
1.72482
1.72482
1.74276
1.75467
1.78416
1.78961
1.78416
1.78144
1.76421
1.76009
1.76392
1.76392
1.76009
1.76421
1.78144
1.78416
1.75467
1.76421
1.75231
1.76896
1.77395
1.77395
1.76896
1.75231
1.76421
1.75467
1.74276
1.76009
1.76896
1.8104
1.82717
1.82717
1.8104
1.76896
1.76009
1.74276
1.72482
1.76392
1.77395
1.82717
1.83104
1.83104
1.82717
1.77395
1.76392
1.72482
1.72482
1.76392
1.77395
1.82717
1.83104
1.83104
1.82717
1.77396
1.76392
1.72483
1.74276
1.76009
1.76896
1.8104
1.82717
1.82717
1.8104
1.76896
1.76009
1.74276
1.75467
1.76421
1.75231
1.76896
1.77396
1.77396
1.76896
1.75231
1.76421
1.75467
1.78416
1.78144
1.76421
1.76009
1.76392
1.76392
1.76009
1.76421
1.78144
1.78416
1.78961
1.78416
1.75467
1.74276
1.72483
1.72483
1.74276
1.75467
1.78416
1.78961
1.55022
1.54789
1.52767
1.52032
1.506
1.506
1.52032
1.52767
1.54789
1.55022
1.54789
1.54732
1.53713
1.53544
1.53794
1.53794
1.53544
1.53713
1.54732
1.54789
1.52767
1.53713
1.53123
1.54665
1.5563
1.5563
1.54665
1.53123
1.53713
1.52767
1.52032
1.53544
1.54665
1.5803
1.59854
1.59854
1.5803
1.54665
1.53544
1.52032
1.506
1.53794
1.5563
1.59854
1.60354
1.60354
1.59854
1.5563
1.53794
1.506
1.506
1.53794
1.5563
1.59854
1.60354
1.60354
1.59854
1.5563
1.53794
1.506
1.52032
1.53544
1.54665
1.5803
1.59854
1.59854
1.5803
1.54665
1.53544
1.52032
1.52768
1.53713
1.53123
1.54665
1.5563
1.5563
1.54665
1.53123
1.53713
1.52767
1.54789
1.54732
1.53713
1.53544
1.53794
1.53794
1.53544
1.53713
1.54732
1.54789
1.55022
1.54789
1.52768
1.52033
1.506
1.506
1.52033
1.52768
1.54789
1.55022
1.31326
1.31253
1.29893
1.29454
1.28259
1.28259
1.29454
1.29893
1.31253
1.31326
1.31253
1.31325
1.30749
1.30748
1.30594
1.30594
1.30748
1.30749
1.31325
1.31253
1.29893
1.30749
1.30535
1.31883
1.32802
1.32802
1.31883
1.30535
1.30749
1.29893
1.29454
1.30748
1.31883
1.34882
1.3646
1.3646
1.34882
1.31883
1.30748
1.29454
1.28259
1.30594
1.32802
1.3646
1.36937
1.36937
1.3646
1.32802
1.30594
1.28259
1.28259
1.30594
1.32802
1.3646
1.36937
1.36937
1.3646
1.32802
1.30594
1.28259
1.29454
1.30748
1.31883
1.34882
1.3646
1.3646
1.34882
1.31883
1.30748
1.29454
1.29893
1.30749
1.30535
1.31883
1.32802
1.32802
1.31883
1.30535
1.30749
1.29893
1.31253
1.31325
1.30749
1.30748
1.30594
1.30594
1.30748
1.30749
1.31325
1.31253
1.31327
1.31253
1.29893
1.29454
1.28259
1.28259
1.29454
1.29893
1.31253
1.31327
1.07456
1.07508
1.06631
1.06452
1.05543
1.05543
1.06452
1.06631
1.07508
1.07456
1.07508
1.07667
1.07404
1.07649
1.07164
1.07164
1.07649
1.07404
1.07667
1.07508
1.06631
1.07404
1.07399
1.0877
1.09284
1.09284
1.0877
1.07399
1.07404
1.06631
1.06452
1.07649
1.0877
1.11505
1.12605
1.12605
1.11505
1.0877
1.07649
1.06452
1.05543
1.07164
1.09284
1.12605
1.12903
1.12903
1.12605
1.09284
1.07164
1.05543
1.05543
1.07164
1.09284
1.12605
1.12903
1.12903
1.12605
1.09284
1.07164
1.05543
1.06452
1.07649
1.0877
1.11505
1.12605
1.12605
1.11505
1.0877
1.07649
1.06452
1.06631
1.07404
1.07399
1.0877
1.09284
1.09284
1.0877
1.07399
1.07404
1.06631
1.07508
1.07667
1.07404
1.07649
1.07164
1.07164
1.07649
1.07404
1.07667
1.07508
1.07456
1.07508
1.06631
1.06452
1.05543
1.05543
1.06452
1.06631
1.07508
1.07456
0.838936
0.839338
0.833628
0.832709
0.826255
0.826255
0.832709
0.833628
0.839338
0.838936
0.839338
0.841035
0.840006
0.84278
0.837255
0.837255
0.84278
0.840006
0.841035
0.839338
0.833628
0.840006
0.840994
0.853187
0.853859
0.853859
0.853187
0.840994
0.840006
0.833628
0.832709
0.84278
0.853187
0.87241
0.8806
0.8806
0.87241
0.853187
0.84278
0.832709
0.826255
0.837256
0.853859
0.8806
0.883226
0.883226
0.8806
0.853859
0.837256
0.826255
0.826255
0.837256
0.853859
0.8806
0.883226
0.883226
0.8806
0.853859
0.837256
0.826255
0.832709
0.84278
0.853187
0.87241
0.8806
0.8806
0.87241
0.853187
0.84278
0.832709
0.833628
0.840006
0.840995
0.853187
0.853859
0.853859
0.853187
0.840995
0.840006
0.833628
0.839339
0.841035
0.840007
0.84278
0.837256
0.837256
0.84278
0.840006
0.841035
0.839339
0.838936
0.839339
0.833628
0.832709
0.826255
0.826255
0.832709
0.833628
0.839339
0.838936
0.597562
0.598631
0.595801
0.596746
0.592062
0.592062
0.596746
0.595801
0.598631
0.597562
0.598631
0.600294
0.601012
0.605661
0.60226
0.60226
0.605661
0.601012
0.600294
0.598631
0.595801
0.601012
0.602634
0.613385
0.61512
0.61512
0.613385
0.602634
0.601012
0.595801
0.596746
0.605661
0.613385
0.62859
0.635468
0.635468
0.62859
0.613385
0.605661
0.596746
0.592062
0.60226
0.61512
0.635469
0.634803
0.634803
0.635469
0.61512
0.60226
0.592062
0.592062
0.60226
0.61512
0.635469
0.634803
0.634803
0.635469
0.61512
0.60226
0.592062
0.596746
0.605662
0.613385
0.62859
0.635469
0.635469
0.62859
0.613385
0.605662
0.596746
0.595801
0.601012
0.602634
0.613385
0.61512
0.61512
0.613385
0.602634
0.601012
0.595801
0.598631
0.600294
0.601012
0.605662
0.60226
0.60226
0.605662
0.601012
0.600294
0.598631
0.597562
0.598631
0.595801
0.596746
0.592063
0.592063
0.596746
0.595801
0.598631
0.597562
0.362854
0.363135
0.360616
0.360219
0.355101
0.355101
0.360219
0.360616
0.363135
0.362854
0.363135
0.36412
0.363845
0.364822
0.36059
0.36059
0.364823
0.363845
0.36412
0.363135
0.360616
0.363845
0.36537
0.366843
0.366803
0.366803
0.366843
0.36537
0.363845
0.360616
0.360219
0.364823
0.366843
0.371933
0.378455
0.378455
0.371933
0.366844
0.364823
0.360219
0.355101
0.36059
0.366803
0.378455
0.379381
0.379381
0.378455
0.366803
0.36059
0.355101
0.355101
0.36059
0.366803
0.378455
0.379381
0.379381
0.378455
0.366803
0.36059
0.355101
0.360219
0.364823
0.366844
0.371933
0.378455
0.378455
0.371933
0.366844
0.364823
0.360219
0.360616
0.363845
0.365371
0.366844
0.366803
0.366803
0.366844
0.365371
0.363845
0.360616
0.363135
0.36412
0.363845
0.364823
0.360591
0.36059
0.364823
0.363845
0.36412
0.363135
0.362854
0.363135
0.360616
0.360219
0.355101
0.355101
0.360219
0.360616
0.363135
0.362854
0.116993
0.117773
0.118716
0.119996
0.116691
0.116691
0.119996
0.118716
0.117773
0.116993
0.117773
0.117977
0.119243
0.12231
0.122713
0.122713
0.12231
0.119243
0.117977
0.117773
0.118716
0.119243
0.120249
0.124328
0.127992
0.127992
0.124328
0.120249
0.119243
0.118716
0.119996
0.12231
0.124328
0.133013
0.133207
0.133207
0.133013
0.124328
0.12231
0.119996
0.116691
0.122713
0.127992
0.133207
0.126546
0.126546
0.133207
0.127992
0.122713
0.116691
0.116691
0.122713
0.127992
0.133207
0.126546
0.126546
0.133207
0.127992
0.122713
0.116691
0.119996
0.12231
0.124328
0.133013
0.133207
0.133207
0.133013
0.124328
0.12231
0.119996
0.118716
0.119243
0.120249
0.124328
0.127992
0.127992
0.124328
0.120249
0.119243
0.118716
0.117773
0.117977
0.119243
0.12231
0.122713
0.122713
0.12231
0.119243
0.117977
0.117773
0.116993
0.117773
0.118716
0.119996
0.116691
0.116691
0.119996
0.118716
0.117773
0.116993
)
;

boundaryField
{
    bottom
    {
        type            calculated;
        value           nonuniform List<scalar> 
100
(
1169.04
487.889
398.455
338.311
374.865
374.864
338.311
398.455
487.889
1169.04
487.889
72.5973
53.1956
54.6443
75.1379
75.1384
54.6446
53.1958
72.5975
487.889
398.455
53.1957
68.0233
67.4451
72.2801
72.2798
67.4452
68.0233
53.1957
398.456
338.311
54.6443
67.4451
77.0143
95.1147
95.1142
77.0143
67.4451
54.6444
338.311
374.865
75.1379
72.2801
95.1146
162.865
162.865
95.1146
72.2801
75.1381
374.865
374.864
75.1383
72.2799
95.1143
162.865
162.865
95.1143
72.2799
75.1384
374.864
338.311
54.6445
67.4452
77.0143
95.1147
95.1142
77.0143
67.4452
54.6445
338.311
398.455
53.1957
68.0233
67.4451
72.2801
72.2798
67.4452
68.0233
53.1957
398.456
487.889
72.5974
53.1956
54.6443
75.138
75.1385
54.6445
53.1958
72.5975
487.889
1169.04
487.889
398.456
338.311
374.865
374.864
338.311
398.455
487.889
1169.04
)
;
    }
    atmosphere
    {
        type            calculated;
        value           nonuniform List<scalar> 
100
(
0
0
0
-0.000217782
-0.00601021
-0.0060102
-0.000217783
0
0
0
0
0
0
0
-0.00343303
-0.00343303
0
0
0
0
0
0
0
0
-0.000706897
-0.000706902
0
0
0
0
-0.000217782
0
0
0
-0.000125714
-0.000125716
0
0
0
-0.000217785
-0.0060102
-0.00343303
-0.000706902
-0.000125716
-0.00787814
-0.00787814
-0.000125714
-0.000706897
-0.00343303
-0.00601022
-0.0060102
-0.00343303
-0.000706902
-0.000125716
-0.00787814
-0.00787814
-0.000125714
-0.000706898
-0.00343303
-0.00601022
-0.000217783
0
0
0
-0.000125714
-0.000125716
0
0
0
-0.000217786
0
0
0
0
-0.000706897
-0.000706904
0
0
0
0
0
0
0
0
-0.00343303
-0.00343304
0
0
0
0
0
0
0
-0.000217784
-0.00601022
-0.00601022
-0.000217786
0
0
0
)
;
    }
    walls
    {
        type            calculated;
        value           nonuniform List<scalar> 
1600
(
1140.51
459.275
367.44
307.27
343.824
343.823
307.27
367.44
459.275
1140.51
549.779
87.9674
20.3763
13.7538
7.69496
7.69441
13.7538
20.3763
87.9676
549.779
366.413
70.5941
49.7206
49.1909
48.6383
48.6381
49.191
49.7205
70.5943
366.413
263.684
39.6492
53.2785
45.9843
47.5264
47.5262
45.9847
53.2785
39.6495
263.684
167.991
21.1438
34.0707
26.7005
31.9663
31.9666
26.701
34.071
21.1442
167.991
102.233
11.2976
19.6498
10.6947
18.2119
18.2125
10.695
19.65
11.298
102.233
59.4352
5.1272
10.3977
-0.331612
4.85315
4.85347
-0.331721
10.3979
5.12758
59.4356
32.5542
1.64715
3.86432
-4.53375
-2.91537
-2.91561
-4.53446
3.86458
1.64751
32.5545
16.9614
-0.0228523
1.03531
-4.57642
-3.61456
-3.61527
-4.57691
1.03544
-0.0226001
16.9616
8.59991
-1.14715
-0.00963858
-3.50498
-2.73794
-2.73838
-3.50529
-0.00954173
-1.14696
8.60015
4.27075
-2.14162
-0.386462
-2.90991
-2.17654
-2.17676
-2.91015
-0.386364
-2.14145
4.27093
1.97696
-3.27114
-0.349888
-2.66143
-1.90929
-1.90937
-2.6616
-0.349711
-3.27101
1.97708
0.145534
-4.99067
-1.26633
-3.14997
-1.88692
-1.88685
-3.1501
-1.26609
-4.99055
0.145666
-1.91298
-7.35613
-3.10706
-3.71912
-2.0095
-2.00931
-3.71917
-3.10686
-7.35605
-1.91284
-3.87272
-9.61959
-4.66556
-3.83497
-1.95174
-1.95135
-3.83498
-4.66545
-9.61954
-3.87261
-4.39492
-10.1113
-5.46342
-3.34376
-1.54687
-1.54661
-3.34372
-5.46342
-10.1113
-4.39484
-2.51799
-7.62431
-5.05115
-2.34096
-0.841038
-0.841501
-2.34087
-5.05128
-7.62427
-2.51795
1.61404
-3.47607
-2.82717
-0.877862
0.0767784
0.0764242
-0.877872
-2.82726
-3.47604
1.61406
6.85838
1.42457
0.015987
0.627801
1.00017
1.00021
0.627835
0.0160504
1.42462
6.8584
9.14437
4.60967
2.10819
1.77666
1.75532
1.75532
1.77668
2.10823
4.6097
9.14437
7.94739
5.4208
3.17369
2.47398
2.29626
2.29627
2.47399
3.17371
5.42081
7.94739
6.36655
5.09784
3.48839
2.86319
2.66057
2.66055
2.8632
3.48841
5.09785
6.36655
5.38576
4.67734
3.54709
3.05976
2.87655
2.87655
3.05976
3.5471
4.67735
5.38576
4.72509
4.29348
3.48976
3.1274
2.96655
2.96654
3.1274
3.48976
4.29349
4.7251
4.19635
3.92818
3.36678
3.10722
2.97119
2.97119
3.10722
3.36679
3.92818
4.19635
3.76577
3.59604
3.20614
3.02438
2.91494
2.91494
3.02438
3.20614
3.59605
3.76577
3.40311
3.29422
3.02447
2.8981
2.80993
2.80993
2.8981
3.02448
3.29422
3.40311
3.08563
3.01567
2.82982
2.74197
2.67159
2.67159
2.74197
2.82982
3.01568
3.08563
2.79869
2.7539
2.62578
2.56504
2.51031
2.51031
2.56504
2.62579
2.7539
2.79869
2.53162
2.50334
2.4146
2.37336
2.33188
2.33188
2.37336
2.4146
2.50335
2.53162
2.27739
2.26003
2.19844
2.17084
2.13953
2.13953
2.17084
2.19844
2.26004
2.27739
2.03094
2.02083
1.97811
1.95989
1.93641
1.93641
1.95989
1.97811
2.02083
2.03094
1.78961
1.78416
1.75467
1.74276
1.72482
1.72482
1.74276
1.75467
1.78416
1.78961
1.55022
1.54789
1.52767
1.52032
1.506
1.506
1.52032
1.52768
1.54789
1.55022
1.31326
1.31253
1.29893
1.29454
1.28259
1.28259
1.29454
1.29893
1.31253
1.31327
1.07456
1.07508
1.06631
1.06452
1.05543
1.05543
1.06452
1.06631
1.07508
1.07456
0.838936
0.839338
0.833628
0.832709
0.826255
0.826255
0.832709
0.833628
0.839339
0.838936
0.597562
0.598631
0.595801
0.596746
0.592062
0.592062
0.596746
0.595801
0.598631
0.597562
0.362854
0.363135
0.360616
0.360219
0.355101
0.355101
0.360219
0.360616
0.363135
0.362854
0.116993
0.117773
0.118716
0.119996
0.116691
0.116691
0.119996
0.118716
0.117773
0.116993
1140.51
459.275
367.44
307.27
343.824
343.823
307.27
367.44
459.275
1140.51
549.779
87.9676
20.3765
13.7539
7.69489
7.69438
13.7539
20.3765
87.9677
549.779
366.413
70.5942
49.7205
49.1908
48.6383
48.6381
49.191
49.7204
70.5943
366.413
263.684
39.6494
53.2785
45.9845
47.5264
47.5262
45.9848
53.2785
39.6497
263.684
167.991
21.144
34.071
26.7008
31.9665
31.9667
26.7012
34.0712
21.1443
167.992
102.233
11.2978
19.6499
10.6949
18.2121
18.2126
10.6952
19.6502
11.2981
102.234
59.4355
5.12735
10.3978
-0.331508
4.85329
4.85358
-0.331621
10.398
5.12768
59.4358
32.5544
1.64729
3.86445
-4.53369
-2.91528
-2.9155
-4.53435
3.86466
1.64761
32.5547
16.9615
-0.0227432
1.03542
-4.57637
-3.61453
-3.61517
-4.57682
1.03553
-0.0225202
16.9617
8.60009
-1.14707
-0.00953927
-3.50494
-2.7379
-2.7383
-3.50522
-0.0094598
-1.14689
8.6003
4.27087
-2.14154
-0.386365
-2.90986
-2.17649
-2.17668
-2.91008
-0.386286
-2.1414
4.27104
1.97702
-3.27106
-0.349777
-2.66137
-1.90922
-1.90929
-2.66153
-0.349631
-3.27095
1.97712
0.14561
-4.99058
-1.26621
-3.1499
-1.88684
-1.88678
-3.15003
-1.266
-4.99049
0.145717
-1.91289
-7.35605
-3.10694
-3.71905
-2.0094
-2.00924
-3.71911
-3.10677
-7.35599
-1.91277
-3.87264
-9.61953
-4.66546
-3.83491
-1.95164
-1.95129
-3.83492
-4.66538
-9.61949
-3.87254
-4.39486
-10.1113
-5.46334
-3.3437
-1.54679
-1.54656
-3.34367
-5.46336
-10.1112
-4.39478
-2.51796
-7.62426
-5.05111
-2.34091
-0.84106
-0.841477
-2.34084
-5.05123
-7.62422
-2.5179
1.61405
-3.47604
-2.82715
-0.877836
0.0767348
0.0764181
-0.877842
-2.82722
-3.47598
1.61411
6.85838
1.42458
0.0160065
0.627822
1.00016
1.00019
0.627858
0.0160805
1.42466
6.85844
9.14436
4.60966
2.1082
1.77668
1.75533
1.75533
1.77669
2.10824
4.60971
9.14436
7.94738
5.42079
3.17369
2.47399
2.29627
2.29629
2.474
3.17371
5.4208
7.94736
6.36654
5.09783
3.48839
2.8632
2.66058
2.66057
2.8632
3.48841
5.09784
6.36653
5.38575
4.67734
3.54709
3.05976
2.87656
2.87656
3.05977
3.5471
4.67734
5.38575
4.72509
4.29348
3.48976
3.1274
2.96655
2.96655
3.12741
3.48976
4.29348
4.72509
4.19635
3.92818
3.36678
3.10722
2.97119
2.97119
3.10722
3.36679
3.92818
4.19635
3.76577
3.59604
3.20614
3.02438
2.91494
2.91494
3.02438
3.20614
3.59604
3.76577
3.40311
3.29422
3.02447
2.8981
2.80993
2.80994
2.8981
3.02448
3.29422
3.40311
3.08563
3.01567
2.82982
2.74197
2.67159
2.67159
2.74197
2.82982
3.01567
3.08563
2.79869
2.7539
2.62578
2.56504
2.51031
2.51031
2.56504
2.62579
2.7539
2.79869
2.53162
2.50334
2.4146
2.37336
2.33188
2.33188
2.37336
2.4146
2.50334
2.53162
2.27739
2.26003
2.19844
2.17084
2.13953
2.13953
2.17084
2.19844
2.26003
2.27739
2.03094
2.02083
1.97811
1.95989
1.93641
1.93641
1.95989
1.97811
2.02083
2.03094
1.78961
1.78416
1.75467
1.74276
1.72482
1.72483
1.74276
1.75467
1.78416
1.78961
1.55022
1.54789
1.52767
1.52032
1.506
1.506
1.52032
1.52767
1.54789
1.55022
1.31326
1.31253
1.29893
1.29454
1.28259
1.28259
1.29454
1.29893
1.31253
1.31327
1.07456
1.07508
1.06631
1.06452
1.05543
1.05543
1.06452
1.06631
1.07508
1.07456
0.838936
0.839338
0.833628
0.832709
0.826255
0.826255
0.832709
0.833628
0.839339
0.838936
0.597562
0.598631
0.595801
0.596746
0.592062
0.592062
0.596746
0.595801
0.598631
0.597562
0.362854
0.363135
0.360616
0.360219
0.355101
0.355101
0.360219
0.360616
0.363135
0.362854
0.116993
0.117773
0.118716
0.119996
0.116691
0.116691
0.119996
0.118716
0.117773
0.116993
1140.51
549.779
366.413
263.684
167.991
102.233
59.4352
32.5542
16.9614
8.59991
4.27075
1.97696
0.145534
-1.91298
-3.87272
-4.39492
-2.51799
1.61404
6.85838
9.14437
459.275
87.9674
70.5941
39.6492
21.1438
11.2976
5.1272
1.64715
-0.0228492
-1.14715
-2.14161
-3.27113
-4.99067
-7.35613
-9.6196
-10.1113
-7.62431
-3.47607
1.42456
4.60967
367.44
20.3763
49.7206
53.2785
34.0707
19.6497
10.3977
3.86432
1.0353
-0.00965285
-0.386468
-0.349875
-1.2663
-3.10704
-4.66556
-5.46344
-5.05119
-2.82719
0.0159918
2.10819
307.27
13.7538
49.1909
45.9843
26.7005
10.6947
-0.331639
-4.53381
-4.57646
-3.50502
-2.90995
-2.66146
-3.15
-3.71914
-3.83497
-3.34375
-2.34095
-0.877866
0.627803
1.77666
343.824
7.69494
48.6383
47.5263
31.9663
18.212
4.85316
-2.91541
-3.61466
-2.73801
-2.17658
-1.90932
-1.88693
-2.00947
-1.95169
-1.54688
-0.841133
0.0767556
1.00016
1.7553
343.824
7.69453
48.6382
47.5262
31.9665
18.2124
4.85341
-2.91556
-3.61515
-2.73831
-2.17673
-1.90937
-1.88688
-2.00935
-1.95144
-1.54671
-0.841434
0.0765257
1.00019
1.7553
307.27
13.7538
49.191
45.9846
26.7009
10.6949
-0.331697
-4.53428
-4.57679
-3.50523
-2.9101
-2.66157
-3.15009
-3.71918
-3.83498
-3.34373
-2.3409
-0.877875
0.627823
1.77667
367.44
20.3763
49.7205
53.2785
34.0709
19.6499
10.3978
3.86448
1.03539
-0.00958401
-0.386402
-0.349763
-1.26615
-3.10691
-4.66549
-5.46344
-5.05127
-2.82725
0.0160351
2.10822
459.275
87.9675
70.5942
39.6494
21.1441
11.2978
5.12746
1.6474
-0.0226741
-1.14701
-2.14149
-3.27105
-4.99059
-7.35607
-9.61956
-10.1113
-7.62427
-3.47604
1.42461
4.60969
1140.51
549.779
366.413
263.684
167.991
102.233
59.4355
32.5544
16.9615
8.60009
4.27087
1.97702
0.14561
-1.91289
-3.87264
-4.39486
-2.51796
1.61405
6.85838
9.14436
7.94739
6.36655
5.38576
4.72509
4.19635
3.76577
3.40311
3.08563
2.79869
2.53162
2.27739
2.03094
1.78961
1.55022
1.31326
1.07456
0.838936
0.597562
0.362854
0.116993
5.4208
5.09784
4.67734
4.29348
3.92818
3.59604
3.29422
3.01567
2.7539
2.50334
2.26003
2.02083
1.78416
1.54789
1.31253
1.07508
0.839338
0.598631
0.363135
0.117773
3.17369
3.48839
3.54709
3.48976
3.36678
3.20614
3.02447
2.82982
2.62578
2.4146
2.19844
1.97811
1.75467
1.52767
1.29893
1.06631
0.833628
0.595801
0.360616
0.118716
2.47398
2.86319
3.05976
3.1274
3.10722
3.02437
2.8981
2.74197
2.56504
2.37336
2.17084
1.95989
1.74276
1.52032
1.29454
1.06452
0.832709
0.596746
0.360219
0.119996
2.29627
2.66056
2.87654
2.96655
2.97119
2.91494
2.80993
2.67159
2.51031
2.33187
2.13953
1.93641
1.72482
1.506
1.28259
1.05543
0.826255
0.592062
0.355101
0.116691
2.29628
2.66055
2.87654
2.96654
2.97119
2.91494
2.80993
2.67159
2.51031
2.33187
2.13953
1.93641
1.72482
1.506
1.28259
1.05543
0.826255
0.592062
0.355101
0.116691
2.47399
2.86319
3.05976
3.1274
3.10722
3.02438
2.8981
2.74197
2.56504
2.37336
2.17084
1.95989
1.74276
1.52032
1.29454
1.06452
0.832709
0.596746
0.360219
0.119996
3.1737
3.4884
3.54709
3.48976
3.36678
3.20614
3.02447
2.82982
2.62578
2.4146
2.19844
1.97811
1.75467
1.52767
1.29893
1.06631
0.833628
0.595801
0.360616
0.118716
5.42081
5.09784
4.67735
4.29348
3.92818
3.59604
3.29422
3.01567
2.7539
2.50334
2.26003
2.02083
1.78416
1.54789
1.31253
1.07508
0.839338
0.598631
0.363135
0.117773
7.94738
6.36654
5.38575
4.72509
4.19635
3.76577
3.40311
3.08563
2.79869
2.53162
2.27739
2.03094
1.78961
1.55022
1.31326
1.07456
0.838936
0.597562
0.362854
0.116993
1140.51
549.779
366.413
263.684
167.991
102.233
59.4356
32.5545
16.9616
8.60015
4.27093
1.97708
0.145666
-1.91284
-3.87261
-4.39484
-2.51795
1.61406
6.8584
9.14437
459.276
87.9677
70.5943
39.6495
21.1441
11.2979
5.12744
1.64737
-0.0226831
-1.14702
-2.1415
-3.27101
-4.99054
-7.35602
-9.61951
-10.1113
-7.62425
-3.47603
1.42459
4.60967
367.44
20.3765
49.7206
53.2786
34.071
19.65
10.3979
3.86451
1.03547
-0.00949873
-0.386321
-0.349718
-1.26614
-3.10688
-4.66543
-5.46334
-5.05113
-2.82715
0.0160263
2.10821
307.27
13.754
49.1909
45.9846
26.7008
10.6949
-0.331481
-4.5337
-4.57637
-3.50493
-2.90986
-2.66136
-3.1499
-3.71904
-3.83488
-3.34368
-2.34089
-0.877822
0.627839
1.77669
343.824
7.6949
48.6383
47.5264
31.9665
18.2122
4.85335
-2.91528
-3.61459
-2.73793
-2.17649
-1.90921
-1.88681
-2.00935
-1.95156
-1.54677
-0.841131
0.0767319
1.00017
1.75532
343.824
7.69453
48.6382
47.5263
31.9666
18.2125
4.85357
-2.91541
-3.61501
-2.73819
-2.17662
-1.90926
-1.88678
-2.00925
-1.95134
-1.54663
-0.841391
0.0765354
1.00019
1.75532
307.27
13.754
49.191
45.9848
26.7011
10.6951
-0.331545
-4.53412
-4.57667
-3.50512
-2.91
-2.66147
-3.14998
-3.71908
-3.8349
-3.34366
-2.34084
-0.877827
0.627861
1.7767
367.44
20.3765
49.7204
53.2786
34.0712
19.6502
10.398
3.86464
1.03553
-0.00944842
-0.386276
-0.349636
-1.26602
-3.10679
-4.66538
-5.46335
-5.0512
-2.82719
0.0160803
2.10824
459.275
87.9677
70.5944
39.6497
21.1443
11.298
5.12765
1.64758
-0.0225371
-1.1469
-2.1414
-3.27095
-4.99049
-7.35598
-9.61948
-10.1112
-7.6242
-3.47596
1.42466
4.60971
1140.51
549.779
366.413
263.684
167.992
102.234
59.4358
32.5547
16.9617
8.6003
4.27104
1.97712
0.145717
-1.91277
-3.87254
-4.39478
-2.5179
1.61411
6.85844
9.14436
7.94739
6.36655
5.38576
4.7251
4.19635
3.76577
3.40311
3.08563
2.79869
2.53162
2.27739
2.03094
1.78961
1.55022
1.31327
1.07456
0.838936
0.597562
0.362854
0.116993
5.4208
5.09784
4.67734
4.29348
3.92818
3.59605
3.29422
3.01568
2.7539
2.50335
2.26004
2.02083
1.78416
1.54789
1.31253
1.07508
0.839339
0.598631
0.363135
0.117773
3.1737
3.4884
3.5471
3.48976
3.36679
3.20614
3.02448
2.82982
2.62579
2.4146
2.19844
1.97811
1.75467
1.52768
1.29893
1.06631
0.833628
0.595801
0.360616
0.118716
2.474
2.8632
3.05977
3.12741
3.10723
3.02438
2.8981
2.74197
2.56504
2.37336
2.17084
1.95989
1.74276
1.52033
1.29454
1.06452
0.832709
0.596746
0.360219
0.119996
2.29629
2.66058
2.87656
2.96655
2.9712
2.91495
2.80994
2.67159
2.51031
2.33188
2.13954
1.93641
1.72483
1.506
1.28259
1.05543
0.826255
0.592063
0.355101
0.116691
2.2963
2.66057
2.87656
2.96655
2.9712
2.91495
2.80994
2.67159
2.51031
2.33188
2.13954
1.93641
1.72483
1.506
1.28259
1.05543
0.826255
0.592063
0.355101
0.116691
2.47401
2.86321
3.05977
3.12741
3.10723
3.02438
2.8981
2.74197
2.56504
2.37336
2.17084
1.95989
1.74276
1.52033
1.29454
1.06452
0.832709
0.596746
0.360219
0.119996
3.17372
3.48841
3.5471
3.48976
3.36679
3.20614
3.02448
2.82982
2.62579
2.4146
2.19844
1.97811
1.75467
1.52768
1.29893
1.06631
0.833628
0.595801
0.360616
0.118716
5.42081
5.09784
4.67734
4.29348
3.92818
3.59604
3.29422
3.01567
2.7539
2.50334
2.26004
2.02083
1.78416
1.54789
1.31253
1.07508
0.839339
0.598631
0.363135
0.117773
7.94736
6.36653
5.38575
4.72509
4.19635
3.76577
3.40311
3.08563
2.79869
2.53162
2.27739
2.03094
1.78961
1.55022
1.31327
1.07456
0.838936
0.597562
0.362854
0.116993
)
;
    }
}


// ************************************************************************* //
