/*--------------------------------*- C++ -*----------------------------------*\
| =========                 |                                                 |
| \\      /  F ield         | OpenFOAM: The Open Source CFD Toolbox           |
|  \\    /   O peration     | Version:  2412                                  |
|   \\  /    A nd           | Website:  www.openfoam.com                      |
|    \\/     M anipulation  |                                                 |
\*---------------------------------------------------------------------------*/
FoamFile
{
    version     2.0;
    format      ascii;
    arch        "LSB;label=32;scalar=64";
    class       volVectorField;
    location    "0.82";
    object      U;
}
// * * * * * * * * * * * * * * * * * * * * * * * * * * * * * * * * * * * * * //

dimensions      [0 1 -1 0 0 0 0];

internalField   nonuniform List<vector> 
1000
(
(-0.758721 -0.758721 -0.354792)
(0.621932 -0.804514 -0.450175)
(0.145841 -0.750329 0.105284)
(0.271326 -0.158613 0.564139)
(-0.426288 -0.391454 0.267302)
(0.426265 -0.391455 0.267331)
(-0.271333 -0.158585 0.564135)
(-0.145833 -0.750339 0.105271)
(-0.621932 -0.804519 -0.450195)
(0.758723 -0.758723 -0.354792)
(-0.804508 0.621935 -0.450159)
(-0.254807 -0.25479 -0.559571)
(-1.20656 0.910933 -0.0322599)
(0.0261188 0.0272109 -0.222537)
(-0.585818 -0.185247 -0.51744)
(0.585789 -0.185233 -0.517412)
(-0.0261141 0.0270853 -0.222515)
(1.20663 0.910917 -0.0322726)
(0.254805 -0.254825 -0.559598)
(0.804516 0.621941 -0.450146)
(-0.750327 0.145861 0.105287)
(0.910944 -1.20653 -0.0322735)
(-0.650823 -0.650944 1.55851)
(0.66095 -0.884514 1.10029)
(0.0544334 -0.614927 -0.107565)
(-0.0542893 -0.614865 -0.107712)
(-0.660883 -0.884542 1.10024)
(0.650805 -0.651018 1.55848)
(-0.910957 -1.20656 -0.032266)
(0.750354 0.145874 0.105288)
(-0.158642 0.271321 0.56413)
(0.0272594 0.026088 -0.222539)
(-0.884513 0.661019 1.1003)
(0.578337 0.578361 0.0962322)
(-0.258334 0.321277 -0.745208)
(0.258388 0.321238 -0.745179)
(-0.578265 0.578311 0.0962126)
(0.884543 0.661045 1.10027)
(-0.0271949 0.0260529 -0.2225)
(0.158651 0.271315 0.564115)
(-0.391455 -0.426281 0.267291)
(-0.185249 -0.585826 -0.517439)
(-0.614959 0.0544238 -0.107465)
(0.321298 -0.258371 -0.745221)
(-0.262129 -0.262148 -0.711284)
(0.262173 -0.262203 -0.711242)
(-0.321277 -0.258428 -0.74521)
(0.614949 0.0544031 -0.10741)
(0.18526 -0.585817 -0.517403)
(0.391447 -0.426263 0.267322)
(-0.391459 0.42625 0.267329)
(-0.185213 0.585775 -0.517402)
(-0.614881 -0.0542493 -0.10768)
(0.321221 0.258412 -0.745161)
(-0.262222 0.262189 -0.711219)
(0.262254 0.262233 -0.711182)
(-0.321212 0.258428 -0.745149)
(0.614883 -0.0542756 -0.107593)
(0.185238 0.585759 -0.517376)
(0.391448 0.426237 0.267352)
(-0.158588 -0.271335 0.564135)
(0.0270588 -0.0260907 -0.222513)
(-0.884566 -0.660894 1.10022)
(0.578268 -0.578231 0.0962277)
(-0.258415 -0.321236 -0.745198)
(0.258418 -0.321208 -0.745168)
(-0.578229 -0.578204 0.0962091)
(0.88458 -0.66091 1.1002)
(-0.027012 -0.0260578 -0.222488)
(0.158593 -0.27133 0.564147)
(-0.750336 -0.145839 0.105264)
(0.910912 1.20664 -0.0322941)
(-0.650953 0.650867 1.55844)
(0.660999 0.884561 1.10027)
(0.0544087 0.614924 -0.107477)
(-0.0543084 0.614875 -0.107595)
(-0.660931 0.884573 1.10023)
(0.650913 0.650903 1.55837)
(-0.910921 1.20665 -0.0323009)
(0.750341 -0.145845 0.10526)
(-0.804518 -0.621934 -0.450192)
(-0.254844 0.254794 -0.559618)
(-1.20658 -0.910951 -0.0322623)
(0.026077 -0.0271051 -0.222483)
(-0.585792 0.185311 -0.517374)
(0.58576 0.185313 -0.517354)
(-0.0260695 -0.0269978 -0.222472)
(1.20663 -0.910932 -0.0322861)
(0.254835 0.25482 -0.55965)
(0.804516 -0.621939 -0.45018)
(-0.758723 0.758724 -0.354792)
(0.62194 0.804519 -0.450148)
(0.145864 0.750353 0.10529)
(0.271308 0.15862 0.564108)
(-0.426263 0.391441 0.267347)
(0.426245 0.391436 0.267369)
(-0.271316 0.158589 0.564132)
(-0.145854 0.750344 0.105269)
(-0.621942 0.804514 -0.450169)
(0.758725 0.758725 -0.354791)
(-0.799016 -0.799016 -0.296571)
(0.648008 -0.814732 -0.422233)
(-0.0145391 -0.688418 0.0843272)
(0.271401 -0.166146 0.723397)
(-0.311095 -0.245084 0.349359)
(0.311101 -0.245092 0.349376)
(-0.271399 -0.166153 0.723411)
(0.0145776 -0.688431 0.0843417)
(-0.648006 -0.814737 -0.422226)
(0.799017 -0.799016 -0.296572)
(-0.814725 0.648009 -0.422232)
(-0.200024 -0.200005 -0.336987)
(-1.04867 0.797047 0.0430609)
(-0.059431 0.174168 -0.171134)
(-0.646103 -0.054718 -0.600054)
(0.646104 -0.0545792 -0.600047)
(0.0594241 0.174143 -0.171145)
(1.04872 0.797007 0.0430911)
(0.200014 -0.200013 -0.336998)
(0.814732 0.648017 -0.422232)
(-0.68841 -0.0145147 0.084319)
(0.797075 -1.04865 0.0430209)
(-0.889695 -0.88977 1.59303)
(0.773664 -0.717527 0.715343)
(-0.0476318 -0.540575 -0.0308066)
(0.0478421 -0.540557 -0.0307869)
(-0.773595 -0.717547 0.715339)
(0.889642 -0.889819 1.59303)
(-0.797123 -1.04867 0.0429854)
(0.68843 -0.014491 0.0843204)
(-0.166164 0.271393 0.723385)
(0.174184 -0.0594779 -0.171141)
(-0.717527 0.773663 0.715337)
(0.495304 0.495319 -0.184897)
(-0.271478 0.27122 -0.768166)
(0.271555 0.271161 -0.768114)
(-0.495209 0.495263 -0.184864)
(0.717522 0.773624 0.715293)
(-0.174154 -0.0595297 -0.17112)
(0.166182 0.27138 0.723394)
(-0.245075 -0.311083 0.349355)
(-0.0547761 -0.646094 -0.600048)
(-0.540586 -0.0476455 -0.0307689)
(0.27124 -0.271485 -0.768188)
(-0.228058 -0.228074 -0.688546)
(0.228075 -0.228115 -0.688534)
(-0.271222 -0.271576 -0.768181)
(0.540569 -0.0477452 -0.0307233)
(0.0547743 -0.64609 -0.600017)
(0.245068 -0.311067 0.349385)
(-0.245083 0.311087 0.349378)
(-0.0545679 0.646083 -0.600038)
(-0.540562 0.0479125 -0.0307477)
(0.271137 0.271572 -0.768109)
(-0.22813 0.228088 -0.688546)
(0.22814 0.228123 -0.688547)
(-0.27113 0.271612 -0.768111)
(0.540546 0.0479441 -0.030708)
(0.0545927 0.646069 -0.600017)
(0.245067 0.311066 0.349406)
(-0.16616 -0.271399 0.723413)
(0.174135 0.0594518 -0.171158)
(-0.717563 -0.773561 0.715325)
(0.495213 -0.495168 -0.184849)
(-0.271572 -0.271182 -0.768171)
(0.27159 -0.271133 -0.768128)
(-0.495164 -0.495144 -0.184852)
(0.717556 -0.773526 0.715284)
(-0.174102 0.0595004 -0.171142)
(0.166156 -0.271393 0.723431)
(-0.688427 0.0145923 0.0843412)
(0.796999 1.04874 0.0430722)
(-0.889787 0.889664 1.593)
(0.7736 0.717525 0.7153)
(-0.0477364 0.540562 -0.0307421)
(0.0478857 0.540547 -0.0307302)
(-0.773541 0.717533 0.715295)
(0.88973 0.889693 1.59296)
(-0.797025 1.04874 0.0430349)
(0.688429 0.0146011 0.0843381)
(-0.814734 -0.648004 -0.422223)
(-0.200018 0.200003 -0.337005)
(-1.04867 -0.797119 0.042992)
(-0.0595133 -0.174121 -0.171101)
(-0.646095 0.0547422 -0.599995)
(0.646088 0.0546324 -0.599996)
(0.0595106 -0.174095 -0.171117)
(1.04872 -0.797067 0.0430116)
(0.200005 0.200007 -0.337014)
(0.814729 -0.648011 -0.422226)
(-0.799017 0.799018 -0.296572)
(0.648021 0.814734 -0.422233)
(-0.014493 0.688433 0.0843272)
(0.271376 0.166173 0.723406)
(-0.311077 0.245084 0.349408)
(0.311077 0.245081 0.349425)
(-0.27138 0.166158 0.723432)
(0.0145624 0.688433 0.0843373)
(-0.64802 0.814727 -0.422231)
(0.79902 0.799019 -0.296574)
(-0.804188 -0.804187 -0.217183)
(0.765695 -0.748517 -0.320781)
(-0.243934 -0.671726 0.192049)
(0.257395 -0.156426 0.719332)
(-0.272457 0.300356 0.4047)
(0.272467 0.300365 0.404674)
(-0.257407 -0.156446 0.719339)
(0.243974 -0.671725 0.192065)
(-0.765689 -0.748512 -0.320778)
(0.804189 -0.804188 -0.217184)
(-0.748516 0.765696 -0.320774)
(-0.192823 -0.192807 -0.222367)
(-0.899137 0.679347 0.0666945)
(-0.15402 0.291608 -0.164304)
(-0.699559 0.0403427 -0.656961)
(0.699518 0.0404249 -0.656945)
(0.154005 0.291608 -0.164303)
(0.899175 0.679343 0.0667096)
(0.192841 -0.192793 -0.22236)
(0.748519 0.765708 -0.320777)
(-0.671721 -0.243915 0.192038)
(0.679347 -0.899143 0.066673)
(-1.03467 -1.03468 1.53612)
(0.762758 -0.288714 0.475223)
(-0.441484 -0.347508 0.048649)
(0.44153 -0.34752 0.048688)
(-0.762743 -0.288873 0.475318)
(1.03462 -1.03471 1.53614)
(-0.679377 -0.899158 0.0666565)
(0.67173 -0.243896 0.192037)
(-0.15643 0.257382 0.719328)
(0.2916 -0.15406 -0.164318)
(-0.288736 0.762757 0.475223)
(0.352113 0.35211 -0.301394)
(-0.128666 0.225075 -0.777834)
(0.128728 0.22504 -0.777786)
(-0.352011 0.352032 -0.301363)
(0.288745 0.762716 0.475242)
(-0.291566 -0.154122 -0.164309)
(0.156437 0.257369 0.719347)
(0.300393 -0.272466 0.404714)
(0.0403014 -0.699562 -0.656954)
(-0.347483 -0.441543 0.0486695)
(0.22509 -0.128676 -0.77786)
(-0.199035 -0.199037 -0.675556)
(0.199035 -0.19905 -0.675561)
(-0.225078 -0.128767 -0.777875)
(0.347458 -0.441716 0.0487032)
(-0.0403242 -0.699567 -0.656932)
(-0.300406 -0.272459 0.404746)
(0.300431 0.272469 0.404669)
(0.0404171 0.69949 -0.656926)
(-0.347494 0.441597 0.0487229)
(0.225032 0.128752 -0.777787)
(-0.19906 0.199048 -0.675585)
(0.19906 0.199062 -0.675596)
(-0.225027 0.128805 -0.777813)
(0.347453 0.441741 0.0487384)
(-0.0404241 0.699491 -0.656909)
(-0.300473 0.272448 0.4047)
(-0.15645 -0.257411 0.719336)
(0.291597 0.154029 -0.164316)
(-0.288941 -0.762735 0.47535)
(0.351993 -0.351963 -0.301361)
(-0.128764 -0.225052 -0.777869)
(0.128787 -0.225024 -0.77783)
(-0.351929 -0.35191 -0.301366)
(0.28891 -0.762693 0.475337)
(-0.291561 0.15408 -0.164309)
(0.156432 -0.257405 0.719348)
(-0.671722 0.243994 0.192064)
(0.679337 0.899195 0.0666904)
(-1.03472 1.0346 1.53612)
(0.762691 0.288729 0.475252)
(-0.441643 0.347484 0.048695)
(0.44167 0.347487 0.0487169)
(-0.76268 0.288838 0.475314)
(1.03467 1.03462 1.53609)
(-0.67935 0.899201 0.0666674)
(0.671723 0.244005 0.192059)
(-0.748511 -0.765685 -0.320769)
(-0.192783 0.192846 -0.222368)
(-0.899151 -0.679386 0.066658)
(-0.1541 -0.291565 -0.164289)
(-0.699564 -0.0403645 -0.656927)
(0.699521 -0.0404297 -0.656913)
(0.154081 -0.29156 -0.16429)
(0.899178 -0.67937 0.0666582)
(0.192792 0.192827 -0.222375)
(0.748506 -0.765693 -0.320763)
(-0.804188 0.804188 -0.217184)
(0.765713 0.748519 -0.320781)
(-0.243896 0.671733 0.192046)
(0.257371 0.156442 0.719361)
(-0.272445 -0.300332 0.404756)
(0.272441 -0.300367 0.404731)
(-0.257388 0.156437 0.719363)
(0.243967 0.671727 0.192057)
(-0.765704 0.748507 -0.320769)
(0.80419 0.80419 -0.217184)
(-0.762149 -0.762148 -0.260238)
(0.771314 -0.679076 -0.212206)
(-0.387413 -0.642688 0.315679)
(0.276861 -0.0194416 0.669521)
(-0.533761 0.783226 0.140748)
(0.533804 0.783251 0.140709)
(-0.276873 -0.0194483 0.66953)
(0.387438 -0.642677 0.315688)
(-0.771313 -0.679076 -0.21219)
(0.762148 -0.762148 -0.260241)
(-0.679074 0.771313 -0.212207)
(-0.177042 -0.177035 -0.172656)
(-0.807682 0.589086 0.190349)
(-0.119149 0.375234 -0.190332)
(-0.608937 0.0117336 -0.629088)
(0.6089 0.0117483 -0.629093)
(0.119169 0.375219 -0.190319)
(0.807715 0.589077 0.190371)
(0.17706 -0.177035 -0.172636)
(0.679078 0.771313 -0.212207)
(-0.642682 -0.387401 0.315674)
(0.589063 -0.80769 0.190346)
(-0.960908 -0.960896 1.47181)
(0.477392 0.170693 0.368072)
(-0.68398 -0.167801 0.0171938)
(0.683968 -0.167787 0.0172924)
(-0.477492 0.170515 0.368198)
(0.96088 -0.960934 1.47186)
(-0.589101 -0.807705 0.190324)
(0.642682 -0.38739 0.315674)
(-0.0194377 0.276848 0.669528)
(0.375209 -0.119165 -0.19034)
(0.170663 0.47738 0.368087)
(0.183302 0.183306 -0.239297)
(-0.00861268 0.195583 -0.730387)
(0.00864271 0.195574 -0.730356)
(-0.183231 0.183235 -0.239303)
(-0.170621 0.477302 0.368148)
(-0.37518 -0.119218 -0.190322)
(0.0194172 0.276818 0.669562)
(0.78321 -0.533764 0.140746)
(0.0117113 -0.608936 -0.629087)
(-0.167773 -0.684002 0.0171676)
(0.195593 -0.00862006 -0.730406)
(-0.186249 -0.186245 -0.670542)
(0.18624 -0.186242 -0.670554)
(-0.195583 -0.00866633 -0.73045)
(0.167734 -0.684016 0.017146)
(-0.0117308 -0.608935 -0.629099)
(-0.783209 -0.533822 0.140761)
(0.783235 0.53381 0.140679)
(0.0117117 0.608878 -0.629091)
(-0.16776 0.683989 0.0173028)
(0.195582 0.00865927 -0.73036)
(-0.186247 0.186248 -0.670578)
(0.186245 0.186252 -0.670597)
(-0.195574 0.00869093 -0.730411)
(0.167721 0.684002 0.0172479)
(-0.0117178 0.608884 -0.629105)
(-0.783217 0.533839 0.140685)
(-0.0194463 -0.276873 0.66953)
(0.375183 0.119186 -0.190331)
(0.170438 -0.477512 0.368256)
(0.183207 -0.183208 -0.239314)
(-0.00866915 -0.195573 -0.730456)
(0.00868369 -0.195569 -0.730431)
(-0.183143 -0.183136 -0.239334)
(-0.170447 -0.477421 0.368276)
(-0.375156 0.119221 -0.190322)
(0.0194188 -0.276849 0.669542)
(-0.642672 0.387448 0.315686)
(0.589058 0.807736 0.190368)
(-0.960959 0.960855 1.47186)
(0.477298 -0.170644 0.368143)
(-0.68398 0.167743 0.0171866)
(0.68397 0.167733 0.0172564)
(-0.477389 -0.170509 0.368229)
(0.960932 0.960885 1.47185)
(-0.589092 0.807743 0.190345)
(0.64267 0.387452 0.31568)
(-0.679076 -0.771312 -0.212185)
(-0.177022 0.177072 -0.172636)
(-0.807699 -0.589131 0.190311)
(-0.119212 -0.375197 -0.190308)
(-0.608945 -0.011776 -0.629095)
(0.608913 -0.0117773 -0.629099)
(0.119221 -0.37518 -0.190304)
(0.807724 -0.589126 0.19032)
(0.177027 0.177061 -0.172619)
(0.679072 -0.771314 -0.212183)
(-0.76215 0.762148 -0.260241)
(0.771315 0.679078 -0.212206)
(-0.387391 0.642687 0.315678)
(0.27683 0.0194278 0.66957)
(-0.533796 -0.783228 0.140804)
(0.533814 -0.783243 0.14076)
(-0.276844 0.0194265 0.66956)
(0.38743 0.642678 0.315681)
(-0.771316 0.679071 -0.212188)
(0.762152 0.762151 -0.260241)
(-0.706986 -0.706986 -0.25182)
(0.620341 -0.56738 -0.0689464)
(-0.447349 -0.606025 0.425995)
(0.249435 0.291726 0.592806)
(-0.671191 0.403645 -0.120247)
(0.671141 0.403661 -0.120264)
(-0.249443 0.291686 0.592828)
(0.447358 -0.606011 0.426002)
(-0.620334 -0.567388 -0.0689307)
(0.706985 -0.706989 -0.251821)
(-0.567378 0.62034 -0.0689449)
(-0.17044 -0.170436 -0.0278287)
(-0.827713 0.550325 0.21796)
(-0.0712987 0.464519 -0.268173)
(-0.430535 -0.0956667 -0.58747)
(0.430519 -0.0956904 -0.587479)
(0.0713241 0.464584 -0.26813)
(0.827737 0.550296 0.218003)
(0.170465 -0.170444 -0.0278026)
(0.567381 0.620336 -0.0689421)
(-0.606022 -0.447342 0.425998)
(0.550302 -0.827707 0.21797)
(-0.834967 -0.834941 1.54938)
(0.207984 0.330416 0.395924)
(-0.583102 -0.0739303 -0.166223)
(0.58295 -0.073921 -0.166124)
(-0.208103 0.330399 0.396036)
(0.834961 -0.834991 1.54943)
(-0.550328 -0.827705 0.217958)
(0.606014 -0.447332 0.425995)
(0.291725 0.249429 0.592822)
(0.464472 -0.0712943 -0.268181)
(0.330385 0.207976 0.395935)
(-0.0704241 -0.0704087 -0.0603898)
(0.0563268 0.168037 -0.690083)
(-0.056332 0.168052 -0.690054)
(0.0704321 -0.0703464 -0.0604369)
(-0.330384 0.207922 0.39596)
(-0.464494 -0.0713401 -0.268153)
(-0.291709 0.249393 0.592877)
(0.403639 -0.671186 -0.120226)
(-0.0956623 -0.430542 -0.587477)
(-0.0739223 -0.583083 -0.166239)
(0.168046 0.0563241 -0.690097)
(-0.186239 -0.186231 -0.669295)
(0.18623 -0.186221 -0.669318)
(-0.168037 0.0563187 -0.690146)
(0.073935 -0.58293 -0.16624)
(0.0956329 -0.430542 -0.587501)
(-0.403696 -0.671216 -0.120235)
(0.403641 0.671114 -0.120243)
(-0.0957127 0.430516 -0.58749)
(-0.073915 0.582872 -0.166112)
(0.168074 -0.0563276 -0.690054)
(-0.186223 0.18623 -0.66934)
(0.186223 0.186229 -0.669358)
(-0.168066 -0.0563135 -0.690116)
(0.0739253 0.582765 -0.166145)
(0.095683 0.430521 -0.587512)
(-0.403685 0.671154 -0.120251)
(0.291669 -0.249443 0.59284)
(0.464551 0.0713307 -0.268135)
(0.330364 -0.208139 0.396085)
(-0.0703387 0.070417 -0.0604556)
(0.0563144 -0.168036 -0.690152)
(-0.0563107 -0.168055 -0.690132)
(0.070387 0.0703976 -0.0605126)
(-0.330359 -0.20807 0.396084)
(-0.464543 0.0713628 -0.268125)
(-0.291665 -0.249411 0.592862)
(-0.606006 0.44736 0.426005)
(0.550268 0.827744 0.218013)
(-0.835029 0.834936 1.54942)
(0.207905 -0.33042 0.395949)
(-0.582945 0.07393 -0.166202)
(0.582823 0.0739168 -0.166133)
(-0.208022 -0.330391 0.396036)
(0.835019 0.834977 1.54941)
(-0.550295 0.827737 0.217997)
(0.606003 0.447356 0.425999)
(-0.56739 -0.620331 -0.0689247)
(-0.170439 0.170478 -0.0278029)
(-0.827709 -0.550356 0.217936)
(-0.0713529 -0.464541 -0.268137)
(-0.430545 0.0956185 -0.587494)
(0.430531 0.0956448 -0.5875)
(0.0713714 -0.464581 -0.26811)
(0.827728 -0.550334 0.217965)
(0.17045 0.170477 -0.0277878)
(0.567386 -0.62033 -0.0689178)
(-0.706992 0.706985 -0.251821)
(0.620337 0.567381 -0.0689389)
(-0.447335 0.606018 0.42599)
(0.249402 -0.291707 0.592876)
(-0.671233 -0.40373 -0.120239)
(0.671191 -0.403739 -0.120254)
(-0.24941 -0.29167 0.592872)
(0.447348 0.606011 0.425992)
(-0.620335 0.567383 -0.0689188)
(0.706994 0.706992 -0.25182)
(-0.618563 -0.618567 -0.181167)
(0.476838 -0.479361 0.0272329)
(-0.457827 -0.5512 0.511707)
(0.130365 0.572421 0.409244)
(-0.610476 0.285786 -0.250985)
(0.61038 0.285775 -0.251046)
(-0.130271 0.572428 0.409224)
(0.457824 -0.551168 0.51172)
(-0.476825 -0.479371 0.0272634)
(0.61856 -0.618579 -0.181161)
(-0.479356 0.476845 0.0272284)
(-0.161723 -0.161715 0.126139)
(-0.822001 0.555662 0.252412)
(-0.12686 0.395441 -0.359129)
(-0.320097 -0.103458 -0.627852)
(0.320118 -0.10352 -0.627874)
(0.126885 0.395627 -0.359136)
(0.822025 0.555646 0.252459)
(0.161751 -0.161715 0.126168)
(0.479356 0.476855 0.0272356)
(-0.551208 -0.457824 0.511712)
(0.555655 -0.821991 0.252426)
(-0.721217 -0.72119 1.73417)
(0.143655 0.290913 0.508754)
(-0.397255 -0.0213091 -0.331739)
(0.39715 -0.0213116 -0.331668)
(-0.143782 0.291059 0.508797)
(0.721227 -0.721233 1.73419)
(-0.555663 -0.821988 0.252424)
(0.551193 -0.457813 0.511713)
(0.57242 0.130405 0.409276)
(0.395411 -0.12683 -0.359117)
(0.290886 0.143639 0.508764)
(-0.302865 -0.302835 0.039769)
(0.0876978 0.115459 -0.679526)
(-0.087732 0.115494 -0.679507)
(0.302842 -0.30266 0.0397747)
(-0.290974 0.143629 0.508734)
(-0.395552 -0.126832 -0.359092)
(-0.572441 0.130361 0.409328)
(0.285821 -0.610495 -0.250977)
(-0.103432 -0.320102 -0.627849)
(-0.0213054 -0.397248 -0.331736)
(0.115463 0.0876964 -0.67953)
(-0.197013 -0.197008 -0.691753)
(0.197005 -0.197002 -0.691767)
(-0.115452 0.0877225 -0.679561)
(0.0213448 -0.397149 -0.331709)
(0.103424 -0.320107 -0.627851)
(-0.285856 -0.610455 -0.251044)
(0.285806 0.610367 -0.251055)
(-0.103525 0.320135 -0.627885)
(-0.0213131 0.397106 -0.331653)
(0.115516 -0.0877348 -0.679502)
(-0.197004 0.196999 -0.691774)
(0.197 0.196998 -0.69178)
(-0.115499 -0.0877373 -0.679548)
(0.0213526 0.397043 -0.331648)
(0.103503 0.320138 -0.627881)
(-0.285843 0.610355 -0.251114)
(0.572421 -0.130267 0.409238)
(0.395657 0.126874 -0.359143)
(0.291079 -0.143815 0.508813)
(-0.302612 0.302822 0.0397746)
(0.0877261 -0.115454 -0.679563)
(-0.0877343 -0.115487 -0.679556)
(0.302639 0.302679 0.0397566)
(-0.291106 -0.143774 0.508779)
(-0.395729 0.126866 -0.359121)
(-0.572433 -0.130251 0.409274)
(-0.551164 0.45782 0.511727)
(0.555634 0.822027 0.252474)
(-0.721266 0.721209 1.73418)
(0.143611 -0.291014 0.50872)
(-0.39716 0.0213536 -0.331695)
(0.39708 0.0213539 -0.331646)
(-0.143724 -0.291104 0.508754)
(0.721276 0.721248 1.73416)
(-0.555642 0.822018 0.252468)
(0.551163 0.457809 0.511725)
(-0.479372 -0.476828 0.0272677)
(-0.161718 0.161756 0.126173)
(-0.821998 -0.555671 0.252404)
(-0.126869 -0.395585 -0.359094)
(-0.32011 0.103435 -0.62785)
(0.320126 0.103489 -0.627868)
(0.126888 -0.395721 -0.359104)
(0.822018 -0.555658 0.252438)
(0.161733 0.161746 0.126192)
(0.479366 -0.476843 0.0272678)
(-0.618582 0.618563 -0.181159)
(0.476856 0.479357 0.0272425)
(-0.457813 0.551188 0.511704)
(0.130336 -0.57245 0.409316)
(-0.610438 -0.285833 -0.251039)
(0.610362 -0.285825 -0.251094)
(-0.130262 -0.572446 0.409286)
(0.457808 0.55117 0.511713)
(-0.476849 0.479363 0.0272688)
(0.618583 0.618578 -0.181152)
(-0.520864 -0.52087 -0.138263)
(0.332021 -0.426065 0.171901)
(-0.462596 -0.487889 0.586639)
(0.0242361 0.501153 0.198568)
(-0.557734 0.243892 -0.457629)
(0.557667 0.243851 -0.457724)
(-0.0240832 0.501289 0.198436)
(0.462585 -0.487834 0.586681)
(-0.332001 -0.426065 0.171923)
(0.520869 -0.520898 -0.138261)
(-0.426065 0.332028 0.1719)
(-0.171322 -0.171313 0.317288)
(-0.776164 0.524197 0.295493)
(-0.102536 0.328768 -0.408729)
(-0.274956 -0.103779 -0.650631)
(0.275008 -0.103852 -0.65064)
(0.102501 0.329013 -0.408735)
(0.776184 0.524183 0.29556)
(0.171364 -0.171323 0.317325)
(0.426064 0.332048 0.171903)
(-0.487906 -0.462596 0.586634)
(0.524196 -0.776156 0.295504)
(-0.636277 -0.636253 1.92161)
(0.203478 0.182496 0.618349)
(-0.263263 -0.0291453 -0.414974)
(0.263229 -0.0291358 -0.41492)
(-0.203574 0.18265 0.618363)
(0.636297 -0.636289 1.92161)
(-0.524205 -0.77616 0.295509)
(0.487884 -0.462583 0.586646)
(0.501165 0.0243081 0.198615)
(0.328745 -0.102523 -0.408715)
(0.182498 0.203464 0.618367)
(-0.343927 -0.343911 0.122586)
(0.0843875 0.0741625 -0.694337)
(-0.0844512 0.0741985 -0.694319)
(0.343894 -0.343746 0.122669)
(-0.182618 0.203485 0.618342)
(-0.328913 -0.102501 -0.408705)
(-0.501275 0.0242688 0.198573)
(0.243915 -0.557743 -0.457607)
(-0.10375 -0.274952 -0.650621)
(-0.0291409 -0.263253 -0.414963)
(0.074166 0.0843879 -0.694331)
(-0.198146 -0.198146 -0.754903)
(0.198138 -0.198147 -0.754915)
(-0.0741598 0.0844541 -0.694317)
(0.0291644 -0.263213 -0.414921)
(0.103774 -0.274964 -0.650608)
(-0.243878 -0.557669 -0.457662)
(0.243872 0.557651 -0.457732)
(-0.103847 0.275031 -0.650634)
(-0.0291293 0.263215 -0.414901)
(0.0742169 -0.084465 -0.694309)
(-0.19815 0.198131 -0.754921)
(0.198142 0.198135 -0.754929)
(-0.0742015 -0.0844949 -0.694311)
(0.0291589 0.263196 -0.41488)
(0.103855 0.275028 -0.650616)
(-0.243839 0.557606 -0.457763)
(0.501351 -0.0240864 0.198432)
(0.329087 0.10248 -0.408734)
(0.182699 -0.203594 0.61837)
(-0.343686 0.343892 0.122691)
(0.0844654 -0.0741588 -0.69431)
(-0.0844905 -0.0741898 -0.694308)
(0.343699 0.343753 0.122716)
(-0.182753 -0.203574 0.618347)
(-0.32917 0.102464 -0.408721)
(-0.501413 -0.0240861 0.198416)
(-0.487828 0.46258 0.586693)
(0.524176 0.776185 0.295579)
(-0.636315 0.636288 1.92159)
(0.203477 -0.182639 0.618325)
(-0.263226 0.0291774 -0.414921)
(0.263209 0.0291722 -0.414887)
(-0.203546 -0.182732 0.618331)
(0.636343 0.636327 1.92155)
(-0.524185 0.776184 0.295578)
(0.487827 0.462565 0.586695)
(-0.426066 -0.33201 0.171927)
(-0.171332 0.171371 0.317333)
(-0.776168 -0.524206 0.295498)
(-0.102524 -0.328941 -0.40871)
(-0.274973 0.103793 -0.650615)
(0.275011 0.103858 -0.650621)
(0.102495 -0.329126 -0.408716)
(0.776187 -0.524196 0.295551)
(0.171365 0.171369 0.317357)
(0.426065 -0.33204 0.171923)
(-0.520902 0.520875 -0.13826)
(0.332049 0.426064 0.171908)
(-0.462581 0.48787 0.586645)
(0.0242043 -0.501272 0.198541)
(-0.557657 -0.24386 -0.457672)
(0.557609 -0.243822 -0.457751)
(-0.0240764 -0.50137 0.198428)
(0.462566 0.487834 0.586679)
(-0.332044 0.426064 0.171923)
(0.520904 0.520899 -0.138257)
(-0.539225 -0.539228 0.0131205)
(0.403327 -0.407851 0.321102)
(-0.447666 -0.397884 0.630764)
(0.131444 0.369894 0.0591759)
(-0.510004 0.196411 -0.594281)
(0.509995 0.196395 -0.594354)
(-0.13157 0.369967 0.0589121)
(0.447649 -0.397843 0.630818)
(-0.403331 -0.407851 0.321124)
(0.539232 -0.539247 0.0131392)
(-0.407852 0.403328 0.3211)
(-0.204234 -0.20423 0.480121)
(-0.708093 0.436101 0.305955)
(-0.0700194 0.227451 -0.46639)
(-0.247343 -0.132992 -0.676672)
(0.247417 -0.13303 -0.676666)
(0.0699844 0.227525 -0.466374)
(0.708107 0.436099 0.306002)
(0.204289 -0.20425 0.480168)
(0.407858 0.403364 0.321106)
(-0.397904 -0.447669 0.630748)
(0.43611 -0.708086 0.305972)
(-0.562196 -0.562172 2.04953)
(0.29776 0.0191694 0.697489)
(-0.195061 -0.0325971 -0.445345)
(0.195154 -0.0325787 -0.445302)
(-0.29777 0.0192387 0.69752)
(0.562217 -0.562198 2.04951)
(-0.436135 -0.708088 0.305972)
(0.397897 -0.447644 0.630762)
(0.369896 0.131431 0.0592237)
(0.227451 -0.0700174 -0.466379)
(0.0192011 0.29776 0.697506)
(-0.300486 -0.300496 0.0977124)
(0.0453258 0.0801163 -0.719068)
(-0.0453805 0.0801433 -0.71905)
(0.3005 -0.30047 0.0978137)
(-0.0192895 0.297779 0.6975)
(-0.227509 -0.0700008 -0.466368)
(-0.369936 0.131495 0.0590931)
(0.196421 -0.510003 -0.594265)
(-0.132977 -0.247338 -0.676665)
(-0.0325913 -0.195037 -0.44533)
(0.0801217 0.045329 -0.719057)
(-0.180446 -0.180448 -0.821572)
(0.180447 -0.18046 -0.821578)
(-0.0801218 0.0454 -0.719007)
(0.0325985 -0.195075 -0.44529)
(0.133003 -0.247373 -0.676657)
(-0.196401 -0.509986 -0.594284)
(0.196408 0.509982 -0.594371)
(-0.133022 0.247445 -0.676653)
(-0.0325659 0.195182 -0.445281)
(0.0801583 -0.0453975 -0.719038)
(-0.180462 0.180446 -0.821581)
(0.180461 0.180457 -0.821584)
(-0.0801505 -0.0454365 -0.719003)
(0.0325794 0.195206 -0.44526)
(0.133039 0.247457 -0.676648)
(-0.196385 0.509981 -0.59437)
(0.370006 -0.131613 0.0588497)
(0.227561 0.0699758 -0.466362)
(0.019283 -0.297763 0.69753)
(-0.300446 0.300522 0.0978421)
(0.0454116 -0.0801179 -0.718991)
(-0.0454356 -0.0801404 -0.718991)
(0.300463 0.300492 0.0978835)
(-0.0193347 -0.297762 0.697517)
(-0.227586 0.0699638 -0.466353)
(-0.370018 -0.131623 0.058795)
(-0.397841 0.447642 0.630829)
(0.436104 0.70811 0.306017)
(-0.562217 0.562212 2.04949)
(0.297779 -0.0192871 0.69749)
(-0.195095 0.0326088 -0.445293)
(0.195183 0.0325963 -0.445271)
(-0.297765 -0.0193183 0.697502)
(0.562248 0.562241 2.04945)
(-0.436129 0.708111 0.306022)
(0.397848 0.447619 0.630836)
(-0.407853 -0.40334 0.321127)
(-0.204261 0.204302 0.480179)
(-0.708093 -0.436131 0.305962)
(-0.0700061 -0.227515 -0.466375)
(-0.247382 0.133014 -0.676661)
(0.247436 0.133048 -0.676658)
(0.069977 -0.227567 -0.466362)
(0.708112 -0.436132 0.306002)
(0.204306 0.204308 0.480209)
(0.40786 -0.403371 0.321125)
(-0.539249 0.539234 0.013142)
(0.403369 0.407859 0.321112)
(-0.447635 0.397883 0.630775)
(0.131491 -0.369938 0.0590565)
(-0.509987 -0.196393 -0.594288)
(0.509989 -0.196376 -0.594346)
(-0.131576 -0.36999 0.05885)
(0.447618 0.397854 0.630827)
(-0.403373 0.407861 0.321126)
(0.53925 0.539248 0.0131498)
(-0.670722 -0.670723 -0.02368)
(0.452097 -0.435217 0.438275)
(-0.355287 -0.276187 0.687084)
(0.232952 0.278835 -0.0449716)
(-0.46856 0.168273 -0.678462)
(0.468614 0.168281 -0.678467)
(-0.233103 0.278708 -0.0451757)
(0.35525 -0.276176 0.687077)
(-0.452123 -0.435221 0.438299)
(0.670703 -0.67071 -0.0236808)
(-0.435216 0.452092 0.438274)
(-0.265427 -0.265425 0.609079)
(-0.666469 0.314521 0.318717)
(-0.0610496 0.143248 -0.493354)
(-0.228918 -0.163177 -0.701243)
(0.228983 -0.163183 -0.701227)
(0.06109 0.143063 -0.493326)
(0.666439 0.314525 0.318756)
(0.265467 -0.265425 0.609122)
(0.435228 0.452119 0.438285)
(-0.276207 -0.355292 0.687082)
(0.314528 -0.666473 0.318735)
(-0.494706 -0.494677 2.04495)
(0.367498 -0.133154 0.736512)
(-0.153648 -0.0398841 -0.466538)
(0.153746 -0.0398661 -0.466478)
(-0.367475 -0.13313 0.736588)
(0.494731 -0.494694 2.04494)
(-0.314561 -0.666465 0.318735)
(0.276234 -0.355241 0.687075)
(0.278858 0.232917 -0.0449291)
(0.143269 -0.0610355 -0.493352)
(-0.133129 0.3675 0.736525)
(-0.151791 -0.151832 0.0383097)
(-0.0130823 0.109775 -0.737572)
(0.0130662 0.109784 -0.737569)
(0.151896 -0.15203 0.0383859)
(0.133089 0.3675 0.736547)
(-0.143198 -0.0610516 -0.49335)
(-0.278811 0.232985 -0.0450204)
(0.168276 -0.468548 -0.678457)
(-0.163174 -0.228911 -0.701241)
(-0.0398767 -0.153623 -0.466531)
(0.109783 -0.0130785 -0.737565)
(-0.140478 -0.140478 -0.85016)
(0.140492 -0.140494 -0.850162)
(-0.109784 -0.0130367 -0.737537)
(0.0398712 -0.153658 -0.466503)
(0.163183 -0.228945 -0.701238)
(-0.168287 -0.468581 -0.678453)
(0.168289 0.468622 -0.678465)
(-0.163179 0.229006 -0.701216)
(-0.0398532 0.153776 -0.466455)
(0.109792 0.0130591 -0.737562)
(-0.140497 0.140497 -0.850163)
(0.140507 0.140508 -0.850166)
(-0.10979 0.0130323 -0.737538)
(0.0398521 0.153794 -0.466451)
(0.163184 0.229019 -0.701219)
(-0.168294 0.46865 -0.678461)
(0.278675 -0.233142 -0.0452239)
(0.143014 0.0611054 -0.493317)
(-0.133099 -0.36746 0.736616)
(-0.152077 0.151949 0.0384085)
(-0.0130293 -0.109778 -0.737527)
(0.0130276 -0.109784 -0.73753)
(0.152119 0.152096 0.038432)
(0.133073 -0.367452 0.736613)
(-0.142988 0.0611023 -0.493317)
(-0.278653 -0.233157 -0.0452467)
(-0.276183 0.355238 0.687074)
(0.314534 0.666432 0.31877)
(-0.494709 0.494727 2.04493)
(0.367496 0.133099 0.736549)
(-0.15368 0.0398759 -0.466498)
(0.153771 0.0398633 -0.466464)
(-0.36746 0.133088 0.736592)
(0.494745 0.494747 2.04491)
(-0.31457 0.666432 0.318776)
(0.276209 0.3552 0.687079)
(-0.435224 -0.452125 0.438304)
(-0.265431 0.265475 0.609131)
(-0.666464 -0.314565 0.318726)
(-0.0610611 -0.143186 -0.493354)
(-0.228954 0.163183 -0.701239)
(0.229005 0.163187 -0.701229)
(0.0610929 -0.143039 -0.49333)
(0.666445 -0.314576 0.318758)
(0.265468 0.265468 0.609161)
(0.435235 -0.452134 0.438305)
(-0.670706 0.670699 -0.0236828)
(0.452125 0.435231 0.438291)
(-0.355225 0.276228 0.687081)
(0.233009 -0.278793 -0.0450482)
(-0.468594 -0.168287 -0.678453)
(0.468644 -0.168294 -0.678458)
(-0.233123 -0.278686 -0.0452021)
(0.355201 0.276216 0.687085)
(-0.452135 0.435236 0.438305)
(0.670694 0.670693 -0.0236893)
(-0.816879 -0.816879 0.235927)
(0.431507 -0.495682 0.519237)
(-0.148978 -0.150403 0.705708)
(0.282462 0.25229 -0.0746951)
(-0.404171 0.159729 -0.724511)
(0.404264 0.159746 -0.724489)
(-0.282465 0.252164 -0.0747875)
(0.148927 -0.150396 0.705683)
(-0.431511 -0.495688 0.519252)
(0.816872 -0.816875 0.235892)
(-0.495679 0.431503 0.519238)
(-0.334878 -0.334882 0.700379)
(-0.664018 0.217799 0.33267)
(-0.0525723 0.121684 -0.497823)
(-0.213995 -0.177155 -0.720388)
(0.214014 -0.177149 -0.720377)
(0.052605 0.121447 -0.497788)
(0.663968 0.217792 0.332718)
(0.334896 -0.334884 0.700412)
(0.495692 0.431508 0.519248)
(-0.150424 -0.148989 0.705715)
(0.217806 -0.664029 0.332683)
(-0.436573 -0.43655 1.98668)
(0.412505 -0.225389 0.711127)
(-0.113109 -0.0453088 -0.476499)
(0.113144 -0.0453023 -0.47643)
(-0.412481 -0.225388 0.711201)
(0.436599 -0.436552 1.98668)
(-0.21783 -0.664019 0.332688)
(0.150465 -0.148941 0.705704)
(0.252307 0.282461 -0.0746712)
(0.121714 -0.0525598 -0.497825)
(-0.225381 0.412502 0.711138)
(-0.0158902 -0.0159222 -0.0693319)
(-0.0560729 0.136367 -0.740542)
(0.056078 0.136367 -0.740555)
(0.0159562 -0.0160493 -0.0692509)
(0.225385 0.412489 0.711165)
(-0.12163 -0.0525749 -0.497822)
(-0.252257 0.282461 -0.0747116)
(0.159733 -0.404151 -0.724515)
(-0.177154 -0.213995 -0.720388)
(-0.0453007 -0.113095 -0.476499)
(0.136374 -0.0560697 -0.740542)
(-0.112142 -0.112142 -0.855676)
(0.112153 -0.112152 -0.855677)
(-0.136373 -0.0560527 -0.740553)
(0.0452962 -0.113103 -0.476476)
(0.177155 -0.214007 -0.72039)
(-0.15975 -0.404198 -0.724518)
(0.159757 0.404284 -0.724483)
(-0.177144 0.214024 -0.720372)
(-0.0452941 0.113155 -0.476407)
(0.136372 0.0560762 -0.740555)
(-0.112155 0.112156 -0.855678)
(0.112163 0.112163 -0.855682)
(-0.13637 0.0560656 -0.740561)
(0.0452898 0.113162 -0.476408)
(0.177143 0.214029 -0.720379)
(-0.159768 0.404311 -0.724494)
(0.252127 -0.282473 -0.0748058)
(0.121382 0.0526186 -0.49778)
(-0.225374 -0.412464 0.71123)
(-0.0160789 0.0159952 -0.0692255)
(-0.0560516 -0.136368 -0.740556)
(0.0560621 -0.136368 -0.740561)
(0.0161107 0.0160988 -0.0691951)
(0.225376 -0.412448 0.711228)
(-0.121367 0.0526186 -0.497784)
(-0.252105 -0.28247 -0.0748087)
(-0.150403 0.14891 0.705674)
(0.217793 0.663957 0.332736)
(-0.436557 0.436598 1.98668)
(0.412485 0.225392 0.711178)
(-0.113116 0.0453002 -0.476466)
(0.113155 0.0452959 -0.476423)
(-0.412456 0.225386 0.711217)
(0.436589 0.436602 1.98668)
(-0.217831 0.66396 0.332743)
(0.150439 0.148882 0.705675)
(-0.495689 -0.431509 0.519255)
(-0.334891 0.334895 0.70042)
(-0.664013 -0.217842 0.33268)
(-0.052582 -0.121609 -0.497823)
(-0.214009 0.177153 -0.720391)
(0.214024 0.177147 -0.720384)
(0.0526102 -0.121426 -0.497796)
(0.663975 -0.217847 0.33272)
(0.334907 0.334895 0.700442)
(0.4957 -0.431506 0.519259)
(-0.816874 0.816871 0.235883)
(0.43151 0.495696 0.519253)
(-0.148925 0.150464 0.705704)
(0.282453 -0.252243 -0.0747252)
(-0.404216 -0.15975 -0.724513)
(0.404294 -0.159764 -0.724497)
(-0.282454 -0.252138 -0.0747934)
(0.148893 0.150451 0.705687)
(-0.431507 0.4957 0.51926)
(0.816871 0.81687 0.235868)
)
;

boundaryField
{
    bottom
    {
        type            noSlip;
    }
    atmosphere
    {
        type            pressureInletOutletVelocity;
        value           nonuniform List<vector> 0();
    }
    walls
    {
        type            noSlip;
    }
    procBoundary2to0
    {
        type            processor;
        value           nonuniform List<vector> 
100
(
(-0.848332 -0.848331 0.354675)
(0.658304 -0.608349 0.544794)
(0.144362 -0.139287 0.715789)
(0.333551 0.279092 -0.0667078)
(-0.327053 0.158024 -0.73218)
(0.327098 0.158039 -0.732159)
(-0.333517 0.278968 -0.0666664)
(-0.144403 -0.139284 0.715776)
(-0.658258 -0.608348 0.544804)
(0.848323 -0.848326 0.354668)
(-0.608345 0.658302 0.544795)
(-0.379218 -0.379227 0.763922)
(-0.667004 0.187104 0.339679)
(-0.0565097 0.161302 -0.505234)
(-0.20461 -0.18209 -0.734284)
(0.2046 -0.182087 -0.734278)
(0.056527 0.161226 -0.505232)
(0.666982 0.187068 0.339726)
(0.37922 -0.37924 0.763932)
(0.608344 0.658261 0.544802)
(-0.139297 0.144349 0.715794)
(0.187111 -0.667013 0.339688)
(-0.389662 -0.389653 1.8464)
(0.438272 -0.240551 0.675626)
(-0.0896419 -0.0464267 -0.479507)
(0.0896204 -0.0464298 -0.479441)
(-0.438257 -0.240591 0.675665)
(0.389681 -0.389644 1.84642)
(-0.18712 -0.667012 0.339688)
(0.139328 0.144375 0.715791)
(0.279111 0.333561 -0.066706)
(0.161315 -0.0565012 -0.50523)
(-0.24055 0.438268 0.675639)
(0.0486781 0.0486669 -0.16842)
(-0.0798226 0.153146 -0.734624)
(0.079832 0.153147 -0.734636)
(-0.0486692 0.0486641 -0.168355)
(0.240591 0.438264 0.675662)
(-0.161303 -0.0565133 -0.505239)
(-0.27906 0.333546 -0.066689)
(0.158027 -0.327044 -0.732185)
(-0.182089 -0.204613 -0.734282)
(-0.0464192 -0.0896409 -0.47951)
(0.153151 -0.0798199 -0.734626)
(-0.095148 -0.0951483 -0.830232)
(0.0951542 -0.0951553 -0.830232)
(-0.153151 -0.0798138 -0.734641)
(0.0464203 -0.0896342 -0.47949)
(0.182089 -0.204611 -0.734286)
(-0.158041 -0.327062 -0.732203)
(0.15805 0.327104 -0.732154)
(-0.182083 0.204601 -0.734276)
(-0.046426 0.0896143 -0.47942)
(0.15315 0.0798321 -0.734639)
(-0.0951574 0.0951556 -0.830233)
(0.0951628 0.0951617 -0.830236)
(-0.153149 0.07983 -0.734649)
(0.0464243 0.0896202 -0.479422)
(0.182081 0.204602 -0.734282)
(-0.158059 0.327114 -0.732179)
(0.278935 -0.333515 -0.0666498)
(0.161213 0.0565343 -0.505235)
(-0.240598 -0.438241 0.675683)
(0.0486701 -0.0486544 -0.168332)
(-0.0798153 -0.153149 -0.734645)
(0.0798282 -0.153149 -0.73465)
(-0.0486552 -0.0486439 -0.168308)
(0.24062 -0.438232 0.675689)
(-0.16123 0.0565362 -0.505243)
(-0.278915 -0.333513 -0.0666322)
(-0.139288 -0.144417 0.715768)
(0.187053 0.666981 0.339744)
(-0.38964 0.389684 1.84642)
(0.438267 0.240601 0.675681)
(-0.0896354 0.0464252 -0.479479)
(0.089627 0.0464274 -0.479437)
(-0.438247 0.24062 0.675695)
(0.389665 0.389679 1.84645)
(-0.187083 0.666986 0.339747)
(0.139316 -0.144429 0.715768)
(-0.608347 -0.658243 0.544806)
(-0.37925 0.379214 0.763932)
(-0.667005 -0.187136 0.339679)
(-0.056519 -0.161296 -0.505243)
(-0.204609 0.18209 -0.734288)
(0.204604 0.182086 -0.734285)
(0.0565347 -0.161243 -0.505245)
(0.666987 -0.187117 0.33972)
(0.379249 0.379227 0.763942)
(0.60835 -0.658225 0.544809)
(-0.848325 0.848321 0.354666)
(0.658253 0.608346 0.544804)
(0.144386 0.139333 0.715791)
(0.333533 -0.279044 -0.0666822)
(-0.327072 -0.158039 -0.7322)
(0.327111 -0.158051 -0.732185)
(-0.333505 -0.278943 -0.0666444)
(-0.144416 0.139326 0.71578)
(-0.65823 0.608349 0.544808)
(0.848321 0.848321 0.354661)
)
;
    }
    procBoundary2to3
    {
        type            processor;
        value           nonuniform List<vector> 
100
(
(-0.720678 -0.720679 -0.410989)
(0.633333 -1.04083 -0.538097)
(0.206226 -0.800893 0.0592133)
(0.205067 -0.178153 0.360357)
(-0.523816 -0.456832 0.16424)
(0.52379 -0.456839 0.164263)
(-0.205083 -0.178119 0.360352)
(-0.206218 -0.800899 0.0592061)
(-0.633329 -1.04086 -0.538115)
(0.720678 -0.72068 -0.410989)
(-1.0408 0.633343 -0.538088)
(-0.185864 -0.185771 -0.748777)
(-1.25201 0.959294 0.251486)
(-0.0982232 0.0759366 -0.228535)
(-0.572463 -0.298947 -0.432439)
(0.572418 -0.299024 -0.432388)
(0.0982399 0.0758336 -0.228515)
(1.2521 0.959293 0.251486)
(0.185926 -0.185715 -0.748835)
(1.04081 0.633352 -0.538081)
(-0.800912 0.206254 0.0592141)
(0.959311 -1.25194 0.251468)
(-0.485513 -0.48562 1.40141)
(0.502623 -0.942642 1.36242)
(0.00752221 -0.640717 -0.0930409)
(-0.00763788 -0.640762 -0.0930542)
(-0.502582 -0.942706 1.36239)
(0.485502 -0.485667 1.40137)
(-0.959337 -1.25193 0.251459)
(0.80096 0.206279 0.0592047)
(-0.178184 0.205071 0.360346)
(0.075994 -0.0982548 -0.228536)
(-0.942637 0.502689 1.36243)
(0.459981 0.460006 0.423974)
(-0.243235 0.351759 -0.741328)
(0.243252 0.35175 -0.741317)
(-0.459918 0.459926 0.423956)
(0.942687 0.502724 1.36242)
(-0.0759445 -0.0983033 -0.228496)
(0.178182 0.205085 0.360326)
(-0.456831 -0.523812 0.164235)
(-0.298886 -0.572487 -0.43244)
(-0.640725 0.00748367 -0.0929992)
(0.351769 -0.243299 -0.741331)
(-0.326082 -0.326131 -0.737346)
(0.326145 -0.32624 -0.737305)
(-0.351733 -0.243339 -0.74132)
(0.640724 0.00753834 -0.0929699)
(0.298906 -0.572454 -0.432395)
(0.456818 -0.523793 0.164256)
(-0.456844 0.523776 0.164267)
(-0.299002 0.572406 -0.432368)
(-0.640803 -0.00767179 -0.0930178)
(0.351737 0.24327 -0.741279)
(-0.326273 0.326177 -0.737269)
(0.326316 0.32627 -0.737249)
(-0.351709 0.243284 -0.741258)
(0.640803 -0.00772583 -0.0929623)
(0.299013 0.572373 -0.432336)
(0.456828 0.523765 0.16428)
(-0.178122 -0.205091 0.360347)
(0.0758099 0.0982718 -0.228513)
(-0.942739 -0.502607 1.36239)
(0.459884 -0.459893 0.423975)
(-0.243317 -0.351697 -0.741313)
(0.2433 -0.351695 -0.741291)
(-0.459852 -0.459842 0.423961)
(0.942764 -0.502651 1.36239)
(-0.0757703 0.0983134 -0.228483)
(0.178124 -0.205096 0.360345)
(-0.800905 -0.206231 0.0592055)
(0.9593 1.25209 0.251467)
(-0.485595 0.485558 1.40132)
(0.502696 0.942715 1.36243)
(0.00760227 0.640733 -0.0929818)
(-0.00771342 0.640777 -0.0929762)
(-0.502664 0.942753 1.36241)
(0.485566 0.485578 1.40125)
(-0.95932 1.25205 0.251442)
(0.800928 -0.206252 0.0592033)
(-1.04085 -0.633332 -0.538115)
(-0.185758 0.185898 -0.748855)
(-1.25195 -0.959331 0.251461)
(-0.0982702 -0.07586 -0.228484)
(-0.572393 0.299025 -0.432375)
(0.572351 0.299098 -0.432337)
(0.0982886 -0.0757636 -0.228473)
(1.25201 -0.959327 0.251445)
(0.185829 0.185865 -0.748893)
(1.04083 -0.633339 -0.538106)
(-0.72068 0.720679 -0.410989)
(0.633349 1.04082 -0.538082)
(0.206263 0.800947 0.0592038)
(0.205071 0.178146 0.36032)
(-0.523788 0.456812 0.164258)
(0.523769 0.456815 0.164275)
(-0.205082 0.178116 0.360333)
(-0.206257 0.800932 0.0592033)
(-0.633344 1.04082 -0.538097)
(0.720681 0.72068 -0.410988)
)
;
    }
}


// ************************************************************************* //
