/*--------------------------------*- C++ -*----------------------------------*\
| =========                 |                                                 |
| \\      /  F ield         | OpenFOAM: The Open Source CFD Toolbox           |
|  \\    /   O peration     | Version:  2412                                  |
|   \\  /    A nd           | Website:  www.openfoam.com                      |
|    \\/     M anipulation  |                                                 |
\*---------------------------------------------------------------------------*/
FoamFile
{
    version     2.0;
    format      ascii;
    arch        "LSB;label=32;scalar=64";
    class       volScalarField;
    location    "0.56";
    object      p_rgh;
}
// * * * * * * * * * * * * * * * * * * * * * * * * * * * * * * * * * * * * * //

dimensions      [1 -1 -2 0 0 0 0];

internalField   nonuniform List<scalar> 
1000
(
10.8719
10.5732
9.91315
9.57606
9.83094
9.83093
9.57604
9.91312
10.5732
10.8719
10.5732
10.3966
9.82614
9.59711
10.0632
10.0632
9.59709
9.82611
10.3965
10.5732
9.91315
9.82614
9.53683
9.5264
9.4876
9.4876
9.52639
9.5368
9.82611
9.91311
9.57606
9.59711
9.5264
10.0233
9.42783
9.42782
10.0233
9.52638
9.59708
9.57603
9.83093
10.0632
9.4876
9.42783
9.2166
9.2166
9.42782
9.48758
10.0632
9.8309
9.83092
10.0632
9.48759
9.42782
9.2166
9.21659
9.42781
9.48758
10.0632
9.83089
9.57603
9.59708
9.52638
10.0233
9.42781
9.4278
10.0232
9.52636
9.59705
9.576
9.9131
9.8261
9.53679
9.52637
9.48758
9.48757
9.52636
9.53677
9.82606
9.91306
10.5732
10.3965
9.82609
9.59707
10.0632
10.0632
9.59705
9.82606
10.3965
10.5731
10.8719
10.5731
9.9131
9.57602
9.83089
9.83088
9.576
9.91306
10.5731
10.8718
10.57
10.3705
9.91162
9.66818
9.8707
9.87069
9.66816
9.91159
10.3705
10.5699
10.3705
10.2371
9.84477
9.68807
10.2078
10.2078
9.68805
9.84474
10.2371
10.3705
9.91162
9.84477
9.64361
9.66283
9.60431
9.6043
9.66281
9.64359
9.84474
9.91159
9.66818
9.68806
9.66283
10.2089
9.68187
9.68186
10.2089
9.66281
9.68804
9.66815
9.8707
10.2078
9.60431
9.68186
9.3952
9.3952
9.68185
9.60429
10.2078
9.87067
9.87069
10.2078
9.6043
9.68186
9.3952
9.3952
9.68185
9.60428
10.2078
9.87067
9.66815
9.68804
9.66281
10.2088
9.68185
9.68184
10.2088
9.66279
9.68802
9.66813
9.91158
9.84473
9.64358
9.6628
9.60428
9.60428
9.66279
9.64356
9.8447
9.91155
10.3705
10.2371
9.84473
9.68803
10.2078
10.2078
9.68801
9.8447
10.237
10.3705
10.5699
10.3705
9.91158
9.66814
9.87067
9.87066
9.66812
9.91155
10.3705
10.5699
10.3542
10.2178
9.89878
9.72549
9.91306
9.91305
9.72547
9.89875
10.2178
10.3542
10.2178
10.1181
9.84887
9.74485
10.318
10.318
9.74483
9.84884
10.1181
10.2178
9.89877
9.84887
9.71539
9.77285
9.84396
9.84395
9.77284
9.71537
9.84884
9.89875
9.72549
9.74484
9.77285
10.3459
9.76749
9.76748
10.3458
9.77283
9.74482
9.72546
9.91305
10.318
9.84395
9.76748
9.52584
9.52583
9.76748
9.84394
10.3179
9.91303
9.91305
10.318
9.84395
9.76748
9.52583
9.52583
9.76747
9.84394
10.3179
9.91303
9.72547
9.74482
9.77283
10.3458
9.76747
9.76747
10.3458
9.77282
9.7448
9.72544
9.89874
9.84884
9.71537
9.77283
9.84394
9.84393
9.77282
9.71535
9.84881
9.89872
10.2178
10.1181
9.84883
9.74482
10.3179
10.3179
9.7448
9.84881
10.1181
10.2178
10.3542
10.2178
9.89874
9.72545
9.91303
9.91302
9.72544
9.89871
10.2178
10.3541
10.1984
10.104
9.88269
9.76106
9.91937
9.91937
9.76105
9.88267
10.104
10.1984
10.104
10.0306
9.84607
9.78505
10.4036
10.4036
9.78504
9.84606
10.0306
10.104
9.88269
9.84607
9.75959
9.8391
10.1373
10.1373
9.83909
9.75958
9.84605
9.88267
9.76106
9.78505
9.8391
10.0789
9.76635
9.76635
10.0789
9.83909
9.78503
9.76104
9.91937
10.4036
10.1373
9.76635
9.60243
9.60243
9.76634
10.1373
10.4036
9.91935
9.91937
10.4036
10.1373
9.76635
9.60243
9.60243
9.76634
10.1373
10.4036
9.91935
9.76104
9.78503
9.83909
10.0789
9.76634
9.76634
10.0789
9.83907
9.78501
9.76102
9.88267
9.84605
9.75957
9.83908
10.1373
10.1373
9.83907
9.75955
9.84603
9.88264
10.1039
10.0306
9.84605
9.78502
10.4036
10.4036
9.78501
9.84603
10.0306
10.1039
10.1984
10.1039
9.88266
9.76103
9.91935
9.91935
9.76102
9.88264
10.1039
10.1983
10.087
10.021
9.8685
9.78404
9.90707
9.90707
9.78403
9.86849
10.021
10.087
10.021
9.96784
9.84183
9.80765
10.4352
10.4352
9.80764
9.84181
9.96782
10.021
9.8685
9.84183
9.78817
9.8427
10.1204
10.1204
9.8427
9.78816
9.84181
9.86848
9.78404
9.80765
9.8427
9.98991
9.82021
9.82021
9.9899
9.84269
9.80763
9.78402
9.90707
10.4352
10.1204
9.82021
9.66988
9.66988
9.82021
10.1204
10.4352
9.90706
9.90707
10.4352
10.1204
9.82021
9.66988
9.66988
9.8202
10.1204
10.4352
9.90705
9.78403
9.80763
9.84269
9.9899
9.8202
9.8202
9.98989
9.84268
9.80762
9.78401
9.86848
9.84181
9.78815
9.84269
10.1204
10.1204
9.84268
9.78814
9.84179
9.86846
10.021
9.96782
9.84181
9.80763
10.4352
10.4352
9.80762
9.84179
9.9678
10.021
10.087
10.021
9.86848
9.78402
9.90705
9.90705
9.78401
9.86846
10.021
10.087
10.004
9.95852
9.85468
9.79607
9.8862
9.8862
9.79606
9.85467
9.95851
10.004
9.95852
9.92088
9.83615
9.82221
10.041
10.041
9.8222
9.83614
9.92087
9.95851
9.85468
9.83615
9.79961
9.81257
9.95008
9.95008
9.81256
9.7996
9.83614
9.85466
9.79607
9.82221
9.81257
9.88269
9.88968
9.88968
9.88268
9.81256
9.8222
9.79605
9.8862
10.041
9.95008
9.88968
9.72772
9.72772
9.88968
9.95007
10.041
9.88619
9.8862
10.041
9.95008
9.88968
9.72772
9.72772
9.88967
9.95007
10.041
9.88618
9.79606
9.8222
9.81256
9.88268
9.88968
9.88967
9.88267
9.81255
9.82219
9.79604
9.85466
9.83614
9.79959
9.81256
9.95007
9.95006
9.81255
9.79958
9.83612
9.85465
9.9585
9.92086
9.83613
9.82219
10.041
10.041
9.82219
9.83612
9.92085
9.95848
10.004
9.9585
9.85466
9.79605
9.88618
9.88618
9.79604
9.85465
9.95848
10.0039
9.94519
9.91396
9.84463
9.80225
9.86578
9.86578
9.80224
9.84462
9.91395
9.94518
9.91396
9.88808
9.8321
9.82476
9.91712
9.91712
9.82475
9.83209
9.88807
9.91395
9.84463
9.8321
9.80725
9.84263
9.89392
9.89392
9.84262
9.80725
9.83209
9.84462
9.80225
9.82475
9.84263
10.1138
9.89272
9.89272
10.1138
9.84262
9.82475
9.80224
9.86578
9.91712
9.89392
9.89272
9.75968
9.75968
9.89272
9.89391
9.91711
9.86577
9.86578
9.91712
9.89392
9.89272
9.75968
9.75968
9.89272
9.89391
9.91711
9.86577
9.80224
9.82475
9.84262
10.1138
9.89272
9.89272
10.1138
9.84261
9.82474
9.80223
9.84462
9.83209
9.80724
9.84262
9.89391
9.89391
9.84261
9.80724
9.83207
9.84461
9.91395
9.88806
9.83208
9.82474
9.91711
9.91711
9.82474
9.83207
9.88805
9.91393
9.94518
9.91395
9.84462
9.80223
9.86577
9.86577
9.80223
9.84461
9.91393
9.94516
9.89568
9.8761
9.8328
9.80507
9.84422
9.84422
9.80507
9.8328
9.87609
9.89567
9.8761
9.85942
9.82528
9.82661
9.88896
9.88896
9.8266
9.82528
9.85941
9.87609
9.8328
9.82528
9.81455
10.0305
9.88442
9.88442
10.0305
9.81454
9.82528
9.83279
9.80507
9.82661
10.0305
10.1644
9.89323
9.89323
10.1644
10.0305
9.8266
9.80506
9.84422
9.88896
9.88442
9.89323
9.77731
9.77731
9.89322
9.88442
9.88895
9.84421
9.84422
9.88895
9.88442
9.89323
9.77731
9.77731
9.89322
9.88442
9.88895
9.84421
9.80506
9.8266
10.0305
10.1644
9.89322
9.89322
10.1644
10.0305
9.8266
9.80506
9.83279
9.82527
9.81454
10.0305
9.88442
9.88442
10.0305
9.81454
9.82527
9.83279
9.87609
9.85941
9.82527
9.8266
9.88895
9.88895
9.8266
9.82527
9.8594
9.87608
9.89566
9.87609
9.83279
9.80506
9.84421
9.84421
9.80506
9.83279
9.87608
9.89565
9.86174
9.85053
9.82568
9.80893
9.82684
9.82684
9.80893
9.82567
9.85053
9.86174
9.85053
9.84114
9.82179
9.82818
9.85466
9.85466
9.82818
9.82179
9.84114
9.85053
9.82568
9.82179
9.82134
10.0564
9.87508
9.87508
10.0564
9.82134
9.82179
9.82567
9.80893
9.82818
10.0564
10.1228
9.85327
9.85327
10.1228
10.0564
9.82818
9.80893
9.82684
9.85466
9.87508
9.85327
9.78525
9.78525
9.85327
9.87508
9.85466
9.82683
9.82684
9.85466
9.87508
9.85327
9.78525
9.78524
9.85327
9.87508
9.85465
9.82683
9.80893
9.82818
10.0564
10.1228
9.85327
9.85327
10.1228
10.0564
9.82817
9.80892
9.82567
9.82179
9.82134
10.0564
9.87508
9.87507
10.0564
9.82134
9.82178
9.82567
9.85053
9.84114
9.82179
9.82818
9.85466
9.85465
9.82817
9.82178
9.84113
9.85052
9.86174
9.85052
9.82567
9.80892
9.82683
9.82683
9.80892
9.82567
9.85052
9.86173
9.8228
9.81973
9.81408
9.8099
9.81284
9.81284
9.8099
9.81408
9.81973
9.8228
9.81973
9.81655
9.81249
9.83329
9.82952
9.82952
9.83329
9.81249
9.81655
9.81973
9.81408
9.81249
9.82319
9.94215
9.8412
9.8412
9.94215
9.82319
9.81249
9.81408
9.8099
9.83329
9.94215
9.94751
9.82755
9.82755
9.94751
9.94215
9.83329
9.8099
9.81284
9.82952
9.8412
9.82755
9.80179
9.80179
9.82755
9.8412
9.82952
9.81284
9.81284
9.82952
9.8412
9.82755
9.80179
9.80179
9.82754
9.8412
9.82952
9.81284
9.8099
9.83329
9.94215
9.94751
9.82755
9.82754
9.94751
9.94215
9.83329
9.80989
9.81408
9.81249
9.82319
9.94215
9.8412
9.8412
9.94214
9.82319
9.81249
9.81407
9.81973
9.81655
9.81249
9.83329
9.82952
9.82952
9.83329
9.81249
9.81655
9.81973
9.8228
9.81973
9.81408
9.80989
9.81284
9.81284
9.80989
9.81407
9.81973
9.8228
)
;

boundaryField
{
    bottom
    {
        type            fixedFluxPressure;
        gradient        nonuniform List<scalar> 0();
        value           nonuniform List<scalar> 0();
    }
    atmosphere
    {
        type            prghTotalPressure;
        p0              uniform 0;
        value           nonuniform List<scalar> 
100
(
9.81
9.81
9.81006
9.80964
9.80315
9.80315
9.80964
9.81006
9.81
9.81
9.81
9.81009
9.81124
9.83485
9.80652
9.80652
9.83485
9.81124
9.81009
9.81
9.81006
9.81124
9.82606
9.94725
9.80916
9.80916
9.94725
9.82606
9.81124
9.81006
9.80964
9.83485
9.94725
9.94971
9.80996
9.80996
9.94971
9.94725
9.83485
9.80964
9.80315
9.80652
9.80916
9.80996
9.80351
9.80351
9.80996
9.80916
9.80652
9.80315
9.80315
9.80652
9.80916
9.80996
9.80351
9.80351
9.80996
9.80916
9.80652
9.80315
9.80964
9.83485
9.94725
9.94971
9.80996
9.80996
9.94971
9.94725
9.83485
9.80964
9.81006
9.81124
9.82606
9.94725
9.80916
9.80916
9.94725
9.82606
9.81124
9.81006
9.81
9.81009
9.81124
9.83485
9.80652
9.80652
9.83485
9.81124
9.81009
9.81
9.81
9.81
9.81006
9.80964
9.80315
9.80315
9.80964
9.81006
9.81
9.81
)
;
    }
    walls
    {
        type            fixedFluxPressure;
        gradient        uniform 0;
        value           nonuniform List<scalar> 
400
(
10.8719
10.5732
9.91315
9.57606
9.83093
9.83092
9.57603
9.9131
10.5732
10.8719
10.57
10.3705
9.91162
9.66818
9.8707
9.87069
9.66815
9.91158
10.3705
10.5699
10.3542
10.2178
9.89877
9.72549
9.91305
9.91305
9.72547
9.89874
10.2178
10.3542
10.1984
10.104
9.88269
9.76106
9.91937
9.91937
9.76104
9.88267
10.1039
10.1984
10.087
10.021
9.8685
9.78404
9.90707
9.90707
9.78403
9.86848
10.021
10.087
10.004
9.95852
9.85468
9.79607
9.8862
9.8862
9.79606
9.85466
9.9585
10.004
9.94519
9.91396
9.84463
9.80225
9.86578
9.86578
9.80224
9.84462
9.91395
9.94518
9.89568
9.8761
9.8328
9.80507
9.84422
9.84422
9.80506
9.83279
9.87609
9.89566
9.86174
9.85053
9.82568
9.80893
9.82684
9.82684
9.80893
9.82567
9.85053
9.86174
9.8228
9.81973
9.81408
9.8099
9.81284
9.81284
9.8099
9.81408
9.81973
9.8228
10.8719
10.5732
9.91311
9.57603
9.8309
9.83089
9.576
9.91306
10.5731
10.8718
10.5699
10.3705
9.91159
9.66815
9.87067
9.87067
9.66813
9.91155
10.3705
10.5699
10.3542
10.2178
9.89875
9.72546
9.91303
9.91303
9.72544
9.89872
10.2178
10.3541
10.1984
10.104
9.88267
9.76104
9.91935
9.91935
9.76102
9.88264
10.1039
10.1983
10.087
10.021
9.86848
9.78402
9.90706
9.90705
9.78401
9.86846
10.021
10.087
10.004
9.95851
9.85466
9.79605
9.88619
9.88618
9.79604
9.85465
9.95848
10.0039
9.94518
9.91395
9.84462
9.80224
9.86577
9.86577
9.80223
9.84461
9.91393
9.94516
9.89567
9.87609
9.83279
9.80506
9.84421
9.84421
9.80506
9.83279
9.87608
9.89565
9.86174
9.85053
9.82567
9.80893
9.82683
9.82683
9.80892
9.82567
9.85052
9.86173
9.8228
9.81973
9.81408
9.8099
9.81284
9.81284
9.80989
9.81407
9.81973
9.8228
10.8719
10.57
10.3542
10.1984
10.087
10.004
9.94519
9.89568
9.86174
9.8228
10.5732
10.3705
10.2178
10.104
10.021
9.95852
9.91396
9.8761
9.85053
9.81973
9.91315
9.91162
9.89878
9.88269
9.8685
9.85468
9.84463
9.8328
9.82568
9.81408
9.57606
9.66818
9.72549
9.76106
9.78404
9.79607
9.80225
9.80507
9.80893
9.8099
9.83094
9.8707
9.91306
9.91937
9.90707
9.8862
9.86578
9.84422
9.82684
9.81284
9.83093
9.87069
9.91305
9.91937
9.90707
9.8862
9.86578
9.84422
9.82684
9.81284
9.57604
9.66816
9.72547
9.76105
9.78403
9.79606
9.80224
9.80507
9.80893
9.8099
9.91312
9.91159
9.89875
9.88267
9.86849
9.85467
9.84462
9.8328
9.82567
9.81408
10.5732
10.3705
10.2178
10.104
10.021
9.95851
9.91395
9.87609
9.85053
9.81973
10.8719
10.5699
10.3542
10.1984
10.087
10.004
9.94518
9.89567
9.86174
9.8228
10.8719
10.5699
10.3542
10.1984
10.087
10.004
9.94518
9.89566
9.86174
9.8228
10.5731
10.3705
10.2178
10.1039
10.021
9.9585
9.91395
9.87609
9.85052
9.81973
9.9131
9.91158
9.89874
9.88266
9.86848
9.85466
9.84462
9.83279
9.82567
9.81408
9.57602
9.66814
9.72545
9.76103
9.78402
9.79605
9.80223
9.80506
9.80892
9.80989
9.83089
9.87067
9.91303
9.91935
9.90705
9.88618
9.86577
9.84421
9.82683
9.81284
9.83088
9.87066
9.91302
9.91935
9.90705
9.88618
9.86577
9.84421
9.82683
9.81284
9.576
9.66812
9.72544
9.76102
9.78401
9.79604
9.80223
9.80506
9.80892
9.80989
9.91306
9.91155
9.89871
9.88264
9.86846
9.85465
9.84461
9.83279
9.82567
9.81407
10.5731
10.3705
10.2178
10.1039
10.021
9.95848
9.91393
9.87608
9.85052
9.81973
10.8718
10.5699
10.3541
10.1983
10.087
10.0039
9.94516
9.89565
9.86173
9.8228
)
;
    }
    procBoundary1to0
    {
        type            processor;
        value           nonuniform List<scalar> 
100
(
11.2943
10.8281
9.88389
9.42738
9.72346
9.72345
9.42735
9.88385
10.828
11.2943
10.8281
10.5982
9.77521
9.45174
9.67684
9.67686
9.45171
9.77517
10.5981
10.828
9.88389
9.77521
9.37604
9.36882
9.44901
9.449
9.36881
9.37601
9.77517
9.88385
9.42738
9.45173
9.36882
9.79026
9.23409
9.23409
9.79025
9.3688
9.4517
9.42734
9.72345
9.67684
9.44901
9.23409
8.99262
8.99262
9.23407
9.44898
9.67687
9.72342
9.72344
9.67688
9.44899
9.23408
8.99262
8.99261
9.23406
9.44897
9.67691
9.72341
9.42734
9.4517
9.36879
9.79024
9.23407
9.23406
9.79023
9.36877
9.45167
9.42731
9.88384
9.77516
9.37599
9.36879
9.44898
9.44897
9.36877
9.37597
9.77512
9.88379
10.828
10.5981
9.77515
9.45169
9.67685
9.67688
9.45167
9.77512
10.5981
10.828
11.2943
10.828
9.88383
9.42733
9.72341
9.7234
9.42731
9.88379
10.828
11.2942
)
;
    }
}


// ************************************************************************* //
