/*--------------------------------*- C++ -*----------------------------------*\
| =========                 |                                                 |
| \\      /  F ield         | OpenFOAM: The Open Source CFD Toolbox           |
|  \\    /   O peration     | Version:  2412                                  |
|   \\  /    A nd           | Website:  www.openfoam.com                      |
|    \\/     M anipulation  |                                                 |
\*---------------------------------------------------------------------------*/
FoamFile
{
    version     2.0;
    format      ascii;
    arch        "LSB;label=32;scalar=64";
    class       surfaceScalarField;
    location    "0.84";
    object      phi;
}
// * * * * * * * * * * * * * * * * * * * * * * * * * * * * * * * * * * * * * //

dimensions      [0 3 -1 0 0 0 0];

oriented        oriented;

internalField   nonuniform List<scalar> 
2700
(
-9.36331e-05
-9.36326e-05
0.00192529
0.000282022
-0.000629059
0.00239613
-2.51914e-05
0.000172813
0.00236303
-1.85548e-07
2.00718e-05
-0.00106908
4.74859e-09
-1.38446e-05
-0.00124714
1.85282e-07
-1.38368e-05
-0.00124713
2.51681e-05
2.00435e-05
-0.00106908
-0.000282037
0.000172754
0.00236298
9.36346e-05
-0.000629065
0.0023961
-9.36333e-05
0.00192529
-0.000629054
0.000282018
0.00239614
-0.000617041
-0.000617053
0.00221985
-0.000219668
-0.000193828
0.00095136
-5.6395e-05
-0.000105113
-0.00134749
-4.84045e-09
-0.000115151
-0.00121371
5.63975e-05
-0.000115153
-0.00121369
0.000219648
-0.000105124
-0.00134751
0.000617015
-0.000193839
0.00095119
0.000629054
-0.000617053
0.00221981
0.000282022
0.00239613
0.000172832
-2.5196e-05
0.00236304
-0.000193816
-0.000219674
0.000951404
0.00015094
0.000150943
0.00154675
0.000225915
4.18294e-05
-0.00054422
-6.7581e-09
4.822e-05
-0.000949935
-0.00022592
4.82166e-05
-0.00094992
-0.000150944
4.18334e-05
-0.000544201
0.000193821
0.000150961
0.00154676
-0.000172801
-0.000219672
0.000951412
-2.51871e-05
0.00236302
2.00733e-05
-1.85918e-07
-0.00106908
-0.000105115
-5.63942e-05
-0.00134748
4.18307e-05
0.000225917
-0.000544198
6.89015e-05
6.88985e-05
-0.00104282
-6.80504e-09
3.82113e-05
-0.00112856
-6.89195e-05
3.82119e-05
-0.00112855
-4.18454e-05
6.89044e-05
-0.0010428
0.000105125
0.000225925
-0.000544097
-2.00629e-05
-5.6393e-05
-0.00134747
-1.83395e-07
-0.00106909
-1.38466e-05
9.96938e-09
-0.00124714
-0.000115151
-6.73795e-09
-0.00121371
4.8221e-05
-5.04687e-09
-0.000949935
3.82127e-05
-1.07118e-08
-0.00112856
-4.23909e-09
-6.59302e-09
-0.00106985
-3.82207e-05
-6.73212e-09
-0.00106984
-4.82253e-05
-9.29237e-09
-0.00112856
0.000115151
-4.28086e-09
-0.000949909
1.38433e-05
-5.66872e-09
-0.0012137
8.08298e-09
-0.00124713
-1.38355e-05
1.90148e-07
-0.00124712
-0.000115156
5.6398e-05
-0.00121369
4.82153e-05
-0.000225917
-0.000949911
3.82138e-05
-6.89281e-05
-0.00112854
-4.25888e-09
-3.82241e-05
-0.00106984
-3.82219e-05
-3.8225e-05
-0.00106983
-4.82205e-05
-6.89304e-05
-0.00112854
0.000115156
-0.000225925
-0.000949886
1.38337e-05
5.63964e-05
-0.00121368
1.8576e-07
-0.00124712
2.00278e-05
2.51626e-05
-0.00106908
-0.00010513
0.000219635
-0.00134752
4.1832e-05
-0.000150945
-0.000544213
6.89065e-05
-4.18546e-05
-0.00104279
-5.51366e-09
-4.82288e-05
-0.00112855
-6.89218e-05
-4.82261e-05
-0.00112854
-4.18451e-05
-4.1856e-05
-0.00104278
0.000105136
-0.000150961
-0.000544121
-2.0026e-05
0.000219638
-0.00134751
2.51556e-05
-0.00106908
0.00017274
-0.000282043
0.00236295
-0.000193837
0.000617
0.000951102
0.000150968
0.000193826
0.00154676
0.00022593
0.000105129
-0.000544041
-4.8635e-09
0.00011515
-0.000949892
-0.000225934
0.000115152
-0.000949878
-0.000150971
0.000105136
-0.000544042
0.000193832
0.000193832
0.00154678
-0.000172728
0.000617007
0.000951131
-0.000282045
0.00236294
-0.000629068
9.36345e-05
0.00239608
-0.000617056
0.000629054
0.00221978
-0.000219675
-0.000172782
0.000951431
-5.63949e-05
-2.00586e-05
-0.00134747
-3.71645e-09
1.38405e-05
-0.00121369
5.63973e-05
1.38339e-05
-0.00121368
0.000219656
-2.00366e-05
-0.00134748
0.000617032
-0.000172735
0.000951268
0.000629067
0.00062906
0.00221974
9.3635e-05
0.00239608
-9.36342e-05
0.00192529
0.000282023
0.00239613
-2.51837e-05
0.00236302
-1.81644e-07
-0.00106909
4.05244e-09
-0.00124712
1.80786e-07
-0.00124711
2.51624e-05
-0.00106908
-0.000282037
0.00236298
9.36354e-05
0.00239609
0.00192529
-7.8012e-05
-7.8011e-05
0.00208132
0.000268669
-0.00062716
0.00267661
-5.66126e-05
0.000122431
0.00256588
-9.93112e-06
1.06939e-06
-0.00111683
-2.84921e-09
-1.55796e-05
-0.00124149
9.91693e-06
-1.55719e-05
-0.00124147
5.65746e-05
1.0741e-06
-0.00111681
-0.00026869
0.000122359
0.00256589
7.80129e-05
-0.000627167
0.00267656
-7.80105e-05
0.00208131
-0.000627157
0.000268665
0.00267662
-0.000561996
-0.000562005
0.00208953
-0.000171296
-0.000199594
0.000882684
-6.22108e-05
-0.000103536
-0.00135197
-5.01553e-09
-0.000112687
-0.0011788
6.22175e-05
-0.00011269
-0.0011788
0.000171277
-0.000103533
-0.00135196
0.000561966
-0.000199639
0.000882499
0.000627161
-0.000562002
0.00208945
0.000268675
0.00267661
0.000122448
-5.662e-05
0.00256588
-0.000199581
-0.0001713
0.000882729
0.000176044
0.000176042
0.000795489
0.000195122
4.40156e-05
-0.000710849
-5.24333e-09
3.70299e-05
-0.000904524
-0.000195126
3.7026e-05
-0.000904515
-0.000176046
4.40192e-05
-0.000710834
0.000199588
0.000176027
0.000795463
-0.000122415
-0.000171299
0.000882712
-5.66031e-05
0.00256588
1.06744e-06
-9.9335e-06
-0.00111684
-0.000103539
-6.22093e-05
-0.00135197
4.4016e-05
0.000195123
-0.000710834
6.33851e-05
6.33834e-05
-0.00108155
-4.81636e-09
2.92691e-05
-0.00105741
-6.33964e-05
2.92689e-05
-0.0010574
-4.40251e-05
6.33877e-05
-0.00108154
0.00010354
0.000195126
-0.000710761
-1.06922e-06
-6.22119e-05
-0.00135195
-9.92661e-06
-0.00111684
-1.55811e-05
-2.7817e-09
-0.00124149
-0.000112686
-7.6053e-09
-0.00117881
3.70311e-05
-5.21142e-09
-0.000904524
2.92706e-05
-7.60586e-09
-0.00105741
-3.5628e-09
-5.70683e-09
-0.0010113
-2.92774e-05
-5.88672e-09
-0.00101129
-3.70347e-05
-6.71251e-09
-0.0010574
0.000112686
-4.98398e-09
-0.000904499
1.55774e-05
-6.60482e-09
-0.0011788
-2.59878e-09
-0.00124148
-1.557e-05
9.91554e-06
-0.00124147
-0.000112692
6.22189e-05
-0.00117879
3.70246e-05
-0.000195124
-0.000904508
2.92702e-05
-6.34018e-05
-0.00105739
-3.70149e-09
-2.92802e-05
-0.00101129
-2.92773e-05
-2.92802e-05
-0.00101129
-3.70292e-05
-6.34041e-05
-0.00105739
0.000112691
-0.000195128
-0.000904483
1.55676e-05
6.22201e-05
-0.00117878
9.90993e-06
-0.00124146
1.07586e-06
5.65619e-05
-0.0011168
-0.000103533
0.000171266
-0.00135196
4.40189e-05
-0.000176049
-0.00071084
6.33895e-05
-4.40311e-05
-0.00108153
-3.95963e-09
-3.70374e-05
-0.0010574
-6.33992e-05
-3.70343e-05
-0.00105739
-4.40268e-05
-4.40332e-05
-0.00108152
0.000103534
-0.000176038
-0.000710772
-1.0768e-06
0.000171269
-0.00135195
5.65535e-05
-0.0011168
0.000122342
-0.000268699
0.00256587
-0.000199652
0.000561953
0.000882409
0.000176018
0.000199591
0.000795448
0.000195128
0.00010354
-0.000710722
-4.48509e-09
0.000112686
-0.000904483
-0.000195132
0.000112689
-0.000904473
-0.000176025
0.000103537
-0.000710719
0.000199645
0.000199628
0.000795444
-0.000122329
0.000561957
0.000882418
-0.000268703
0.00256587
-0.000627168
7.80128e-05
0.00267654
-0.000562002
0.000627163
0.00208941
-0.000171303
-0.000122396
0.000882719
-6.22151e-05
-1.07142e-06
-0.00135194
-4.09815e-09
1.5575e-05
-0.00117879
6.2221e-05
1.55683e-05
-0.00117878
0.000171286
-1.07585e-06
-0.00135194
0.000561975
-0.000122338
0.000882545
0.00062717
0.000627169
0.00208933
7.80122e-05
0.00267653
-7.80107e-05
0.00208131
0.00026868
0.0026766
-5.65952e-05
0.0025659
-9.92276e-06
-0.00111684
-2.30129e-09
-0.00124147
9.91011e-06
-0.00124145
5.65633e-05
-0.00111681
-0.000268697
0.0025659
7.80117e-05
0.00267655
0.00208131
-7.0802e-05
-7.08006e-05
0.00222292
0.000291739
-0.000609292
0.00292336
-4.18456e-05
0.000153582
0.00274589
-1.03019e-05
-5.29909e-06
-0.00114308
-1.06574e-08
-1.38745e-05
-0.0012379
1.02748e-05
-1.38676e-05
-0.00123789
4.18097e-05
-5.28439e-06
-0.00114306
-0.000291756
0.000153515
0.00274594
7.08029e-05
-0.000609299
0.0029233
-7.07996e-05
0.00222292
-0.00060929
0.000291736
0.00292337
-0.000522894
-0.000522899
0.00191674
-0.000163014
-0.000146983
0.00082337
-7.50046e-05
-0.000101325
-0.00134395
-2.98794e-09
-0.000108649
-0.00115903
7.50178e-05
-0.000108652
-0.00115903
0.000163009
-0.000101314
-0.00134392
0.000522871
-0.000147034
0.000823186
0.000609296
-0.000522894
0.00191662
0.000291746
0.00292336
0.000153597
-4.18528e-05
0.00274587
-0.000146972
-0.000163014
0.000823413
0.000133651
0.000133646
0.000234237
0.000149038
2.51146e-05
-0.000852676
-3.4883e-09
1.97207e-05
-0.000883852
-0.00014904
1.97164e-05
-0.000883847
-0.000133644
2.51178e-05
-0.000852661
0.000146975
0.00013362
0.000234189
-0.000153575
-0.000163015
0.000823383
-4.18369e-05
0.00274589
-5.30174e-06
-1.03062e-05
-0.00114308
-0.000101327
-7.50017e-05
-0.00134395
2.51142e-05
0.000149038
-0.000852667
3.74294e-05
3.74286e-05
-0.00110618
-2.99672e-09
1.56514e-05
-0.00101591
-3.74352e-05
1.56504e-05
-0.0010159
-2.51186e-05
3.74315e-05
-0.00110617
0.000101324
0.000149036
-0.000852621
5.296e-06
-7.50066e-05
-0.00134393
-1.02982e-05
-0.00114308
-1.38754e-05
-1.6343e-08
-0.00123791
-0.000108648
-4.68358e-09
-0.00115903
1.9722e-05
-4.31075e-09
-0.000883851
1.56531e-05
-4.75242e-09
-0.00101591
-2.96797e-09
-4.94846e-09
-0.000979986
-1.56585e-05
-5.16181e-09
-0.000979983
-1.97246e-05
-4.17952e-09
-0.0010159
0.000108647
-4.39422e-09
-0.00088383
1.38713e-05
-4.10412e-09
-0.00115902
-1.4123e-08
-0.00123789
-1.38652e-05
1.02652e-05
-0.00123789
-0.000108654
7.50218e-05
-0.00115903
1.97147e-05
-0.000149039
-0.000883842
1.56513e-05
-3.74383e-05
-0.0010159
-3.20651e-09
-1.56606e-05
-0.00097998
-1.56571e-05
-1.56599e-05
-0.000979977
-1.97184e-05
-3.74402e-05
-0.00101589
0.000108653
-0.000149038
-0.00088382
1.38623e-05
7.50242e-05
-0.00115902
1.02623e-05
-0.00123787
-5.27767e-06
4.17975e-05
-0.00114305
-0.000101309
0.000163004
-0.00134391
2.51181e-05
-0.000133642
-0.000852663
3.7433e-05
-2.51226e-05
-0.00110616
-2.37848e-09
-1.97267e-05
-0.0010159
-3.74379e-05
-1.97231e-05
-0.00101589
-2.51217e-05
-2.5125e-05
-0.00110615
0.000101308
-0.000133621
-0.00085262
5.27562e-06
0.000163006
-0.00134389
4.17906e-05
-0.00114305
0.000153494
-0.000291762
0.00274593
-0.00014705
0.000522862
0.000823094
0.000133609
0.000146978
0.00023417
0.000149037
0.000101321
-0.000852594
-3.46366e-09
0.000108647
-0.000883817
-0.000149039
0.00010865
-0.000883811
-0.00013361
0.000101312
-0.000852586
0.000147044
0.000147024
0.000234146
-0.000153487
0.000522863
0.000823091
-0.000291766
0.00274594
-0.000609298
7.08027e-05
0.00292328
-0.000522891
0.0006093
0.00191656
-0.000163018
-0.000153563
0.000823386
-7.50104e-05
5.29174e-06
-0.00134392
-2.41146e-09
1.38693e-05
-0.00115902
7.50223e-05
1.38632e-05
-0.00115902
0.000163013
5.27953e-06
-0.0013439
0.000522872
-0.000153504
0.000823214
0.000609302
0.000609305
0.00191646
7.08019e-05
0.00292327
-7.07995e-05
0.00222292
0.000291751
0.00292335
-4.18286e-05
0.00274592
-1.0293e-05
-0.00114308
-8.96571e-09
-0.00123788
1.02698e-05
-0.00123787
4.17991e-05
-0.00114306
-0.000291764
0.00274596
7.08007e-05
0.00292329
0.00222291
-6.89524e-05
-6.89506e-05
0.00236082
0.000308327
-0.000592253
0.00313834
-1.85753e-05
0.000142545
0.00293024
-2.36478e-06
-6.2542e-06
-0.00115303
-9.623e-09
-8.43377e-06
-0.00123183
2.34233e-06
-8.4283e-06
-0.00123182
1.85511e-05
-6.24366e-06
-0.00115303
-0.000308338
0.000142479
0.00293035
6.89538e-05
-0.000592258
0.00313827
-6.89497e-05
0.00236082
-0.000592251
0.000308326
0.00313835
-0.000500533
-0.000500536
0.00173331
-0.000178359
-0.000139106
0.000782847
-9.41811e-05
-0.0001009
-0.00133348
-1.47783e-10
-0.000101935
-0.00115971
9.4199e-05
-0.00010194
-0.00115972
0.000178374
-0.000100891
-0.00133345
0.000500523
-0.000139162
0.000782679
0.000592255
-0.000500536
0.00173316
0.000308333
0.00313833
0.000142561
-1.85803e-05
0.00293022
-0.000139092
-0.000178356
0.000782887
7.30274e-05
7.30214e-05
-0.000190011
9.68564e-05
-7.43952e-06
-0.000969965
-1.93266e-09
-9.10426e-07
-0.000888019
-9.68569e-05
-9.14604e-07
-0.000888017
-7.30164e-05
-7.43906e-06
-0.000969954
0.000139093
7.29882e-05
-0.000190071
-0.000142546
-0.000178363
0.00078285
-1.85699e-05
0.00293024
-6.25579e-06
-2.36853e-06
-0.00115304
-0.000100901
-9.4177e-05
-0.00133349
-7.44017e-06
9.68553e-05
-0.000969962
2.55103e-06
2.55094e-06
-0.00112617
-1.44425e-09
2.69021e-06
-0.00101696
-2.55252e-06
2.68873e-06
-0.00101695
7.44008e-06
2.55186e-06
-0.00112615
0.000100897
9.68503e-05
-0.00096994
6.24997e-06
-9.41829e-05
-0.00133346
-2.36314e-06
-0.00115304
-8.43435e-06
-1.51671e-08
-0.00123183
-0.000101934
-2.93985e-10
-0.00115971
-9.09097e-07
-3.18044e-09
-0.000888018
2.6916e-06
-2.37793e-09
-0.00101696
-1.52653e-09
-2.77248e-09
-0.0009746
-2.69487e-06
-2.87893e-09
-0.000974598
9.07431e-07
-2.07378e-09
-0.00101695
0.000101934
-3.44303e-09
-0.000888003
8.43083e-06
-2.249e-10
-0.0011597
-1.31033e-08
-0.00123181
-8.42627e-06
2.33396e-06
-0.00123181
-0.000101941
9.42054e-05
-0.00115972
-9.16342e-07
-9.68559e-05
-0.000888014
2.68893e-06
-2.55367e-06
-0.00101695
-1.73805e-09
-2.6962e-06
-0.000974596
-2.69263e-06
-2.69494e-06
-0.000974594
9.13692e-07
-2.55438e-06
-0.00101694
0.00010194
-9.68521e-05
-0.000887998
8.42361e-06
9.42083e-05
-0.00115971
2.33316e-06
-0.0012318
-6.23882e-06
1.85433e-05
-0.00115302
-0.000100888
0.000178378
-0.00133343
-7.43934e-06
-7.3012e-05
-0.000969955
2.55253e-06
7.43864e-06
-0.00112615
-1.06747e-09
9.06044e-07
-0.00101695
-2.5536e-06
9.09681e-07
-0.00101695
7.43937e-06
7.43811e-06
-0.00112614
0.000100885
-7.29843e-05
-0.000969934
6.23578e-06
0.000178382
-0.00133342
1.85395e-05
-0.00115302
0.000142452
-0.000308342
0.00293036
-0.000139187
0.000500518
0.000782592
7.29751e-05
0.000139092
-0.000190096
9.68492e-05
0.000100894
-0.000969923
-2.36918e-09
0.000101934
-0.000887993
-9.68509e-05
0.000101937
-0.00088799
-7.29717e-05
0.000100887
-0.000969914
0.000139179
0.000139145
-0.000190135
-0.00014245
0.000500522
0.00078258
-0.000308345
0.00293037
-0.000592258
6.89539e-05
0.00313824
-0.000500535
0.000592258
0.0017331
-0.000178367
-0.000142541
0.000782852
-9.41866e-05
6.24624e-06
-0.00133345
4.65172e-11
8.42916e-06
-0.0011597
9.42032e-05
8.42421e-06
-0.00115971
0.00017838
6.2377e-06
-0.00133342
0.000500527
-0.000142483
0.000782696
0.00059226
0.000592263
0.00173299
6.89527e-05
0.00313823
-6.89496e-05
0.00236082
0.000308337
0.00313832
-1.85638e-05
0.00293028
-2.359e-06
-0.00115304
-8.16016e-09
-0.0012318
2.33986e-06
-0.00123179
1.85443e-05
-0.00115303
-0.000308345
0.00293037
6.89511e-05
0.00313826
0.00236082
-6.55119e-05
-6.551e-05
0.00249185
0.00031552
-0.000579213
0.00333652
-5.40097e-06
8.81186e-05
0.00316305
9.25788e-06
-4.65742e-07
-0.00116723
-4.13983e-09
-1.60846e-06
-0.00122095
-9.26486e-06
-1.60557e-06
-0.00122095
5.38892e-06
-4.61465e-07
-0.00116722
-0.000315527
8.80777e-05
0.00316319
6.55135e-05
-0.000579215
0.00333645
-6.55092e-05
0.00249184
-0.000579211
0.00031552
0.00333653
-0.000490556
-0.000490558
0.001556
-0.000204723
-0.000166689
0.000751821
-0.000110699
-9.91009e-05
-0.00132887
2.41811e-09
-9.08988e-05
-0.00118112
0.000110716
-9.09031e-05
-0.00118114
0.000204754
-9.90987e-05
-0.00132885
0.000490555
-0.000166726
0.000751683
0.000579208
-0.000490564
0.00155586
0.000315523
0.0033365
8.81299e-05
-5.4036e-06
0.00316301
-0.000166678
-0.000204717
0.000751853
1.12498e-05
1.12432e-05
-0.000545871
4.55513e-05
-3.60218e-05
-0.00106735
-1.00391e-09
-1.27355e-05
-0.00092063
-4.55519e-05
-1.27392e-05
-0.00092063
-1.12397e-05
-3.60232e-05
-0.00106734
0.000166674
1.12109e-05
-0.000545922
-8.81242e-05
-0.000204731
0.000751814
-5.39878e-06
0.00316304
-4.66356e-07
9.25663e-06
-0.00116723
-9.91014e-05
-0.000110694
-0.00132887
-3.60227e-05
4.55497e-05
-0.00106735
-2.57443e-05
-2.57439e-05
-0.00114672
-3.81615e-10
-7.20763e-06
-0.00104823
2.57453e-05
-7.20931e-06
-0.00104823
3.60251e-05
-2.57438e-05
-0.00114671
9.90988e-05
4.55442e-05
-0.00106735
4.62184e-07
-0.000110699
-0.00132886
9.25787e-06
-0.00116723
-1.60872e-06
-6.3872e-09
-0.00122095
-9.08973e-05
3.65268e-09
-0.00118112
-1.27342e-05
-2.45935e-09
-0.000920629
-7.20626e-06
-7.09966e-10
-0.00104823
-9.06946e-10
-1.81901e-09
-0.000989011
7.20356e-06
-1.93279e-09
-0.00098901
1.27331e-05
-5.96587e-10
-0.00104822
9.08968e-05
-2.70873e-09
-0.00092062
1.60642e-06
3.28835e-09
-0.00118112
-5.47422e-09
-0.00122094
-1.6045e-06
-9.26664e-06
-0.00122095
-9.09051e-05
0.000110723
-0.00118114
-1.27408e-05
-4.55517e-05
-0.000920629
-7.20937e-06
2.57452e-05
-0.00104823
-1.12626e-09
7.2024e-06
-0.000989009
7.20619e-06
7.20388e-06
-0.000989007
1.2739e-05
2.5745e-05
-0.00104822
9.0904e-05
-4.5547e-05
-0.000920619
1.6026e-06
0.000110726
-0.00118113
-9.2664e-06
-0.00122093
-4.59369e-07
5.38535e-06
-0.00116722
-9.90975e-05
0.000204766
-0.00132884
-3.6024e-05
-1.12364e-05
-0.00106734
-2.57436e-05
3.6025e-05
-0.00114671
-1.57003e-10
1.27321e-05
-0.00104822
2.57448e-05
1.27355e-05
-0.00104822
3.60262e-05
3.60258e-05
-0.0011467
9.90958e-05
-1.12082e-05
-0.00106734
4.5628e-07
0.000204774
-0.00132883
5.38423e-06
-0.00116722
8.80565e-05
-0.000315529
0.00316322
-0.000166745
0.000490554
0.000751606
1.11974e-05
0.000166668
-0.000545943
4.55426e-05
9.90971e-05
-0.00106734
-1.55158e-09
9.08965e-05
-0.000920613
-4.55443e-05
9.09007e-05
-0.000920612
-1.11938e-05
9.90956e-05
-0.00106733
0.000166736
0.000166704
-0.000545978
-8.80592e-05
0.000490563
0.000751587
-0.00031553
0.00316322
-0.000579213
6.55138e-05
0.00333641
-0.000490566
0.000579209
0.0015558
-0.000204737
-8.81258e-05
0.000751817
-0.000110702
4.60125e-07
-0.00132885
2.26796e-09
1.60528e-06
-0.00118112
0.000110719
1.60263e-06
-0.00118113
0.000204765
4.56618e-07
-0.00132883
0.000490565
-8.80889e-05
0.000751689
0.000579211
0.000579212
0.00155569
6.55123e-05
0.0033364
-6.55093e-05
0.00249184
0.000315525
0.00333649
-5.3954e-06
0.00316307
9.2594e-06
-0.00116723
-3.46834e-09
-0.00122093
-9.26523e-06
-0.00122093
5.38596e-06
-0.00116722
-0.00031553
0.00316319
6.55106e-05
0.00333643
0.00249184
-6.27566e-05
-6.27548e-05
0.00261736
0.0003195
-0.000557669
0.00351193
-6.19042e-07
6.96419e-05
0.00341352
2.47118e-05
8.84962e-06
-0.00120141
-1.52513e-09
7.29641e-06
-0.00120354
-2.47133e-05
7.29834e-06
-0.00120354
6.09893e-07
8.85185e-06
-0.00120139
-0.000319507
6.96401e-05
0.00341366
6.27572e-05
-0.000557666
0.00351185
-6.27536e-05
0.00261735
-0.000557666
0.0003195
0.00351194
-0.000481633
-0.000481635
0.00140393
-0.000232935
-0.000149951
0.000722717
-0.000111302
-9.40775e-05
-0.00134758
3.50378e-09
-7.10205e-05
-0.00121411
0.000111314
-7.10238e-05
-0.00121412
0.000232968
-9.40796e-05
-0.00134757
0.000481629
-0.000149961
0.000722623
0.000557656
-0.000481641
0.00140381
0.000319503
0.0035119
6.96454e-05
-6.20757e-07
0.00341349
-0.000149945
-0.00023293
0.000722739
-1.62459e-05
-1.62494e-05
-0.000813272
1.4762e-05
-5.0399e-05
-0.00114203
-6.65937e-10
-1.47487e-05
-0.000962139
-1.4763e-05
-1.4751e-05
-0.00096214
1.62492e-05
-5.04013e-05
-0.00114203
0.000149934
-1.62641e-05
-0.000813303
-6.96545e-05
-0.000232944
0.000722706
-6.17163e-07
0.00341351
8.84876e-06
2.47117e-05
-0.00120141
-9.40777e-05
-0.000111299
-0.00134758
-5.03998e-05
1.47605e-05
-0.00114204
-3.45043e-05
-3.45038e-05
-0.00117851
1.39881e-10
-1.11149e-05
-0.00108637
3.45055e-05
-1.11162e-05
-0.00108637
5.04025e-05
-3.4504e-05
-0.00117851
9.40779e-05
1.47566e-05
-0.00114204
-8.85049e-06
-0.000111301
-0.00134757
2.47118e-05
-0.00120141
7.29642e-06
-1.89639e-09
-0.00120354
-7.10192e-05
5.37448e-09
-0.00121411
-1.47476e-05
-1.99419e-09
-0.000962138
-1.11138e-05
1.19735e-10
-0.00108636
-5.89782e-10
-1.31597e-09
-0.00101124
1.11121e-05
-1.41429e-09
-0.00101124
1.47466e-05
1.9149e-10
-0.00108636
7.10181e-05
-2.04933e-09
-0.000962132
-7.29893e-06
4.98775e-09
-0.0012141
-1.39316e-09
-0.00120353
7.29911e-06
-2.47124e-05
-0.00120353
-7.10255e-05
0.00011132
-0.00121413
-1.47522e-05
-1.47639e-05
-0.00096214
-1.11163e-05
3.45057e-05
-0.00108637
-7.93844e-10
1.11114e-05
-0.00101124
1.11142e-05
1.11125e-05
-0.00101124
1.47507e-05
3.4506e-05
-0.00108636
7.1024e-05
-1.47601e-05
-0.000962134
-7.3014e-06
0.000111322
-0.00121413
-2.4712e-05
-0.00120352
8.85294e-06
6.07485e-07
-0.00120139
-9.40801e-05
0.000232981
-0.00134757
-5.04022e-05
1.6249e-05
-0.00114203
-3.4504e-05
5.0403e-05
-0.0011785
3.13649e-10
1.47457e-05
-0.00108636
3.45055e-05
1.4748e-05
-0.00108636
5.04049e-05
5.04049e-05
-0.0011785
9.40804e-05
1.62628e-05
-0.00114204
-8.85432e-06
0.000232991
-0.00134756
6.07484e-07
-0.00120139
6.96349e-05
-0.00031951
0.0034137
-0.000149968
0.000481627
0.000722564
-1.6271e-05
0.000149926
-0.000813318
1.47556e-05
9.40777e-05
-0.00114204
-9.80282e-10
7.10175e-05
-0.000962128
-1.47572e-05
7.10208e-05
-0.000962129
1.62722e-05
9.40797e-05
-0.00114204
0.000149958
0.000149938
-0.000813339
-6.96437e-05
0.000481638
0.000722542
-0.00031951
0.0034137
-0.000557663
6.27569e-05
0.0035118
-0.000481642
0.000557654
0.00140375
-0.00023295
-6.96616e-05
0.000722712
-0.000111303
-8.85115e-06
-0.00134757
3.36529e-09
-7.30022e-06
-0.0012141
0.000111316
-7.302e-06
-0.00121412
0.00023298
-8.85335e-06
-0.00134756
0.000481642
-6.9658e-05
0.000722622
0.000557655
0.000557654
0.00140366
6.27553e-05
0.00351179
-6.27533e-05
0.00261735
0.000319505
0.00351189
-6.13929e-07
0.00341353
2.47127e-05
-0.00120141
-1.0651e-09
-0.00120352
-2.47136e-05
-0.00120352
6.07583e-07
-0.0012014
-0.00031951
0.00341365
6.27541e-05
0.00351182
0.00261735
-6.17506e-05
-6.1749e-05
0.00274086
0.000329469
-0.000527687
0.0036484
1.2648e-05
0.000112172
0.00361817
4.37101e-05
1.63142e-05
-0.00124878
-2.92757e-09
1.33924e-05
-0.00117322
-4.3712e-05
1.33931e-05
-0.00117322
-1.2659e-05
1.63199e-05
-0.00124877
-0.00032948
0.00011219
0.00361829
6.17498e-05
-0.000527682
0.0036483
-6.17471e-05
0.00274085
-0.000527684
0.000329469
0.00364841
-0.000452787
-0.000452791
0.00125414
-0.000230677
-5.80452e-05
0.000670823
-8.80517e-05
-7.87643e-05
-0.00139512
3.74129e-09
-4.9164e-05
-0.00123961
8.80592e-05
-4.91662e-05
-0.00123962
0.000230697
-7.87638e-05
-0.00139512
0.000452775
-5.80421e-05
0.000670777
0.00052767
-0.000452793
0.00125402
0.000329473
0.00364835
0.000112171
1.26464e-05
0.00361814
-5.8042e-05
-0.000230673
0.000670833
5.69202e-06
5.68921e-06
-0.000940741
1.06316e-05
-4.63065e-05
-0.00117943
-6.24421e-10
-1.03405e-05
-0.00099033
-1.06337e-05
-1.03418e-05
-0.000990331
-5.69244e-06
-4.6308e-05
-0.00117943
5.80293e-05
5.68171e-06
-0.000940749
-0.000112188
-0.000230681
0.000670811
1.26512e-05
0.00361814
1.63129e-05
4.37102e-05
-0.00124879
-7.87643e-05
-8.80491e-05
-0.00139513
-4.63072e-05
1.06304e-05
-0.00117943
-2.91563e-05
-2.91558e-05
-0.00121281
3.22286e-10
-9.30458e-06
-0.00111656
2.91573e-05
-9.30551e-06
-0.00111656
4.63092e-05
-2.91558e-05
-0.00121281
7.87627e-05
1.06288e-05
-0.00117944
-1.63158e-05
-8.80495e-05
-0.00139513
4.37106e-05
-0.00124879
1.33926e-05
-4.23636e-09
-0.00117321
-4.91631e-05
5.78652e-09
-0.0012396
-1.03398e-05
-1.81259e-09
-0.000990329
-9.3037e-06
4.40409e-10
-0.00111656
-4.56355e-10
-1.0554e-09
-0.00102984
9.30231e-06
-1.10474e-09
-0.00102984
1.03388e-05
5.07022e-10
-0.00111655
4.9162e-05
-1.71934e-09
-0.000990325
-1.33945e-05
5.52118e-09
-0.0012396
-3.29508e-09
-0.00117321
1.33935e-05
-4.37113e-05
-0.00117322
-4.91674e-05
8.80636e-05
-0.00123963
-1.03426e-05
-1.0635e-05
-0.000990332
-9.30558e-06
2.91576e-05
-0.00111656
-6.03634e-10
9.30168e-06
-0.00102984
9.30391e-06
9.30256e-06
-0.00102984
1.03414e-05
2.91578e-05
-0.00111656
4.9166e-05
-1.06331e-05
-0.000990327
-1.33955e-05
8.8064e-05
-0.00123962
-4.37111e-05
-0.00117321
1.63219e-05
-1.26624e-05
-0.00124876
-7.87636e-05
0.000230706
-0.00139512
-4.63083e-05
-5.69502e-06
-0.00117943
-2.91557e-05
4.63097e-05
-0.00121281
4.8175e-10
1.03381e-05
-0.00111655
2.91572e-05
1.03394e-05
-0.00111656
4.63107e-05
4.63113e-05
-0.0012128
7.8763e-05
-5.6867e-06
-0.00117944
-1.63236e-05
0.000230714
-0.00139513
-1.26623e-05
-0.00124876
0.000112194
-0.000329485
0.00361833
-5.80449e-05
0.000452769
0.00067074
5.67651e-06
5.80213e-05
-0.000940755
1.06286e-05
7.87613e-05
-0.00117944
-7.42206e-10
4.91614e-05
-0.000990322
-1.06307e-05
4.91636e-05
-0.000990323
-5.67713e-06
7.87618e-05
-0.00117944
5.80348e-05
5.80219e-05
-0.000940759
-0.000112206
0.00045278
0.000670717
-0.000329484
0.00361831
-0.000527678
6.17488e-05
0.00364825
-0.000452792
0.000527664
0.00125397
-0.000230685
-0.000112196
0.000670822
-8.80508e-05
-1.63175e-05
-0.00139512
3.74101e-09
-1.33954e-05
-0.0012396
8.80592e-05
-1.33961e-05
-0.00123961
0.000230706
-1.63225e-05
-0.00139512
0.000452789
-0.00011221
0.000670772
0.000527668
0.000527665
0.0012539
6.17472e-05
0.00364823
-6.17465e-05
0.00274085
0.000329476
0.00364833
1.26553e-05
0.00361815
4.37116e-05
-0.00124879
-2.15838e-09
-0.0011732
-4.37127e-05
-0.0011732
-1.26622e-05
-0.00124877
-0.000329482
0.00361826
6.17465e-05
0.00364826
0.00274084
-3.70871e-05
-3.7086e-05
0.00281503
0.000363636
-0.00048096
0.00372864
2.97316e-05
0.000205969
0.00374611
5.86228e-05
1.63647e-05
-0.00129404
-2.52543e-09
1.16668e-05
-0.00112626
-5.86254e-05
1.16668e-05
-0.00112626
-2.97442e-05
1.63717e-05
-0.00129402
-0.000363649
0.000205989
0.00374621
3.70854e-05
-0.00048096
0.00372852
-3.70841e-05
0.00281502
-0.000480957
0.000363634
0.00372865
-0.000404644
-0.000404648
0.00110151
-0.00020254
7.60407e-05
0.000598648
-5.35258e-05
-5.7002e-05
-0.00147077
1.72127e-09
-3.38138e-05
-0.00124766
5.35285e-05
-3.38155e-05
-0.00124767
0.00020255
-5.70008e-05
-0.00147077
0.000404628
7.60455e-05
0.000598641
0.000480945
-0.000404647
0.00110139
0.000363639
0.00372858
0.000205968
2.97299e-05
0.00374607
7.60427e-05
-0.000202537
0.000598648
5.4729e-05
5.47279e-05
-0.000898114
1.86569e-05
-2.89918e-05
-0.00117137
-3.76224e-10
-5.38939e-06
-0.0010001
-1.86586e-05
-5.39021e-06
-0.0010001
-5.47304e-05
-2.89926e-05
-0.00117137
-7.60534e-05
5.47265e-05
-0.000898107
-0.000205985
-0.000202538
0.000598635
2.97357e-05
0.00374606
1.6363e-05
5.86227e-05
-0.00129405
-5.70024e-05
-5.35244e-05
-0.00147077
-2.89921e-05
1.8656e-05
-0.00117137
-1.77882e-05
-1.77879e-05
-0.00123522
2.7307e-10
-5.71244e-06
-0.00113402
1.77888e-05
-5.71313e-06
-0.00113403
2.89931e-05
-1.77878e-05
-0.00123522
5.70015e-05
1.86551e-05
-0.00117138
-1.63649e-05
-5.35232e-05
-0.00147078
5.86245e-05
-0.00129404
1.16672e-05
-4.02208e-09
-0.00112625
-3.3813e-05
2.91e-09
-0.00124765
-5.38886e-06
-1.10654e-09
-0.0010001
-5.7118e-06
3.99431e-10
-0.00113402
-2.76213e-10
-6.77441e-10
-0.00104127
5.71088e-06
-6.98463e-10
-0.00104127
5.38809e-06
4.65482e-10
-0.00113402
3.3812e-05
-1.01487e-09
-0.00100009
-1.16686e-05
3.07205e-09
-0.00124765
-3.11928e-09
-0.00112625
1.16669e-05
-5.86254e-05
-0.00112627
-3.38163e-05
5.35308e-05
-0.00124767
-5.39078e-06
-1.86595e-05
-0.0010001
-5.71328e-06
1.7789e-05
-0.00113403
-3.71285e-10
5.71045e-06
-0.00104127
5.71218e-06
5.71115e-06
-0.00104127
5.38986e-06
1.77892e-05
-0.00113403
3.38151e-05
-1.86582e-05
-0.0010001
-1.16684e-05
5.35302e-05
-0.00124767
-5.8626e-05
-0.00112626
1.63744e-05
-2.97492e-05
-0.00129401
-5.70001e-05
0.000202554
-0.00147077
-2.89927e-05
-5.47322e-05
-0.00117136
-1.77877e-05
2.89934e-05
-0.00123522
4.10973e-10
5.38761e-06
-0.00113402
1.77887e-05
5.38849e-06
-0.00113402
2.89941e-05
2.89945e-05
-0.00123522
5.70004e-05
-5.47301e-05
-0.00117137
-1.63744e-05
0.000202557
-0.00147078
-2.97487e-05
-0.00129401
0.000205996
-0.000363656
0.00374624
7.60454e-05
0.000404619
0.000598626
5.47236e-05
-7.606e-05
-0.000898106
1.86544e-05
5.70006e-05
-0.00117138
-4.2585e-10
3.38114e-05
-0.00100009
-1.86561e-05
3.38131e-05
-0.00100009
-5.47247e-05
5.70004e-05
-0.00117138
-7.60533e-05
-7.60613e-05
-0.0008981
-0.000206007
0.000404627
0.000598601
-0.000363654
0.00374621
-0.000480957
3.70839e-05
0.00372847
-0.000404645
0.000480939
0.00110133
-0.000202539
-0.000205994
0.000598651
-5.35236e-05
-1.63663e-05
-0.00147077
2.06397e-09
-1.16692e-05
-0.00124765
5.35275e-05
-1.16692e-05
-0.00124766
0.000202552
-1.6372e-05
-0.00147078
0.000404637
-0.000206008
0.000598633
0.000480946
0.00048094
0.00110128
3.70822e-05
0.00372844
-3.70836e-05
0.00281502
0.000363641
0.00372854
2.97399e-05
0.00374606
5.86258e-05
-0.00129404
-1.79854e-09
-0.00112624
-5.86272e-05
-0.00112625
-2.97468e-05
-0.00129402
-0.000363648
0.00374616
3.70824e-05
0.00372847
0.00281501
-1.89496e-05
-1.89483e-05
0.00285293
0.000371222
-0.000423795
0.00376226
-1.17066e-06
0.000312584
0.00380592
3.89003e-05
7.17138e-07
-0.00133483
-1.66749e-09
4.50735e-06
-0.00109186
-3.89028e-05
4.5071e-06
-0.00109187
1.16458e-06
7.21625e-07
-0.00133481
-0.000371225
0.000312601
0.003806
1.89514e-05
-0.000423797
0.00376214
-1.89487e-05
0.00285292
-0.000423792
0.000371221
0.00376227
-0.000273063
-0.000273065
0.000800053
-9.45085e-05
0.000222085
0.000510592
-1.32396e-05
-4.08946e-05
-0.00151043
1.07116e-09
-2.04307e-05
-0.00123596
1.3241e-05
-2.04315e-05
-0.00123597
9.45129e-05
-4.08936e-05
-0.00151043
0.000273047
0.000222088
0.00051062
0.000423781
-0.000273059
0.000799924
0.000371218
0.00376219
0.000312583
-1.17186e-06
0.00380588
0.000222086
-9.4506e-05
0.000510585
0.000103159
0.000103159
-0.000660261
2.95186e-05
-1.47439e-05
-0.00112388
-2.85311e-10
-1.04998e-06
-0.000989959
-2.95195e-05
-1.05035e-06
-0.00098996
-0.000103162
-1.47442e-05
-0.00112387
-0.000222094
0.00010316
-0.000660246
-0.000312597
-9.45001e-05
0.000510578
-1.17046e-06
0.00380585
7.15886e-07
3.89001e-05
-0.00133483
-4.08949e-05
-1.32388e-05
-0.00151043
-1.4744e-05
2.9518e-05
-0.00112388
-7.80894e-06
-7.80877e-06
-0.00124909
1.46694e-10
-2.59123e-06
-0.00114029
7.80912e-06
-2.59164e-06
-0.0011403
1.4744e-05
-7.80859e-06
-0.00124909
4.08943e-05
2.95173e-05
-0.00112389
-7.16435e-07
-1.32375e-05
-0.00151043
3.89021e-05
-0.00133483
4.50768e-06
-2.97859e-09
-0.00109186
-2.04302e-05
1.71539e-09
-0.00123595
-1.04973e-06
-7.26091e-10
-0.000989958
-2.59088e-06
2.12026e-10
-0.00114029
-1.5201e-10
-3.79928e-10
-0.00104645
2.59047e-06
-3.71075e-10
-0.00104645
1.04937e-06
2.823e-10
-0.00114029
2.04294e-05
-5.91996e-10
-0.000989955
-4.50856e-06
1.9448e-09
-0.00123595
-2.28063e-09
-0.00109185
4.50711e-06
-3.8904e-05
-0.00109187
-2.04319e-05
1.32414e-05
-0.00123597
-1.05059e-06
-2.952e-05
-0.000989961
-2.59176e-06
7.80916e-06
-0.0011403
-1.87714e-10
2.59024e-06
-0.00104645
2.59125e-06
2.59067e-06
-0.00104645
1.05018e-06
7.80923e-06
-0.00114029
2.04311e-05
-2.9519e-05
-0.000989958
-4.50806e-06
1.3241e-05
-0.00123597
-3.89044e-05
-0.00109186
7.2362e-07
1.16127e-06
-0.0013348
-4.08928e-05
9.45139e-05
-0.00151043
-1.47441e-05
-0.000103164
-0.00112387
-7.80845e-06
1.47442e-05
-0.00124909
2.61343e-10
1.04913e-06
-0.00114029
7.809e-06
1.04955e-06
-0.00114029
1.47445e-05
1.47448e-05
-0.00124909
4.08931e-05
-0.000103164
-0.00112388
-7.23041e-07
9.45106e-05
-0.00151043
1.16271e-06
-0.0013348
0.000312608
-0.000371227
0.00380602
0.00022209
0.000273038
0.00051062
0.000103161
-0.0002221
-0.000660241
2.95169e-05
4.0894e-05
-0.00112389
-2.28797e-10
2.0429e-05
-0.000989954
-2.95177e-05
2.043e-05
-0.000989955
-0.000103162
4.08938e-05
-0.00112388
-0.000222095
-0.0002221
-0.000660231
-0.000312617
0.000273039
0.000510595
-0.000371225
0.00380598
-0.000423798
1.89521e-05
0.00376209
-0.000273061
0.000423776
0.000799861
-9.45009e-05
-0.000312605
0.000510595
-1.32374e-05
-7.17077e-07
-0.00151042
1.42922e-09
-4.50887e-06
-0.00123595
1.32402e-05
-4.50864e-06
-0.00123596
9.45091e-05
-7.20855e-07
-0.00151043
0.000273052
-0.000312617
0.000510608
0.000423785
0.000423776
0.000799807
1.89501e-05
0.00376205
-1.89497e-05
0.00285292
0.000371215
0.00376215
-1.16983e-06
0.00380584
3.89031e-05
-0.00133483
-1.09084e-09
-0.00109185
-3.89039e-05
-0.00109185
1.16624e-06
-0.00133481
-0.000371219
0.00380592
1.89495e-05
0.00376208
0.00285291
-3.06208e-05
-3.06195e-05
0.000335441
-0.00034258
-3.86084e-05
0.00029065
9.67407e-06
-9.02571e-06
-4.02885e-10
-3.1858e-07
-9.67388e-06
-3.18819e-07
3.86067e-05
-9.02421e-06
-0.000335438
0.000290665
3.06228e-05
-0.000342583
-3.06187e-05
-0.000342579
0.000335441
-0.000149646
-0.000149646
1.86105e-05
0.000185129
9.09802e-06
-1.92418e-05
1.45308e-10
-7.22685e-06
-9.09928e-06
-7.22709e-06
-1.86119e-05
-1.92414e-05
0.000149641
0.000185132
0.000342579
-0.000149644
0.000335437
0.000290647
-3.86092e-05
0.000185128
1.86112e-05
7.3981e-05
7.3981e-05
1.93813e-05
-2.43356e-06
-1.45647e-10
1.04291e-06
-1.93816e-05
1.04284e-06
-7.39823e-05
-2.43355e-06
-0.000185128
7.3982e-05
-0.000290653
1.8616e-05
-3.86108e-05
-9.02622e-06
9.67411e-06
-1.9242e-05
9.09795e-06
-2.43362e-06
1.9381e-05
-1.46877e-06
-1.46874e-06
4.91195e-11
-7.30211e-07
1.46879e-06
-7.30375e-07
2.43364e-06
-1.46866e-06
1.92418e-05
1.93806e-05
9.02623e-06
9.09941e-06
9.67431e-06
-3.18474e-07
-8.02491e-10
-7.22667e-06
5.7118e-11
1.04303e-06
-3.67248e-10
-7.30072e-07
6.24388e-11
-6.00047e-11
-1.55651e-10
7.29922e-07
-1.45655e-10
-1.04327e-06
1.06138e-10
7.22634e-06
-2.37368e-10
3.18358e-07
2.89872e-10
-6.77339e-10
-3.18955e-07
-9.67408e-06
-7.22715e-06
-9.10091e-06
1.04285e-06
-1.93819e-05
-7.3039e-07
1.46872e-06
-6.66475e-11
7.29821e-07
7.30215e-07
7.30002e-07
-1.04305e-06
1.46882e-06
7.22683e-06
-1.93813e-05
3.1875e-07
-9.10109e-06
-9.67404e-06
-9.02339e-06
3.86052e-05
-1.92408e-05
-1.86152e-05
-2.43337e-06
-7.39837e-05
-1.46856e-06
2.43363e-06
1.09242e-10
-1.04347e-06
1.46879e-06
-1.04332e-06
2.43364e-06
2.43385e-06
1.9241e-05
-7.39833e-05
9.02366e-06
-1.86169e-05
3.86068e-05
0.000290669
-0.000335438
0.000185133
0.000149636
7.39835e-05
-0.000185129
1.93807e-05
1.92419e-05
-4.12349e-11
7.22615e-06
-1.93808e-05
7.22645e-06
-7.39834e-05
1.92419e-05
-0.00018513
-0.00018513
-0.000290671
0.000149636
-0.000335436
-0.000342586
3.06237e-05
-0.000149648
0.000342578
1.86169e-05
-0.000290658
9.10058e-06
9.02637e-06
3.83763e-10
3.1838e-07
-9.10051e-06
3.18551e-07
-1.86149e-05
9.02498e-06
0.000149645
-0.000290671
0.000342582
0.000342577
3.06219e-05
-3.06188e-05
0.000335433
-3.86128e-05
9.67419e-06
-3.20994e-10
-9.6737e-06
3.8611e-05
-0.000335433
3.06203e-05
)
;

boundaryField
{
    bottom
    {
        type            calculated;
        value           nonuniform List<scalar> 0();
    }
    atmosphere
    {
        type            calculated;
        value           nonuniform List<scalar> 
100
(
0.00291417
0.00373879
0.00388929
-0.00137409
-0.00108187
-0.00108188
-0.00137405
0.0038894
0.00373861
0.00291416
0.00373878
0.000414185
0.000447847
-0.0014907
-0.00121995
-0.00121996
-0.0014907
0.000447905
0.000413979
0.00373868
0.00388932
0.000447857
-0.000437966
-0.00108609
-0.000978846
-0.00097885
-0.00108608
-0.000437945
0.00044786
0.00388923
-0.00137408
-0.0014907
-0.00108609
-0.00125102
-0.00113999
-0.00113999
-0.00125102
-0.00108609
-0.00149069
-0.00137409
-0.00108187
-0.00121995
-0.000978848
-0.00113999
-0.00104791
-0.00104791
-0.00113998
-0.000978843
-0.00121994
-0.00108186
-0.00108188
-0.00121996
-0.000978849
-0.00113999
-0.00104791
-0.00104791
-0.00113999
-0.000978844
-0.00121995
-0.00108186
-0.00137406
-0.0014907
-0.00108608
-0.00125102
-0.00113998
-0.00113999
-0.00125102
-0.00108609
-0.0014907
-0.00137407
0.00388938
0.0004479
-0.000437951
-0.00108609
-0.000978844
-0.000978847
-0.00108608
-0.000437936
0.000447888
0.0038893
0.00373867
0.000414046
0.000447844
-0.0014907
-0.00121994
-0.00121996
-0.0014907
0.000447883
0.000413929
0.0037386
0.00291416
0.00373871
0.00388925
-0.00137409
-0.00108186
-0.00108187
-0.00137406
0.00388935
0.00373857
0.00291415
)
;
    }
    walls
    {
        type            calculated;
        value           uniform 0;
    }
    procBoundary1to0
    {
        type            processor;
        value           nonuniform List<scalar> 
100
(
-0.00173803
-0.00214273
-0.00222863
0.001024
0.00126079
0.00126078
0.00102405
-0.00222853
-0.00214271
-0.00173802
-0.00214274
-0.00224387
-0.000982091
0.0013094
0.00125862
0.00125861
0.00130942
-0.000981965
-0.00224386
-0.00214273
-0.00222866
-0.000982135
-0.00223628
0.000322303
0.00101249
0.00101246
0.000322267
-0.00223633
-0.000982171
-0.00222861
0.001024
0.00130939
0.000322278
0.000988678
0.00120748
0.00120747
0.000988654
0.000322162
0.00130938
0.00102403
0.00126079
0.00125863
0.00101249
0.00120748
0.00114628
0.00114628
0.00120747
0.00101246
0.00125862
0.00126078
0.00126078
0.0012586
0.00101245
0.00120746
0.00114627
0.00114627
0.00120746
0.00101243
0.0012586
0.00126077
0.00102408
0.00130944
0.000322279
0.000988643
0.00120747
0.00120746
0.000988626
0.000322175
0.00130943
0.00102408
-0.00222848
-0.00098189
-0.00223633
0.000322096
0.00101245
0.00101243
0.000322086
-0.00223638
-0.000981941
-0.00222847
-0.00214269
-0.00224385
-0.000982205
0.00130937
0.00125861
0.00125859
0.0013094
-0.000982076
-0.00224383
-0.00214269
-0.00173802
-0.00214273
-0.0022286
0.00102403
0.00126077
0.00126077
0.00102406
-0.00222851
-0.00214271
-0.00173802
)
;
    }
}


// ************************************************************************* //
