/*--------------------------------*- C++ -*----------------------------------*\
| =========                 |                                                 |
| \\      /  F ield         | OpenFOAM: The Open Source CFD Toolbox           |
|  \\    /   O peration     | Version:  2412                                  |
|   \\  /    A nd           | Website:  www.openfoam.com                      |
|    \\/     M anipulation  |                                                 |
\*---------------------------------------------------------------------------*/
FoamFile
{
    version     2.0;
    format      ascii;
    arch        "LSB;label=32;scalar=64";
    class       volVectorField;
    location    "0.84";
    object      U;
}
// * * * * * * * * * * * * * * * * * * * * * * * * * * * * * * * * * * * * * //

dimensions      [0 1 -1 0 0 0 0];

internalField   nonuniform List<vector> 
1000
(
(-0.895641 -0.895641 0.74093)
(0.722599 -0.493004 0.899019)
(-0.231386 0.373783 0.906055)
(0.183509 0.103969 -0.418013)
(-0.1843 0.0928849 -0.50037)
(0.184309 0.092896 -0.500365)
(-0.183519 0.103949 -0.41802)
(0.231358 0.37374 0.90602)
(-0.722596 -0.493006 0.899008)
(0.89564 -0.895641 0.740929)
(-0.493002 0.7226 0.899021)
(-0.532107 -0.532114 0.907775)
(-0.424438 -0.115505 0.395335)
(0.0553159 -0.0789752 -0.535207)
(-0.139736 -0.119623 -0.493768)
(0.139729 -0.119621 -0.493761)
(-0.0553057 -0.0789947 -0.535218)
(0.424396 -0.115556 0.395274)
(0.532106 -0.532121 0.907766)
(0.493003 0.7226 0.899019)
(0.37379 -0.231392 0.906064)
(-0.115482 -0.424449 0.395352)
(-0.167513 -0.16751 0.796342)
(0.384849 -0.0778676 -0.17759)
(-0.0060384 -0.0524305 -0.391311)
(0.00602802 -0.0524362 -0.391304)
(-0.384847 -0.0778662 -0.17758)
(0.167505 -0.167477 0.796361)
(0.1155 -0.424443 0.395362)
(-0.37376 -0.231387 0.906046)
(0.103972 0.183507 -0.418013)
(-0.0789762 0.0553176 -0.535204)
(-0.0778693 0.38485 -0.17758)
(0.139389 0.139385 -0.407605)
(-0.0243232 0.12081 -0.46731)
(0.0243127 0.12081 -0.467305)
(-0.139408 0.13939 -0.407597)
(0.0778683 0.384847 -0.177535)
(0.0789909 0.0553142 -0.535201)
(-0.103972 0.183517 -0.418019)
(0.0928818 -0.184299 -0.50037)
(-0.119623 -0.139737 -0.493769)
(-0.0524293 -0.00603737 -0.391311)
(0.12081 -0.0243253 -0.46731)
(-0.0543917 -0.0543938 -0.442023)
(0.0543851 -0.0543934 -0.442021)
(-0.120817 -0.0243206 -0.467308)
(0.0524295 -0.00602372 -0.391301)
(0.119623 -0.139732 -0.493766)
(-0.0928873 -0.184302 -0.500367)
(0.0928988 0.184318 -0.500364)
(-0.119621 0.139727 -0.493759)
(-0.0524391 0.00603031 -0.3913)
(0.120811 0.0243088 -0.467302)
(-0.0543909 0.0543836 -0.442019)
(0.0543843 0.054383 -0.442017)
(-0.120818 0.0243064 -0.4673)
(0.052438 0.0060179 -0.391291)
(0.119622 0.139723 -0.493757)
(-0.0929026 0.184318 -0.500361)
(0.103936 -0.183516 -0.418022)
(-0.0790042 -0.0553032 -0.535225)
(-0.0778672 -0.384844 -0.177585)
(0.139389 -0.139419 -0.407593)
(-0.0243163 -0.120821 -0.467306)
(0.0243078 -0.120822 -0.467302)
(-0.139407 -0.13942 -0.407587)
(0.0778661 -0.384844 -0.177544)
(0.0790126 -0.055302 -0.535221)
(-0.103941 -0.183527 -0.418024)
(0.373731 0.231347 0.906001)
(-0.115569 0.424373 0.395241)
(-0.167461 0.167502 0.796363)
(0.384843 0.0778659 -0.17751)
(-0.00601353 0.0524285 -0.391295)
(0.0060064 0.0524334 -0.391288)
(-0.384844 0.0778643 -0.17751)
(0.167457 0.167473 0.796379)
(0.115566 0.424377 0.395258)
(-0.373711 0.231346 0.905997)
(-0.493007 -0.722596 0.899003)
(-0.532124 0.532105 0.907759)
(-0.424444 0.115511 0.395373)
(0.0553103 0.078998 -0.535198)
(-0.13973 0.119623 -0.493762)
(0.139725 0.119621 -0.493755)
(-0.055302 0.0790119 -0.535209)
(0.424407 0.11555 0.395313)
(0.532121 0.532112 0.907747)
(0.493008 -0.722597 0.899002)
(-0.895642 0.89564 0.740928)
(0.722599 0.493003 0.899017)
(-0.231384 -0.373741 0.906044)
(0.183519 -0.103973 -0.41802)
(-0.1843 -0.0928918 -0.500362)
(0.184308 -0.0929018 -0.500359)
(-0.183529 -0.103955 -0.418022)
(0.231359 -0.373708 0.906016)
(-0.722596 0.493005 0.899007)
(0.895641 0.895641 0.740928)
(-0.888823 -0.888823 0.803975)
(0.739717 -0.473421 1.0175)
(-0.267005 0.378011 0.984017)
(0.166246 0.0816555 -0.438754)
(-0.182304 0.0842219 -0.497412)
(0.182301 0.0842329 -0.497407)
(-0.166269 0.0816619 -0.438744)
(0.266967 0.377953 0.984009)
(-0.739715 -0.473426 1.01748)
(0.888822 -0.888824 0.803974)
(-0.473421 0.739719 1.0175)
(-0.548435 -0.54844 0.86735)
(-0.321407 -0.199816 0.364554)
(0.0312206 -0.0821325 -0.541649)
(-0.124971 -0.113889 -0.477199)
(0.124963 -0.113887 -0.477193)
(-0.0312022 -0.0821311 -0.541651)
(0.321359 -0.199868 0.36448)
(0.548435 -0.548447 0.867327)
(0.473427 0.73972 1.01749)
(0.378022 -0.267014 0.984017)
(-0.1998 -0.321416 0.364572)
(-0.0886917 -0.088696 0.445882)
(0.343075 -0.0704361 -0.254506)
(-0.0155858 -0.0543498 -0.368397)
(0.0155776 -0.0543557 -0.368392)
(-0.343073 -0.0704341 -0.2545)
(0.0886871 -0.0887146 0.445875)
(0.199815 -0.321406 0.364568)
(-0.377986 -0.266997 0.984012)
(0.0816543 0.166242 -0.438757)
(-0.0821345 0.0312236 -0.541648)
(-0.0704375 0.343075 -0.254498)
(0.133252 0.133251 -0.426436)
(-0.026363 0.105633 -0.435371)
(0.0263556 0.105633 -0.435366)
(-0.133264 0.133254 -0.42643)
(0.0704366 0.343072 -0.254464)
(0.0821364 0.0312144 -0.541644)
(-0.081659 0.166253 -0.438758)
(0.0842194 -0.182306 -0.497414)
(-0.113889 -0.124972 -0.4772)
(-0.0543484 -0.0155861 -0.368397)
(0.105634 -0.0263645 -0.435371)
(-0.0540655 -0.0540675 -0.413939)
(0.0540599 -0.054068 -0.413938)
(-0.10564 -0.026361 -0.435369)
(0.0543489 -0.0155806 -0.368386)
(0.113888 -0.124967 -0.477196)
(-0.084225 -0.182305 -0.497409)
(0.0842362 0.182302 -0.497406)
(-0.113887 0.12496 -0.477191)
(-0.0543584 0.0155784 -0.368389)
(0.105634 0.0263529 -0.435363)
(-0.0540662 0.0540587 -0.413936)
(0.0540605 0.054059 -0.413934)
(-0.10564 0.0263508 -0.435361)
(0.0543575 0.0155734 -0.368379)
(0.113887 0.124957 -0.477188)
(-0.0842401 0.182302 -0.497402)
(0.0816639 -0.166275 -0.438739)
(-0.0821301 -0.031197 -0.541655)
(-0.0704342 -0.343071 -0.254504)
(0.133254 -0.13327 -0.426427)
(-0.0263578 -0.105643 -0.435368)
(0.0263518 -0.105644 -0.435364)
(-0.133264 -0.133272 -0.426422)
(0.0704338 -0.343071 -0.254473)
(0.0821322 -0.0311919 -0.54165)
(-0.0816673 -0.166283 -0.438739)
(0.377935 0.266953 0.983999)
(-0.199878 0.321336 0.364443)
(-0.0887253 0.0886813 0.44587)
(0.34307 0.0704345 -0.254446)
(-0.0155754 0.0543484 -0.36838)
(0.0155687 0.0543536 -0.368375)
(-0.34307 0.0704327 -0.254446)
(0.0887151 0.0886962 0.445872)
(0.199877 0.321336 0.36445)
(-0.377915 0.266947 0.983997)
(-0.473427 -0.739714 1.01747)
(-0.548447 0.548435 0.867315)
(-0.321405 0.199824 0.364572)
(0.0312083 0.0821371 -0.54164)
(-0.124966 0.113888 -0.477193)
(0.12496 0.113887 -0.477188)
(-0.0311929 0.0821352 -0.541644)
(0.321363 0.199869 0.364502)
(0.548446 0.548443 0.867292)
(0.473431 -0.739716 1.01747)
(-0.888824 0.888822 0.803973)
(0.73972 0.47343 1.01749)
(-0.266989 -0.377966 0.984018)
(0.166258 -0.0816631 -0.438756)
(-0.182303 -0.0842288 -0.497404)
(0.1823 -0.0842388 -0.497399)
(-0.166279 -0.0816686 -0.438745)
(0.266958 -0.377921 0.984011)
(-0.739717 0.473432 1.01748)
(0.888823 0.888823 0.803972)
(-0.879132 -0.879132 0.859814)
(0.743843 -0.460993 1.12349)
(-0.236496 0.343832 1.06481)
(0.160899 0.0688889 -0.454133)
(-0.176886 0.0779548 -0.496037)
(0.17687 0.0779654 -0.496032)
(-0.160927 0.0689033 -0.454124)
(0.236464 0.343768 1.06482)
(-0.74384 -0.460998 1.12347)
(0.87913 -0.879132 0.859813)
(-0.460993 0.743845 1.12349)
(-0.531537 -0.53154 0.804144)
(-0.27688 -0.11443 0.342307)
(0.000366292 -0.0812271 -0.539676)
(-0.114485 -0.104455 -0.465781)
(0.11448 -0.104454 -0.465779)
(-0.000339969 -0.0812133 -0.539666)
(0.276846 -0.114472 0.342233)
(0.531534 -0.531545 0.804102)
(0.461004 0.743847 1.12348)
(0.343845 -0.236503 1.06481)
(-0.114419 -0.276886 0.342325)
(-0.0948277 -0.0948348 0.183553)
(0.285349 -0.0681309 -0.315578)
(-0.034399 -0.0580687 -0.355469)
(0.0343936 -0.0580748 -0.355466)
(-0.285347 -0.0681279 -0.315571)
(0.0948349 -0.0948714 0.183538)
(0.114417 -0.276874 0.342316)
(-0.343807 -0.236487 1.06481)
(0.0688864 0.160894 -0.454135)
(-0.0812297 0.000371106 -0.539677)
(-0.0681323 0.28535 -0.315573)
(0.10177 0.101769 -0.438249)
(-0.0371458 0.0835438 -0.410527)
(0.0371411 0.0835435 -0.410523)
(-0.101775 0.101771 -0.438243)
(0.0681315 0.285347 -0.315549)
(0.0812246 0.000359755 -0.539669)
(-0.0688923 0.160905 -0.454135)
(0.0779528 -0.176889 -0.496039)
(-0.104454 -0.114485 -0.465781)
(-0.0580674 -0.0344003 -0.355469)
(0.0835445 -0.0371467 -0.410527)
(-0.0548013 -0.0548033 -0.394933)
(0.0547966 -0.0548047 -0.394932)
(-0.0835491 -0.0371441 -0.410524)
(0.0580682 -0.0344014 -0.35546)
(0.104453 -0.114482 -0.465778)
(-0.0779581 -0.176887 -0.496033)
(0.077969 0.176864 -0.49603)
(-0.104453 0.114477 -0.465777)
(-0.0580775 0.034394 -0.355464)
(0.0835436 0.0371394 -0.410521)
(-0.0548034 0.0547957 -0.39493)
(0.0547984 0.0547968 -0.394929)
(-0.0835485 0.0371377 -0.410519)
(0.058077 0.034395 -0.355455)
(0.104452 0.114475 -0.465774)
(-0.0779727 0.176865 -0.496025)
(0.0689093 -0.160937 -0.454119)
(-0.0812064 -0.000331372 -0.539664)
(-0.0681275 -0.285345 -0.315573)
(0.101771 -0.101779 -0.438241)
(-0.0371417 -0.0835518 -0.410524)
(0.037138 -0.0835517 -0.410521)
(-0.101776 -0.10178 -0.438236)
(0.0681274 -0.285344 -0.315551)
(0.0812049 -0.000325341 -0.539659)
(-0.0689116 -0.160942 -0.454119)
(0.343746 0.236454 1.06482)
(-0.114483 0.276831 0.342198)
(-0.0948856 0.0948369 0.183532)
(0.285345 0.0681294 -0.315536)
(-0.0343997 0.0580679 -0.355454)
(0.0343944 0.0580732 -0.355451)
(-0.285344 0.068127 -0.315534)
(0.0948846 0.0948679 0.183527)
(0.114475 0.276826 0.342198)
(-0.343727 0.236448 1.06482)
(-0.460998 -0.743839 1.12345)
(-0.531543 0.531535 0.804082)
(-0.276871 0.114418 0.342317)
(0.000353367 0.0812213 -0.539665)
(-0.114482 0.104453 -0.465776)
(0.114478 0.104452 -0.465774)
(-0.000330553 0.0812099 -0.539657)
(0.276842 0.11446 0.342248)
(0.531541 0.531542 0.804046)
(0.461006 -0.743841 1.12345)
(-0.879132 0.879129 0.859813)
(0.743847 0.46101 1.12348)
(-0.236479 -0.343788 1.06482)
(0.16091 -0.0688971 -0.454133)
(-0.176884 -0.0779613 -0.496028)
(0.17687 -0.077971 -0.496023)
(-0.160935 -0.068909 -0.454124)
(0.236454 -0.343738 1.06483)
(-0.743844 0.461011 1.12346)
(0.879131 0.87913 0.859812)
(-0.867495 -0.867495 0.917843)
(0.736616 -0.452642 1.21435)
(-0.204474 0.291145 1.1318)
(0.167885 0.065991 -0.459681)
(-0.170525 0.0737458 -0.494338)
(0.17051 0.0737547 -0.494333)
(-0.167902 0.0659989 -0.459677)
(0.20445 0.291082 1.13183)
(-0.736612 -0.452647 1.21433)
(0.867493 -0.867494 0.917842)
(-0.452643 0.736619 1.21436)
(-0.511539 -0.511543 0.728285)
(-0.262222 -0.0768999 0.319049)
(-0.0389926 -0.0795514 -0.535469)
(-0.105704 -0.0905449 -0.461322)
(0.105704 -0.0905445 -0.461324)
(0.0390226 -0.0795396 -0.535454)
(0.262215 -0.076941 0.318975)
(0.51153 -0.511546 0.728228)
(0.452657 0.73662 1.21435)
(0.291158 -0.204479 1.13179)
(-0.0768876 -0.262223 0.319066)
(-0.122555 -0.122564 0.00424227)
(0.221977 -0.0704114 -0.367039)
(-0.0568632 -0.0623114 -0.351804)
(0.0568603 -0.0623177 -0.351803)
(-0.221975 -0.0704106 -0.367033)
(0.122569 -0.12261 0.00421828)
(0.0768748 -0.262221 0.319052)
(-0.291121 -0.204468 1.1318)
(0.0659894 0.167882 -0.459683)
(-0.0795527 -0.0389864 -0.535471)
(-0.0704122 0.221977 -0.367037)
(0.05468 0.0546804 -0.447351)
(-0.0488352 0.0593304 -0.402457)
(0.0488328 0.0593298 -0.402455)
(-0.0546802 0.0546806 -0.447345)
(0.0704123 0.221974 -0.367023)
(0.0795455 -0.0389972 -0.535461)
(-0.065993 0.167889 -0.459683)
(0.0737441 -0.170527 -0.494338)
(-0.0905441 -0.105704 -0.461321)
(-0.06231 -0.0568653 -0.351804)
(0.0593313 -0.0488357 -0.402457)
(-0.0533013 -0.053303 -0.389275)
(0.0532989 -0.0533049 -0.389274)
(-0.0593349 -0.0488341 -0.402455)
(0.0623109 -0.0568709 -0.351796)
(0.0905423 -0.105703 -0.461319)
(-0.0737484 -0.170526 -0.494332)
(0.0737579 0.170504 -0.494331)
(-0.0905442 0.105703 -0.461324)
(-0.0623206 0.0568608 -0.351801)
(0.0593297 0.0488318 -0.402453)
(-0.0533044 0.0532987 -0.389273)
(0.0533016 0.0533005 -0.389272)
(-0.0593338 0.0488308 -0.402451)
(0.0623202 0.056866 -0.351793)
(0.0905426 0.105703 -0.461321)
(-0.073761 0.170506 -0.494325)
(0.066002 -0.167908 -0.459675)
(-0.0795338 0.0390336 -0.535449)
(-0.0704109 -0.221974 -0.367034)
(0.0546804 -0.0546814 -0.447343)
(-0.0488327 -0.0593372 -0.402454)
(0.048831 -0.0593367 -0.402452)
(-0.0546806 -0.0546818 -0.447338)
(0.0704112 -0.221973 -0.367021)
(0.0795297 0.0390391 -0.535442)
(-0.0660036 -0.167912 -0.459674)
(0.291057 0.204443 1.13183)
(-0.0769607 0.26221 0.318938)
(-0.122628 0.122575 0.00420866)
(0.221973 0.070411 -0.367014)
(-0.0568719 0.0623109 -0.351791)
(0.0568684 0.0623165 -0.351789)
(-0.221972 0.0704104 -0.36701)
(0.122633 0.122615 0.00419407)
(0.0769446 0.26221 0.318935)
(-0.291039 0.20444 1.13183)
(-0.452646 -0.736611 1.21431)
(-0.511544 0.511528 0.728203)
(-0.262222 0.0768668 0.319053)
(-0.0390025 0.0795413 -0.535456)
(-0.105704 0.090542 -0.461319)
(0.105704 0.0905418 -0.46132)
(0.0390296 0.079532 -0.535444)
(0.262216 0.0769095 0.318984)
(0.511538 0.511535 0.728158)
(0.452656 -0.736613 1.21431)
(-0.867494 0.867492 0.917841)
(0.73662 0.452664 1.21434)
(-0.204462 -0.291104 1.13181)
(0.167893 -0.0659957 -0.459683)
(-0.170525 -0.0737509 -0.494328)
(0.170512 -0.0737591 -0.494324)
(-0.167908 -0.0660023 -0.459677)
(0.204444 -0.291054 1.13184)
(-0.736616 0.452664 1.21432)
(0.867493 0.867492 0.917841)
(-0.853887 -0.853886 0.971565)
(0.729316 -0.445598 1.2967)
(-0.186873 0.232539 1.21448)
(0.173881 0.0706733 -0.462492)
(-0.156399 0.0691231 -0.491166)
(0.156393 0.069129 -0.491163)
(-0.173887 0.0706768 -0.462489)
(0.186856 0.232489 1.21453)
(-0.729311 -0.445601 1.29667)
(0.853884 -0.853886 0.971564)
(-0.4456 0.72932 1.2967)
(-0.495229 -0.495234 0.65982)
(-0.266538 -0.103181 0.310026)
(-0.0746633 -0.0724084 -0.530685)
(-0.0976375 -0.0732317 -0.466294)
(0.0976408 -0.0732319 -0.466299)
(0.0746906 -0.0724048 -0.530672)
(0.266558 -0.103197 0.309962)
(0.49521 -0.495233 0.659761)
(0.445613 0.72932 1.29669)
(0.232549 -0.186877 1.21447)
(-0.103173 -0.266535 0.310041)
(-0.141385 -0.141393 -0.155709)
(0.152044 -0.0769802 -0.409685)
(-0.0717586 -0.0632194 -0.358824)
(0.0717571 -0.0632254 -0.358824)
(-0.152043 -0.0769815 -0.409682)
(0.141397 -0.141433 -0.155734)
(0.103153 -0.266548 0.310024)
(-0.232519 -0.186872 1.21448)
(0.0706722 0.17388 -0.462494)
(-0.0724084 -0.0746569 -0.530687)
(-0.0769809 0.152044 -0.409685)
(0.0132643 0.0132652 -0.453405)
(-0.0509318 0.0384198 -0.411247)
(0.0509311 0.0384193 -0.411247)
(-0.0132619 0.0132645 -0.4534)
(0.0769823 0.152042 -0.409682)
(0.0724035 -0.0746645 -0.530679)
(-0.0706743 0.173883 -0.462494)
(0.0691219 -0.156401 -0.491165)
(-0.073231 -0.0976365 -0.466292)
(-0.0632179 -0.071761 -0.358824)
(0.0384206 -0.050932 -0.411246)
(-0.0475727 -0.0475739 -0.390564)
(0.0475713 -0.0475758 -0.390564)
(-0.0384232 -0.0509314 -0.411244)
(0.0632186 -0.0717684 -0.358819)
(0.0732293 -0.0976381 -0.466291)
(-0.0691248 -0.156402 -0.49116)
(0.0691313 0.156391 -0.491161)
(-0.0732321 0.0976415 -0.4663)
(-0.0632283 0.0717574 -0.358823)
(0.0384192 0.0509307 -0.411245)
(-0.0475757 0.0475712 -0.390563)
(0.047574 0.0475728 -0.390562)
(-0.0384221 0.0509304 -0.411243)
(0.063228 0.0717644 -0.358818)
(0.0732304 0.0976427 -0.466298)
(-0.0691335 0.156394 -0.491156)
(0.070678 -0.173889 -0.462489)
(-0.0724024 0.0747017 -0.530667)
(-0.0769823 -0.152043 -0.409683)
(0.0132643 -0.0132616 -0.453398)
(-0.0509309 -0.0384248 -0.411244)
(0.0509306 -0.0384244 -0.411244)
(-0.013262 -0.0132615 -0.453395)
(0.0769836 -0.152042 -0.409679)
(0.0723985 0.0747054 -0.530662)
(-0.0706793 -0.173891 -0.462488)
(0.232467 0.186851 1.21454)
(-0.103209 0.266565 0.309928)
(-0.141451 0.141402 -0.155745)
(0.152041 0.0769818 -0.409677)
(-0.0717707 0.0632185 -0.358816)
(0.0717684 0.0632242 -0.358816)
(-0.152042 0.0769829 -0.409674)
(0.141456 0.141438 -0.155762)
(0.10319 0.266574 0.309921)
(-0.232452 0.186851 1.21454)
(-0.4456 -0.72931 1.29665)
(-0.495231 0.495203 0.659735)
(-0.266554 0.103139 0.310025)
(-0.0746676 0.0724013 -0.530674)
(-0.0976405 0.0732286 -0.466292)
(0.0976437 0.073229 -0.466296)
(0.0746933 0.0723985 -0.530664)
(0.266571 0.103159 0.309966)
(0.495216 0.495209 0.65969)
(0.44561 -0.729312 1.29665)
(-0.853886 0.853883 0.971564)
(0.72932 0.445619 1.29669)
(-0.186868 -0.232507 1.21449)
(0.173886 -0.0706755 -0.462494)
(-0.156402 -0.0691263 -0.491157)
(0.156397 -0.0691321 -0.491154)
(-0.173891 -0.0706786 -0.46249)
(0.186855 -0.232467 1.21454)
(-0.729316 0.445619 1.29667)
(0.853884 0.853883 0.971563)
(-0.83869 -0.83869 1.02224)
(0.719969 -0.438405 1.37174)
(-0.174227 0.189206 1.31586)
(0.171297 0.0750341 -0.471906)
(-0.127675 0.0616924 -0.485909)
(0.127673 0.0616959 -0.485908)
(-0.171297 0.0750389 -0.471902)
(0.174212 0.189188 1.31592)
(-0.719965 -0.438406 1.37171)
(0.838687 -0.838689 1.02224)
(-0.438407 0.719972 1.37175)
(-0.464191 -0.464197 0.582451)
(-0.292147 -0.089554 0.285004)
(-0.0859727 -0.0633908 -0.53258)
(-0.0908723 -0.0526845 -0.479102)
(0.0908773 -0.0526854 -0.479108)
(0.0859908 -0.063392 -0.532574)
(0.292175 -0.0895412 0.284956)
(0.464162 -0.464191 0.582398)
(0.438417 0.719973 1.37174)
(0.189208 -0.17423 1.31584)
(-0.089551 -0.292144 0.285015)
(-0.130573 -0.130579 -0.286202)
(0.097327 -0.0801449 -0.445151)
(-0.0695263 -0.053275 -0.378009)
(0.0695253 -0.0532787 -0.378009)
(-0.0973277 -0.0801477 -0.445151)
(0.130579 -0.130604 -0.286217)
(0.0895265 -0.292162 0.285)
(-0.189197 -0.174226 1.31585)
(0.0750326 0.171297 -0.471909)
(-0.0633906 -0.0859676 -0.532581)
(-0.0801453 0.0973264 -0.445153)
(-0.00580724 -0.00580645 -0.463922)
(-0.046277 0.0254485 -0.42736)
(0.0462772 0.0254482 -0.427361)
(0.0058093 -0.00580702 -0.463919)
(0.0801474 0.0973254 -0.445155)
(0.0633893 -0.0859699 -0.532577)
(-0.075034 0.171299 -0.471909)
(0.0616917 -0.127676 -0.485908)
(-0.0526837 -0.0908711 -0.4791)
(-0.0532738 -0.0695283 -0.378009)
(0.0254492 -0.046277 -0.42736)
(-0.0406859 -0.0406868 -0.400503)
(0.040685 -0.0406884 -0.400502)
(-0.0254509 -0.046277 -0.427358)
(0.0532737 -0.0695341 -0.378006)
(0.0526819 -0.090874 -0.4791)
(-0.0616935 -0.127678 -0.485904)
(0.0616974 0.127674 -0.485906)
(-0.0526858 0.0908789 -0.47911)
(-0.0532808 0.0695253 -0.378009)
(0.0254482 0.0462771 -0.427361)
(-0.0406886 0.0406848 -0.400502)
(0.0406873 0.0406862 -0.400502)
(-0.0254501 0.0462773 -0.427359)
(0.0532802 0.069531 -0.378006)
(0.0526841 0.0908814 -0.479108)
(-0.061699 0.127676 -0.485902)
(0.0750406 -0.171297 -0.471901)
(-0.0633919 0.0859997 -0.532572)
(-0.0801489 -0.0973292 -0.445152)
(-0.00580704 0.00580983 -0.463918)
(-0.0462771 -0.025452 -0.427358)
(0.0462775 -0.0254516 -0.427359)
(0.00580918 0.00581008 -0.463915)
(0.0801509 -0.0973284 -0.445154)
(0.0633905 0.0860001 -0.532569)
(-0.0750412 -0.171298 -0.471901)
(0.189178 0.174208 1.31593)
(-0.0895399 0.292185 0.284928)
(-0.130617 0.13058 -0.286224)
(0.097326 0.0801475 -0.445154)
(-0.0695363 0.0532733 -0.378004)
(0.0695348 0.053277 -0.378004)
(-0.0973272 0.0801501 -0.445152)
(0.13062 0.130604 -0.286235)
(0.0895201 0.2922 0.28492)
(-0.189171 0.17421 1.31593)
(-0.438404 -0.719965 1.3717)
(-0.464187 0.464151 0.582374)
(-0.292169 0.0895124 0.285001)
(-0.0859706 0.0633889 -0.532574)
(-0.090877 0.052681 -0.4791)
(0.090882 0.0526821 -0.479105)
(0.0859887 0.06339 -0.532569)
(0.292194 0.0895052 0.284957)
(0.464165 0.464154 0.582335)
(0.438413 -0.719968 1.37169)
(-0.838689 0.838686 1.02224)
(0.719973 0.438423 1.37173)
(-0.174223 -0.189194 1.31587)
(0.171301 -0.0750346 -0.471909)
(-0.127679 -0.0616944 -0.485901)
(0.127677 -0.0616979 -0.4859)
(-0.171302 -0.0750391 -0.471904)
(0.174213 -0.189179 1.31592)
(-0.71997 0.438421 1.37171)
(0.838687 0.838686 1.02224)
(-0.822618 -0.822618 1.07114)
(0.708087 -0.435866 1.43717)
(-0.151612 0.174282 1.4121)
(0.167339 0.0704909 -0.490212)
(-0.0937267 0.0510448 -0.477209)
(0.093722 0.0510465 -0.477209)
(-0.167337 0.0704975 -0.490205)
(0.151595 0.174291 1.41215)
(-0.708086 -0.435866 1.43713)
(0.822616 -0.822617 1.07113)
(-0.435867 0.70809 1.43717)
(-0.413693 -0.4137 0.54219)
(-0.307358 -0.00933109 0.290074)
(-0.0573497 -0.0474867 -0.544482)
(-0.0852683 -0.0328743 -0.492328)
(0.0852738 -0.0328751 -0.492333)
(0.0573587 -0.0474844 -0.544482)
(0.307377 -0.009313 0.290048)
(0.413661 -0.413692 0.542144)
(0.435875 0.708092 1.43715)
(0.17428 -0.151616 1.41208)
(-0.00932991 -0.307356 0.29008)
(-0.069956 -0.0699593 -0.364568)
(0.0751671 -0.0725883 -0.468647)
(-0.0551613 -0.0394334 -0.391972)
(0.0551603 -0.0394356 -0.391972)
(-0.0751697 -0.0725903 -0.468647)
(0.0699582 -0.0699713 -0.364576)
(0.00930799 -0.307369 0.29007)
(-0.174284 -0.151611 1.41209)
(0.0704888 0.16734 -0.490215)
(-0.0474866 -0.0573462 -0.544483)
(-0.0725885 0.0751667 -0.468649)
(-0.00575734 -0.00575661 -0.479304)
(-0.0383551 0.0195846 -0.441868)
(0.0383555 0.0195845 -0.44187)
(0.00575894 -0.00575668 -0.479302)
(0.0725897 0.0751685 -0.468652)
(0.0474832 -0.0573444 -0.544483)
(-0.0704899 0.167342 -0.490215)
(0.0510445 -0.0937278 -0.477208)
(-0.0328736 -0.085267 -0.492326)
(-0.0394327 -0.0551629 -0.391971)
(0.0195852 -0.0383549 -0.441867)
(-0.0323394 -0.0323401 -0.408755)
(0.0323387 -0.0323414 -0.408755)
(-0.0195866 -0.0383551 -0.441866)
(0.0394325 -0.0551672 -0.39197)
(0.032872 -0.0852703 -0.492325)
(-0.0510456 -0.0937295 -0.477204)
(0.0510475 0.0937211 -0.477209)
(-0.0328755 0.0852756 -0.492335)
(-0.0394371 0.05516 -0.391973)
(0.0195846 0.0383555 -0.44187)
(-0.0323415 0.0323385 -0.408755)
(0.0323406 0.0323396 -0.408755)
(-0.0195861 0.0383558 -0.441868)
(0.0394366 0.0551645 -0.391971)
(0.0328738 0.0852786 -0.492334)
(-0.0510486 0.0937243 -0.477205)
(0.0704999 -0.167336 -0.490203)
(-0.0474836 0.057365 -0.544481)
(-0.072591 -0.0751717 -0.468648)
(-0.00575639 0.00575954 -0.479301)
(-0.0383553 -0.0195874 -0.441866)
(0.038356 -0.0195873 -0.441868)
(0.00575827 0.00575955 -0.479299)
(0.0725927 -0.0751732 -0.468651)
(0.047481 0.0573625 -0.544481)
(-0.0704998 -0.167338 -0.490204)
(0.174291 0.151588 1.41217)
(-0.00930819 0.307383 0.290029)
(-0.0699797 0.0699569 -0.36458)
(0.07517 0.0725897 -0.468652)
(-0.0551691 0.0394321 -0.391968)
(0.0551679 0.0394343 -0.391969)
(-0.0751725 0.0725923 -0.468651)
(0.0699814 0.0699695 -0.364585)
(0.00929092 0.307398 0.290021)
(-0.174292 0.151591 1.41216)
(-0.435864 -0.708087 1.43711)
(-0.413687 0.413646 0.542122)
(-0.307374 0.00929701 0.290074)
(-0.0573442 0.0474811 -0.544481)
(-0.0852733 0.0328712 -0.492325)
(0.085279 0.0328721 -0.49233)
(0.0573538 0.0474796 -0.54448)
(0.307395 0.00928386 0.290047)
(0.413664 0.413649 0.542093)
(0.43587 -0.708089 1.43711)
(-0.822617 0.822615 1.07113)
(0.708093 0.43588 1.43715)
(-0.151607 -0.174286 1.41209)
(0.167345 -0.0704904 -0.490213)
(-0.0937303 -0.0510462 -0.477202)
(0.0937269 -0.051048 -0.477202)
(-0.167343 -0.0704966 -0.490207)
(0.151596 -0.174292 1.41214)
(-0.708091 0.435878 1.43712)
(0.822615 0.822614 1.07113)
(-0.804566 -0.804566 1.1242)
(0.732457 -0.428426 1.47922)
(-0.12045 0.185084 1.48343)
(0.162097 0.0552528 -0.50666)
(-0.0656907 0.0372821 -0.460665)
(0.0656864 0.0372829 -0.460667)
(-0.162096 0.0552599 -0.506651)
(0.120429 0.185101 1.48347)
(-0.732457 -0.428426 1.47917)
(0.804562 -0.804564 1.1242)
(-0.428426 0.732459 1.47922)
(-0.343767 -0.343774 0.453324)
(-0.305567 0.12609 0.241194)
(-0.0121524 -0.0334911 -0.573787)
(-0.0741907 -0.0217376 -0.49994)
(0.0741931 -0.0217385 -0.499945)
(0.0121562 -0.0334877 -0.573787)
(0.305576 0.126103 0.241184)
(0.343738 -0.34377 0.453279)
(0.428433 0.732461 1.47919)
(0.185081 -0.120454 1.48341)
(0.126092 -0.305566 0.241196)
(0.0100983 0.0100968 -0.390148)
(0.0697788 -0.0508627 -0.475536)
(-0.0369884 -0.0269804 -0.40056)
(0.0369878 -0.0269818 -0.40056)
(-0.0697809 -0.0508641 -0.475536)
(-0.0100982 0.0100929 -0.390148)
(-0.12611 -0.305569 0.241189)
(-0.18509 -0.120448 1.48341)
(0.0552509 0.162098 -0.506663)
(-0.0334917 -0.0121503 -0.573787)
(-0.0508628 0.0697784 -0.475538)
(0.000887365 0.000887831 -0.490772)
(-0.0274305 0.0160416 -0.451468)
(0.0274309 0.0160415 -0.45147)
(-0.000886557 0.000888015 -0.49077)
(0.0508632 0.0697796 -0.475542)
(0.0334899 -0.0121472 -0.573789)
(-0.0552519 0.162102 -0.506661)
(0.037282 -0.065692 -0.460663)
(-0.0217369 -0.07419 -0.499939)
(-0.0269799 -0.0369894 -0.400559)
(0.0160421 -0.0274304 -0.451467)
(-0.0235752 -0.0235757 -0.415129)
(0.0235748 -0.0235765 -0.415129)
(-0.016043 -0.0274306 -0.451466)
(0.0269795 -0.0369921 -0.400558)
(0.0217356 -0.0741915 -0.499938)
(-0.0372827 -0.0656933 -0.460661)
(0.0372833 0.0656851 -0.460667)
(-0.0217389 0.0741941 -0.499947)
(-0.0269827 0.0369876 -0.400561)
(0.0160414 0.0274309 -0.45147)
(-0.0235767 0.0235746 -0.41513)
(0.0235761 0.0235754 -0.41513)
(-0.0160425 0.0274313 -0.451469)
(0.0269821 0.0369904 -0.400559)
(0.0217375 0.074196 -0.499945)
(-0.0372841 0.065688 -0.460664)
(0.0552626 -0.162095 -0.506647)
(-0.0334864 0.0121598 -0.573787)
(-0.0508645 -0.069782 -0.475536)
(0.000888343 -0.000886156 -0.490769)
(-0.0274308 -0.0160435 -0.451466)
(0.0274314 -0.0160433 -0.451467)
(-0.000887236 -0.000886269 -0.490769)
(0.0508655 -0.069783 -0.47554)
(0.0334859 0.0121565 -0.573789)
(-0.055262 -0.162098 -0.506648)
(0.185105 0.12042 1.48348)
(0.126109 0.305577 0.241173)
(0.0100879 -0.0101 -0.390149)
(0.0697799 0.0508632 -0.475543)
(-0.0369934 0.0269791 -0.400557)
(0.0369927 0.0269805 -0.400558)
(-0.0697819 0.0508652 -0.475542)
(-0.0100873 -0.010095 -0.390148)
(-0.126122 0.305586 0.241164)
(-0.185109 0.120425 1.48347)
(-0.428424 -0.732459 1.47915)
(-0.343768 0.343723 0.453256)
(-0.305571 -0.126119 0.241194)
(-0.0121467 0.0334886 -0.573788)
(-0.0741933 0.021735 -0.499937)
(0.0741963 0.021736 -0.499941)
(0.0121511 0.0334863 -0.573789)
(0.305585 -0.126127 0.241181)
(0.343744 0.343728 0.453232)
(0.428429 -0.732461 1.47914)
(-0.804564 0.804561 1.12419)
(0.732461 0.428437 1.47918)
(-0.120445 -0.185094 1.48341)
(0.162105 -0.0552526 -0.506659)
(-0.0656941 -0.037283 -0.460659)
(0.0656911 -0.0372839 -0.46066)
(-0.162103 -0.0552587 -0.506652)
(0.120433 -0.185107 1.48345)
(-0.732461 0.428436 1.47915)
(0.804561 0.804561 1.12419)
(-0.785353 -0.785353 1.13638)
(0.743146 -0.419757 1.50558)
(-0.113127 0.197305 1.51186)
(0.109053 0.0246103 -0.524273)
(-0.0441547 0.0198506 -0.440406)
(0.0441517 0.0198508 -0.440408)
(-0.109053 0.024615 -0.524266)
(0.113114 0.197327 1.5119)
(-0.743138 -0.419758 1.50553)
(0.785348 -0.78535 1.13637)
(-0.419758 0.743148 1.50558)
(-0.259014 -0.259021 0.440202)
(-0.17878 0.285224 0.239728)
(0.0273098 -0.0250591 -0.606551)
(-0.0460677 -0.0146379 -0.498465)
(0.0460692 -0.0146385 -0.498469)
(-0.0273086 -0.0250566 -0.606552)
(0.178783 0.285229 0.239733)
(0.25899 -0.25902 0.440154)
(0.419763 0.743145 1.50555)
(0.197302 -0.113131 1.51185)
(0.285226 -0.178777 0.239726)
(0.0872013 0.0872009 -0.329516)
(0.0691115 -0.0327994 -0.461425)
(-0.0185552 -0.0138088 -0.39916)
(0.0185547 -0.0138094 -0.39916)
(-0.0691124 -0.0328003 -0.461424)
(-0.0872039 0.0872025 -0.32951)
(-0.285237 -0.178769 0.239722)
(-0.197313 -0.113132 1.51184)
(0.024609 0.109054 -0.524276)
(-0.0250597 0.0273108 -0.606552)
(-0.0327993 0.0691111 -0.461427)
(0.00586193 0.00586218 -0.498106)
(-0.0167888 0.0110687 -0.45584)
(0.0167889 0.0110685 -0.455842)
(-0.0058617 0.00586254 -0.498105)
(0.0327989 0.0691114 -0.461429)
(0.0250592 0.0273134 -0.606553)
(-0.0246093 0.109058 -0.524275)
(0.0198507 -0.0441557 -0.440404)
(-0.0146375 -0.0460674 -0.498463)
(-0.0138085 -0.0185558 -0.399159)
(0.0110689 -0.0167887 -0.455839)
(-0.0141275 -0.0141277 -0.417866)
(0.0141272 -0.0141282 -0.417866)
(-0.0110692 -0.0167888 -0.455838)
(0.0138081 -0.018557 -0.399158)
(0.0146367 -0.0460681 -0.498462)
(-0.0198511 -0.0441567 -0.440401)
(0.0198509 0.0441505 -0.440409)
(-0.0146386 0.0460697 -0.498471)
(-0.0138099 0.0185545 -0.39916)
(0.0110685 0.016789 -0.455842)
(-0.0141283 0.0141271 -0.417866)
(0.0141279 0.0141275 -0.417866)
(-0.0110689 0.0167892 -0.455841)
(0.0138094 0.018556 -0.399159)
(0.0146377 0.0460709 -0.498469)
(-0.0198514 0.0441527 -0.440405)
(0.0246169 -0.109053 -0.524263)
(-0.0250553 -0.0273084 -0.606552)
(-0.0328004 -0.069113 -0.461423)
(0.00586286 -0.0058616 -0.498104)
(-0.016789 -0.0110694 -0.455838)
(0.0167894 -0.0110693 -0.45584)
(-0.0058623 -0.00586175 -0.498104)
(0.0328004 -0.069113 -0.461426)
(0.0250557 -0.0273103 -0.606554)
(-0.0246163 -0.109056 -0.524264)
(0.197334 0.113107 1.51191)
(0.285232 0.178783 0.239731)
(0.0872025 -0.0872064 -0.329508)
(0.0691115 0.0327991 -0.46143)
(-0.0185576 0.0138078 -0.399158)
(0.0185572 0.0138085 -0.399158)
(-0.0691124 0.0328004 -0.461429)
(-0.087203 -0.0872058 -0.329504)
(-0.28524 0.178781 0.23972)
(-0.19734 0.113113 1.5119)
(-0.419756 -0.743135 1.5055)
(-0.259023 0.258977 0.44013)
(-0.178771 -0.285243 0.239729)
(0.0273147 0.0250587 -0.606551)
(-0.0460693 0.0146363 -0.498461)
(0.0460714 0.014637 -0.498465)
(-0.0273122 0.0250569 -0.606553)
(0.178781 -0.285245 0.239728)
(0.259 0.258979 0.440108)
(0.419758 -0.743138 1.50549)
(-0.785349 0.785347 1.13637)
(0.743142 0.419766 1.50553)
(-0.113132 -0.197319 1.51184)
(0.10906 -0.0246098 -0.524273)
(-0.0441575 -0.0198512 -0.4404)
(0.0441556 -0.0198515 -0.440401)
(-0.109059 -0.024614 -0.524267)
(0.113123 -0.197336 1.51187)
(-0.743139 0.419764 1.5055)
(0.785346 0.785346 1.13637)
(-0.749651 -0.749651 1.16261)
(0.686583 -0.342225 1.49671)
(-0.114584 0.210737 1.55324)
(0.041351 -0.000850245 -0.549617)
(-0.0218618 0.00495125 -0.43282)
(0.021861 0.00495098 -0.432823)
(-0.0413497 -0.000848611 -0.549609)
(0.114579 0.210758 1.55327)
(-0.686575 -0.342228 1.49666)
(0.749646 -0.749647 1.16261)
(-0.342225 0.686586 1.49671)
(-0.217382 -0.217385 0.169648)
(-0.00739237 0.24178 0.178805)
(0.0305104 -0.0165237 -0.596432)
(-0.0126265 -0.0059741 -0.488107)
(0.0126266 -0.00597441 -0.48811)
(-0.0305127 -0.0165229 -0.596432)
(0.00739224 0.241783 0.178822)
(0.217376 -0.217386 0.169592)
(0.342231 0.686584 1.49668)
(0.210734 -0.114586 1.55323)
(0.241779 -0.00739134 0.178801)
(0.0692938 0.0692939 -0.177555)
(0.0389744 -0.0095902 -0.434666)
(-0.00423467 -0.00322214 -0.391643)
(0.0042344 -0.00322216 -0.391643)
(-0.0389746 -0.00959035 -0.434663)
(-0.0692956 0.0692956 -0.177549)
(-0.241776 -0.00738696 0.1788)
(-0.210747 -0.11459 1.55322)
(-0.000850829 0.0413515 -0.54962)
(-0.016524 0.0305105 -0.596433)
(-0.00959023 0.0389742 -0.434668)
(0.00404101 0.00404107 -0.500422)
(-0.00555871 0.00393809 -0.45601)
(0.00555877 0.00393803 -0.456011)
(-0.00404101 0.00404123 -0.500422)
(0.00959023 0.0389739 -0.434669)
(0.0165238 0.0305132 -0.596431)
(0.000851023 0.0413526 -0.549619)
(0.00495133 -0.0218622 -0.432819)
(-0.00597393 -0.0126266 -0.488106)
(-0.00322206 -0.00423484 -0.391642)
(0.00393816 -0.00555871 -0.456009)
(-0.00454247 -0.00454257 -0.419165)
(0.00454236 -0.00454271 -0.419166)
(-0.00393823 -0.00555876 -0.456008)
(0.00322184 -0.0042351 -0.391641)
(0.00597368 -0.0126268 -0.488104)
(-0.00495135 -0.0218628 -0.432815)
(0.00495077 0.0218606 -0.432824)
(-0.00597454 0.0126266 -0.488111)
(-0.00322214 0.00423417 -0.391643)
(0.00393802 0.00555877 -0.456011)
(-0.00454272 0.00454229 -0.419166)
(0.0045426 0.00454244 -0.419166)
(-0.00393811 0.00555888 -0.45601)
(0.00322198 0.00423466 -0.391642)
(0.00597423 0.0126272 -0.488109)
(-0.00495095 0.0218615 -0.43282)
(-0.000847985 -0.0413495 -0.549605)
(-0.0165221 -0.0305154 -0.596431)
(-0.00959019 -0.038975 -0.434662)
(0.00404142 -0.00404109 -0.500421)
(-0.00555882 -0.00393828 -0.456007)
(0.00555896 -0.00393822 -0.456009)
(-0.00404122 -0.00404109 -0.50042)
(0.00959047 -0.0389744 -0.434664)
(0.0165222 -0.0305164 -0.596432)
(0.000848302 -0.0413505 -0.549607)
(0.210765 0.114577 1.55328)
(0.241783 0.00739002 0.178824)
(0.0692977 -0.0692975 -0.177547)
(0.0389741 0.00959029 -0.434669)
(-0.00423516 0.00322164 -0.391641)
(0.00423508 0.00322177 -0.391641)
(-0.0389741 0.00959071 -0.434667)
(-0.0692976 -0.0692973 -0.177543)
(-0.241778 0.00738859 0.178816)
(-0.210773 0.114581 1.55326)
(-0.342228 -0.686571 1.49664)
(-0.21739 0.21737 0.169566)
(-0.00738795 -0.241777 0.178806)
(0.0305156 0.0165239 -0.59643)
(-0.0126272 0.00597361 -0.488103)
(0.0126277 0.0059739 -0.488106)
(-0.030516 0.0165233 -0.596432)
(0.00739121 -0.241779 0.178817)
(0.217383 0.217371 0.169546)
(0.342228 -0.686572 1.49663)
(-0.749646 0.749643 1.16261)
(0.686582 0.342235 1.49667)
(-0.114594 -0.210754 1.55321)
(0.041353 0.000851112 -0.549618)
(-0.0218635 -0.00495123 -0.432814)
(0.0218628 -0.0049511 -0.432817)
(-0.0413513 0.000849419 -0.549612)
(0.114589 -0.210771 1.55324)
(-0.686576 0.342232 1.49664)
(0.749642 0.749642 1.1626)
)
;

boundaryField
{
    bottom
    {
        type            noSlip;
    }
    atmosphere
    {
        type            pressureInletOutletVelocity;
        value           nonuniform List<vector> 
100
(
(-0.749651 -0.749651 1.16261)
(-0.342225 0.686586 1.49671)
(0.210734 -0.114586 1.55323)
(0 0 -0.54962)
(0 0 -0.432819)
(0 0 -0.432824)
(0 0 -0.549605)
(0.210765 0.114577 1.55328)
(-0.342228 -0.686571 1.49664)
(-0.749646 0.749643 1.16261)
(0.686583 -0.342225 1.49671)
(-0.217382 -0.217385 0.169648)
(0.241779 -0.00739134 0.178801)
(0 0 -0.596433)
(0 0 -0.488106)
(0 0 -0.488111)
(0 0 -0.596431)
(0.241783 0.00739002 0.178824)
(-0.21739 0.21737 0.169566)
(0.686582 0.342235 1.49667)
(-0.114584 0.210737 1.55324)
(-0.00739237 0.24178 0.178805)
(0 0 -0.177555)
(0 0 -0.434668)
(0 0 -0.391642)
(0 0 -0.391643)
(0 0 -0.434662)
(0 0 -0.177547)
(-0.00738795 -0.241777 0.178806)
(-0.114594 -0.210754 1.55321)
(0 0 -0.549617)
(0 0 -0.596432)
(0 0 -0.434666)
(0 0 -0.500422)
(0 0 -0.456009)
(0 0 -0.456011)
(0 0 -0.500421)
(0 0 -0.434669)
(0 0 -0.59643)
(0 0 -0.549618)
(0 0 -0.43282)
(0 0 -0.488107)
(0 0 -0.391643)
(0 0 -0.45601)
(0 0 -0.419165)
(0 0 -0.419166)
(0 0 -0.456007)
(0 0 -0.391641)
(0 0 -0.488103)
(0 0 -0.432814)
(0 0 -0.432823)
(0 0 -0.48811)
(0 0 -0.391643)
(0 0 -0.456011)
(0 0 -0.419166)
(0 0 -0.419166)
(0 0 -0.456009)
(0 0 -0.391641)
(0 0 -0.488106)
(0 0 -0.432817)
(0 0 -0.549609)
(0 0 -0.596432)
(0 0 -0.434663)
(0 0 -0.500422)
(0 0 -0.456008)
(0 0 -0.45601)
(0 0 -0.50042)
(0 0 -0.434667)
(0 0 -0.596432)
(0 0 -0.549612)
(0.114579 0.210758 1.55327)
(0.00739224 0.241783 0.178822)
(0 0 -0.177549)
(0 0 -0.434669)
(0 0 -0.391641)
(0 0 -0.391642)
(0 0 -0.434664)
(0 0 -0.177543)
(0.00739121 -0.241779 0.178817)
(0.114589 -0.210771 1.55324)
(-0.686575 -0.342228 1.49666)
(0.217376 -0.217386 0.169592)
(-0.241776 -0.00738696 0.1788)
(0 0 -0.596431)
(0 0 -0.488104)
(0 0 -0.488109)
(0 0 -0.596432)
(-0.241778 0.00738859 0.178816)
(0.217383 0.217371 0.169546)
(-0.686576 0.342232 1.49664)
(0.749646 -0.749647 1.16261)
(0.342231 0.686584 1.49668)
(-0.210747 -0.11459 1.55322)
(0 0 -0.549619)
(0 0 -0.432815)
(0 0 -0.43282)
(0 0 -0.549607)
(-0.210773 0.114581 1.55326)
(0.342228 -0.686572 1.49663)
(0.749642 0.749642 1.1626)
)
;
    }
    walls
    {
        type            noSlip;
    }
    procBoundary1to0
    {
        type            processor;
        value           nonuniform List<vector> 
100
(
(-0.897895 -0.897894 0.648647)
(0.76281 -0.52457 0.815541)
(-0.116123 0.291303 0.879512)
(0.202479 0.144226 -0.405909)
(-0.175616 0.104247 -0.508334)
(0.175624 0.104258 -0.50833)
(-0.202484 0.144192 -0.405941)
(0.116122 0.291306 0.879465)
(-0.762815 -0.524568 0.815533)
(0.897894 -0.897895 0.648643)
(-0.524568 0.762809 0.815544)
(-0.470637 -0.470643 0.891309)
(-0.535961 0.133546 0.391392)
(0.0766598 -0.058736 -0.51259)
(-0.157121 -0.122988 -0.513036)
(0.157116 -0.122987 -0.513029)
(-0.0766527 -0.0587563 -0.512599)
(0.53594 0.133555 0.391352)
(0.470632 -0.470634 0.891309)
(0.524564 0.762813 0.815542)
(0.291299 -0.116127 0.879526)
(0.133553 -0.535967 0.391409)
(-0.310977 -0.31096 0.998584)
(0.39677 -0.088272 -0.076377)
(-0.00921333 -0.0493006 -0.417997)
(0.00920084 -0.0493071 -0.417986)
(-0.396766 -0.0882682 -0.0763576)
(0.31098 -0.310865 0.998606)
(-0.133543 -0.535963 0.391428)
(-0.291297 -0.116138 0.8795)
(0.14423 0.202478 -0.405907)
(-0.0587386 0.0766621 -0.512587)
(-0.0882746 0.396771 -0.0763678)
(0.126882 0.126877 -0.382757)
(-0.0340864 0.129352 -0.498206)
(0.0340716 0.129352 -0.498201)
(-0.126911 0.126884 -0.382746)
(0.0882768 0.396758 -0.0763202)
(0.0587609 0.0766664 -0.512583)
(-0.144225 0.202484 -0.405921)
(0.104245 -0.175616 -0.508333)
(-0.122989 -0.157122 -0.513037)
(-0.0492998 -0.00921135 -0.417997)
(0.129352 -0.0340898 -0.498207)
(-0.0572498 -0.0572521 -0.474887)
(0.0572422 -0.0572509 -0.474885)
(-0.129359 -0.0340838 -0.498204)
(0.049301 -0.00919006 -0.417988)
(0.122989 -0.157117 -0.513036)
(-0.104252 -0.175621 -0.508329)
(0.104261 0.175634 -0.508327)
(-0.122989 0.157115 -0.513028)
(-0.0493115 0.00920473 -0.417981)
(0.129353 0.0340665 -0.4982)
(-0.0572476 0.0572405 -0.474884)
(0.0572402 0.0572392 -0.474882)
(-0.129361 0.0340642 -0.498198)
(0.0493111 0.00918552 -0.417974)
(0.12299 0.157111 -0.513028)
(-0.104267 0.175634 -0.508325)
(0.14417 -0.20248 -0.405958)
(-0.0587664 -0.0766496 -0.512605)
(-0.0882681 -0.396764 -0.0763607)
(0.126882 -0.126926 -0.382741)
(-0.0340773 -0.129363 -0.498203)
(0.0340658 -0.129364 -0.498199)
(-0.126906 -0.126926 -0.382733)
(0.0882697 -0.396756 -0.0763194)
(0.0587807 -0.0766555 -0.5126)
(-0.144175 -0.202488 -0.40596)
(0.291315 0.116121 0.879444)
(0.133566 0.535927 0.391327)
(-0.310808 0.310997 0.998608)
(0.39675 0.088274 -0.0762927)
(-0.00917396 0.0492982 -0.417983)
(0.00916659 0.0493038 -0.417975)
(-0.39675 0.0882699 -0.0762849)
(0.310829 0.310914 0.998628)
(-0.133562 0.535929 0.39135)
(-0.291306 0.116128 0.879436)
(-0.524567 -0.762818 0.815528)
(-0.470633 0.47063 0.891308)
(-0.535963 -0.133529 0.391443)
(0.0766665 0.0587706 -0.512579)
(-0.157115 0.122988 -0.513031)
(0.157111 0.122988 -0.513026)
(-0.0766604 0.0587834 -0.512588)
(0.535946 -0.133542 0.3914)
(0.470628 0.470624 0.891303)
(0.524565 -0.762821 0.815528)
(-0.897896 0.897894 0.648641)
(0.762813 0.524563 0.815541)
(-0.116142 -0.29129 0.879492)
(0.202488 -0.144224 -0.405924)
(-0.175618 -0.104256 -0.508327)
(0.175624 -0.104266 -0.508324)
(-0.202494 -0.144196 -0.405947)
(0.116136 -0.29129 0.879456)
(-0.762818 0.524563 0.815534)
(0.897895 0.897895 0.648638)
)
;
    }
}


// ************************************************************************* //
