/*--------------------------------*- C++ -*----------------------------------*\
| =========                 |                                                 |
| \\      /  F ield         | OpenFOAM: The Open Source CFD Toolbox           |
|  \\    /   O peration     | Version:  2412                                  |
|   \\  /    A nd           | Website:  www.openfoam.com                      |
|    \\/     M anipulation  |                                                 |
\*---------------------------------------------------------------------------*/
FoamFile
{
    version     2.0;
    format      ascii;
    arch        "LSB;label=32;scalar=64";
    note        "nPoints:7481  nCells:6053  nFaces:19501  nInternalFaces:17853";
    class       labelList;
    location    "constant/polyMesh";
    object      neighbour;
}
// * * * * * * * * * * * * * * * * * * * * * * * * * * * * * * * * * * * * * //


17853
(
1
10
47
2
11
48
3
12
49
1954
1957
1958
4
13
50
1961
1964
1965
5
14
51
1968
1971
1972
6
15
52
1975
1978
1979
7
16
53
1982
1985
1986
8
17
54
1989
1992
1993
9
18
55
19
56
11
20
57
12
21
58
1955
1957
1959
1996
1999
2000
1954
1955
1957
1954
1961
1962
1964
1961
1968
1969
1971
1968
1975
1976
1978
1975
1982
1983
1985
1982
1989
1990
1992
19
28
65
1989
1991
1993
1995
2045
2048
2049
29
66
21
30
67
1997
1999
2001
1996
1997
1999
1484
1955
1996
2004
2005
2006
1488
1532
1962
2011
2012
2013
1492
1539
1969
2018
2019
2020
1496
1546
1976
2025
2026
2027
1500
1553
1983
2032
2033
2034
1560
1990
2039
2040
2041
1567
2045
2046
2048
3448
3449
3452
39
76
2045
2047
2049
2051
31
77
2053
2055
2057
1997
2052
2053
2055
1504
1533
2052
2060
2061
2062
1508
1540
1574
2067
2068
2069
1512
1547
1581
2074
2075
2076
1516
1554
1588
2081
2082
2083
1520
1561
1595
2088
2089
2090
1568
1602
2095
2096
2097
1609
2046
2101
2102
2104
3742
3743
3746
46
86
2101
2103
2105
2107
1524
1575
2108
2111
2112
2113
1526
1582
1616
2118
2119
2120
1528
1589
1619
2125
2126
2127
1530
1603
1624
2135
2136
2137
1610
1627
2142
2143
2144
1630
2102
2148
2150
3892
3893
3896
94
2148
2149
2151
2152
48
57
95
49
58
96
50
59
97
2153
2156
2157
51
60
98
2160
2163
2164
52
61
99
2167
2170
2171
53
62
100
2174
2177
2178
54
63
101
2181
2184
2185
55
64
102
2188
2191
2192
56
65
103
66
104
58
67
105
59
68
106
2154
2156
2158
2195
2198
2199
1957
2153
2154
2156
1964
2153
2160
2161
2163
1971
2160
2167
2168
2170
1978
2167
2174
2175
2177
1985
2174
2181
2182
2184
1992
2181
2188
2189
2191
66
75
113
2188
2190
2192
2194
2244
2247
2248
76
114
68
77
115
2196
2198
2200
1999
2195
2196
2198
1535
2154
2195
2203
2204
2205
1542
1633
2161
2210
2211
2212
1549
1640
2168
2217
2218
2219
1556
1647
2175
2224
2225
2226
1563
1654
2182
2231
2232
2233
1570
1661
2189
2238
2239
2240
1668
2048
2244
2245
2247
4158
4159
4162
86
124
2244
2246
2248
2250
78
125
2252
2254
2256
2055
2196
2251
2252
2254
1577
1634
2251
2259
2260
2261
1584
1641
1675
2266
2267
2268
1591
1648
1682
2273
2274
2275
1598
1655
1689
2280
2281
2282
1605
1662
1696
2287
2288
2289
1612
1669
1703
2294
2295
2296
1710
2104
2245
2300
2301
2303
4452
4453
4456
94
134
2300
2302
2304
2306
1617
1676
2307
2310
2311
2312
1620
1683
1717
2317
2318
2319
1622
1690
1720
2324
2325
2326
1625
1697
1723
2331
2332
2333
1628
1704
1726
2338
2339
2340
1631
1711
1729
2345
2346
2347
1732
2150
2301
2351
2353
4606
4607
4610
142
2351
2352
2354
2355
96
105
143
97
106
144
98
107
145
2356
2359
2360
99
108
146
2363
2366
2367
100
109
147
2370
2373
2374
101
110
148
2377
2380
2381
102
111
149
2384
2387
2388
103
112
150
2391
2394
2395
104
113
151
114
152
106
115
153
107
116
154
2357
2359
2361
2398
2401
2402
2156
2356
2357
2359
2163
2356
2363
2364
2366
2170
2363
2370
2371
2373
2177
2370
2377
2378
2380
2184
2377
2384
2385
2387
2191
2384
2391
2392
2394
114
123
161
2391
2393
2395
2397
2447
2450
2451
124
162
116
125
163
2399
2401
2403
2198
2398
2399
2401
1636
2357
2398
2406
2407
2408
1643
1735
2364
2413
2414
2415
1650
1742
2371
2420
2421
2422
1657
1749
2378
2427
2428
2429
1664
1756
2385
2434
2435
2436
1671
1763
2392
2441
2442
2443
1770
2247
2447
2448
2450
4872
4873
4876
134
172
2447
2449
2451
2453
126
173
2455
2457
2459
2254
2399
2454
2455
2457
1678
1736
2454
2462
2463
2464
1685
1743
1777
2469
2470
2471
1692
1750
1784
2476
2477
2478
1699
1757
1791
2483
2484
2485
1706
1764
1798
2490
2491
2492
1713
1771
1805
2497
2498
2499
1812
2303
2448
2503
2504
2506
5166
5167
5170
142
182
2503
2505
2507
2509
1718
1778
2510
2513
2514
2515
1721
1785
1819
2520
2521
2522
1724
1792
1822
2527
2528
2529
1727
1799
1825
2534
2535
2536
1730
1806
1828
2541
2542
2543
1733
1813
1831
2548
2549
2550
1834
2353
2504
2554
2556
5320
5321
5324
190
2554
2555
2557
2558
144
153
191
145
154
192
146
155
193
2559
2562
2563
147
156
194
2566
2569
2570
148
157
195
2573
2576
2577
149
158
196
2580
2583
2584
150
159
197
2587
2590
2591
151
160
198
2594
2597
2598
152
161
199
162
200
154
163
201
155
164
202
2560
2562
2564
2601
2604
2605
2359
2559
2560
2562
2366
2559
2566
2567
2569
2373
2566
2573
2574
2576
2380
2573
2580
2581
2583
2387
2580
2587
2588
2590
2394
2587
2594
2595
2597
162
171
209
2594
2596
2598
2600
2650
2653
2654
172
210
164
173
211
2602
2604
2606
2401
2601
2602
2604
1738
2560
2601
2609
2610
2611
1745
1837
2567
2616
2617
2618
1752
1844
2574
2623
2624
2625
1759
1851
2581
2630
2631
2632
1766
1858
2588
2637
2638
2639
1773
1865
2595
2644
2645
2646
1872
2450
2650
2651
2653
5586
5587
5590
182
220
2650
2652
2654
2656
174
221
2658
2660
2662
2457
2602
2657
2658
2660
1780
1838
2657
2665
2666
2667
1787
1845
1879
2672
2673
2674
1794
1852
1886
2679
2680
2681
1801
1859
1893
2686
2687
2688
1808
1866
1900
2693
2694
2695
1815
1873
1907
2700
2701
2702
1914
2506
2651
2706
2707
2709
5880
5881
5884
190
230
2706
2708
2710
2712
1820
1880
2713
2716
2717
2718
1823
1887
1921
2723
2724
2725
1826
1894
1924
2730
2731
2732
1829
1901
1927
2737
2738
2739
1832
1908
1930
2744
2745
2746
1835
1915
1933
2751
2752
2753
1936
2556
2707
2757
2759
6034
6035
6038
238
2757
2758
2760
2761
192
201
239
193
202
240
194
203
241
195
204
242
196
205
243
197
206
244
198
207
245
199
208
246
200
209
247
210
248
202
211
249
203
212
250
204
213
251
2562
2563
2564
2565
2762
2765
2766
205
214
252
2569
2570
2571
2572
2769
2772
2773
206
215
253
2576
2577
2578
2579
2776
2779
2780
207
216
254
2583
2584
2585
2586
2783
2786
2787
208
217
255
2590
2591
2592
2593
2790
2793
2794
209
218
256
2597
2598
2599
2600
2797
2800
2801
210
219
257
220
258
212
221
259
213
222
260
2604
2605
2606
2607
2763
2765
2767
1840
2762
2763
2765
5362
5363
5366
1847
2762
2769
2770
2772
5411
5412
5415
1854
2769
2776
2777
2779
5460
5461
5464
1861
2776
2783
2784
2786
5509
5510
5513
1868
2783
2790
2791
2793
5558
5559
5562
1875
2790
2797
2798
2800
5607
5608
5611
220
229
267
2653
2654
2655
2656
2797
2799
2801
2803
230
268
222
269
223
270
2660
2661
2662
2663
2805
2807
2809
1882
2763
2804
2805
2807
5656
5657
5660
1889
2770
2804
2811
2812
2814
5705
5706
5709
1896
2777
2811
2818
2819
2821
5754
5755
5758
1903
2784
2818
2825
2826
2828
5803
5804
5807
1910
2791
2825
2832
2833
2835
5852
5853
5856
1917
2798
2832
2839
2840
2842
5901
5902
5905
230
237
277
2709
2710
2711
2712
2839
2841
2843
2845
238
278
1922
2805
2846
5936
5937
5940
1925
2812
2846
2847
5957
5958
5961
1928
2819
2847
2848
5978
5979
5982
1931
2826
2848
2850
2851
5999
6000
6003
1934
2833
2850
2853
2854
6020
6021
6024
1937
2840
2853
2856
2857
6041
6042
6045
238
282
2759
2760
2761
2856
2858
283
240
249
284
241
250
285
242
251
286
243
252
287
244
253
288
245
254
289
246
255
290
247
256
291
248
257
292
258
293
250
259
294
251
260
295
252
261
296
253
262
297
254
263
298
255
264
299
256
265
300
257
266
301
258
267
302
268
303
260
269
304
261
270
305
262
271
306
2765
2766
2767
2768
263
272
307
2772
2773
2774
2775
264
273
308
2779
2780
2781
2782
265
274
309
2786
2787
2788
2789
266
275
310
2793
2794
2795
2796
267
276
311
2800
2801
2802
2803
268
277
312
278
313
270
314
271
315
272
316
2807
2808
2809
2810
273
317
2814
2815
2816
2817
274
318
2821
2822
2823
2824
275
279
319
2828
2829
2830
2831
276
280
320
2835
2836
2837
2838
277
281
321
2842
2843
2844
2845
278
282
322
283
323
280
329
2851
2852
281
330
2854
2855
282
331
2857
2858
283
332
333
285
294
384
286
295
385
287
296
386
288
297
387
289
298
388
290
299
389
291
300
390
292
301
391
293
302
392
303
393
295
304
394
296
305
395
297
306
396
298
307
397
299
308
398
300
309
399
301
310
400
302
311
401
303
312
402
313
403
305
314
404
306
315
405
307
316
406
308
317
407
309
318
408
310
319
409
311
320
410
312
321
411
313
322
412
323
413
315
324
414
316
325
415
317
326
416
318
327
417
319
328
418
320
329
419
321
330
420
322
331
421
323
332
422
333
423
325
334
424
326
335
425
327
336
426
328
337
427
329
338
428
330
339
429
331
340
430
332
341
431
333
342
432
343
433
335
344
434
336
345
435
337
346
436
338
347
437
339
348
438
340
349
439
341
350
440
342
351
441
343
352
442
353
443
345
354
444
346
355
445
347
356
446
348
357
447
349
358
448
350
359
449
351
360
450
352
361
451
353
362
452
363
453
355
364
454
356
365
455
357
366
456
358
367
457
359
368
458
360
369
459
361
370
460
362
371
461
363
372
462
373
463
365
374
464
366
375
465
367
376
466
368
377
467
369
378
468
370
379
469
371
380
470
372
381
471
373
382
472
383
473
375
474
376
475
377
476
378
477
379
478
380
479
381
480
382
481
383
482
483
385
394
484
386
395
485
387
396
486
388
397
487
389
398
488
390
399
489
391
400
490
392
401
491
393
402
492
403
493
395
404
494
396
405
495
397
406
496
398
407
497
399
408
498
400
409
499
401
410
500
402
411
501
403
412
502
413
503
405
414
504
406
415
505
407
416
506
408
417
507
409
418
508
410
419
509
411
420
510
412
421
511
413
422
512
423
513
415
424
514
416
425
515
417
426
516
418
427
517
419
428
518
420
429
519
421
430
520
422
431
521
423
432
522
433
523
425
434
524
426
435
525
427
436
526
428
437
527
429
438
528
430
439
529
431
440
530
432
441
531
433
442
532
443
533
435
444
534
436
445
535
437
446
536
438
447
537
439
448
538
440
449
539
441
450
540
442
451
541
443
452
542
453
543
445
454
544
446
455
545
447
456
546
448
457
547
449
458
548
450
459
549
451
460
550
452
461
551
453
462
552
463
553
455
464
554
456
465
555
457
466
556
458
467
557
459
468
558
460
469
559
461
470
560
462
471
561
463
472
562
473
563
465
474
564
466
475
565
467
476
566
468
477
567
469
478
568
470
479
569
471
480
570
472
481
571
473
482
572
483
573
475
574
476
575
477
576
478
577
479
578
480
579
481
580
482
581
483
582
583
485
494
584
486
495
585
487
496
586
488
497
587
489
498
588
490
499
589
491
500
590
492
501
591
493
502
592
503
593
495
504
594
496
505
595
497
506
596
498
507
597
499
508
598
500
509
599
501
510
600
502
511
601
503
512
602
513
603
505
514
604
506
515
605
507
516
606
508
517
607
509
518
608
510
519
609
511
520
610
512
521
611
513
522
612
523
613
515
524
614
516
525
615
517
526
616
518
527
617
519
528
618
520
529
619
521
530
620
522
531
621
523
532
622
533
623
525
534
624
526
535
625
527
536
626
528
537
627
529
538
628
530
539
629
531
540
630
532
541
631
533
542
632
543
633
535
544
634
536
545
635
537
546
636
538
547
637
539
548
638
540
549
639
541
550
640
542
551
641
543
552
642
553
643
545
554
644
546
555
645
547
556
646
548
557
647
549
558
648
550
559
649
551
560
650
552
561
651
553
562
652
563
653
555
564
654
556
565
655
557
566
656
558
567
657
559
568
658
560
569
659
561
570
660
562
571
661
563
572
662
573
663
565
574
664
566
575
665
567
576
666
568
577
667
569
578
668
570
579
669
571
580
670
572
581
671
573
582
672
583
673
575
674
576
675
577
676
578
677
579
678
580
679
581
680
582
681
583
682
683
585
594
684
586
595
685
587
596
686
588
597
687
589
598
688
590
599
689
591
600
690
592
601
691
593
602
692
603
693
595
604
694
596
605
695
597
606
696
598
607
697
599
608
698
600
609
699
601
610
700
602
611
701
603
612
702
613
703
605
614
704
606
615
705
607
616
706
608
617
707
609
618
708
610
619
709
611
620
710
612
621
711
613
622
712
623
713
615
624
714
616
625
715
617
626
716
618
627
717
619
628
718
620
629
719
621
630
720
622
631
721
623
632
722
633
723
625
634
724
626
635
725
627
636
726
628
637
727
629
638
728
630
639
729
631
640
730
632
641
731
633
642
732
643
733
635
644
734
636
645
735
637
646
736
638
647
737
639
648
738
640
649
739
641
650
740
642
651
741
643
652
742
653
743
645
654
744
646
655
745
647
656
746
648
657
747
649
658
748
650
659
749
651
660
750
652
661
751
653
662
752
663
753
655
664
754
656
665
755
657
666
756
658
667
757
659
668
758
660
669
759
661
670
760
662
671
761
663
672
762
673
763
665
674
764
666
675
765
667
676
766
668
677
767
669
678
768
670
679
769
671
680
770
672
681
771
673
682
772
683
773
675
774
676
775
677
776
678
777
679
778
680
779
681
780
682
781
683
782
783
685
694
784
686
695
785
687
696
786
688
697
787
689
698
788
690
699
789
691
700
790
692
701
791
693
702
792
703
793
695
704
794
696
705
795
697
706
796
698
707
797
699
708
798
700
709
799
701
710
800
702
711
801
703
712
802
713
803
705
714
804
706
715
805
707
716
806
708
717
807
709
718
808
710
719
809
711
720
810
712
721
811
713
722
812
723
813
715
724
814
716
725
815
717
726
816
718
727
817
719
728
818
720
729
819
721
730
820
722
731
821
723
732
822
733
823
725
734
824
726
735
825
727
736
826
728
737
827
729
738
828
730
739
829
731
740
830
732
741
831
733
742
832
743
833
735
744
834
736
745
835
737
746
836
738
747
837
739
748
838
740
749
839
741
750
840
742
751
841
743
752
842
753
843
745
754
844
746
755
845
747
756
846
748
757
847
749
758
848
750
759
849
751
760
850
752
761
851
753
762
852
763
853
755
764
854
756
765
855
757
766
856
758
767
857
759
768
858
760
769
859
761
770
860
762
771
861
763
772
862
773
863
765
774
864
766
775
865
767
776
866
768
777
867
769
778
868
770
779
869
771
780
870
772
781
871
773
782
872
783
873
775
874
776
875
777
876
778
877
779
878
780
879
781
880
782
881
783
882
883
785
794
884
786
795
885
787
796
886
788
797
887
789
798
888
790
799
889
791
800
890
792
801
891
793
802
892
803
893
795
804
894
796
805
895
797
806
896
798
807
897
799
808
898
800
809
899
801
810
900
802
811
901
803
812
902
813
903
805
814
904
806
815
905
807
816
906
808
817
907
809
818
908
810
819
909
811
820
910
812
821
911
813
822
912
823
913
815
824
914
816
825
915
817
826
916
818
827
917
819
828
918
820
829
919
821
830
920
822
831
921
823
832
922
833
923
825
834
924
826
835
925
827
836
926
828
837
927
829
838
928
830
839
929
831
840
930
832
841
931
833
842
932
843
933
835
844
934
836
845
935
837
846
936
838
847
937
839
848
938
840
849
939
841
850
940
842
851
941
843
852
942
853
943
845
854
944
846
855
945
847
856
946
848
857
947
849
858
948
850
859
949
851
860
950
852
861
951
853
862
952
863
953
855
864
954
856
865
955
857
866
956
858
867
957
859
868
958
860
869
959
861
870
960
862
871
961
863
872
962
873
963
865
874
964
866
875
965
867
876
966
868
877
967
869
878
968
870
879
969
871
880
970
872
881
971
873
882
972
883
973
875
974
876
975
877
976
878
977
879
978
880
979
881
980
882
981
883
982
983
885
894
984
886
895
985
887
896
986
888
897
987
889
898
988
890
899
989
891
900
990
892
901
991
893
902
992
903
993
895
904
994
896
905
995
897
906
996
898
907
997
899
908
998
900
909
999
901
910
1000
902
911
1001
903
912
1002
913
1003
905
914
1004
906
915
1005
907
916
1006
908
917
1007
909
918
1008
910
919
1009
911
920
1010
912
921
1011
913
922
1012
923
1013
915
924
1014
916
925
1015
917
926
1016
918
927
1017
919
928
1018
920
929
1019
921
930
1020
922
931
1021
923
932
1022
933
1023
925
934
1024
926
935
1025
927
936
1026
928
937
1027
929
938
1028
930
939
1029
931
940
1030
932
941
1031
933
942
1032
943
1033
935
944
1034
936
945
1035
937
946
1036
938
947
1037
939
948
1038
940
949
1039
941
950
1040
942
951
1041
943
952
1042
953
1043
945
954
1044
946
955
1045
947
956
1046
948
957
1047
949
958
1048
950
959
1049
951
960
1050
952
961
1051
953
962
1052
963
1053
955
964
1054
956
965
1055
957
966
1056
958
967
1057
959
968
1058
960
969
1059
961
970
1060
962
971
1061
963
972
1062
973
1063
965
974
1064
966
975
1065
967
976
1066
968
977
1067
969
978
1068
970
979
1069
971
980
1070
972
981
1071
973
982
1072
983
1073
975
1074
976
1075
977
1076
978
1077
979
1078
980
1079
981
1080
982
1081
983
1082
1083
985
994
1084
986
995
1085
987
996
1086
988
997
1087
989
998
1088
990
999
1089
991
1000
1090
992
1001
1091
993
1002
1092
1003
1093
995
1004
1094
996
1005
1095
997
1006
1096
998
1007
1097
999
1008
1098
1000
1009
1099
1001
1010
1100
1002
1011
1101
1003
1012
1102
1013
1103
1005
1014
1104
1006
1015
1105
1007
1016
1106
1008
1017
1107
1009
1018
1108
1010
1019
1109
1011
1020
1110
1012
1021
1111
1013
1022
1112
1023
1113
1015
1024
1114
1016
1025
1115
1017
1026
1116
1018
1027
1117
1019
1028
1118
1020
1029
1119
1021
1030
1120
1022
1031
1121
1023
1032
1122
1033
1123
1025
1034
1124
1026
1035
1125
1027
1036
1126
1028
1037
1127
1029
1038
1128
1030
1039
1129
1031
1040
1130
1032
1041
1131
1033
1042
1132
1043
1133
1035
1044
1134
1036
1045
1135
1037
1046
1136
1038
1047
1137
1039
1048
1138
1040
1049
1139
1041
1050
1140
1042
1051
1141
1043
1052
1142
1053
1143
1045
1054
1144
1046
1055
1145
1047
1056
1146
1048
1057
1147
1049
1058
1148
1050
1059
1149
1051
1060
1150
1052
1061
1151
1053
1062
1152
1063
1153
1055
1064
1154
1056
1065
1155
1057
1066
1156
1058
1067
1157
1059
1068
1158
1060
1069
1159
1061
1070
1160
1062
1071
1161
1063
1072
1162
1073
1163
1065
1074
1164
1066
1075
1165
1067
1076
1166
1068
1077
1167
1069
1078
1168
1070
1079
1169
1071
1080
1170
1072
1081
1171
1073
1082
1172
1083
1173
1075
1174
1076
1175
1077
1176
1078
1177
1079
1178
1080
1179
1081
1180
1082
1181
1083
1182
1183
1085
1094
1184
1086
1095
1185
1087
1096
1186
1088
1097
1187
1089
1098
1188
1090
1099
1189
1091
1100
1190
1092
1101
1191
1093
1102
1192
1103
1193
1095
1104
1194
1096
1105
1195
1097
1106
1196
1098
1107
1197
1099
1108
1198
1100
1109
1199
1101
1110
1200
1102
1111
1201
1103
1112
1202
1113
1203
1105
1114
1204
1106
1115
1205
1107
1116
1206
1108
1117
1207
1109
1118
1208
1110
1119
1209
1111
1120
1210
1112
1121
1211
1113
1122
1212
1123
1213
1115
1124
1214
1116
1125
1215
1117
1126
1216
1118
1127
1217
1119
1128
1218
1120
1129
1219
1121
1130
1220
1122
1131
1221
1123
1132
1222
1133
1223
1125
1134
1224
1126
1135
1225
1127
1136
1226
1128
1137
1227
1129
1138
1228
1130
1139
1229
1131
1140
1230
1132
1141
1231
1133
1142
1232
1143
1233
1135
1144
1234
1136
1145
1235
1137
1146
1236
1138
1147
1237
1139
1148
1238
1140
1149
1239
1141
1150
1240
1142
1151
1241
1143
1152
1242
1153
1243
1145
1154
1244
1146
1155
1245
1147
1156
1246
1148
1157
1247
1149
1158
1248
1150
1159
1249
1151
1160
1250
1152
1161
1251
1153
1162
1252
1163
1253
1155
1164
1254
1156
1165
1255
1157
1166
1256
1158
1167
1257
1159
1168
1258
1160
1169
1259
1161
1170
1260
1162
1171
1261
1163
1172
1262
1173
1263
1165
1174
1264
1166
1175
1265
1167
1176
1266
1168
1177
1267
1169
1178
1268
1170
1179
1269
1171
1180
1270
1172
1181
1271
1173
1182
1272
1183
1273
1175
1274
1176
1275
1177
1276
1178
1277
1179
1278
1180
1279
1181
1280
1182
1281
1183
1282
1283
1185
1194
1284
1186
1195
1285
1187
1196
1286
1188
1197
1287
1189
1198
1288
1190
1199
1289
1191
1200
1290
1192
1201
1291
1193
1202
1292
1203
1293
1195
1204
1294
1196
1205
1295
1197
1206
1296
1198
1207
1297
1199
1208
1298
1200
1209
1299
1201
1210
1300
1202
1211
1301
1203
1212
1302
1213
1303
1205
1214
1304
1206
1215
1305
1207
1216
1306
1208
1217
1307
1209
1218
1308
1210
1219
1309
1211
1220
1310
1212
1221
1311
1213
1222
1312
1223
1313
1215
1224
1314
1216
1225
1315
1217
1226
1316
1218
1227
1317
1219
1228
1318
1220
1229
1319
1221
1230
1320
1222
1231
1321
1223
1232
1322
1233
1323
1225
1234
1324
1226
1235
1325
1227
1236
1326
1228
1237
1327
1229
1238
1328
1230
1239
1329
1231
1240
1330
1232
1241
1331
1233
1242
1332
1243
1333
1235
1244
1334
1236
1245
1335
1237
1246
1336
1238
1247
1337
1239
1248
1338
1240
1249
1339
1241
1250
1340
1242
1251
1341
1243
1252
1342
1253
1343
1245
1254
1344
1246
1255
1345
1247
1256
1346
1248
1257
1347
1249
1258
1348
1250
1259
1349
1251
1260
1350
1252
1261
1351
1253
1262
1352
1263
1353
1255
1264
1354
1256
1265
1355
1257
1266
1356
1258
1267
1357
1259
1268
1358
1260
1269
1359
1261
1270
1360
1262
1271
1361
1263
1272
1362
1273
1363
1265
1274
1364
1266
1275
1365
1267
1276
1366
1268
1277
1367
1269
1278
1368
1270
1279
1369
1271
1280
1370
1272
1281
1371
1273
1282
1372
1283
1373
1275
1374
1276
1375
1277
1376
1278
1377
1279
1378
1280
1379
1281
1380
1282
1381
1283
1382
1383
1285
1294
1384
1286
1295
1385
1287
1296
1386
1288
1297
1387
1289
1298
1388
1290
1299
1389
1291
1300
1390
1292
1301
1391
1293
1302
1392
1303
1393
1295
1304
1394
1296
1305
1395
1297
1306
1396
1298
1307
1397
1299
1308
1398
1300
1309
1399
1301
1310
1400
1302
1311
1401
1303
1312
1402
1313
1403
1305
1314
1404
1306
1315
1405
1307
1316
1406
1308
1317
1407
1309
1318
1408
1310
1319
1409
1311
1320
1410
1312
1321
1411
1313
1322
1412
1323
1413
1315
1324
1414
1316
1325
1415
1317
1326
1416
1318
1327
1417
1319
1328
1418
1320
1329
1419
1321
1330
1420
1322
1331
1421
1323
1332
1422
1333
1423
1325
1334
1424
1326
1335
1425
1327
1336
1426
1328
1337
1427
1329
1338
1428
1330
1339
1429
1331
1340
1430
1332
1341
1431
1333
1342
1432
1343
1433
1335
1344
1434
1336
1345
1435
1337
1346
1436
1338
1347
1437
1339
1348
1438
1340
1349
1439
1341
1350
1440
1342
1351
1441
1343
1352
1442
1353
1443
1345
1354
1444
1346
1355
1445
1347
1356
1446
1348
1357
1447
1349
1358
1448
1350
1359
1449
1351
1360
1450
1352
1361
1451
1353
1362
1452
1363
1453
1355
1364
1454
1356
1365
1455
1357
1366
1456
1358
1367
1457
1359
1368
1458
1360
1369
1459
1361
1370
1460
1362
1371
1461
1363
1372
1462
1373
1463
1365
1374
1464
1366
1375
1465
1367
1376
1466
1368
1377
1467
1369
1378
1468
1370
1379
1469
1371
1380
1470
1372
1381
1471
1373
1382
1472
1383
1473
1375
1474
1376
1475
1377
1476
1378
1477
1379
1478
1380
1479
1381
1480
1382
1481
1383
1482
1483
1385
1394
1386
1395
1387
1396
1388
1397
1389
1398
1390
1399
1391
1400
1392
1401
1393
1402
1403
1395
1404
1396
1405
1397
1406
1398
1407
1399
1408
1400
1409
1401
1410
1402
1411
1403
1412
1413
1405
1414
1406
1415
1407
1416
1408
1417
1409
1418
1410
1419
1411
1420
1412
1421
1413
1422
1423
1415
1424
1416
1425
1417
1426
1418
1427
1419
1428
1420
1429
1421
1430
1422
1431
1423
1432
1433
1425
1434
1426
1435
1427
1436
1428
1437
1429
1438
1430
1439
1431
1440
1432
1441
1433
1442
1443
1435
1444
1436
1445
1437
1446
1438
1447
1439
1448
1440
1449
1441
1450
1442
1451
1443
1452
1453
1445
1454
1446
1455
1447
1456
1448
1457
1449
1458
1450
1459
1451
1460
1452
1461
1453
1462
1463
1455
1464
1456
1465
1457
1466
1458
1467
1459
1468
1460
1469
1461
1470
1462
1471
1463
1472
1473
1465
1474
1466
1475
1467
1476
1468
1477
1469
1478
1470
1479
1471
1480
1472
1481
1473
1482
1483
1475
1476
1477
1478
1479
1480
1481
1482
1483
1939
1949
2860
2861
2862
1488
1532
1940
2867
2868
2869
1504
1533
1950
2874
2875
2876
1490
1505
1534
2881
2882
2883
1941
2888
2889
2890
1492
1539
1942
2895
2896
2897
1508
1540
2902
2903
2904
1494
1509
1541
2909
2910
2911
1943
2916
2917
2918
1496
1546
1944
2923
2924
2925
1512
1547
2930
2931
2932
1498
1513
1548
2937
2938
2939
1945
2944
2945
2946
1500
1553
1946
2951
2952
2953
1516
1554
2958
2959
2960
1502
1517
1555
2965
2966
2967
1947
2972
2973
2974
1560
1948
2979
2980
2981
1520
1561
2986
2987
2988
1521
1562
2993
2994
2995
1951
3000
3001
3002
1508
1574
3007
3008
3009
1524
1575
1952
3014
3015
3016
1510
1525
1576
3021
3022
3023
3028
3029
3030
1512
1581
3035
3036
3037
1526
1582
3042
3043
3044
1514
1527
1583
3049
3050
3051
3056
3057
3058
1516
1588
3063
3064
3065
1528
1589
3070
3071
3072
1518
1590
3077
3078
3079
3084
3085
3086
1520
1595
3091
3092
3093
1596
3098
3099
3100
1522
1529
1597
3105
3106
3107
3112
3113
3114
1602
3119
3120
3121
1530
1603
3126
3127
3128
1531
1604
3133
3134
3135
1953
3140
3141
3142
1526
1616
3147
3148
3149
3154
3155
3156
1528
1619
3161
3162
3163
3168
3169
3170
1530
1624
3182
3183
3184
3188
3189
3190
1627
3195
3196
3197
1956
3202
3203
3204
1998
3209
3210
3211
1540
1574
3216
3217
3218
1959
2000
3223
3224
3225
1542
1633
1960
3230
3231
3232
1577
1634
2002
3237
3238
3239
1544
1578
1635
3244
3245
3246
1963
3251
3252
3253
3258
3259
3260
1547
1581
3265
3266
3267
1966
3272
3273
3274
1549
1640
1967
3279
3280
3281
1584
1641
3286
3287
3288
1551
1585
1642
3293
3294
3295
1970
3300
3301
3302
3307
3308
3309
1554
1588
3314
3315
3316
1973
3321
3322
3323
1556
1647
1974
3328
3329
3330
1591
1648
3335
3336
3337
1558
1592
1649
3342
3343
3344
1977
3349
3350
3351
3356
3357
3358
1561
1595
3363
3364
3365
1980
3370
3371
3372
1563
1654
1981
3377
3378
3379
1598
1655
3384
3385
3386
1565
1599
1656
3391
3392
3393
1984
3398
3399
3400
3405
3406
3407
1568
1602
3412
3413
3414
1987
3419
3420
3421
1570
1661
1988
3426
3427
3428
1605
1662
3433
3434
3435
1572
1606
1663
3440
3441
3442
1991
3447
3448
3449
3454
3455
3456
1609
2046
3461
3462
3463
1994
3468
3469
3470
1668
1995
2048
3475
3476
3477
1612
1669
3482
3483
3484
1613
1670
2050
3489
3490
3491
3496
3497
3498
2054
3503
3504
3505
1582
1616
3510
3511
3512
2056
3517
3518
3519
1584
1675
3524
3525
3526
1617
1676
2058
3531
3532
3533
1586
1618
1677
3538
3539
3540
3545
3546
3547
3552
3553
3554
1589
1619
3559
3560
3561
3566
3567
3568
1591
1682
3573
3574
3575
1620
1683
3580
3581
3582
1593
1621
1684
3587
3588
3589
3594
3595
3596
3601
3602
3603
1596
3608
3609
3610
3615
3616
3617
1598
1689
3622
3623
3624
1622
1690
3629
3630
3631
1600
1623
1691
3636
3637
3638
3643
3644
3645
3650
3651
3652
1603
1624
3657
3658
3659
3664
3665
3666
1605
1696
3671
3672
3673
1625
1697
3678
3679
3680
1607
1626
1698
3685
3686
3687
3692
3693
3694
3699
3700
3701
1610
1627
3706
3707
3708
3713
3714
3715
1612
1703
3720
3721
3722
1628
1704
3727
3728
3729
1614
1629
1705
3734
3735
3736
3741
3742
3743
3748
3749
3750
1630
2102
3755
3756
3757
3762
3763
3764
1710
2104
3769
3770
3771
1631
1711
3776
3777
3778
1632
1712
2106
3783
3784
3785
3790
3791
3792
2109
3797
3798
3799
1620
1717
3804
3805
3806
3811
3812
3813
3818
3819
3820
1622
1720
3825
3826
3827
3836
3837
3838
1625
1723
3843
3844
3845
3850
3851
3852
3856
3857
3858
1628
1726
3863
3864
3865
3870
3871
3872
3877
3878
3879
1631
1729
3884
3885
3886
3891
3892
3893
3898
3899
3900
1732
2150
3905
3906
3907
2155
3912
3913
3914
2197
3919
3920
3921
1641
1675
3926
3927
3928
2158
2199
3933
3934
3935
1643
1735
2159
3940
3941
3942
1678
1736
2201
3947
3948
3949
1645
1679
1737
3954
3955
3956
2162
3961
3962
3963
3968
3969
3970
1648
1682
3975
3976
3977
2165
3982
3983
3984
1650
1742
2166
3989
3990
3991
1685
1743
3996
3997
3998
1652
1686
1744
4003
4004
4005
2169
4010
4011
4012
4017
4018
4019
1655
1689
4024
4025
4026
2172
4031
4032
4033
1657
1749
2173
4038
4039
4040
1692
1750
4045
4046
4047
1659
1693
1751
4052
4053
4054
2176
4059
4060
4061
4066
4067
4068
1662
1696
4073
4074
4075
2179
4080
4081
4082
1664
1756
2180
4087
4088
4089
1699
1757
4094
4095
4096
1666
1700
1758
4101
4102
4103
2183
4108
4109
4110
4115
4116
4117
1669
1703
4122
4123
4124
2186
4129
4130
4131
1671
1763
2187
4136
4137
4138
1706
1764
4143
4144
4145
1673
1707
1765
4150
4151
4152
2190
4157
4158
4159
4164
4165
4166
1710
2245
4171
4172
4173
2193
4178
4179
4180
1770
2194
2247
4185
4186
4187
1713
1771
4192
4193
4194
1714
1772
2249
4199
4200
4201
4206
4207
4208
2253
4213
4214
4215
1683
1717
4220
4221
4222
2255
4227
4228
4229
1685
1777
4234
4235
4236
1718
1778
2257
4241
4242
4243
1687
1719
1779
4248
4249
4250
4255
4256
4257
4262
4263
4264
1690
1720
4269
4270
4271
4276
4277
4278
1692
1784
4283
4284
4285
1721
1785
4290
4291
4292
1694
1722
1786
4297
4298
4299
4304
4305
4306
4311
4312
4313
1697
1723
4318
4319
4320
4325
4326
4327
1699
1791
4332
4333
4334
1724
1792
4339
4340
4341
1701
1725
1793
4346
4347
4348
4353
4354
4355
4360
4361
4362
1704
1726
4367
4368
4369
4374
4375
4376
1706
1798
4381
4382
4383
1727
1799
4388
4389
4390
1708
1728
1800
4395
4396
4397
4402
4403
4404
4409
4410
4411
1711
1729
4416
4417
4418
4423
4424
4425
1713
1805
4430
4431
4432
1730
1806
4437
4438
4439
1715
1731
1807
4444
4445
4446
4451
4452
4453
4458
4459
4460
1732
2301
4465
4466
4467
4472
4473
4474
1812
2303
4479
4480
4481
1733
1813
4486
4487
4488
1734
1814
2305
4493
4494
4495
4500
4501
4502
2308
4507
4508
4509
1721
1819
4514
4515
4516
4521
4522
4523
4528
4529
4530
1724
1822
4535
4536
4537
4542
4543
4544
4549
4550
4551
1727
1825
4556
4557
4558
4563
4564
4565
4570
4571
4572
1730
1828
4577
4578
4579
4584
4585
4586
4591
4592
4593
1733
1831
4598
4599
4600
4605
4606
4607
4612
4613
4614
1834
2353
4619
4620
4621
2358
4626
4627
4628
2400
4633
4634
4635
1743
1777
4640
4641
4642
2361
2402
4647
4648
4649
1745
1837
2362
4654
4655
4656
1780
1838
2404
4661
4662
4663
1747
1781
1839
4668
4669
4670
2365
4675
4676
4677
4682
4683
4684
1750
1784
4689
4690
4691
2368
4696
4697
4698
1752
1844
2369
4703
4704
4705
1787
1845
4710
4711
4712
1754
1788
1846
4717
4718
4719
2372
4724
4725
4726
4731
4732
4733
1757
1791
4738
4739
4740
2375
4745
4746
4747
1759
1851
2376
4752
4753
4754
1794
1852
4759
4760
4761
1761
1795
1853
4766
4767
4768
2379
4773
4774
4775
4780
4781
4782
1764
1798
4787
4788
4789
2382
4794
4795
4796
1766
1858
2383
4801
4802
4803
1801
1859
4808
4809
4810
1768
1802
1860
4815
4816
4817
2386
4822
4823
4824
4829
4830
4831
1771
1805
4836
4837
4838
2389
4843
4844
4845
1773
1865
2390
4850
4851
4852
1808
1866
4857
4858
4859
1775
1809
1867
4864
4865
4866
2393
4871
4872
4873
4878
4879
4880
1812
2448
4885
4886
4887
2396
4892
4893
4894
1872
2397
2450
4899
4900
4901
1815
1873
4906
4907
4908
1816
1874
2452
4913
4914
4915
4920
4921
4922
2456
4927
4928
4929
1785
1819
4934
4935
4936
2458
4941
4942
4943
1787
1879
4948
4949
4950
1820
1880
2460
4955
4956
4957
1789
1821
1881
4962
4963
4964
4969
4970
4971
4976
4977
4978
1792
1822
4983
4984
4985
4990
4991
4992
1794
1886
4997
4998
4999
1823
1887
5004
5005
5006
1796
1824
1888
5011
5012
5013
5018
5019
5020
5025
5026
5027
1799
1825
5032
5033
5034
5039
5040
5041
1801
1893
5046
5047
5048
1826
1894
5053
5054
5055
1803
1827
1895
5060
5061
5062
5067
5068
5069
5074
5075
5076
1806
1828
5081
5082
5083
5088
5089
5090
1808
1900
5095
5096
5097
1829
1901
5102
5103
5104
1810
1830
1902
5109
5110
5111
5116
5117
5118
5123
5124
5125
1813
1831
5130
5131
5132
5137
5138
5139
1815
1907
5144
5145
5146
1832
1908
5151
5152
5153
1817
1833
1909
5158
5159
5160
5165
5166
5167
5172
5173
5174
1834
2504
5179
5180
5181
5186
5187
5188
1914
2506
5193
5194
5195
1835
1915
5200
5201
5202
1836
1916
2508
5207
5208
5209
5214
5215
5216
2511
5221
5222
5223
1823
1921
5228
5229
5230
5235
5236
5237
5242
5243
5244
1826
1924
5249
5250
5251
5256
5257
5258
5263
5264
5265
1829
1927
5270
5271
5272
5277
5278
5279
5284
5285
5286
1832
1930
5291
5292
5293
5298
5299
5300
5305
5306
5307
1835
1933
5312
5313
5314
5319
5320
5321
5326
5327
5328
1936
2556
5333
5334
5335
2561
5340
5341
5342
2603
5347
5348
5349
1845
1879
5354
5355
5356
2564
2605
5361
5362
5363
1847
2565
2762
5368
5369
5370
1882
2607
2763
5375
5376
5377
1849
1883
2764
5382
5383
5384
2568
5389
5390
5391
5396
5397
5398
1852
1886
5403
5404
5405
2571
5410
5411
5412
1854
2572
2769
5417
5418
5419
1889
2770
5424
5425
5426
1856
1890
2771
5431
5432
5433
2575
5438
5439
5440
5445
5446
5447
1859
1893
5452
5453
5454
2578
5459
5460
5461
1861
2579
2776
5466
5467
5468
1896
2777
5473
5474
5475
1863
1897
2778
5480
5481
5482
2582
5487
5488
5489
5494
5495
5496
1866
1900
5501
5502
5503
2585
5508
5509
5510
1868
2586
2783
5515
5516
5517
1903
2784
5522
5523
5524
1870
1904
2785
5529
5530
5531
2589
5536
5537
5538
5543
5544
5545
1873
1907
5550
5551
5552
2592
5557
5558
5559
1875
2593
2790
5564
5565
5566
1910
2791
5571
5572
5573
1877
1911
2792
5578
5579
5580
2596
5585
5586
5587
5592
5593
5594
1914
2651
5599
5600
5601
2599
5606
5607
5608
2600
2653
2797
5613
5614
5615
1917
2798
5620
5621
5622
1918
2655
2799
5627
5628
5629
5634
5635
5636
2659
5641
5642
5643
1887
1921
5648
5649
5650
2661
5655
5656
5657
1889
2804
5662
5663
5664
1922
2663
2805
5669
5670
5671
1891
1923
2806
5676
5677
5678
5683
5684
5685
5690
5691
5692
1894
1924
5697
5698
5699
5704
5705
5706
1896
2811
5711
5712
5713
1925
2812
5718
5719
5720
1898
1926
2813
5725
5726
5727
5732
5733
5734
5739
5740
5741
1901
1927
5746
5747
5748
5753
5754
5755
1903
2818
5760
5761
5762
1928
2819
5767
5768
5769
1905
1929
2820
5774
5775
5776
5781
5782
5783
5788
5789
5790
1908
1930
5795
5796
5797
5802
5803
5804
1910
2825
5809
5810
5811
1931
2826
5816
5817
5818
1912
1932
2827
5823
5824
5825
5830
5831
5832
5837
5838
5839
1915
1933
5844
5845
5846
5851
5852
5853
1917
2832
5858
5859
5860
1934
2833
5865
5866
5867
1919
1935
2834
5872
5873
5874
5879
5880
5881
5886
5887
5888
1936
2707
5893
5894
5895
5900
5901
5902
2709
2839
5907
5908
5909
1937
2840
5914
5915
5916
1938
2711
2841
5921
5922
5923
5928
5929
5930
2714
5935
5936
5937
1925
2846
5942
5943
5944
5949
5950
5951
5956
5957
5958
1928
2847
5963
5964
5965
5970
5971
5972
5977
5978
5979
1931
2848
5984
5985
5986
5991
5992
5993
5998
5999
6000
1934
2850
6005
6006
6007
6012
6013
6014
6019
6020
6021
1937
2853
6026
6027
6028
6033
6034
6035
6040
6041
6042
2759
2856
6047
6048
6049
1940
1955
2860
2861
2863
1941
1956
2867
2868
2870
1942
1962
2888
2889
2891
1943
1963
2895
2896
2898
1944
1969
2916
2917
2919
1945
1970
2923
2924
2926
1946
1976
2944
2945
2947
1947
1977
2951
2952
2954
1948
1983
2972
2973
2975
1984
2979
2980
2982
1950
1996
2860
2862
2864
1951
1998
2874
2875
2877
1952
2052
3000
3002
3004
1953
2054
3014
3015
3017
2108
3140
3142
3144
1956
1958
1956
1959
2004
2006
2008
1960
1962
3202
3204
3206
1958
1959
1960
1964
2153
1960
2154
3223
3224
3226
1966
2155
3230
3231
3233
1963
1965
1963
1966
2011
2013
2015
1967
1969
3251
3253
3255
1965
1966
1967
1971
2160
1967
2161
3272
3273
3275
1973
2162
3279
3280
3282
1970
1972
1970
1973
2018
2020
2022
1974
1976
3300
3302
3304
1972
1973
1974
1978
2167
1974
2168
3321
3322
3324
1980
2169
3328
3329
3331
1977
1979
1977
1980
2025
2027
2029
1981
1983
3349
3351
3353
1979
1980
1981
1985
2174
1981
2175
3370
3371
3373
1987
2176
3377
3378
3380
1984
1986
1984
1987
2032
2034
2036
1988
1990
3398
3400
3402
1986
1987
1988
1992
2181
1988
2182
3419
3420
3422
1994
2183
3426
3427
3429
1991
1993
1991
1994
2039
2041
2043
1995
3447
3449
3451
1993
1994
1995
2188
1995
2189
3468
3469
3471
2190
3475
3476
3478
1998
2000
2005
2006
2009
1998
2001
2002
2052
3209
3211
3213
2000
2001
2002
2195
3223
3225
3227
2002
2055
2196
2056
2197
3237
3238
3240
2007
2008
2009
3201
3208
3222
2007
2008
2861
3202
2007
2009
2862
3209
2008
2009
3223
2865
3205
3212
3206
3226
3213
3227
2014
2015
2016
3250
3257
3271
2014
2015
2889
3251
2014
2016
2890
3203
3258
2015
2016
3204
3272
2893
3254
3261
3255
3275
3207
3262
3276
2021
2022
2023
3299
3306
3320
2021
2022
2917
3300
2021
2023
2918
3252
3307
2022
2023
3253
3321
2921
3303
3310
3304
3324
3256
3311
3325
2028
2029
2030
3348
3355
3369
2028
2029
2945
3349
2028
2030
2946
3301
3356
2029
2030
3302
3370
2949
3352
3359
3353
3373
3305
3360
3374
2035
2036
2037
3397
3404
3418
2035
2036
2973
3398
2035
2037
2974
3350
3405
2036
2037
3351
3419
2977
3401
3408
3402
3422
3354
3409
3423
2042
2043
2044
3446
3453
3467
2042
2043
3447
2042
2044
3399
3454
2043
2044
3400
3468
3450
3457
3451
3471
3403
3458
3472
2047
2049
2047
2050
3461
3463
3465
2051
2101
2049
2050
3475
3477
3479
2051
2244
2051
2104
2245
3489
3490
3492
2105
2246
2054
2056
2061
2062
2065
2054
2057
2058
2108
3503
3505
3507
2056
2057
2058
2251
3517
3519
3521
2058
2252
2109
2253
3531
3532
3534
2063
2064
2065
3495
3502
3516
2063
2064
3001
3210
3496
2063
2065
3002
3503
2064
2065
3211
3517
3005
3499
3506
3214
3500
3520
3507
3521
2070
2071
2072
3544
3551
3565
2070
2071
3029
3259
3545
2070
2072
3030
3497
3552
2071
2072
3260
3498
3566
3033
3548
3555
3263
3549
3569
3501
3556
3570
2077
2078
2079
3593
3600
3614
2077
2078
3057
3308
3594
2077
2079
3058
3546
3601
2078
2079
3309
3547
3615
3061
3597
3604
3312
3598
3618
3550
3605
3619
2084
2085
2086
3642
3649
3663
2084
2085
3085
3357
3643
2084
2086
3086
3595
3650
2085
2086
3358
3596
3664
3089
3646
3653
3361
3647
3667
3599
3654
3668
2091
2092
2093
3691
3698
3712
2091
2092
3113
3406
3692
2091
2093
3114
3644
3699
2092
2093
3407
3645
3713
3117
3695
3702
3410
3696
3716
3648
3703
3717
2098
2099
2100
3740
3747
3761
2098
2099
3455
3741
2098
2100
3693
3748
2099
2100
3456
3694
3762
3744
3751
3459
3745
3765
3697
3752
3766
2103
2105
2103
2106
3755
3757
3759
2107
2148
2105
2106
3769
3771
3773
2107
2300
2107
2150
2301
3783
3784
3786
2151
2302
2109
2112
2113
2116
2307
3797
3799
3801
2114
2115
2116
3789
3796
2114
2115
3141
3504
3790
2114
2116
3142
2115
2116
3505
3797
3145
3793
3508
3794
3800
3801
2121
2122
2123
3810
3817
2121
2122
3155
3553
3811
2121
2123
3156
3791
2122
2123
3554
3792
3818
3159
3814
3557
3815
3821
3795
3822
2128
2129
3831
3835
2128
3169
3602
2129
3170
3812
2128
2129
3603
3813
3836
3606
3833
3839
3816
3840
2132
2133
3849
3855
2132
2133
3652
3832
3856
3655
3853
3859
3834
3860
2138
2139
2140
3869
3876
2138
2139
3189
3700
3870
2138
2140
3190
3851
2139
2140
3701
3852
3877
3193
3873
3704
3874
3880
3854
3881
2145
2146
2147
3890
3897
2145
2146
3749
3891
2145
2147
3871
2146
2147
3750
3872
3898
3894
3753
3895
3901
3875
3902
2149
2151
2152
2151
3905
3907
3909
2152
2351
2352
2155
2157
2155
2158
2203
2205
2207
2159
2161
3912
3914
3916
2157
2158
2159
2163
2356
2159
2357
3933
3934
3936
2165
2358
3940
3941
3943
2162
2164
2162
2165
2210
2212
2214
2166
2168
3961
3963
3965
2164
2165
2166
2170
2363
2166
2364
3982
3983
3985
2172
2365
3989
3990
3992
2169
2171
2169
2172
2217
2219
2221
2173
2175
4010
4012
4014
2171
2172
2173
2177
2370
2173
2371
4031
4032
4034
2179
2372
4038
4039
4041
2176
2178
2176
2179
2224
2226
2228
2180
2182
4059
4061
4063
2178
2179
2180
2184
2377
2180
2378
4080
4081
4083
2186
2379
4087
4088
4090
2183
2185
2183
2186
2231
2233
2235
2187
2189
4108
4110
4112
2185
2186
2187
2191
2384
2187
2385
4129
4130
4132
2193
2386
4136
4137
4139
2190
2192
2190
2193
2238
2240
2242
2194
4157
4159
4161
2192
2193
2194
2391
2194
2392
4178
4179
4181
2393
4185
4186
4188
2197
2199
2204
2205
2208
2197
2200
2201
2251
3919
3921
3923
2199
2200
2201
2398
3933
3935
3937
2201
2254
2399
2255
2400
3947
3948
3950
2206
2207
2208
3911
3918
3932
2206
2207
3224
3912
2206
2208
3225
3919
2207
2208
3933
3228
3915
3922
3916
3936
3923
3937
2213
2214
2215
3960
3967
3981
2213
2214
3273
3961
2213
2215
3274
3913
3968
2214
2215
3914
3982
3277
3964
3971
3965
3985
3917
3972
3986
2220
2221
2222
4009
4016
4030
2220
2221
3322
4010
2220
2222
3323
3962
4017
2221
2222
3963
4031
3326
4013
4020
4014
4034
3966
4021
4035
2227
2228
2229
4058
4065
4079
2227
2228
3371
4059
2227
2229
3372
4011
4066
2228
2229
4012
4080
3375
4062
4069
4063
4083
4015
4070
4084
2234
2235
2236
4107
4114
4128
2234
2235
3420
4108
2234
2236
3421
4060
4115
2235
2236
4061
4129
3424
4111
4118
4112
4132
4064
4119
4133
2241
2242
2243
4156
4163
4177
2241
2242
3469
4157
2241
2243
3470
4109
4164
2242
2243
4110
4178
3473
4160
4167
4161
4181
4113
4168
4182
2246
2248
2246
2249
4171
4173
4175
2250
2300
2248
2249
4185
4187
4189
2250
2447
2250
2303
2448
4199
4200
4202
2304
2449
2253
2255
2260
2261
2264
2253
2256
2257
2307
4213
4215
4217
2255
2256
2257
2454
4227
4229
4231
2257
2455
2308
2456
4241
4242
4244
2262
2263
2264
4205
4212
4226
2262
2263
3518
3920
4206
2262
2264
3519
4213
2263
2264
3921
4227
3522
4209
4216
3924
4210
4230
4217
4231
2269
2270
2271
4254
4261
4275
2269
2270
3567
3969
4255
2269
2271
3568
4207
4262
2270
2271
3970
4208
4276
3571
4258
4265
3973
4259
4279
4211
4266
4280
2276
2277
2278
4303
4310
4324
2276
2277
3616
4018
4304
2276
2278
3617
4256
4311
2277
2278
4019
4257
4325
3620
4307
4314
4022
4308
4328
4260
4315
4329
2283
2284
2285
4352
4359
4373
2283
2284
3665
4067
4353
2283
2285
3666
4305
4360
2284
2285
4068
4306
4374
3669
4356
4363
4071
4357
4377
4309
4364
4378
2290
2291
2292
4401
4408
4422
2290
2291
3714
4116
4402
2290
2292
3715
4354
4409
2291
2292
4117
4355
4423
3718
4405
4412
4120
4406
4426
4358
4413
4427
2297
2298
2299
4450
4457
4471
2297
2298
3763
4165
4451
2297
2299
3764
4403
4458
2298
2299
4166
4404
4472
3767
4454
4461
4169
4455
4475
4407
4462
4476
2302
2304
2302
2305
4465
4467
4469
2306
2351
2304
2305
4479
4481
4483
2306
2503
2306
2353
2504
4493
4494
4496
2354
2505
2308
2311
2312
2315
2510
4507
4509
4511
2313
2314
2315
4499
4506
2313
2314
3798
4214
4500
2313
2315
3799
2314
2315
4215
4507
3802
4503
4218
4504
4510
4511
2320
2321
2322
4520
4527
2320
2321
3819
4263
4521
2320
2322
3820
4501
2321
2322
4264
4502
4528
3823
4524
4267
4525
4531
4505
4532
2327
2328
2329
4541
4548
2327
2328
3837
4312
4542
2327
2329
3838
4522
2328
2329
4313
4523
4549
3841
4545
4316
4546
4552
4526
4553
2334
2335
2336
4562
4569
2334
2335
3857
4361
4563
2334
2336
3858
4543
2335
2336
4362
4544
4570
3861
4566
4365
4567
4573
4547
4574
2341
2342
2343
4583
4590
2341
2342
3878
4410
4584
2341
2343
3879
4564
2342
2343
4411
4565
4591
3882
4587
4414
4588
4594
4568
4595
2348
2349
2350
4604
4611
2348
2349
3899
4459
4605
2348
2350
3900
4585
2349
2350
4460
4586
4612
3903
4608
4463
4609
4615
4589
4616
2352
2354
2355
2354
4619
4621
4623
2355
2554
2555
2358
2360
2358
2361
2406
2408
2410
2362
2364
4626
4628
4630
2360
2361
2362
2366
2559
2362
2560
4647
4648
4650
2368
2561
4654
4655
4657
2365
2367
2365
2368
2413
2415
2417
2369
2371
4675
4677
4679
2367
2368
2369
2373
2566
2369
2567
4696
4697
4699
2375
2568
4703
4704
4706
2372
2374
2372
2375
2420
2422
2424
2376
2378
4724
4726
4728
2374
2375
2376
2380
2573
2376
2574
4745
4746
4748
2382
2575
4752
4753
4755
2379
2381
2379
2382
2427
2429
2431
2383
2385
4773
4775
4777
2381
2382
2383
2387
2580
2383
2581
4794
4795
4797
2389
2582
4801
4802
4804
2386
2388
2386
2389
2434
2436
2438
2390
2392
4822
4824
4826
2388
2389
2390
2394
2587
2390
2588
4843
4844
4846
2396
2589
4850
4851
4853
2393
2395
2393
2396
2441
2443
2445
2397
4871
4873
4875
2395
2396
2397
2594
2397
2595
4892
4893
4895
2596
4899
4900
4902
2400
2402
2407
2408
2411
2400
2403
2404
2454
4633
4635
4637
2402
2403
2404
2601
4647
4649
4651
2404
2457
2602
2458
2603
4661
4662
4664
2409
2410
2411
4625
4632
4646
2409
2410
3934
4626
2409
2411
3935
4633
2410
2411
4647
3938
4629
4636
4630
4650
4637
4651
2416
2417
2418
4674
4681
4695
2416
2417
3983
4675
2416
2418
3984
4627
4682
2417
2418
4628
4696
3987
4678
4685
4679
4699
4631
4686
4700
2423
2424
2425
4723
4730
4744
2423
2424
4032
4724
2423
2425
4033
4676
4731
2424
2425
4677
4745
4036
4727
4734
4728
4748
4680
4735
4749
2430
2431
2432
4772
4779
4793
2430
2431
4081
4773
2430
2432
4082
4725
4780
2431
2432
4726
4794
4085
4776
4783
4777
4797
4729
4784
4798
2437
2438
2439
4821
4828
4842
2437
2438
4130
4822
2437
2439
4131
4774
4829
2438
2439
4775
4843
4134
4825
4832
4826
4846
4778
4833
4847
2444
2445
2446
4870
4877
4891
2444
2445
4179
4871
2444
2446
4180
4823
4878
2445
2446
4824
4892
4183
4874
4881
4875
4895
4827
4882
4896
2449
2451
2449
2452
4885
4887
4889
2453
2503
2451
2452
4899
4901
4903
2453
2650
2453
2506
2651
4913
4914
4916
2507
2652
2456
2458
2463
2464
2467
2456
2459
2460
2510
4927
4929
4931
2458
2459
2460
2657
4941
4943
4945
2460
2658
2511
2659
4955
4956
4958
2465
2466
2467
4919
4926
4940
2465
2466
4228
4634
4920
2465
2467
4229
4927
2466
2467
4635
4941
4232
4923
4930
4638
4924
4944
4931
4945
2472
2473
2474
4968
4975
4989
2472
2473
4277
4683
4969
2472
2474
4278
4921
4976
2473
2474
4684
4922
4990
4281
4972
4979
4687
4973
4993
4925
4980
4994
2479
2480
2481
5017
5024
5038
2479
2480
4326
4732
5018
2479
2481
4327
4970
5025
2480
2481
4733
4971
5039
4330
5021
5028
4736
5022
5042
4974
5029
5043
2486
2487
2488
5066
5073
5087
2486
2487
4375
4781
5067
2486
2488
4376
5019
5074
2487
2488
4782
5020
5088
4379
5070
5077
4785
5071
5091
5023
5078
5092
2493
2494
2495
5115
5122
5136
2493
2494
4424
4830
5116
2493
2495
4425
5068
5123
2494
2495
4831
5069
5137
4428
5119
5126
4834
5120
5140
5072
5127
5141
2500
2501
2502
5164
5171
5185
2500
2501
4473
4879
5165
2500
2502
4474
5117
5172
2501
2502
4880
5118
5186
4477
5168
5175
4883
5169
5189
5121
5176
5190
2505
2507
2505
2508
5179
5181
5183
2509
2554
2507
2508
5193
5195
5197
2509
2706
2509
2556
2707
5207
5208
5210
2557
2708
2511
2514
2515
2518
2713
5221
5223
5225
2516
2517
2518
5213
5220
2516
2517
4508
4928
5214
2516
2518
4509
2517
2518
4929
5221
4512
5217
4932
5218
5224
5225
2523
2524
2525
5234
5241
2523
2524
4529
4977
5235
2523
2525
4530
5215
2524
2525
4978
5216
5242
4533
5238
4981
5239
5245
5219
5246
2530
2531
2532
5255
5262
2530
2531
4550
5026
5256
2530
2532
4551
5236
2531
2532
5027
5237
5263
4554
5259
5030
5260
5266
5240
5267
2537
2538
2539
5276
5283
2537
2538
4571
5075
5277
2537
2539
4572
5257
2538
2539
5076
5258
5284
4575
5280
5079
5281
5287
5261
5288
2544
2545
2546
5297
5304
2544
2545
4592
5124
5298
2544
2546
4593
5278
2545
2546
5125
5279
5305
4596
5301
5128
5302
5308
5282
5309
2551
2552
2553
5318
5325
2551
2552
4613
5173
5319
2551
2553
4614
5299
2552
2553
5174
5300
5326
4617
5322
5177
5323
5329
5303
5330
2555
2557
2558
2557
5333
5335
5337
2558
2757
2758
2561
2563
2561
2564
2609
2611
2613
2565
2567
5340
5342
5344
2563
2564
2565
2569
2565
5361
5362
5364
2571
5368
5369
5371
2568
2570
2568
2571
2616
2618
2620
2572
2574
5389
5391
5393
2570
2571
2572
2576
2572
5410
5411
5413
2578
5417
5418
5420
2575
2577
2575
2578
2623
2625
2627
2579
2581
5438
5440
5442
2577
2578
2579
2583
2579
5459
5460
5462
2585
5466
5467
5469
2582
2584
2582
2585
2630
2632
2634
2586
2588
5487
5489
5491
2584
2585
2586
2590
2586
5508
5509
5511
2592
5515
5516
5518
2589
2591
2589
2592
2637
2639
2641
2593
2595
5536
5538
5540
2591
2592
2593
2597
2593
5557
5558
5560
2599
5564
5565
5567
2596
2598
2596
2599
2644
2646
2648
2600
5585
5587
5589
2598
2599
2600
2600
5606
5607
5609
5613
5614
5616
2603
2605
2610
2611
2614
2603
2606
2607
2657
5347
5349
5351
2605
2606
2607
5361
5363
5365
2607
2660
2661
5375
5376
5378
2612
2613
2614
5339
5346
5360
2612
2613
4648
5340
2612
2614
4649
5347
2613
2614
5361
4652
5343
5350
5344
5364
5351
5365
2619
2620
2621
5388
5395
5409
2619
2620
4697
5389
2619
2621
4698
5341
5396
2620
2621
5342
5410
4701
5392
5399
5393
5413
5345
5400
5414
2626
2627
2628
5437
5444
5458
2626
2627
4746
5438
2626
2628
4747
5390
5445
2627
2628
5391
5459
4750
5441
5448
5442
5462
5394
5449
5463
2633
2634
2635
5486
5493
5507
2633
2634
4795
5487
2633
2635
4796
5439
5494
2634
2635
5440
5508
4799
5490
5497
5491
5511
5443
5498
5512
2640
2641
2642
5535
5542
5556
2640
2641
4844
5536
2640
2642
4845
5488
5543
2641
2642
5489
5557
4848
5539
5546
5540
5560
5492
5547
5561
2647
2648
2649
5584
5591
5605
2647
2648
4893
5585
2647
2649
4894
5537
5592
2648
2649
5538
5606
4897
5588
5595
5589
5609
5541
5596
5610
2652
2654
2652
2655
5599
5601
5603
2656
2706
2654
2655
5613
5615
5617
2656
2656
2709
5627
5628
5630
2710
2659
2661
2666
2667
2670
2659
2662
2663
2713
5641
5643
5645
2661
2662
2663
5655
5657
5659
2663
2714
5669
5670
5672
2668
2669
2670
5633
5640
5654
2668
2669
4942
5348
5634
2668
2670
4943
5641
2669
2670
5349
5655
4946
5637
5644
5352
5638
5658
5645
5659
2675
2676
2677
5682
5689
5703
2675
2676
4991
5397
5683
2675
2677
4992
5635
5690
2676
2677
5398
5636
5704
4995
5686
5693
5401
5687
5707
5639
5694
5708
2682
2683
2684
5731
5738
5752
2682
2683
5040
5446
5732
2682
2684
5041
5684
5739
2683
2684
5447
5685
5753
5044
5735
5742
5450
5736
5756
5688
5743
5757
2689
2690
2691
5780
5787
5801
2689
2690
5089
5495
5781
2689
2691
5090
5733
5788
2690
2691
5496
5734
5802
5093
5784
5791
5499
5785
5805
5737
5792
5806
2696
2697
2698
5829
5836
5850
2696
2697
5138
5544
5830
2696
2698
5139
5782
5837
2697
2698
5545
5783
5851
5142
5833
5840
5548
5834
5854
5786
5841
5855
2703
2704
2705
5878
5885
5899
2703
2704
5187
5593
5879
2703
2705
5188
5831
5886
2704
2705
5594
5832
5900
5191
5882
5889
5597
5883
5903
5835
5890
5904
2708
2710
2708
2711
5893
5895
5897
2712
2757
2710
2711
5907
5909
5911
2712
2712
2759
5921
5922
5924
2760
2714
2717
2718
2721
5935
5937
5939
2719
2720
2721
5927
5934
2719
2720
5222
5642
5928
2719
2721
5223
2720
2721
5643
5935
5226
5931
5646
5932
5938
5939
2726
2727
2728
5948
5955
2726
2727
5243
5691
5949
2726
2728
5244
5929
2727
2728
5692
5930
5956
5247
5952
5695
5953
5959
5933
5960
2733
2734
2735
5969
5976
2733
2734
5264
5740
5970
2733
2735
5265
5950
2734
2735
5741
5951
5977
5268
5973
5744
5974
5980
5954
5981
2740
2741
2742
5990
5997
2740
2741
5285
5789
5991
2740
2742
5286
5971
2741
2742
5790
5972
5998
5289
5994
5793
5995
6001
5975
6002
2747
2748
2749
6011
6018
2747
2748
5306
5838
6012
2747
2749
5307
5992
2748
2749
5839
5993
6019
5310
6015
5842
6016
6022
5996
6023
2754
2755
2756
6032
6039
2754
2755
5327
5887
6033
2754
2756
5328
6013
2755
2756
5888
6014
6040
5331
6036
5891
6037
6043
6017
6044
2758
2760
2761
2760
6047
6049
6051
2761
2764
2766
5369
5370
5373
2764
2767
5376
5377
5380
2768
2770
2804
5383
5384
5387
2766
2767
2768
2772
2768
2807
2774
2808
2771
2773
5418
5419
5422
2771
2774
5425
5426
5429
2775
2777
2811
5432
5433
5436
2773
2774
2775
2779
2775
2814
2781
2815
2778
2780
5467
5468
5471
2778
2781
5474
5475
5478
2782
2784
2818
5481
5482
5485
2780
2781
2782
2786
2782
2821
2788
2822
2785
2787
5516
5517
5520
2785
2788
5523
5524
5527
2789
2791
2825
5530
5531
5534
2787
2788
2789
2793
2789
2828
2795
2829
2792
2794
5565
5566
5569
2792
2795
5572
5573
5576
2796
2798
2832
5579
5580
5583
2794
2795
2796
2800
2796
2835
2802
2836
2799
2801
5614
5615
5618
2799
2802
5621
5622
5625
2803
2839
5628
5629
5632
2801
2802
2803
2803
2842
2843
2806
2808
5663
5664
5667
2806
2809
5670
5671
5674
2810
2812
2846
5677
5678
5681
2808
2809
2810
2814
2810
2816
2813
2815
5712
5713
5716
2813
2816
5719
5720
5723
2817
2819
2847
5726
5727
5730
2815
2816
2817
2821
2817
2823
2820
2822
5761
5762
5765
2820
2823
5768
5769
5772
2824
2826
2848
5775
5776
5779
2822
2823
2824
2828
2824
2830
2849
2827
2829
5810
5811
5814
2827
2830
5817
5818
5821
2831
2833
2850
5824
5825
5828
2829
2830
2831
2835
2831
2851
2837
2852
2834
2836
5859
5860
5863
2834
2837
5866
5867
5870
2838
2840
2853
5873
5874
5877
2836
2837
2838
2842
2838
2854
2844
2855
2841
2843
5908
5909
5912
2841
2844
5915
5916
5919
2845
2856
5922
5923
5926
2843
2844
2845
2845
2857
2858
5943
5944
5947
5964
5965
5968
2849
5985
5986
5989
2851
2852
6006
6007
6010
2852
2854
2855
6027
6028
6031
2855
2857
2858
6048
6049
6052
2858
2863
2864
2865
2866
2873
2863
2864
2863
2865
2868
2864
2865
2875
2870
2877
2872
2879
2870
2871
2872
2880
2870
2871
2888
2870
2872
3202
2871
2872
2882
2890
3203
2884
2892
2886
3205
2877
2878
2879
2880
2877
2878
3000
2877
2879
3209
2878
2879
2883
3001
3210
2885
3003
2886
3212
2884
2885
2886
2884
2885
2902
3007
2884
2886
2903
3216
2885
2886
3008
3217
2905
3010
3219
2891
2892
2893
2894
2901
2891
2892
2891
2893
2896
2892
2893
2903
2898
2905
2900
2907
2898
2899
2900
2908
2898
2899
2916
2898
2900
3251
2899
2900
2910
2918
3252
2912
2920
2914
3254
2905
2906
2907
2908
2905
2906
3028
2905
2907
3258
2906
2907
2911
3029
3259
2913
3031
2914
3261
2912
2913
2914
2912
2913
2930
3035
2912
2914
2931
3265
2913
2914
3036
3266
2933
3038
3268
2919
2920
2921
2922
2929
2919
2920
2919
2921
2924
2920
2921
2931
2926
2933
2928
2935
2926
2927
2928
2936
2926
2927
2944
2926
2928
3300
2927
2928
2938
2946
3301
2940
2948
2942
3303
2933
2934
2935
2936
2933
2934
3056
2933
2935
3307
2934
2935
2939
3057
3308
2941
3059
2942
3310
2940
2941
2942
2940
2941
2958
3063
2940
2942
2959
3314
2941
2942
3064
3315
2961
3066
3317
2947
2948
2949
2950
2957
2947
2948
2947
2949
2952
2948
2949
2959
2954
2961
2956
2963
2954
2955
2956
2964
2954
2955
2972
2954
2956
3349
2955
2956
2966
2974
3350
2968
2976
2970
3352
2961
2962
2963
2964
2961
2962
3084
2961
2963
3356
2962
2963
2967
3085
3357
2969
3087
2970
3359
2968
2969
2970
2968
2969
2986
3091
2968
2970
2987
3363
2969
2970
3092
3364
2989
3094
3366
2975
2976
2977
2978
2985
2975
2976
2975
2977
2980
2976
2977
2987
2982
2989
2984
2991
2982
2983
2984
2992
2982
2983
2982
2984
3398
2983
2984
2994
3399
2996
2998
3401
2989
2990
2991
2992
2989
2990
3112
2989
2991
3405
2990
2991
2995
3113
3406
2997
3115
2998
3408
2996
2997
2998
2996
2997
3119
2996
2998
3412
2997
2998
3120
3413
3122
3415
3003
3004
3005
3006
3013
3003
3004
3003
3005
3008
3004
3005
3015
3010
3017
3012
3019
3010
3011
3012
3020
3010
3011
3028
3010
3012
3496
3011
3012
3022
3030
3497
3024
3032
3026
3499
3017
3018
3019
3020
3017
3018
3140
3017
3019
3503
3018
3019
3023
3141
3504
3025
3143
3026
3506
3024
3025
3026
3024
3025
3042
3147
3024
3026
3043
3510
3025
3026
3148
3511
3045
3150
3513
3031
3032
3033
3034
3041
3031
3032
3031
3033
3036
3032
3033
3043
3038
3045
3040
3047
3038
3039
3040
3048
3038
3039
3056
3038
3040
3545
3039
3040
3050
3058
3546
3052
3060
3054
3548
3045
3046
3047
3048
3045
3046
3154
3045
3047
3552
3046
3047
3051
3155
3553
3053
3157
3054
3555
3052
3053
3054
3052
3053
3070
3161
3052
3054
3071
3559
3053
3054
3162
3560
3073
3164
3562
3059
3060
3061
3062
3069
3059
3060
3059
3061
3064
3060
3061
3071
3066
3073
3068
3075
3066
3067
3068
3076
3066
3067
3084
3066
3068
3594
3067
3068
3078
3086
3595
3080
3088
3082
3597
3073
3074
3075
3076
3073
3074
3168
3073
3075
3601
3074
3075
3079
3169
3602
3081
3171
3082
3604
3080
3081
3082
3080
3081
3098
3174
3080
3082
3099
3608
3081
3082
3609
3101
3175
3611
3087
3088
3089
3090
3097
3087
3088
3087
3089
3092
3088
3089
3099
3094
3101
3096
3103
3094
3095
3096
3104
3094
3095
3112
3094
3096
3643
3095
3096
3106
3114
3644
3108
3116
3110
3646
3101
3102
3103
3104
3101
3102
3178
3101
3103
3650
3102
3103
3107
3651
3109
3179
3110
3653
3108
3109
3110
3108
3109
3126
3182
3108
3110
3127
3657
3109
3110
3183
3658
3129
3185
3660
3115
3116
3117
3118
3125
3115
3116
3115
3117
3120
3116
3117
3127
3122
3129
3124
3131
3122
3123
3124
3132
3122
3123
3122
3124
3692
3123
3124
3134
3693
3136
3138
3695
3129
3130
3131
3132
3129
3130
3188
3129
3131
3699
3130
3131
3135
3189
3700
3137
3191
3138
3702
3136
3137
3138
3136
3137
3195
3136
3138
3706
3137
3138
3196
3707
3198
3709
3143
3144
3145
3146
3143
3144
3143
3145
3148
3144
3145
3150
3152
3150
3151
3152
3150
3151
3154
3150
3152
3790
3151
3152
3156
3791
3158
3793
3157
3158
3159
3160
3157
3158
3157
3159
3162
3158
3159
3164
3166
3164
3165
3166
3164
3165
3168
3164
3166
3811
3165
3166
3170
3812
3172
3814
3171
3172
3173
3171
3172
3171
3172
3175
3175
3176
3175
3176
3178
3180
3179
3180
3181
3179
3180
3185
3185
3186
3185
3186
3188
3185
3850
3186
3190
3851
3192
3191
3192
3193
3194
3191
3192
3191
3193
3196
3192
3193
3198
3200
3198
3199
3200
3198
3199
3198
3200
3870
3199
3200
3871
3873
3205
3206
3207
3215
3229
3205
3206
3205
3207
3216
3206
3207
3230
3219
3233
3220
3234
3212
3213
3214
3215
3236
3212
3213
3212
3214
3217
3213
3214
3237
3219
3240
3221
3241
3219
3220
3221
3243
3219
3220
3258
3219
3221
3496
3220
3221
3244
3260
3498
3247
3262
3248
3500
3226
3227
3228
3229
3236
3226
3227
3226
3228
3231
3227
3228
3238
3233
3240
3235
3242
3233
3234
3235
3243
3233
3234
3272
3233
3235
3912
3234
3235
3245
3274
3913
3247
3276
3249
3915
3240
3241
3242
3243
3240
3241
3517
3240
3242
3919
3241
3242
3246
3518
3920
3248
3520
3249
3922
3247
3248
3249
3247
3248
3286
3524
3247
3249
3287
3926
3248
3249
3525
3927
3289
3527
3929
3254
3255
3256
3264
3278
3254
3255
3254
3256
3265
3255
3256
3279
3268
3282
3269
3283
3261
3262
3263
3264
3285
3261
3262
3261
3263
3266
3262
3263
3286
3268
3289
3270
3290
3268
3269
3270
3292
3268
3269
3307
3268
3270
3545
3269
3270
3293
3309
3547
3296
3311
3297
3549
3275
3276
3277
3278
3285
3275
3276
3275
3277
3280
3276
3277
3287
3282
3289
3284
3291
3282
3283
3284
3292
3282
3283
3321
3282
3284
3961
3283
3284
3294
3323
3962
3296
3325
3298
3964
3289
3290
3291
3292
3289
3290
3566
3289
3291
3968
3290
3291
3295
3567
3969
3297
3569
3298
3971
3296
3297
3298
3296
3297
3335
3573
3296
3298
3336
3975
3297
3298
3574
3976
3338
3576
3978
3303
3304
3305
3313
3327
3303
3304
3303
3305
3314
3304
3305
3328
3317
3331
3318
3332
3310
3311
3312
3313
3334
3310
3311
3310
3312
3315
3311
3312
3335
3317
3338
3319
3339
3317
3318
3319
3341
3317
3318
3356
3317
3319
3594
3318
3319
3342
3358
3596
3345
3360
3346
3598
3324
3325
3326
3327
3334
3324
3325
3324
3326
3329
3325
3326
3336
3331
3338
3333
3340
3331
3332
3333
3341
3331
3332
3370
3331
3333
4010
3332
3333
3343
3372
4011
3345
3374
3347
4013
3338
3339
3340
3341
3338
3339
3615
3338
3340
4017
3339
3340
3344
3616
4018
3346
3618
3347
4020
3345
3346
3347
3345
3346
3384
3622
3345
3347
3385
4024
3346
3347
3623
4025
3387
3625
4027
3352
3353
3354
3362
3376
3352
3353
3352
3354
3363
3353
3354
3377
3366
3380
3367
3381
3359
3360
3361
3362
3383
3359
3360
3359
3361
3364
3360
3361
3384
3366
3387
3368
3388
3366
3367
3368
3390
3366
3367
3405
3366
3368
3643
3367
3368
3391
3407
3645
3394
3409
3395
3647
3373
3374
3375
3376
3383
3373
3374
3373
3375
3378
3374
3375
3385
3380
3387
3382
3389
3380
3381
3382
3390
3380
3381
3419
3380
3382
4059
3381
3382
3392
3421
4060
3394
3423
3396
4062
3387
3388
3389
3390
3387
3388
3664
3387
3389
4066
3388
3389
3393
3665
4067
3395
3667
3396
4069
3394
3395
3396
3394
3395
3433
3671
3394
3396
3434
4073
3395
3396
3672
4074
3436
3674
4076
3401
3402
3403
3411
3425
3401
3402
3401
3403
3412
3402
3403
3426
3415
3429
3416
3430
3408
3409
3410
3411
3432
3408
3409
3408
3410
3413
3409
3410
3433
3415
3436
3417
3437
3415
3416
3417
3439
3415
3416
3454
3415
3417
3692
3416
3417
3440
3456
3694
3443
3458
3444
3696
3422
3423
3424
3425
3432
3422
3423
3422
3424
3427
3423
3424
3434
3429
3436
3431
3438
3429
3430
3431
3439
3429
3430
3468
3429
3431
4108
3430
3431
3441
3470
4109
3443
3472
3445
4111
3436
3437
3438
3439
3436
3437
3713
3436
3438
4115
3437
3438
3442
3714
4116
3444
3716
3445
4118
3443
3444
3445
3443
3444
3482
3720
3443
3445
3483
4122
3444
3445
3721
4123
3485
3723
4125
3450
3451
3452
3460
3474
3450
3451
3450
3452
3461
3451
3452
3475
3464
3478
3465
3479
3457
3458
3459
3460
3481
3457
3458
3457
3459
3462
3458
3459
3482
3464
3485
3466
3486
3464
3465
3466
3488
3464
3465
3464
3466
3741
3465
3466
3489
3743
3492
3493
3745
3471
3472
3473
3474
3481
3471
3472
3471
3473
3476
3472
3473
3483
3478
3485
3480
3487
3478
3479
3480
3488
3478
3479
3478
3480
4157
3479
3480
3490
4158
3492
3494
4160
3485
3486
3487
3488
3485
3486
3762
3485
3487
4164
3486
3487
3491
3763
4165
3493
3765
3494
4167
3492
3493
3494
3492
3493
3769
3492
3494
4171
3493
3494
3770
4172
3772
4174
3499
3500
3501
3509
3523
3499
3500
3499
3501
3510
3500
3501
3524
3513
3527
3514
3528
3506
3507
3508
3509
3530
3506
3507
3506
3508
3511
3507
3508
3531
3513
3534
3515
3535
3513
3514
3515
3537
3513
3514
3552
3513
3515
3790
3514
3515
3538
3554
3792
3541
3556
3542
3794
3520
3521
3522
3523
3530
3520
3521
3520
3522
3525
3521
3522
3532
3527
3534
3529
3536
3527
3528
3529
3537
3527
3528
3566
3527
3529
4206
3528
3529
3539
3568
4207
3541
3570
3543
4209
3534
3535
3536
3537
3534
3535
3797
3534
3536
4213
3535
3536
3540
3798
4214
3542
3800
3543
4216
3541
3542
3543
3541
3542
3580
3804
3541
3543
3581
4220
3542
3543
3805
4221
3583
3807
4223
3548
3549
3550
3558
3572
3548
3549
3548
3550
3559
3549
3550
3573
3562
3576
3563
3577
3555
3556
3557
3558
3579
3555
3556
3555
3557
3560
3556
3557
3580
3562
3583
3564
3584
3562
3563
3564
3586
3562
3563
3601
3562
3564
3811
3563
3564
3587
3603
3813
3590
3605
3591
3815
3569
3570
3571
3572
3579
3569
3570
3569
3571
3574
3570
3571
3581
3576
3583
3578
3585
3576
3577
3578
3586
3576
3577
3615
3576
3578
4255
3577
3578
3588
3617
4256
3590
3619
3592
4258
3583
3584
3585
3586
3583
3584
3818
3583
3585
4262
3584
3585
3589
3819
4263
3591
3821
3592
4265
3590
3591
3592
3590
3591
3629
3825
3590
3592
3630
4269
3591
3592
3826
4270
3632
3828
4272
3597
3598
3599
3607
3621
3597
3598
3597
3599
3608
3598
3599
3622
3611
3625
3612
3626
3604
3605
3606
3607
3628
3604
3605
3604
3606
3609
3605
3606
3629
3611
3632
3613
3633
3611
3612
3613
3635
3611
3612
3650
3611
3613
3612
3613
3636
3652
3832
3639
3654
3640
3833
3618
3619
3620
3621
3628
3618
3619
3618
3620
3623
3619
3620
3630
3625
3632
3627
3634
3625
3626
3627
3635
3625
3626
3664
3625
3627
4304
3626
3627
3637
3666
4305
3639
3668
3641
4307
3632
3633
3634
3635
3632
3633
3836
3632
3634
4311
3633
3634
3638
3837
4312
3640
3839
3641
4314
3639
3640
3641
3639
3640
3678
3843
3639
3641
3679
4318
3640
3641
3844
4319
3681
3846
4321
3646
3647
3648
3656
3670
3646
3647
3646
3648
3657
3647
3648
3671
3660
3674
3661
3675
3653
3654
3655
3656
3677
3653
3654
3653
3655
3658
3654
3655
3678
3660
3681
3662
3682
3660
3661
3662
3684
3660
3661
3699
3660
3662
3850
3661
3662
3685
3701
3852
3688
3703
3689
3853
3667
3668
3669
3670
3677
3667
3668
3667
3669
3672
3668
3669
3679
3674
3681
3676
3683
3674
3675
3676
3684
3674
3675
3713
3674
3676
4353
3675
3676
3686
3715
4354
3688
3717
3690
4356
3681
3682
3683
3684
3681
3682
3856
3681
3683
4360
3682
3683
3687
3857
4361
3689
3859
3690
4363
3688
3689
3690
3688
3689
3727
3863
3688
3690
3728
4367
3689
3690
3864
4368
3730
3866
4370
3695
3696
3697
3705
3719
3695
3696
3695
3697
3706
3696
3697
3720
3709
3723
3710
3724
3702
3703
3704
3705
3726
3702
3703
3702
3704
3707
3703
3704
3727
3709
3730
3711
3731
3709
3710
3711
3733
3709
3710
3748
3709
3711
3870
3710
3711
3734
3750
3872
3737
3752
3738
3874
3716
3717
3718
3719
3726
3716
3717
3716
3718
3721
3717
3718
3728
3723
3730
3725
3732
3723
3724
3725
3733
3723
3724
3762
3723
3725
4402
3724
3725
3735
3764
4403
3737
3766
3739
4405
3730
3731
3732
3733
3730
3731
3877
3730
3732
4409
3731
3732
3736
3878
4410
3738
3880
3739
4412
3737
3738
3739
3737
3738
3776
3884
3737
3739
3777
4416
3738
3739
3885
4417
3779
3887
4419
3744
3745
3746
3754
3768
3744
3745
3744
3746
3755
3745
3746
3769
3758
3772
3759
3773
3751
3752
3753
3754
3775
3751
3752
3751
3753
3756
3752
3753
3776
3758
3779
3760
3780
3758
3759
3760
3782
3758
3759
3758
3760
3891
3759
3760
3783
3893
3786
3787
3895
3765
3766
3767
3768
3775
3765
3766
3765
3767
3770
3766
3767
3777
3772
3779
3774
3781
3772
3773
3774
3782
3772
3773
3772
3774
4451
3773
3774
3784
4452
3786
3788
4454
3779
3780
3781
3782
3779
3780
3898
3779
3781
4458
3780
3781
3785
3899
4459
3787
3901
3788
4461
3786
3787
3788
3786
3787
3905
3786
3788
4465
3787
3788
3906
4466
3908
4468
3793
3794
3795
3803
3793
3794
3793
3795
3794
3795
3804
3807
3808
3800
3801
3802
3803
3800
3801
3800
3802
3805
3801
3802
3807
3809
3807
3808
3809
3807
3808
3818
3807
3809
4500
3808
3809
3820
4501
3822
4503
3814
3815
3816
3824
3814
3815
3814
3816
3815
3816
3825
3828
3829
3821
3822
3823
3824
3821
3822
3821
3823
3826
3822
3823
3828
3830
3828
3829
3830
3828
3829
3836
3828
3830
4521
3829
3830
3838
4522
3840
4524
3833
3834
3842
3833
3834
3843
3846
3847
3839
3840
3841
3842
3839
3840
3839
3841
3844
3840
3841
3846
3848
3846
3847
3848
3846
3847
3856
3846
3848
4542
3847
3848
3858
4543
3860
4545
3853
3854
3862
3853
3854
3853
3854
3863
3866
3867
3859
3860
3861
3862
3859
3860
3859
3861
3864
3860
3861
3866
3868
3866
3867
3868
3866
3867
3877
3866
3868
4563
3867
3868
3879
4564
3881
4566
3873
3874
3875
3883
3873
3874
3873
3875
3874
3875
3884
3887
3888
3880
3881
3882
3883
3880
3881
3880
3882
3885
3881
3882
3887
3889
3887
3888
3889
3887
3888
3898
3887
3889
4584
3888
3889
3900
4585
3902
4587
3894
3895
3896
3904
3894
3895
3894
3896
3895
3896
3905
3908
3909
3901
3902
3903
3904
3901
3902
3901
3903
3906
3902
3903
3908
3910
3908
3909
3910
3908
3909
3908
3910
4605
3909
3910
4606
4608
3915
3916
3917
3925
3939
3915
3916
3915
3917
3926
3916
3917
3940
3929
3943
3930
3944
3922
3923
3924
3925
3946
3922
3923
3922
3924
3927
3923
3924
3947
3929
3950
3931
3951
3929
3930
3931
3953
3929
3930
3968
3929
3931
4206
3930
3931
3954
3970
4208
3957
3972
3958
4210
3936
3937
3938
3939
3946
3936
3937
3936
3938
3941
3937
3938
3948
3943
3950
3945
3952
3943
3944
3945
3953
3943
3944
3982
3943
3945
4626
3944
3945
3955
3984
4627
3957
3986
3959
4629
3950
3951
3952
3953
3950
3951
4227
3950
3952
4633
3951
3952
3956
4228
4634
3958
4230
3959
4636
3957
3958
3959
3957
3958
3996
4234
3957
3959
3997
4640
3958
3959
4235
4641
3999
4237
4643
3964
3965
3966
3974
3988
3964
3965
3964
3966
3975
3965
3966
3989
3978
3992
3979
3993
3971
3972
3973
3974
3995
3971
3972
3971
3973
3976
3972
3973
3996
3978
3999
3980
4000
3978
3979
3980
4002
3978
3979
4017
3978
3980
4255
3979
3980
4003
4019
4257
4006
4021
4007
4259
3985
3986
3987
3988
3995
3985
3986
3985
3987
3990
3986
3987
3997
3992
3999
3994
4001
3992
3993
3994
4002
3992
3993
4031
3992
3994
4675
3993
3994
4004
4033
4676
4006
4035
4008
4678
3999
4000
4001
4002
3999
4000
4276
3999
4001
4682
4000
4001
4005
4277
4683
4007
4279
4008
4685
4006
4007
4008
4006
4007
4045
4283
4006
4008
4046
4689
4007
4008
4284
4690
4048
4286
4692
4013
4014
4015
4023
4037
4013
4014
4013
4015
4024
4014
4015
4038
4027
4041
4028
4042
4020
4021
4022
4023
4044
4020
4021
4020
4022
4025
4021
4022
4045
4027
4048
4029
4049
4027
4028
4029
4051
4027
4028
4066
4027
4029
4304
4028
4029
4052
4068
4306
4055
4070
4056
4308
4034
4035
4036
4037
4044
4034
4035
4034
4036
4039
4035
4036
4046
4041
4048
4043
4050
4041
4042
4043
4051
4041
4042
4080
4041
4043
4724
4042
4043
4053
4082
4725
4055
4084
4057
4727
4048
4049
4050
4051
4048
4049
4325
4048
4050
4731
4049
4050
4054
4326
4732
4056
4328
4057
4734
4055
4056
4057
4055
4056
4094
4332
4055
4057
4095
4738
4056
4057
4333
4739
4097
4335
4741
4062
4063
4064
4072
4086
4062
4063
4062
4064
4073
4063
4064
4087
4076
4090
4077
4091
4069
4070
4071
4072
4093
4069
4070
4069
4071
4074
4070
4071
4094
4076
4097
4078
4098
4076
4077
4078
4100
4076
4077
4115
4076
4078
4353
4077
4078
4101
4117
4355
4104
4119
4105
4357
4083
4084
4085
4086
4093
4083
4084
4083
4085
4088
4084
4085
4095
4090
4097
4092
4099
4090
4091
4092
4100
4090
4091
4129
4090
4092
4773
4091
4092
4102
4131
4774
4104
4133
4106
4776
4097
4098
4099
4100
4097
4098
4374
4097
4099
4780
4098
4099
4103
4375
4781
4105
4377
4106
4783
4104
4105
4106
4104
4105
4143
4381
4104
4106
4144
4787
4105
4106
4382
4788
4146
4384
4790
4111
4112
4113
4121
4135
4111
4112
4111
4113
4122
4112
4113
4136
4125
4139
4126
4140
4118
4119
4120
4121
4142
4118
4119
4118
4120
4123
4119
4120
4143
4125
4146
4127
4147
4125
4126
4127
4149
4125
4126
4164
4125
4127
4402
4126
4127
4150
4166
4404
4153
4168
4154
4406
4132
4133
4134
4135
4142
4132
4133
4132
4134
4137
4133
4134
4144
4139
4146
4141
4148
4139
4140
4141
4149
4139
4140
4178
4139
4141
4822
4140
4141
4151
4180
4823
4153
4182
4155
4825
4146
4147
4148
4149
4146
4147
4423
4146
4148
4829
4147
4148
4152
4424
4830
4154
4426
4155
4832
4153
4154
4155
4153
4154
4192
4430
4153
4155
4193
4836
4154
4155
4431
4837
4195
4433
4839
4160
4161
4162
4170
4184
4160
4161
4160
4162
4171
4161
4162
4185
4174
4188
4175
4189
4167
4168
4169
4170
4191
4167
4168
4167
4169
4172
4168
4169
4192
4174
4195
4176
4196
4174
4175
4176
4198
4174
4175
4174
4176
4451
4175
4176
4199
4453
4202
4203
4455
4181
4182
4183
4184
4191
4181
4182
4181
4183
4186
4182
4183
4193
4188
4195
4190
4197
4188
4189
4190
4198
4188
4189
4188
4190
4871
4189
4190
4200
4872
4202
4204
4874
4195
4196
4197
4198
4195
4196
4472
4195
4197
4878
4196
4197
4201
4473
4879
4203
4475
4204
4881
4202
4203
4204
4202
4203
4479
4202
4204
4885
4203
4204
4480
4886
4482
4888
4209
4210
4211
4219
4233
4209
4210
4209
4211
4220
4210
4211
4234
4223
4237
4224
4238
4216
4217
4218
4219
4240
4216
4217
4216
4218
4221
4217
4218
4241
4223
4244
4225
4245
4223
4224
4225
4247
4223
4224
4262
4223
4225
4500
4224
4225
4248
4264
4502
4251
4266
4252
4504
4230
4231
4232
4233
4240
4230
4231
4230
4232
4235
4231
4232
4242
4237
4244
4239
4246
4237
4238
4239
4247
4237
4238
4276
4237
4239
4920
4238
4239
4249
4278
4921
4251
4280
4253
4923
4244
4245
4246
4247
4244
4245
4507
4244
4246
4927
4245
4246
4250
4508
4928
4252
4510
4253
4930
4251
4252
4253
4251
4252
4290
4514
4251
4253
4291
4934
4252
4253
4515
4935
4293
4517
4937
4258
4259
4260
4268
4282
4258
4259
4258
4260
4269
4259
4260
4283
4272
4286
4273
4287
4265
4266
4267
4268
4289
4265
4266
4265
4267
4270
4266
4267
4290
4272
4293
4274
4294
4272
4273
4274
4296
4272
4273
4311
4272
4274
4521
4273
4274
4297
4313
4523
4300
4315
4301
4525
4279
4280
4281
4282
4289
4279
4280
4279
4281
4284
4280
4281
4291
4286
4293
4288
4295
4286
4287
4288
4296
4286
4287
4325
4286
4288
4969
4287
4288
4298
4327
4970
4300
4329
4302
4972
4293
4294
4295
4296
4293
4294
4528
4293
4295
4976
4294
4295
4299
4529
4977
4301
4531
4302
4979
4300
4301
4302
4300
4301
4339
4535
4300
4302
4340
4983
4301
4302
4536
4984
4342
4538
4986
4307
4308
4309
4317
4331
4307
4308
4307
4309
4318
4308
4309
4332
4321
4335
4322
4336
4314
4315
4316
4317
4338
4314
4315
4314
4316
4319
4315
4316
4339
4321
4342
4323
4343
4321
4322
4323
4345
4321
4322
4360
4321
4323
4542
4322
4323
4346
4362
4544
4349
4364
4350
4546
4328
4329
4330
4331
4338
4328
4329
4328
4330
4333
4329
4330
4340
4335
4342
4337
4344
4335
4336
4337
4345
4335
4336
4374
4335
4337
5018
4336
4337
4347
4376
5019
4349
4378
4351
5021
4342
4343
4344
4345
4342
4343
4549
4342
4344
5025
4343
4344
4348
4550
5026
4350
4552
4351
5028
4349
4350
4351
4349
4350
4388
4556
4349
4351
4389
5032
4350
4351
4557
5033
4391
4559
5035
4356
4357
4358
4366
4380
4356
4357
4356
4358
4367
4357
4358
4381
4370
4384
4371
4385
4363
4364
4365
4366
4387
4363
4364
4363
4365
4368
4364
4365
4388
4370
4391
4372
4392
4370
4371
4372
4394
4370
4371
4409
4370
4372
4563
4371
4372
4395
4411
4565
4398
4413
4399
4567
4377
4378
4379
4380
4387
4377
4378
4377
4379
4382
4378
4379
4389
4384
4391
4386
4393
4384
4385
4386
4394
4384
4385
4423
4384
4386
5067
4385
4386
4396
4425
5068
4398
4427
4400
5070
4391
4392
4393
4394
4391
4392
4570
4391
4393
5074
4392
4393
4397
4571
5075
4399
4573
4400
5077
4398
4399
4400
4398
4399
4437
4577
4398
4400
4438
5081
4399
4400
4578
5082
4440
4580
5084
4405
4406
4407
4415
4429
4405
4406
4405
4407
4416
4406
4407
4430
4419
4433
4420
4434
4412
4413
4414
4415
4436
4412
4413
4412
4414
4417
4413
4414
4437
4419
4440
4421
4441
4419
4420
4421
4443
4419
4420
4458
4419
4421
4584
4420
4421
4444
4460
4586
4447
4462
4448
4588
4426
4427
4428
4429
4436
4426
4427
4426
4428
4431
4427
4428
4438
4433
4440
4435
4442
4433
4434
4435
4443
4433
4434
4472
4433
4435
5116
4434
4435
4445
4474
5117
4447
4476
4449
5119
4440
4441
4442
4443
4440
4441
4591
4440
4442
5123
4441
4442
4446
4592
5124
4448
4594
4449
5126
4447
4448
4449
4447
4448
4486
4598
4447
4449
4487
5130
4448
4449
4599
5131
4489
4601
5133
4454
4455
4456
4464
4478
4454
4455
4454
4456
4465
4455
4456
4479
4468
4482
4469
4483
4461
4462
4463
4464
4485
4461
4462
4461
4463
4466
4462
4463
4486
4468
4489
4470
4490
4468
4469
4470
4492
4468
4469
4468
4470
4605
4469
4470
4493
4607
4496
4497
4609
4475
4476
4477
4478
4485
4475
4476
4475
4477
4480
4476
4477
4487
4482
4489
4484
4491
4482
4483
4484
4492
4482
4483
4482
4484
5165
4483
4484
4494
5166
4496
4498
5168
4489
4490
4491
4492
4489
4490
4612
4489
4491
5172
4490
4491
4495
4613
5173
4497
4615
4498
5175
4496
4497
4498
4496
4497
4619
4496
4498
5179
4497
4498
4620
5180
4622
5182
4503
4504
4505
4513
4503
4504
4503
4505
4504
4505
4514
4517
4518
4510
4511
4512
4513
4510
4511
4510
4512
4515
4511
4512
4517
4519
4517
4518
4519
4517
4518
4528
4517
4519
5214
4518
4519
4530
5215
4532
5217
4524
4525
4526
4534
4524
4525
4524
4526
4525
4526
4535
4538
4539
4531
4532
4533
4534
4531
4532
4531
4533
4536
4532
4533
4538
4540
4538
4539
4540
4538
4539
4549
4538
4540
5235
4539
4540
4551
5236
4553
5238
4545
4546
4547
4555
4545
4546
4545
4547
4546
4547
4556
4559
4560
4552
4553
4554
4555
4552
4553
4552
4554
4557
4553
4554
4559
4561
4559
4560
4561
4559
4560
4570
4559
4561
5256
4560
4561
4572
5257
4574
5259
4566
4567
4568
4576
4566
4567
4566
4568
4567
4568
4577
4580
4581
4573
4574
4575
4576
4573
4574
4573
4575
4578
4574
4575
4580
4582
4580
4581
4582
4580
4581
4591
4580
4582
5277
4581
4582
4593
5278
4595
5280
4587
4588
4589
4597
4587
4588
4587
4589
4588
4589
4598
4601
4602
4594
4595
4596
4597
4594
4595
4594
4596
4599
4595
4596
4601
4603
4601
4602
4603
4601
4602
4612
4601
4603
5298
4602
4603
4614
5299
4616
5301
4608
4609
4610
4618
4608
4609
4608
4610
4609
4610
4619
4622
4623
4615
4616
4617
4618
4615
4616
4615
4617
4620
4616
4617
4622
4624
4622
4623
4624
4622
4623
4622
4624
5319
4623
4624
5320
5322
4629
4630
4631
4639
4653
4629
4630
4629
4631
4640
4630
4631
4654
4643
4657
4644
4658
4636
4637
4638
4639
4660
4636
4637
4636
4638
4641
4637
4638
4661
4643
4664
4645
4665
4643
4644
4645
4667
4643
4644
4682
4643
4645
4920
4644
4645
4668
4684
4922
4671
4686
4672
4924
4650
4651
4652
4653
4660
4650
4651
4650
4652
4655
4651
4652
4662
4657
4664
4659
4666
4657
4658
4659
4667
4657
4658
4696
4657
4659
5340
4658
4659
4669
4698
5341
4671
4700
4673
5343
4664
4665
4666
4667
4664
4665
4941
4664
4666
5347
4665
4666
4670
4942
5348
4672
4944
4673
5350
4671
4672
4673
4671
4672
4710
4948
4671
4673
4711
5354
4672
4673
4949
5355
4713
4951
5357
4678
4679
4680
4688
4702
4678
4679
4678
4680
4689
4679
4680
4703
4692
4706
4693
4707
4685
4686
4687
4688
4709
4685
4686
4685
4687
4690
4686
4687
4710
4692
4713
4694
4714
4692
4693
4694
4716
4692
4693
4731
4692
4694
4969
4693
4694
4717
4733
4971
4720
4735
4721
4973
4699
4700
4701
4702
4709
4699
4700
4699
4701
4704
4700
4701
4711
4706
4713
4708
4715
4706
4707
4708
4716
4706
4707
4745
4706
4708
5389
4707
4708
4718
4747
5390
4720
4749
4722
5392
4713
4714
4715
4716
4713
4714
4990
4713
4715
5396
4714
4715
4719
4991
5397
4721
4993
4722
5399
4720
4721
4722
4720
4721
4759
4997
4720
4722
4760
5403
4721
4722
4998
5404
4762
5000
5406
4727
4728
4729
4737
4751
4727
4728
4727
4729
4738
4728
4729
4752
4741
4755
4742
4756
4734
4735
4736
4737
4758
4734
4735
4734
4736
4739
4735
4736
4759
4741
4762
4743
4763
4741
4742
4743
4765
4741
4742
4780
4741
4743
5018
4742
4743
4766
4782
5020
4769
4784
4770
5022
4748
4749
4750
4751
4758
4748
4749
4748
4750
4753
4749
4750
4760
4755
4762
4757
4764
4755
4756
4757
4765
4755
4756
4794
4755
4757
5438
4756
4757
4767
4796
5439
4769
4798
4771
5441
4762
4763
4764
4765
4762
4763
5039
4762
4764
5445
4763
4764
4768
5040
5446
4770
5042
4771
5448
4769
4770
4771
4769
4770
4808
5046
4769
4771
4809
5452
4770
4771
5047
5453
4811
5049
5455
4776
4777
4778
4786
4800
4776
4777
4776
4778
4787
4777
4778
4801
4790
4804
4791
4805
4783
4784
4785
4786
4807
4783
4784
4783
4785
4788
4784
4785
4808
4790
4811
4792
4812
4790
4791
4792
4814
4790
4791
4829
4790
4792
5067
4791
4792
4815
4831
5069
4818
4833
4819
5071
4797
4798
4799
4800
4807
4797
4798
4797
4799
4802
4798
4799
4809
4804
4811
4806
4813
4804
4805
4806
4814
4804
4805
4843
4804
4806
5487
4805
4806
4816
4845
5488
4818
4847
4820
5490
4811
4812
4813
4814
4811
4812
5088
4811
4813
5494
4812
4813
4817
5089
5495
4819
5091
4820
5497
4818
4819
4820
4818
4819
4857
5095
4818
4820
4858
5501
4819
4820
5096
5502
4860
5098
5504
4825
4826
4827
4835
4849
4825
4826
4825
4827
4836
4826
4827
4850
4839
4853
4840
4854
4832
4833
4834
4835
4856
4832
4833
4832
4834
4837
4833
4834
4857
4839
4860
4841
4861
4839
4840
4841
4863
4839
4840
4878
4839
4841
5116
4840
4841
4864
4880
5118
4867
4882
4868
5120
4846
4847
4848
4849
4856
4846
4847
4846
4848
4851
4847
4848
4858
4853
4860
4855
4862
4853
4854
4855
4863
4853
4854
4892
4853
4855
5536
4854
4855
4865
4894
5537
4867
4896
4869
5539
4860
4861
4862
4863
4860
4861
5137
4860
4862
5543
4861
4862
4866
5138
5544
4868
5140
4869
5546
4867
4868
4869
4867
4868
4906
5144
4867
4869
4907
5550
4868
4869
5145
5551
4909
5147
5553
4874
4875
4876
4884
4898
4874
4875
4874
4876
4885
4875
4876
4899
4888
4902
4889
4903
4881
4882
4883
4884
4905
4881
4882
4881
4883
4886
4882
4883
4906
4888
4909
4890
4910
4888
4889
4890
4912
4888
4889
4888
4890
5165
4889
4890
4913
5167
4916
4917
5169
4895
4896
4897
4898
4905
4895
4896
4895
4897
4900
4896
4897
4907
4902
4909
4904
4911
4902
4903
4904
4912
4902
4903
4902
4904
5585
4903
4904
4914
5586
4916
4918
5588
4909
4910
4911
4912
4909
4910
5186
4909
4911
5592
4910
4911
4915
5187
5593
4917
5189
4918
5595
4916
4917
4918
4916
4917
5193
4916
4918
5599
4917
4918
5194
5600
5196
5602
4923
4924
4925
4933
4947
4923
4924
4923
4925
4934
4924
4925
4948
4937
4951
4938
4952
4930
4931
4932
4933
4954
4930
4931
4930
4932
4935
4931
4932
4955
4937
4958
4939
4959
4937
4938
4939
4961
4937
4938
4976
4937
4939
5214
4938
4939
4962
4978
5216
4965
4980
4966
5218
4944
4945
4946
4947
4954
4944
4945
4944
4946
4949
4945
4946
4956
4951
4958
4953
4960
4951
4952
4953
4961
4951
4952
4990
4951
4953
5634
4952
4953
4963
4992
5635
4965
4994
4967
5637
4958
4959
4960
4961
4958
4959
5221
4958
4960
5641
4959
4960
4964
5222
5642
4966
5224
4967
5644
4965
4966
4967
4965
4966
5004
5228
4965
4967
5005
5648
4966
4967
5229
5649
5007
5231
5651
4972
4973
4974
4982
4996
4972
4973
4972
4974
4983
4973
4974
4997
4986
5000
4987
5001
4979
4980
4981
4982
5003
4979
4980
4979
4981
4984
4980
4981
5004
4986
5007
4988
5008
4986
4987
4988
5010
4986
4987
5025
4986
4988
5235
4987
4988
5011
5027
5237
5014
5029
5015
5239
4993
4994
4995
4996
5003
4993
4994
4993
4995
4998
4994
4995
5005
5000
5007
5002
5009
5000
5001
5002
5010
5000
5001
5039
5000
5002
5683
5001
5002
5012
5041
5684
5014
5043
5016
5686
5007
5008
5009
5010
5007
5008
5242
5007
5009
5690
5008
5009
5013
5243
5691
5015
5245
5016
5693
5014
5015
5016
5014
5015
5053
5249
5014
5016
5054
5697
5015
5016
5250
5698
5056
5252
5700
5021
5022
5023
5031
5045
5021
5022
5021
5023
5032
5022
5023
5046
5035
5049
5036
5050
5028
5029
5030
5031
5052
5028
5029
5028
5030
5033
5029
5030
5053
5035
5056
5037
5057
5035
5036
5037
5059
5035
5036
5074
5035
5037
5256
5036
5037
5060
5076
5258
5063
5078
5064
5260
5042
5043
5044
5045
5052
5042
5043
5042
5044
5047
5043
5044
5054
5049
5056
5051
5058
5049
5050
5051
5059
5049
5050
5088
5049
5051
5732
5050
5051
5061
5090
5733
5063
5092
5065
5735
5056
5057
5058
5059
5056
5057
5263
5056
5058
5739
5057
5058
5062
5264
5740
5064
5266
5065
5742
5063
5064
5065
5063
5064
5102
5270
5063
5065
5103
5746
5064
5065
5271
5747
5105
5273
5749
5070
5071
5072
5080
5094
5070
5071
5070
5072
5081
5071
5072
5095
5084
5098
5085
5099
5077
5078
5079
5080
5101
5077
5078
5077
5079
5082
5078
5079
5102
5084
5105
5086
5106
5084
5085
5086
5108
5084
5085
5123
5084
5086
5277
5085
5086
5109
5125
5279
5112
5127
5113
5281
5091
5092
5093
5094
5101
5091
5092
5091
5093
5096
5092
5093
5103
5098
5105
5100
5107
5098
5099
5100
5108
5098
5099
5137
5098
5100
5781
5099
5100
5110
5139
5782
5112
5141
5114
5784
5105
5106
5107
5108
5105
5106
5284
5105
5107
5788
5106
5107
5111
5285
5789
5113
5287
5114
5791
5112
5113
5114
5112
5113
5151
5291
5112
5114
5152
5795
5113
5114
5292
5796
5154
5294
5798
5119
5120
5121
5129
5143
5119
5120
5119
5121
5130
5120
5121
5144
5133
5147
5134
5148
5126
5127
5128
5129
5150
5126
5127
5126
5128
5131
5127
5128
5151
5133
5154
5135
5155
5133
5134
5135
5157
5133
5134
5172
5133
5135
5298
5134
5135
5158
5174
5300
5161
5176
5162
5302
5140
5141
5142
5143
5150
5140
5141
5140
5142
5145
5141
5142
5152
5147
5154
5149
5156
5147
5148
5149
5157
5147
5148
5186
5147
5149
5830
5148
5149
5159
5188
5831
5161
5190
5163
5833
5154
5155
5156
5157
5154
5155
5305
5154
5156
5837
5155
5156
5160
5306
5838
5162
5308
5163
5840
5161
5162
5163
5161
5162
5200
5312
5161
5163
5201
5844
5162
5163
5313
5845
5203
5315
5847
5168
5169
5170
5178
5192
5168
5169
5168
5170
5179
5169
5170
5193
5182
5196
5183
5197
5175
5176
5177
5178
5199
5175
5176
5175
5177
5180
5176
5177
5200
5182
5203
5184
5204
5182
5183
5184
5206
5182
5183
5182
5184
5319
5183
5184
5207
5321
5210
5211
5323
5189
5190
5191
5192
5199
5189
5190
5189
5191
5194
5190
5191
5201
5196
5203
5198
5205
5196
5197
5198
5206
5196
5197
5196
5198
5879
5197
5198
5208
5880
5210
5212
5882
5203
5204
5205
5206
5203
5204
5326
5203
5205
5886
5204
5205
5209
5327
5887
5211
5329
5212
5889
5210
5211
5212
5210
5211
5333
5210
5212
5893
5211
5212
5334
5894
5336
5896
5217
5218
5219
5227
5217
5218
5217
5219
5218
5219
5228
5231
5232
5224
5225
5226
5227
5224
5225
5224
5226
5229
5225
5226
5231
5233
5231
5232
5233
5231
5232
5242
5231
5233
5928
5232
5233
5244
5929
5246
5931
5238
5239
5240
5248
5238
5239
5238
5240
5239
5240
5249
5252
5253
5245
5246
5247
5248
5245
5246
5245
5247
5250
5246
5247
5252
5254
5252
5253
5254
5252
5253
5263
5252
5254
5949
5253
5254
5265
5950
5267
5952
5259
5260
5261
5269
5259
5260
5259
5261
5260
5261
5270
5273
5274
5266
5267
5268
5269
5266
5267
5266
5268
5271
5267
5268
5273
5275
5273
5274
5275
5273
5274
5284
5273
5275
5970
5274
5275
5286
5971
5288
5973
5280
5281
5282
5290
5280
5281
5280
5282
5281
5282
5291
5294
5295
5287
5288
5289
5290
5287
5288
5287
5289
5292
5288
5289
5294
5296
5294
5295
5296
5294
5295
5305
5294
5296
5991
5295
5296
5307
5992
5309
5994
5301
5302
5303
5311
5301
5302
5301
5303
5302
5303
5312
5315
5316
5308
5309
5310
5311
5308
5309
5308
5310
5313
5309
5310
5315
5317
5315
5316
5317
5315
5316
5326
5315
5317
6012
5316
5317
5328
6013
5330
6015
5322
5323
5324
5332
5322
5323
5322
5324
5323
5324
5333
5336
5337
5329
5330
5331
5332
5329
5330
5329
5331
5334
5330
5331
5336
5338
5336
5337
5338
5336
5337
5336
5338
6033
5337
5338
6034
6036
5343
5344
5345
5353
5367
5343
5344
5343
5345
5354
5344
5345
5368
5357
5371
5358
5372
5350
5351
5352
5353
5374
5350
5351
5350
5352
5355
5351
5352
5375
5357
5378
5359
5379
5357
5358
5359
5381
5357
5358
5396
5357
5359
5634
5358
5359
5382
5398
5636
5385
5400
5386
5638
5364
5365
5366
5367
5374
5364
5365
5364
5366
5369
5365
5366
5376
5371
5378
5373
5380
5371
5372
5373
5381
5371
5372
5410
5371
5373
5372
5373
5383
5412
5385
5414
5387
5378
5379
5380
5381
5378
5379
5655
5378
5380
5379
5380
5384
5656
5386
5658
5387
5385
5386
5387
5385
5386
5424
5662
5385
5387
5425
5386
5387
5663
5427
5665
5392
5393
5394
5402
5416
5392
5393
5392
5394
5403
5393
5394
5417
5406
5420
5407
5421
5399
5400
5401
5402
5423
5399
5400
5399
5401
5404
5400
5401
5424
5406
5427
5408
5428
5406
5407
5408
5430
5406
5407
5445
5406
5408
5683
5407
5408
5431
5447
5685
5434
5449
5435
5687
5413
5414
5415
5416
5423
5413
5414
5413
5415
5418
5414
5415
5425
5420
5427
5422
5429
5420
5421
5422
5430
5420
5421
5459
5420
5422
5421
5422
5432
5461
5434
5463
5436
5427
5428
5429
5430
5427
5428
5704
5427
5429
5428
5429
5433
5705
5435
5707
5436
5434
5435
5436
5434
5435
5473
5711
5434
5436
5474
5435
5436
5712
5476
5714
5441
5442
5443
5451
5465
5441
5442
5441
5443
5452
5442
5443
5466
5455
5469
5456
5470
5448
5449
5450
5451
5472
5448
5449
5448
5450
5453
5449
5450
5473
5455
5476
5457
5477
5455
5456
5457
5479
5455
5456
5494
5455
5457
5732
5456
5457
5480
5496
5734
5483
5498
5484
5736
5462
5463
5464
5465
5472
5462
5463
5462
5464
5467
5463
5464
5474
5469
5476
5471
5478
5469
5470
5471
5479
5469
5470
5508
5469
5471
5470
5471
5481
5510
5483
5512
5485
5476
5477
5478
5479
5476
5477
5753
5476
5478
5477
5478
5482
5754
5484
5756
5485
5483
5484
5485
5483
5484
5522
5760
5483
5485
5523
5484
5485
5761
5525
5763
5490
5491
5492
5500
5514
5490
5491
5490
5492
5501
5491
5492
5515
5504
5518
5505
5519
5497
5498
5499
5500
5521
5497
5498
5497
5499
5502
5498
5499
5522
5504
5525
5506
5526
5504
5505
5506
5528
5504
5505
5543
5504
5506
5781
5505
5506
5529
5545
5783
5532
5547
5533
5785
5511
5512
5513
5514
5521
5511
5512
5511
5513
5516
5512
5513
5523
5518
5525
5520
5527
5518
5519
5520
5528
5518
5519
5557
5518
5520
5519
5520
5530
5559
5532
5561
5534
5525
5526
5527
5528
5525
5526
5802
5525
5527
5526
5527
5531
5803
5533
5805
5534
5532
5533
5534
5532
5533
5571
5809
5532
5534
5572
5533
5534
5810
5574
5812
5539
5540
5541
5549
5563
5539
5540
5539
5541
5550
5540
5541
5564
5553
5567
5554
5568
5546
5547
5548
5549
5570
5546
5547
5546
5548
5551
5547
5548
5571
5553
5574
5555
5575
5553
5554
5555
5577
5553
5554
5592
5553
5555
5830
5554
5555
5578
5594
5832
5581
5596
5582
5834
5560
5561
5562
5563
5570
5560
5561
5560
5562
5565
5561
5562
5572
5567
5574
5569
5576
5567
5568
5569
5577
5567
5568
5606
5567
5569
5568
5569
5579
5608
5581
5610
5583
5574
5575
5576
5577
5574
5575
5851
5574
5576
5575
5576
5580
5852
5582
5854
5583
5581
5582
5583
5581
5582
5620
5858
5581
5583
5621
5582
5583
5859
5623
5861
5588
5589
5590
5598
5612
5588
5589
5588
5590
5599
5589
5590
5613
5602
5616
5603
5617
5595
5596
5597
5598
5619
5595
5596
5595
5597
5600
5596
5597
5620
5602
5623
5604
5624
5602
5603
5604
5626
5602
5603
5602
5604
5879
5603
5604
5627
5881
5630
5631
5883
5609
5610
5611
5612
5619
5609
5610
5609
5611
5614
5610
5611
5621
5616
5623
5618
5625
5616
5617
5618
5626
5616
5617
5616
5618
5617
5618
5628
5630
5632
5623
5624
5625
5626
5623
5624
5900
5623
5625
5624
5625
5629
5901
5631
5903
5632
5630
5631
5632
5630
5631
5907
5630
5632
5631
5632
5908
5910
5637
5638
5639
5647
5661
5637
5638
5637
5639
5648
5638
5639
5662
5651
5665
5652
5666
5644
5645
5646
5647
5668
5644
5645
5644
5646
5649
5645
5646
5669
5651
5672
5653
5673
5651
5652
5653
5675
5651
5652
5690
5651
5653
5928
5652
5653
5676
5692
5930
5679
5694
5680
5932
5658
5659
5660
5661
5668
5658
5659
5658
5660
5663
5659
5660
5670
5665
5672
5667
5674
5665
5666
5667
5675
5665
5666
5704
5665
5667
5666
5667
5677
5706
5679
5708
5681
5672
5673
5674
5675
5672
5673
5935
5672
5674
5673
5674
5678
5936
5680
5938
5681
5679
5680
5681
5679
5680
5718
5942
5679
5681
5719
5680
5681
5943
5721
5945
5686
5687
5688
5696
5710
5686
5687
5686
5688
5697
5687
5688
5711
5700
5714
5701
5715
5693
5694
5695
5696
5717
5693
5694
5693
5695
5698
5694
5695
5718
5700
5721
5702
5722
5700
5701
5702
5724
5700
5701
5739
5700
5702
5949
5701
5702
5725
5741
5951
5728
5743
5729
5953
5707
5708
5709
5710
5717
5707
5708
5707
5709
5712
5708
5709
5719
5714
5721
5716
5723
5714
5715
5716
5724
5714
5715
5753
5714
5716
5715
5716
5726
5755
5728
5757
5730
5721
5722
5723
5724
5721
5722
5956
5721
5723
5722
5723
5727
5957
5729
5959
5730
5728
5729
5730
5728
5729
5767
5963
5728
5730
5768
5729
5730
5964
5770
5966
5735
5736
5737
5745
5759
5735
5736
5735
5737
5746
5736
5737
5760
5749
5763
5750
5764
5742
5743
5744
5745
5766
5742
5743
5742
5744
5747
5743
5744
5767
5749
5770
5751
5771
5749
5750
5751
5773
5749
5750
5788
5749
5751
5970
5750
5751
5774
5790
5972
5777
5792
5778
5974
5756
5757
5758
5759
5766
5756
5757
5756
5758
5761
5757
5758
5768
5763
5770
5765
5772
5763
5764
5765
5773
5763
5764
5802
5763
5765
5764
5765
5775
5804
5777
5806
5779
5770
5771
5772
5773
5770
5771
5977
5770
5772
5771
5772
5776
5978
5778
5980
5779
5777
5778
5779
5777
5778
5816
5984
5777
5779
5817
5778
5779
5985
5819
5987
5784
5785
5786
5794
5808
5784
5785
5784
5786
5795
5785
5786
5809
5798
5812
5799
5813
5791
5792
5793
5794
5815
5791
5792
5791
5793
5796
5792
5793
5816
5798
5819
5800
5820
5798
5799
5800
5822
5798
5799
5837
5798
5800
5991
5799
5800
5823
5839
5993
5826
5841
5827
5995
5805
5806
5807
5808
5815
5805
5806
5805
5807
5810
5806
5807
5817
5812
5819
5814
5821
5812
5813
5814
5822
5812
5813
5851
5812
5814
5813
5814
5824
5853
5826
5855
5828
5819
5820
5821
5822
5819
5820
5998
5819
5821
5820
5821
5825
5999
5827
6001
5828
5826
5827
5828
5826
5827
5865
6005
5826
5828
5866
5827
5828
6006
5868
6008
5833
5834
5835
5843
5857
5833
5834
5833
5835
5844
5834
5835
5858
5847
5861
5848
5862
5840
5841
5842
5843
5864
5840
5841
5840
5842
5845
5841
5842
5865
5847
5868
5849
5869
5847
5848
5849
5871
5847
5848
5886
5847
5849
6012
5848
5849
5872
5888
6014
5875
5890
5876
6016
5854
5855
5856
5857
5864
5854
5855
5854
5856
5859
5855
5856
5866
5861
5868
5863
5870
5861
5862
5863
5871
5861
5862
5900
5861
5863
5862
5863
5873
5902
5875
5904
5877
5868
5869
5870
5871
5868
5869
6019
5868
5870
5869
5870
5874
6020
5876
6022
5877
5875
5876
5877
5875
5876
5914
6026
5875
5877
5915
5876
5877
6027
5917
6029
5882
5883
5884
5892
5906
5882
5883
5882
5884
5893
5883
5884
5907
5896
5910
5897
5911
5889
5890
5891
5892
5913
5889
5890
5889
5891
5894
5890
5891
5914
5896
5917
5898
5918
5896
5897
5898
5920
5896
5897
5896
5898
6033
5897
5898
5921
6035
5924
5925
6037
5903
5904
5905
5906
5913
5903
5904
5903
5905
5908
5904
5905
5915
5910
5917
5912
5919
5910
5911
5912
5920
5910
5911
5910
5912
5911
5912
5922
5924
5926
5917
5918
5919
5920
5917
5918
6040
5917
5919
5918
5919
5923
6041
5925
6043
5926
5924
5925
5926
5924
5925
6047
5924
5926
5925
5926
6048
6050
5931
5932
5933
5941
5931
5932
5931
5933
5932
5933
5942
5945
5946
5938
5939
5940
5941
5938
5939
5938
5940
5943
5939
5940
5945
5947
5945
5946
5947
5945
5946
5956
5945
5947
5946
5947
5958
5960
5952
5953
5954
5962
5952
5953
5952
5954
5953
5954
5963
5966
5967
5959
5960
5961
5962
5959
5960
5959
5961
5964
5960
5961
5966
5968
5966
5967
5968
5966
5967
5977
5966
5968
5967
5968
5979
5981
5973
5974
5975
5983
5973
5974
5973
5975
5974
5975
5984
5987
5988
5980
5981
5982
5983
5980
5981
5980
5982
5985
5981
5982
5987
5989
5987
5988
5989
5987
5988
5998
5987
5989
5988
5989
6000
6002
5994
5995
5996
6004
5994
5995
5994
5996
5995
5996
6005
6008
6009
6001
6002
6003
6004
6001
6002
6001
6003
6006
6002
6003
6008
6010
6008
6009
6010
6008
6009
6019
6008
6010
6009
6010
6021
6023
6015
6016
6017
6025
6015
6016
6015
6017
6016
6017
6026
6029
6030
6022
6023
6024
6025
6022
6023
6022
6024
6027
6023
6024
6029
6031
6029
6030
6031
6029
6030
6040
6029
6031
6030
6031
6042
6044
6036
6037
6038
6046
6036
6037
6036
6038
6037
6038
6047
6050
6051
6043
6044
6045
6046
6043
6044
6043
6045
6048
6044
6045
6050
6052
6050
6051
6052
6050
6051
6050
6052
6051
6052
)


// ************************************************************************* //
