/*--------------------------------*- C++ -*----------------------------------*\
| =========                 |                                                 |
| \\      /  F ield         | OpenFOAM: The Open Source CFD Toolbox           |
|  \\    /   O peration     | Version:  2412                                  |
|   \\  /    A nd           | Website:  www.openfoam.com                      |
|    \\/     M anipulation  |                                                 |
\*---------------------------------------------------------------------------*/
FoamFile
{
    version     2.0;
    format      ascii;
    arch        "LSB;label=32;scalar=64";
    class       volScalarField;
    location    "0.8";
    object      p_rgh;
}
// * * * * * * * * * * * * * * * * * * * * * * * * * * * * * * * * * * * * * //

dimensions      [1 -1 -2 0 0 0 0];

internalField   nonuniform List<scalar> 
1000
(
556.021
15.8731
12.5962
11.3694
10.5813
10.5813
11.37
12.5965
15.8734
556.022
15.8731
10.6786
10.7068
10.4499
10.4035
10.4035
10.45
10.7068
10.6787
15.8732
12.5961
10.7068
11.1973
10.5484
10.5568
10.5568
10.5484
11.1972
10.7067
12.5963
11.3693
10.4499
10.5484
10.3929
10.527
10.527
10.3929
10.5484
10.4498
11.3693
10.5813
10.4035
10.5568
10.527
10.4683
10.4683
10.527
10.5568
10.4035
10.5813
10.5813
10.4035
10.5568
10.5271
10.4683
10.4683
10.5271
10.5568
10.4036
10.5813
11.3702
10.45
10.5484
10.3929
10.527
10.527
10.3929
10.5484
10.4499
11.3701
12.5966
10.7068
11.1972
10.5485
10.5568
10.5568
10.5485
11.1972
10.7068
12.5966
15.8735
10.6787
10.7068
10.4499
10.4036
10.4036
10.4499
10.7068
10.6787
15.8735
556.023
15.8732
12.5963
11.3695
10.5813
10.5813
11.3699
12.5966
15.8734
556.023
573.781
15.6538
12.4384
11.1488
10.5039
10.5039
11.1479
12.4387
15.654
573.782
15.6538
10.5998
10.7265
10.4153
10.337
10.337
10.4153
10.7265
10.5999
15.6538
12.4383
10.7264
11.0813
10.4971
10.4965
10.4965
10.497
11.0813
10.7264
12.4385
11.1489
10.4153
10.4971
10.4422
10.5048
10.5048
10.4422
10.4971
10.4153
11.1487
10.5039
10.337
10.4965
10.5048
10.3909
10.3909
10.5048
10.4965
10.337
10.5039
10.5039
10.337
10.4965
10.5048
10.3909
10.3909
10.5048
10.4965
10.337
10.5039
11.1474
10.4153
10.497
10.4422
10.5048
10.5048
10.4422
10.4971
10.4154
11.1474
12.4388
10.7266
11.0813
10.4971
10.4965
10.4965
10.4971
11.0813
10.7265
12.4389
15.6542
10.5999
10.7264
10.4153
10.337
10.337
10.4153
10.7265
10.6
15.6542
573.782
15.6539
12.4386
11.1486
10.5039
10.5039
11.1479
12.4389
15.6541
573.783
591.309
15.453
12.4738
11.5109
10.4303
10.4303
11.5101
12.4741
15.4532
591.309
15.4529
10.6761
10.8455
10.4541
10.2674
10.2674
10.4541
10.8456
10.6762
15.453
12.4738
10.8455
10.9509
10.4634
10.433
10.433
10.4634
10.9509
10.8455
12.4739
11.511
10.4541
10.4634
10.384
10.3468
10.3468
10.384
10.4635
10.4541
11.5109
10.4303
10.2674
10.433
10.3468
10.3037
10.3037
10.3468
10.433
10.2674
10.4303
10.4303
10.2674
10.433
10.3468
10.3038
10.3038
10.3468
10.433
10.2674
10.4303
11.5097
10.4541
10.4634
10.384
10.3468
10.3468
10.384
10.4635
10.4541
11.5097
12.4742
10.8456
10.9509
10.4635
10.433
10.433
10.4635
10.9509
10.8457
12.4743
15.4533
10.6762
10.8455
10.4541
10.2674
10.2674
10.4541
10.8456
10.6763
15.4534
591.31
15.4531
12.474
11.5108
10.4303
10.4303
11.5101
12.4743
15.4533
591.311
614.68
15.3906
12.6873
11.9534
10.3479
10.3479
11.9535
12.6875
15.3908
614.681
15.3906
10.8597
10.8597
10.3969
10.1846
10.1846
10.3969
10.8597
10.8599
15.3907
12.6872
10.8597
10.8536
10.3855
10.316
10.316
10.3855
10.8536
10.8597
12.6874
11.9533
10.3969
10.3855
10.2976
10.181
10.181
10.2976
10.3855
10.3969
11.9534
10.3479
10.1846
10.316
10.181
10.2117
10.2117
10.181
10.316
10.1846
10.3479
10.3479
10.1846
10.316
10.181
10.2117
10.2117
10.181
10.316
10.1846
10.3479
11.9535
10.3969
10.3855
10.2976
10.181
10.181
10.2976
10.3855
10.3969
11.9535
12.6876
10.8596
10.8536
10.3855
10.316
10.316
10.3855
10.8536
10.8596
12.6876
15.3909
10.8599
10.8597
10.3969
10.1846
10.1846
10.3969
10.8596
10.86
15.391
614.682
15.3907
12.6874
11.9534
10.3479
10.3479
11.9535
12.6876
15.3909
614.682
633.709
15.3656
12.6064
11.9717
10.254
10.254
11.9722
12.6066
15.3658
633.71
15.3656
11.0608
10.7742
10.2794
10.0915
10.0915
10.2794
10.7741
11.0608
15.3657
12.6064
10.7742
10.8452
10.2238
10.1903
10.1903
10.2238
10.8451
10.7741
12.6064
11.9716
10.2794
10.2238
10.0932
10.0884
10.0884
10.0932
10.2238
10.2794
11.9716
10.254
10.0915
10.1903
10.0884
10.1238
10.1238
10.0884
10.1903
10.0915
10.254
10.254
10.0915
10.1903
10.0884
10.1238
10.1238
10.0884
10.1903
10.0915
10.254
11.9725
10.2794
10.2238
10.0932
10.0884
10.0884
10.0932
10.2238
10.2794
11.9724
12.6067
10.774
10.8451
10.2238
10.1903
10.1903
10.2238
10.8451
10.774
12.6067
15.3659
11.0609
10.7741
10.2794
10.0915
10.0915
10.2794
10.7741
11.0609
15.3659
633.711
15.3657
12.6064
11.9717
10.254
10.254
11.9722
12.6066
15.3659
633.711
651.705
15.1774
12.0298
11.4221
10.1525
10.1525
11.4222
12.0299
15.1775
651.706
15.1774
10.9663
10.7363
10.1612
9.99673
9.99672
10.1612
10.7363
10.966
15.1775
12.0298
10.7363
10.9866
10.0964
10.084
10.084
10.0964
10.9866
10.7363
12.0299
11.4221
10.1612
10.0964
9.9741
10.0045
10.0045
9.9741
10.0964
10.1612
11.422
10.1525
9.99673
10.084
10.0045
10.0397
10.0397
10.0045
10.084
9.99673
10.1525
10.1525
9.99672
10.084
10.0045
10.0397
10.0397
10.0045
10.084
9.99672
10.1525
11.4222
10.1612
10.0964
9.9741
10.0045
10.0045
9.9741
10.0964
10.1612
11.4222
12.03
10.7363
10.9866
10.0964
10.084
10.084
10.0964
10.9866
10.7363
12.03
15.1775
10.9657
10.7363
10.1612
9.99673
9.99672
10.1612
10.7363
10.9658
15.1776
651.707
15.1775
12.0299
11.422
10.1525
10.1525
11.4221
12.03
15.1776
651.708
492.656
14.9126
11.3311
10.7274
10.0458
10.0458
10.7273
11.3311
14.9127
492.651
14.9127
10.9542
11.0674
10.05
9.90515
9.90515
10.05
11.0675
10.9542
14.9127
11.3311
11.0674
11.3034
10.0118
9.98668
9.98668
10.0118
11.3034
11.0676
11.3311
10.7274
10.05
10.0118
9.88624
9.92188
9.92187
9.88624
10.0118
10.05
10.7273
10.0458
9.90516
9.98668
9.92188
9.9551
9.9551
9.92188
9.98668
9.90515
10.0458
10.0458
9.90514
9.98668
9.92187
9.9551
9.9551
9.92188
9.98668
9.90514
10.0458
10.7273
10.0499
10.0118
9.88624
9.92188
9.92188
9.88624
10.0118
10.0499
10.7273
11.3311
11.0676
11.3034
10.0118
9.98668
9.98668
10.0118
11.3034
11.0676
11.3311
14.9127
10.9543
11.0677
10.0499
9.90515
9.90515
10.0499
11.0676
10.9543
14.9128
492.647
14.9127
11.3311
10.7273
10.0458
10.0458
10.7272
11.3311
14.9128
492.644
200.996
14.9303
10.7342
10.2547
9.92844
9.92844
10.2547
10.7342
14.9305
200.993
14.9303
12.018
11.9435
9.91268
9.81806
9.81806
9.91267
11.9432
12.0199
14.9306
10.7342
11.9435
11.2613
9.93543
9.89428
9.89428
9.93542
11.2612
11.9432
10.7342
10.2547
9.91268
9.93542
9.80819
9.84134
9.84134
9.80819
9.93542
9.91267
10.2547
9.92844
9.81806
9.89428
9.84134
9.87146
9.87146
9.84134
9.89428
9.81806
9.92844
9.92844
9.81805
9.89428
9.84134
9.87146
9.87146
9.84134
9.89428
9.81805
9.92844
10.2547
9.91266
9.93543
9.80819
9.84134
9.84134
9.80819
9.93542
9.91265
10.2547
10.7342
11.9432
11.2613
9.93542
9.89429
9.89428
9.93542
11.2613
11.9431
10.7342
14.9306
12.0213
11.9432
9.91266
9.81806
9.81806
9.91265
11.9432
12.021
14.9307
200.991
14.9308
10.7342
10.2547
9.92844
9.92844
10.2547
10.7342
14.9308
200.99
88.8703
15.5294
10.9102
9.96566
9.81466
9.81466
9.96567
10.9102
15.5294
88.8694
15.5294
15.0569
13.2374
9.78695
9.74607
9.74607
9.78694
13.2375
15.0563
15.5297
10.9102
13.2374
10.9635
9.83638
9.8105
9.8105
9.83638
10.9635
13.2375
10.9103
9.96565
9.78695
9.83638
9.73334
9.7649
9.7649
9.73334
9.83637
9.78694
9.96566
9.81466
9.74607
9.8105
9.7649
9.79034
9.79034
9.76491
9.8105
9.74607
9.81466
9.81466
9.74606
9.8105
9.7649
9.79034
9.79034
9.7649
9.8105
9.74607
9.81466
9.96568
9.78694
9.83638
9.73334
9.76491
9.7649
9.73334
9.83638
9.78694
9.96569
10.9102
13.2372
10.9635
9.83638
9.8105
9.8105
9.83637
10.9635
13.2373
10.9103
15.5295
15.0556
13.2371
9.78694
9.74607
9.74607
9.78693
13.2373
15.0558
15.5296
88.8687
15.5298
10.9103
9.96566
9.81466
9.81466
9.96568
10.9103
15.5297
88.8682
40.8151
15.324
13.1924
9.68597
9.69925
9.69925
9.68598
13.1926
15.3239
40.8148
15.324
12.4107
12.3026
9.73037
9.67991
9.67991
9.73036
12.3025
12.4098
15.3242
13.1925
12.3025
10.2519
9.71891
9.72579
9.72579
9.71891
10.2519
12.3024
13.1927
9.68596
9.73037
9.71891
9.66722
9.69155
9.69155
9.66722
9.7189
9.73036
9.68597
9.69925
9.67991
9.72579
9.69155
9.70949
9.70949
9.69155
9.72579
9.67991
9.69926
9.69925
9.67991
9.72579
9.69155
9.70949
9.70949
9.69155
9.72579
9.67991
9.69925
9.68598
9.73037
9.71891
9.66722
9.69155
9.69155
9.66722
9.71891
9.73036
9.68598
13.1926
12.3026
10.2519
9.7189
9.72579
9.72579
9.7189
10.2518
12.3024
13.1928
15.3238
12.4091
12.3024
9.73036
9.67991
9.67991
9.73035
12.3023
12.4092
15.324
40.8146
15.3242
13.1928
9.68597
9.69926
9.69925
9.68597
13.1928
15.3241
40.8144
)
;

boundaryField
{
    bottom
    {
        type            fixedFluxPressure;
        gradient        nonuniform List<scalar> 0();
        value           nonuniform List<scalar> 0();
    }
    atmosphere
    {
        type            prghTotalPressure;
        p0              uniform 0;
        value           nonuniform List<scalar> 
100
(
39.9942
15.4527
13.1441
9.57067
9.65446
9.65446
9.57068
13.1443
15.4525
39.9936
15.4527
12.6914
12.3195
9.58546
9.63718
9.63718
9.58546
12.3195
12.6898
15.4529
13.1441
12.3195
9.76816
9.66349
9.68002
9.68002
9.66349
9.76816
12.3193
13.1444
9.57067
9.58546
9.66349
9.633
9.6538
9.6538
9.633
9.66349
9.58546
9.57067
9.65446
9.63718
9.68002
9.6538
9.66952
9.66952
9.6538
9.68002
9.63718
9.65446
9.65446
9.63718
9.68002
9.6538
9.66952
9.66952
9.6538
9.68002
9.63718
9.65446
9.57067
9.58546
9.66349
9.633
9.6538
9.6538
9.633
9.66349
9.58546
9.57067
13.1442
12.3194
9.76816
9.66349
9.68002
9.68002
9.66349
9.76816
12.3193
13.1445
15.4526
12.6904
12.3193
9.58546
9.63718
9.63718
9.58546
12.3193
12.6899
15.4528
39.9939
15.4529
13.1443
9.57067
9.65446
9.65446
9.57067
13.1445
15.4526
39.9934
)
;
    }
    walls
    {
        type            fixedFluxPressure;
        gradient        uniform 0;
        value           nonuniform List<scalar> 
400
(
556.021
15.8731
12.5961
11.3693
10.5813
10.5813
11.3702
12.5966
15.8735
556.023
573.781
15.6538
12.4383
11.1489
10.5039
10.5039
11.1474
12.4388
15.6542
573.782
591.309
15.4529
12.4738
11.511
10.4303
10.4303
11.5097
12.4742
15.4533
591.31
614.68
15.3906
12.6872
11.9533
10.3479
10.3479
11.9535
12.6876
15.3909
614.682
633.709
15.3656
12.6064
11.9716
10.254
10.254
11.9725
12.6067
15.3659
633.711
651.705
15.1774
12.0298
11.4221
10.1525
10.1525
11.4222
12.03
15.1775
651.707
492.656
14.9127
11.3311
10.7274
10.0458
10.0458
10.7273
11.3311
14.9127
492.647
200.996
14.9303
10.7342
10.2547
9.92844
9.92844
10.2547
10.7342
14.9306
200.991
88.8703
15.5294
10.9102
9.96565
9.81466
9.81466
9.96568
10.9102
15.5295
88.8687
40.8151
15.324
13.1925
9.68596
9.69925
9.69925
9.68598
13.1926
15.3238
40.8146
556.022
15.8732
12.5963
11.3693
10.5813
10.5813
11.3701
12.5966
15.8735
556.023
573.782
15.6538
12.4385
11.1487
10.5039
10.5039
11.1474
12.4389
15.6542
573.783
591.309
15.453
12.4739
11.5109
10.4303
10.4303
11.5097
12.4743
15.4534
591.311
614.681
15.3907
12.6874
11.9534
10.3479
10.3479
11.9535
12.6876
15.391
614.682
633.71
15.3657
12.6064
11.9716
10.254
10.254
11.9724
12.6067
15.3659
633.711
651.706
15.1775
12.0299
11.422
10.1525
10.1525
11.4222
12.03
15.1776
651.708
492.651
14.9127
11.3311
10.7273
10.0458
10.0458
10.7273
11.3311
14.9128
492.644
200.993
14.9306
10.7342
10.2547
9.92844
9.92844
10.2547
10.7342
14.9307
200.99
88.8694
15.5297
10.9103
9.96566
9.81466
9.81466
9.96569
10.9103
15.5296
88.8682
40.8148
15.3242
13.1927
9.68597
9.69926
9.69925
9.68598
13.1928
15.324
40.8144
556.021
573.781
591.309
614.68
633.709
651.705
492.656
200.996
88.8703
40.8151
15.8731
15.6538
15.453
15.3906
15.3656
15.1774
14.9126
14.9303
15.5294
15.324
12.5962
12.4384
12.4738
12.6873
12.6064
12.0298
11.3311
10.7342
10.9102
13.1924
11.3694
11.1488
11.5109
11.9534
11.9717
11.4221
10.7274
10.2547
9.96566
9.68597
10.5813
10.5039
10.4303
10.3479
10.254
10.1525
10.0458
9.92844
9.81466
9.69925
10.5813
10.5039
10.4303
10.3479
10.254
10.1525
10.0458
9.92844
9.81466
9.69925
11.37
11.1479
11.5101
11.9535
11.9722
11.4222
10.7273
10.2547
9.96567
9.68598
12.5965
12.4387
12.4741
12.6875
12.6066
12.0299
11.3311
10.7342
10.9102
13.1926
15.8734
15.654
15.4532
15.3908
15.3658
15.1775
14.9127
14.9305
15.5294
15.3239
556.022
573.782
591.309
614.681
633.71
651.706
492.651
200.993
88.8694
40.8148
556.023
573.782
591.31
614.682
633.711
651.707
492.647
200.991
88.8687
40.8146
15.8732
15.6539
15.4531
15.3907
15.3657
15.1775
14.9127
14.9308
15.5298
15.3242
12.5963
12.4386
12.474
12.6874
12.6064
12.0299
11.3311
10.7342
10.9103
13.1928
11.3695
11.1486
11.5108
11.9534
11.9717
11.422
10.7273
10.2547
9.96566
9.68597
10.5813
10.5039
10.4303
10.3479
10.254
10.1525
10.0458
9.92844
9.81466
9.69926
10.5813
10.5039
10.4303
10.3479
10.254
10.1525
10.0458
9.92844
9.81466
9.69925
11.3699
11.1479
11.5101
11.9535
11.9722
11.4221
10.7272
10.2547
9.96568
9.68597
12.5966
12.4389
12.4743
12.6876
12.6066
12.03
11.3311
10.7342
10.9103
13.1928
15.8734
15.6541
15.4533
15.3909
15.3659
15.1776
14.9128
14.9308
15.5297
15.3241
556.023
573.783
591.311
614.682
633.711
651.708
492.644
200.99
88.8682
40.8144
)
;
    }
    procBoundary1to0
    {
        type            processor;
        value           nonuniform List<scalar> 
100
(
466.819
16.3689
12.8728
11.4872
10.6637
10.6637
11.4879
12.8729
16.3692
466.816
16.3689
10.8972
10.8521
10.6655
10.4774
10.4774
10.6654
10.8521
10.8972
16.369
12.8727
10.8521
11.1012
10.5497
10.6224
10.6224
10.5497
11.1012
10.8521
12.8728
11.487
10.6655
10.5497
10.4105
10.4999
10.4999
10.4105
10.5497
10.6654
11.4873
10.6637
10.4773
10.6224
10.4999
10.5332
10.5332
10.4999
10.6224
10.4773
10.6637
10.6637
10.4774
10.6224
10.4999
10.5332
10.5332
10.4999
10.6224
10.4773
10.6637
11.4884
10.6654
10.5497
10.4105
10.4999
10.4999
10.4105
10.5497
10.6653
11.4884
12.873
10.8521
11.1012
10.5498
10.6224
10.6224
10.5498
11.1012
10.8521
12.873
16.3693
10.8972
10.8521
10.6654
10.4773
10.4773
10.6654
10.8521
10.8972
16.3694
466.815
16.369
12.8729
11.4874
10.6637
10.6637
11.4881
12.873
16.3693
466.811
)
;
    }
}


// ************************************************************************* //
