/*--------------------------------*- C++ -*----------------------------------*\
| =========                 |                                                 |
| \\      /  F ield         | OpenFOAM: The Open Source CFD Toolbox           |
|  \\    /   O peration     | Version:  2412                                  |
|   \\  /    A nd           | Website:  www.openfoam.com                      |
|    \\/     M anipulation  |                                                 |
\*---------------------------------------------------------------------------*/
FoamFile
{
    version     2.0;
    format      ascii;
    arch        "LSB;label=32;scalar=64";
    class       volScalarField;
    location    "0.9";
    object      p;
}
// * * * * * * * * * * * * * * * * * * * * * * * * * * * * * * * * * * * * * //

dimensions      [1 -1 -2 0 0 0 0];

internalField   nonuniform List<scalar> 
1000
(
3.46629
2.20926
2.81304
2.7776
2.7662
2.76621
2.77754
2.81306
2.20926
3.46634
2.20926
2.17408
2.64079
2.65339
2.71015
2.71015
2.65338
2.64081
2.17409
2.20927
2.81303
2.64079
2.76905
2.6872
2.81068
2.81069
2.6872
2.76904
2.64081
2.81305
2.7776
2.65339
2.6872
2.66126
2.70802
2.70802
2.66126
2.68719
2.65339
2.7776
2.76619
2.71015
2.81068
2.70802
2.75075
2.75075
2.70802
2.81068
2.71015
2.7662
2.76621
2.71015
2.81069
2.70802
2.75075
2.75075
2.70802
2.81069
2.71016
2.76621
2.7775
2.65337
2.6872
2.66126
2.70802
2.70802
2.66125
2.68719
2.65338
2.77751
2.81306
2.64081
2.76905
2.68719
2.81069
2.81069
2.68719
2.76905
2.64083
2.81307
2.20925
2.17409
2.64083
2.6534
2.71016
2.71017
2.65339
2.64084
2.17409
2.20926
3.46636
2.20927
2.81305
2.77761
2.76621
2.76622
2.77756
2.81307
2.20928
3.4664
4.35056
1.99763
2.55943
2.51728
2.4767
2.4767
2.51725
2.55946
1.99764
4.35055
1.99763
1.91948
2.37022
2.35511
2.41696
2.41696
2.3551
2.37023
1.91949
1.99763
2.55943
2.37022
2.5967
2.38742
2.51449
2.5145
2.38742
2.5967
2.37024
2.55944
2.51727
2.35511
2.38742
2.37397
2.41549
2.41549
2.37396
2.38745
2.35511
2.51728
2.4767
2.41696
2.51449
2.41549
2.45837
2.45837
2.41549
2.5145
2.41696
2.4767
2.4767
2.41696
2.5145
2.41549
2.45837
2.45837
2.41549
2.5145
2.41696
2.47671
2.51724
2.3551
2.38741
2.37396
2.41549
2.41549
2.37395
2.38744
2.35511
2.51725
2.55947
2.37023
2.5967
2.38747
2.51451
2.51451
2.38746
2.59671
2.37025
2.55947
1.99764
1.9195
2.37026
2.35512
2.41697
2.41697
2.35512
2.37027
1.91951
1.99765
4.35055
1.99764
2.55945
2.51729
2.47671
2.47671
2.51727
2.55947
1.99765
4.35056
3.91071
1.76105
2.27103
2.18895
2.18089
2.18089
2.18897
2.27106
1.76107
3.91076
1.76105
1.67004
2.07149
2.06327
2.12286
2.12286
2.06328
2.07151
1.67006
1.76105
2.27103
2.07149
2.41358
2.12853
2.21889
2.21889
2.12853
2.4136
2.0715
2.27104
2.18895
2.06327
2.12853
2.08744
2.12594
2.12594
2.08742
2.12858
2.06328
2.18896
2.18089
2.12286
2.21889
2.12594
2.16513
2.16513
2.12594
2.2189
2.12286
2.18089
2.18089
2.12285
2.21889
2.12594
2.16513
2.16513
2.12594
2.2189
2.12286
2.18089
2.18898
2.06328
2.12853
2.08741
2.12594
2.12594
2.0874
2.12857
2.06329
2.18899
2.27107
2.07151
2.41361
2.12862
2.21891
2.21891
2.12861
2.41363
2.07152
2.27108
1.76108
1.67007
2.07151
2.06329
2.12287
2.12287
2.06329
2.07152
1.67008
1.76108
3.91079
1.76106
2.27105
2.18897
2.1809
2.1809
2.18898
2.27108
1.76108
3.91082
3.25096
1.51356
1.96959
1.83313
1.88107
1.88106
1.83315
1.96961
1.51358
3.251
1.51356
1.40819
1.76537
1.77616
1.82979
1.82979
1.77617
1.76538
1.40821
1.51356
1.96958
1.76537
2.14786
1.85711
1.91848
1.91848
1.85711
2.14788
1.76537
1.9696
1.83313
1.77616
1.85711
1.80114
1.8348
1.8348
1.80113
1.85714
1.77617
1.83314
1.88107
1.82979
1.91848
1.8348
1.87085
1.87085
1.8348
1.91849
1.8298
1.88107
1.88106
1.82979
1.91848
1.8348
1.87085
1.87085
1.8348
1.91849
1.8298
1.88107
1.83316
1.77618
1.85711
1.80113
1.8348
1.8348
1.80112
1.85714
1.77618
1.83316
1.96963
1.76539
2.14788
1.85716
1.9185
1.9185
1.85716
2.14789
1.76539
1.96964
1.51359
1.40821
1.76537
1.77618
1.8298
1.8298
1.77619
1.76538
1.40822
1.51359
3.25103
1.51356
1.96961
1.83314
1.88108
1.88108
1.83316
1.96963
1.51358
3.25104
2.84425
1.2562
1.68866
1.51817
1.584
1.584
1.51817
1.68868
1.2562
2.84424
1.25619
1.14603
1.45851
1.49191
1.53666
1.53666
1.49192
1.45851
1.14604
1.25619
1.68866
1.45851
1.8244
1.56
1.61701
1.61701
1.56
1.8244
1.45851
1.68867
1.51817
1.49191
1.56
1.51426
1.54326
1.54327
1.51426
1.56001
1.49192
1.51818
1.584
1.53666
1.61701
1.54326
1.57618
1.57618
1.54326
1.61702
1.53667
1.584
1.58399
1.53666
1.61701
1.54327
1.57618
1.57618
1.54327
1.61702
1.53666
1.584
1.51817
1.49192
1.56
1.51426
1.54327
1.54327
1.51426
1.56001
1.49193
1.51819
1.68869
1.45852
1.8244
1.56002
1.61703
1.61703
1.56002
1.8244
1.45852
1.6887
1.25621
1.14605
1.4585
1.49192
1.53667
1.53667
1.49193
1.45851
1.14605
1.2562
2.84422
1.25619
1.68867
1.51819
1.58401
1.58401
1.51819
1.68869
1.2562
2.84423
2.68097
0.988553
1.41428
1.24317
1.29003
1.29003
1.24317
1.41429
0.988552
2.68097
0.988549
0.874664
1.12144
1.20519
1.24097
1.24097
1.2052
1.12143
0.874666
0.988542
1.41428
1.12144
1.46216
1.2572
1.31383
1.31383
1.2572
1.46215
1.12143
1.41429
1.24317
1.20519
1.2572
1.22655
1.25104
1.25104
1.22656
1.25721
1.2052
1.24318
1.29003
1.24097
1.31383
1.25104
1.28111
1.28111
1.25104
1.31383
1.24098
1.29004
1.29003
1.24097
1.31383
1.25105
1.28111
1.28111
1.25105
1.31383
1.24097
1.29004
1.24317
1.2052
1.2572
1.22656
1.25105
1.25105
1.22656
1.25721
1.20521
1.24318
1.4143
1.12142
1.46215
1.25721
1.31384
1.31384
1.25721
1.46214
1.12142
1.4143
0.988552
0.874669
1.12143
1.2052
1.24098
1.24098
1.20521
1.12142
0.874668
0.988546
2.68097
0.988541
1.41429
1.24318
1.29004
1.29004
1.24319
1.4143
0.988542
2.68098
2.17455
0.741645
1.11136
0.971012
0.993974
0.993973
0.971016
1.11137
0.741641
2.17451
0.741643
0.654688
0.794695
0.916264
0.945842
0.945839
0.916265
0.794668
0.654695
0.741635
1.11136
0.794701
1.08244
0.956574
1.00922
1.00922
0.956574
1.08244
0.79469
1.11136
0.971011
0.916264
0.956573
0.937379
0.958762
0.958762
0.937381
0.956575
0.916265
0.971015
0.993974
0.945843
1.00922
0.958762
0.984958
0.984959
0.958762
1.00922
0.945844
0.993978
0.993973
0.945838
1.00922
0.958762
0.984959
0.98496
0.958763
1.00922
0.945841
0.993977
0.971015
0.916265
0.956573
0.937382
0.958763
0.958763
0.937382
0.956576
0.916267
0.971022
1.11137
0.794659
1.08243
0.956578
1.00922
1.00922
0.956579
1.08243
0.794658
1.11137
0.74164
0.654701
0.794684
0.916268
0.945846
0.945844
0.91627
0.794664
0.654702
0.741631
2.1745
0.741634
1.11137
0.971019
0.993981
0.99398
0.971025
1.11137
0.741629
2.17448
1.62028
0.469374
0.803277
0.676603
0.697955
0.697955
0.676606
0.803281
0.469371
1.62024
0.469373
0.452325
0.494115
0.61314
0.652035
0.652031
0.613142
0.494084
0.452336
0.469368
0.803277
0.494122
0.737952
0.659015
0.707676
0.707676
0.659014
0.737948
0.494111
0.80328
0.6766
0.61314
0.659014
0.646979
0.667051
0.66705
0.64698
0.659012
0.61314
0.6766
0.697955
0.652036
0.707676
0.667051
0.690231
0.690232
0.667052
0.707678
0.652036
0.697958
0.697955
0.652029
0.707675
0.667051
0.690232
0.690232
0.667051
0.707678
0.652032
0.697957
0.676604
0.613142
0.659013
0.64698
0.667052
0.667052
0.646981
0.659013
0.613143
0.676607
0.803283
0.494069
0.737943
0.659012
0.70768
0.70768
0.659014
0.737946
0.49407
0.803286
0.469371
0.452341
0.494103
0.613143
0.652037
0.652035
0.613144
0.494082
0.452346
0.469361
1.62023
0.469367
0.803282
0.676601
0.69796
0.69796
0.676608
0.803286
0.469359
1.6202
1.22031
0.303124
0.466819
0.342781
0.397067
0.397066
0.342784
0.466828
0.303121
1.22034
0.303122
0.379747
0.284336
0.313988
0.363008
0.363005
0.31399
0.284316
0.379767
0.303112
0.466818
0.284341
0.389571
0.366362
0.406598
0.406598
0.366362
0.389571
0.284334
0.466822
0.342779
0.313988
0.366361
0.356994
0.376223
0.376222
0.356995
0.36636
0.313989
0.342779
0.397067
0.363009
0.406598
0.376223
0.395848
0.395848
0.376224
0.4066
0.363009
0.397068
0.397065
0.363003
0.406597
0.376222
0.395848
0.395848
0.376223
0.406599
0.363005
0.397068
0.342784
0.313991
0.366362
0.356996
0.376224
0.376223
0.356996
0.366361
0.31399
0.342784
0.466832
0.284306
0.389569
0.36636
0.4066
0.4066
0.366361
0.389572
0.284307
0.466835
0.303121
0.379776
0.28433
0.313992
0.363009
0.363007
0.313991
0.284315
0.379788
0.303112
1.22036
0.303107
0.466825
0.342781
0.39707
0.397069
0.342785
0.466834
0.303105
1.22036
1.12811
0.0155712
0.268085
0.0987551
0.112423
0.112423
0.098761
0.268095
0.0155677
1.12808
0.0155694
-0.0616147
0.0833289
0.0300573
0.0773203
0.0773182
0.0300595
0.0833233
-0.06162
0.0155615
0.268085
0.0833305
0.215631
0.0977377
0.121005
0.121005
0.0977383
0.215632
0.0833298
0.268094
0.0987544
0.030057
0.0977371
0.0692614
0.0882808
0.0882801
0.0692622
0.0977366
0.030059
0.098758
0.112424
0.0773211
0.121005
0.0882811
0.104516
0.104516
0.0882814
0.121005
0.0773214
0.112425
0.112423
0.0773175
0.121005
0.08828
0.104516
0.104516
0.0882805
0.121005
0.0773186
0.112425
0.0987638
0.030061
0.0977386
0.0692628
0.0882814
0.0882809
0.0692631
0.0977379
0.0300612
0.0987637
0.268101
0.0833224
0.215633
0.0977368
0.121006
0.121006
0.0977374
0.215635
0.0833223
0.268107
0.0155653
-0.0616238
0.0833287
0.0300597
0.0773214
0.0773198
0.0300601
0.0833231
-0.0616229
0.0155641
1.12806
0.0155552
0.268097
0.0987607
0.112426
0.112426
0.0987633
0.268105
0.0155588
1.12805
)
;

boundaryField
{
    bottom
    {
        type            calculated;
        value           nonuniform List<scalar> 0();
    }
    atmosphere
    {
        type            calculated;
        value           nonuniform List<scalar> 
100
(
0
0
0
-0.0411752
-0.0437294
-0.0437313
-0.0411647
0
0
0
0
-0.000185715
0
-0.118592
-0.0688093
-0.0688127
-0.11859
0
-0.00018715
0
0
0
-0.00185832
-0.0504026
-0.0328141
-0.0328146
-0.0504012
-0.00185768
0
0
-0.041174
-0.118592
-0.0504019
-0.0744375
-0.0566276
-0.0566287
-0.0744365
-0.0504033
-0.11859
-0.0411717
-0.0437299
-0.06881
-0.0328142
-0.056628
-0.0422587
-0.0422588
-0.0566274
-0.0328138
-0.0688093
-0.0437283
-0.043731
-0.068812
-0.0328144
-0.0566286
-0.0422587
-0.0422589
-0.0566279
-0.0328139
-0.0688108
-0.0437291
-0.0411676
-0.118591
-0.0504013
-0.0744369
-0.0566274
-0.0566283
-0.0744363
-0.0504027
-0.118591
-0.0411678
0
0
-0.00185787
-0.0504032
-0.0328139
-0.0328142
-0.0504021
-0.0018574
0
0
0
-0.000186683
0
-0.118591
-0.0688092
-0.068812
-0.118591
0
-0.000187589
0
0
0
0
-0.0411732
-0.0437286
-0.0437301
-0.0411655
0
0
0
)
;
    }
    walls
    {
        type            calculated;
        value           nonuniform List<scalar> 
400
(
3.46629
2.20926
2.81303
2.7776
2.76619
2.76621
2.7775
2.81306
2.20925
3.46636
4.35056
1.99763
2.55943
2.51727
2.4767
2.4767
2.51724
2.55947
1.99764
4.35055
3.91071
1.76105
2.27103
2.18895
2.18089
2.18089
2.18898
2.27107
1.76108
3.91079
3.25096
1.51356
1.96958
1.83313
1.88107
1.88106
1.83316
1.96963
1.51359
3.25103
2.84425
1.25619
1.68866
1.51817
1.584
1.58399
1.51817
1.68869
1.25621
2.84422
2.68097
0.988549
1.41428
1.24317
1.29003
1.29003
1.24317
1.4143
0.988552
2.68097
2.17455
0.741643
1.11136
0.971011
0.993974
0.993973
0.971015
1.11137
0.74164
2.1745
1.62028
0.469373
0.803277
0.6766
0.697955
0.697955
0.676604
0.803283
0.469371
1.62023
1.22031
0.303122
0.466818
0.342779
0.397067
0.397065
0.342784
0.466832
0.303121
1.22036
1.12811
0.0155694
0.268085
0.0987544
0.112424
0.112423
0.0987638
0.268101
0.0155653
1.12806
3.46634
2.20927
2.81305
2.7776
2.7662
2.76621
2.77751
2.81307
2.20926
3.4664
4.35055
1.99763
2.55944
2.51728
2.4767
2.47671
2.51725
2.55947
1.99765
4.35056
3.91076
1.76105
2.27104
2.18896
2.18089
2.18089
2.18899
2.27108
1.76108
3.91082
3.251
1.51356
1.9696
1.83314
1.88107
1.88107
1.83316
1.96964
1.51359
3.25104
2.84424
1.25619
1.68867
1.51818
1.584
1.584
1.51819
1.6887
1.2562
2.84423
2.68097
0.988542
1.41429
1.24318
1.29004
1.29004
1.24318
1.4143
0.988546
2.68098
2.17451
0.741635
1.11136
0.971015
0.993978
0.993977
0.971022
1.11137
0.741631
2.17448
1.62024
0.469368
0.80328
0.6766
0.697958
0.697957
0.676607
0.803286
0.469361
1.6202
1.22034
0.303112
0.466822
0.342779
0.397068
0.397068
0.342784
0.466835
0.303112
1.22036
1.12808
0.0155615
0.268094
0.098758
0.112425
0.112425
0.0987637
0.268107
0.0155641
1.12805
3.46629
4.35056
3.91071
3.25096
2.84425
2.68097
2.17455
1.62028
1.22031
1.12811
2.20926
1.99763
1.76105
1.51356
1.2562
0.988553
0.741645
0.469374
0.303124
0.0155712
2.81304
2.55943
2.27103
1.96959
1.68866
1.41428
1.11136
0.803277
0.466819
0.268085
2.7776
2.51728
2.18895
1.83313
1.51817
1.24317
0.971012
0.676603
0.342781
0.0987551
2.7662
2.4767
2.18089
1.88107
1.584
1.29003
0.993974
0.697955
0.397067
0.112423
2.76621
2.4767
2.18089
1.88106
1.584
1.29003
0.993973
0.697955
0.397066
0.112423
2.77754
2.51725
2.18897
1.83315
1.51817
1.24317
0.971016
0.676606
0.342784
0.098761
2.81306
2.55946
2.27106
1.96961
1.68868
1.41429
1.11137
0.803281
0.466828
0.268095
2.20926
1.99764
1.76107
1.51358
1.2562
0.988552
0.741641
0.469371
0.303121
0.0155677
3.46634
4.35055
3.91076
3.251
2.84424
2.68097
2.17451
1.62024
1.22034
1.12808
3.46636
4.35055
3.91079
3.25103
2.84422
2.68097
2.1745
1.62023
1.22036
1.12806
2.20927
1.99764
1.76106
1.51356
1.25619
0.988541
0.741634
0.469367
0.303107
0.0155552
2.81305
2.55945
2.27105
1.96961
1.68867
1.41429
1.11137
0.803282
0.466825
0.268097
2.77761
2.51729
2.18897
1.83314
1.51819
1.24318
0.971019
0.676601
0.342781
0.0987607
2.76621
2.47671
2.1809
1.88108
1.58401
1.29004
0.993981
0.69796
0.39707
0.112426
2.76622
2.47671
2.1809
1.88108
1.58401
1.29004
0.99398
0.69796
0.397069
0.112426
2.77756
2.51727
2.18898
1.83316
1.51819
1.24319
0.971025
0.676608
0.342785
0.0987633
2.81307
2.55947
2.27108
1.96963
1.68869
1.4143
1.11137
0.803286
0.466834
0.268105
2.20928
1.99765
1.76108
1.51358
1.2562
0.988542
0.741629
0.469359
0.303105
0.0155588
3.4664
4.35056
3.91082
3.25104
2.84423
2.68098
2.17448
1.6202
1.22036
1.12805
)
;
    }
    procBoundary1to0
    {
        type            processor;
        value           nonuniform List<scalar> 
100
(
4.43844
2.47153
3.12924
3.00269
3.05863
3.05864
3.00261
3.12927
2.47153
4.43847
2.47154
2.44718
2.91145
2.94971
3.00255
3.00256
2.94969
2.91147
2.44717
2.47155
3.12924
2.91145
3.03346
2.99367
3.10147
3.10148
2.99366
3.03346
2.91147
3.12925
3.00269
2.94971
2.99366
2.95149
2.99915
2.99915
2.95149
2.99365
2.9497
3.00269
3.05862
3.00255
3.10147
2.99915
3.04254
3.04254
2.99914
3.10148
3.00255
3.05863
3.05864
3.00255
3.10149
2.99914
3.04254
3.04254
2.99914
3.10149
3.00256
3.05864
3.00257
2.94968
2.99366
2.95149
2.99915
2.99915
2.95148
2.99365
2.94968
3.00258
3.12928
2.91148
3.03347
2.99365
3.10148
3.10149
2.99364
3.03348
2.91149
3.12929
2.47152
2.44717
2.91147
2.94971
3.00256
3.00257
2.94969
2.91149
2.44717
2.47154
4.43848
2.47156
3.12925
3.0027
3.05864
3.05865
3.00264
3.12928
2.47156
4.43851
)
;
    }
}


// ************************************************************************* //
