/*--------------------------------*- C++ -*----------------------------------*\
| =========                 |                                                 |
| \\      /  F ield         | OpenFOAM: The Open Source CFD Toolbox           |
|  \\    /   O peration     | Version:  2412                                  |
|   \\  /    A nd           | Website:  www.openfoam.com                      |
|    \\/     M anipulation  |                                                 |
\*---------------------------------------------------------------------------*/
FoamFile
{
    version     2.0;
    format      ascii;
    arch        "LSB;label=32;scalar=64";
    class       volScalarField;
    location    "0.06";
    object      p;
}
// * * * * * * * * * * * * * * * * * * * * * * * * * * * * * * * * * * * * * //

dimensions      [1 -1 -2 0 0 0 0];

internalField   nonuniform List<scalar> 
1000
(
7.88181
7.88223
7.88298
7.88371
7.88423
7.88423
7.8837
7.88298
7.88223
7.8818
7.88223
7.88269
7.8835
7.88427
7.88484
7.88484
7.88427
7.88349
7.88268
7.88223
7.88299
7.8835
7.88443
7.88531
7.88597
7.88597
7.88531
7.88442
7.8835
7.88298
7.88371
7.88427
7.88531
7.88629
7.88705
7.88705
7.88629
7.88531
7.88427
7.88371
7.88423
7.88485
7.88598
7.88705
7.88791
7.8879
7.88705
7.88598
7.88484
7.88423
7.88424
7.88485
7.88598
7.88705
7.88791
7.88791
7.88705
7.88598
7.88484
7.88423
7.88371
7.88428
7.88531
7.8863
7.88706
7.88705
7.88629
7.88531
7.88428
7.88371
7.88299
7.88351
7.88443
7.88531
7.88598
7.88598
7.88531
7.88443
7.8835
7.88299
7.88224
7.8827
7.88351
7.88428
7.88485
7.88485
7.88428
7.8835
7.88269
7.88224
7.88182
7.88224
7.88299
7.88372
7.88424
7.88424
7.88372
7.88299
7.88224
7.88181
7.63572
7.63626
7.63724
7.63818
7.63887
7.63887
7.63818
7.63724
7.63626
7.63571
7.63627
7.63685
7.63792
7.63893
7.63969
7.63969
7.63893
7.63791
7.63685
7.63626
7.63725
7.63792
7.63915
7.64032
7.64124
7.64124
7.64032
7.63915
7.63792
7.63724
7.63818
7.63893
7.64033
7.64164
7.6427
7.6427
7.64164
7.64032
7.63893
7.63818
7.63888
7.6397
7.64124
7.6427
7.64392
7.64391
7.6427
7.64124
7.63969
7.63887
7.63888
7.6397
7.64125
7.64271
7.64392
7.64392
7.64271
7.64124
7.6397
7.63888
7.63819
7.63894
7.64033
7.64165
7.64271
7.64271
7.64165
7.64033
7.63893
7.63819
7.63725
7.63793
7.63916
7.64033
7.64125
7.64125
7.64033
7.63916
7.63792
7.63725
7.63628
7.63686
7.63793
7.63894
7.6397
7.6397
7.63894
7.63792
7.63686
7.63627
7.63573
7.63628
7.63726
7.63819
7.63888
7.63888
7.63819
7.63725
7.63627
7.63573
7.38937
7.39007
7.39134
7.39255
7.39346
7.39346
7.39254
7.39134
7.39007
7.38937
7.39007
7.39083
7.39222
7.39354
7.39456
7.39456
7.39354
7.39222
7.39083
7.39007
7.39134
7.39222
7.39387
7.39542
7.39668
7.39668
7.39542
7.39386
7.39222
7.39134
7.39255
7.39354
7.39542
7.39719
7.39867
7.39867
7.39719
7.39542
7.39354
7.39255
7.39347
7.39457
7.39668
7.39868
7.40041
7.40041
7.39867
7.39668
7.39456
7.39347
7.39347
7.39457
7.39668
7.39868
7.40041
7.40041
7.39868
7.39668
7.39457
7.39347
7.39256
7.39355
7.39543
7.3972
7.39868
7.39868
7.3972
7.39542
7.39354
7.39255
7.39135
7.39223
7.39387
7.39543
7.39669
7.39669
7.39543
7.39387
7.39223
7.39135
7.39008
7.39084
7.39223
7.39355
7.39457
7.39457
7.39355
7.39223
7.39084
7.39008
7.38939
7.39008
7.39135
7.39256
7.39347
7.39347
7.39256
7.39135
7.39008
7.38938
7.1427
7.14359
7.14522
7.14677
7.14798
7.14798
7.14677
7.14522
7.14359
7.1427
7.14359
7.14456
7.14637
7.14808
7.14945
7.14945
7.14808
7.14637
7.14456
7.14359
7.14522
7.14637
7.14855
7.15061
7.15235
7.15235
7.15061
7.14855
7.14637
7.14522
7.14678
7.14808
7.15061
7.15299
7.15508
7.15508
7.15299
7.15061
7.14808
7.14677
7.14799
7.14946
7.15235
7.15508
7.15758
7.15758
7.15508
7.15235
7.14945
7.14798
7.14799
7.14946
7.15235
7.15508
7.15759
7.15758
7.15508
7.15235
7.14946
7.14799
7.14678
7.14809
7.15062
7.153
7.15508
7.15508
7.153
7.15061
7.14809
7.14678
7.14523
7.14638
7.14856
7.15062
7.15236
7.15236
7.15062
7.14856
7.14638
7.14523
7.1436
7.14457
7.14638
7.14809
7.14946
7.14946
7.14809
7.14638
7.14457
7.1436
7.14271
7.1436
7.14524
7.14678
7.14799
7.14799
7.14678
7.14523
7.1436
7.14271
6.8956
6.89673
6.89882
6.9008
6.90239
6.90239
6.90079
6.89881
6.89672
6.8956
6.89673
6.89797
6.90031
6.90252
6.90435
6.90435
6.90252
6.9003
6.89796
6.89672
6.89882
6.90031
6.90319
6.90591
6.90832
6.90832
6.90591
6.90319
6.90031
6.89882
6.9008
6.90252
6.90592
6.90912
6.91207
6.91207
6.90912
6.90591
6.90252
6.9008
6.9024
6.90436
6.90832
6.91207
6.91572
6.91572
6.91207
6.90832
6.90436
6.90239
6.9024
6.90437
6.90833
6.91208
6.91572
6.91572
6.91207
6.90832
6.90436
6.9024
6.90081
6.90253
6.90592
6.90913
6.91208
6.91208
6.90913
6.90592
6.90253
6.9008
6.89883
6.90032
6.90321
6.90593
6.90833
6.90833
6.90592
6.9032
6.90032
6.89883
6.89674
6.89798
6.90032
6.90253
6.90437
6.90437
6.90253
6.90032
6.89798
6.89674
6.89561
6.89674
6.89883
6.90081
6.9024
6.9024
6.90081
6.89883
6.89674
6.89561
6.64796
6.64938
6.65203
6.65455
6.65664
6.65664
6.65454
6.65203
6.64937
6.64796
6.64938
6.65095
6.65396
6.65681
6.65927
6.65926
6.6568
6.65396
6.65094
6.64937
6.65204
6.65396
6.65776
6.66135
6.66469
6.66469
6.66135
6.65776
6.65396
6.65203
6.65455
6.65681
6.66136
6.66566
6.66986
6.66986
6.66566
6.66136
6.65681
6.65455
6.65665
6.65927
6.66469
6.66986
6.67523
6.67523
6.66986
6.66469
6.65927
6.65664
6.65665
6.65928
6.6647
6.66987
6.67524
6.67524
6.66986
6.66469
6.65927
6.65665
6.65456
6.65682
6.66137
6.66567
6.66987
6.66987
6.66567
6.66136
6.65682
6.65456
6.65205
6.65397
6.65778
6.66137
6.6647
6.6647
6.66137
6.65777
6.65397
6.65204
6.64939
6.65096
6.65398
6.65682
6.65928
6.65928
6.65682
6.65397
6.65096
6.64939
6.64798
6.64939
6.65205
6.65456
6.65665
6.65665
6.65456
6.65205
6.64939
6.64798
6.39965
6.4014
6.40475
6.40792
6.41066
6.41065
6.40792
6.40475
6.4014
6.39964
6.4014
6.40338
6.40723
6.41087
6.41416
6.41416
6.41087
6.40723
6.40338
6.4014
6.40476
6.40723
6.41221
6.41694
6.42157
6.42157
6.41694
6.41221
6.40723
6.40475
6.40793
6.41088
6.41694
6.42273
6.42873
6.42873
6.42273
6.41694
6.41087
6.40793
6.41067
6.41417
6.42157
6.42873
6.43673
6.43672
6.42873
6.42157
6.41416
6.41066
6.41067
6.41417
6.42158
6.42874
6.43673
6.43673
6.42874
6.42157
6.41417
6.41067
6.40794
6.41089
6.41695
6.42274
6.42874
6.42874
6.42274
6.41695
6.41088
6.40793
6.40477
6.40725
6.41223
6.41695
6.42158
6.42158
6.41695
6.41222
6.40724
6.40476
6.40142
6.4034
6.40725
6.41089
6.41418
6.41417
6.41089
6.40724
6.40339
6.40142
6.39967
6.40142
6.40477
6.40794
6.41067
6.41067
6.40794
6.40477
6.40142
6.39966
6.15048
6.15264
6.15682
6.16079
6.16434
6.16433
6.16078
6.15681
6.15264
6.15047
6.15264
6.15511
6.15998
6.16462
6.169
6.16899
6.16461
6.15998
6.1551
6.15264
6.15682
6.15998
6.16646
6.17267
6.1791
6.1791
6.17267
6.16646
6.15998
6.15682
6.16079
6.16462
6.17267
6.18044
6.18906
6.18906
6.18044
6.17267
6.16462
6.16079
6.16435
6.16901
6.1791
6.18907
6.20109
6.20109
6.18907
6.1791
6.169
6.16434
6.16435
6.16901
6.17911
6.18907
6.2011
6.20109
6.18907
6.1791
6.169
6.16435
6.1608
6.16463
6.17268
6.18045
6.18907
6.18907
6.18045
6.17268
6.16463
6.1608
6.15684
6.16
6.16648
6.17268
6.17911
6.17911
6.17268
6.16647
6.15999
6.15683
6.15266
6.15513
6.16
6.16463
6.16901
6.16901
6.16463
6.16
6.15512
6.15265
6.1505
6.15266
6.15684
6.16081
6.16436
6.16436
6.1608
6.15683
6.15266
6.15049
5.90025
5.90288
5.90803
5.91295
5.91752
5.91752
5.91295
5.90803
5.90288
5.90025
5.90289
5.90593
5.91203
5.91789
5.9237
5.9237
5.91789
5.91203
5.90593
5.90288
5.90803
5.91204
5.92038
5.9285
5.93742
5.93742
5.9285
5.92038
5.91203
5.90803
5.91296
5.9179
5.9285
5.93892
5.95136
5.95136
5.93892
5.9285
5.91789
5.91295
5.91754
5.92371
5.93743
5.95137
5.96967
5.96967
5.95137
5.93743
5.92371
5.91753
5.91754
5.92372
5.93743
5.95137
5.96967
5.96967
5.95137
5.93743
5.92371
5.91753
5.91297
5.91791
5.92851
5.93893
5.95138
5.95137
5.93893
5.92851
5.9179
5.91296
5.90805
5.91205
5.9204
5.92851
5.93744
5.93744
5.92851
5.92039
5.91205
5.90804
5.90291
5.90595
5.91205
5.91791
5.92372
5.92372
5.91791
5.91205
5.90595
5.9029
5.90027
5.90291
5.90805
5.91297
5.91755
5.91755
5.91297
5.90805
5.9029
5.90027
5.64873
5.65189
5.65813
5.66417
5.67
5.67
5.66417
5.65813
5.65189
5.64872
5.6519
5.65561
5.66316
5.67048
5.67816
5.67816
5.67048
5.66315
5.65561
5.65189
5.65814
5.66316
5.67378
5.68434
5.69668
5.69668
5.68434
5.67377
5.66316
5.65813
5.66418
5.67049
5.68434
5.69828
5.7163
5.7163
5.69827
5.68434
5.67049
5.66417
5.67001
5.67817
5.69669
5.7163
5.74448
5.74448
5.7163
5.69669
5.67817
5.67001
5.67002
5.67817
5.6967
5.71631
5.74448
5.74448
5.71631
5.69669
5.67817
5.67001
5.66419
5.6705
5.68435
5.69829
5.71631
5.71631
5.69829
5.68435
5.6705
5.66418
5.65816
5.66318
5.6738
5.68436
5.6967
5.6967
5.68435
5.67379
5.66317
5.65815
5.65192
5.65563
5.66318
5.67051
5.67818
5.67818
5.6705
5.66318
5.65563
5.65191
5.64875
5.65192
5.65816
5.66419
5.67003
5.67002
5.66419
5.65815
5.65191
5.64874
)
;

boundaryField
{
    bottom
    {
        type            calculated;
        value           nonuniform List<scalar> 0();
    }
    atmosphere
    {
        type            calculated;
        value           nonuniform List<scalar> 0();
    }
    walls
    {
        type            calculated;
        value           nonuniform List<scalar> 
400
(
7.88181
7.88223
7.88299
7.88371
7.88423
7.88424
7.88371
7.88299
7.88224
7.88182
7.63572
7.63627
7.63725
7.63818
7.63888
7.63888
7.63819
7.63725
7.63628
7.63573
7.38937
7.39007
7.39134
7.39255
7.39347
7.39347
7.39256
7.39135
7.39008
7.38939
7.1427
7.14359
7.14522
7.14678
7.14799
7.14799
7.14678
7.14523
7.1436
7.14271
6.8956
6.89673
6.89882
6.9008
6.9024
6.9024
6.90081
6.89883
6.89674
6.89561
6.64796
6.64938
6.65204
6.65455
6.65665
6.65665
6.65456
6.65205
6.64939
6.64798
6.39965
6.4014
6.40476
6.40793
6.41067
6.41067
6.40794
6.40477
6.40142
6.39967
6.15048
6.15264
6.15682
6.16079
6.16435
6.16435
6.1608
6.15684
6.15266
6.1505
5.90025
5.90289
5.90803
5.91296
5.91754
5.91754
5.91297
5.90805
5.90291
5.90027
5.64873
5.6519
5.65814
5.66418
5.67001
5.67002
5.66419
5.65816
5.65192
5.64875
7.8818
7.88223
7.88298
7.88371
7.88423
7.88423
7.88371
7.88299
7.88224
7.88181
7.63571
7.63626
7.63724
7.63818
7.63887
7.63888
7.63819
7.63725
7.63627
7.63573
7.38937
7.39007
7.39134
7.39255
7.39347
7.39347
7.39255
7.39135
7.39008
7.38938
7.1427
7.14359
7.14522
7.14677
7.14798
7.14799
7.14678
7.14523
7.1436
7.14271
6.8956
6.89672
6.89882
6.9008
6.90239
6.9024
6.9008
6.89883
6.89674
6.89561
6.64796
6.64937
6.65203
6.65455
6.65664
6.65665
6.65456
6.65204
6.64939
6.64798
6.39964
6.4014
6.40475
6.40793
6.41066
6.41067
6.40793
6.40476
6.40142
6.39966
6.15047
6.15264
6.15682
6.16079
6.16434
6.16435
6.1608
6.15683
6.15265
6.15049
5.90025
5.90288
5.90803
5.91295
5.91753
5.91753
5.91296
5.90804
5.9029
5.90027
5.64872
5.65189
5.65813
5.66417
5.67001
5.67001
5.66418
5.65815
5.65191
5.64874
7.88181
7.63572
7.38937
7.1427
6.8956
6.64796
6.39965
6.15048
5.90025
5.64873
7.88223
7.63626
7.39007
7.14359
6.89673
6.64938
6.4014
6.15264
5.90288
5.65189
7.88298
7.63724
7.39134
7.14522
6.89882
6.65203
6.40475
6.15682
5.90803
5.65813
7.88371
7.63818
7.39255
7.14677
6.9008
6.65455
6.40792
6.16079
5.91295
5.66417
7.88423
7.63887
7.39346
7.14798
6.90239
6.65664
6.41066
6.16434
5.91752
5.67
7.88423
7.63887
7.39346
7.14798
6.90239
6.65664
6.41065
6.16433
5.91752
5.67
7.8837
7.63818
7.39254
7.14677
6.90079
6.65454
6.40792
6.16078
5.91295
5.66417
7.88298
7.63724
7.39134
7.14522
6.89881
6.65203
6.40475
6.15681
5.90803
5.65813
7.88223
7.63626
7.39007
7.14359
6.89672
6.64937
6.4014
6.15264
5.90288
5.65189
7.8818
7.63571
7.38937
7.1427
6.8956
6.64796
6.39964
6.15047
5.90025
5.64872
7.88182
7.63573
7.38939
7.14271
6.89561
6.64798
6.39967
6.1505
5.90027
5.64875
7.88224
7.63628
7.39008
7.1436
6.89674
6.64939
6.40142
6.15266
5.90291
5.65192
7.88299
7.63726
7.39135
7.14524
6.89883
6.65205
6.40477
6.15684
5.90805
5.65816
7.88372
7.63819
7.39256
7.14678
6.90081
6.65456
6.40794
6.16081
5.91297
5.66419
7.88424
7.63888
7.39347
7.14799
6.9024
6.65665
6.41067
6.16436
5.91755
5.67003
7.88424
7.63888
7.39347
7.14799
6.9024
6.65665
6.41067
6.16436
5.91755
5.67002
7.88372
7.63819
7.39256
7.14678
6.90081
6.65456
6.40794
6.1608
5.91297
5.66419
7.88299
7.63725
7.39135
7.14523
6.89883
6.65205
6.40477
6.15683
5.90805
5.65815
7.88224
7.63627
7.39008
7.1436
6.89674
6.64939
6.40142
6.15266
5.9029
5.65191
7.88181
7.63573
7.38938
7.14271
6.89561
6.64798
6.39966
6.15049
5.90027
5.64874
)
;
    }
    procBoundary2to0
    {
        type            processor;
        value           nonuniform List<scalar> 
100
(
5.39563
5.39938
5.40682
5.41412
5.42145
5.42145
5.41412
5.40681
5.39938
5.39562
5.39939
5.40386
5.41304
5.42211
5.43216
5.43216
5.42211
5.41303
5.40386
5.39938
5.40682
5.41304
5.42633
5.43997
5.45694
5.45694
5.43997
5.42632
5.41304
5.40682
5.41413
5.42212
5.43997
5.45853
5.4847
5.4847
5.45853
5.43997
5.42212
5.41413
5.42147
5.43217
5.45695
5.4847
5.52856
5.52856
5.4847
5.45695
5.43217
5.42146
5.42147
5.43218
5.45696
5.48471
5.52857
5.52857
5.4847
5.45695
5.43217
5.42146
5.41414
5.42213
5.43999
5.45854
5.48471
5.48471
5.45854
5.43998
5.42213
5.41414
5.40684
5.41306
5.42635
5.43999
5.45696
5.45696
5.43999
5.42634
5.41305
5.40683
5.39941
5.40388
5.41306
5.42214
5.43218
5.43218
5.42213
5.41306
5.40388
5.3994
5.39565
5.39941
5.40684
5.41415
5.42148
5.42148
5.41415
5.40684
5.3994
5.39565
)
;
    }
    procBoundary2to3
    {
        type            processor;
        value           nonuniform List<scalar> 
100
(
8.12769
8.12802
8.1286
8.12916
8.12955
8.12955
8.12916
8.1286
8.12802
8.12769
8.12802
8.12837
8.12899
8.12958
8.13001
8.13001
8.12958
8.12899
8.12837
8.12802
8.1286
8.12899
8.12969
8.13035
8.13084
8.13084
8.13035
8.12969
8.12899
8.1286
8.12916
8.12959
8.13035
8.13109
8.13163
8.13163
8.13108
8.13035
8.12958
8.12916
8.12956
8.13001
8.13084
8.13164
8.13224
8.13224
8.13163
8.13084
8.13001
8.12955
8.12956
8.13001
8.13085
8.13164
8.13224
8.13224
8.13164
8.13084
8.13001
8.12956
8.12917
8.12959
8.13036
8.13109
8.13164
8.13164
8.13109
8.13036
8.12959
8.12916
8.12861
8.129
8.1297
8.13036
8.13085
8.13085
8.13036
8.12969
8.129
8.12861
8.12803
8.12838
8.129
8.12959
8.13002
8.13002
8.12959
8.129
8.12838
8.12803
8.1277
8.12803
8.12861
8.12917
8.12956
8.12956
8.12917
8.12861
8.12803
8.1277
)
;
    }
}


// ************************************************************************* //
