/*--------------------------------*- C++ -*----------------------------------*\
| =========                 |                                                 |
| \\      /  F ield         | OpenFOAM: The Open Source CFD Toolbox           |
|  \\    /   O peration     | Version:  2412                                  |
|   \\  /    A nd           | Website:  www.openfoam.com                      |
|    \\/     M anipulation  |                                                 |
\*---------------------------------------------------------------------------*/
FoamFile
{
    version     2.0;
    format      ascii;
    arch        "LSB;label=32;scalar=64";
    class       volScalarField;
    location    "0.96";
    object      p;
}
// * * * * * * * * * * * * * * * * * * * * * * * * * * * * * * * * * * * * * //

dimensions      [1 -1 -2 0 0 0 0];

internalField   nonuniform List<scalar> 
1000
(
4.01734
2.17097
2.72183
2.6029
2.67945
2.67946
2.60287
2.72183
2.17095
4.0173
2.17098
2.14347
2.51081
2.58606
2.64022
2.64023
2.58605
2.51081
2.14345
2.17096
2.72183
2.51081
2.75209
2.62888
2.72703
2.72704
2.62887
2.75209
2.5108
2.72183
2.60289
2.58605
2.62888
2.60031
2.6402
2.6402
2.60029
2.62888
2.58605
2.60289
2.67944
2.64022
2.72703
2.6402
2.67919
2.67919
2.64019
2.72703
2.64022
2.67944
2.67946
2.64023
2.72703
2.6402
2.67919
2.67919
2.6402
2.72703
2.64022
2.67945
2.60285
2.58605
2.62887
2.60028
2.64019
2.64019
2.60027
2.62886
2.58604
2.60285
2.72183
2.51081
2.75209
2.62887
2.72702
2.72703
2.62886
2.75207
2.51079
2.72182
2.17094
2.14344
2.5108
2.58604
2.64021
2.64022
2.58604
2.51079
2.14343
2.17093
4.0173
2.17096
2.72184
2.60289
2.67943
2.67944
2.60286
2.72183
2.17094
4.01728
4.33567
1.92965
2.50416
2.35242
2.3969
2.39691
2.35241
2.50417
1.92964
4.3356
1.92966
1.86495
2.27369
2.29666
2.35758
2.35758
2.29666
2.27369
1.86494
1.92964
2.50416
2.27369
2.49308
2.35168
2.44853
2.44853
2.35168
2.49307
2.27368
2.50416
2.35241
2.29666
2.35168
2.31463
2.3567
2.35671
2.31461
2.35167
2.29665
2.35242
2.3969
2.35758
2.44853
2.3567
2.39659
2.39659
2.3567
2.44852
2.35757
2.3969
2.39691
2.35758
2.44853
2.35671
2.39659
2.39659
2.35671
2.44852
2.35758
2.3969
2.35241
2.29666
2.35167
2.3146
2.3567
2.35671
2.31458
2.35166
2.29665
2.35241
2.50416
2.27369
2.49306
2.35166
2.44852
2.44852
2.35166
2.49305
2.27368
2.50416
1.92963
1.86494
2.27367
2.29665
2.35757
2.35757
2.29665
2.27367
1.86493
1.92962
4.33557
1.92964
2.50416
2.35242
2.39689
2.3969
2.35242
2.50416
1.92963
4.33554
3.88111
1.68469
2.24371
2.0691
2.11357
2.11358
2.06911
2.24373
1.68469
3.88119
1.68469
1.61317
2.01824
2.01126
2.07468
2.07469
2.01125
2.01824
1.61317
1.68468
2.24371
2.01824
2.27994
2.05557
2.1603
2.1603
2.05556
2.27994
2.01823
2.24372
2.0691
2.01126
2.05557
2.03539
2.07448
2.07448
2.03538
2.05557
2.01126
2.0691
2.11357
2.07468
2.1603
2.07448
2.1121
2.1121
2.07447
2.1603
2.07468
2.11357
2.11358
2.07469
2.1603
2.07448
2.1121
2.1121
2.07448
2.1603
2.07468
2.11357
2.06912
2.01125
2.05556
2.03537
2.07447
2.07448
2.03536
2.05556
2.01125
2.06912
2.24374
2.01823
2.27993
2.05558
2.1603
2.1603
2.05557
2.27993
2.01823
2.24374
1.6847
1.61317
2.01823
2.01126
2.07468
2.07468
2.01125
2.01823
1.61317
1.68469
3.88124
1.68468
2.24373
2.06911
2.11357
2.11357
2.06912
2.24374
1.68469
3.88127
3.15034
1.43975
1.9593
1.77596
1.82999
1.82999
1.77595
1.95933
1.43976
3.15037
1.43975
1.35969
1.71344
1.73755
1.79186
1.79187
1.73754
1.71343
1.35969
1.43975
1.95929
1.71344
2.07317
1.79037
1.8714
1.8714
1.79037
2.07318
1.71343
1.95931
1.77596
1.73755
1.79037
1.76231
1.7939
1.7939
1.7623
1.79039
1.73755
1.77596
1.82999
1.79186
1.8714
1.7939
1.82779
1.82779
1.7939
1.8714
1.79186
1.82999
1.82999
1.79187
1.8714
1.79391
1.82779
1.82779
1.7939
1.8714
1.79186
1.82999
1.77594
1.73754
1.79036
1.7623
1.7939
1.7939
1.76229
1.79038
1.73754
1.77595
1.95934
1.71343
2.07319
1.7904
1.8714
1.8714
1.79039
2.07319
1.71343
1.95934
1.43977
1.3597
1.71343
1.73755
1.79186
1.79186
1.73754
1.71343
1.3597
1.43977
3.15038
1.43975
1.95932
1.77596
1.82999
1.82999
1.77595
1.95934
1.43976
3.1504
2.82582
1.21507
1.67584
1.48774
1.54829
1.54829
1.48773
1.67586
1.21508
2.8258
1.21507
1.11868
1.40397
1.46576
1.50922
1.50923
1.46575
1.40397
1.11869
1.21507
1.67584
1.40396
1.79711
1.52146
1.5815
1.5815
1.52146
1.79712
1.40396
1.67584
1.48775
1.46576
1.52147
1.48663
1.51358
1.51358
1.48663
1.52148
1.46576
1.48775
1.54829
1.50922
1.5815
1.51358
1.54388
1.54388
1.51358
1.5815
1.50922
1.54829
1.54829
1.50923
1.5815
1.51359
1.54388
1.54388
1.51358
1.5815
1.50923
1.54829
1.48773
1.46575
1.52146
1.48662
1.51358
1.51358
1.48662
1.52147
1.46575
1.48773
1.67587
1.40397
1.79712
1.52148
1.5815
1.5815
1.52148
1.79713
1.40397
1.67587
1.21508
1.11869
1.40396
1.46576
1.50922
1.50922
1.46575
1.40396
1.1187
1.21508
2.82578
1.21507
1.67585
1.48775
1.54829
1.54829
1.48774
1.67586
1.21508
2.82579
2.78643
0.968174
1.40902
1.2108
1.27035
1.27036
1.21079
1.40904
0.968179
2.78646
0.968171
0.857859
1.08583
1.18867
1.22534
1.22534
1.18866
1.08583
0.857864
0.968168
1.40902
1.08583
1.46543
1.23158
1.29161
1.29161
1.23158
1.46543
1.08582
1.40902
1.2108
1.18867
1.23159
1.20999
1.23135
1.23135
1.20999
1.23159
1.18867
1.21081
1.27035
1.22534
1.29161
1.23135
1.25921
1.25921
1.23135
1.29161
1.22534
1.27035
1.27036
1.22534
1.29161
1.23135
1.25921
1.25921
1.23135
1.29161
1.22534
1.27036
1.21079
1.18866
1.23158
1.20999
1.23134
1.23135
1.20998
1.23159
1.18866
1.2108
1.40904
1.08583
1.46543
1.2316
1.29161
1.29161
1.23159
1.46542
1.08582
1.40904
0.968181
0.857867
1.08582
1.18867
1.22533
1.22534
1.18866
1.08582
0.857868
0.968175
2.78648
0.968168
1.40903
1.21081
1.27035
1.27036
1.2108
1.40904
0.968171
2.7865
2.08633
0.733583
1.11811
0.944977
0.987497
0.987498
0.944976
1.11812
0.733585
2.08633
0.73358
0.647038
0.777922
0.913101
0.941991
0.941992
0.913098
0.777912
0.647047
0.733575
1.11811
0.777922
1.08899
0.944848
0.998104
0.998104
0.944847
1.08899
0.777917
1.11812
0.94498
0.913102
0.944848
0.932411
0.950023
0.950024
0.932409
0.944851
0.913102
0.944986
0.987497
0.94199
0.998104
0.950023
0.973997
0.973998
0.950022
0.998106
0.941991
0.987499
0.987499
0.941992
0.998104
0.950025
0.973998
0.973999
0.950024
0.998106
0.941992
0.9875
0.944976
0.913096
0.944846
0.932409
0.950021
0.950022
0.932407
0.944849
0.913097
0.944982
1.11813
0.777909
1.08898
0.944853
0.998107
0.998107
0.944852
1.08898
0.777906
1.11813
0.733585
0.647051
0.777913
0.913102
0.94199
0.941992
0.913099
0.777906
0.647054
0.733578
2.08633
0.733574
1.11812
0.944987
0.9875
0.9875
0.944985
1.11813
0.733575
2.08633
1.6684
0.461798
0.840489
0.706264
0.709842
0.709843
0.706267
0.840497
0.461795
1.6684
0.461795
0.408852
0.483823
0.633516
0.659969
0.659969
0.633513
0.483807
0.408856
0.461785
0.840489
0.483825
0.782231
0.661514
0.711694
0.711694
0.661514
0.78223
0.48382
0.840498
0.706266
0.633516
0.661514
0.653245
0.669052
0.669053
0.653244
0.661516
0.633516
0.706274
0.709842
0.659969
0.711694
0.669051
0.690295
0.690296
0.669051
0.711696
0.659969
0.709845
0.709844
0.659969
0.711694
0.669053
0.690296
0.690297
0.669052
0.711696
0.65997
0.709846
0.706268
0.633512
0.661513
0.653243
0.66905
0.669051
0.653242
0.661515
0.633513
0.706275
0.8405
0.483801
0.782226
0.661517
0.711697
0.711697
0.661517
0.782228
0.483801
0.840504
0.461794
0.408858
0.483817
0.633516
0.659969
0.659969
0.633514
0.483806
0.408858
0.461784
1.6684
0.461781
0.840501
0.706277
0.709845
0.709846
0.706278
0.840504
0.46178
1.66839
1.17195
0.28
0.524531
0.429854
0.417177
0.417177
0.429858
0.524537
0.279997
1.17195
0.279998
0.348346
0.25853
0.354582
0.3796
0.379599
0.354584
0.258518
0.348367
0.279988
0.524531
0.258532
0.408116
0.375201
0.414822
0.414822
0.375201
0.408114
0.258528
0.524538
0.429854
0.354582
0.375201
0.373807
0.388038
0.388038
0.373807
0.3752
0.354583
0.429859
0.417178
0.379601
0.414822
0.388038
0.404922
0.404922
0.388037
0.414823
0.379601
0.417179
0.417177
0.379599
0.414822
0.388038
0.404922
0.404923
0.388038
0.414823
0.3796
0.417178
0.429859
0.354584
0.3752
0.373807
0.388037
0.388037
0.373806
0.3752
0.354584
0.429863
0.524539
0.258513
0.408111
0.3752
0.414824
0.414823
0.375201
0.408113
0.258514
0.524543
0.279996
0.348377
0.258526
0.354584
0.3796
0.3796
0.354585
0.258518
0.348388
0.279987
1.17195
0.279983
0.524541
0.429861
0.417179
0.417179
0.429864
0.524544
0.279981
1.17195
0.900523
0.00280933
0.257814
0.146279
0.141656
0.141658
0.14628
0.257816
0.00280225
0.900492
0.00280996
-0.0382789
0.0705778
0.0802815
0.104283
0.104282
0.0802854
0.0705708
-0.0382891
0.00280579
0.257814
0.0705794
0.207708
0.117829
0.140754
0.140754
0.117829
0.207709
0.0705787
0.257818
0.146278
0.0802809
0.117828
0.0973314
0.110421
0.110421
0.097332
0.117828
0.0802825
0.146276
0.141656
0.104284
0.140754
0.110421
0.124297
0.124297
0.110421
0.140754
0.104284
0.141658
0.141659
0.104282
0.140754
0.110421
0.124297
0.124297
0.110421
0.140754
0.104283
0.141659
0.14628
0.0802874
0.11783
0.0973323
0.110421
0.110421
0.0973324
0.11783
0.0802868
0.146279
0.257817
0.0705686
0.207709
0.117829
0.140755
0.140755
0.117829
0.20771
0.0705696
0.25782
0.00279951
-0.0382941
0.0705769
0.080283
0.104284
0.104283
0.0802849
0.0705711
-0.0382993
0.00279868
0.900478
0.0028026
0.25782
0.146275
0.141658
0.141659
0.146278
0.257821
0.00279852
0.900464
)
;

boundaryField
{
    bottom
    {
        type            calculated;
        value           nonuniform List<scalar> 0();
    }
    atmosphere
    {
        type            calculated;
        value           nonuniform List<scalar> 
100
(
0
0
0
-5.17379e-05
-0.0158177
-0.0158184
-5.11271e-05
0
0
0
0
-0.00991643
0
-0.070856
-0.0384139
-0.0384164
-0.070852
0
-0.00992578
0
0
0
0
-0.0264522
-0.0109492
-0.0109495
-0.026451
0
0
0
-5.16603e-05
-0.0708556
-0.0264517
-0.0438876
-0.0301564
-0.030157
-0.0438866
-0.0264522
-0.0708537
-5.15878e-05
-0.015818
-0.0384145
-0.0109492
-0.0301566
-0.018322
-0.018322
-0.0301563
-0.0109487
-0.0384138
-0.0158167
-0.0158184
-0.0384159
-0.0109494
-0.030157
-0.018322
-0.0183219
-0.0301565
-0.0109488
-0.0384148
-0.015817
-5.12884e-05
-0.0708532
-0.0264511
-0.043887
-0.0301562
-0.0301566
-0.0438864
-0.0264516
-0.0708529
-5.13301e-05
0
0
0
-0.0264524
-0.0109489
-0.0109491
-0.0264514
0
0
0
0
-0.00992281
0
-0.0708546
-0.0384137
-0.0384156
-0.0708523
0
-0.00992904
0
0
0
0
-5.16507e-05
-0.0158169
-0.0158175
-5.11859e-05
0
0
0
)
;
    }
    walls
    {
        type            calculated;
        value           nonuniform List<scalar> 
400
(
4.01734
2.17098
2.72183
2.60289
2.67944
2.67946
2.60285
2.72183
2.17094
4.0173
4.33567
1.92966
2.50416
2.35241
2.3969
2.39691
2.35241
2.50416
1.92963
4.33557
3.88111
1.68469
2.24371
2.0691
2.11357
2.11358
2.06912
2.24374
1.6847
3.88124
3.15034
1.43975
1.95929
1.77596
1.82999
1.82999
1.77594
1.95934
1.43977
3.15038
2.82582
1.21507
1.67584
1.48775
1.54829
1.54829
1.48773
1.67587
1.21508
2.82578
2.78643
0.968171
1.40902
1.2108
1.27035
1.27036
1.21079
1.40904
0.968181
2.78648
2.08633
0.73358
1.11811
0.94498
0.987497
0.987499
0.944976
1.11813
0.733585
2.08633
1.6684
0.461795
0.840489
0.706266
0.709842
0.709844
0.706268
0.8405
0.461794
1.6684
1.17195
0.279998
0.524531
0.429854
0.417178
0.417177
0.429859
0.524539
0.279996
1.17195
0.900523
0.00280996
0.257814
0.146278
0.141656
0.141659
0.14628
0.257817
0.00279951
0.900478
4.0173
2.17096
2.72183
2.60289
2.67944
2.67945
2.60285
2.72182
2.17093
4.01728
4.3356
1.92964
2.50416
2.35242
2.3969
2.3969
2.35241
2.50416
1.92962
4.33554
3.88119
1.68468
2.24372
2.0691
2.11357
2.11357
2.06912
2.24374
1.68469
3.88127
3.15037
1.43975
1.95931
1.77596
1.82999
1.82999
1.77595
1.95934
1.43977
3.1504
2.8258
1.21507
1.67584
1.48775
1.54829
1.54829
1.48773
1.67587
1.21508
2.82579
2.78646
0.968168
1.40902
1.21081
1.27035
1.27036
1.2108
1.40904
0.968175
2.7865
2.08633
0.733575
1.11812
0.944986
0.987499
0.9875
0.944982
1.11813
0.733578
2.08633
1.6684
0.461785
0.840498
0.706274
0.709845
0.709846
0.706275
0.840504
0.461784
1.66839
1.17195
0.279988
0.524538
0.429859
0.417179
0.417178
0.429863
0.524543
0.279987
1.17195
0.900492
0.00280579
0.257818
0.146276
0.141658
0.141659
0.146279
0.25782
0.00279868
0.900464
4.01734
4.33567
3.88111
3.15034
2.82582
2.78643
2.08633
1.6684
1.17195
0.900523
2.17097
1.92965
1.68469
1.43975
1.21507
0.968174
0.733583
0.461798
0.28
0.00280933
2.72183
2.50416
2.24371
1.9593
1.67584
1.40902
1.11811
0.840489
0.524531
0.257814
2.6029
2.35242
2.0691
1.77596
1.48774
1.2108
0.944977
0.706264
0.429854
0.146279
2.67945
2.3969
2.11357
1.82999
1.54829
1.27035
0.987497
0.709842
0.417177
0.141656
2.67946
2.39691
2.11358
1.82999
1.54829
1.27036
0.987498
0.709843
0.417177
0.141658
2.60287
2.35241
2.06911
1.77595
1.48773
1.21079
0.944976
0.706267
0.429858
0.14628
2.72183
2.50417
2.24373
1.95933
1.67586
1.40904
1.11812
0.840497
0.524537
0.257816
2.17095
1.92964
1.68469
1.43976
1.21508
0.968179
0.733585
0.461795
0.279997
0.00280225
4.0173
4.3356
3.88119
3.15037
2.8258
2.78646
2.08633
1.6684
1.17195
0.900492
4.0173
4.33557
3.88124
3.15038
2.82578
2.78648
2.08633
1.6684
1.17195
0.900478
2.17096
1.92964
1.68468
1.43975
1.21507
0.968168
0.733574
0.461781
0.279983
0.0028026
2.72184
2.50416
2.24373
1.95932
1.67585
1.40903
1.11812
0.840501
0.524541
0.25782
2.60289
2.35242
2.06911
1.77596
1.48775
1.21081
0.944987
0.706277
0.429861
0.146275
2.67943
2.39689
2.11357
1.82999
1.54829
1.27035
0.9875
0.709845
0.417179
0.141658
2.67944
2.3969
2.11357
1.82999
1.54829
1.27036
0.9875
0.709846
0.417179
0.141659
2.60286
2.35242
2.06912
1.77595
1.48774
1.2108
0.944985
0.706278
0.429864
0.146278
2.72183
2.50416
2.24374
1.95934
1.67586
1.40904
1.11813
0.840504
0.524544
0.257821
2.17094
1.92963
1.68469
1.43976
1.21508
0.968171
0.733575
0.46178
0.279981
0.00279852
4.01728
4.33554
3.88127
3.1504
2.82579
2.7865
2.08633
1.66839
1.17195
0.900464
)
;
    }
    procBoundary1to0
    {
        type            processor;
        value           nonuniform List<scalar> 
100
(
3.98586
2.36907
2.96869
2.88419
2.96499
2.96501
2.88417
2.96868
2.36906
3.98583
2.36907
2.40694
2.72727
2.87347
2.92223
2.92224
2.87346
2.72725
2.40692
2.36906
2.96868
2.72727
3.01749
2.88202
3.00284
3.00285
2.882
3.01748
2.72727
2.96868
2.88419
2.87347
2.88202
2.88864
2.92393
2.92393
2.88863
2.88201
2.87345
2.88417
2.96499
2.92223
3.00284
2.92393
2.96301
2.96301
2.92392
3.00283
2.92222
2.96498
2.96501
2.92224
3.00285
2.92393
2.96301
2.96301
2.92392
3.00284
2.92223
2.965
2.88415
2.87345
2.88199
2.88862
2.92392
2.92392
2.88861
2.88198
2.87344
2.88414
2.96868
2.72725
3.01748
2.88201
3.00283
3.00283
2.88199
3.01745
2.72724
2.96867
2.36906
2.40692
2.72727
2.87344
2.92222
2.92222
2.87344
2.72725
2.4069
2.36904
3.98583
2.36905
2.96868
2.88416
2.96497
2.96498
2.88414
2.96867
2.36903
3.98583
)
;
    }
}


// ************************************************************************* //
