/*--------------------------------*- C++ -*----------------------------------*\
| =========                 |                                                 |
| \\      /  F ield         | OpenFOAM: The Open Source CFD Toolbox           |
|  \\    /   O peration     | Version:  2412                                  |
|   \\  /    A nd           | Website:  www.openfoam.com                      |
|    \\/     M anipulation  |                                                 |
\*---------------------------------------------------------------------------*/
FoamFile
{
    version     2.0;
    format      ascii;
    arch        "LSB;label=32;scalar=64";
    class       volVectorField;
    location    "0.99";
    object      U;
}
// * * * * * * * * * * * * * * * * * * * * * * * * * * * * * * * * * * * * * //

dimensions      [0 1 -1 0 0 0 0];

internalField   nonuniform List<vector> 
1000
(
(-0.110139 -0.110153 -1.66553)
(0.0962328 -0.39662 -1.13093)
(-0.195089 -0.286822 -0.611935)
(0.267169 0.00221724 0.0248426)
(-0.462113 -0.0888603 0.101828)
(0.462101 -0.0888536 0.101832)
(-0.267175 0.00225312 0.0248633)
(0.195149 -0.286828 -0.6119)
(-0.0962114 -0.396623 -1.13091)
(0.110159 -0.110181 -1.6655)
(-0.39662 0.0962769 -1.13093)
(-0.226111 -0.226074 -0.351817)
(-0.717484 0.243535 -0.0176701)
(-0.546513 -0.170791 0.234589)
(-0.515109 -0.303998 0.336256)
(0.515035 -0.303956 0.336173)
(0.546439 -0.17095 0.234542)
(0.717507 0.243433 -0.017581)
(0.226163 -0.226069 -0.351791)
(0.396635 0.0963029 -1.13091)
(-0.286816 -0.195051 -0.61198)
(0.243565 -0.717484 -0.0177573)
(-0.51033 -0.510369 0.845502)
(-0.457042 -0.649594 0.351193)
(-0.707123 -0.60405 0.460006)
(0.707074 -0.604044 0.459991)
(0.457076 -0.649659 0.351173)
(0.510385 -0.510477 0.845452)
(-0.243513 -0.717501 -0.0177757)
(0.286826 -0.195028 -0.612015)
(0.00220376 0.267171 0.0248172)
(-0.170765 -0.546584 0.234591)
(-0.649592 -0.457079 0.351153)
(-0.534121 -0.534168 -0.147536)
(-0.588321 -0.426757 0.0242879)
(0.588342 -0.426842 0.0244206)
(0.534181 -0.534335 -0.147456)
(0.649665 -0.457216 0.35108)
(0.170896 -0.546624 0.234576)
(-0.00223515 0.267207 0.0247881)
(-0.0888633 -0.462102 0.101825)
(-0.304086 -0.515148 0.336296)
(-0.604119 -0.707135 0.460027)
(-0.426754 -0.588349 0.0243539)
(-0.445907 -0.445801 1.65042)
(0.445997 -0.445759 1.65057)
(0.426818 -0.588459 0.0245508)
(0.604208 -0.707161 0.460021)
(0.30415 -0.515151 0.336249)
(0.0888455 -0.462065 0.101832)
(-0.0888531 0.462083 0.101817)
(-0.304024 0.515036 0.336168)
(-0.604122 0.707065 0.460006)
(-0.42692 0.588391 0.024578)
(-0.4458 0.445962 1.6507)
(0.445866 0.445894 1.65085)
(0.426979 0.588486 0.0247225)
(0.604211 0.707108 0.459994)
(0.30409 0.515052 0.336138)
(0.0888431 0.462064 0.101822)
(0.00226482 -0.267175 0.0248594)
(-0.171056 0.546455 0.234536)
(-0.649736 0.457142 0.351145)
(-0.534393 0.534283 -0.147409)
(-0.58847 0.426861 0.024636)
(0.588474 0.426938 0.0247171)
(0.53441 0.534411 -0.147378)
(0.649795 0.457271 0.351082)
(0.171172 0.546496 0.234543)
(-0.00228009 -0.267188 0.0248441)
(-0.286815 0.195169 -0.611914)
(0.243383 0.717522 -0.0175938)
(-0.510516 0.510455 0.845419)
(-0.457279 0.649722 0.351074)
(-0.70715 0.60421 0.45998)
(0.707118 0.604206 0.459961)
(0.4573 0.649778 0.351059)
(0.510544 0.510536 0.845388)
(-0.243345 0.717525 -0.0176123)
(0.286816 0.195182 -0.611946)
(-0.396618 -0.0962161 -1.1309)
(-0.22609 0.226172 -0.351789)
(-0.717498 -0.243456 -0.0177142)
(-0.546578 0.171021 0.234573)
(-0.515121 0.304152 0.336175)
(0.515062 0.304116 0.336109)
(0.54651 0.171168 0.23455)
(0.717509 -0.243373 -0.0176367)
(0.226138 0.226159 -0.351787)
(0.39662 -0.0962352 -1.13089)
(-0.110183 0.110178 -1.66549)
(0.0962954 0.39664 -1.13091)
(-0.195029 0.286829 -0.611999)
(0.267224 -0.00227751 0.0248022)
(-0.462046 0.0888384 0.101836)
(0.46205 0.0888374 0.101838)
(-0.267211 -0.00229582 0.0248364)
(0.19513 0.286834 -0.61197)
(-0.0962757 0.396633 -1.13089)
(0.110207 0.11021 -1.66547)
(-0.096245 -0.0962567 -1.64479)
(0.0213178 -0.347152 -0.940358)
(-0.343684 -0.371948 -0.666813)
(0.279863 -0.057134 0.114575)
(-0.373789 -0.143946 0.165463)
(0.373771 -0.143939 0.165451)
(-0.279877 -0.0570986 0.114616)
(0.343715 -0.371961 -0.666766)
(-0.0212845 -0.347159 -0.940328)
(0.0962509 -0.0962668 -1.64476)
(-0.347147 0.0213838 -0.940365)
(-0.15394 -0.153916 -0.176539)
(-0.674779 0.313492 0.121537)
(-0.394363 -0.0123016 0.284224)
(-0.260994 -0.186351 0.223333)
(0.260966 -0.186317 0.223261)
(0.394309 -0.0124208 0.284183)
(0.674795 0.313426 0.121608)
(0.153977 -0.153912 -0.176512)
(0.347163 0.0214234 -0.940343)
(-0.37193 -0.343663 -0.666849)
(0.31351 -0.67477 0.121475)
(-0.435433 -0.435479 1.14443)
(-0.335073 -0.458441 0.505624)
(-0.543976 -0.4186 0.203512)
(0.543924 -0.418626 0.203512)
(0.335084 -0.458502 0.505566)
(0.435476 -0.435584 1.14438)
(-0.313468 -0.674768 0.121467)
(0.37194 -0.343641 -0.666863)
(-0.0571411 0.279855 0.114553)
(-0.0123102 -0.394411 0.284237)
(-0.458442 -0.335071 0.505577)
(-0.12946 -0.129436 -0.162716)
(-0.441665 -0.320727 -0.109319)
(0.441661 -0.320794 -0.109242)
(0.129587 -0.129577 -0.162648)
(0.458507 -0.335126 0.505455)
(0.0124701 -0.394408 0.284249)
(0.0571113 0.279863 0.114555)
(-0.143953 -0.373781 0.165482)
(-0.186416 -0.261039 0.223362)
(-0.41865 -0.543993 0.203508)
(-0.320721 -0.441698 -0.109286)
(-0.67578 -0.675809 1.06535)
(0.675726 -0.675822 1.06548)
(0.320771 -0.441754 -0.109199)
(0.418737 -0.543977 0.203469)
(0.18647 -0.261044 0.223334)
(0.143949 -0.373751 0.16551)
(-0.143941 0.373752 0.165453)
(-0.186366 0.260981 0.223262)
(-0.418701 0.543928 0.20352)
(-0.320848 0.441691 -0.109158)
(-0.675817 0.675707 1.06558)
(0.675764 0.675719 1.06568)
(0.320893 0.44174 -0.109097)
(0.418779 0.543931 0.203481)
(0.186415 0.260982 0.223251)
(0.14394 0.373742 0.165479)
(-0.0570863 -0.279886 0.114627)
(-0.0125128 0.394314 0.284198)
(-0.458562 0.33511 0.505501)
(-0.129655 0.129684 -0.162624)
(-0.44177 0.320837 -0.109141)
(0.441754 0.320891 -0.109089)
(0.129693 0.129746 -0.162599)
(0.458605 0.335162 0.505398)
(0.0126602 0.394312 0.284226)
(0.0570748 -0.279889 0.114634)
(-0.371949 0.343729 -0.666773)
(0.313392 0.674804 0.121611)
(-0.435606 0.435541 1.14435)
(-0.335151 0.458557 0.505427)
(-0.543945 0.418742 0.203444)
(0.543912 0.418762 0.203446)
(0.33515 0.458602 0.505383)
(0.435619 0.435614 1.14432)
(-0.313355 0.674798 0.121605)
(0.371948 0.343736 -0.666792)
(-0.347154 -0.0212943 -0.940321)
(-0.15392 0.153984 -0.176507)
(-0.674763 -0.313442 0.12152)
(-0.394348 0.0125245 0.284263)
(-0.260993 0.186445 0.223286)
(0.260963 0.18641 0.223231)
(0.394294 0.0126356 0.28424)
(0.674775 -0.31339 0.121581)
(0.153954 0.153969 -0.176499)
(0.347157 -0.0213188 -0.940299)
(-0.0962607 0.0962629 -1.64474)
(0.0214074 0.347172 -0.940337)
(-0.343637 0.371957 -0.666841)
(0.279879 0.0570833 0.114585)
(-0.373738 0.143941 0.165518)
(0.37374 0.143934 0.165506)
(-0.27989 0.057068 0.114631)
(0.343702 0.371965 -0.666807)
(-0.0213722 0.34717 -0.940306)
(0.0962711 0.0962785 -1.64471)
(-0.135057 -0.135068 -1.60621)
(0.0343434 -0.30829 -0.754457)
(-0.37778 -0.38962 -0.723155)
(0.271664 -0.0750539 0.0909659)
(-0.24043 -0.135532 0.21578)
(0.240396 -0.135525 0.21576)
(-0.271702 -0.0750394 0.0910029)
(0.377784 -0.389639 -0.72311)
(-0.0343215 -0.308296 -0.754423)
(0.135044 -0.135058 -1.60617)
(-0.308284 0.0344079 -0.754467)
(-0.120358 -0.12035 -0.0449432)
(-0.644438 0.276502 0.154569)
(-0.332172 0.013149 0.202956)
(-0.137944 -0.11004 0.161327)
(0.137985 -0.110008 0.161278)
(0.332123 0.0131628 0.202941)
(0.644429 0.276482 0.154666)
(0.120377 -0.12037 -0.044911)
(0.3083 0.0344396 -0.754436)
(-0.389598 -0.377769 -0.72318)
(0.27653 -0.644448 0.154495)
(-0.349162 -0.349217 1.44472)
(-0.0645824 -0.299773 0.545424)
(-0.139782 -0.342202 0.0775384)
(0.139891 -0.342233 0.077546)
(0.0645986 -0.299793 0.545358)
(0.349183 -0.349306 1.44465)
(-0.27651 -0.644446 0.154486)
(0.38961 -0.377758 -0.723174)
(-0.0750614 0.271638 0.0909566)
(0.0131257 -0.332195 0.202984)
(-0.299767 -0.0645166 0.545373)
(0.157317 0.157342 -0.173254)
(-0.284902 -0.152326 -0.113768)
(0.284901 -0.152326 -0.113714)
(-0.157251 0.157246 -0.173192)
(0.299783 -0.0644581 0.545216)
(-0.0130485 -0.332149 0.203027)
(0.075073 0.271644 0.0909941)
(-0.135538 -0.240439 0.215819)
(-0.110071 -0.13796 0.161357)
(-0.342217 -0.13979 0.0775309)
(-0.152327 -0.284918 -0.113749)
(-0.563614 -0.563649 0.588631)
(0.563545 -0.563656 0.588692)
(0.152385 -0.284945 -0.113733)
(0.342257 -0.13986 0.0775106)
(0.11007 -0.138003 0.161356)
(0.135543 -0.240422 0.21586)
(-0.135524 0.24038 0.215781)
(-0.110029 0.137996 0.161286)
(-0.342263 0.139954 0.0775511)
(-0.15233 0.284925 -0.113669)
(-0.563638 0.563531 0.58872)
(0.563582 0.563549 0.588771)
(0.152392 0.284957 -0.113659)
(0.342292 0.139982 0.0775342)
(0.110023 0.138018 0.161294)
(0.13553 0.240384 0.215826)
(-0.0750402 -0.271708 0.0910239)
(0.0131383 0.332106 0.202975)
(-0.299811 0.0645755 0.545287)
(0.157187 -0.157197 -0.173171)
(-0.284977 0.152432 -0.113706)
(0.284974 0.152425 -0.113657)
(-0.157149 -0.157117 -0.173159)
(0.299821 0.0645209 0.545134)
(-0.0130448 0.332058 0.203017)
(0.0750608 -0.271715 0.0910745)
(-0.389627 0.377786 -0.723114)
(0.276478 0.644438 0.154666)
(-0.349303 0.34924 1.44461)
(-0.0644765 0.299808 0.545204)
(-0.139876 0.342262 0.0775115)
(0.13994 0.342284 0.0775232)
(0.0644828 0.299824 0.54514)
(0.349301 0.349302 1.44457)
(-0.276452 0.644437 0.154651)
(0.389629 0.377788 -0.723119)
(-0.308293 -0.0343436 -0.754414)
(-0.12038 0.120378 -0.0449048)
(-0.644432 -0.276499 0.15454)
(-0.332092 -0.0130768 0.203042)
(-0.137973 0.110036 0.161334)
(0.137992 0.110003 0.161296)
(0.332039 -0.0130715 0.203029)
(0.644425 -0.276485 0.154609)
(0.120389 0.12038 -0.0448926)
(0.308297 -0.0343679 -0.754384)
(-0.135044 0.135051 -1.60616)
(0.0344144 0.308309 -0.754425)
(-0.377761 0.389636 -0.723154)
(0.271672 0.07506 0.0910165)
(-0.240424 0.135545 0.215854)
(0.240413 0.135536 0.215841)
(-0.271711 0.0750578 0.0910682)
(0.37778 0.389646 -0.723126)
(-0.0344023 0.308307 -0.754389)
(0.135043 0.135053 -1.60612)
(-0.223763 -0.223772 -1.55898)
(0.106698 -0.280022 -0.594033)
(-0.348417 -0.372597 -0.729705)
(0.287319 -0.161058 0.0722692)
(-0.00397712 -0.0257077 0.309953)
(0.003916 -0.0256978 0.309924)
(-0.287347 -0.161062 0.0722753)
(0.348416 -0.372616 -0.729664)
(-0.106677 -0.280026 -0.593984)
(0.22373 -0.22375 -1.55897)
(-0.280012 0.106761 -0.594043)
(-0.146848 -0.146812 0.142007)
(-0.614749 0.115362 0.222164)
(-0.354831 0.00286846 0.111046)
(-0.254858 0.0430466 0.080501)
(0.25485 0.0430499 0.0804929)
(0.354752 0.00292469 0.111043)
(0.61472 0.115369 0.22223)
(0.146857 -0.146848 0.142026)
(0.280021 0.106805 -0.594001)
(-0.372575 -0.348405 -0.729724)
(0.115392 -0.614785 0.222101)
(-0.329985 -0.330051 1.46659)
(0.196626 -0.207661 0.388643)
(-0.0697621 -0.305908 0.126576)
(0.0699053 -0.305943 0.126636)
(-0.196625 -0.207667 0.388673)
(0.329972 -0.330131 1.46651)
(-0.115448 -0.614801 0.222066)
(0.372586 -0.348398 -0.729711)
(-0.161058 0.287294 0.0722734)
(0.00287021 -0.354883 0.111058)
(-0.207648 0.196709 0.388579)
(0.149429 0.149446 -0.188272)
(-0.214641 -0.0755921 -0.0657969)
(0.214619 -0.0755479 -0.0657621)
(-0.149451 0.149477 -0.188211)
(0.207622 0.196814 0.388441)
(-0.00289076 -0.354845 0.111093)
(0.161076 0.287301 0.0723175)
(-0.0257217 -0.00401348 0.309984)
(0.0430656 -0.25487 0.0805192)
(-0.305916 -0.0698616 0.126565)
(-0.0755909 -0.214654 -0.0657917)
(-0.40117 -0.401188 0.342069)
(0.401114 -0.40119 0.342108)
(0.075642 -0.214607 -0.0658173)
(0.305946 -0.070122 0.12657)
(-0.0431076 -0.254879 0.0805225)
(0.0257638 -0.00401743 0.310013)
(-0.0256996 0.00390294 0.309935)
(0.0430599 0.254838 0.0805105)
(-0.305962 0.0700616 0.126645)
(-0.0755245 0.214622 -0.0657378)
(-0.401179 0.401109 0.342137)
(0.401139 0.401126 0.342172)
(0.0755828 0.214602 -0.0657671)
(0.305976 0.0702593 0.126633)
(-0.0431071 0.254833 0.0805169)
(0.0257333 0.00391348 0.309971)
(-0.161064 -0.287352 0.0722908)
(0.00294115 0.354746 0.111068)
(-0.207656 -0.196675 0.388631)
(0.149476 -0.149457 -0.188185)
(-0.214613 0.0756582 -0.0658007)
(0.214617 0.0756124 -0.0657676)
(-0.149429 -0.149414 -0.188159)
(0.207634 -0.196771 0.388478)
(-0.00294532 0.354709 0.111099)
(0.161075 -0.287369 0.0723552)
(-0.372607 0.348414 -0.729669)
(0.115383 0.614737 0.222224)
(-0.330105 0.330019 1.46647)
(0.196797 0.207631 0.388463)
(-0.070018 0.305956 0.126593)
(0.0701026 0.305978 0.126635)
(-0.196798 0.207637 0.388474)
(0.33008 0.330081 1.46642)
(-0.115414 0.61475 0.222193)
(0.37261 0.348415 -0.729666)
(-0.280019 -0.106711 -0.593971)
(-0.146887 0.146834 0.14203)
(-0.614779 -0.115463 0.222103)
(-0.354786 -0.00292605 0.111117)
(-0.254848 -0.0430998 0.0805194)
(0.254826 -0.0431045 0.080516)
(0.354712 -0.00296613 0.111111)
(0.614752 -0.115459 0.222152)
(0.146888 0.146859 0.142038)
(0.280019 -0.106754 -0.593938)
(-0.223735 0.223731 -1.55896)
(0.106779 0.280032 -0.593985)
(-0.348406 0.372613 -0.729695)
(0.287322 0.161076 0.0723269)
(-0.00401593 0.0257911 0.310005)
(0.00396474 0.0257734 0.309988)
(-0.28736 0.161075 0.0723564)
(0.348416 0.372625 -0.72967)
(-0.106776 0.28003 -0.593944)
(0.223726 0.223731 -1.55893)
(-0.355023 -0.355027 -1.49831)
(0.172292 -0.278559 -0.464314)
(-0.336483 -0.346475 -0.690635)
(0.3142 -0.132889 0.00194595)
(0.00441331 0.226475 0.349044)
(-0.00444151 0.226497 0.349006)
(-0.314205 -0.1329 0.00192722)
(0.336486 -0.346479 -0.690598)
(-0.172255 -0.278556 -0.464252)
(0.354983 -0.355001 -1.49831)
(-0.278541 0.172355 -0.464319)
(-0.191728 -0.191673 0.276979)
(-0.531314 -0.0524395 0.26989)
(-0.27205 0.000229551 0.0150617)
(-0.360976 0.0888094 0.00909708)
(0.360925 0.0887627 0.00910306)
(0.271963 0.000285964 0.0150655)
(0.531291 -0.0524454 0.269957)
(0.191716 -0.191681 0.277001)
(0.278541 0.172411 -0.464272)
(-0.346461 -0.336468 -0.690645)
(-0.0524105 -0.531355 0.269842)
(-0.362293 -0.362363 1.37777)
(0.272226 -0.0900333 0.333501)
(-0.371284 -0.179693 0.189337)
(0.371305 -0.179718 0.189397)
(-0.272294 -0.0901073 0.333545)
(0.362254 -0.362439 1.37769)
(0.0522872 -0.531348 0.269769)
(0.346467 -0.336462 -0.690647)
(-0.132888 0.314186 0.00196081)
(0.000257014 -0.27212 0.0150616)
(-0.0900192 0.272231 0.333469)
(-0.0478765 -0.0478385 -0.170999)
(-0.130981 -0.0631704 -0.0861124)
(0.130956 -0.0631168 -0.0860753)
(0.0478671 -0.0477111 -0.170963)
(0.0899487 0.272198 0.333398)
(-0.000324226 -0.272118 0.0150782)
(0.13289 0.314173 0.00200535)
(0.226467 0.00438698 0.349073)
(0.0888597 -0.360984 0.00910349)
(-0.179691 -0.371373 0.189299)
(-0.0631671 -0.130998 -0.0861017)
(-0.307538 -0.307553 0.114061)
(0.307501 -0.307574 0.114082)
(0.0632149 -0.130951 -0.0861)
(0.179718 -0.371476 0.189273)
(-0.0889032 -0.360984 0.00911215)
(-0.226456 0.00436928 0.34911)
(0.22649 -0.00445954 0.349008)
(0.0887891 0.360899 0.00911463)
(-0.17972 0.371399 0.18937)
(-0.0630922 0.130954 -0.086047)
(-0.307567 0.307489 0.114102)
(0.307533 0.307514 0.114127)
(0.0631408 0.13092 -0.086061)
(0.179726 0.371491 0.189321)
(-0.0888403 0.360897 0.00912143)
(-0.226473 -0.00447025 0.349051)
(-0.13291 -0.314214 0.00193607)
(0.000326638 0.271979 0.0150756)
(-0.0901176 -0.272323 0.333539)
(-0.0476831 0.0478255 -0.170939)
(-0.130932 0.0632272 -0.086089)
(0.130922 0.0631662 -0.0860648)
(0.0477466 0.0477676 -0.170927)
(0.0900433 -0.272293 0.333469)
(-0.000382053 0.271973 0.0150884)
(0.132907 -0.314225 0.00199682)
(-0.346472 0.33648 -0.690597)
(-0.0524315 0.531312 0.269955)
(-0.362405 0.362291 1.37765)
(0.272208 0.0899246 0.333381)
(-0.371371 0.17976 0.189345)
(0.371386 0.179765 0.189384)
(-0.272285 0.0899921 0.333422)
(0.362365 0.362357 1.37758)
(0.0523447 0.531303 0.269885)
(0.34648 0.33648 -0.69061)
(-0.27854 -0.1723 -0.464232)
(-0.191727 0.191669 0.277005)
(-0.531322 0.0522635 0.269776)
(-0.272075 -0.000316378 0.0150964)
(-0.360965 -0.0888798 0.00911201)
(0.360909 -0.0888391 0.0091173)
(0.271987 -0.000365689 0.0150958)
(0.531296 0.0522875 0.269822)
(0.191719 0.191681 0.277015)
(0.278537 -0.172358 -0.464198)
(-0.35499 0.354979 -1.49831)
(0.172385 0.278558 -0.464258)
(-0.336472 0.346487 -0.690643)
(0.31418 0.132909 0.00200593)
(0.0044087 -0.226404 0.349108)
(-0.00446502 -0.226422 0.349082)
(-0.314208 0.132914 0.00200697)
(0.336483 0.346494 -0.69062)
(-0.172371 0.278553 -0.464207)
(0.354979 0.354979 -1.4983)
(-0.497784 -0.497785 -1.38419)
(0.237439 -0.30383 -0.35534)
(-0.347809 -0.289465 -0.604433)
(0.174379 0.0796446 -0.0231502)
(-0.479991 0.340696 0.29947)
(0.479991 0.340693 0.299444)
(-0.174346 0.07963 -0.0231876)
(0.347811 -0.289434 -0.604405)
(-0.23736 -0.303816 -0.355272)
(0.497754 -0.497768 -1.38421)
(-0.303812 0.23748 -0.355341)
(-0.222669 -0.22261 0.377529)
(-0.454349 -0.0681442 0.285233)
(-0.131456 0.035626 -0.0108448)
(-0.390859 0.00495535 -0.0208615)
(0.390841 0.00486651 -0.0208354)
(0.131374 0.0357022 -0.0108291)
(0.454329 -0.0681615 0.285296)
(0.222645 -0.22261 0.377544)
(0.303805 0.237563 -0.355297)
(-0.289473 -0.347796 -0.604439)
(-0.068131 -0.454366 0.28521)
(-0.406703 -0.406739 1.16995)
(0.25754 0.0872319 0.398326)
(-0.402182 -0.044823 0.157588)
(0.402175 -0.0448037 0.157636)
(-0.257648 0.0872348 0.398362)
(0.406658 -0.406797 1.1699)
(0.0679531 -0.454336 0.28513)
(0.289477 -0.347795 -0.604448)
(0.0796336 0.174393 -0.0231377)
(0.0356549 -0.131492 -0.0108535)
(0.0872205 0.257536 0.398304)
(-0.186746 -0.186732 -0.120382)
(-0.0377224 -0.04188 -0.0894034)
(0.037663 -0.0418251 -0.089371)
(0.186758 -0.186663 -0.120374)
(-0.0873173 0.257464 0.398219)
(-0.0357295 -0.131487 -0.0108417)
(-0.0796283 0.17436 -0.0231108)
(0.340719 -0.479991 0.299481)
(0.00501874 -0.390885 -0.020868)
(-0.0448293 -0.402189 0.157563)
(-0.0418825 -0.0377331 -0.0893882)
(-0.214262 -0.214273 -0.0418768)
(0.21424 -0.214297 -0.0418697)
(0.0419293 -0.0376689 -0.0893664)
(0.0448688 -0.402102 0.157559)
(-0.00505516 -0.3909 -0.0208492)
(-0.340736 -0.479977 0.299493)
(0.34071 0.479979 0.299437)
(0.00489897 0.390855 -0.02083)
(-0.0448009 0.402171 0.157617)
(-0.0418073 0.03765 -0.0893403)
(-0.214295 0.21423 -0.0418545)
(0.214267 0.21425 -0.0418436)
(0.0418571 0.0376105 -0.0893391)
(0.0448365 0.402088 0.157596)
(-0.00495146 0.390869 -0.0208186)
(-0.340724 0.479946 0.299452)
(0.0796099 -0.174372 -0.0231941)
(0.0357601 0.131364 -0.0108249)
(0.087226 -0.257699 0.39836)
(-0.18664 0.18676 -0.120357)
(-0.0376462 0.0419352 -0.0893594)
(0.0376127 0.0418754 -0.0893459)
(0.186676 0.186707 -0.120356)
(-0.0873057 -0.257629 0.398289)
(-0.0358171 0.131362 -0.0108164)
(-0.0796159 -0.17437 -0.0231601)
(-0.289432 0.347802 -0.604404)
(-0.0681651 0.454335 0.285311)
(-0.406787 0.406664 1.16986)
(0.257424 -0.0873586 0.398181)
(-0.402099 0.0448958 0.157628)
(0.402099 0.0448714 0.157658)
(-0.25754 -0.0873516 0.398227)
(0.406746 0.406718 1.1698)
(0.0680197 0.454313 0.28523)
(0.289448 0.347803 -0.604415)
(-0.303798 -0.237387 -0.355247)
(-0.222655 0.222593 0.377549)
(-0.454319 0.0679199 0.285119)
(-0.131475 -0.0356972 -0.0108341)
(-0.39089 -0.00502893 -0.0208397)
(0.39087 -0.00495208 -0.0208194)
(0.1314 -0.0357644 -0.0108227)
(0.454305 0.0679464 0.285156)
(0.222633 0.222595 0.377552)
(0.303793 -0.237485 -0.35522)
(-0.497762 0.49775 -1.38422)
(0.237559 0.30382 -0.355288)
(-0.347804 0.289477 -0.604446)
(0.174363 -0.0796161 -0.0231163)
(-0.479909 -0.340722 0.299524)
(0.479885 -0.34072 0.299506)
(-0.174359 -0.0796138 -0.0231471)
(0.347808 0.289459 -0.604424)
(-0.237519 0.30381 -0.355234)
(0.497754 0.497753 -1.38422)
(-0.618503 -0.618502 -1.25419)
(0.402584 -0.332727 -0.255218)
(-0.381825 -0.249685 -0.494195)
(-0.0360976 0.179745 0.0325323)
(-0.703337 0.184359 0.0286419)
(0.703303 0.184324 0.0286355)
(0.0361924 0.17978 0.0324767)
(0.381831 -0.249639 -0.494184)
(-0.40246 -0.332699 -0.255149)
(0.618497 -0.618507 -1.25422)
(-0.332717 0.402577 -0.255215)
(-0.244354 -0.244293 0.441742)
(-0.451683 0.0848248 0.283949)
(-0.135558 0.0259036 -0.0307974)
(-0.28354 -0.0581181 -0.0682246)
(0.283559 -0.0581797 -0.0682033)
(0.135559 0.0259503 -0.0308018)
(0.451666 0.084799 0.284016)
(0.244327 -0.24429 0.441754)
(0.332712 0.402685 -0.255177)
(-0.249707 -0.381812 -0.494196)
(0.0848147 -0.451684 0.283943)
(-0.392359 -0.392362 1.01819)
(0.21025 0.12369 0.45705)
(-0.284433 -0.0238248 0.135511)
(0.28444 -0.0238029 0.135556)
(-0.2104 0.123839 0.457104)
(0.392322 -0.392388 1.01818)
(-0.0850216 -0.45167 0.283845)
(0.249714 -0.381809 -0.494222)
(0.179739 -0.0360455 0.0325455)
(0.0259215 -0.135557 -0.0307983)
(0.123656 0.210242 0.457029)
(-0.23396 -0.233959 -0.0372316)
(0.00659593 -0.0231849 -0.113963)
(-0.00666491 -0.0231394 -0.113939)
(0.233986 -0.233938 -0.0372027)
(-0.123729 0.210144 0.456927)
(-0.0259737 -0.135593 -0.0308056)
(-0.17976 -0.0361008 0.0325475)
(0.184385 -0.703335 0.0286403)
(-0.0580867 -0.283551 -0.0682265)
(-0.0238286 -0.284433 0.135502)
(-0.0231848 0.00658951 -0.113949)
(-0.142517 -0.142527 -0.148997)
(0.142507 -0.14255 -0.148995)
(0.0232206 0.00666276 -0.113922)
(0.0238662 -0.284363 0.135518)
(0.0580598 -0.283564 -0.0681998)
(-0.184374 -0.703302 0.0286512)
(0.184334 0.703285 0.028627)
(-0.0581735 0.283571 -0.0681928)
(-0.0237976 0.284437 0.135556)
(-0.023121 -0.00667984 -0.113917)
(-0.142549 0.142503 -0.148986)
(0.142531 0.14252 -0.148983)
(0.0231564 -0.00672077 -0.113903)
(0.0238398 0.284368 0.13556)
(0.0581334 0.283573 -0.0681727)
(-0.184331 0.703265 0.0286439)
(0.179788 0.0361655 0.0324624)
(0.0259894 0.135551 -0.0307988)
(0.123868 -0.210471 0.457111)
(-0.233922 0.234004 -0.0371809)
(0.00668551 0.0232378 -0.113915)
(-0.00672116 0.0231836 -0.113905)
(0.233954 0.233982 -0.0371684)
(-0.12389 -0.210365 0.457021)
(-0.0260195 0.135586 -0.0308015)
(-0.1798 0.0361917 0.0324749)
(-0.249641 0.381822 -0.494181)
(0.0847827 0.451658 0.284038)
(-0.392394 0.392304 1.01816)
(0.210062 -0.12375 0.456892)
(-0.284362 0.0238815 0.135557)
(0.284373 0.0238639 0.135589)
(-0.210212 -0.123862 0.456955)
(0.39236 0.392331 1.01813)
(-0.0849611 0.451657 0.283942)
(0.24966 0.381817 -0.494203)
(-0.332684 -0.402446 -0.255122)
(-0.244331 0.24428 0.441757)
(-0.451669 -0.0850722 0.283816)
(-0.135612 -0.0259677 -0.030805)
(-0.283563 0.0580633 -0.0681898)
(0.283573 0.0581151 -0.0681743)
(0.135622 -0.0259959 -0.0308079)
(0.451664 -0.0850453 0.283859)
(0.244304 0.244273 0.441761)
(0.332686 -0.402565 -0.255104)
(-0.618508 0.618498 -1.25424)
(0.402709 0.332722 -0.255172)
(-0.381813 0.249698 -0.494233)
(-0.0361513 -0.179763 0.0325322)
(-0.703311 -0.184375 0.0286988)
(0.703287 -0.184352 0.0287003)
(0.0362233 -0.179795 0.032483)
(0.381818 0.249664 -0.49422)
(-0.402628 0.332702 -0.255121)
(0.618508 0.618505 -1.25426)
(-0.688337 -0.688336 -1.19739)
(0.584763 -0.355935 -0.167101)
(-0.403406 -0.235895 -0.337831)
(-0.068498 0.17349 0.056231)
(-0.534078 0.0763037 -0.150637)
(0.534092 0.0763018 -0.150677)
(0.0685238 0.173564 0.0561374)
(0.403409 -0.235876 -0.337825)
(-0.584691 -0.355901 -0.167035)
(0.688341 -0.688346 -1.19741)
(-0.355925 0.584729 -0.167084)
(-0.236717 -0.236674 0.511599)
(-0.480028 0.261937 0.292697)
(-0.124398 -0.0186213 -0.0657126)
(-0.236392 -0.0974593 -0.133586)
(0.236448 -0.0974747 -0.133575)
(0.124425 -0.0186499 -0.0657263)
(0.480011 0.261908 0.292789)
(0.236702 -0.236661 0.511616)
(0.355924 0.584756 -0.16706)
(-0.235917 -0.403402 -0.337848)
(0.26194 -0.48002 0.292703)
(-0.364312 -0.364294 1.01025)
(0.146926 0.100526 0.491974)
(-0.222744 -0.0249228 0.103393)
(0.2228 -0.0249006 0.103462)
(-0.14705 0.100679 0.492045)
(0.364285 -0.364305 1.01028)
(-0.262003 -0.480021 0.29261)
(0.235914 -0.403387 -0.337873)
(0.173482 -0.0684629 0.0562447)
(-0.0186083 -0.124397 -0.065706)
(0.100494 0.146921 0.49196)
(-0.245379 -0.245384 -0.000427359)
(0.0230962 0.0169736 -0.144942)
(-0.0231582 0.016999 -0.14493)
(0.245418 -0.245404 -0.000383287)
(-0.100547 0.146822 0.491867)
(0.0185756 -0.124466 -0.0657103)
(-0.173531 -0.0684742 0.0562178)
(0.0763169 -0.534084 -0.150623)
(-0.0974484 -0.236388 -0.133582)
(-0.0249267 -0.22274 0.103384)
(0.0169769 0.0230943 -0.144927)
(-0.112717 -0.112722 -0.209886)
(0.112719 -0.11274 -0.209888)
(-0.0169411 0.0231732 -0.144901)
(0.0249706 -0.222768 0.103399)
(0.0974146 -0.236417 -0.133561)
(-0.076344 -0.534121 -0.150643)
(0.0763121 0.534105 -0.15068)
(-0.097473 0.236461 -0.133565)
(-0.0248947 0.222817 0.103474)
(0.0170141 -0.0231726 -0.14491)
(-0.11274 0.112719 -0.209883)
(0.112734 0.112729 -0.209884)
(-0.0169822 -0.023218 -0.144892)
(0.0249431 0.222827 0.103473)
(0.0974377 0.236472 -0.133552)
(-0.0763378 0.534138 -0.150684)
(0.173586 0.06849 0.0561059)
(-0.0186514 0.124433 -0.0657233)
(0.100712 -0.14711 0.492064)
(-0.245399 0.245443 -0.000361502)
(0.0231962 -0.0169192 -0.144895)
(-0.0232233 -0.0169553 -0.144891)
(0.24543 0.245451 -0.000337048)
(-0.100716 -0.146998 0.491978)
(0.0186245 0.124494 -0.0657221)
(-0.173608 0.0685079 0.0561072)
(-0.235887 0.403403 -0.337833)
(0.261901 0.479999 0.292825)
(-0.364321 0.364252 1.01026)
(0.146741 -0.100559 0.491834)
(-0.222765 0.0249881 0.103428)
(0.222807 0.0249696 0.103481)
(-0.146863 -0.100676 0.491908)
(0.364294 0.364264 1.01026)
(-0.261959 0.480011 0.292734)
(0.23589 0.40339 -0.337851)
(-0.355886 -0.584659 -0.167002)
(-0.236682 0.236676 0.511619)
(-0.48003 -0.26201 0.292576)
(-0.124494 0.0185703 -0.0657123)
(-0.23642 0.0974027 -0.133555)
(0.236463 0.0974175 -0.133551)
(0.124523 0.0186061 -0.0657248)
(0.480025 -0.261982 0.292646)
(0.236669 0.23666 0.51163)
(0.355893 -0.584685 -0.166998)
(-0.688348 0.688342 -1.19741)
(0.584771 0.355932 -0.167066)
(-0.403382 0.235891 -0.337869)
(-0.0685314 -0.173533 0.05621)
(-0.53413 -0.0763337 -0.150635)
(0.534139 -0.0763369 -0.150662)
(0.0685585 -0.173591 0.0561377)
(0.403383 0.235875 -0.337856)
(-0.58472 0.355907 -0.167021)
(0.688349 0.688348 -1.19743)
(-0.726023 -0.726023 -1.16626)
(0.643769 -0.385184 -0.0893137)
(-0.408912 -0.202323 -0.207233)
(0.0389382 0.14854 0.0583905)
(-0.42374 0.109289 -0.280777)
(0.423759 0.109314 -0.280773)
(-0.0390736 0.148618 0.0583182)
(0.408894 -0.202343 -0.207239)
(-0.643725 -0.385159 -0.0892666)
(0.726026 -0.726029 -1.16626)
(-0.385174 0.643759 -0.0892992)
(-0.249267 -0.249254 0.577313)
(-0.50044 0.277986 0.296183)
(-0.119593 -0.0138065 -0.110612)
(-0.237481 -0.107565 -0.200305)
(0.237531 -0.107561 -0.200286)
(0.119636 -0.0138697 -0.110615)
(0.500421 0.27794 0.296283)
(0.249271 -0.249236 0.577334)
(0.385178 0.643729 -0.0892769)
(-0.202334 -0.408909 -0.207258)
(0.277988 -0.500444 0.296198)
(-0.339471 -0.33944 1.09535)
(0.0781468 0.0623468 0.517291)
(-0.182347 -0.0151047 0.0370849)
(0.182387 -0.0150847 0.0371984)
(-0.0782074 0.062469 0.517379)
(0.339458 -0.339438 1.09537)
(-0.277981 -0.50046 0.296138)
(0.202341 -0.408884 -0.207299)
(0.148532 0.0389223 0.0584023)
(-0.0138014 -0.119589 -0.110603)
(0.0623235 0.0781453 0.517282)
(-0.229696 -0.229716 0.0344959)
(0.00380061 0.051622 -0.180945)
(-0.00382518 0.0516381 -0.180945)
(0.229761 -0.229792 0.0345548)
(-0.0623439 0.078066 0.517222)
(0.0137924 -0.119666 -0.1106)
(-0.148574 0.0389639 0.0583773)
(0.109299 -0.423735 -0.280779)
(-0.107557 -0.237481 -0.200304)
(-0.0151052 -0.182343 0.0370689)
(0.0516275 0.0038037 -0.180933)
(-0.106015 -0.106017 -0.244887)
(0.106023 -0.106033 -0.244893)
(-0.051598 0.00384889 -0.180917)
(0.0151297 -0.182364 0.0370698)
(0.107521 -0.237497 -0.200287)
(-0.109332 -0.423724 -0.280809)
(0.109335 0.423761 -0.280768)
(-0.107554 0.23755 -0.200276)
(-0.0150804 0.182395 0.0372236)
(0.0516513 -0.00383537 -0.180932)
(-0.106034 0.106023 -0.244892)
(0.106035 0.106032 -0.244898)
(-0.0516262 -0.0038646 -0.180916)
(0.0151108 0.182399 0.037195)
(0.107523 0.237552 -0.20027)
(-0.109359 0.423748 -0.280801)
(0.14864 -0.0391276 0.0582982)
(-0.0138976 0.119652 -0.110607)
(0.0624996 -0.0782429 0.517408)
(-0.2298 0.229796 0.0345786)
(0.00385723 -0.0515779 -0.180912)
(-0.00386606 -0.0516032 -0.180912)
(0.229836 0.229844 0.034613)
(-0.0624833 -0.0781561 0.517344)
(0.0138824 0.119713 -0.110603)
(-0.148653 -0.0391096 0.0582994)
(-0.202362 0.408886 -0.207257)
(0.277924 0.500414 0.296328)
(-0.33946 0.33942 1.09535)
(0.0780066 -0.0623415 0.517194)
(-0.18237 0.0151354 0.0370962)
(0.182392 0.0151228 0.0371824)
(-0.0780719 -0.0624402 0.517275)
(0.339445 0.33942 1.09535)
(-0.277931 0.500438 0.296263)
(0.202361 0.408869 -0.207284)
(-0.385148 -0.643707 -0.0892409)
(-0.249239 0.249267 0.577339)
(-0.500467 -0.277979 0.296107)
(-0.119693 0.013781 -0.110604)
(-0.237495 0.107509 -0.200284)
(0.237535 0.107509 -0.200274)
(0.119729 0.0138427 -0.11061)
(0.500453 -0.277944 0.296184)
(0.249243 0.249249 0.577356)
(0.385156 -0.643685 -0.0892339)
(-0.726031 0.726026 -1.16627)
(0.64372 0.385185 -0.0892817)
(-0.408875 0.202326 -0.207288)
(0.0389445 -0.148578 0.0583695)
(-0.42373 -0.109319 -0.280798)
(0.423745 -0.109341 -0.280795)
(-0.0390407 -0.148637 0.0583161)
(0.408864 0.20234 -0.207278)
(-0.643689 0.385165 -0.0892506)
(0.72603 0.726029 -1.16627)
(-0.746315 -0.746314 -1.13465)
(0.685548 -0.392708 0.0171197)
(-0.357379 -0.163546 -0.108975)
(0.198743 0.0984794 0.0183114)
(-0.263754 0.161625 -0.344022)
(0.263765 0.161631 -0.343996)
(-0.198767 0.0984631 0.0182282)
(0.35732 -0.16355 -0.109014)
(-0.685517 -0.392691 0.0171508)
(0.746315 -0.746318 -1.13463)
(-0.392699 0.685546 0.0171337)
(-0.272457 -0.272465 0.635784)
(-0.495909 0.256451 0.298431)
(-0.101029 0.0428221 -0.153598)
(-0.248059 -0.0894629 -0.255166)
(0.248096 -0.0894709 -0.255153)
(0.101079 0.0427776 -0.153594)
(0.495897 0.256402 0.298525)
(0.272469 -0.272461 0.635806)
(0.392709 0.685527 0.0171433)
(-0.163562 -0.357384 -0.108984)
(0.256457 -0.495914 0.298454)
(-0.326191 -0.326159 1.19176)
(0.0500465 0.0183819 0.53511)
(-0.117139 -0.0194427 -0.0304361)
(0.11712 -0.0194347 -0.0303273)
(-0.0500342 0.0184334 0.535213)
(0.326193 -0.326148 1.19176)
(-0.256444 -0.495931 0.298408)
(0.163565 -0.35732 -0.109036)
(0.0984834 0.198733 0.0183273)
(0.0428247 -0.101019 -0.153588)
(0.0183768 0.0500467 0.535103)
(-0.180725 -0.180751 0.0501155)
(-0.0158816 0.0759485 -0.21212)
(0.0158807 0.0759605 -0.212129)
(0.180787 -0.180824 0.050185)
(-0.0183658 0.0499919 0.535066)
(-0.0428369 -0.101078 -0.153587)
(-0.0984775 0.198729 0.0182859)
(0.161633 -0.263748 -0.344027)
(-0.0894556 -0.248062 -0.255165)
(-0.0194409 -0.117139 -0.0304486)
(0.0759532 -0.0158752 -0.212114)
(-0.107678 -0.107678 -0.264924)
(0.107693 -0.107692 -0.264932)
(-0.0759286 -0.0158582 -0.21212)
(0.0194607 -0.117126 -0.0304415)
(0.089433 -0.248072 -0.255158)
(-0.161647 -0.263706 -0.344052)
(0.161641 0.263753 -0.343983)
(-0.089467 0.248113 -0.255144)
(-0.0194322 0.117103 -0.0303003)
(0.0759715 0.0158729 -0.212122)
(-0.107696 0.107693 -0.264933)
(0.107703 0.107699 -0.264941)
(-0.0759509 0.0158593 -0.212123)
(0.0194558 0.117086 -0.0303256)
(0.0894455 0.248113 -0.255144)
(-0.161653 0.263712 -0.344018)
(0.0984538 -0.198786 0.018207)
(0.0427581 0.10109 -0.153582)
(0.0184507 -0.0500388 0.535247)
(-0.180831 0.180826 0.0502086)
(-0.0158632 -0.0759131 -0.212121)
(0.0158651 -0.075933 -0.212124)
(0.18086 0.180871 0.0502482)
(-0.0184243 -0.0499944 0.535195)
(-0.0427734 0.101125 -0.153583)
(-0.098446 -0.198772 0.0181996)
(-0.163567 0.3573 -0.109037)
(0.256385 0.495892 0.298573)
(-0.326169 0.32616 1.19175)
(0.0499543 -0.0183512 0.535049)
(-0.117131 0.0194628 -0.0304214)
(0.117103 0.0194607 -0.0303425)
(-0.0499618 -0.0183945 0.535133)
(0.326169 0.326152 1.19174)
(-0.256385 0.495911 0.298522)
(0.163567 0.357262 -0.109064)
(-0.392685 -0.68551 0.0171723)
(-0.272458 0.272476 0.635811)
(-0.495937 -0.256441 0.298375)
(-0.1011 -0.0428496 -0.153592)
(-0.248067 0.0894266 -0.25516)
(0.248097 0.0894356 -0.255153)
(0.101135 -0.0428025 -0.153592)
(0.495925 -0.2564 0.298449)
(0.272468 0.272473 0.635831)
(0.392695 -0.6855 0.0171722)
(-0.74632 0.746315 -1.13462)
(0.685519 0.392714 0.0171353)
(-0.357303 0.163548 -0.109035)
(0.198717 -0.0984721 0.0182765)
(-0.263709 -0.161637 -0.344048)
(0.26372 -0.161643 -0.344027)
(-0.19874 -0.098456 0.0182172)
(0.357266 0.163549 -0.109054)
(-0.685499 0.3927 0.0171547)
(0.746319 0.746317 -1.13461)
)
;

boundaryField
{
    bottom
    {
        type            noSlip;
    }
    atmosphere
    {
        type            pressureInletOutletVelocity;
        value           nonuniform List<vector> 0();
    }
    walls
    {
        type            noSlip;
    }
    procBoundary2to0
    {
        type            processor;
        value           nonuniform List<vector> 
100
(
(-0.753912 -0.753911 -1.11885)
(0.697703 -0.451986 0.0691616)
(-0.00274298 -0.145625 -0.0365114)
(0.247215 0.0568322 -0.0408243)
(-0.103919 0.202406 -0.358694)
(0.10392 0.202382 -0.35867)
(-0.247181 0.0567189 -0.0408405)
(0.00267448 -0.145621 -0.0365186)
(-0.697698 -0.451978 0.0691749)
(0.75391 -0.753913 -1.11883)
(-0.451973 0.697706 0.0691698)
(-0.294537 -0.294558 0.678666)
(-0.471361 0.243232 0.297758)
(-0.0575334 0.127184 -0.192359)
(-0.250838 -0.0639077 -0.287012)
(0.250866 -0.06393 -0.287001)
(0.057537 0.127172 -0.192366)
(0.471354 0.243182 0.29786)
(0.294549 -0.294572 0.678692)
(0.451978 0.697714 0.0691723)
(-0.145632 -0.00276302 -0.0365273)
(0.243234 -0.471364 0.297777)
(-0.333652 -0.333627 1.27639)
(0.0726042 -0.0318454 0.537376)
(-0.0742584 -0.028111 -0.081237)
(0.0742139 -0.0281155 -0.0811558)
(-0.0725724 -0.0318598 0.537472)
(0.333666 -0.333613 1.27641)
(-0.243211 -0.471369 0.297752)
(0.145632 -0.00270075 -0.0365694)
(0.0568482 0.24722 -0.0408202)
(0.127187 -0.0575258 -0.19235)
(-0.0318195 0.0726034 0.537371)
(-0.120344 -0.120354 0.0647478)
(-0.0328367 0.0994275 -0.234084)
(0.0328455 0.0994371 -0.234099)
(0.120373 -0.120332 0.0648069)
(0.0318529 0.0725723 0.537351)
(-0.127214 -0.0575542 -0.192356)
(-0.0567932 0.247198 -0.040844)
(0.202411 -0.103918 -0.358699)
(-0.0638991 -0.250844 -0.287009)
(-0.0281084 -0.07426 -0.081242)
(0.0994312 -0.0328314 -0.234081)
(-0.114399 -0.114398 -0.276536)
(0.114412 -0.114407 -0.276544)
(-0.0994139 -0.0328353 -0.234094)
(0.0281323 -0.0742444 -0.0812371)
(0.0638925 -0.25085 -0.287005)
(-0.202396 -0.103889 -0.358726)
(0.202378 0.103908 -0.358659)
(-0.0639315 0.250881 -0.286995)
(-0.0281132 0.074189 -0.0811332)
(0.099446 0.0328425 -0.234098)
(-0.114411 0.11441 -0.276548)
(0.114419 0.114414 -0.276557)
(-0.0994313 0.0328453 -0.234103)
(0.028136 0.0741759 -0.0811561)
(0.0639209 0.250881 -0.286993)
(-0.202367 0.103879 -0.358693)
(0.0566817 -0.247172 -0.0408456)
(0.127167 0.0575312 -0.19236)
(-0.0318453 -0.0725657 0.537503)
(-0.12031 0.120402 0.0648276)
(-0.0328459 -0.0994025 -0.234096)
(0.0328534 -0.0994177 -0.234102)
(0.120332 0.120371 0.0648578)
(0.031878 -0.0725465 0.537459)
(-0.127191 0.0575467 -0.192364)
(-0.0566577 -0.247166 -0.0408527)
(-0.145632 0.00265075 -0.0365314)
(0.243161 0.471351 0.297909)
(-0.333628 0.333644 1.2764)
(0.0725506 0.0318845 0.537344)
(-0.0742455 0.0281387 -0.0812283)
(0.0741998 0.0281429 -0.0811724)
(-0.0725359 0.0318987 0.537412)
(0.333641 0.333634 1.27639)
(-0.243157 0.471357 0.29787)
(0.145631 0.00262022 -0.0365558)
(-0.451974 -0.6977 0.0691864)
(-0.29457 0.294561 0.678698)
(-0.471371 -0.243211 0.297725)
(-0.0575658 -0.127228 -0.192362)
(-0.250843 0.0638899 -0.28701)
(0.250866 0.0639102 -0.287002)
(0.0575628 -0.127208 -0.19237)
(0.471365 -0.243175 0.297802)
(0.294576 0.294573 0.678719)
(0.45198 -0.697708 0.069184)
(-0.753915 0.75391 -1.11882)
(0.697715 0.451981 0.0691655)
(-0.00268072 0.14562 -0.0365646)
(0.247194 -0.0567753 -0.0408451)
(-0.103884 -0.20239 -0.358726)
(0.103887 -0.202372 -0.358705)
(-0.247171 -0.0566865 -0.0408495)
(0.00263618 0.145617 -0.0365542)
(-0.697709 0.451978 0.0691728)
(0.753914 0.753912 -1.11882)
)
;
    }
    procBoundary2to3
    {
        type            processor;
        value           nonuniform List<vector> 
100
(
(-0.205712 -0.205725 -1.6501)
(0.207803 -0.434662 -1.3038)
(-0.0126499 -0.117323 -0.586404)
(0.1497 0.0708246 -0.106758)
(-0.539204 0.065824 0.0865168)
(0.53921 0.0658412 0.0865321)
(-0.149725 0.070865 -0.106741)
(0.0127091 -0.117307 -0.586393)
(-0.207799 -0.434662 -1.30379)
(0.205731 -0.205751 -1.65008)
(-0.434664 0.207816 -1.30379)
(-0.281649 -0.28161 -0.49597)
(-0.740391 0.175709 -0.182232)
(-0.570826 -0.333977 0.0711397)
(-0.6028 -0.4255 0.486918)
(0.602773 -0.425439 0.486852)
(0.570793 -0.334097 0.0710998)
(0.740418 0.175595 -0.182148)
(0.281702 -0.281615 -0.495955)
(0.434679 0.207814 -1.30378)
(-0.117335 -0.0126055 -0.586443)
(0.175766 -0.740379 -0.182333)
(-0.484551 -0.484587 0.557939)
(-0.408777 -0.710325 0.203944)
(-0.433861 -0.534844 0.779724)
(0.433842 -0.534755 0.779715)
(0.408803 -0.710352 0.203932)
(0.484584 -0.484669 0.557885)
(-0.17572 -0.740408 -0.182385)
(0.117343 -0.0125958 -0.58648)
(0.0708013 0.149699 -0.106786)
(-0.333924 -0.570866 0.0711407)
(-0.710325 -0.408827 0.203921)
(-0.68921 -0.689273 -0.114317)
(-0.585768 -0.348679 0.51308)
(0.585837 -0.348632 0.513186)
(0.68923 -0.689375 -0.11422)
(0.710362 -0.408956 0.203875)
(0.333989 -0.570928 0.0711091)
(-0.07082 0.149748 -0.106828)
(0.0658195 -0.539184 0.0864858)
(-0.425544 -0.602802 0.486956)
(-0.534892 -0.43386 0.779774)
(-0.34874 -0.585651 0.513176)
(-0.148192 -0.148087 1.9837)
(0.148316 -0.148069 1.98379)
(0.348762 -0.585556 0.513424)
(0.534885 -0.433869 0.779833)
(0.425552 -0.602823 0.486908)
(-0.0658451 -0.539146 0.0864649)
(0.0658422 0.539198 0.0864994)
(-0.425435 0.602765 0.486847)
(-0.534736 0.433834 0.779765)
(-0.348647 0.585784 0.513364)
(-0.148127 0.148316 1.98386)
(0.148233 0.148278 1.98396)
(0.348678 0.585675 0.513577)
(0.53475 0.433842 0.779814)
(0.425452 0.602788 0.48681)
(-0.0658568 0.539172 0.0864751)
(0.0708733 -0.149726 -0.106758)
(-0.334167 0.570797 0.0710829)
(-0.710408 0.408869 0.20392)
(-0.689442 0.689295 -0.114143)
(-0.585533 0.348722 0.513514)
(0.585588 0.348683 0.513585)
(0.68946 0.6894 -0.114088)
(0.710444 0.408998 0.203881)
(0.334227 0.57085 0.0710696)
(-0.0708833 -0.149752 -0.106785)
(-0.117292 0.0127187 -0.586417)
(0.175554 0.740422 -0.182175)
(-0.484693 0.484644 0.557846)
(-0.409034 0.710397 0.203878)
(-0.433874 0.534845 0.779838)
(0.433858 0.534778 0.779821)
(0.409058 0.710426 0.203868)
(0.484714 0.484711 0.557808)
(-0.175524 0.74043 -0.18222)
(0.11729 0.012728 -0.586456)
(-0.434659 -0.2078 -1.30379)
(-0.281646 0.281705 -0.495959)
(-0.740416 -0.17563 -0.18233)
(-0.570922 0.334117 0.0710882)
(-0.602836 0.425546 0.486836)
(0.602813 0.425496 0.48678)
(0.570883 0.334231 0.0710667)
(0.740425 -0.175539 -0.182248)
(0.281695 0.281706 -0.495963)
(0.434665 -0.207805 -1.30378)
(-0.205756 0.205748 -1.65008)
(0.207813 0.434681 -1.30378)
(-0.012612 0.117323 -0.586473)
(0.14977 -0.0708618 -0.106831)
(-0.539137 -0.0658422 0.0864599)
(0.539153 -0.0658483 0.0864707)
(-0.149778 -0.0708931 -0.106799)
(0.0126902 0.117308 -0.586475)
(-0.207819 0.434675 -1.30378)
(0.20578 0.205778 -1.65008)
)
;
    }
}


// ************************************************************************* //
