/*--------------------------------*- C++ -*----------------------------------*\
| =========                 |                                                 |
| \\      /  F ield         | OpenFOAM: The Open Source CFD Toolbox           |
|  \\    /   O peration     | Version:  2412                                  |
|   \\  /    A nd           | Website:  www.openfoam.com                      |
|    \\/     M anipulation  |                                                 |
\*---------------------------------------------------------------------------*/
FoamFile
{
    version     2.0;
    format      ascii;
    arch        "LSB;label=32;scalar=64";
    class       surfaceScalarField;
    location    "0.1";
    object      phi;
}
// * * * * * * * * * * * * * * * * * * * * * * * * * * * * * * * * * * * * * //

dimensions      [0 3 -1 0 0 0 0];

oriented        oriented;

internalField   nonuniform List<scalar> 
2700
(
-1.08211e-05
-1.08211e-05
0.000339411
-1.83417e-05
-1.63959e-05
0.00034459
-2.28274e-05
-1.79235e-05
0.000350526
-1.5647e-05
-3.72783e-05
0.000363547
-1.03574e-11
-3.88125e-05
0.000350869
1.5647e-05
-3.88125e-05
0.000350869
2.28274e-05
-3.72783e-05
0.000363547
1.83417e-05
-1.79235e-05
0.000350526
1.08211e-05
-1.63959e-05
0.00034459
-1.08211e-05
0.000339411
-1.63959e-05
-1.83417e-05
0.00034459
-3.05897e-05
-3.05897e-05
0.000352889
-4.47993e-05
-3.42977e-05
0.000362191
-3.71756e-05
-9.95255e-05
0.000387585
4.79115e-12
-0.00015222
0.000398948
3.71756e-05
-0.00015222
0.000398948
4.47993e-05
-9.95255e-05
0.000387585
3.05897e-05
-3.42977e-05
0.000362191
1.63959e-05
-3.05897e-05
0.000352889
-1.83417e-05
0.00034459
-1.79235e-05
-2.28275e-05
0.000350526
-3.42976e-05
-4.47994e-05
0.000362191
-4.12019e-05
-4.1202e-05
0.00033901
-2.20568e-05
-0.000169232
0.000381806
-2.02626e-11
7.02749e-05
-0.000143196
2.20568e-05
7.02749e-05
-0.000143196
4.12019e-05
-0.000169232
0.000381806
3.42976e-05
-4.12019e-05
0.00033901
1.79235e-05
-4.47993e-05
0.000362191
-2.28275e-05
0.000350526
-3.72783e-05
-1.5647e-05
0.000363547
-9.95255e-05
-3.71756e-05
0.000387585
-0.000169232
-2.20568e-05
0.000381806
-0.000104729
-0.000104729
-0.000303863
7.06924e-12
0.000227981
-0.00197508
0.000104729
0.000227981
-0.00197508
0.000169232
-0.000104729
-0.000303863
9.95255e-05
-2.20567e-05
0.000381806
3.72783e-05
-3.71756e-05
0.000387585
-1.5647e-05
0.000363547
-3.88125e-05
-4.663e-13
0.000350869
-0.00015222
2.14301e-11
0.000398948
7.02747e-05
4.60884e-11
-0.000143196
0.000227981
3.50598e-11
-0.00197508
2.58647e-13
-5.53916e-13
-0.00237104
-0.000227981
-7.75449e-13
-0.00237104
-7.02748e-05
3.10535e-11
-0.00197508
0.00015222
4.3538e-11
-0.000143196
3.88125e-05
1.45437e-11
0.000398948
-1.39551e-12
0.000350869
-3.88125e-05
1.5647e-05
0.000350869
-0.00015222
3.71757e-05
0.000398948
7.02749e-05
2.20569e-05
-0.000143196
0.000227981
0.000104729
-0.00197508
9.90836e-14
-0.000227981
-0.00237104
-0.000227981
-0.000227981
-0.00237104
-7.0275e-05
0.000104729
-0.00197508
0.000152219
2.20568e-05
-0.000143196
3.88124e-05
3.71757e-05
0.000398948
1.5647e-05
0.000350869
-3.72783e-05
2.28275e-05
0.000363547
-9.95255e-05
4.47993e-05
0.000387585
-0.000169231
4.12019e-05
0.000381806
-0.000104729
0.000169232
-0.000303863
3.70451e-12
-7.02748e-05
-0.00197508
0.000104729
-7.02748e-05
-0.00197508
0.000169231
0.000169232
-0.000303863
9.95255e-05
4.12019e-05
0.000381806
3.72783e-05
4.47993e-05
0.000387585
2.28274e-05
0.000363547
-1.79235e-05
1.83417e-05
0.000350526
-3.42976e-05
3.05897e-05
0.000362191
-4.12019e-05
3.42976e-05
0.00033901
-2.20567e-05
9.95255e-05
0.000381806
-2.22019e-11
0.00015222
-0.000143196
2.20567e-05
0.00015222
-0.000143196
4.12019e-05
9.95255e-05
0.000381806
3.42976e-05
3.42976e-05
0.00033901
1.79234e-05
3.05897e-05
0.000362191
1.83417e-05
0.000350526
-1.63959e-05
1.08211e-05
0.00034459
-3.05897e-05
1.63958e-05
0.000352889
-4.47993e-05
1.79234e-05
0.000362191
-3.71756e-05
3.72783e-05
0.000387585
-3.37826e-12
3.88124e-05
0.000398948
3.71756e-05
3.88125e-05
0.000398948
4.47993e-05
3.72783e-05
0.000387585
3.05897e-05
1.79234e-05
0.000362191
1.63958e-05
1.63958e-05
0.000352889
1.08211e-05
0.00034459
-1.08211e-05
0.000339411
-1.83417e-05
0.00034459
-2.28275e-05
0.000350526
-1.5647e-05
0.000363547
-8.78543e-12
0.000350869
1.5647e-05
0.000350869
2.28274e-05
0.000363547
1.83417e-05
0.000350526
1.08211e-05
0.00034459
0.000339411
-9.82991e-06
-9.8299e-06
0.000359071
-1.68499e-05
-1.49146e-05
0.000366525
-2.17266e-05
-1.8038e-05
0.00037344
-1.73607e-05
-3.53729e-05
0.000394554
-1.63364e-12
-6.52568e-05
0.000398765
1.73607e-05
-6.52568e-05
0.000398765
2.17265e-05
-3.53729e-05
0.000394554
1.68499e-05
-1.8038e-05
0.00037344
9.82991e-06
-1.49146e-05
0.000366525
-9.82991e-06
0.000359071
-1.49146e-05
-1.68499e-05
0.000366525
-2.8275e-05
-2.8275e-05
0.00037961
-4.31797e-05
-3.59041e-05
0.000394961
-3.88939e-05
-0.000102002
0.000449928
-1.64101e-11
-0.000172406
0.000467203
3.88939e-05
-0.000172406
0.000467203
4.31798e-05
-0.000102002
0.000449928
2.8275e-05
-3.59041e-05
0.000394961
1.49146e-05
-2.8275e-05
0.00037961
-1.68499e-05
0.000366525
-1.8038e-05
-2.17266e-05
0.00037344
-3.59041e-05
-4.31798e-05
0.000394961
-6.61252e-05
-6.61252e-05
0.000399453
-8.48673e-05
-0.000147003
0.000445549
-7.56255e-12
-6.96502e-05
-0.000330819
8.48673e-05
-6.96502e-05
-0.00033082
6.61251e-05
-0.000147003
0.000445549
3.59041e-05
-6.61252e-05
0.000399452
1.8038e-05
-4.31798e-05
0.000394961
-2.17266e-05
0.00037344
-3.53729e-05
-1.73607e-05
0.000394554
-0.000102002
-3.88938e-05
0.000449928
-0.000147003
-8.48673e-05
0.000445549
-5.82718e-05
-5.82717e-05
-0.000481326
-3.31793e-12
3.29032e-05
-0.0021359
5.82719e-05
3.29032e-05
-0.0021359
0.000147003
-5.82715e-05
-0.000481326
0.000102002
-8.48673e-05
0.000445549
3.53729e-05
-3.88938e-05
0.000449928
-1.73607e-05
0.000394554
-6.52568e-05
5.43154e-12
0.000398765
-0.000172406
-2.88062e-12
0.000467203
-6.96503e-05
3.4866e-11
-0.00033082
3.29032e-05
1.51891e-11
-0.0021359
1.04554e-13
1.60553e-12
-0.00230524
-3.29032e-05
1.29529e-12
-0.00230524
6.96502e-05
1.16543e-11
-0.0021359
0.000172406
2.71788e-11
-0.00033082
6.52568e-05
-2.61175e-12
0.000467203
-4.32737e-13
0.000398765
-6.52568e-05
1.73607e-05
0.000398765
-0.000172406
3.88939e-05
0.000467203
-6.96502e-05
8.48674e-05
-0.00033082
3.29033e-05
5.82718e-05
-0.0021359
-2.38831e-13
-3.29032e-05
-0.00230524
-3.29033e-05
-3.29032e-05
-0.00230524
6.96502e-05
5.82717e-05
-0.0021359
0.000172406
8.48674e-05
-0.00033082
6.52568e-05
3.88939e-05
0.000467203
1.73607e-05
0.000398765
-3.53729e-05
2.17266e-05
0.000394554
-0.000102002
4.31798e-05
0.000449928
-0.000147003
6.61252e-05
0.000445549
-5.82715e-05
0.000147003
-0.000481326
-6.10448e-12
6.96502e-05
-0.0021359
5.82715e-05
6.96502e-05
-0.0021359
0.000147003
0.000147003
-0.000481326
0.000102002
6.61251e-05
0.000445549
3.53729e-05
4.31798e-05
0.000449928
2.17266e-05
0.000394554
-1.8038e-05
1.68499e-05
0.00037344
-3.59041e-05
2.8275e-05
0.000394961
-6.61252e-05
3.59041e-05
0.000399452
-8.48673e-05
0.000102002
0.000445549
-2.00753e-11
0.000172406
-0.000330819
8.48673e-05
0.000172406
-0.00033082
6.61252e-05
0.000102002
0.000445549
3.59041e-05
3.59041e-05
0.000399452
1.8038e-05
2.8275e-05
0.000394961
1.68499e-05
0.00037344
-1.49146e-05
9.82993e-06
0.000366525
-2.8275e-05
1.49146e-05
0.00037961
-4.31797e-05
1.8038e-05
0.000394961
-3.88938e-05
3.53729e-05
0.000449928
-1.41018e-11
6.52568e-05
0.000467203
3.88938e-05
6.52568e-05
0.000467203
4.31797e-05
3.53729e-05
0.000449928
2.8275e-05
1.8038e-05
0.000394961
1.49146e-05
1.49146e-05
0.00037961
9.82994e-06
0.000366525
-9.82991e-06
0.000359071
-1.68499e-05
0.000366525
-2.17266e-05
0.00037344
-1.73607e-05
0.000394554
-1.08848e-11
0.000398765
1.73607e-05
0.000398765
2.17265e-05
0.000394554
1.68499e-05
0.00037344
9.82993e-06
0.000366525
0.000359071
-8.3791e-06
-8.3791e-06
0.000375829
-1.41941e-05
-1.19668e-05
0.000384307
-1.87947e-05
-1.65396e-05
0.00039458
-1.70741e-05
-2.49602e-05
0.000417794
-9.72688e-12
-7.12771e-05
0.000452968
1.70741e-05
-7.12771e-05
0.000452968
1.87947e-05
-2.49602e-05
0.000417794
1.41941e-05
-1.65396e-05
0.00039458
8.37908e-06
-1.19668e-05
0.000384307
-8.3791e-06
0.000375829
-1.19668e-05
-1.41941e-05
0.000384307
-2.2154e-05
-2.2154e-05
0.000399984
-3.11565e-05
-2.98682e-05
0.000417292
-2.57044e-05
-7.85262e-05
0.000498042
-1.40171e-12
-0.000119067
0.000489288
2.57044e-05
-0.000119067
0.000489288
3.11565e-05
-7.85262e-05
0.000498042
2.2154e-05
-2.98682e-05
0.000417293
1.19668e-05
-2.2154e-05
0.000399984
-1.41941e-05
0.000384307
-1.65396e-05
-1.87947e-05
0.00039458
-2.98682e-05
-3.11565e-05
0.000417292
-7.29968e-05
-7.29968e-05
0.00048571
-9.97932e-05
-0.000103956
0.000497776
-4.54086e-11
-7.29966e-05
-0.000476683
9.97932e-05
-7.29967e-05
-0.000476684
7.29968e-05
-0.000103956
0.000497775
2.98682e-05
-7.29968e-05
0.00048571
1.65395e-05
-3.11565e-05
0.000417292
-1.87947e-05
0.00039458
-2.49602e-05
-1.70741e-05
0.000417794
-7.85262e-05
-2.57044e-05
0.000498042
-0.000103956
-9.97932e-05
0.000497776
-3.19986e-05
-3.19984e-05
-0.000625242
-7.61402e-12
-3.97604e-05
-0.00220114
3.19987e-05
-3.97605e-05
-0.00220114
0.000103956
-3.19984e-05
-0.000625242
7.85263e-05
-9.97932e-05
0.000497776
2.49602e-05
-2.57044e-05
0.000498042
-1.70741e-05
0.000417794
-7.12771e-05
-4.33638e-12
0.000452968
-0.000119067
1.98093e-11
0.000489288
-7.29965e-05
3.80506e-13
-0.000476684
-3.97604e-05
1.18899e-11
-0.00220114
4.57718e-13
1.39849e-12
-0.00238476
3.97604e-05
1.60312e-12
-0.00238476
7.29966e-05
1.46097e-11
-0.00220114
0.000119067
4.78965e-12
-0.000476684
7.12771e-05
1.60957e-11
0.000489288
-5.54003e-12
0.000452968
-7.12771e-05
1.70741e-05
0.000452968
-0.000119067
2.57044e-05
0.000489289
-7.29968e-05
9.97932e-05
-0.000476684
-3.97605e-05
3.19987e-05
-0.00220114
6.40031e-13
3.97604e-05
-0.00238476
3.97605e-05
3.97604e-05
-0.00238476
7.29968e-05
3.19987e-05
-0.00220114
0.000119067
9.97933e-05
-0.000476683
7.12771e-05
2.57044e-05
0.000489288
1.70741e-05
0.000452968
-2.49602e-05
1.87947e-05
0.000417794
-7.85263e-05
3.11565e-05
0.000498042
-0.000103956
7.29968e-05
0.000497776
-3.19984e-05
0.000103956
-0.000625242
-4.62802e-12
7.29965e-05
-0.00220114
3.19985e-05
7.29966e-05
-0.00220114
0.000103956
0.000103957
-0.000625242
7.85263e-05
7.29968e-05
0.000497776
2.49602e-05
3.11565e-05
0.000498042
1.87947e-05
0.000417794
-1.65396e-05
1.41941e-05
0.00039458
-2.98682e-05
2.2154e-05
0.000417293
-7.29968e-05
2.98682e-05
0.00048571
-9.97932e-05
7.85263e-05
0.000497776
-3.78339e-11
0.000119067
-0.000476683
9.97932e-05
0.000119067
-0.000476684
7.29968e-05
7.85263e-05
0.000497776
2.98682e-05
2.98682e-05
0.00048571
1.65395e-05
2.2154e-05
0.000417293
1.41941e-05
0.00039458
-1.19668e-05
8.37907e-06
0.000384307
-2.2154e-05
1.19668e-05
0.000399984
-3.11565e-05
1.65395e-05
0.000417293
-2.57044e-05
2.49602e-05
0.000498042
-6.50299e-12
7.12771e-05
0.000489288
2.57044e-05
7.12771e-05
0.000489288
3.11565e-05
2.49602e-05
0.000498042
2.2154e-05
1.65395e-05
0.000417293
1.19668e-05
1.19668e-05
0.000399984
8.37906e-06
0.000384307
-8.37909e-06
0.000375829
-1.41941e-05
0.000384307
-1.87947e-05
0.00039458
-1.70741e-05
0.000417794
-9.01283e-12
0.000452968
1.70741e-05
0.000452968
1.87947e-05
0.000417794
1.41941e-05
0.00039458
8.37906e-06
0.000384307
0.000375829
-6.70937e-06
-6.70936e-06
0.000389248
-1.08703e-05
-9.0243e-06
0.000397492
-1.27662e-05
-8.56936e-06
0.000405046
-9.28783e-06
-1.20113e-05
0.000426326
-5.95091e-12
-5.77394e-06
0.000449454
9.28783e-06
-5.77399e-06
0.000449454
1.27662e-05
-1.20113e-05
0.000426326
1.08703e-05
-8.56937e-06
0.000405046
6.70937e-06
-9.02431e-06
0.000397492
-6.70937e-06
0.000389248
-9.0243e-06
-1.08703e-05
0.000397492
-1.40243e-05
-1.40243e-05
0.000409984
-2.14413e-05
-1.35621e-05
0.000429702
-3.03984e-05
2.05152e-05
0.000474472
-2.01176e-11
-9.04363e-05
0.000543552
3.03984e-05
-9.04365e-05
0.000543552
2.14413e-05
2.05152e-05
0.000474472
1.40243e-05
-1.35621e-05
0.000429702
9.02431e-06
-1.40243e-05
0.000409984
-1.08703e-05
0.000397492
-8.56937e-06
-1.27662e-05
0.000405046
-1.35621e-05
-2.14413e-05
0.000429702
5.59894e-07
5.59759e-07
0.000457466
3.43011e-05
-4.52905e-05
0.00052984
3.14516e-11
-0.000135959
-0.00039686
-3.43011e-05
-0.000135959
-0.00039686
-5.59958e-07
-4.52905e-05
0.00052984
1.35621e-05
5.59645e-07
0.000457466
8.56937e-06
-2.14413e-05
0.000429702
-1.27663e-05
0.000405046
-1.20114e-05
-9.28782e-06
0.000426326
2.05151e-05
-3.03984e-05
0.000474472
-4.5291e-05
3.4301e-05
0.00052984
-9.31896e-05
-9.31891e-05
-0.000529444
-6.82787e-12
-1.48067e-05
-0.00241548
9.31898e-05
-1.48067e-05
-0.00241548
4.52912e-05
-9.31892e-05
-0.000529445
-2.05151e-05
3.4301e-05
0.00052984
1.20114e-05
-3.03984e-05
0.000474472
-9.28783e-06
0.000426326
-5.77386e-06
-5.59285e-12
0.000449454
-9.04356e-05
-4.06045e-11
0.000543552
-0.000135958
8.07294e-11
-0.00039686
-1.48067e-05
-5.03937e-11
-0.00241548
-1.83653e-13
1.7222e-14
-0.00241437
1.48067e-05
9.14883e-14
-0.00241437
0.000135958
-4.77971e-11
-0.00241548
9.04358e-05
7.53911e-11
-0.00039686
5.7739e-06
-4.80406e-11
0.000543552
-1.2075e-11
0.000449454
-5.77398e-06
9.28784e-06
0.000449454
-9.04366e-05
3.03984e-05
0.000543552
-0.000135959
-3.43011e-05
-0.00039686
-1.48067e-05
9.31899e-05
-0.00241548
-1.24552e-13
1.48067e-05
-0.00241437
1.48067e-05
1.48067e-05
-0.00241437
0.000135959
9.319e-05
-0.00241548
9.04367e-05
-3.43011e-05
-0.00039686
5.77402e-06
3.03984e-05
0.000543553
9.28785e-06
0.000449454
-1.20113e-05
1.27662e-05
0.000426326
2.05152e-05
2.14413e-05
0.000474472
-4.52906e-05
-5.59972e-07
0.00052984
-9.31892e-05
4.52913e-05
-0.000529444
-4.18315e-12
0.000135958
-0.00241548
9.31894e-05
0.000135959
-0.00241548
4.52907e-05
4.52913e-05
-0.000529445
-2.05152e-05
-5.59867e-07
0.00052984
1.20114e-05
2.14413e-05
0.000474472
1.27663e-05
0.000426326
-8.56937e-06
1.08703e-05
0.000405046
-1.35621e-05
1.40243e-05
0.000429702
5.59639e-07
1.35621e-05
0.000457466
3.4301e-05
-2.05151e-05
0.00052984
2.32849e-11
9.04358e-05
-0.00039686
-3.4301e-05
9.04361e-05
-0.00039686
-5.59713e-07
-2.05151e-05
0.00052984
1.35621e-05
1.35621e-05
0.000457466
8.56938e-06
1.40243e-05
0.000429702
1.08703e-05
0.000405046
-9.02431e-06
6.70938e-06
0.000397492
-1.40243e-05
9.02432e-06
0.000409984
-2.14413e-05
8.56938e-06
0.000429702
-3.03984e-05
1.20114e-05
0.000474472
-2.48142e-11
5.77391e-06
0.000543552
3.03984e-05
5.77395e-06
0.000543552
2.14413e-05
1.20114e-05
0.000474472
1.40243e-05
8.56939e-06
0.000429702
9.02432e-06
9.02432e-06
0.000409984
6.7094e-06
0.000397492
-6.70937e-06
0.000389248
-1.08703e-05
0.000397492
-1.27662e-05
0.000405046
-9.28783e-06
0.000426326
-1.42704e-11
0.000449454
9.28782e-06
0.000449454
1.27662e-05
0.000426326
1.08703e-05
0.000405046
6.70939e-06
0.000397492
0.000389248
-4.76471e-06
-4.76471e-06
0.000398777
-6.97989e-06
-5.20718e-06
0.000404914
-5.90837e-06
-1.07928e-06
0.000405053
-1.96996e-06
7.78548e-06
0.000414602
-4.73428e-12
4.94086e-05
0.000398075
1.96995e-06
4.94087e-05
0.000398075
5.90837e-06
7.78547e-06
0.000414602
6.97988e-06
-1.07929e-06
0.000405053
4.76469e-06
-5.20718e-06
0.000404914
-4.76471e-06
0.000398777
-5.20717e-06
-6.97989e-06
0.000404914
-5.58941e-06
-5.58943e-06
0.000410749
-3.33637e-07
7.53929e-06
0.000415828
-1.11353e-06
7.69669e-05
0.000406071
3.52469e-11
0.000170497
0.00042135
1.11352e-06
0.000170498
0.00042135
3.33606e-07
7.69669e-05
0.000406071
5.58941e-06
7.53929e-06
0.000415828
5.20715e-06
-5.58943e-06
0.000410749
-6.97989e-06
0.000404914
-1.0793e-06
-5.90837e-06
0.000405053
7.53922e-06
-3.33701e-07
0.000415828
5.14226e-05
5.14227e-05
0.000369699
9.60898e-05
0.000186529
0.000375611
3.32037e-11
0.000104859
-0.000235132
-9.60898e-05
0.000104859
-0.000235132
-5.14227e-05
0.000186529
0.00037561
-7.53923e-06
5.14227e-05
0.000369699
1.07929e-06
-3.33701e-07
0.000415828
-5.90838e-06
0.000405053
7.78554e-06
-1.96996e-06
0.000414602
7.69669e-05
-1.11356e-06
0.000406071
0.000186529
9.60897e-05
0.00037561
9.88812e-05
9.88802e-05
-0.000354148
-5.42902e-11
2.19134e-06
-0.00221393
-9.88815e-05
2.19134e-06
-0.00221393
-0.00018653
9.88803e-05
-0.000354147
-7.69669e-05
9.60896e-05
0.00037561
-7.78557e-06
-1.11353e-06
0.000406071
-1.96999e-06
0.000414602
4.94086e-05
-9.21747e-12
0.000398075
0.000170497
1.36816e-10
0.00042135
0.000104858
-2.88691e-11
-0.000235132
2.19129e-06
-2.65787e-10
-0.00221393
-3.12743e-16
2.2851e-13
-0.00240999
-2.19131e-06
2.85326e-13
-0.00240999
-0.000104858
-2.72793e-10
-0.00221393
-0.000170497
-2.53481e-11
-0.000235132
-4.94086e-05
1.38618e-10
0.00042135
-1.10467e-11
0.000398075
4.94087e-05
1.96996e-06
0.000398075
0.000170498
1.1136e-06
0.00042135
0.000104859
-9.60898e-05
-0.000235132
2.19135e-06
-9.88814e-05
-0.00221393
3.3774e-14
-2.1913e-06
-0.00240999
-2.19138e-06
-2.1913e-06
-0.00240999
-0.00010486
-9.88816e-05
-0.00221393
-0.000170498
-9.60897e-05
-0.000235131
-4.94086e-05
1.11357e-06
0.00042135
1.96998e-06
0.000398075
7.78549e-06
5.90837e-06
0.000414603
7.69669e-05
3.33617e-07
0.000406071
0.000186529
-5.14227e-05
0.000375611
9.88804e-05
-0.00018653
-0.000354147
-5.83696e-11
-0.000104859
-0.00221393
-9.88807e-05
-0.000104859
-0.00221393
-0.000186529
-0.00018653
-0.000354147
-7.69669e-05
-5.14227e-05
0.000375611
-7.78552e-06
3.33611e-07
0.000406071
5.90837e-06
0.000414603
-1.07928e-06
6.97988e-06
0.000405053
7.53931e-06
5.58941e-06
0.000415828
5.14227e-05
-7.53926e-06
0.000369699
9.60896e-05
-7.6967e-05
0.000375611
4.12771e-11
-0.000170497
-0.000235132
-9.60896e-05
-0.000170497
-0.000235132
-5.14227e-05
-7.6967e-05
0.000375611
-7.53932e-06
-7.53925e-06
0.000369699
1.07927e-06
5.58942e-06
0.000415828
6.97988e-06
0.000405053
-5.20718e-06
4.76468e-06
0.000404914
-5.58943e-06
5.20714e-06
0.000410749
-3.3369e-07
1.07928e-06
0.000415828
-1.11359e-06
-7.78559e-06
0.000406071
3.35935e-11
-4.94086e-05
0.00042135
1.11358e-06
-4.94086e-05
0.00042135
3.33655e-07
-7.78559e-06
0.000406071
5.58942e-06
1.07928e-06
0.000415828
5.20715e-06
5.20714e-06
0.000410749
4.76468e-06
0.000404914
-4.7647e-06
0.000398777
-6.97988e-06
0.000404914
-5.90836e-06
0.000405053
-1.96998e-06
0.000414602
-3.88391e-12
0.000398075
1.96997e-06
0.000398075
5.90836e-06
0.000414602
6.97987e-06
0.000405053
4.76468e-06
0.000404914
0.000398777
-4.35693e-06
-4.35692e-06
0.000407491
-6.9476e-06
-5.00982e-06
0.000412515
-7.62468e-06
-5.73007e-06
0.00041146
-6.79373e-06
-2.23644e-06
0.000416008
-2.8269e-12
-7.1656e-07
0.000391998
6.79372e-06
-7.16539e-07
0.000391998
7.62467e-06
-2.23646e-06
0.000416008
6.9476e-06
-5.73007e-06
0.00041146
4.35693e-06
-5.00982e-06
0.000412515
-4.35693e-06
0.000407491
-5.00981e-06
-6.94759e-06
0.000412515
-7.66736e-06
-7.66737e-06
0.000416064
-5.07631e-06
-6.22876e-06
0.000413735
-5.87545e-06
8.46237e-06
0.000396171
1.22058e-11
6.97843e-05
0.000344973
5.87545e-06
6.97846e-05
0.000344973
5.07629e-06
8.46237e-06
0.000396171
7.66736e-06
-6.22875e-06
0.000413735
5.00981e-06
-7.66738e-06
0.000416064
-6.9476e-06
0.000412515
-5.73007e-06
-7.62467e-06
0.000411461
-6.22879e-06
-5.07634e-06
0.000413735
-2.64942e-06
-2.64936e-06
0.00036254
-8.30381e-06
7.70132e-05
0.000312714
3.26413e-12
8.36762e-05
-0.000257327
8.30378e-06
8.36764e-05
-0.000257327
2.64942e-06
7.70132e-05
0.000312714
6.2288e-06
-2.64936e-06
0.00036254
5.73008e-06
-5.07635e-06
0.000413735
-7.62468e-06
0.000411461
-2.23642e-06
-6.79371e-06
0.000416008
8.46238e-06
-5.87543e-06
0.000396171
7.70136e-05
-8.30378e-06
0.000312714
5.72263e-05
5.72259e-05
-0.000314572
-8.06483e-11
9.13772e-06
-0.00208217
-5.72265e-05
9.13771e-06
-0.00208217
-7.70139e-05
5.72257e-05
-0.000314572
-8.46241e-06
-8.30388e-06
0.000312714
2.23641e-06
-5.87545e-06
0.000396171
-6.79373e-06
0.000416008
-7.16541e-07
-5.0156e-12
0.000391998
6.97839e-05
6.79703e-11
0.000344974
8.36756e-05
-2.6411e-11
-0.000257327
9.13748e-06
-2.28198e-10
-0.00208217
-5.7339e-13
3.01573e-13
-0.00239171
-9.13744e-06
3.38402e-13
-0.00239171
-8.36756e-05
-2.4444e-10
-0.00208217
-6.97838e-05
-3.48997e-11
-0.000257327
7.16579e-07
6.79434e-11
0.000344974
-1.04012e-11
0.000391998
-7.16528e-07
6.79373e-06
0.000391998
6.97848e-05
5.87548e-06
0.000344973
8.36766e-05
8.30377e-06
-0.000257327
9.13773e-06
-5.72268e-05
-0.00208217
-5.66963e-13
-9.13742e-06
-0.00239171
-9.13769e-06
-9.1374e-06
-0.00239171
-8.36765e-05
-5.72266e-05
-0.00208217
-6.97847e-05
8.30387e-06
-0.000257327
7.16567e-07
5.87549e-06
0.000344973
6.79374e-06
0.000391998
-2.23643e-06
7.62468e-06
0.000416008
8.46244e-06
5.07629e-06
0.000396171
7.70134e-05
2.64941e-06
0.000312714
5.72259e-05
-7.70142e-05
-0.000314572
-9.25558e-11
-8.36756e-05
-0.00208217
-5.72261e-05
-8.36758e-05
-0.00208217
-7.70136e-05
-7.70141e-05
-0.000314572
-8.46247e-06
2.64942e-06
0.000312714
2.23642e-06
5.0763e-06
0.000396171
7.62469e-06
0.000416008
-5.73007e-06
6.94761e-06
0.00041146
-6.22872e-06
7.66736e-06
0.000413735
-2.64935e-06
6.22879e-06
0.00036254
-8.30391e-06
-8.46247e-06
0.000312714
-5.28965e-12
-6.97839e-05
-0.000257327
8.30388e-06
-6.97841e-05
-0.000257327
2.64934e-06
-8.46247e-06
0.000312714
6.22873e-06
6.22877e-06
0.00036254
5.73008e-06
7.66737e-06
0.000413735
6.94762e-06
0.00041146
-5.00982e-06
4.35694e-06
0.000412515
-7.66737e-06
5.00982e-06
0.000416064
-5.07634e-06
5.73009e-06
0.000413735
-5.87548e-06
2.23639e-06
0.000396171
1.27115e-11
7.16603e-07
0.000344974
5.87548e-06
7.1658e-07
0.000344974
5.07632e-06
2.2364e-06
0.000396171
7.66737e-06
5.7301e-06
0.000413735
5.00982e-06
5.00982e-06
0.000416064
4.35695e-06
0.000412515
-4.35693e-06
0.000407491
-6.94759e-06
0.000412515
-7.62467e-06
0.00041146
-6.79373e-06
0.000416008
-8.65422e-12
0.000391998
6.79372e-06
0.000391998
7.62466e-06
0.000416008
6.9476e-06
0.00041146
4.35695e-06
0.000412515
0.000407491
-3.67165e-06
-3.67165e-06
0.000414834
-6.3358e-06
-4.71678e-06
0.000419896
-7.96277e-06
-7.29515e-06
0.000420383
-8.67737e-06
-1.04e-05
0.000427122
-5.624e-12
-2.93029e-05
0.000412624
8.67736e-06
-2.93029e-05
0.000412624
7.96277e-06
-1.04e-05
0.000427122
6.3358e-06
-7.29515e-06
0.000420383
3.67164e-06
-4.71678e-06
0.000419896
-3.67165e-06
0.000414834
-4.71677e-06
-6.3358e-06
0.000419896
-8.7493e-06
-8.74931e-06
0.000424129
-1.20663e-05
-1.57251e-05
0.000425482
-1.75639e-05
-3.13718e-05
0.00042264
1.43271e-11
-9.52718e-05
0.000393379
1.75639e-05
-9.52718e-05
0.000393378
1.20663e-05
-3.13718e-05
0.000422641
8.7493e-06
-1.57251e-05
0.000425482
4.71676e-06
-8.74932e-06
0.000424129
-6.33581e-06
0.000419896
-7.29516e-06
-7.96277e-06
0.000420383
-1.57251e-05
-1.20663e-05
0.000425482
-3.17023e-05
-3.17023e-05
0.000394494
-5.76783e-05
-7.90206e-05
0.00038634
-1.68908e-11
-5.72177e-05
-0.000353059
5.76783e-05
-5.72177e-05
-0.000353059
3.17023e-05
-7.90209e-05
0.00038634
1.57251e-05
-3.17023e-05
0.000394494
7.29515e-06
-1.20663e-05
0.000425482
-7.96278e-06
0.000420383
-1.04e-05
-8.67736e-06
0.000427122
-3.13717e-05
-1.75639e-05
0.00042264
-7.90207e-05
-5.76783e-05
0.000386339
-6.55869e-05
-6.55868e-05
-0.00034144
-1.6068e-11
-3.99938e-06
-0.00220097
6.55869e-05
-3.99938e-06
-0.00220097
7.90207e-05
-6.5587e-05
-0.00034144
3.13718e-05
-5.76784e-05
0.000386339
1.04e-05
-1.75639e-05
0.000422641
-8.67737e-06
0.000427122
-2.93029e-05
-8.91431e-12
0.000412624
-9.52717e-05
6.10141e-11
0.000393379
-5.72177e-05
-9.34046e-11
-0.000353059
-3.99938e-06
-4.36569e-11
-0.00220097
5.72916e-14
-7.71522e-13
-0.00239971
3.99938e-06
-9.50925e-13
-0.00239971
5.72178e-05
-4.51416e-11
-0.00220097
9.52719e-05
-8.89482e-11
-0.00035306
2.93029e-05
6.24423e-11
0.000393379
-7.52876e-12
0.000412624
-2.93028e-05
8.67736e-06
0.000412623
-9.52717e-05
1.7564e-05
0.000393378
-5.72176e-05
5.76783e-05
-0.000353059
-3.99939e-06
6.55867e-05
-0.00220097
-1.36349e-13
3.99937e-06
-0.00239971
3.9994e-06
3.99938e-06
-0.00239971
5.72178e-05
6.55869e-05
-0.00220097
9.52719e-05
5.76784e-05
-0.000353059
2.93029e-05
1.7564e-05
0.000393378
8.67737e-06
0.000412624
-1.04e-05
7.96277e-06
0.000427123
-3.13717e-05
1.20663e-05
0.000422641
-7.90208e-05
3.17023e-05
0.000386339
-6.5587e-05
7.90205e-05
-0.000341439
-1.60234e-11
5.72179e-05
-0.00220097
6.55869e-05
5.72179e-05
-0.00220097
7.90208e-05
7.90208e-05
-0.00034144
3.13717e-05
3.17024e-05
0.000386339
1.04e-05
1.20663e-05
0.000422641
7.96278e-06
0.000427123
-7.29515e-06
6.3358e-06
0.000420383
-1.57251e-05
8.7493e-06
0.000425482
-3.17023e-05
1.57251e-05
0.000394494
-5.76784e-05
3.13717e-05
0.000386339
-9.55708e-12
9.52719e-05
-0.000353059
5.76783e-05
9.52719e-05
-0.000353059
3.17023e-05
3.13717e-05
0.000386339
1.57251e-05
1.57251e-05
0.000394494
7.29514e-06
8.7493e-06
0.000425482
6.3358e-06
0.000420383
-4.71678e-06
3.67164e-06
0.000419896
-8.74931e-06
4.71675e-06
0.000424129
-1.20663e-05
7.29515e-06
0.000425482
-1.7564e-05
1.03999e-05
0.000422641
1.33648e-11
2.93029e-05
0.000393379
1.7564e-05
2.93029e-05
0.000393379
1.20663e-05
1.03999e-05
0.000422641
8.7493e-06
7.29515e-06
0.000425482
4.71676e-06
4.71676e-06
0.000424129
3.67163e-06
0.000419896
-3.67165e-06
0.000414834
-6.3358e-06
0.000419896
-7.96276e-06
0.000420383
-8.67737e-06
0.000427122
-3.08195e-12
0.000412624
8.67736e-06
0.000412624
7.96276e-06
0.000427122
6.33579e-06
0.000420383
3.67163e-06
0.000419896
0.000414834
-3.27913e-06
-3.27913e-06
0.000421392
-6.18865e-06
-4.53124e-06
0.000427336
-9.35663e-06
-1.0604e-05
0.000434155
-1.25868e-05
-1.49684e-05
0.000445321
-4.67378e-12
-6.89197e-05
0.000468957
1.25867e-05
-6.89198e-05
0.000468957
9.35663e-06
-1.49684e-05
0.000445321
6.18865e-06
-1.0604e-05
0.000434155
3.27914e-06
-4.53124e-06
0.000427336
-3.27914e-06
0.000421393
-4.53124e-06
-6.18866e-06
0.000427336
-9.44048e-06
-9.44048e-06
0.000433947
-1.53748e-05
-2.44697e-05
0.000445282
-2.13081e-05
-5.39325e-05
0.000467538
-3.61265e-12
-0.000152294
0.000455445
2.13081e-05
-0.000152294
0.000455445
1.53748e-05
-5.39326e-05
0.000467538
9.44048e-06
-2.44697e-05
0.000445282
4.53124e-06
-9.44049e-06
0.000433947
-6.18866e-06
0.000427336
-1.0604e-05
-9.35662e-06
0.000434155
-2.44696e-05
-1.53748e-05
0.000445282
-7.10291e-05
-7.1029e-05
0.000487613
-0.0001235
-9.79009e-05
0.000482778
-2.44973e-11
-0.00012957
-0.000499283
0.0001235
-0.00012957
-0.000499283
7.10291e-05
-9.79011e-05
0.000482779
2.44697e-05
-7.1029e-05
0.000487613
1.0604e-05
-1.53748e-05
0.000445282
-9.35663e-06
0.000434155
-1.49684e-05
-1.25867e-05
0.000445321
-5.39326e-05
-2.1308e-05
0.000467538
-9.79012e-05
-0.0001235
0.000482778
-3.93266e-05
-3.93264e-05
-0.000458589
2.09658e-12
-9.44128e-05
-0.00227545
3.93266e-05
-9.44128e-05
-0.00227545
9.79013e-05
-3.93265e-05
-0.000458589
5.39326e-05
-0.0001235
0.000482778
1.49684e-05
-2.13081e-05
0.000467538
-1.25867e-05
0.000445321
-6.89196e-05
-1.46474e-11
0.000468957
-0.000152293
-3.50989e-12
0.000455445
-0.000129569
-1.02432e-10
-0.000499283
-9.44128e-05
-2.39793e-12
-0.00227545
5.9854e-13
5.80521e-13
-0.00258854
9.44128e-05
5.44415e-13
-0.00258854
0.000129569
-2.47964e-12
-0.00227546
0.000152294
-1.10295e-10
-0.000499283
6.89197e-05
-6.69718e-12
0.000455445
-1.78765e-11
0.000468957
-6.89198e-05
1.25867e-05
0.000468957
-0.000152294
2.1308e-05
0.000455445
-0.00012957
0.0001235
-0.000499283
-9.44128e-05
3.93266e-05
-0.00227545
5.47426e-13
9.44128e-05
-0.00258854
9.44128e-05
9.44128e-05
-0.00258854
0.00012957
3.93267e-05
-0.00227546
0.000152294
0.0001235
-0.000499284
6.89198e-05
2.13081e-05
0.000455445
1.25868e-05
0.000468957
-1.49684e-05
9.35664e-06
0.000445321
-5.39325e-05
1.53748e-05
0.000467538
-9.79011e-05
7.10291e-05
0.000482778
-3.93265e-05
9.79013e-05
-0.000458589
1.87064e-12
0.000129569
-0.00227546
3.93265e-05
0.000129569
-0.00227546
9.79011e-05
9.79015e-05
-0.000458589
5.39326e-05
7.10291e-05
0.000482778
1.49684e-05
1.53748e-05
0.000467538
9.35664e-06
0.000445321
-1.0604e-05
6.18866e-06
0.000434154
-2.44697e-05
9.44047e-06
0.000445282
-7.1029e-05
2.44696e-05
0.000487613
-0.0001235
5.39326e-05
0.000482778
-3.1781e-11
0.000152294
-0.000499283
0.0001235
0.000152294
-0.000499283
7.1029e-05
5.39326e-05
0.000482778
2.44697e-05
2.44697e-05
0.000487613
1.0604e-05
9.44048e-06
0.000445282
6.18866e-06
0.000434155
-4.53123e-06
3.27914e-06
0.000427336
-9.44047e-06
4.53124e-06
0.000433947
-1.53748e-05
1.0604e-05
0.000445282
-2.1308e-05
1.49684e-05
0.000467538
-6.42398e-12
6.89197e-05
0.000455445
2.1308e-05
6.89197e-05
0.000455445
1.53748e-05
1.49684e-05
0.000467538
9.44047e-06
1.0604e-05
0.000445282
4.53124e-06
4.53124e-06
0.000433947
3.27915e-06
0.000427336
-3.27913e-06
0.000421392
-6.18865e-06
0.000427336
-9.35662e-06
0.000434155
-1.25867e-05
0.000445321
-8.33863e-12
0.000468957
1.25867e-05
0.000468957
9.35662e-06
0.000445321
6.18866e-06
0.000434155
3.27914e-06
0.000427336
0.000421393
-2.09703e-06
-2.09703e-06
0.000425587
-3.96637e-06
-3.0122e-06
0.000432218
-6.01464e-06
-6.29562e-06
0.000442498
-7.82933e-06
-8.79694e-06
0.000455933
-5.54667e-12
-3.13547e-05
0.000492482
7.82933e-06
-3.13547e-05
0.000492482
6.01464e-06
-8.79694e-06
0.000455933
3.96637e-06
-6.29562e-06
0.000442498
2.09703e-06
-3.0122e-06
0.000432218
-2.09703e-06
0.000425587
-3.0122e-06
-3.96637e-06
0.000432218
-5.66976e-06
-5.66977e-06
0.000439262
-1.19616e-05
-1.38309e-05
0.000459109
-2.15054e-05
-6.90226e-06
0.000475187
1.09306e-12
-0.000135841
0.000538426
2.15054e-05
-0.000135841
0.000538425
1.19616e-05
-6.90224e-06
0.000475187
5.66976e-06
-1.38309e-05
0.000459109
3.01219e-06
-5.66977e-06
0.000439262
-3.96638e-06
0.000432218
-6.29562e-06
-6.01463e-06
0.000442498
-1.38309e-05
-1.19616e-05
0.00045911
-2.60833e-05
-2.60832e-05
0.000512118
-2.06906e-05
-6.58308e-05
0.000536314
-4.42764e-12
-0.000287821
-0.000367994
2.06906e-05
-0.000287821
-0.000367994
2.60833e-05
-6.58307e-05
0.000536314
1.38309e-05
-2.60832e-05
0.000512118
6.29562e-06
-1.19616e-05
0.00045911
-6.01463e-06
0.000442498
-8.79694e-06
-7.82932e-06
0.000455933
-6.90229e-06
-2.15054e-05
0.000475187
-6.58309e-05
-2.06906e-05
0.000536314
-8.97668e-05
-8.97667e-05
-0.000410717
3.42405e-12
-0.000207844
-0.0024452
8.97668e-05
-0.000207844
-0.0024452
6.58309e-05
-8.97667e-05
-0.000410718
6.90228e-06
-2.06906e-05
0.000536314
8.79694e-06
-2.15054e-05
0.000475187
-7.82932e-06
0.000455933
-3.13546e-05
-1.26292e-11
0.000492482
-0.000135841
4.42347e-12
0.000538426
-0.000287821
-2.11805e-11
-0.000367993
-0.000207844
5.42933e-12
-0.0024452
5.37097e-13
2.98068e-13
-0.00300423
0.000207844
6.00053e-13
-0.00300423
0.000287821
3.80057e-12
-0.0024452
0.000135841
-2.40353e-11
-0.000367994
3.13546e-05
5.53468e-12
0.000538426
-1.10885e-11
0.000492482
-3.13547e-05
7.82932e-06
0.000492482
-0.000135841
2.15054e-05
0.000538425
-0.000287821
2.06906e-05
-0.000367994
-0.000207844
8.97669e-05
-0.0024452
8.64494e-13
0.000207844
-0.00300423
0.000207844
0.000207844
-0.00300423
0.000287821
8.97668e-05
-0.0024452
0.000135841
2.06906e-05
-0.000367994
3.13547e-05
2.15054e-05
0.000538425
7.82933e-06
0.000492482
-8.79694e-06
6.01464e-06
0.000455933
-6.90227e-06
1.19616e-05
0.000475187
-6.58308e-05
2.60833e-05
0.000536314
-8.97667e-05
6.5831e-05
-0.000410717
1.86329e-12
0.000287821
-0.0024452
8.97667e-05
0.000287821
-0.0024452
6.58308e-05
6.58309e-05
-0.000410717
6.90227e-06
2.60833e-05
0.000536314
8.79693e-06
1.19616e-05
0.000475187
6.01464e-06
0.000455933
-6.29562e-06
3.96637e-06
0.000442498
-1.38309e-05
5.66976e-06
0.000459109
-2.60832e-05
1.38309e-05
0.000512118
-2.06906e-05
6.90232e-06
0.000536314
-5.52062e-12
0.000135841
-0.000367994
2.06906e-05
0.000135841
-0.000367994
2.60832e-05
6.90232e-06
0.000536314
1.38309e-05
1.38309e-05
0.000512118
6.29561e-06
5.66976e-06
0.000459109
3.96637e-06
0.000442498
-3.0122e-06
2.09702e-06
0.000432218
-5.66976e-06
3.01219e-06
0.000439262
-1.19616e-05
6.29562e-06
0.000459109
-2.15054e-05
8.79694e-06
0.000475187
8.49776e-13
3.13546e-05
0.000538426
2.15054e-05
3.13546e-05
0.000538426
1.19616e-05
8.79694e-06
0.000475187
5.66976e-06
6.29562e-06
0.000459109
3.01219e-06
3.01219e-06
0.000439262
2.09702e-06
0.000432218
-2.09702e-06
0.000425587
-3.96637e-06
0.000432218
-6.01463e-06
0.000442498
-7.82932e-06
0.000455933
-3.26364e-12
0.000492482
7.82931e-06
0.000492482
6.01463e-06
0.000455933
3.96637e-06
0.000442498
2.09702e-06
0.000432218
0.000425587
-4.65746e-07
-4.65745e-07
-5.4492e-07
-4.32516e-07
3.34124e-07
1.71214e-06
1.95013e-06
3.51199e-06
1.16677e-13
3.09446e-05
-1.95013e-06
3.09446e-05
-3.34125e-07
3.512e-06
5.44919e-07
1.71214e-06
4.65748e-07
-4.32515e-07
-4.65746e-07
-4.32518e-07
-5.44921e-07
6.30998e-07
6.31e-07
2.80029e-07
5.17859e-06
-4.46643e-06
3.81361e-05
-3.89619e-12
3.38725e-05
4.46643e-06
3.38724e-05
-2.80027e-07
3.81361e-05
-6.31002e-07
5.17859e-06
4.32519e-07
6.31003e-07
-5.4492e-07
1.71214e-06
3.34126e-07
5.17861e-06
2.80047e-07
3.32549e-05
3.32549e-05
7.82763e-05
4.00225e-05
1.70725e-12
-8.41006e-05
-7.82763e-05
-8.41007e-05
-3.32549e-05
4.00227e-05
-5.17862e-06
3.3255e-05
-1.71214e-06
2.80062e-07
3.3413e-07
3.51197e-06
1.95014e-06
3.8136e-05
-4.46641e-06
4.00224e-05
7.82764e-05
-2.01485e-05
-2.01484e-05
1.35521e-12
-7.42174e-05
2.01486e-05
-7.42174e-05
-4.00224e-05
-2.01483e-05
-3.8136e-05
7.82765e-05
-3.51197e-06
-4.46639e-06
1.95015e-06
3.09447e-05
-2.52335e-12
3.38727e-05
-1.46712e-11
-8.41005e-05
6.43235e-12
-7.42174e-05
1.54525e-11
-2.1959e-11
-2.16515e-11
7.42174e-05
-1.62534e-11
8.41004e-05
1.86374e-11
-3.38729e-05
4.76829e-12
-3.09447e-05
-1.79647e-11
-5.37733e-12
3.09446e-05
-1.95013e-06
3.38724e-05
4.46642e-06
-8.41007e-05
-7.82763e-05
-7.42174e-05
2.01486e-05
-1.65642e-11
7.42174e-05
7.42174e-05
7.42174e-05
8.41006e-05
2.01485e-05
-3.38726e-05
-7.82764e-05
-3.09446e-05
4.4664e-06
-1.95014e-06
3.512e-06
-3.34124e-07
3.81361e-05
-2.80028e-07
4.00227e-05
-3.32549e-05
-2.01483e-05
-4.00224e-05
1.86496e-12
8.41004e-05
2.01483e-05
8.41004e-05
-4.00227e-05
-4.00225e-05
-3.81361e-05
-3.32549e-05
-3.512e-06
-2.80041e-07
-3.34126e-07
1.71214e-06
5.4492e-07
5.1786e-06
-6.31004e-07
3.3255e-05
-5.17862e-06
7.82765e-05
-3.81361e-05
-1.36155e-12
-3.38729e-05
-7.82765e-05
-3.38728e-05
-3.3255e-05
-3.81361e-05
-5.1786e-06
-5.17862e-06
-1.71214e-06
-6.31007e-07
5.44921e-07
-4.32514e-07
4.65752e-07
6.31008e-07
4.32521e-07
2.80068e-07
-1.71214e-06
-4.46638e-06
-3.51197e-06
-5.93994e-12
-3.09447e-05
4.46638e-06
-3.09447e-05
-2.80063e-07
-3.51198e-06
-6.3101e-07
-1.71214e-06
4.32516e-07
4.32519e-07
4.65755e-07
-4.65747e-07
-5.4492e-07
3.34132e-07
1.95015e-06
-3.113e-12
-1.95015e-06
-3.34132e-07
5.44919e-07
4.65753e-07
)
;

boundaryField
{
    bottom
    {
        type            calculated;
        value           nonuniform List<scalar> 0();
    }
    atmosphere
    {
        type            calculated;
        value           nonuniform List<scalar> 
100
(
0.000426518
0.00043273
0.000439907
0.000450805
0.000463487
0.000463487
0.000450805
0.000439907
0.00043273
0.000426518
0.00043273
0.000437135
0.000455994
0.00044531
0.000531031
0.000531031
0.00044531
0.000455994
0.000437135
0.000432729
0.000439907
0.000455994
0.000455965
0.000489406
-0.000171744
-0.000171745
0.000489406
0.000455965
0.000455994
0.000439907
0.000450805
0.00044531
0.000489406
-0.000290376
-0.00247523
-0.00247523
-0.000290375
0.000489406
0.00044531
0.000450805
0.000463487
0.000531031
-0.000171744
-0.00247523
-0.00315266
-0.00315266
-0.00247523
-0.000171744
0.000531031
0.000463487
0.000463487
0.000531031
-0.000171744
-0.00247523
-0.00315266
-0.00315266
-0.00247523
-0.000171744
0.000531031
0.000463487
0.000450805
0.00044531
0.000489406
-0.000290376
-0.00247523
-0.00247523
-0.000290375
0.000489406
0.00044531
0.000450805
0.000439907
0.000455994
0.000455965
0.000489406
-0.000171744
-0.000171745
0.000489406
0.000455965
0.000455994
0.000439907
0.00043273
0.000437135
0.000455994
0.00044531
0.000531031
0.000531031
0.00044531
0.000455994
0.000437135
0.00043273
0.000426518
0.00043273
0.000439907
0.000450805
0.000463487
0.000463487
0.000450805
0.000439907
0.00043273
0.000426518
)
;
    }
    walls
    {
        type            calculated;
        value           uniform 0;
    }
    procBoundary1to0
    {
        type            processor;
        value           nonuniform List<scalar> 
100
(
-0.000317769
-0.000320674
-0.000328117
-0.000333449
-0.000327704
-0.000327704
-0.000333449
-0.000328117
-0.000320674
-0.000317769
-0.000320674
-0.000324502
-0.000331607
-0.000332962
-0.000322716
-0.000322716
-0.000332962
-0.000331607
-0.000324502
-0.000320674
-0.000328117
-0.000331607
-0.000325202
-0.000331245
-0.000101355
-0.000101355
-0.000331245
-0.000325202
-0.000331607
-0.000328117
-0.000333449
-0.000332962
-0.000331245
0.000174858
0.00171264
0.00171264
0.000174858
-0.000331245
-0.000332962
-0.000333449
-0.000327704
-0.000322717
-0.000101355
0.00171264
0.00282701
0.00282701
0.00171264
-0.000101355
-0.000322716
-0.000327704
-0.000327704
-0.000322716
-0.000101355
0.00171264
0.00282701
0.00282701
0.00171264
-0.000101355
-0.000322716
-0.000327704
-0.000333449
-0.000332962
-0.000331245
0.000174858
0.00171264
0.00171264
0.000174858
-0.000331245
-0.000332962
-0.000333449
-0.000328117
-0.000331607
-0.000325202
-0.000331245
-0.000101355
-0.000101355
-0.000331245
-0.000325202
-0.000331607
-0.000328117
-0.000320674
-0.000324502
-0.000331607
-0.000332962
-0.000322717
-0.000322717
-0.000332962
-0.000331607
-0.000324502
-0.000320674
-0.000317769
-0.000320674
-0.000328117
-0.000333449
-0.000327704
-0.000327704
-0.000333449
-0.000328117
-0.000320674
-0.000317769
)
;
    }
}


// ************************************************************************* //
