/*--------------------------------*- C++ -*----------------------------------*\
| =========                 |                                                 |
| \\      /  F ield         | OpenFOAM: The Open Source CFD Toolbox           |
|  \\    /   O peration     | Version:  2412                                  |
|   \\  /    A nd           | Website:  www.openfoam.com                      |
|    \\/     M anipulation  |                                                 |
\*---------------------------------------------------------------------------*/
FoamFile
{
    version     2.0;
    format      ascii;
    arch        "LSB;label=32;scalar=64";
    class       volScalarField;
    location    "0.68";
    object      p_rgh;
}
// * * * * * * * * * * * * * * * * * * * * * * * * * * * * * * * * * * * * * //

dimensions      [1 -1 -2 0 0 0 0];

internalField   nonuniform List<scalar> 
1000
(
194.502
145.506
100.338
95.7795
102.215
102.215
95.7796
100.338
145.508
194.503
145.506
41.2816
30.1726
27.2852
31.062
31.0619
27.285
30.1726
41.2814
145.506
100.338
30.1725
34.8061
27.9751
27.3596
27.3598
27.9752
34.806
30.1725
100.338
95.7794
27.2852
27.9751
31.3543
32.4721
32.4723
31.3543
27.975
27.2851
95.7793
102.215
31.0619
27.3595
32.472
33.1769
33.177
32.4721
27.3595
31.0617
102.215
102.215
31.0617
27.3598
32.4723
33.1771
33.1771
32.4723
27.3598
31.0616
102.214
95.7796
27.2849
27.9752
31.3543
32.4722
32.4724
31.3543
27.9751
27.2848
95.7795
100.338
30.1726
34.806
27.975
27.3596
27.3598
27.9751
34.8059
30.1726
100.338
145.509
41.2814
30.1725
27.2851
31.0617
31.0616
27.2849
30.1725
41.2812
145.508
194.503
145.505
100.338
95.7793
102.215
102.214
95.7795
100.338
145.507
194.504
209.855
111.876
59.7166
65.3861
78.8779
78.8778
65.3862
59.7169
111.879
209.856
111.876
11.5137
19.9769
13.3853
14.402
14.4018
13.3852
19.9769
11.5132
111.875
59.7165
19.9769
20.2404
17.7883
18.4663
18.4664
17.7884
20.2402
19.9767
59.7163
65.386
13.3854
17.7883
16.1028
16.5471
16.5472
16.1029
17.7885
13.3854
65.3858
78.8775
14.4022
18.4662
16.5469
18.9587
18.9585
16.5468
18.4661
14.4022
78.8771
78.8776
14.4018
18.4664
16.5471
18.9585
18.9583
16.5469
18.4663
14.4019
78.8772
65.3861
13.3851
17.7884
16.1029
16.5469
16.547
16.1029
17.7886
13.3852
65.386
59.717
19.9769
20.2401
17.7885
18.4662
18.4663
17.7886
20.24
19.9767
59.7167
111.88
11.5131
19.9767
13.3854
14.4021
14.4019
13.3852
19.9767
11.5127
111.879
209.856
111.874
59.7163
65.3859
78.8774
78.8772
65.386
59.7166
111.878
209.857
249.121
92.1441
61.6407
61.1825
66.5312
66.5315
61.1828
61.6409
92.1451
249.122
92.144
9.37379
18.6689
11.6196
11.9488
11.9487
11.6196
18.669
9.3737
92.1438
61.6408
18.6689
27.7708
21.3365
19.2891
19.2893
21.3367
27.7707
18.6686
61.6409
61.1825
11.6196
21.3364
19.0232
18.6148
18.6149
19.0234
21.3364
11.6196
61.1826
66.5313
11.9489
19.2891
18.6149
17.645
17.6451
18.615
19.2892
11.9488
66.5316
66.5315
11.9487
19.2894
18.6149
17.6452
17.6453
18.615
19.2894
11.9486
66.5319
61.1828
11.6195
21.3367
19.0234
18.615
18.615
19.0235
21.3366
11.6195
61.1828
61.641
18.669
27.7708
21.3364
19.2892
19.2894
21.3366
27.7707
18.6688
61.6411
92.1454
9.37366
18.6686
11.6196
11.9488
11.9486
11.6195
18.6687
9.3736
92.1451
249.122
92.1438
61.641
61.1826
66.5316
66.5319
61.1828
61.6411
92.1448
249.123
267.677
65.0225
41.2952
31.4473
31.4712
31.4715
31.4476
41.2958
65.023
267.677
65.0225
9.48868
16.3027
10.4969
12.0519
12.0518
10.4967
16.3029
9.4886
65.0225
41.2952
16.3026
20.2876
16.7233
16.5937
16.5939
16.7233
20.2877
16.3025
41.2954
31.4473
10.497
16.7233
16.8515
16.4283
16.4284
16.8514
16.7233
10.4969
31.4475
31.4714
12.052
16.5936
16.4283
16.4401
16.4402
16.4283
16.5937
12.0519
31.4717
31.4717
12.0519
16.5939
16.4284
16.4403
16.4404
16.4284
16.5939
12.0519
31.472
31.4476
10.4966
16.7233
16.8514
16.4283
16.4283
16.8512
16.7233
10.4966
31.4478
41.2959
16.3029
20.2878
16.7233
16.5937
16.5939
16.7233
20.2878
16.3027
41.296
65.0232
9.48856
16.3025
10.4969
12.0519
12.0518
10.4967
16.3027
9.48849
65.0232
267.677
65.0226
41.2954
31.4476
31.4717
31.472
31.4478
41.2959
65.023
267.678
268.992
57.2398
35.9772
29.1807
30.9342
30.9338
29.1809
35.9775
57.2402
268.993
57.2397
11.4117
14.7663
11.6642
12.8419
12.8418
11.664
14.7665
11.4118
57.2398
35.9772
14.7662
18.9468
17.1121
17.5032
17.5035
17.112
18.9469
14.7661
35.9775
29.1807
11.6642
17.1121
17.3501
16.5758
16.5758
17.3503
17.1121
11.6642
29.1808
30.9344
12.8419
17.5032
16.5758
16.5291
16.5292
16.5758
17.5032
12.8419
30.9346
30.9338
12.8418
17.5036
16.5759
16.5293
16.5294
16.5759
17.5035
12.8418
30.934
29.181
11.6639
17.112
17.3503
16.5758
16.5759
17.3505
17.112
11.6639
29.1811
35.9776
14.7666
18.947
17.1121
17.5032
17.5035
17.112
18.947
14.7664
35.9778
57.2403
11.4118
14.7662
11.6641
12.8418
12.8418
11.664
14.7664
11.4119
57.2404
268.993
57.2399
35.9775
29.1809
30.9344
30.9341
29.1811
35.9777
57.2403
268.993
124.312
49.2859
29.5431
24.7985
27.9659
27.9653
24.7985
29.5433
49.2863
124.312
49.2858
12.7929
14.6137
12.4838
13.2929
13.2927
12.4836
14.6137
12.793
49.286
29.5431
14.6136
17.5941
16.6193
16.216
16.2162
16.6192
17.5942
14.6136
29.5433
24.7985
12.4838
16.6193
15.2264
15.3012
15.3011
15.2265
16.6192
12.4839
24.7986
27.9661
13.2929
16.2159
15.3012
15.8191
15.8192
15.3012
16.2159
13.2929
27.966
27.9652
13.2927
16.2163
15.3011
15.8193
15.8194
15.3011
16.2162
13.2926
27.9652
24.7985
12.4836
16.6191
15.2265
15.3011
15.3011
15.2265
16.6191
12.4836
24.7986
29.5434
14.6137
17.5942
16.6192
16.216
16.2162
16.6191
17.5942
14.6136
29.5435
49.2864
12.7931
14.6136
12.4839
13.2928
13.2927
12.4837
14.6136
12.7932
49.2865
124.312
49.2861
29.5434
24.7986
27.9658
27.9653
24.7986
29.5435
49.2865
124.313
185.494
47.5664
26.3872
22.673
26.249
26.2485
22.6729
26.3874
47.5668
185.495
47.5664
13.5844
15.7534
13.0709
13.7879
13.788
13.0707
15.7534
13.5843
47.5665
26.3872
15.7534
16.6621
16.4049
16.0574
16.0579
16.4048
16.6623
15.7534
26.3875
22.673
13.0709
16.4049
14.3216
14.8837
14.8836
14.3217
16.4048
13.0709
22.6731
26.249
13.7879
16.0573
14.8838
15.5113
15.5114
14.8837
16.0573
13.7879
26.2488
26.2483
13.788
16.0581
14.8835
15.5115
15.5116
14.8835
16.058
13.788
26.2481
22.6729
13.0706
16.4047
14.3217
14.8836
14.8835
14.3217
16.4046
13.0706
22.673
26.3874
15.7533
16.6623
16.4048
16.0574
16.0579
16.4046
16.6623
15.7533
26.3876
47.5669
13.5843
15.7534
13.0709
13.7879
13.788
13.0707
15.7533
13.5845
47.567
185.495
47.5666
26.3876
22.6731
26.2486
26.2482
22.6731
26.3876
47.5669
185.494
294.872
55.0172
24.5645
21.4532
24.3613
24.3611
21.4534
24.5646
55.0173
294.872
55.0172
13.3534
16.3631
13.1307
13.7159
13.7162
13.1309
16.3631
13.3532
55.0172
24.5645
16.363
15.7269
16.1295
15.3849
15.3854
16.1297
15.7269
16.363
24.5647
21.4533
13.1306
16.1295
13.1897
14.3261
14.326
13.1897
16.1295
13.1306
21.4536
24.3612
13.7159
15.3848
14.3262
15.0889
15.0893
14.3261
15.3848
13.7159
24.3608
24.3609
13.7163
15.3855
14.326
15.0897
15.0899
14.3259
15.3855
13.7163
24.3605
21.4533
13.1309
16.1298
13.1897
14.3261
14.326
13.1896
16.1297
13.1308
21.4533
24.5646
16.3631
15.7269
16.1295
15.3849
15.3854
16.1296
15.7271
16.3631
24.5647
55.0174
13.3532
16.3631
13.1307
13.7159
13.7162
13.1308
16.3631
13.3533
55.0176
294.872
55.0172
24.5647
21.4536
24.3607
24.3605
21.4534
24.5648
55.0176
294.873
326.195
61.4745
25.3811
21.163
22.21
22.21
21.1636
25.3813
61.4745
326.195
61.4745
12.6505
17.0153
12.873
13.1916
13.1917
12.8732
17.0155
12.6504
61.4745
25.381
17.0152
16.0958
15.8254
15.0377
15.0376
15.8259
16.0958
17.0152
25.381
21.1628
12.8729
15.8253
12.7236
14.0242
14.0239
12.7235
15.8254
12.8729
21.1627
22.2099
13.1916
15.0377
14.0243
15.0336
15.0344
14.0243
15.0378
13.1917
22.2095
22.2098
13.1918
15.0376
14.0239
15.0352
15.0359
14.0239
15.0377
13.1919
22.2093
21.1635
12.8732
15.8261
12.7235
14.0244
14.0241
12.7235
15.826
12.8732
21.1632
25.3814
17.0155
16.0958
15.8255
15.0378
15.0378
15.8259
16.0959
17.0154
25.3817
61.4745
12.6504
17.0153
12.873
13.1917
13.1918
12.8732
17.0154
12.6504
61.4747
326.195
61.4745
25.3811
21.163
22.2095
22.2094
21.1632
25.3815
61.4747
326.196
359.004
56.9259
33.2627
21.7369
19.6275
19.6276
21.7369
33.2632
56.9261
359.005
56.9259
10.2312
16.4601
12.1814
12.8902
12.8901
12.1814
16.4603
10.2315
56.9265
33.2622
16.46
15.8944
14.524
14.6923
14.6923
14.5248
15.8944
16.46
33.2615
21.7367
12.1814
14.5238
12.1543
13.9575
13.957
12.1544
14.5238
12.1815
21.7363
19.6273
12.8903
14.6924
13.9578
15.3654
15.3667
13.9576
14.6924
12.8905
19.6271
19.6275
12.8901
14.6924
13.9569
15.3682
15.3693
13.9568
14.6924
12.8903
19.6272
21.737
12.1815
14.5251
12.1543
13.9576
13.9572
12.1543
14.525
12.1815
21.7371
33.2635
16.4603
15.8944
14.524
14.6925
14.6924
14.5247
15.8945
16.4603
33.264
56.926
10.2315
16.4601
12.1816
12.8903
12.8903
12.1816
16.4603
10.2315
56.926
359.005
56.9264
33.2617
21.7363
19.6271
19.6272
21.7369
33.2635
56.926
359.005
)
;

boundaryField
{
    bottom
    {
        type            fixedFluxPressure;
        gradient        uniform 0;
        value           nonuniform List<scalar> 
100
(
194.502
145.506
100.338
95.7794
102.215
102.215
95.7796
100.338
145.509
194.503
145.506
41.2816
30.1725
27.2852
31.0619
31.0617
27.2849
30.1726
41.2814
145.505
100.338
30.1726
34.8061
27.9751
27.3595
27.3598
27.9752
34.806
30.1725
100.338
95.7795
27.2852
27.9751
31.3543
32.472
32.4723
31.3543
27.975
27.2851
95.7793
102.215
31.062
27.3596
32.4721
33.1769
33.1771
32.4722
27.3596
31.0617
102.215
102.215
31.0619
27.3598
32.4723
33.177
33.1771
32.4724
27.3598
31.0616
102.214
95.7796
27.285
27.9752
31.3543
32.4721
32.4723
31.3543
27.9751
27.2849
95.7795
100.338
30.1726
34.806
27.975
27.3595
27.3598
27.9751
34.8059
30.1725
100.338
145.508
41.2814
30.1725
27.2851
31.0617
31.0616
27.2848
30.1726
41.2812
145.507
194.503
145.506
100.338
95.7793
102.215
102.214
95.7795
100.338
145.508
194.504
)
;
    }
    atmosphere
    {
        type            prghTotalPressure;
        p0              nonuniform List<scalar> 0();
        value           nonuniform List<scalar> 0();
    }
    walls
    {
        type            fixedFluxPressure;
        gradient        uniform 0;
        value           nonuniform List<scalar> 
400
(
194.502
145.506
100.338
95.7794
102.215
102.215
95.7796
100.338
145.509
194.503
209.855
111.876
59.7165
65.386
78.8775
78.8776
65.3861
59.717
111.88
209.856
249.121
92.144
61.6408
61.1825
66.5313
66.5315
61.1828
61.641
92.1454
249.122
267.677
65.0225
41.2952
31.4473
31.4714
31.4717
31.4476
41.2959
65.0232
267.677
268.992
57.2397
35.9772
29.1807
30.9344
30.9338
29.181
35.9776
57.2403
268.993
124.312
49.2858
29.5431
24.7985
27.9661
27.9652
24.7985
29.5434
49.2864
124.312
185.494
47.5664
26.3872
22.673
26.249
26.2483
22.6729
26.3874
47.5669
185.495
294.872
55.0172
24.5645
21.4533
24.3612
24.3609
21.4533
24.5646
55.0174
294.872
326.195
61.4745
25.381
21.1628
22.2099
22.2098
21.1635
25.3814
61.4745
326.195
359.004
56.9259
33.2622
21.7367
19.6273
19.6275
21.737
33.2635
56.926
359.005
194.503
145.506
100.338
95.7793
102.215
102.214
95.7795
100.338
145.508
194.504
209.856
111.875
59.7163
65.3858
78.8771
78.8772
65.386
59.7167
111.879
209.857
249.122
92.1438
61.6409
61.1826
66.5316
66.5319
61.1828
61.6411
92.1451
249.123
267.677
65.0225
41.2954
31.4475
31.4717
31.472
31.4478
41.296
65.0232
267.678
268.993
57.2398
35.9775
29.1808
30.9346
30.934
29.1811
35.9778
57.2404
268.993
124.312
49.286
29.5433
24.7986
27.966
27.9652
24.7986
29.5435
49.2865
124.313
185.495
47.5665
26.3875
22.6731
26.2488
26.2481
22.673
26.3876
47.567
185.494
294.872
55.0172
24.5647
21.4536
24.3608
24.3605
21.4533
24.5647
55.0176
294.873
326.195
61.4745
25.381
21.1627
22.2095
22.2093
21.1632
25.3817
61.4747
326.196
359.005
56.9265
33.2615
21.7363
19.6271
19.6272
21.7371
33.264
56.926
359.005
194.502
209.855
249.121
267.677
268.992
124.312
185.494
294.872
326.195
359.004
145.506
111.876
92.1441
65.0225
57.2398
49.2859
47.5664
55.0172
61.4745
56.9259
100.338
59.7166
61.6407
41.2952
35.9772
29.5431
26.3872
24.5645
25.3811
33.2627
95.7795
65.3861
61.1825
31.4473
29.1807
24.7985
22.673
21.4532
21.163
21.7369
102.215
78.8779
66.5312
31.4712
30.9342
27.9659
26.249
24.3613
22.21
19.6275
102.215
78.8778
66.5315
31.4715
30.9338
27.9653
26.2485
24.3611
22.21
19.6276
95.7796
65.3862
61.1828
31.4476
29.1809
24.7985
22.6729
21.4534
21.1636
21.7369
100.338
59.7169
61.6409
41.2958
35.9775
29.5433
26.3874
24.5646
25.3813
33.2632
145.508
111.879
92.1451
65.023
57.2402
49.2863
47.5668
55.0173
61.4745
56.9261
194.503
209.856
249.122
267.677
268.993
124.312
185.495
294.872
326.195
359.005
194.503
209.856
249.122
267.677
268.993
124.312
185.495
294.872
326.195
359.005
145.505
111.874
92.1438
65.0226
57.2399
49.2861
47.5666
55.0172
61.4745
56.9264
100.338
59.7163
61.641
41.2954
35.9775
29.5434
26.3876
24.5647
25.3811
33.2617
95.7793
65.3859
61.1826
31.4476
29.1809
24.7986
22.6731
21.4536
21.163
21.7363
102.215
78.8774
66.5316
31.4717
30.9344
27.9658
26.2486
24.3607
22.2095
19.6271
102.214
78.8772
66.5319
31.472
30.9341
27.9653
26.2482
24.3605
22.2094
19.6272
95.7795
65.386
61.1828
31.4478
29.1811
24.7986
22.6731
21.4534
21.1632
21.7369
100.338
59.7166
61.6411
41.2959
35.9777
29.5435
26.3876
24.5648
25.3815
33.2635
145.507
111.878
92.1448
65.023
57.2403
49.2865
47.5669
55.0176
61.4747
56.926
194.504
209.857
249.123
267.678
268.993
124.313
185.494
294.873
326.196
359.005
)
;
    }
    procBoundary3to2
    {
        type            processor;
        value           nonuniform List<scalar> 
100
(
380.914
45.8872
44.5565
20.7326
17.5829
17.5831
20.7322
44.5557
45.8874
380.913
45.8873
9.57667
15.3218
11.9417
12.5105
12.5104
11.9417
15.3219
9.57669
45.8879
44.5564
15.3217
15.6808
14.3064
14.5423
14.5412
14.3059
15.6807
15.3217
44.5561
20.7326
11.9417
14.3062
12.2432
14.3192
14.3184
12.243
14.306
11.9417
20.7324
17.5828
12.5105
14.5427
14.3195
15.1567
15.1566
14.3193
14.5427
12.5106
17.5827
17.583
12.5104
14.541
14.3182
15.1564
15.1563
14.3181
14.5411
12.5105
17.5828
20.7323
11.9416
14.3055
12.243
14.3193
14.3186
12.2429
14.3055
11.9416
20.7325
44.5556
15.3219
15.6807
14.3061
14.5422
14.5412
14.3058
15.6807
15.3219
44.5561
45.8873
9.5767
15.3217
11.9418
12.5106
12.5105
11.9418
15.3219
9.57675
45.8873
380.913
45.8879
44.5561
20.7323
17.5827
17.5828
20.7324
44.5561
45.8873
380.913
)
;
    }
}


// ************************************************************************* //
