/*--------------------------------*- C++ -*----------------------------------*\
| =========                 |                                                 |
| \\      /  F ield         | OpenFOAM: The Open Source CFD Toolbox           |
|  \\    /   O peration     | Version:  2412                                  |
|   \\  /    A nd           | Website:  www.openfoam.com                      |
|    \\/     M anipulation  |                                                 |
\*---------------------------------------------------------------------------*/
FoamFile
{
    version     2.0;
    format      ascii;
    arch        "LSB;label=32;scalar=64";
    class       volScalarField;
    location    "0.54";
    object      p_rgh;
}
// * * * * * * * * * * * * * * * * * * * * * * * * * * * * * * * * * * * * * //

dimensions      [1 -1 -2 0 0 0 0];

internalField   nonuniform List<scalar> 
1000
(
11.8163
2.9826
0.624699
3.22437
5.41099
5.39846
3.22443
0.624647
2.98233
11.8163
2.98262
-1.18955
0.154686
3.67421
5.82742
5.82753
3.67417
0.154691
-1.18962
2.98262
0.624708
0.154681
3.25417
4.96518
6.01318
6.01312
4.96518
3.25414
0.154676
0.624732
3.22438
3.67424
4.96515
5.72115
6.60492
6.60493
5.72099
4.96508
3.67425
3.22444
5.41317
5.82767
6.01277
6.60492
6.85758
6.85758
6.60491
6.01147
5.82814
5.4102
5.39365
5.82783
6.01265
6.60493
6.85758
6.85758
6.60492
6.01137
5.8283
5.39236
3.22449
3.67419
4.96515
5.7209
6.60491
6.60492
5.72081
4.96507
3.67422
3.22455
0.624657
0.154688
3.25412
4.96513
6.012
6.01194
4.96511
3.2541
0.154705
0.624688
2.98231
-1.18963
0.154669
3.67422
5.82787
5.82797
3.6742
0.154697
-1.1896
2.98233
11.8162
2.9826
0.624711
3.22442
5.40819
5.3972
3.22448
0.624667
2.98233
11.8162
12.1384
5.10528
2.79437
4.74622
6.70155
6.70148
4.74608
2.79425
5.10505
12.1384
5.10528
2.27256
2.38463
5.01103
6.86338
6.86292
5.01097
2.38462
2.27251
5.10531
2.79439
2.38465
4.61379
6.00895
6.39758
6.39761
6.00888
4.61377
2.38466
2.79442
4.74625
5.01104
6.00897
6.3783
7.32519
7.32519
6.37827
6.00896
5.011
4.74623
6.70168
6.86335
6.39757
7.32519
7.49983
7.49983
7.32518
6.39767
6.86281
6.70158
6.70159
6.86261
6.3976
7.32519
7.49983
7.49983
7.32519
6.3977
6.86215
6.70151
4.74606
5.01095
6.00886
6.37824
7.32518
7.32518
6.37823
6.00886
5.01093
4.74607
2.79425
2.38465
4.61376
6.00894
6.39765
6.39767
6.00887
4.61375
2.3847
2.79431
5.10505
2.2725
2.38464
5.01099
6.86287
6.86247
5.01095
2.38467
2.27252
5.1051
12.1384
5.10529
2.79439
4.74619
6.70143
6.70139
4.74609
2.7943
5.1051
12.1383
14.3217
8.76685
5.78428
6.31062
7.64112
7.64088
6.31059
5.78427
8.76688
14.3217
8.76685
7.40004
5.63291
6.50654
7.35915
7.35885
6.5065
5.6329
7.40005
8.76686
5.78429
5.63292
6.32627
7.0089
7.18977
7.18978
7.00882
6.32625
5.6329
5.78431
6.31063
6.50655
7.00893
7.55683
8.03217
8.03218
7.55688
7.00894
6.50653
6.31062
7.64098
7.35892
7.18976
8.03218
8.13779
8.13779
8.03218
7.18987
7.35814
7.64014
7.64056
7.35843
7.18978
8.03218
8.13779
8.13779
8.03217
7.18989
7.3577
7.63973
6.31059
6.50649
7.00881
7.55691
8.03217
8.03217
7.55696
7.00885
6.50648
6.31059
5.78429
5.63291
6.32624
7.00891
7.18985
7.18986
7.00886
6.32625
5.63293
5.78433
8.76688
7.40004
5.63289
6.50651
7.3584
7.35815
6.50649
5.63292
7.40007
8.76692
14.3217
8.76685
5.7843
6.3106
7.64025
7.64002
6.31058
5.78431
8.76692
14.3218
15.2882
11.1294
7.94234
7.55302
7.99436
7.99436
7.55301
7.94234
11.1295
15.2882
11.1294
10.4078
7.90192
7.69763
7.82732
7.82722
7.69759
7.90192
10.4078
11.1294
7.94234
7.90192
7.56707
7.83313
7.90556
7.90555
7.83311
7.56707
7.9019
7.94233
7.55303
7.69764
7.83314
8.60497
8.71866
8.71866
8.60496
7.83316
7.69761
7.55301
7.99424
7.82723
7.90558
8.71866
8.74191
8.74191
8.71865
7.9057
7.827
7.99394
7.99424
7.82707
7.90556
8.71866
8.74192
8.74192
8.71865
7.90569
7.82685
7.99393
7.553
7.69758
7.83311
8.60493
8.71864
8.71864
8.60491
7.83314
7.69756
7.55299
7.94234
7.90191
7.56706
7.83315
7.90566
7.90565
7.83314
7.56707
7.90192
7.94235
11.1295
10.4077
7.90189
7.6976
7.82707
7.82699
7.69757
7.90191
10.4078
11.1294
15.2881
11.1294
7.94232
7.55299
7.99404
7.99404
7.55299
7.94234
11.1294
15.2881
13.7746
11.4703
9.08635
8.37
8.93622
8.93627
8.36998
9.08636
11.4703
13.7746
11.4703
10.9569
8.95831
8.44705
8.61386
8.61411
8.44703
8.95831
10.9569
11.4703
9.08636
8.95831
8.32724
8.44738
9.05606
9.05614
8.44737
8.32724
8.9583
9.08634
8.37
8.44706
8.44738
9.11454
9.29539
9.29539
9.11454
8.44738
8.44704
8.36999
8.93645
8.61394
9.05609
9.29539
9.12243
9.12237
9.29538
9.05629
8.6143
8.93721
8.93656
8.61434
9.05622
9.29538
9.12227
9.12212
9.29537
9.05641
8.61467
8.93733
8.36998
8.44702
8.44736
9.11453
9.29537
9.29537
9.11453
8.44736
8.44701
8.36998
9.08636
8.9583
8.32723
8.44737
9.05626
9.05633
8.44737
8.32723
8.9583
9.08635
11.4703
10.9569
8.95829
8.44703
8.61422
8.61443
8.44701
8.9583
10.9569
11.4703
13.7746
11.4703
9.08633
8.36998
8.937
8.93706
8.36997
9.08634
11.4703
13.7745
12.2998
11.1391
9.50429
8.85688
9.59954
9.59955
8.85688
9.50429
11.1391
12.2998
11.1391
10.7559
9.36991
8.91671
9.67224
9.6725
8.9167
9.36991
10.7559
11.139
9.50429
9.36991
8.81636
8.88282
9.7854
9.7854
8.88282
8.81636
9.3699
9.50428
8.85688
8.91671
8.88282
9.41742
9.77448
9.77448
9.41741
8.88282
8.9167
8.85687
9.59954
9.67227
9.7854
9.77447
8.79047
8.79046
9.77447
9.7854
9.67254
9.59948
9.59955
9.67269
9.7854
9.77447
8.79046
8.79045
9.77447
9.78539
9.67293
9.59949
8.85687
8.91669
8.88282
9.41742
9.77446
9.77446
9.41741
8.88282
8.91669
8.85687
9.50429
9.36991
8.81635
8.88281
9.78538
9.78538
8.88281
8.81635
9.3699
9.50428
11.1391
10.7559
9.3699
8.91669
9.67251
9.67274
8.91668
9.3699
10.7559
11.139
12.2998
11.139
9.50427
8.85686
9.59948
9.59948
8.85686
9.50427
11.139
12.2997
11.4838
10.8362
9.68344
9.18678
9.99241
9.99241
9.18678
9.68344
10.8362
11.4837
10.8362
10.5479
9.5743
9.23313
10.3789
10.3789
9.23313
9.57429
10.5479
10.8362
9.68344
9.5743
9.14296
9.21138
10.186
10.186
9.21137
9.14296
9.57429
9.68343
9.18678
9.23313
9.21138
9.82412
10.1657
10.1657
9.82411
9.21137
9.23312
9.18677
9.99241
10.3789
10.186
10.1657
8.98098
8.98098
10.1657
10.186
10.3788
9.99234
9.99241
10.3788
10.186
10.1657
8.98099
8.98099
10.1657
10.186
10.3788
9.99234
9.18677
9.23313
9.21137
9.82412
10.1657
10.1657
9.82412
9.21136
9.23312
9.18677
9.68344
9.57429
9.14295
9.21136
10.186
10.186
9.21136
9.14295
9.57428
9.68343
10.8362
10.5479
9.57428
9.23312
10.3788
10.3788
9.23312
9.57428
10.5479
10.8362
11.4837
10.8362
9.68342
9.18676
9.99234
9.99234
9.18676
9.68342
10.8362
11.4837
10.9787
10.5799
9.76634
9.4035
9.84869
9.84871
9.40349
9.76633
10.5799
10.9786
10.5799
10.3621
9.68138
9.44614
10.006
10.006
9.44614
9.68137
10.3621
10.5799
9.76634
9.68138
9.36041
9.46831
10.5041
10.5041
9.46831
9.36041
9.68137
9.76633
9.4035
9.44614
9.46831
10.0076
10.4716
10.4715
10.0076
9.4683
9.44614
9.40349
9.84869
10.006
10.5041
10.4716
9.25852
9.25852
10.4716
10.5041
10.0059
9.84869
9.84871
10.0059
10.504
10.4715
9.25853
9.25853
10.4715
10.504
10.0058
9.84871
9.40349
9.44614
9.46831
10.0076
10.4715
10.4715
10.0076
9.46831
9.44614
9.40349
9.76633
9.68137
9.3604
9.4683
10.504
10.504
9.4683
9.3604
9.68136
9.76632
10.5799
10.3621
9.68137
9.44614
10.0059
10.0058
9.44614
9.68136
10.3621
10.5799
10.9786
10.5799
9.76632
9.40348
9.84869
9.8487
9.40348
9.76632
10.5799
10.9786
10.625
10.367
9.80122
9.54206
9.92785
9.92785
9.54206
9.80122
10.367
10.625
10.367
10.2065
9.73925
9.5985
9.6614
9.66139
9.5985
9.73925
10.2065
10.367
9.80122
9.73925
9.50875
9.64768
10.6542
10.6542
9.64768
9.50875
9.73925
9.80122
9.54206
9.5985
9.64768
10.0968
10.0125
10.0125
10.0968
9.64767
9.5985
9.54205
9.92785
9.6614
10.6542
10.0125
9.4276
9.4276
10.0125
10.6541
9.66137
9.92785
9.92785
9.66139
10.6542
10.0125
9.4276
9.4276
10.0125
10.6542
9.66136
9.92786
9.54206
9.5985
9.64768
10.0968
10.0125
10.0125
10.0968
9.64767
9.59849
9.54205
9.80122
9.73925
9.50875
9.64767
10.6542
10.6542
9.64767
9.50875
9.73924
9.80121
10.367
10.2065
9.73924
9.59849
9.66137
9.66137
9.59849
9.73924
10.2065
10.367
10.625
10.367
9.80121
9.54205
9.92785
9.92785
9.54205
9.80121
10.367
10.6249
10.3775
10.2058
9.81206
9.63319
10.0614
10.0614
9.63319
9.81206
10.2057
10.3775
10.2058
10.089
9.7711
9.68965
9.81278
9.8128
9.68964
9.77109
10.089
10.2057
9.81206
9.7711
9.61312
9.75104
10.1111
10.1111
9.75104
9.61311
9.77109
9.81206
9.63319
9.68965
9.75104
10.2304
9.74101
9.74101
10.2304
9.75104
9.68964
9.63318
10.0614
9.81278
10.1111
9.74101
9.47619
9.47619
9.74101
10.1111
9.81282
10.0614
10.0614
9.81281
10.1111
9.74101
9.4762
9.4762
9.74101
10.1111
9.81284
10.0614
9.63318
9.68964
9.75104
10.2304
9.74101
9.74101
10.2304
9.75104
9.68964
9.63318
9.81206
9.77109
9.61311
9.75104
10.1111
10.1111
9.75104
9.61311
9.77109
9.81205
10.2057
10.089
9.77109
9.68964
9.81281
9.81283
9.68964
9.77109
10.089
10.2057
10.3775
10.2057
9.81205
9.63318
10.0614
10.0614
9.63318
9.81205
10.2057
10.3775
)
;

boundaryField
{
    bottom
    {
        type            fixedFluxPressure;
        gradient        nonuniform List<scalar> 0();
        value           nonuniform List<scalar> 0();
    }
    atmosphere
    {
        type            prghTotalPressure;
        p0              nonuniform List<scalar> 0();
        value           nonuniform List<scalar> 0();
    }
    walls
    {
        type            fixedFluxPressure;
        gradient        uniform 0;
        value           nonuniform List<scalar> 
400
(
11.8163
2.98262
0.624708
3.22438
5.41317
5.39365
3.22449
0.624657
2.98231
11.8162
12.1384
5.10528
2.79439
4.74625
6.70168
6.70159
4.74606
2.79425
5.10505
12.1384
14.3217
8.76685
5.78429
6.31063
7.64098
7.64056
6.31059
5.78429
8.76688
14.3217
15.2882
11.1294
7.94234
7.55303
7.99424
7.99424
7.553
7.94234
11.1295
15.2881
13.7746
11.4703
9.08636
8.37
8.93645
8.93656
8.36998
9.08636
11.4703
13.7746
12.2998
11.1391
9.50429
8.85688
9.59954
9.59955
8.85687
9.50429
11.1391
12.2998
11.4838
10.8362
9.68344
9.18678
9.99241
9.99241
9.18677
9.68344
10.8362
11.4837
10.9787
10.5799
9.76634
9.4035
9.84869
9.84871
9.40349
9.76633
10.5799
10.9786
10.625
10.367
9.80122
9.54206
9.92785
9.92785
9.54206
9.80122
10.367
10.625
10.3775
10.2058
9.81206
9.63319
10.0614
10.0614
9.63318
9.81206
10.2057
10.3775
11.8163
2.98262
0.624732
3.22444
5.4102
5.39236
3.22455
0.624688
2.98233
11.8162
12.1384
5.10531
2.79442
4.74623
6.70158
6.70151
4.74607
2.79431
5.1051
12.1383
14.3217
8.76686
5.78431
6.31062
7.64014
7.63973
6.31059
5.78433
8.76692
14.3218
15.2882
11.1294
7.94233
7.55301
7.99394
7.99393
7.55299
7.94235
11.1294
15.2881
13.7746
11.4703
9.08634
8.36999
8.93721
8.93733
8.36998
9.08635
11.4703
13.7745
12.2998
11.139
9.50428
8.85687
9.59948
9.59949
8.85687
9.50428
11.139
12.2997
11.4837
10.8362
9.68343
9.18677
9.99234
9.99234
9.18677
9.68343
10.8362
11.4837
10.9786
10.5799
9.76633
9.40349
9.84869
9.84871
9.40349
9.76632
10.5799
10.9786
10.625
10.367
9.80122
9.54205
9.92785
9.92786
9.54205
9.80121
10.367
10.6249
10.3775
10.2057
9.81206
9.63318
10.0614
10.0614
9.63318
9.81205
10.2057
10.3775
11.8163
12.1384
14.3217
15.2882
13.7746
12.2998
11.4838
10.9787
10.625
10.3775
2.9826
5.10528
8.76685
11.1294
11.4703
11.1391
10.8362
10.5799
10.367
10.2058
0.624699
2.79437
5.78428
7.94234
9.08635
9.50429
9.68344
9.76634
9.80122
9.81206
3.22437
4.74622
6.31062
7.55302
8.37
8.85688
9.18678
9.4035
9.54206
9.63319
5.41099
6.70155
7.64112
7.99436
8.93622
9.59954
9.99241
9.84869
9.92785
10.0614
5.39846
6.70148
7.64088
7.99436
8.93627
9.59955
9.99241
9.84871
9.92785
10.0614
3.22443
4.74608
6.31059
7.55301
8.36998
8.85688
9.18678
9.40349
9.54206
9.63319
0.624647
2.79425
5.78427
7.94234
9.08636
9.50429
9.68344
9.76633
9.80122
9.81206
2.98233
5.10505
8.76688
11.1295
11.4703
11.1391
10.8362
10.5799
10.367
10.2057
11.8163
12.1384
14.3217
15.2882
13.7746
12.2998
11.4837
10.9786
10.625
10.3775
11.8162
12.1384
14.3217
15.2881
13.7746
12.2998
11.4837
10.9786
10.625
10.3775
2.9826
5.10529
8.76685
11.1294
11.4703
11.139
10.8362
10.5799
10.367
10.2057
0.624711
2.79439
5.7843
7.94232
9.08633
9.50427
9.68342
9.76632
9.80121
9.81205
3.22442
4.74619
6.3106
7.55299
8.36998
8.85686
9.18676
9.40348
9.54205
9.63318
5.40819
6.70143
7.64025
7.99404
8.937
9.59948
9.99234
9.84869
9.92785
10.0614
5.3972
6.70139
7.64002
7.99404
8.93706
9.59948
9.99234
9.8487
9.92785
10.0614
3.22448
4.74609
6.31058
7.55299
8.36997
8.85686
9.18676
9.40348
9.54205
9.63318
0.624667
2.7943
5.78431
7.94234
9.08634
9.50427
9.68342
9.76632
9.80121
9.81205
2.98233
5.1051
8.76692
11.1294
11.4703
11.139
10.8362
10.5799
10.367
10.2057
11.8162
12.1383
14.3218
15.2881
13.7745
12.2997
11.4837
10.9786
10.6249
10.3775
)
;
    }
    procBoundary0to1
    {
        type            processor;
        value           nonuniform List<scalar> 
100
(
10.2044
10.0878
9.81366
9.69427
10.0616
10.0616
9.69427
9.81365
10.0878
10.2044
10.0878
10.0035
9.7875
9.74353
10.2905
10.2905
9.74352
9.7875
10.0035
10.0878
9.81366
9.7875
9.68494
9.79869
9.87007
9.87007
9.79869
9.68493
9.7875
9.81365
9.69427
9.74353
9.79869
10.3749
9.76746
9.76746
10.3749
9.79868
9.74352
9.69427
10.0616
10.2905
9.87007
9.76746
9.54626
9.54626
9.76746
9.87007
10.2905
10.0616
10.0616
10.2905
9.87007
9.76746
9.54627
9.54627
9.76746
9.87007
10.2905
10.0616
9.69427
9.74352
9.79869
10.3749
9.76746
9.76746
10.3749
9.79868
9.74352
9.69427
9.81365
9.7875
9.68493
9.79868
9.87007
9.87007
9.79868
9.68493
9.7875
9.81365
10.0878
10.0035
9.7875
9.74352
10.2905
10.2905
9.74352
9.7875
10.0035
10.0878
10.2044
10.0878
9.81365
9.69427
10.0616
10.0616
9.69426
9.81365
10.0878
10.2044
)
;
    }
    procBoundary0to2
    {
        type            processor;
        value           nonuniform List<scalar> 
100
(
15.6443
1.74999
0.0672901
2.16924
4.33827
4.35301
2.16921
0.0672433
1.74988
15.6442
1.75
-1.51367
0.255152
2.80135
4.90311
4.90318
2.80129
0.255113
-1.51365
1.74998
0.0673067
0.255121
2.73366
4.18079
5.62473
5.62476
4.18078
2.73361
0.255027
0.0672996
2.16927
2.80139
4.18077
5.73889
5.75009
5.75001
5.73886
4.18072
2.80142
2.16927
4.33629
4.90333
5.62496
5.75005
5.98283
5.98287
5.74983
5.62536
4.90373
4.34058
4.35932
4.90344
5.625
5.7499
5.98293
5.98302
5.74969
5.6254
4.90384
4.3617
2.16929
2.8013
4.18075
5.73883
5.74989
5.74982
5.7388
4.18071
2.80134
2.16936
0.0672284
0.255051
2.73359
4.18074
5.62511
5.62513
4.18074
2.73354
0.254964
0.0672286
1.74985
-1.51366
0.255047
2.80138
4.90349
4.90356
2.80132
0.255014
-1.51363
1.74985
15.6442
1.74995
0.0672681
2.16924
4.34248
4.35551
2.16926
0.0672269
1.74986
15.644
)
;
    }
}


// ************************************************************************* //
