/*--------------------------------*- C++ -*----------------------------------*\
| =========                 |                                                 |
| \\      /  F ield         | OpenFOAM: The Open Source CFD Toolbox           |
|  \\    /   O peration     | Version:  2412                                  |
|   \\  /    A nd           | Website:  www.openfoam.com                      |
|    \\/     M anipulation  |                                                 |
\*---------------------------------------------------------------------------*/
FoamFile
{
    version     2.0;
    format      ascii;
    arch        "LSB;label=32;scalar=64";
    class       volVectorField;
    location    "0.54";
    object      U;
}
// * * * * * * * * * * * * * * * * * * * * * * * * * * * * * * * * * * * * * //

dimensions      [0 1 -1 0 0 0 0];

internalField   nonuniform List<vector> 
1000
(
(0.669188 0.669187 7.42202)
(0.529373 0.403435 4.6678)
(1.45323 0.443475 0.664033)
(0.66023 0.145135 -1.06933)
(0.00116879 0.00751717 -1.3787)
(-0.001163 0.00754025 -1.37891)
(-0.660157 0.145132 -1.06933)
(-1.45321 0.443466 0.664024)
(-0.529358 0.40342 4.66781)
(-0.669198 0.669187 7.42201)
(0.403435 0.529373 4.6678)
(-0.26229 -0.26229 3.6511)
(1.27045 0.659674 0.428839)
(0.790336 0.418437 -0.839095)
(0.0863439 0.0974685 -1.65713)
(-0.0863589 0.0975114 -1.65711)
(-0.790334 0.41844 -0.839099)
(-1.27045 0.659674 0.428852)
(0.262292 -0.262307 3.6511)
(-0.403442 0.529383 4.66779)
(0.443474 1.45323 0.664035)
(0.659672 1.27045 0.42884)
(0.822571 0.822571 -0.295232)
(0.541841 0.528607 -0.653333)
(0.180035 0.215934 -1.78748)
(-0.180043 0.215942 -1.78748)
(-0.541845 0.528608 -0.653331)
(-0.82257 0.822573 -0.295234)
(-0.659675 1.27045 0.428839)
(-0.443477 1.45324 0.664019)
(0.145135 0.660245 -1.06933)
(0.418437 0.790339 -0.839095)
(0.528607 0.541836 -0.653334)
(0.451199 0.451196 -0.943871)
(0.250086 0.209197 -2.00697)
(-0.250089 0.209199 -2.00698)
(-0.451202 0.451193 -0.943873)
(-0.528605 0.541826 -0.653336)
(-0.418438 0.790337 -0.839097)
(-0.145134 0.660221 -1.06933)
(0.00751206 0.00116159 -1.37865)
(0.09746 0.0863387 -1.65713)
(0.215934 0.180027 -1.78748)
(0.2092 0.250084 -2.00697)
(0.194051 0.194051 -2.42325)
(-0.194053 0.194052 -2.42325)
(-0.209207 0.250083 -2.00698)
(-0.215938 0.180016 -1.78749)
(-0.097472 0.0863353 -1.6571)
(-0.00752002 0.00113652 -1.37869)
(0.00754876 -0.0011534 -1.37899)
(0.0975268 -0.0863607 -1.6571)
(0.215947 -0.18004 -1.78748)
(0.209204 -0.250089 -2.00698)
(0.194053 -0.194053 -2.42325)
(-0.194054 -0.194053 -2.42325)
(-0.209211 -0.250088 -2.00698)
(-0.21595 -0.180028 -1.78749)
(-0.0975331 -0.086357 -1.65707)
(-0.00755317 -0.0011312 -1.37899)
(0.145132 -0.660134 -1.06934)
(0.418441 -0.790334 -0.839102)
(0.528608 -0.541842 -0.653331)
(0.451195 -0.451199 -0.943874)
(0.250085 -0.209204 -2.00698)
(-0.250088 -0.209207 -2.00698)
(-0.451199 -0.451197 -0.943875)
(-0.528608 -0.541833 -0.653334)
(-0.418442 -0.790336 -0.839102)
(-0.145131 -0.660124 -1.06934)
(0.443465 -1.45322 0.66402)
(0.659676 -1.27045 0.428857)
(0.822576 -0.822569 -0.295234)
(0.541831 -0.528605 -0.653334)
(0.180024 -0.215939 -1.78749)
(-0.180032 -0.215946 -1.78749)
(-0.541836 -0.528607 -0.653333)
(-0.822578 -0.822575 -0.295236)
(-0.65968 -1.27045 0.428855)
(-0.443468 -1.45323 0.664006)
(0.403419 -0.529358 4.66781)
(-0.262306 0.262292 3.6511)
(1.27045 -0.659677 0.428836)
(0.790334 -0.418438 -0.839096)
(0.0863404 -0.097481 -1.65711)
(-0.0863552 -0.0975189 -1.65709)
(-0.790336 -0.418441 -0.839099)
(-1.27045 -0.659679 0.428849)
(0.262295 0.262295 3.65109)
(-0.403427 -0.529375 4.6678)
(0.669187 -0.669198 7.42201)
(0.529383 -0.403442 4.66779)
(1.45324 -0.443477 0.664016)
(0.660208 -0.145134 -1.06933)
(0.00114448 -0.00752572 -1.37873)
(-0.00114137 -0.00754572 -1.37892)
(-0.660147 -0.145132 -1.06934)
(-1.45323 -0.443469 0.664009)
(-0.529375 -0.403427 4.6678)
(-0.669199 -0.669199 7.42199)
(0.694821 0.694821 6.54184)
(1.59481 0.667411 4.20067)
(1.87935 0.470791 0.414101)
(0.771181 0.123246 -0.808735)
(0.0544227 0.00905192 -1.19984)
(-0.0544269 0.00904809 -1.19971)
(-0.771183 0.123249 -0.808741)
(-1.87935 0.470791 0.414121)
(-1.59482 0.667407 4.20072)
(-0.694831 0.694818 6.54182)
(0.667411 1.59481 4.20067)
(1.19656 1.19656 3.29133)
(1.80218 1.0388 0.31558)
(0.905393 0.426902 -0.585225)
(0.113663 0.101648 -1.4538)
(-0.113675 0.101647 -1.45379)
(-0.905399 0.426907 -0.585224)
(-1.80219 1.0388 0.315586)
(-1.19656 1.19654 3.29135)
(-0.667421 1.59482 4.20065)
(0.470791 1.87935 0.414101)
(1.0388 1.80218 0.31558)
(1.0251 1.0251 -0.185169)
(0.571593 0.565462 -0.465779)
(0.192911 0.222883 -1.63195)
(-0.192918 0.22289 -1.63195)
(-0.571598 0.565462 -0.465779)
(-1.0251 1.0251 -0.18517)
(-1.03879 1.80218 0.315568)
(-0.470792 1.87935 0.414092)
(0.123245 0.771178 -0.808735)
(0.426902 0.905389 -0.585227)
(0.565462 0.571589 -0.46578)
(0.465922 0.46592 -0.782742)
(0.257625 0.213338 -1.82453)
(-0.257628 0.213341 -1.82453)
(-0.465924 0.465919 -0.782739)
(-0.565461 0.571584 -0.465779)
(-0.4269 0.905377 -0.585229)
(-0.123244 0.771166 -0.808736)
(0.0090532 0.0544177 -1.19986)
(0.101651 0.113656 -1.45379)
(0.222886 0.192907 -1.63195)
(0.213339 0.257624 -1.82453)
(0.194766 0.194766 -2.22173)
(-0.194767 0.194766 -2.22173)
(-0.21334 0.257624 -1.82453)
(-0.222899 0.192905 -1.63196)
(-0.101658 0.113647 -1.45378)
(-0.00905149 0.0544075 -1.19982)
(0.00904798 -0.054424 -1.19966)
(0.10165 -0.113674 -1.45378)
(0.222897 -0.192918 -1.63195)
(0.213343 -0.257628 -1.82453)
(0.194767 -0.194767 -2.22173)
(-0.194768 -0.194768 -2.22172)
(-0.213343 -0.257628 -1.82453)
(-0.222909 -0.192915 -1.63196)
(-0.101657 -0.113664 -1.45377)
(-0.00904677 -0.0544148 -1.19963)
(0.12325 -0.77118 -0.808742)
(0.426908 -0.905394 -0.585224)
(0.565463 -0.571596 -0.465779)
(0.465922 -0.465924 -0.782739)
(0.257625 -0.21334 -1.82453)
(-0.257628 -0.213342 -1.82453)
(-0.465924 -0.465923 -0.782738)
(-0.565462 -0.571591 -0.465778)
(-0.426906 -0.905384 -0.585225)
(-0.123249 -0.771169 -0.80874)
(0.470791 -1.87935 0.414123)
(1.0388 -1.80219 0.315587)
(1.0251 -1.0251 -0.185171)
(0.571587 -0.56546 -0.465779)
(0.192908 -0.222894 -1.63195)
(-0.192915 -0.222901 -1.63195)
(-0.571593 -0.565462 -0.465778)
(-1.0251 -1.0251 -0.18517)
(-1.0388 -1.80219 0.315581)
(-0.470792 -1.87935 0.414115)
(0.667407 -1.59482 4.20072)
(1.19655 -1.19656 3.29135)
(1.80218 -1.03879 0.315568)
(0.905382 -0.4269 -0.585227)
(0.113654 -0.101655 -1.45378)
(-0.113666 -0.101655 -1.45378)
(-0.905388 -0.426905 -0.585223)
(-1.80219 -1.03879 0.315579)
(-1.19655 -1.19655 3.29134)
(-0.667418 -1.59484 4.2007)
(0.694818 -0.694831 6.54182)
(1.59482 -0.667421 4.20065)
(1.87935 -0.470792 0.414092)
(0.771168 -0.123245 -0.808735)
(0.054412 -0.00905093 -1.1998)
(-0.0544172 -0.00904761 -1.19969)
(-0.771172 -0.123248 -0.808739)
(-1.87935 -0.470793 0.414113)
(-1.59484 -0.667418 4.2007)
(-0.69483 -0.694829 6.5418)
(0.740702 0.740702 5.09782)
(2.23604 0.78873 3.22209)
(1.86098 0.382431 0.340289)
(0.718728 0.096721 -0.494116)
(0.0855619 0.0105434 -1.0198)
(-0.0855743 0.0105484 -1.01981)
(-0.718722 0.0967239 -0.494116)
(-1.86099 0.382439 0.340298)
(-2.23605 0.788738 3.22212)
(-0.740703 0.740698 5.0978)
(0.78873 2.23604 3.22209)
(1.99305 1.99305 2.58163)
(1.8999 1.05959 0.418668)
(0.838242 0.391823 -0.263346)
(0.131791 0.101447 -1.26477)
(-0.131801 0.101456 -1.26476)
(-0.838249 0.391827 -0.263344)
(-1.89991 1.0596 0.418674)
(-1.99306 1.99306 2.58163)
(-0.788729 2.23604 3.22207)
(0.382431 1.86098 0.34029)
(1.05959 1.8999 0.418668)
(0.964374 0.964374 0.0665684)
(0.551062 0.563479 -0.268478)
(0.201308 0.214825 -1.46153)
(-0.201313 0.214829 -1.46152)
(-0.551067 0.563479 -0.268478)
(-0.964374 0.964377 0.0665687)
(-1.05958 1.8999 0.418665)
(-0.382427 1.86097 0.340284)
(0.0967205 0.718728 -0.494116)
(0.391822 0.838238 -0.263345)
(0.563479 0.551061 -0.268477)
(0.460175 0.460175 -0.618859)
(0.259269 0.209912 -1.63809)
(-0.25927 0.209914 -1.63809)
(-0.460175 0.460174 -0.618859)
(-0.563478 0.551061 -0.268475)
(-0.39182 0.838229 -0.263343)
(-0.0967194 0.718715 -0.494111)
(0.0105408 0.0855581 -1.0198)
(0.101446 0.131788 -1.26477)
(0.214827 0.201307 -1.46153)
(0.209912 0.259268 -1.63809)
(0.193635 0.193634 -2.01955)
(-0.193636 0.193634 -2.01955)
(-0.209912 0.259268 -1.63809)
(-0.214832 0.201309 -1.46152)
(-0.10145 0.131786 -1.26478)
(-0.0105369 0.0855572 -1.01982)
(0.0105486 -0.0855761 -1.01982)
(0.101461 -0.131803 -1.26477)
(0.214833 -0.201314 -1.46152)
(0.209914 -0.25927 -1.63809)
(0.193635 -0.193636 -2.01954)
(-0.193636 -0.193636 -2.01954)
(-0.209913 -0.25927 -1.63809)
(-0.214838 -0.201316 -1.46152)
(-0.101463 -0.1318 -1.26478)
(-0.0105439 -0.0855743 -1.01984)
(0.0967246 -0.718714 -0.494115)
(0.391828 -0.838246 -0.263343)
(0.56348 -0.551068 -0.268477)
(0.460175 -0.460176 -0.618859)
(0.259268 -0.209912 -1.63809)
(-0.25927 -0.209913 -1.63809)
(-0.460175 -0.460175 -0.618858)
(-0.563479 -0.551068 -0.268474)
(-0.391826 -0.838237 -0.263338)
(-0.0967233 -0.718703 -0.494108)
(0.382439 -1.86099 0.340297)
(1.0596 -1.89991 0.418675)
(0.964378 -0.964373 0.0665686)
(0.551062 -0.563478 -0.268476)
(0.201309 -0.21483 -1.46152)
(-0.201314 -0.214834 -1.46152)
(-0.551067 -0.563479 -0.268475)
(-0.964378 -0.964377 0.0665697)
(-1.05959 -1.8999 0.418674)
(-0.382435 -1.86098 0.340295)
(0.788738 -2.23605 3.22212)
(1.99306 -1.99306 2.58163)
(1.8999 -1.05958 0.418664)
(0.838233 -0.391821 -0.263343)
(0.131789 -0.10145 -1.26478)
(-0.131799 -0.101459 -1.26477)
(-0.838239 -0.391825 -0.263339)
(-1.89991 -1.05959 0.418672)
(-1.99306 -1.99306 2.58162)
(-0.78874 -2.23605 3.22209)
(0.740699 -0.740703 5.0978)
(2.23604 -0.788729 3.22206)
(1.86097 -0.382427 0.340284)
(0.718715 -0.0967198 -0.494111)
(0.0855612 -0.0105393 -1.01982)
(-0.0855729 -0.0105436 -1.01983)
(-0.718711 -0.0967225 -0.494109)
(-1.86098 -0.382435 0.340295)
(-2.23605 -0.78874 3.22209)
(-0.740702 -0.740702 5.09776)
(0.75826 0.75826 3.35146)
(2.01547 0.664807 2.19463)
(1.47908 0.248694 0.451327)
(0.604648 0.0868169 -0.217271)
(0.0993441 0.0124787 -0.861623)
(-0.0993505 0.0124783 -0.861606)
(-0.604649 0.0868183 -0.217269)
(-1.47909 0.248699 0.451338)
(-2.01548 0.664817 2.19464)
(-0.758251 0.758258 3.35144)
(0.664807 2.01547 2.19463)
(1.77563 1.77563 1.94115)
(1.50425 0.775918 0.611263)
(0.697164 0.356428 0.0046694)
(0.138357 0.0931155 -1.09815)
(-0.138365 0.0931182 -1.09814)
(-0.69717 0.35643 0.00467232)
(-1.50425 0.775925 0.611269)
(-1.77563 1.77564 1.94115)
(-0.664795 2.01547 2.19461)
(0.248693 1.47908 0.451327)
(0.775918 1.50425 0.611263)
(0.792949 0.792948 0.277237)
(0.49886 0.532136 -0.113687)
(0.199533 0.190938 -1.30404)
(-0.199536 0.19094 -1.30404)
(-0.498862 0.532136 -0.113685)
(-0.792948 0.79295 0.277237)
(-0.775913 1.50425 0.611262)
(-0.248689 1.47908 0.451326)
(0.0868167 0.604649 -0.217271)
(0.356428 0.697164 0.00466972)
(0.532136 0.498859 -0.113688)
(0.433884 0.433884 -0.470646)
(0.254189 0.200072 -1.46205)
(-0.25419 0.200073 -1.46205)
(-0.433884 0.433883 -0.470647)
(-0.532135 0.498858 -0.113688)
(-0.356426 0.697164 0.00467084)
(-0.0868158 0.60465 -0.217269)
(0.0124782 0.0993442 -0.861625)
(0.093115 0.138356 -1.09815)
(0.190938 0.199532 -1.30405)
(0.200072 0.254189 -1.46205)
(0.190195 0.190194 -1.81941)
(-0.190195 0.190194 -1.81941)
(-0.200071 0.254188 -1.46206)
(-0.190938 0.199532 -1.30405)
(-0.093114 0.138357 -1.09814)
(-0.012477 0.0993463 -0.861616)
(0.0124777 -0.0993525 -0.8616)
(0.0931189 -0.138367 -1.09814)
(0.190941 -0.199536 -1.30404)
(0.200073 -0.25419 -1.46205)
(0.190194 -0.190196 -1.81941)
(-0.190195 -0.190196 -1.81941)
(-0.200072 -0.254189 -1.46205)
(-0.19094 -0.199536 -1.30405)
(-0.0931175 -0.138367 -1.09813)
(-0.0124765 -0.0993542 -0.861593)
(0.0868187 -0.604649 -0.217268)
(0.356431 -0.697172 0.00467307)
(0.532136 -0.498862 -0.113686)
(0.433883 -0.433883 -0.470647)
(0.254188 -0.200071 -1.46205)
(-0.254189 -0.200072 -1.46205)
(-0.433883 -0.433882 -0.470648)
(-0.532135 -0.498861 -0.113686)
(-0.356429 -0.697171 0.00467532)
(-0.0868176 -0.60465 -0.217265)
(0.248699 -1.47909 0.451339)
(0.775926 -1.50425 0.61127)
(0.79295 -0.792947 0.277236)
(0.498859 -0.532135 -0.113687)
(0.199533 -0.190938 -1.30405)
(-0.199536 -0.19094 -1.30404)
(-0.498861 -0.532135 -0.113686)
(-0.792949 -0.792948 0.277238)
(-0.77592 -1.50425 0.61127)
(-0.248694 -1.47908 0.45134)
(0.664817 -2.01547 2.19464)
(1.77564 -1.77563 1.94115)
(1.50425 -0.775913 0.611261)
(0.697164 -0.356426 0.00467069)
(0.138358 -0.0931144 -1.09814)
(-0.138365 -0.0931167 -1.09813)
(-0.697169 -0.356428 0.00467474)
(-1.50425 -0.775919 0.611269)
(-1.77563 -1.77563 1.94115)
(-0.664805 -2.01546 2.19462)
(0.758258 -0.758251 3.35144)
(2.01547 -0.664795 2.19461)
(1.47908 -0.248689 0.451325)
(0.604648 -0.086816 -0.217269)
(0.0993464 -0.0124774 -0.861614)
(-0.0993524 -0.0124771 -0.861599)
(-0.60465 -0.0868172 -0.217266)
(-1.47908 -0.248694 0.451339)
(-2.01546 -0.664805 2.19462)
(-0.758248 -0.758247 3.3514)
(0.560779 0.560779 2.14917)
(1.30588 0.378223 1.60596)
(1.01818 0.166286 0.562334)
(0.486975 0.0814516 -0.0477519)
(0.0934329 0.016224 -0.72259)
(-0.0934385 0.0162223 -0.722585)
(-0.486975 0.0814519 -0.0477502)
(-1.01818 0.166288 0.562341)
(-1.30588 0.378227 1.60597)
(-0.560768 0.560778 2.14915)
(0.378223 1.30588 1.60596)
(1.09277 1.09277 1.55524)
(1.02842 0.532236 0.702494)
(0.565479 0.326013 0.157606)
(0.129186 0.0780468 -0.956864)
(-0.129189 0.0780477 -0.95686)
(-0.56548 0.326014 0.157608)
(-1.02842 0.532239 0.702497)
(-1.09276 1.09278 1.55524)
(-0.378213 1.30588 1.60595)
(0.166286 1.01818 0.562334)
(0.532236 1.02842 0.702494)
(0.636832 0.636832 0.378281)
(0.437733 0.483874 -0.00105689)
(0.191801 0.162372 -1.15755)
(-0.191802 0.162373 -1.15755)
(-0.437733 0.483874 -0.00105556)
(-0.636831 0.636833 0.378281)
(-0.532233 1.02842 0.702493)
(-0.166284 1.01817 0.562331)
(0.0814515 0.486975 -0.0477517)
(0.326014 0.565479 0.157607)
(0.483874 0.437733 -0.00105697)
(0.398864 0.398864 -0.343397)
(0.245285 0.185028 -1.30226)
(-0.245285 0.185029 -1.30226)
(-0.398863 0.398864 -0.343397)
(-0.483874 0.437733 -0.00105605)
(-0.326013 0.565478 0.157607)
(-0.0814506 0.486973 -0.0477511)
(0.0162245 0.0934307 -0.722588)
(0.0780467 0.129184 -0.956863)
(0.162372 0.1918 -1.15755)
(0.185028 0.245284 -1.30226)
(0.182964 0.182964 -1.62792)
(-0.182964 0.182963 -1.62792)
(-0.185027 0.245284 -1.30226)
(-0.162372 0.1918 -1.15755)
(-0.0780469 0.129181 -0.956862)
(-0.0162249 0.093427 -0.722582)
(0.0162219 -0.0934379 -0.722582)
(0.078048 -0.129188 -0.956859)
(0.162373 -0.191802 -1.15755)
(0.185029 -0.245285 -1.30226)
(0.182964 -0.182965 -1.62792)
(-0.182964 -0.182965 -1.62792)
(-0.185027 -0.245285 -1.30226)
(-0.162374 -0.191802 -1.15755)
(-0.078048 -0.129184 -0.956858)
(-0.0162225 -0.0934335 -0.722576)
(0.0814519 -0.486974 -0.0477501)
(0.326014 -0.56548 0.157608)
(0.483875 -0.437733 -0.00105556)
(0.398864 -0.398863 -0.343397)
(0.245284 -0.185027 -1.30226)
(-0.245285 -0.185027 -1.30226)
(-0.398863 -0.398862 -0.343397)
(-0.483874 -0.437732 -0.00105455)
(-0.326013 -0.565478 0.15761)
(-0.081451 -0.486972 -0.0477489)
(0.166289 -1.01818 0.562341)
(0.532239 -1.02842 0.702497)
(0.636833 -0.636831 0.378281)
(0.437733 -0.483874 -0.0010562)
(0.1918 -0.162372 -1.15755)
(-0.191802 -0.162373 -1.15755)
(-0.437732 -0.483874 -0.00105477)
(-0.636832 -0.636831 0.378282)
(-0.532235 -1.02841 0.702496)
(-0.166286 -1.01817 0.56234)
(0.378227 -1.30587 1.60597)
(1.09278 -1.09276 1.55524)
(1.02842 -0.532232 0.702492)
(0.565477 -0.326012 0.157607)
(0.129183 -0.0780468 -0.956863)
(-0.129185 -0.0780476 -0.956859)
(-0.565478 -0.326013 0.157609)
(-1.02841 -0.532235 0.702496)
(-1.09276 -1.09276 1.55524)
(-0.378216 -1.30586 1.60596)
(0.560777 -0.560768 2.14915)
(1.30588 -0.378213 1.60595)
(1.01817 -0.166284 0.562331)
(0.486973 -0.0814506 -0.0477512)
(0.0934291 -0.0162245 -0.722583)
(-0.0934339 -0.0162231 -0.722579)
(-0.486973 -0.0814509 -0.0477489)
(-1.01817 -0.166285 0.56234)
(-1.30586 -0.378216 1.60596)
(-0.560762 -0.560762 2.14913)
(0.302392 0.302392 1.53536)
(0.712738 0.2017 1.2768)
(0.709672 0.132618 0.558259)
(0.385057 0.0726475 0.0414475)
(0.0823494 0.0179275 -0.616394)
(-0.0823526 0.0179267 -0.616389)
(-0.385058 0.0726474 0.0414495)
(-0.709673 0.132619 0.558263)
(-0.712732 0.201701 1.2768)
(-0.302386 0.302392 1.53536)
(0.2017 0.712738 1.2768)
(0.638095 0.638095 1.24701)
(0.731602 0.400954 0.680888)
(0.454232 0.290704 0.236086)
(0.115806 0.0618501 -0.839433)
(-0.115806 0.0618508 -0.839431)
(-0.45423 0.290704 0.236088)
(-0.731601 0.400955 0.68089)
(-0.638089 0.638096 1.24701)
(-0.201696 0.712736 1.27679)
(0.132618 0.709672 0.558259)
(0.400954 0.731602 0.680888)
(0.517237 0.517236 0.419837)
(0.379176 0.430638 0.0803039)
(0.18424 0.13733 -1.03264)
(-0.18424 0.137331 -1.03264)
(-0.379175 0.430638 0.0803051)
(-0.517236 0.517237 0.419837)
(-0.400951 0.731601 0.680888)
(-0.132617 0.70967 0.558257)
(0.0726475 0.385057 0.0414479)
(0.290705 0.454232 0.236086)
(0.430638 0.379176 0.0803037)
(0.362345 0.362345 -0.237995)
(0.236098 0.168114 -1.15716)
(-0.236098 0.168115 -1.15716)
(-0.362345 0.362346 -0.237995)
(-0.430638 0.379176 0.080304)
(-0.290704 0.45423 0.236088)
(-0.0726466 0.385056 0.0414494)
(0.0179274 0.0823489 -0.616396)
(0.0618501 0.115805 -0.839433)
(0.13733 0.184239 -1.03264)
(0.168115 0.236098 -1.15716)
(0.171383 0.171383 -1.45095)
(-0.171383 0.171383 -1.45095)
(-0.168114 0.236098 -1.15716)
(-0.13733 0.18424 -1.03264)
(-0.0618504 0.115804 -0.839432)
(-0.0179269 0.0823492 -0.616397)
(0.017926 -0.0823529 -0.616388)
(0.061851 -0.115805 -0.83943)
(0.137331 -0.18424 -1.03264)
(0.168114 -0.236098 -1.15716)
(0.171383 -0.171384 -1.45095)
(-0.171383 -0.171383 -1.45095)
(-0.168114 -0.236098 -1.15716)
(-0.13733 -0.18424 -1.03264)
(-0.0618511 -0.115804 -0.83943)
(-0.0179256 -0.0823526 -0.61639)
(0.0726472 -0.385057 0.0414501)
(0.290704 -0.454229 0.236088)
(0.430639 -0.379174 0.080305)
(0.362346 -0.362345 -0.237995)
(0.236098 -0.168114 -1.15716)
(-0.236098 -0.168114 -1.15716)
(-0.362345 -0.362345 -0.237995)
(-0.430639 -0.379173 0.0803053)
(-0.290703 -0.454227 0.23609)
(-0.0726464 -0.385055 0.0414518)
(0.132619 -0.709672 0.558264)
(0.400955 -0.7316 0.68089)
(0.517237 -0.517235 0.419837)
(0.379176 -0.430638 0.0803042)
(0.18424 -0.13733 -1.03264)
(-0.18424 -0.13733 -1.03264)
(-0.379174 -0.430638 0.0803053)
(-0.517236 -0.517235 0.419838)
(-0.400952 -0.731598 0.680889)
(-0.132617 -0.709668 0.558262)
(0.201701 -0.712731 1.2768)
(0.638097 -0.638089 1.24701)
(0.731601 -0.400951 0.680887)
(0.45423 -0.290703 0.236087)
(0.115805 -0.0618502 -0.839432)
(-0.115805 -0.0618508 -0.83943)
(-0.454228 -0.290703 0.236089)
(-0.731598 -0.400952 0.680889)
(-0.638088 -0.638088 1.24701)
(-0.201696 -0.712724 1.27679)
(0.302392 -0.302386 1.53536)
(0.712736 -0.201696 1.27679)
(0.70967 -0.132617 0.558257)
(0.385056 -0.0726466 0.0414491)
(0.0823497 -0.017927 -0.616396)
(-0.0823523 -0.0179262 -0.616391)
(-0.385056 -0.0726465 0.0414512)
(-0.709668 -0.132617 0.558261)
(-0.712725 -0.201696 1.27679)
(-0.302382 -0.302382 1.53535)
(0.176652 0.176652 1.154)
(0.467486 0.145507 1.00679)
(0.520586 0.111667 0.507088)
(0.305192 0.0627433 0.0878876)
(0.0740751 0.0217046 -0.528854)
(-0.0740774 0.0217056 -0.528851)
(-0.305193 0.0627433 0.0878894)
(-0.520587 0.111668 0.50709)
(-0.467483 0.145508 1.00679)
(-0.17665 0.176653 1.154)
(0.145507 0.467486 1.00679)
(0.44781 0.44781 0.990157)
(0.548377 0.317823 0.628022)
(0.367049 0.255009 0.274326)
(0.108868 0.0497447 -0.742971)
(-0.108868 0.0497459 -0.742971)
(-0.367047 0.255009 0.274328)
(-0.548377 0.317824 0.628023)
(-0.447807 0.447811 0.990158)
(-0.145505 0.467486 1.00679)
(0.111668 0.520586 0.507088)
(0.317823 0.548377 0.628022)
(0.425294 0.425294 0.436161)
(0.328337 0.379828 0.1378)
(0.180079 0.118328 -0.92272)
(-0.180079 0.118328 -0.92272)
(-0.328335 0.379829 0.137801)
(-0.425293 0.425295 0.436161)
(-0.317821 0.548377 0.628022)
(-0.111667 0.520585 0.507087)
(0.0627433 0.305192 0.0878878)
(0.255009 0.367049 0.274327)
(0.379828 0.328337 0.1378)
(0.32748 0.327479 -0.154349)
(0.227766 0.149983 -1.02538)
(-0.227766 0.149983 -1.02538)
(-0.327479 0.32748 -0.154349)
(-0.379828 0.328337 0.1378)
(-0.255009 0.367047 0.274327)
(-0.0627431 0.305192 0.0878886)
(0.0217044 0.0740748 -0.528853)
(0.0497447 0.108868 -0.742971)
(0.118328 0.180079 -0.92272)
(0.149983 0.227766 -1.02538)
(0.156528 0.156527 -1.28783)
(-0.156528 0.156527 -1.28783)
(-0.149982 0.227766 -1.02538)
(-0.118328 0.180079 -0.92272)
(-0.0497452 0.108869 -0.742971)
(-0.0217052 0.0740754 -0.528852)
(0.021706 -0.0740777 -0.52885)
(0.0497464 -0.108868 -0.742971)
(0.118328 -0.180079 -0.922719)
(0.149983 -0.227766 -1.02538)
(0.156527 -0.156528 -1.28783)
(-0.156527 -0.156528 -1.28783)
(-0.149982 -0.227766 -1.02538)
(-0.118327 -0.18008 -0.922719)
(-0.0497467 -0.108869 -0.742971)
(-0.0217066 -0.0740776 -0.528848)
(0.0627433 -0.305193 0.0878898)
(0.255009 -0.367046 0.274329)
(0.379829 -0.328335 0.137801)
(0.32748 -0.327479 -0.154349)
(0.227766 -0.149982 -1.02538)
(-0.227766 -0.149982 -1.02538)
(-0.327479 -0.327479 -0.154349)
(-0.379828 -0.328335 0.137801)
(-0.255009 -0.367044 0.274329)
(-0.062743 -0.305191 0.0878905)
(0.111668 -0.520586 0.507091)
(0.317824 -0.548376 0.628023)
(0.425295 -0.425293 0.436161)
(0.328336 -0.379828 0.1378)
(0.180079 -0.118328 -0.92272)
(-0.18008 -0.118327 -0.922719)
(-0.328335 -0.379828 0.137801)
(-0.425294 -0.425293 0.436162)
(-0.317822 -0.548375 0.628023)
(-0.111667 -0.520584 0.507089)
(0.145508 -0.467483 1.00679)
(0.447811 -0.447806 0.990158)
(0.548377 -0.317821 0.628022)
(0.367047 -0.255009 0.274327)
(0.108869 -0.0497452 -0.742971)
(-0.108869 -0.0497461 -0.742971)
(-0.367045 -0.255009 0.274329)
(-0.548375 -0.317821 0.628023)
(-0.447807 -0.447806 0.990156)
(-0.145506 -0.46748 1.00679)
(0.176653 -0.17665 1.154)
(0.467486 -0.145505 1.00679)
(0.520585 -0.111666 0.507086)
(0.305192 -0.062743 0.0878884)
(0.0740756 -0.0217053 -0.528852)
(-0.0740774 -0.0217062 -0.528849)
(-0.305192 -0.0627431 0.0878902)
(-0.520584 -0.111667 0.507089)
(-0.467481 -0.145506 1.00679)
(-0.176649 -0.176649 1.15399)
(0.127666 0.127666 0.881871)
(0.339797 0.116454 0.799692)
(0.385561 0.093937 0.452131)
(0.245534 0.0527384 0.107851)
(0.0680373 0.025291 -0.461659)
(-0.0680388 0.0252919 -0.461656)
(-0.245535 0.0527385 0.107852)
(-0.385561 0.0939374 0.452133)
(-0.339795 0.116454 0.799694)
(-0.127664 0.127666 0.881869)
(0.116454 0.339796 0.799692)
(0.335204 0.335204 0.800816)
(0.419799 0.254697 0.573746)
(0.303715 0.222031 0.286912)
(0.10463 0.0417585 -0.65987)
(-0.104631 0.0417593 -0.659868)
(-0.303714 0.222031 0.286913)
(-0.419798 0.254698 0.573747)
(-0.335202 0.335204 0.800816)
(-0.116453 0.339796 0.79969)
(0.0939371 0.385561 0.452131)
(0.254698 0.419799 0.573746)
(0.353144 0.353144 0.436217)
(0.287198 0.333955 0.174689)
(0.176944 0.104232 -0.822297)
(-0.176944 0.104232 -0.822297)
(-0.287197 0.333955 0.17469)
(-0.353144 0.353145 0.436218)
(-0.254697 0.419799 0.573746)
(-0.0939365 0.38556 0.45213)
(0.0527384 0.245534 0.107851)
(0.222031 0.303715 0.286912)
(0.333955 0.287198 0.174689)
(0.296767 0.296767 -0.090429)
(0.220517 0.132902 -0.901656)
(-0.220517 0.132902 -0.901656)
(-0.296767 0.296767 -0.0904289)
(-0.333955 0.287198 0.174689)
(-0.222031 0.303714 0.286912)
(-0.0527384 0.245534 0.107851)
(0.0252909 0.0680371 -0.461659)
(0.0417585 0.10463 -0.659869)
(0.104232 0.176944 -0.822297)
(0.132902 0.220517 -0.901656)
(0.143469 0.143469 -1.14102)
(-0.14347 0.143469 -1.14102)
(-0.132902 0.220517 -0.901656)
(-0.104232 0.176944 -0.822297)
(-0.0417589 0.104631 -0.659869)
(-0.0252917 0.0680372 -0.461658)
(0.0252923 -0.0680389 -0.461656)
(0.0417596 -0.104631 -0.659868)
(0.104232 -0.176944 -0.822297)
(0.132902 -0.220517 -0.901656)
(0.143469 -0.14347 -1.14102)
(-0.14347 -0.14347 -1.14102)
(-0.132902 -0.220517 -0.901656)
(-0.104232 -0.176944 -0.822297)
(-0.0417598 -0.104632 -0.659867)
(-0.0252929 -0.0680385 -0.461656)
(0.0527386 -0.245535 0.107853)
(0.222031 -0.303714 0.286913)
(0.333955 -0.287197 0.17469)
(0.296767 -0.296767 -0.0904289)
(0.220517 -0.132902 -0.901656)
(-0.220517 -0.132902 -0.901656)
(-0.296767 -0.296767 -0.0904291)
(-0.333955 -0.287197 0.17469)
(-0.222031 -0.303713 0.286913)
(-0.0527386 -0.245533 0.107853)
(0.0939375 -0.385561 0.452133)
(0.254698 -0.419798 0.573747)
(0.353145 -0.353144 0.436218)
(0.287198 -0.333955 0.174689)
(0.176944 -0.104232 -0.822297)
(-0.176944 -0.104232 -0.822297)
(-0.287197 -0.333955 0.17469)
(-0.353144 -0.353144 0.436218)
(-0.254697 -0.419797 0.573746)
(-0.0939368 -0.385559 0.452132)
(0.116455 -0.339795 0.799694)
(0.335204 -0.335202 0.800816)
(0.419799 -0.254696 0.573746)
(0.303714 -0.222031 0.286912)
(0.104631 -0.0417588 -0.659869)
(-0.104632 -0.0417594 -0.659868)
(-0.303714 -0.222031 0.286913)
(-0.419797 -0.254696 0.573746)
(-0.335201 -0.335201 0.800815)
(-0.116453 -0.339793 0.79969)
(0.127666 -0.127664 0.881869)
(0.339796 -0.116453 0.79969)
(0.38556 -0.0939365 0.45213)
(0.245534 -0.0527384 0.107851)
(0.0680374 -0.0252918 -0.461658)
(-0.0680384 -0.0252925 -0.461656)
(-0.245533 -0.0527385 0.107853)
(-0.385559 -0.0939368 0.452132)
(-0.339793 -0.116453 0.79969)
(-0.127664 -0.127664 0.881865)
(0.0967222 0.0967222 0.684633)
(0.24766 0.0928563 0.644301)
(0.28857 0.0788589 0.397656)
(0.201163 0.0427771 0.111017)
(0.0615823 0.0219296 -0.404326)
(-0.0615835 0.0219297 -0.404325)
(-0.201163 0.0427772 0.111018)
(-0.28857 0.0788591 0.397657)
(-0.247658 0.0928566 0.644302)
(-0.0967213 0.0967223 0.684632)
(0.0928563 0.247659 0.644301)
(0.253701 0.253701 0.657921)
(0.327282 0.206644 0.519186)
(0.257344 0.19254 0.28286)
(0.0957173 0.0362422 -0.586576)
(-0.0957182 0.0362427 -0.586575)
(-0.257344 0.19254 0.282861)
(-0.327282 0.206644 0.519187)
(-0.2537 0.253701 0.657921)
(-0.0928556 0.247659 0.644299)
(0.0788589 0.28857 0.397656)
(0.206644 0.327282 0.519186)
(0.296521 0.296521 0.424046)
(0.254445 0.293475 0.195316)
(0.173586 0.0930871 -0.729653)
(-0.173586 0.0930875 -0.729653)
(-0.254445 0.293476 0.195316)
(-0.296521 0.296522 0.424047)
(-0.206643 0.327282 0.519187)
(-0.0788586 0.288569 0.397655)
(0.0427771 0.201163 0.111017)
(0.19254 0.257344 0.28286)
(0.293475 0.254445 0.195316)
(0.270059 0.270059 -0.0465923)
(0.212479 0.117741 -0.789233)
(-0.212479 0.117742 -0.789233)
(-0.270059 0.270059 -0.0465922)
(-0.293475 0.254446 0.195316)
(-0.19254 0.257344 0.28286)
(-0.0427771 0.201162 0.111017)
(0.0219296 0.0615822 -0.404326)
(0.0362422 0.0957171 -0.586576)
(0.0930872 0.173586 -0.729653)
(0.117742 0.212479 -0.789232)
(0.134408 0.134408 -1.00834)
(-0.134409 0.134408 -1.00834)
(-0.117742 0.212479 -0.789232)
(-0.0930876 0.173586 -0.729653)
(-0.0362423 0.095717 -0.586575)
(-0.0219292 0.0615823 -0.404326)
(0.0219297 -0.0615836 -0.404324)
(0.0362429 -0.0957183 -0.586575)
(0.0930876 -0.173586 -0.729653)
(0.117742 -0.212479 -0.789233)
(0.134408 -0.134409 -1.00834)
(-0.134409 -0.134409 -1.00834)
(-0.117742 -0.212479 -0.789233)
(-0.0930879 -0.173586 -0.729653)
(-0.0362428 -0.0957177 -0.586574)
(-0.0219293 -0.0615832 -0.404324)
(0.0427773 -0.201163 0.111019)
(0.19254 -0.257344 0.282861)
(0.293476 -0.254445 0.195316)
(0.270059 -0.270059 -0.0465921)
(0.212479 -0.117742 -0.789232)
(-0.212479 -0.117742 -0.789233)
(-0.270059 -0.270059 -0.0465922)
(-0.293475 -0.254445 0.195317)
(-0.19254 -0.257343 0.282861)
(-0.0427772 -0.201162 0.111019)
(0.0788592 -0.28857 0.397657)
(0.206644 -0.327282 0.519187)
(0.296522 -0.296521 0.424047)
(0.254446 -0.293475 0.195316)
(0.173586 -0.0930875 -0.729653)
(-0.173586 -0.0930878 -0.729653)
(-0.254445 -0.293475 0.195317)
(-0.296521 -0.296521 0.424047)
(-0.206643 -0.327281 0.519187)
(-0.0788588 -0.288568 0.397656)
(0.0928566 -0.247658 0.644302)
(0.253701 -0.2537 0.657921)
(0.327282 -0.206643 0.519186)
(0.257344 -0.19254 0.28286)
(0.0957173 -0.0362422 -0.586575)
(-0.0957177 -0.0362427 -0.586574)
(-0.257344 -0.19254 0.282861)
(-0.327281 -0.206643 0.519187)
(-0.253699 -0.253699 0.65792)
(-0.0928558 -0.247657 0.644299)
(0.0967224 -0.0967213 0.684632)
(0.247659 -0.0928556 0.644299)
(0.288569 -0.0788586 0.397655)
(0.201162 -0.0427771 0.111017)
(0.0615825 -0.0219293 -0.404325)
(-0.0615831 -0.0219294 -0.404325)
(-0.201162 -0.0427772 0.111018)
(-0.288569 -0.0788588 0.397656)
(-0.247657 -0.0928557 0.644299)
(-0.0967211 -0.0967211 0.684629)
(0.074211 0.0742109 0.539138)
(0.182714 0.0750379 0.524467)
(0.220322 0.0659388 0.344986)
(0.167694 0.0337031 0.10476)
(0.0564011 0.0115399 -0.356196)
(-0.0564019 0.0115398 -0.356195)
(-0.167694 0.0337032 0.104761)
(-0.220322 0.065939 0.344987)
(-0.182713 0.075038 0.524467)
(-0.0742105 0.0742111 0.539138)
(0.0750379 0.182713 0.524467)
(0.196122 0.196122 0.546669)
(0.260459 0.170412 0.465642)
(0.220217 0.166877 0.270124)
(0.0842638 0.0325868 -0.524713)
(-0.0842644 0.0325872 -0.524713)
(-0.220217 0.166878 0.270125)
(-0.260458 0.170413 0.465643)
(-0.196121 0.196122 0.546669)
(-0.0750375 0.182713 0.524466)
(0.0659388 0.220322 0.344986)
(0.170412 0.260459 0.465643)
(0.252084 0.252084 0.403253)
(0.228525 0.257545 0.20327)
(0.169264 0.0804986 -0.644025)
(-0.169265 0.0804989 -0.644025)
(-0.228525 0.257545 0.20327)
(-0.252083 0.252084 0.403253)
(-0.170412 0.260459 0.465643)
(-0.0659386 0.220322 0.344986)
(0.0337031 0.167694 0.10476)
(0.166877 0.220217 0.270124)
(0.257545 0.228525 0.20327)
(0.246585 0.246585 -0.0167111)
(0.200837 0.10472 -0.684921)
(-0.200837 0.10472 -0.684921)
(-0.246585 0.246585 -0.016711)
(-0.257545 0.228526 0.20327)
(-0.166877 0.220217 0.270125)
(-0.0337031 0.167694 0.10476)
(0.0115399 0.056401 -0.356196)
(0.0325869 0.0842636 -0.524713)
(0.0804987 0.169264 -0.644025)
(0.10472 0.200837 -0.684921)
(0.127425 0.127425 -0.88643)
(-0.127425 0.127425 -0.88643)
(-0.10472 0.200837 -0.684921)
(-0.0804989 0.169264 -0.644024)
(-0.0325868 0.0842634 -0.524713)
(-0.0115393 0.0564013 -0.356195)
(0.0115397 -0.056402 -0.356195)
(0.0325872 -0.0842645 -0.524712)
(0.080499 -0.169265 -0.644025)
(0.10472 -0.200837 -0.684921)
(0.127425 -0.127425 -0.88643)
(-0.127425 -0.127425 -0.88643)
(-0.10472 -0.200837 -0.684921)
(-0.0804991 -0.169265 -0.644024)
(-0.0325871 -0.0842638 -0.524712)
(-0.0115391 -0.0564018 -0.356195)
(0.0337033 -0.167694 0.104761)
(0.166878 -0.220217 0.270125)
(0.257545 -0.228525 0.20327)
(0.246585 -0.246585 -0.016711)
(0.200837 -0.10472 -0.684921)
(-0.200837 -0.10472 -0.684921)
(-0.246585 -0.246585 -0.0167111)
(-0.257545 -0.228525 0.20327)
(-0.166878 -0.220216 0.270125)
(-0.0337032 -0.167693 0.104761)
(0.065939 -0.220322 0.344987)
(0.170413 -0.260458 0.465643)
(0.252084 -0.252083 0.403253)
(0.228526 -0.257545 0.20327)
(0.169265 -0.0804988 -0.644024)
(-0.169265 -0.080499 -0.644024)
(-0.228525 -0.257545 0.20327)
(-0.252083 -0.252083 0.403253)
(-0.170412 -0.260458 0.465643)
(-0.0659387 -0.220321 0.344986)
(0.0750381 -0.182713 0.524467)
(0.196122 -0.196121 0.546669)
(0.260459 -0.170412 0.465643)
(0.220217 -0.166877 0.270125)
(0.0842636 -0.0325868 -0.524713)
(-0.0842638 -0.032587 -0.524712)
(-0.220217 -0.166877 0.270125)
(-0.260458 -0.170412 0.465643)
(-0.196121 -0.196121 0.546668)
(-0.0750375 -0.182712 0.524466)
(0.0742111 -0.0742105 0.539138)
(0.182713 -0.0750375 0.524466)
(0.220322 -0.0659386 0.344986)
(0.167694 -0.0337031 0.10476)
(0.0564013 -0.0115393 -0.356195)
(-0.0564017 -0.0115392 -0.356195)
(-0.167693 -0.0337032 0.104761)
(-0.220321 -0.0659387 0.344986)
(-0.182712 -0.0750375 0.524466)
(-0.0742104 -0.0742104 0.539136)
)
;

boundaryField
{
    bottom
    {
        type            noSlip;
    }
    atmosphere
    {
        type            pressureInletOutletVelocity;
        value           nonuniform List<vector> 0();
    }
    walls
    {
        type            noSlip;
    }
    procBoundary0to1
    {
        type            processor;
        value           nonuniform List<vector> 
100
(
(0.0580328 0.0580328 0.429112)
(0.138614 0.0617511 0.430428)
(0.172223 0.0549547 0.29589)
(0.142827 0.0265142 0.0932771)
(0.0536126 0.00277557 -0.312211)
(-0.0536133 0.00277555 -0.31221)
(-0.142827 0.0265143 0.0932778)
(-0.172223 0.0549548 0.295891)
(-0.138613 0.0617512 0.430429)
(-0.0580325 0.0580329 0.429112)
(0.0617512 0.138613 0.430428)
(0.155355 0.155355 0.458625)
(0.211846 0.142391 0.415045)
(0.189713 0.144788 0.253455)
(0.0780958 0.028198 -0.47312)
(-0.0780962 0.0281981 -0.47312)
(-0.189714 0.144788 0.253456)
(-0.211846 0.142391 0.415045)
(-0.155355 0.155355 0.458625)
(-0.0617509 0.138613 0.430428)
(0.0549547 0.172223 0.29589)
(0.142391 0.211846 0.415045)
(0.216865 0.216865 0.377014)
(0.20741 0.224723 0.201656)
(0.161478 0.065781 -0.562057)
(-0.161479 0.0657812 -0.562057)
(-0.20741 0.224723 0.201656)
(-0.216865 0.216865 0.377015)
(-0.142391 0.211846 0.415045)
(-0.0549546 0.172223 0.29589)
(0.0265142 0.142827 0.0932772)
(0.144788 0.189713 0.253455)
(0.224723 0.20741 0.201656)
(0.226114 0.226114 0.0038473)
(0.185456 0.0956541 -0.591348)
(-0.185456 0.0956542 -0.591348)
(-0.226114 0.226114 0.00384738)
(-0.224723 0.20741 0.201657)
(-0.144788 0.189713 0.253455)
(-0.0265142 0.142827 0.0932772)
(0.0027756 0.0536125 -0.312211)
(0.028198 0.0780957 -0.47312)
(0.0657811 0.161478 -0.562057)
(0.0956542 0.185456 -0.591347)
(0.120301 0.120301 -0.773458)
(-0.120302 0.120301 -0.773458)
(-0.0956543 0.185456 -0.591347)
(-0.0657811 0.161478 -0.562056)
(-0.0281979 0.0780957 -0.47312)
(-0.00277545 0.0536127 -0.31221)
(0.00277558 -0.0536133 -0.31221)
(0.0281981 -0.0780962 -0.47312)
(0.0657812 -0.161479 -0.562056)
(0.0956542 -0.185456 -0.591348)
(0.120302 -0.120302 -0.773458)
(-0.120302 -0.120302 -0.773458)
(-0.0956542 -0.185456 -0.591347)
(-0.0657811 -0.161479 -0.562056)
(-0.028198 -0.0780959 -0.47312)
(-0.00277543 -0.053613 -0.31221)
(0.0265143 -0.142827 0.0932779)
(0.144788 -0.189713 0.253456)
(0.224723 -0.20741 0.201656)
(0.226114 -0.226114 0.00384736)
(0.185456 -0.0956543 -0.591347)
(-0.185456 -0.0956543 -0.591347)
(-0.226114 -0.226114 0.00384731)
(-0.224723 -0.20741 0.201657)
(-0.144788 -0.189713 0.253456)
(-0.0265142 -0.142827 0.0932777)
(0.0549548 -0.172223 0.295891)
(0.142391 -0.211846 0.415045)
(0.216865 -0.216865 0.377015)
(0.20741 -0.224723 0.201657)
(0.161479 -0.0657811 -0.562056)
(-0.161479 -0.0657811 -0.562056)
(-0.20741 -0.224723 0.201657)
(-0.216865 -0.216865 0.377015)
(-0.142391 -0.211845 0.415045)
(-0.0549546 -0.172223 0.295891)
(0.0617513 -0.138613 0.430429)
(0.155355 -0.155355 0.458625)
(0.211846 -0.14239 0.415045)
(0.189713 -0.144788 0.253455)
(0.0780958 -0.0281979 -0.47312)
(-0.0780959 -0.028198 -0.47312)
(-0.189713 -0.144788 0.253456)
(-0.211845 -0.14239 0.415045)
(-0.155355 -0.155355 0.458625)
(-0.0617509 -0.138613 0.430428)
(0.0580329 -0.0580325 0.429112)
(0.138613 -0.0617509 0.430428)
(0.172223 -0.0549546 0.29589)
(0.142827 -0.0265142 0.0932772)
(0.0536127 -0.00277548 -0.31221)
(-0.053613 -0.00277545 -0.31221)
(-0.142827 -0.0265142 0.0932776)
(-0.172223 -0.0549546 0.295891)
(-0.138613 -0.0617509 0.430428)
(-0.0580325 -0.0580325 0.429111)
)
;
    }
    procBoundary0to2
    {
        type            processor;
        value           nonuniform List<vector> 
100
(
(0.469484 0.469484 7.80327)
(-0.088152 0.164592 4.60822)
(0.812156 0.328642 0.959099)
(0.44465 0.141204 -1.20201)
(-0.0697878 0.0107244 -1.49475)
(0.0694725 0.010772 -1.49435)
(-0.444632 0.141192 -1.20204)
(-0.812155 0.328636 0.959102)
(0.0881541 0.164586 4.60823)
(-0.469485 0.469487 7.80326)
(0.164591 -0.0881517 4.60822)
(-1.03236 -1.03236 3.9245)
(0.71725 0.20414 0.785015)
(0.624584 0.351338 -0.960205)
(0.055363 0.09274 -1.82133)
(-0.0553736 0.0927694 -1.82132)
(-0.624578 0.351325 -0.960198)
(-0.717239 0.204132 0.785028)
(1.03235 -1.03237 3.9245)
(-0.16459 -0.0881473 4.60821)
(0.328644 0.812156 0.959099)
(0.204137 0.717246 0.785018)
(0.541434 0.541435 -0.191085)
(0.485972 0.465323 -0.772835)
(0.163738 0.19915 -1.9342)
(-0.163746 0.199158 -1.93421)
(-0.485974 0.465323 -0.772831)
(-0.541436 0.541444 -0.191092)
(-0.204128 0.717236 0.785014)
(-0.328646 0.812166 0.95908)
(0.141206 0.444654 -1.20201)
(0.351341 0.624591 -0.960208)
(0.465323 0.48597 -0.772837)
(0.432005 0.432003 -1.08138)
(0.234711 0.195776 -2.18334)
(-0.234715 0.195777 -2.18334)
(-0.432009 0.432 -1.08138)
(-0.465321 0.485966 -0.772839)
(-0.351339 0.624596 -0.960214)
(-0.141203 0.444648 -1.20203)
(0.0107159 -0.0698504 -1.49483)
(0.0927343 0.0553628 -1.82132)
(0.199151 0.163735 -1.9342)
(0.19578 0.234709 -2.18334)
(0.189506 0.189505 -2.6218)
(-0.189508 0.189506 -2.62181)
(-0.195788 0.234707 -2.18334)
(-0.199159 0.163731 -1.93418)
(-0.0927431 0.0553634 -1.82131)
(-0.0107323 -0.0697896 -1.49473)
(0.0107901 0.0693597 -1.49421)
(0.09278 -0.0553778 -1.82132)
(0.199163 -0.163746 -1.9342)
(0.195782 -0.234714 -2.18334)
(0.189508 -0.189507 -2.62181)
(-0.18951 -0.189508 -2.62181)
(-0.195791 -0.234712 -2.18334)
(-0.19917 -0.163742 -1.93419)
(-0.0927848 -0.0553792 -1.82131)
(-0.0107992 0.0693413 -1.49417)
(0.141189 -0.444627 -1.20205)
(0.351321 -0.62458 -0.960197)
(0.465322 -0.485972 -0.772831)
(0.432001 -0.432007 -1.08137)
(0.23471 -0.195785 -2.18334)
(-0.234714 -0.195787 -2.18334)
(-0.432006 -0.432005 -1.08137)
(-0.465322 -0.485969 -0.772834)
(-0.351321 -0.624591 -0.960203)
(-0.141188 -0.444626 -1.20207)
(0.328635 -0.81216 0.959099)
(0.204125 -0.71723 0.785031)
(0.541448 -0.541435 -0.191095)
(0.485967 -0.46532 -0.772837)
(0.163735 -0.199158 -1.93419)
(-0.163742 -0.199165 -1.9342)
(-0.48597 -0.465322 -0.772834)
(-0.541453 -0.541449 -0.191102)
(-0.204121 -0.717229 0.785029)
(-0.328638 -0.812173 0.959081)
(0.164584 0.0881539 4.60823)
(-1.03237 1.03235 3.9245)
(0.717242 -0.204132 0.785009)
(0.624588 -0.351336 -0.960211)
(0.0553635 -0.0927487 -1.82132)
(-0.0553748 -0.0927746 -1.82131)
(-0.624588 -0.351325 -0.960203)
(-0.71724 -0.204129 0.785024)
(1.03236 1.03236 3.9245)
(-0.164584 0.0881455 4.60822)
(0.469488 -0.469486 7.80326)
(-0.0881474 -0.16459 4.60821)
(0.812166 -0.328644 0.959079)
(0.444646 -0.141202 -1.20203)
(-0.0697286 -0.0107402 -1.49466)
(0.0694512 -0.0107814 -1.4943)
(-0.444633 -0.141192 -1.20205)
(-0.812169 -0.328638 0.959084)
(0.0881455 -0.164584 4.60822)
(-0.469491 -0.469491 7.80325)
)
;
    }
}


// ************************************************************************* //
