/*--------------------------------*- C++ -*----------------------------------*\
| =========                 |                                                 |
| \\      /  F ield         | OpenFOAM: The Open Source CFD Toolbox           |
|  \\    /   O peration     | Version:  2412                                  |
|   \\  /    A nd           | Website:  www.openfoam.com                      |
|    \\/     M anipulation  |                                                 |
\*---------------------------------------------------------------------------*/
FoamFile
{
    version     2.0;
    format      ascii;
    arch        "LSB;label=32;scalar=64";
    class       volVectorField;
    location    "0.8";
    object      U;
}
// * * * * * * * * * * * * * * * * * * * * * * * * * * * * * * * * * * * * * //

dimensions      [0 1 -1 0 0 0 0];

internalField   nonuniform List<vector> 
1000
(
(-0.87248 -0.872479 0.562694)
(0.714324 -0.648583 0.625938)
(0.180295 -0.134522 0.884702)
(0.317894 0.32886 -0.101308)
(-0.326796 0.156302 -0.769681)
(0.326858 0.156315 -0.769663)
(-0.31786 0.328752 -0.101271)
(-0.180327 -0.134522 0.88468)
(-0.714302 -0.648587 0.625946)
(0.872479 -0.872481 0.56269)
(-0.648579 0.714321 0.625938)
(-0.375561 -0.375565 0.813754)
(-0.701386 0.176798 0.365484)
(-0.0578803 0.128491 -0.541003)
(-0.214133 -0.191168 -0.797391)
(0.214121 -0.191167 -0.797387)
(0.0578974 0.128357 -0.541009)
(0.701361 0.176753 0.365517)
(0.375558 -0.375567 0.813763)
(0.648581 0.714305 0.625943)
(-0.134526 0.180285 0.884708)
(0.176802 -0.701395 0.365489)
(-0.352075 -0.352081 1.70191)
(0.438445 -0.235622 0.673421)
(-0.0766774 -0.0555978 -0.537064)
(0.076659 -0.0556007 -0.537002)
(-0.438438 -0.235673 0.673474)
(0.35207 -0.352079 1.70193)
(-0.176805 -0.701394 0.365485)
(0.134552 0.180303 0.884703)
(0.328877 0.317904 -0.101306)
(0.128515 -0.0578736 -0.540998)
(-0.235621 0.438441 0.673428)
(0.0936108 0.0936016 -0.21133)
(-0.0772861 0.151613 -0.794321)
(0.0772948 0.151616 -0.794332)
(-0.0936 0.0935932 -0.211272)
(0.235667 0.438448 0.673459)
(-0.128479 -0.0578854 -0.541007)
(-0.328835 0.31789 -0.101292)
(0.156305 -0.326784 -0.769685)
(-0.191166 -0.214135 -0.79739)
(-0.0555896 -0.0766779 -0.537068)
(0.151618 -0.0772844 -0.794323)
(-0.0900158 -0.0900165 -0.900642)
(0.0900198 -0.0900231 -0.900642)
(-0.151623 -0.0772814 -0.794339)
(0.0555875 -0.0766763 -0.537049)
(0.191171 -0.214133 -0.797397)
(-0.156318 -0.326813 -0.7697)
(0.156325 0.326871 -0.769658)
(-0.191164 0.214121 -0.797385)
(-0.0555961 0.0766532 -0.536982)
(0.15162 0.0772955 -0.794335)
(-0.090025 0.090021 -0.900642)
(0.0900287 0.0900272 -0.900644)
(-0.151623 0.0772955 -0.794346)
(0.0555914 0.0766602 -0.536982)
(0.191167 0.214121 -0.797393)
(-0.156334 0.326886 -0.769679)
(0.328724 -0.317858 -0.101258)
(0.128326 0.0579053 -0.541013)
(-0.235686 -0.438426 0.673495)
(0.0935971 -0.0935869 -0.211251)
(-0.077283 -0.151622 -0.794343)
(0.0772942 -0.151624 -0.794349)
(-0.0935837 -0.0935745 -0.21123)
(0.23571 -0.438431 0.673506)
(-0.128335 0.0579072 -0.54102)
(-0.328709 -0.317857 -0.10124)
(-0.134525 -0.180338 0.884671)
(0.176728 0.701358 0.365529)
(-0.352078 0.352065 1.70194)
(0.438459 0.235678 0.673483)
(-0.0766785 0.0555924 -0.537037)
(0.076669 0.0555948 -0.536996)
(-0.438451 0.235705 0.67351)
(0.352079 0.352072 1.70199)
(-0.176744 0.701364 0.365529)
(0.134546 -0.180347 0.884669)
(-0.648588 -0.714293 0.625949)
(-0.375573 0.375551 0.813764)
(-0.701388 -0.176821 0.365477)
(-0.0578896 -0.128465 -0.541012)
(-0.214131 0.191174 -0.797399)
(0.214125 0.191172 -0.797397)
(0.0579045 -0.128364 -0.541019)
(0.701368 -0.176787 0.365508)
(0.375572 0.375555 0.813773)
(0.64859 -0.714285 0.625951)
(-0.872482 0.872478 0.562689)
(0.714304 0.648584 0.625944)
(0.180313 0.134557 0.884701)
(0.317877 -0.328821 -0.101285)
(-0.326825 -0.156316 -0.769698)
(0.326878 -0.156328 -0.769684)
(-0.31785 -0.328733 -0.10125)
(-0.180337 0.134553 0.884682)
(-0.714292 0.648589 0.625949)
(0.872481 0.872481 0.562686)
(-0.878338 -0.878338 0.582206)
(0.774431 -0.669328 0.633051)
(0.197223 -0.127939 0.971178)
(0.287416 0.379331 -0.0683949)
(-0.274839 0.144468 -0.760231)
(0.274823 0.144483 -0.760222)
(-0.287418 0.379365 -0.0683137)
(-0.197271 -0.127959 0.971167)
(-0.774427 -0.669338 0.633054)
(0.87834 -0.878342 0.582221)
(-0.669324 0.774428 0.633052)
(-0.383876 -0.383884 0.802948)
(-0.67379 0.196754 0.352014)
(-0.0401009 0.145092 -0.530725)
(-0.212293 -0.190328 -0.806084)
(0.212269 -0.190329 -0.806084)
(0.0400907 0.145153 -0.530725)
(0.673802 0.196715 0.352051)
(0.383864 -0.383893 0.80296)
(0.669326 0.774432 0.633052)
(-0.127935 0.19721 0.971182)
(0.196752 -0.673793 0.352014)
(-0.335612 -0.33562 1.55271)
(0.401947 -0.184182 0.634268)
(-0.062279 -0.0552895 -0.54822)
(0.0622457 -0.055289 -0.548169)
(-0.401945 -0.184255 0.634299)
(0.335599 -0.33563 1.55271)
(-0.196757 -0.6738 0.352006)
(0.127949 0.19722 0.971182)
(0.379329 0.287422 -0.0684032)
(0.145089 -0.0400981 -0.53072)
(-0.184174 0.401944 0.634276)
(0.114185 0.114184 -0.285808)
(-0.0807999 0.155806 -0.775083)
(0.0808109 0.155808 -0.77509)
(-0.114184 0.114203 -0.285788)
(0.184216 0.401965 0.634307)
(-0.145133 -0.0401007 -0.530722)
(-0.379352 0.28742 -0.0683789)
(0.14447 -0.27484 -0.760234)
(-0.190325 -0.212297 -0.806082)
(-0.0552834 -0.0622842 -0.548222)
(0.15581 -0.0807984 -0.775084)
(-0.0801255 -0.0801268 -0.867703)
(0.0801253 -0.0801314 -0.867704)
(-0.155815 -0.0808008 -0.775095)
(0.055281 -0.0622837 -0.548204)
(0.190329 -0.212293 -0.806088)
(-0.144481 -0.274834 -0.760257)
(0.144494 0.274813 -0.760221)
(-0.190327 0.212265 -0.806083)
(-0.0552853 0.0622335 -0.548153)
(0.155811 0.080812 -0.775093)
(-0.0801322 0.0801247 -0.867705)
(0.0801323 0.0801296 -0.867708)
(-0.155815 0.0808154 -0.7751)
(0.0552817 0.0622427 -0.548149)
(0.190329 0.212266 -0.806089)
(-0.1445 0.274812 -0.760246)
(0.379383 -0.287426 -0.0682916)
(0.145177 0.0400877 -0.530726)
(-0.184274 -0.401934 0.634315)
(0.114216 -0.11418 -0.285778)
(-0.080804 -0.155816 -0.775096)
(0.0808157 -0.155818 -0.7751)
(-0.114207 -0.114192 -0.285774)
(0.184289 -0.401954 0.634335)
(-0.145211 0.0400881 -0.53073)
(-0.379396 -0.287427 -0.0682769)
(-0.127967 -0.197285 0.971163)
(0.196685 0.673811 0.352066)
(-0.335642 0.335582 1.55272)
(0.401986 0.18423 0.634331)
(-0.0622827 0.0552837 -0.548193)
(0.0622583 0.0552837 -0.548159)
(-0.401983 0.184277 0.634343)
(0.335629 0.335597 1.55275)
(-0.196695 0.673815 0.35206)
(0.127976 -0.197288 0.971162)
(-0.66934 -0.774422 0.633055)
(-0.3839 0.383856 0.802962)
(-0.673798 -0.196777 0.351994)
(-0.0401033 -0.145145 -0.530725)
(-0.212289 0.190333 -0.806093)
(0.212273 0.190334 -0.806093)
(0.0400961 -0.145196 -0.53073)
(0.673806 -0.196744 0.352029)
(0.383889 0.383869 0.802971)
(0.669341 -0.774426 0.633054)
(-0.878344 0.878341 0.582225)
(0.774439 0.669329 0.633049)
(0.197227 0.127951 0.971179)
(0.287415 -0.379356 -0.0683656)
(-0.274834 -0.14448 -0.760258)
(0.274824 -0.144493 -0.760251)
(-0.287415 -0.379383 -0.0682956)
(-0.197269 0.127967 0.971168)
(-0.774436 0.669339 0.633051)
(0.878345 0.878344 0.582232)
(-0.892217 -0.892216 0.644296)
(0.724151 -0.621912 0.658821)
(-0.00657557 -0.0294944 1.05211)
(0.277522 0.404528 -0.110171)
(-0.25064 0.133267 -0.74374)
(0.250583 0.13328 -0.743739)
(-0.277549 0.4046 -0.110157)
(0.00652771 -0.0295289 1.05211)
(-0.724153 -0.621927 0.658818)
(0.892217 -0.892218 0.644294)
(-0.621906 0.724148 0.658822)
(-0.368102 -0.368109 0.792925)
(-0.65807 0.223002 0.351404)
(0.00740349 0.117291 -0.514908)
(-0.213638 -0.190706 -0.808359)
(0.213625 -0.190709 -0.808354)
(-0.0074271 0.117413 -0.514881)
(0.658088 0.222972 0.351436)
(0.368093 -0.368125 0.792935)
(0.621909 0.724159 0.658817)
(-0.0294864 -0.00658918 1.05211)
(0.222993 -0.658072 0.351403)
(-0.349335 -0.349337 1.44789)
(0.381889 -0.133633 0.5828)
(-0.058293 -0.0565465 -0.564104)
(0.0582664 -0.0565423 -0.56406)
(-0.381896 -0.133666 0.582856)
(0.349324 -0.349355 1.44788)
(-0.223 -0.658078 0.351386)
(0.029494 -0.00658609 1.05211)
(0.40452 0.277522 -0.110172)
(0.117276 0.00740615 -0.514906)
(-0.133625 0.381886 0.582804)
(0.112928 0.112925 -0.322555)
(-0.0794457 0.157078 -0.757296)
(0.0794539 0.157081 -0.757299)
(-0.11292 0.112926 -0.322549)
(0.133634 0.381919 0.582854)
(-0.117333 0.00741636 -0.514895)
(-0.404558 0.277533 -0.110188)
(0.133267 -0.250649 -0.743739)
(-0.190703 -0.213641 -0.808356)
(-0.0565425 -0.0582983 -0.564104)
(0.157081 -0.0794453 -0.757297)
(-0.0756783 -0.07568 -0.831993)
(0.0756763 -0.0756836 -0.831993)
(-0.157087 -0.0794497 -0.757305)
(0.0565389 -0.0583029 -0.564084)
(0.190709 -0.213642 -0.808359)
(-0.133273 -0.25063 -0.743759)
(0.13329 0.250561 -0.743738)
(-0.190709 0.213625 -0.808351)
(-0.0565396 0.0582549 -0.564048)
(0.157084 0.0794539 -0.757301)
(-0.0756834 0.0756751 -0.831994)
(0.0756819 0.0756789 -0.831995)
(-0.15709 0.0794581 -0.757309)
(0.0565365 0.0582644 -0.56404)
(0.190714 0.213628 -0.808355)
(-0.133292 0.250558 -0.743759)
(0.404629 -0.277562 -0.11016)
(0.117449 -0.00743603 -0.514874)
(-0.133673 -0.38189 0.582883)
(0.112933 -0.112918 -0.322543)
(-0.0794533 -0.15709 -0.757306)
(0.0794608 -0.157092 -0.757308)
(-0.112925 -0.112918 -0.322545)
(0.13367 -0.38192 0.582915)
(-0.117478 -0.00744404 -0.514873)
(-0.404649 -0.277566 -0.110164)
(-0.0295439 0.0065164 1.05212)
(0.222944 0.658099 0.351454)
(-0.349378 0.349304 1.44788)
(0.381945 0.13364 0.58288)
(-0.0583022 0.0565383 -0.564072)
(0.0582809 0.056536 -0.564044)
(-0.38195 0.133662 0.582913)
(0.349364 0.34932 1.4479)
(-0.222948 0.658099 0.35144)
(0.0295447 0.00651574 1.05212)
(-0.621929 -0.724149 0.658818)
(-0.368131 0.36809 0.792936)
(-0.658076 -0.223017 0.351367)
(0.00741735 -0.117355 -0.514893)
(-0.213641 0.190713 -0.808365)
(0.213632 0.190717 -0.808362)
(-0.00743482 -0.117454 -0.514878)
(0.658088 -0.22299 0.3514)
(0.368122 0.368108 0.792943)
(0.621931 -0.724156 0.658814)
(-0.892219 0.892217 0.644293)
(0.724167 0.621912 0.658811)
(-0.00657972 0.0294925 1.05211)
(0.277534 -0.404568 -0.110186)
(-0.250623 -0.133273 -0.743763)
(0.250579 -0.133285 -0.743763)
(-0.277553 -0.404628 -0.110168)
(0.00653407 0.0295226 1.05211)
(-0.724166 0.621926 0.658809)
(0.89222 0.892219 0.644292)
(-0.907086 -0.907085 0.739458)
(0.736614 -0.573174 0.718341)
(-0.212293 0.081966 1.06726)
(0.295532 0.36344 -0.219733)
(-0.250041 0.12053 -0.716577)
(0.250005 0.120534 -0.71658)
(-0.295555 0.363394 -0.219756)
(0.212271 0.0819237 1.06727)
(-0.73662 -0.573186 0.718338)
(0.907085 -0.907086 0.739466)
(-0.573169 0.736611 0.718342)
(-0.353519 -0.353525 0.812498)
(-0.659852 0.264576 0.375834)
(0.0735309 0.0537315 -0.504946)
(-0.212899 -0.194059 -0.797025)
(0.212898 -0.194065 -0.797016)
(-0.0735437 0.0537726 -0.504921)
(0.659857 0.264563 0.375856)
(0.353514 -0.353536 0.812508)
(0.573169 0.736624 0.718336)
(0.081977 -0.212303 1.06726)
(0.264563 -0.659855 0.375833)
(-0.388542 -0.388541 1.36164)
(0.396354 -0.113361 0.508397)
(-0.061336 -0.0570599 -0.579499)
(0.0613094 -0.0570579 -0.579461)
(-0.396369 -0.113355 0.508488)
(0.388539 -0.388571 1.36161)
(-0.264569 -0.659857 0.375809)
(-0.0819758 -0.212309 1.06726)
(0.363449 0.295534 -0.219732)
(0.0537255 0.0735373 -0.504946)
(-0.113359 0.39635 0.508398)
(0.107405 0.107402 -0.34295)
(-0.0743535 0.158656 -0.741838)
(0.0743527 0.158659 -0.741841)
(-0.1074 0.107401 -0.342943)
(0.113349 0.396387 0.508459)
(-0.0537391 0.0735551 -0.504935)
(-0.363431 0.295544 -0.219767)
(0.12053 -0.250048 -0.716573)
(-0.194057 -0.212901 -0.797023)
(-0.0570567 -0.0613415 -0.579498)
(0.158658 -0.0743541 -0.741839)
(-0.0728623 -0.0728642 -0.7928)
(0.0728583 -0.0728666 -0.792799)
(-0.158666 -0.0743534 -0.741849)
(0.0570541 -0.0613461 -0.579475)
(0.194067 -0.212907 -0.797022)
(-0.120528 -0.250043 -0.716587)
(0.120538 0.249996 -0.716578)
(-0.194067 0.212901 -0.79701)
(-0.0570572 0.0612976 -0.579452)
(0.158664 0.0743498 -0.741844)
(-0.0728655 0.0728564 -0.7928)
(0.072862 0.0728588 -0.792801)
(-0.15867 0.0743502 -0.741852)
(0.0570545 0.0613051 -0.579441)
(0.194075 0.212906 -0.797012)
(-0.120534 0.249997 -0.716592)
(0.363379 -0.295566 -0.219774)
(0.0537778 -0.0735487 -0.504913)
(-0.113351 -0.39637 0.508526)
(0.107406 -0.107401 -0.342936)
(-0.0743545 -0.158668 -0.741849)
(0.0743541 -0.158672 -0.741851)
(-0.107404 -0.1074 -0.342935)
(0.113343 -0.396402 0.508564)
(-0.0537852 -0.0735666 -0.504911)
(-0.363379 -0.295572 -0.219786)
(0.0819066 0.212271 1.06728)
(0.264547 0.659864 0.375872)
(-0.388599 0.388523 1.3616)
(0.396411 0.113349 0.508484)
(-0.0613446 0.0570521 -0.579463)
(0.0613225 0.0570516 -0.579439)
(-0.396423 0.113344 0.508547)
(0.388589 0.388544 1.3616)
(-0.264543 0.659862 0.375851)
(-0.0819141 0.212273 1.06728)
(-0.573187 -0.736618 0.718337)
(-0.353534 0.35352 0.812508)
(-0.659853 -0.264578 0.375787)
(0.0735599 -0.0537521 -0.504933)
(-0.212907 0.194069 -0.797028)
(0.212907 0.194075 -0.797022)
(-0.0735679 -0.0537866 -0.504918)
(0.659854 -0.264565 0.375811)
(0.35353 0.353533 0.812511)
(0.573187 -0.736626 0.718332)
(-0.907087 0.907084 0.739468)
(0.736631 0.573172 0.71833)
(-0.212303 -0.0819793 1.06725)
(0.295545 -0.363425 -0.21977)
(-0.250035 -0.120528 -0.716594)
(0.250007 -0.120531 -0.716597)
(-0.295562 -0.363391 -0.219779)
(0.212277 -0.0819431 1.06727)
(-0.736634 0.573184 0.718326)
(0.907086 0.907086 0.739471)
(-0.90917 -0.909169 0.79316)
(0.786264 -0.544859 0.805121)
(-0.29494 0.151198 1.06821)
(0.277736 0.297688 -0.32156)
(-0.249387 0.10899 -0.687658)
(0.249395 0.108993 -0.687655)
(-0.277736 0.297658 -0.321562)
(0.294958 0.151156 1.06823)
(-0.786266 -0.544862 0.805121)
(0.909167 -0.909168 0.793149)
(-0.544855 0.786261 0.805121)
(-0.354163 -0.354165 0.866499)
(-0.648385 0.309225 0.414619)
(0.12662 -0.00740789 -0.506971)
(-0.207241 -0.19737 -0.773096)
(0.207232 -0.197376 -0.773085)
(-0.126628 -0.0074366 -0.506962)
(0.648386 0.309248 0.414641)
(0.354156 -0.354153 0.866506)
(0.544853 0.786267 0.805117)
(0.151213 -0.294945 1.06821)
(0.309207 -0.64839 0.414618)
(-0.43418 -0.43418 1.29027)
(0.416276 -0.115553 0.401492)
(-0.0615839 -0.0537897 -0.591986)
(0.0615536 -0.0537897 -0.591955)
(-0.416306 -0.115541 0.401568)
(0.434185 -0.434217 1.29022)
(-0.309214 -0.648388 0.414591)
(-0.151216 -0.294957 1.06821)
(0.297693 0.277741 -0.321562)
(-0.00740669 0.126627 -0.506968)
(-0.115555 0.416268 0.401494)
(0.106647 0.106644 -0.361211)
(-0.0669528 0.158189 -0.725466)
(0.0669457 0.158194 -0.725469)
(-0.106655 0.106653 -0.3612)
(0.115553 0.416287 0.401544)
(0.00742377 0.126649 -0.506963)
(-0.29768 0.277746 -0.321585)
(0.108989 -0.249389 -0.687654)
(-0.197369 -0.207244 -0.773093)
(-0.0537861 -0.06159 -0.591984)
(0.15819 -0.0669551 -0.725467)
(-0.0715508 -0.071553 -0.752012)
(0.0715445 -0.0715535 -0.752011)
(-0.158197 -0.0669544 -0.725475)
(0.0537806 -0.0615882 -0.591962)
(0.197379 -0.20725 -0.773091)
(-0.108984 -0.249399 -0.687664)
(0.108995 0.249404 -0.687651)
(-0.19738 0.207234 -0.773079)
(-0.0537892 0.0615427 -0.591947)
(0.158199 0.0669422 -0.725472)
(-0.0715514 0.0715422 -0.752011)
(0.0715457 0.0715429 -0.752011)
(-0.158205 0.0669433 -0.725479)
(0.0537827 0.0615451 -0.591935)
(0.19739 0.207241 -0.773078)
(-0.10899 0.249408 -0.687662)
(0.297645 -0.277736 -0.321569)
(-0.00745508 -0.126629 -0.50696)
(-0.115534 -0.416321 0.401598)
(0.10666 -0.10666 -0.361193)
(-0.0669525 -0.158199 -0.725474)
(0.0669467 -0.158204 -0.725476)
(-0.106666 -0.106665 -0.361189)
(0.115534 -0.416338 0.401631)
(0.00746014 -0.126652 -0.506958)
(-0.297645 -0.277745 -0.321579)
(0.151142 0.294978 1.06824)
(0.309255 0.648392 0.414657)
(-0.434239 0.434181 1.2902)
(0.416294 0.115553 0.401564)
(-0.0615821 0.0537787 -0.591952)
(0.0615578 0.0537792 -0.591932)
(-0.416325 0.115542 0.401617)
(0.434236 0.434207 1.29019)
(-0.309243 0.64839 0.414631)
(-0.151156 0.294982 1.06824)
(-0.544858 -0.786265 0.805121)
(-0.354137 0.354167 0.866506)
(-0.648383 -0.309215 0.414569)
(0.126658 0.00742159 -0.506963)
(-0.207247 0.197379 -0.773095)
(0.207242 0.197386 -0.773087)
(-0.126662 0.00744178 -0.506959)
(0.648383 -0.30923 0.414591)
(0.354137 0.35416 0.866504)
(0.544858 -0.786268 0.805116)
(-0.909168 0.909166 0.793146)
(0.786269 0.544856 0.805112)
(-0.294949 -0.151219 1.0682)
(0.277746 -0.29768 -0.32159)
(-0.249394 -0.108986 -0.687669)
(0.2494 -0.108989 -0.687668)
(-0.277747 -0.297658 -0.321583)
(0.294959 -0.151183 1.06822)
(-0.78627 0.54486 0.805111)
(0.909167 0.909167 0.793139)
(-0.913388 -0.913388 0.824633)
(0.759347 -0.54668 0.885415)
(-0.226377 0.154367 1.06096)
(0.244604 0.262535 -0.384488)
(-0.231675 0.106632 -0.66229)
(0.231685 0.106638 -0.662284)
(-0.244612 0.262541 -0.384492)
(0.226431 0.154354 1.06098)
(-0.759342 -0.546671 0.885418)
(0.913387 -0.913388 0.824634)
(-0.546677 0.759345 0.885415)
(-0.362271 -0.362271 0.925052)
(-0.629077 0.336075 0.439992)
(0.146856 -0.031753 -0.513196)
(-0.197934 -0.188503 -0.742012)
(0.197919 -0.188504 -0.742003)
(-0.146861 -0.0317752 -0.513194)
(0.629071 0.336126 0.440018)
(0.362262 -0.362238 0.925058)
(0.546673 0.759339 0.885411)
(0.154376 -0.226379 1.06096)
(0.336054 -0.629083 0.439992)
(-0.460802 -0.460796 1.23111)
(0.421769 -0.120151 0.271134)
(-0.0532415 -0.0457293 -0.599197)
(0.053214 -0.0457295 -0.599171)
(-0.421792 -0.120136 0.27119)
(0.460809 -0.460803 1.23107)
(-0.336059 -0.629083 0.439971)
(-0.154393 -0.226393 1.06095)
(0.262533 0.244607 -0.38449)
(-0.0317553 0.146861 -0.513192)
(-0.120155 0.421762 0.271137)
(0.111385 0.11138 -0.387592)
(-0.0609559 0.147036 -0.706013)
(0.0609459 0.14704 -0.706015)
(-0.111404 0.111391 -0.387584)
(0.120159 0.421757 0.27117)
(0.0317706 0.146879 -0.513186)
(-0.262534 0.244617 -0.38451)
(0.106629 -0.231677 -0.662288)
(-0.188502 -0.197939 -0.74201)
(-0.0457245 -0.0532456 -0.599195)
(0.147037 -0.0609592 -0.706013)
(-0.0705422 -0.0705447 -0.713471)
(0.0705337 -0.0705437 -0.713469)
(-0.147045 -0.0609581 -0.706018)
(0.045712 -0.0532359 -0.599178)
(0.188505 -0.197945 -0.742006)
(-0.106624 -0.231684 -0.662293)
(0.106639 0.231695 -0.66228)
(-0.188508 0.19792 -0.741997)
(-0.0457281 0.0532068 -0.599163)
(0.147045 0.0609423 -0.706017)
(-0.0705403 0.0705313 -0.713469)
(0.0705327 0.0705307 -0.713468)
(-0.147053 0.0609436 -0.706021)
(0.0457146 0.0532015 -0.599154)
(0.188512 0.197929 -0.741995)
(-0.106632 0.231697 -0.662287)
(0.262537 -0.244616 -0.384503)
(-0.0317891 -0.146858 -0.513195)
(-0.120129 -0.421806 0.27121)
(0.111396 -0.111412 -0.387577)
(-0.0609545 -0.147047 -0.706017)
(0.0609463 -0.147051 -0.706018)
(-0.111411 -0.111416 -0.387574)
(0.120133 -0.421802 0.271233)
(0.0317956 -0.146876 -0.513191)
(-0.26254 -0.244626 -0.38451)
(0.154352 0.226467 1.061)
(0.336151 0.629071 0.440034)
(-0.4608 0.460819 1.23104)
(0.421751 0.120159 0.271183)
(-0.053225 0.0457108 -0.599171)
(0.0532042 0.0457113 -0.599154)
(-0.421776 0.120144 0.271222)
(0.460807 0.460822 1.23102)
(-0.336134 0.629074 0.440013)
(-0.154371 0.22647 1.06099)
(-0.546663 -0.759341 0.885419)
(-0.362215 0.362272 0.925059)
(-0.629078 -0.336051 0.439954)
(0.14689 0.0317715 -0.513186)
(-0.19794 0.188504 -0.742008)
(0.19793 0.188508 -0.742001)
(-0.146892 0.0317852 -0.513187)
(0.629073 -0.336091 0.439977)
(0.362216 0.362249 0.925056)
(0.546662 -0.759337 0.885415)
(-0.913389 0.913387 0.824634)
(0.759337 0.546676 0.885407)
(-0.226381 -0.154398 1.06094)
(0.244619 -0.262541 -0.38451)
(-0.231678 -0.106627 -0.662297)
(0.231685 -0.106632 -0.662293)
(-0.244626 -0.262547 -0.384505)
(0.226424 -0.154385 1.06097)
(-0.759335 0.54667 0.88541)
(0.913389 0.913388 0.824634)
(-0.922502 -0.922501 0.941502)
(0.715005 -0.555522 0.935161)
(-0.11926 0.17808 1.04596)
(0.235512 0.23607 -0.417809)
(-0.207528 0.105366 -0.643891)
(0.20752 0.10537 -0.643883)
(-0.235531 0.236084 -0.417823)
(0.119302 0.178113 1.04596)
(-0.715007 -0.555513 0.935167)
(0.922501 -0.922502 0.941502)
(-0.555519 0.715002 0.935161)
(-0.37022 -0.370219 0.979986)
(-0.623449 0.345269 0.464278)
(0.144118 -0.0338652 -0.522146)
(-0.186882 -0.155771 -0.711307)
(0.186867 -0.15577 -0.7113)
(-0.144124 -0.0338698 -0.522146)
(0.623436 0.345324 0.464299)
(0.370209 -0.370189 0.979992)
(0.555514 0.715 0.935157)
(0.178075 -0.119263 1.04596)
(0.345249 -0.623455 0.464282)
(-0.43683 -0.436808 1.18425)
(0.418579 -0.111824 0.130923)
(-0.0399115 -0.0388042 -0.594105)
(0.0398883 -0.0388056 -0.594083)
(-0.41859 -0.111806 0.130963)
(0.436837 -0.436736 1.18423)
(-0.345247 -0.623456 0.464275)
(-0.178114 -0.119278 1.04595)
(0.236066 0.235512 -0.417809)
(-0.0338712 0.144119 -0.522143)
(-0.111828 0.418573 0.130927)
(0.118107 0.118101 -0.416131)
(-0.0566862 0.135372 -0.681007)
(0.0566721 0.135375 -0.681006)
(-0.118135 0.118111 -0.416119)
(0.111824 0.418549 0.130955)
(0.0338875 0.14413 -0.522136)
(-0.236069 0.235529 -0.417828)
(0.105362 -0.207531 -0.64389)
(-0.155768 -0.186887 -0.711307)
(-0.0387993 -0.0399127 -0.594104)
(0.135373 -0.0566906 -0.681007)
(-0.0679839 -0.0679868 -0.6817)
(0.0679736 -0.0679846 -0.681698)
(-0.135381 -0.0566874 -0.681008)
(0.0387849 -0.0398957 -0.594092)
(0.155761 -0.186891 -0.711309)
(-0.105355 -0.207531 -0.643892)
(0.10537 0.207525 -0.643879)
(-0.155771 0.186867 -0.711298)
(-0.0388047 0.0398859 -0.594075)
(0.135379 0.0566678 -0.681007)
(-0.0679801 0.0679718 -0.681697)
(0.067971 0.0679702 -0.681696)
(-0.135387 0.056668 -0.681008)
(0.0387894 0.0398733 -0.594069)
(0.155765 0.186875 -0.711301)
(-0.105362 0.207524 -0.643883)
(0.236084 -0.235536 -0.417835)
(-0.0338727 -0.144117 -0.522148)
(-0.111796 -0.418598 0.130974)
(0.118113 -0.118148 -0.416111)
(-0.0566818 -0.135383 -0.681007)
(0.0566704 -0.135387 -0.681007)
(-0.118135 -0.11815 -0.416105)
(0.111795 -0.418578 0.130995)
(0.0338842 -0.144128 -0.522142)
(-0.236086 -0.235549 -0.417843)
(0.178127 0.119327 1.04596)
(0.345354 0.623431 0.464308)
(-0.436687 0.436862 1.18421)
(0.418535 0.111826 0.130968)
(-0.0398798 0.0387837 -0.594088)
(0.039864 0.0387851 -0.594072)
(-0.41855 0.11181 0.130996)
(0.436712 0.436799 1.1842)
(-0.345335 0.623435 0.464299)
(-0.178149 0.119335 1.04595)
(-0.555506 -0.715008 0.935169)
(-0.37017 0.370215 0.979992)
(-0.623455 -0.345234 0.46427)
(0.144143 0.033893 -0.522134)
(-0.186887 0.155762 -0.711307)
(0.186876 0.155763 -0.711302)
(-0.144146 0.0338907 -0.522136)
(0.623444 -0.345282 0.464285)
(0.370169 0.370192 0.979991)
(0.555504 -0.715006 0.935164)
(-0.922503 0.922501 0.941501)
(0.714999 0.555515 0.935153)
(-0.119272 -0.178129 1.04593)
(0.235534 -0.236076 -0.41783)
(-0.207523 -0.105359 -0.643893)
(0.207517 -0.105363 -0.643887)
(-0.23555 -0.23609 -0.417836)
(0.119305 -0.178149 1.04594)
(-0.715002 0.55551 0.935158)
(0.922503 0.922502 0.941501)
(-0.923173 -0.923173 1.01967)
(0.755498 -0.549193 0.971412)
(-0.117515 0.283689 1.01095)
(0.237465 0.191475 -0.439672)
(-0.196456 0.0998726 -0.625329)
(0.196443 0.099878 -0.62532)
(-0.237485 0.191473 -0.439702)
(0.117528 0.28373 1.01092)
(-0.7555 -0.549191 0.971415)
(0.923173 -0.923174 1.01967)
(-0.549192 0.755495 0.971412)
(-0.388251 -0.388252 1.02192)
(-0.621425 0.324329 0.488283)
(0.128457 -0.0519683 -0.546899)
(-0.173032 -0.132257 -0.683021)
(0.17302 -0.132256 -0.683015)
(-0.12846 -0.05197 -0.5469)
(0.621415 0.324375 0.488284)
(0.38824 -0.388229 1.02193)
(0.549186 0.755495 0.971407)
(0.283677 -0.117518 1.01096)
(0.324317 -0.62143 0.488292)
(-0.357981 -0.357951 1.14266)
(0.415738 -0.0926335 0.00425959)
(-0.0243178 -0.0406307 -0.57655)
(0.0242966 -0.0406345 -0.576533)
(-0.415744 -0.0926253 0.00429116)
(0.35799 -0.357821 1.14265)
(-0.324311 -0.621434 0.488302)
(-0.283704 -0.11754 1.01092)
(0.191475 0.237464 -0.439669)
(-0.0519751 0.128457 -0.546896)
(-0.0926345 0.415734 0.00426827)
(0.1255 0.125493 -0.436601)
(-0.0506251 0.124295 -0.653798)
(0.050609 0.124297 -0.653795)
(-0.125533 0.125504 -0.436588)
(0.0926304 0.415715 0.0043142)
(0.0519998 0.128465 -0.546891)
(-0.19147 0.237477 -0.439691)
(0.0998698 -0.196458 -0.625328)
(-0.132256 -0.173034 -0.683024)
(-0.0406278 -0.0243168 -0.576549)
(0.124296 -0.05063 -0.653798)
(-0.0599668 -0.05997 -0.652894)
(0.0599563 -0.0599679 -0.652892)
(-0.124304 -0.0506254 -0.653796)
(0.0406204 -0.0242927 -0.576539)
(0.132255 -0.173033 -0.683031)
(-0.0998674 -0.196457 -0.625324)
(0.0998791 0.196443 -0.625315)
(-0.132258 0.173018 -0.683016)
(-0.0406362 0.0242978 -0.576525)
(0.1243 0.0506042 -0.653793)
(-0.059963 0.0599551 -0.652891)
(0.0599535 0.0599534 -0.652889)
(-0.124308 0.0506037 -0.653792)
(0.0406275 0.0242787 -0.576519)
(0.132258 0.173019 -0.683025)
(-0.0998757 0.196442 -0.625314)
(0.191469 -0.237489 -0.439719)
(-0.0519676 -0.128454 -0.546903)
(-0.092619 -0.415747 0.00429287)
(0.125504 -0.125552 -0.436583)
(-0.0506184 -0.124308 -0.653796)
(0.0506056 -0.124311 -0.653793)
(-0.125531 -0.125553 -0.436575)
(0.0926157 -0.415731 0.00433071)
(0.0519873 -0.128462 -0.546897)
(-0.191469 -0.2375 -0.439726)
(0.283748 0.117534 1.0109)
(0.324401 0.621409 0.488279)
(-0.357741 0.358021 1.14265)
(0.415704 0.0926325 0.00433981)
(-0.024273 0.0406179 -0.576537)
(0.0242602 0.0406212 -0.576524)
(-0.415714 0.0926247 0.00435702)
(0.357778 0.357908 1.14264)
(-0.324386 0.621415 0.488287)
(-0.283755 0.117548 1.01089)
(-0.549188 -0.755501 0.971415)
(-0.388218 0.388239 1.02193)
(-0.621436 -0.324298 0.488309)
(0.128474 0.0520105 -0.546887)
(-0.17303 0.132255 -0.683026)
(0.173021 0.132256 -0.683021)
(-0.128475 0.0520047 -0.54689)
(0.621427 -0.324341 0.488303)
(0.388213 0.388221 1.02193)
(0.549185 -0.755499 0.971412)
(-0.923174 0.923172 1.01967)
(0.755494 0.549185 0.971404)
(-0.117545 -0.283712 1.01091)
(0.237483 -0.191474 -0.439694)
(-0.196451 -0.0998709 -0.625324)
(0.19644 -0.099876 -0.625317)
(-0.2375 -0.191475 -0.439714)
(0.117551 -0.28374 1.01089)
(-0.755497 0.549184 0.971408)
(0.923174 0.923174 1.01967)
(-0.918198 -0.918198 1.07512)
(0.764482 -0.509304 1.0312)
(-0.234446 0.409092 0.962463)
(0.223116 0.130109 -0.461271)
(-0.199528 0.0905534 -0.608279)
(0.199518 0.0905618 -0.608272)
(-0.223131 0.130103 -0.4613)
(0.234441 0.409076 0.962414)
(-0.764481 -0.509304 1.0312)
(0.918197 -0.918199 1.07512)
(-0.509303 0.764481 1.0312)
(-0.462775 -0.462778 1.10011)
(-0.568064 0.172825 0.515023)
(0.105628 -0.0900688 -0.587087)
(-0.156531 -0.124065 -0.65626)
(0.15652 -0.124063 -0.656255)
(-0.105626 -0.0900699 -0.587092)
(0.568052 0.172852 0.514993)
(0.462768 -0.46276 1.10012)
(0.509299 0.764483 1.0312)
(0.409092 -0.23445 0.962478)
(0.17283 -0.568069 0.515036)
(-0.243071 -0.243057 1.06841)
(0.414775 -0.0790651 -0.110816)
(-0.0100968 -0.048032 -0.547337)
(0.0100779 -0.048037 -0.547325)
(-0.414776 -0.0790615 -0.110793)
(0.243071 -0.242965 1.06841)
(-0.172827 -0.56807 0.515052)
(-0.409077 -0.234463 0.962442)
(0.13011 0.223114 -0.461266)
(-0.0900742 0.105629 -0.587084)
(-0.0790662 0.414775 -0.110804)
(0.131297 0.131292 -0.450781)
(-0.0404445 0.116506 -0.62746)
(0.0404305 0.116507 -0.627454)
(-0.131326 0.131301 -0.45077)
(0.0790652 0.414768 -0.110747)
(0.0900959 0.105635 -0.587083)
(-0.130108 0.223119 -0.461282)
(0.0905519 -0.19953 -0.608278)
(-0.124065 -0.156531 -0.656262)
(-0.0480313 -0.0100965 -0.547337)
(0.116507 -0.0404485 -0.62746)
(-0.0491414 -0.0491441 -0.623393)
(0.0491326 -0.049143 -0.623391)
(-0.116516 -0.0404444 -0.627457)
(0.0480318 -0.0100761 -0.547327)
(0.124065 -0.156525 -0.656267)
(-0.0905574 -0.19953 -0.608273)
(0.0905653 0.199518 -0.608266)
(-0.124064 0.156516 -0.656256)
(-0.0480407 0.0100795 -0.547319)
(0.116509 0.0404266 -0.627451)
(-0.0491391 0.0491315 -0.62339)
(0.0491309 0.0491305 -0.623387)
(-0.116517 0.0404255 -0.627449)
(0.0480398 0.010063 -0.547311)
(0.124066 0.156512 -0.656261)
(-0.0905695 0.199519 -0.608263)
(0.130098 -0.223135 -0.461316)
(-0.0900678 -0.105624 -0.587096)
(-0.0790604 -0.414775 -0.110796)
(0.131301 -0.131343 -0.450766)
(-0.040438 -0.11652 -0.627456)
(0.0404267 -0.116521 -0.627452)
(-0.131326 -0.131345 -0.450759)
(0.079059 -0.414772 -0.110747)
(0.0900855 -0.10563 -0.587094)
(-0.1301 -0.223141 -0.46132)
(0.409077 0.23444 0.962394)
(0.172867 0.568044 0.51497)
(-0.242912 0.243085 1.06841)
(0.414763 0.0790625 -0.110716)
(-0.0100594 0.0480286 -0.547322)
(0.0100469 0.0480328 -0.547312)
(-0.414768 0.0790589 -0.110708)
(0.242928 0.243006 1.06841)
(-0.172869 0.56805 0.514987)
(-0.409063 0.234448 0.962381)
(-0.509304 -0.764481 1.0312)
(-0.462753 0.462767 1.10012)
(-0.568073 -0.172818 0.515066)
(0.105636 0.0901036 -0.587079)
(-0.156524 0.124066 -0.656262)
(0.156515 0.124065 -0.656257)
(-0.105635 0.0900993 -0.587085)
(0.568064 -0.172848 0.515031)
(0.462748 0.462751 1.10012)
(0.509302 -0.764483 1.03119)
(-0.918199 0.918197 1.07512)
(0.764484 0.509299 1.03119)
(-0.234466 -0.409063 0.962429)
(0.223123 -0.130111 -0.461286)
(-0.199526 -0.09056 -0.608271)
(0.199517 -0.0905678 -0.608266)
(-0.223138 -0.130108 -0.461307)
(0.234457 -0.409051 0.962395)
(-0.764484 0.5093 1.03119)
(0.918199 0.918198 1.07512)
(-0.910323 -0.910323 1.14899)
(0.742051 -0.4664 1.13695)
(-0.34238 0.449694 0.959325)
(0.18839 0.0742434 -0.483207)
(-0.204321 0.0775549 -0.599405)
(0.204316 0.0775643 -0.599399)
(-0.188403 0.0742303 -0.483234)
(0.342355 0.449639 0.959282)
(-0.742049 -0.466403 1.13695)
(0.910322 -0.910323 1.14898)
(-0.4664 0.742051 1.13695)
(-0.547873 -0.547877 1.14189)
(-0.425944 -0.141135 0.521386)
(0.0832369 -0.121168 -0.618977)
(-0.138337 -0.116683 -0.632031)
(0.138328 -0.116682 -0.632025)
(-0.0832313 -0.121173 -0.618981)
(0.425914 -0.14115 0.521336)
(0.547875 -0.547871 1.14189)
(0.466402 0.742055 1.13695)
(0.449704 -0.342387 0.959334)
(-0.141118 -0.425953 0.5214)
(-0.114413 -0.114415 0.870394)
(0.394082 -0.0718105 -0.20473)
(-0.00590077 -0.0528927 -0.515492)
(0.00588585 -0.0528982 -0.515485)
(-0.394084 -0.0718077 -0.204712)
(0.114402 -0.114402 0.870407)
(0.141127 -0.42595 0.521408)
(-0.449666 -0.342376 0.959309)
(0.0742451 0.188387 -0.483203)
(-0.121171 0.0832385 -0.618975)
(-0.0718124 0.394082 -0.204722)
(0.131434 0.13143 -0.464136)
(-0.0267827 0.110647 -0.602304)
(0.0267705 0.110647 -0.602298)
(-0.131454 0.131437 -0.464128)
(0.0718124 0.394078 -0.204675)
(0.121183 0.0832392 -0.618973)
(-0.0742454 0.188392 -0.483215)
(0.0775536 -0.204322 -0.599405)
(-0.116683 -0.138338 -0.632032)
(-0.0528922 -0.00590104 -0.515492)
(0.110648 -0.0267858 -0.602305)
(-0.0419698 -0.0419721 -0.591843)
(0.0419624 -0.0419717 -0.591841)
(-0.110656 -0.0267816 -0.602302)
(0.0528945 -0.00588836 -0.515482)
(0.116683 -0.138333 -0.632032)
(-0.0775617 -0.204323 -0.5994)
(0.0775679 0.204319 -0.599394)
(-0.116683 0.138325 -0.632024)
(-0.0529017 0.00588663 -0.51548)
(0.110648 0.0267667 -0.602295)
(-0.0419687 0.0419611 -0.591839)
(0.0419616 0.0419606 -0.591837)
(-0.110656 0.0267651 -0.602293)
(0.0529027 0.00587602 -0.515471)
(0.116684 0.138322 -0.632025)
(-0.0775748 0.204319 -0.599391)
(0.0742194 -0.188403 -0.483248)
(-0.121176 -0.0832307 -0.618984)
(-0.0718082 -0.394082 -0.204713)
(0.131437 -0.131465 -0.464125)
(-0.026776 -0.11066 -0.602301)
(0.0267663 -0.11066 -0.602296)
(-0.131455 -0.131468 -0.464119)
(0.0718079 -0.394082 -0.204673)
(0.121185 -0.0832328 -0.618982)
(-0.0742242 -0.188409 -0.48325)
(0.449626 0.342349 0.959261)
(-0.141148 0.425897 0.521307)
(-0.114397 0.114396 0.870406)
(0.394076 0.0718085 -0.204649)
(-0.00587814 0.0528922 -0.515476)
(0.00586699 0.0528969 -0.515469)
(-0.39408 0.0718056 -0.204642)
(0.114385 0.114384 0.87042)
(0.141141 0.425904 0.52132)
(-0.449603 0.342343 0.959251)
(-0.466403 -0.742048 1.13694)
(-0.547868 0.547876 1.14188)
(-0.425953 0.141136 0.521417)
(0.0832365 0.121186 -0.61897)
(-0.138331 0.116682 -0.632028)
(0.138324 0.116682 -0.632022)
(-0.0832319 0.121188 -0.618976)
(0.425929 0.141141 0.521367)
(0.547869 0.547871 1.14188)
(0.466405 -0.742053 1.13694)
(-0.910324 0.910321 1.14898)
(0.742057 0.466404 1.13695)
(-0.342368 -0.449643 0.959304)
(0.188396 -0.0742479 -0.483219)
(-0.20432 -0.0775644 -0.599398)
(0.204316 -0.0775731 -0.599392)
(-0.18841 -0.0742369 -0.483239)
(0.342348 -0.449602 0.95927)
(-0.742056 0.466405 1.13694)
(0.910323 0.910323 1.14898)
)
;

boundaryField
{
    bottom
    {
        type            noSlip;
    }
    atmosphere
    {
        type            pressureInletOutletVelocity;
        value           nonuniform List<vector> 0();
    }
    walls
    {
        type            noSlip;
    }
    procBoundary0to1
    {
        type            processor;
        value           nonuniform List<vector> 
100
(
(-0.899503 -0.899503 1.22408)
(0.737276 -0.440973 1.27139)
(-0.34 0.428068 1.04047)
(0.156928 0.0405681 -0.499374)
(-0.203514 0.0654653 -0.600143)
(0.203516 0.065474 -0.600138)
(-0.156936 0.0405502 -0.499386)
(0.339967 0.427992 1.04045)
(-0.737273 -0.440977 1.27138)
(0.899501 -0.899503 1.22408)
(-0.440973 0.737278 1.2714)
(-0.579545 -0.579547 1.11301)
(-0.295723 -0.270296 0.481431)
(0.0625704 -0.124229 -0.627292)
(-0.120407 -0.109672 -0.612244)
(0.120399 -0.109671 -0.61224)
(-0.0625593 -0.124241 -0.627293)
(0.295679 -0.270326 0.481365)
(0.579549 -0.579544 1.113)
(0.440981 0.737281 1.27139)
(0.428082 -0.340009 1.04047)
(-0.270284 -0.295733 0.481447)
(-0.0548947 -0.0548998 0.467668)
(0.339713 -0.0692103 -0.28053)
(-0.0118267 -0.0524394 -0.489913)
(0.0118164 -0.0524452 -0.489907)
(-0.339715 -0.0692073 -0.280517)
(0.0548912 -0.0549216 0.467666)
(0.270294 -0.295723 0.48144)
(-0.428036 -0.339991 1.04046)
(0.0405707 0.156927 -0.499372)
(-0.124229 0.0625726 -0.627291)
(-0.069212 0.339713 -0.280524)
(0.12622 0.126218 -0.481682)
(-0.0132977 0.102341 -0.576023)
(0.0132891 0.102341 -0.576018)
(-0.126232 0.126221 -0.481676)
(0.0692108 0.33971 -0.280489)
(0.124233 0.062568 -0.627288)
(-0.0405715 0.156935 -0.499378)
(0.065463 -0.203515 -0.600144)
(-0.109672 -0.120408 -0.612245)
(-0.052438 -0.0118278 -0.489912)
(0.102342 -0.0132994 -0.576024)
(-0.0386182 -0.0386203 -0.561053)
(0.0386119 -0.0386206 -0.561051)
(-0.102348 -0.013296 -0.576021)
(0.0524386 -0.0118232 -0.489902)
(0.109671 -0.120403 -0.612243)
(-0.065468 -0.203515 -0.600139)
(0.0654762 0.203521 -0.600135)
(-0.109671 0.120397 -0.612238)
(-0.0524479 0.0118168 -0.489904)
(0.102342 0.0132862 -0.576015)
(-0.0386185 0.0386105 -0.561049)
(0.0386122 0.0386108 -0.561047)
(-0.102348 0.0132846 -0.576013)
(0.0524473 0.0118129 -0.489894)
(0.109671 0.120394 -0.612236)
(-0.0654802 0.203521 -0.600132)
(0.0405384 -0.156933 -0.499392)
(-0.124248 -0.0625574 -0.627296)
(-0.0692072 -0.339714 -0.280517)
(0.126221 -0.126238 -0.481673)
(-0.0132924 -0.102352 -0.57602)
(0.0132856 -0.102352 -0.576015)
(-0.126232 -0.12624 -0.481668)
(0.0692066 -0.339714 -0.280486)
(0.124249 -0.0625549 -0.627293)
(-0.0405435 -0.156941 -0.499391)
(0.42797 0.339957 1.04043)
(-0.270325 0.295659 0.481333)
(-0.0549342 0.0548857 0.467662)
(0.339708 0.0692084 -0.28047)
(-0.011818 0.0524376 -0.489896)
(0.0118093 0.0524428 -0.489891)
(-0.339712 0.0692057 -0.280464)
(0.0549231 0.0549024 0.46767)
(0.270324 0.295659 0.481334)
(-0.427945 0.339949 1.04043)
(-0.440977 -0.737271 1.27137)
(-0.57954 0.579553 1.11299)
(-0.295722 0.270301 0.481442)
(0.0625637 0.124235 -0.627285)
(-0.120403 0.10967 -0.61224)
(0.120397 0.109669 -0.612235)
(-0.062554 0.124245 -0.627289)
(0.295684 0.270325 0.481379)
(0.579544 0.579551 1.11298)
(0.440983 -0.737274 1.27137)
(-0.899503 0.899501 1.22408)
(0.737282 0.440985 1.27139)
(-0.33998 -0.428012 1.04046)
(0.156938 -0.0405726 -0.49938)
(-0.203513 -0.0654714 -0.600136)
(0.203515 -0.0654797 -0.600132)
(-0.156944 -0.0405569 -0.499387)
(0.339954 -0.427953 1.04045)
(-0.737278 0.440986 1.27137)
(0.899502 0.899502 1.22407)
)
;
    }
    procBoundary0to2
    {
        type            processor;
        value           nonuniform List<vector> 
100
(
(-0.843501 -0.8435 0.464143)
(0.500047 -0.554615 0.611956)
(-0.0464005 -0.118397 0.860083)
(0.298769 0.304004 -0.12368)
(-0.394722 0.165769 -0.76434)
(0.394816 0.165781 -0.764326)
(-0.298781 0.303858 -0.123799)
(0.046366 -0.118394 0.860051)
(-0.500034 -0.554619 0.611968)
(0.843498 -0.843501 0.464138)
(-0.554612 0.500042 0.611956)
(-0.338548 -0.338547 0.76894)
(-0.711643 0.177417 0.362249)
(-0.0555512 0.100909 -0.540246)
(-0.22195 -0.189759 -0.787133)
(0.221977 -0.189759 -0.787124)
(0.0555802 0.100644 -0.540223)
(0.711592 0.177409 0.362284)
(0.338566 -0.338549 0.768976)
(0.554619 0.500029 0.611964)
(-0.118412 -0.0464081 0.860091)
(0.177422 -0.711656 0.362259)
(-0.393939 -0.39393 1.88417)
(0.451266 -0.245686 0.71605)
(-0.100884 -0.0576589 -0.532116)
(0.100924 -0.057656 -0.532052)
(-0.451257 -0.245684 0.71615)
(0.393955 -0.393922 1.8842)
(-0.177443 -0.711646 0.362262)
(0.118454 -0.0463735 0.860082)
(0.304024 0.298766 -0.123651)
(0.100944 -0.0555408 -0.540244)
(-0.245687 0.451262 0.716055)
(0.0404512 0.0404231 -0.111925)
(-0.0565307 0.139533 -0.810322)
(0.0565356 0.139537 -0.810333)
(-0.04039 0.0403023 -0.111848)
(0.245699 0.451263 0.716099)
(-0.100842 -0.0555514 -0.540244)
(-0.303964 0.298772 -0.123706)
(0.165773 -0.394703 -0.764342)
(-0.189758 -0.221948 -0.787133)
(-0.0576509 -0.100872 -0.532118)
(0.13954 -0.0565284 -0.810324)
(-0.113421 -0.113422 -0.924302)
(0.113429 -0.113431 -0.924305)
(-0.139545 -0.0565146 -0.810336)
(0.0576467 -0.100884 -0.532095)
(0.189765 -0.221962 -0.787137)
(-0.165786 -0.394751 -0.764343)
(0.165789 0.394836 -0.764321)
(-0.189756 0.221989 -0.787119)
(-0.0576485 0.100937 -0.53203)
(0.139542 0.0565346 -0.810334)
(-0.113433 0.113432 -0.924307)
(0.11344 0.11344 -0.924312)
(-0.139545 0.056527 -0.810342)
(0.0576435 0.100945 -0.532029)
(0.189761 0.221994 -0.787127)
(-0.165799 0.394863 -0.764328)
(0.303816 -0.298792 -0.123826)
(0.10057 0.0555927 -0.540218)
(-0.245677 -0.451245 0.716185)
(0.0402733 -0.0403554 -0.111823)
(-0.0565141 -0.139542 -0.810338)
(0.0565241 -0.139544 -0.810344)
(-0.0402439 -0.0402571 -0.111794)
(0.245686 -0.451241 0.716195)
(-0.100546 0.0555896 -0.540222)
(-0.303791 -0.298793 -0.123833)
(-0.1184 0.0463528 0.860038)
(0.177405 0.711581 0.362295)
(-0.393919 0.393958 1.88421)
(0.451266 0.245703 0.71612)
(-0.100896 0.0576512 -0.532085)
(0.100936 0.0576491 -0.532044)
(-0.451253 0.245694 0.716182)
(0.393943 0.393956 1.88425)
(-0.177434 0.711584 0.362301)
(0.118434 0.046332 0.860038)
(-0.55462 -0.500027 0.61197)
(-0.338558 0.338563 0.768985)
(-0.71164 -0.177457 0.362256)
(-0.0555562 -0.100817 -0.540248)
(-0.221966 0.189766 -0.787139)
(0.221989 0.189765 -0.787133)
(0.055581 -0.100611 -0.540231)
(0.7116 -0.177457 0.362287)
(0.338575 0.338563 0.769007)
(0.554626 -0.500016 0.611973)
(-0.843501 0.843497 0.464137)
(0.500026 0.554622 0.611968)
(-0.0463612 0.118456 0.860079)
(0.298766 -0.303947 -0.123723)
(-0.394768 -0.165786 -0.764341)
(0.394847 -0.165796 -0.764331)
(-0.298775 -0.303827 -0.123811)
(0.0463409 0.118446 0.860053)
(-0.500017 0.554626 0.611974)
(0.843499 0.843498 0.464133)
)
;
    }
}


// ************************************************************************* //
