/*--------------------------------*- C++ -*----------------------------------*\
| =========                 |                                                 |
| \\      /  F ield         | OpenFOAM: The Open Source CFD Toolbox           |
|  \\    /   O peration     | Version:  2412                                  |
|   \\  /    A nd           | Website:  www.openfoam.com                      |
|    \\/     M anipulation  |                                                 |
\*---------------------------------------------------------------------------*/
FoamFile
{
    version     2.0;
    format      ascii;
    arch        "LSB;label=32;scalar=64";
    class       volVectorField;
    location    "0.31";
    object      U;
}
// * * * * * * * * * * * * * * * * * * * * * * * * * * * * * * * * * * * * * //

dimensions      [0 1 -1 0 0 0 0];

internalField   nonuniform List<vector> 
1000
(
(-0.032725 -0.032725 1.16572)
(-0.128556 -0.0438911 1.19156)
(-0.165562 -0.0835119 1.22198)
(-0.242745 -0.117223 1.27396)
(-0.190174 -0.410408 1.19057)
(0.190174 -0.410408 1.19057)
(0.242745 -0.117223 1.27396)
(0.165562 -0.0835121 1.22198)
(0.128556 -0.0438912 1.19156)
(0.032725 -0.032725 1.16572)
(-0.0438911 -0.128556 1.19156)
(-0.179429 -0.179429 1.21108)
(-0.249273 -0.283043 1.22865)
(-0.515612 -0.413645 1.00575)
(-0.344453 -0.416762 -0.435439)
(0.344453 -0.416763 -0.435439)
(0.515612 -0.413646 1.00575)
(0.249273 -0.283043 1.22865)
(0.179429 -0.179429 1.21108)
(0.0438912 -0.128556 1.19156)
(-0.0835119 -0.165562 1.22198)
(-0.283043 -0.249273 1.22865)
(-0.386903 -0.386903 1.03533)
(-0.440642 -0.0219396 -0.613077)
(-0.0515109 -0.104933 -2.5527)
(0.051511 -0.104933 -2.5527)
(0.440642 -0.0219398 -0.613075)
(0.386904 -0.386905 1.03534)
(0.283043 -0.249273 1.22865)
(0.0835121 -0.165562 1.22198)
(-0.117223 -0.242745 1.27396)
(-0.413645 -0.515612 1.00575)
(-0.0219396 -0.440642 -0.613077)
(0.05258 0.05258 -1.61995)
(-0.0410131 -0.219722 -2.91028)
(0.0410132 -0.219722 -2.91028)
(-0.0525798 0.0525807 -1.61995)
(0.0219397 -0.440644 -0.613077)
(0.413646 -0.515613 1.00575)
(0.117224 -0.242745 1.27396)
(-0.410408 -0.190174 1.19057)
(-0.416762 -0.344453 -0.435439)
(-0.104933 -0.0515109 -2.5527)
(-0.219722 -0.0410131 -2.91028)
(-0.0179379 -0.0179379 -3.03146)
(0.0179379 -0.0179379 -3.03146)
(0.219722 -0.0410131 -2.91028)
(0.104933 -0.0515111 -2.5527)
(0.416764 -0.344454 -0.435439)
(0.410408 -0.190174 1.19057)
(-0.410408 0.190174 1.19057)
(-0.416763 0.344453 -0.435439)
(-0.104933 0.051511 -2.5527)
(-0.219722 0.0410132 -2.91028)
(-0.0179379 0.0179379 -3.03146)
(0.0179379 0.0179379 -3.03146)
(0.219722 0.0410132 -2.91028)
(0.104933 0.0515111 -2.5527)
(0.416764 0.344454 -0.435439)
(0.410408 0.190174 1.19057)
(-0.117224 0.242745 1.27396)
(-0.413646 0.515612 1.00575)
(-0.0219398 0.440642 -0.613075)
(0.0525806 -0.0525798 -1.61995)
(-0.0410131 0.219722 -2.91028)
(0.0410132 0.219722 -2.91028)
(-0.0525805 -0.0525805 -1.61995)
(0.0219401 0.440644 -0.613075)
(0.413647 0.515612 1.00575)
(0.117224 0.242745 1.27396)
(-0.0835121 0.165562 1.22198)
(-0.283043 0.249273 1.22865)
(-0.386905 0.386904 1.03534)
(-0.440644 0.0219398 -0.613077)
(-0.0515111 0.104933 -2.5527)
(0.0515111 0.104933 -2.5527)
(0.440644 0.0219401 -0.613075)
(0.386906 0.386906 1.03534)
(0.283044 0.249274 1.22865)
(0.0835122 0.165562 1.22198)
(-0.0438912 0.128556 1.19156)
(-0.179429 0.179429 1.21108)
(-0.249273 0.283043 1.22865)
(-0.515613 0.413646 1.00575)
(-0.344454 0.416764 -0.435439)
(0.344454 0.416764 -0.435439)
(0.515612 0.413647 1.00575)
(0.249274 0.283044 1.22865)
(0.179429 0.179429 1.21108)
(0.0438913 0.128556 1.19156)
(-0.032725 0.032725 1.16572)
(-0.128556 0.0438912 1.19156)
(-0.165562 0.0835121 1.22198)
(-0.242745 0.117224 1.27396)
(-0.190174 0.410408 1.19057)
(0.190174 0.410408 1.19057)
(0.242745 0.117224 1.27396)
(0.165562 0.0835122 1.22198)
(0.128556 0.0438913 1.19156)
(0.032725 0.032725 1.16572)
(-0.0248703 -0.0248703 1.23975)
(-0.111297 -0.0346579 1.27781)
(-0.139803 -0.0711441 1.33541)
(-0.232944 -0.111761 1.41635)
(-0.19973 -0.430855 1.28319)
(0.19973 -0.430855 1.28319)
(0.232944 -0.111761 1.41635)
(0.139803 -0.0711442 1.33541)
(0.111297 -0.034658 1.27781)
(0.0248703 -0.0248703 1.23975)
(-0.0346579 -0.111297 1.27781)
(-0.158034 -0.158034 1.31923)
(-0.229398 -0.229076 1.36907)
(-0.532004 -0.320835 1.01611)
(-0.294861 -0.248799 -0.773904)
(0.294861 -0.248799 -0.773904)
(0.532004 -0.320835 1.01611)
(0.229398 -0.229077 1.36907)
(0.158034 -0.158034 1.31923)
(0.0346579 -0.111297 1.27781)
(-0.0711441 -0.139803 1.33541)
(-0.229076 -0.229398 1.36907)
(-0.295026 -0.295026 1.10242)
(-0.294744 -0.0035551 -0.803021)
(-0.0291525 -0.192366 -2.65107)
(0.0291526 -0.192365 -2.65107)
(0.294745 -0.00355383 -0.80302)
(0.295026 -0.295027 1.10242)
(0.229077 -0.229398 1.36907)
(0.0711442 -0.139803 1.33541)
(-0.111761 -0.232944 1.41635)
(-0.320835 -0.532004 1.01611)
(-0.00355509 -0.294744 -0.803021)
(0.0131371 0.0131371 -1.60428)
(-0.0207553 -0.266046 -2.93089)
(0.0207554 -0.266046 -2.93089)
(-0.0131375 0.013138 -1.60427)
(0.00355393 -0.294745 -0.803021)
(0.320835 -0.532004 1.01611)
(0.111761 -0.232944 1.41635)
(-0.430855 -0.19973 1.28319)
(-0.248799 -0.294861 -0.773904)
(-0.192366 -0.0291525 -2.65107)
(-0.266046 -0.0207552 -2.93089)
(0.0261005 0.0261005 -3.18493)
(-0.0261005 0.0261004 -3.18493)
(0.266046 -0.0207552 -2.93089)
(0.192365 -0.0291525 -2.65107)
(0.248799 -0.294861 -0.773904)
(0.430855 -0.19973 1.28319)
(-0.430855 0.19973 1.28319)
(-0.248799 0.294861 -0.773904)
(-0.192365 0.0291526 -2.65107)
(-0.266046 0.0207554 -2.93089)
(0.0261004 -0.0261005 -3.18493)
(-0.0261004 -0.0261004 -3.18493)
(0.266046 0.0207554 -2.93089)
(0.192365 0.0291526 -2.65107)
(0.248799 0.294861 -0.773904)
(0.430855 0.19973 1.28319)
(-0.111761 0.232944 1.41635)
(-0.320835 0.532004 1.01611)
(-0.00355389 0.294745 -0.80302)
(0.0131379 -0.0131375 -1.60428)
(-0.0207552 0.266046 -2.93089)
(0.0207553 0.266046 -2.93089)
(-0.0131383 -0.0131383 -1.60427)
(0.00355282 0.294745 -0.80302)
(0.320836 0.532004 1.01611)
(0.111761 0.232944 1.41635)
(-0.0711442 0.139803 1.33541)
(-0.229077 0.229398 1.36907)
(-0.295027 0.295026 1.10242)
(-0.294745 0.00355399 -0.803021)
(-0.0291525 0.192365 -2.65107)
(0.0291526 0.192365 -2.65107)
(0.294745 0.00355282 -0.80302)
(0.295027 0.295027 1.10242)
(0.229078 0.229398 1.36907)
(0.0711443 0.139803 1.33541)
(-0.034658 0.111297 1.27781)
(-0.158034 0.158034 1.31923)
(-0.229398 0.229077 1.36907)
(-0.532004 0.320835 1.01611)
(-0.294861 0.248799 -0.773904)
(0.294861 0.248799 -0.773904)
(0.532004 0.320836 1.01611)
(0.229398 0.229078 1.36907)
(0.158034 0.158034 1.31923)
(0.034658 0.111297 1.27781)
(-0.0248703 0.0248703 1.23975)
(-0.111297 0.0346579 1.27781)
(-0.139803 0.0711442 1.33541)
(-0.232944 0.111761 1.41635)
(-0.19973 0.430855 1.28319)
(0.19973 0.430855 1.28319)
(0.232944 0.111761 1.41635)
(0.139803 0.0711443 1.33541)
(0.111297 0.034658 1.27781)
(0.0248703 0.0248703 1.23975)
(-0.0136151 -0.0136151 1.29831)
(-0.0846308 -0.0197622 1.34795)
(-0.0986464 -0.0484113 1.42805)
(-0.200104 -0.080299 1.53386)
(-0.193755 -0.377053 1.33075)
(0.193754 -0.377053 1.33075)
(0.200104 -0.080299 1.53386)
(0.0986464 -0.0484113 1.42805)
(0.0846309 -0.0197623 1.34795)
(0.0136151 -0.0136151 1.29831)
(-0.0197622 -0.0846308 1.34795)
(-0.120136 -0.120136 1.4143)
(-0.172401 -0.143404 1.4887)
(-0.472947 -0.17425 1.00035)
(-0.214522 -0.134422 -1.04002)
(0.214522 -0.134422 -1.04002)
(0.472947 -0.17425 1.00035)
(0.172401 -0.143404 1.4887)
(0.120136 -0.120136 1.4143)
(0.0197622 -0.0846309 1.34795)
(-0.0484113 -0.0986464 1.42805)
(-0.143404 -0.172401 1.4887)
(-0.154641 -0.154641 1.12848)
(-0.181138 0.0405976 -0.902567)
(-0.00263138 -0.228835 -2.68275)
(0.00263139 -0.228835 -2.68275)
(0.181138 0.0405989 -0.902566)
(0.154642 -0.154642 1.12848)
(0.143404 -0.172401 1.4887)
(0.0484114 -0.0986463 1.42805)
(-0.080299 -0.200104 1.53386)
(-0.17425 -0.472947 1.00035)
(0.0405976 -0.181138 -0.902567)
(-0.0727815 -0.0727815 -1.628)
(0.0640466 -0.270966 -3.01492)
(-0.0640468 -0.270966 -3.01492)
(0.0727809 -0.0727806 -1.62799)
(-0.0405987 -0.181138 -0.902568)
(0.17425 -0.472947 1.00035)
(0.080299 -0.200104 1.53386)
(-0.377053 -0.193755 1.33075)
(-0.134422 -0.214522 -1.04002)
(-0.228835 -0.00263138 -2.68275)
(-0.270966 0.0640466 -3.01492)
(0.0833217 0.0833217 -3.30007)
(-0.0833216 0.0833215 -3.30007)
(0.270966 0.0640469 -3.01492)
(0.228835 -0.00263124 -2.68275)
(0.134422 -0.214522 -1.04002)
(0.377053 -0.193755 1.33075)
(-0.377053 0.193754 1.33075)
(-0.134422 0.214523 -1.04001)
(-0.228835 0.00263139 -2.68275)
(-0.270966 -0.0640468 -3.01492)
(0.0833215 -0.0833216 -3.30007)
(-0.0833215 -0.0833214 -3.30007)
(0.270966 -0.0640471 -3.01492)
(0.228835 0.00263126 -2.68275)
(0.134422 0.214523 -1.04002)
(0.377053 0.193755 1.33075)
(-0.080299 0.200104 1.53386)
(-0.17425 0.472947 1.00035)
(0.0405989 0.181138 -0.902566)
(-0.0727806 0.0727809 -1.62799)
(0.0640469 0.270966 -3.01492)
(-0.0640471 0.270966 -3.01492)
(0.0727801 0.07278 -1.62799)
(-0.0406 0.181138 -0.902567)
(0.17425 0.472947 1.00035)
(0.0802989 0.200104 1.53386)
(-0.0484113 0.0986464 1.42805)
(-0.143404 0.172401 1.4887)
(-0.154642 0.154642 1.12848)
(-0.181138 -0.0405987 -0.902567)
(-0.00263125 0.228835 -2.68275)
(0.00263126 0.228835 -2.68275)
(0.181138 -0.0406 -0.902567)
(0.154642 0.154642 1.12848)
(0.143405 0.172401 1.4887)
(0.0484114 0.0986463 1.42805)
(-0.0197623 0.0846309 1.34795)
(-0.120136 0.120136 1.4143)
(-0.172401 0.143404 1.4887)
(-0.472947 0.17425 1.00035)
(-0.214522 0.134422 -1.04002)
(0.214523 0.134422 -1.04002)
(0.472947 0.17425 1.00035)
(0.172401 0.143405 1.4887)
(0.120136 0.120136 1.4143)
(0.0197623 0.084631 1.34795)
(-0.0136151 0.0136151 1.29831)
(-0.0846309 0.0197622 1.34795)
(-0.0986463 0.0484114 1.42805)
(-0.200104 0.080299 1.53386)
(-0.193755 0.377053 1.33075)
(0.193755 0.377053 1.33075)
(0.200104 0.0802989 1.53386)
(0.0986463 0.0484114 1.42805)
(0.084631 0.0197623 1.34795)
(0.0136151 0.0136151 1.29831)
(-0.000140667 -0.000140661 1.33519)
(-0.0514511 -0.000901807 1.39361)
(-0.0437775 -0.0177528 1.48537)
(-0.145553 -0.0198262 1.6043)
(-0.173231 -0.277884 1.3429)
(0.173231 -0.277884 1.3429)
(0.145553 -0.0198261 1.6043)
(0.0437775 -0.0177529 1.48537)
(0.0514511 -0.000901805 1.39361)
(0.000140669 -0.000140659 1.33519)
(-0.000901813 -0.051451 1.39361)
(-0.0696559 -0.0696559 1.48185)
(-0.0833457 -0.0446819 1.57386)
(-0.353782 0.000330783 0.98012)
(-0.130617 -0.0687002 -1.2027)
(0.130617 -0.0687001 -1.2027)
(0.353782 0.0003306 0.980121)
(0.0833457 -0.0446821 1.57386)
(0.069656 -0.0696559 1.48185)
(0.000901813 -0.051451 1.39361)
(-0.0177529 -0.0437775 1.48537)
(-0.0446819 -0.0833457 1.57386)
(0.0209158 0.0209158 1.14527)
(-0.0993903 0.131344 -0.894636)
(0.0629689 -0.229449 -2.6688)
(-0.0629689 -0.229448 -2.6688)
(0.0993905 0.131345 -0.894636)
(-0.0209156 0.0209162 1.14527)
(0.0446821 -0.0833455 1.57386)
(0.0177529 -0.0437773 1.48537)
(-0.0198262 -0.145553 1.6043)
(0.000330821 -0.353782 0.98012)
(0.131344 -0.0993903 -0.894636)
(-0.102749 -0.102749 -1.63086)
(0.171462 -0.271557 -3.11073)
(-0.171463 -0.271557 -3.11073)
(0.102749 -0.102748 -1.63086)
(-0.131345 -0.0993901 -0.894637)
(-0.000331251 -0.353782 0.980121)
(0.0198259 -0.145553 1.6043)
(-0.277884 -0.173231 1.3429)
(-0.0687002 -0.130617 -1.2027)
(-0.229449 0.0629689 -2.6688)
(-0.271557 0.171462 -3.11073)
(0.0408199 0.0408199 -3.36358)
(-0.0408199 0.0408196 -3.36358)
(0.271557 0.171462 -3.11073)
(0.229449 0.0629692 -2.6688)
(0.0687 -0.130617 -1.2027)
(0.277885 -0.173231 1.3429)
(-0.277884 0.173231 1.3429)
(-0.0687001 0.130617 -1.2027)
(-0.229448 -0.062969 -2.6688)
(-0.271557 -0.171462 -3.11073)
(0.0408197 -0.04082 -3.36358)
(-0.0408197 -0.0408197 -3.36358)
(0.271557 -0.171463 -3.11073)
(0.229448 -0.0629692 -2.6688)
(0.0686999 0.130617 -1.2027)
(0.277885 0.173231 1.3429)
(-0.0198261 0.145553 1.6043)
(0.000330612 0.353782 0.980121)
(0.131345 0.0993904 -0.894636)
(-0.102748 0.102749 -1.63086)
(0.171462 0.271557 -3.11073)
(-0.171463 0.271557 -3.11073)
(0.102748 0.102748 -1.63086)
(-0.131346 0.0993903 -0.894637)
(-0.000331039 0.353782 0.980121)
(0.0198258 0.145553 1.6043)
(-0.0177528 0.0437775 1.48537)
(-0.0446821 0.0833457 1.57386)
(0.0209162 -0.0209156 1.14527)
(-0.0993902 -0.131345 -0.894637)
(0.0629692 0.229449 -2.6688)
(-0.0629692 0.229448 -2.6688)
(0.0993903 -0.131346 -0.894637)
(-0.020916 -0.020916 1.14527)
(0.0446822 0.0833455 1.57386)
(0.0177529 0.0437774 1.48537)
(-0.000901806 0.0514511 1.39361)
(-0.069656 0.069656 1.48185)
(-0.0833455 0.0446821 1.57386)
(-0.353782 -0.000331247 0.980121)
(-0.130617 0.0687 -1.2027)
(0.130617 0.0686999 -1.2027)
(0.353782 -0.000331063 0.980121)
(0.0833455 0.0446822 1.57386)
(0.069656 0.069656 1.48185)
(0.000901804 0.0514511 1.39361)
(-0.000140661 0.000140668 1.33519)
(-0.0514511 0.000901813 1.39361)
(-0.0437773 0.0177529 1.48537)
(-0.145553 0.0198259 1.6043)
(-0.173231 0.277885 1.3429)
(0.173231 0.277885 1.3429)
(0.145553 0.0198258 1.6043)
(0.0437773 0.0177529 1.48537)
(0.0514511 0.000901809 1.39361)
(0.000140662 0.000140666 1.33519)
(0.0151899 0.0151899 1.34776)
(-0.0151493 0.0219451 1.40863)
(0.0176821 0.0171935 1.50199)
(-0.0778867 0.0536873 1.61678)
(-0.14584 -0.153075 1.32954)
(0.14584 -0.153075 1.32954)
(0.0778867 0.0536874 1.61678)
(-0.0176821 0.0171936 1.50199)
(0.0151494 0.0219451 1.40863)
(-0.0151899 0.01519 1.34776)
(0.0219451 -0.0151493 1.40863)
(-0.0137063 -0.0137063 1.50816)
(0.0257201 0.0458963 1.60273)
(-0.202429 0.161507 0.953463)
(-0.052263 -0.0122707 -1.26673)
(0.052263 -0.0122706 -1.26673)
(0.202429 0.161507 0.953463)
(-0.0257201 0.0458964 1.60273)
(0.0137063 -0.0137063 1.50816)
(-0.0219451 -0.0151493 1.40863)
(0.0171935 0.0176821 1.50199)
(0.0458963 0.0257201 1.60273)
(0.190824 0.190824 1.16265)
(-0.0257144 0.238997 -0.813253)
(0.159926 -0.221508 -2.60863)
(-0.159926 -0.221508 -2.60863)
(0.0257144 0.238997 -0.813253)
(-0.190824 0.190824 1.16265)
(-0.0458963 0.0257206 1.60273)
(-0.0171935 0.0176823 1.50199)
(0.0536873 -0.0778867 1.61678)
(0.161508 -0.202428 0.953463)
(0.238997 -0.0257143 -0.813253)
(-0.0830691 -0.0830691 -1.65081)
(0.205943 -0.205496 -3.13485)
(-0.205943 -0.205496 -3.13485)
(0.0830688 -0.0830685 -1.65081)
(-0.238997 -0.025714 -0.813253)
(-0.161508 -0.202428 0.953463)
(-0.0536877 -0.0778864 1.61678)
(-0.153075 -0.14584 1.32954)
(-0.0122706 -0.052263 -1.26673)
(-0.221508 0.159926 -2.60863)
(-0.205496 0.205943 -3.13485)
(-0.0377168 -0.0377168 -3.52941)
(0.0377165 -0.037717 -3.52941)
(0.205496 0.205943 -3.13485)
(0.221508 0.159926 -2.60863)
(0.0122703 -0.0522628 -1.26673)
(0.153075 -0.14584 1.32954)
(-0.153075 0.14584 1.32954)
(-0.0122705 0.052263 -1.26673)
(-0.221508 -0.159926 -2.60863)
(-0.205496 -0.205943 -3.13485)
(-0.0377169 0.0377164 -3.52941)
(0.0377166 0.0377166 -3.52941)
(0.205496 -0.205944 -3.13485)
(0.221508 -0.159926 -2.60863)
(0.0122702 0.0522628 -1.26673)
(0.153075 0.14584 1.32954)
(0.0536874 0.0778866 1.61678)
(0.161507 0.202429 0.953463)
(0.238997 0.0257144 -0.813253)
(-0.0830685 0.0830687 -1.65081)
(0.205943 0.205496 -3.13485)
(-0.205944 0.205496 -3.13485)
(0.0830682 0.0830681 -1.6508)
(-0.238998 0.0257141 -0.813253)
(-0.161508 0.202428 0.953463)
(-0.0536878 0.0778864 1.61678)
(0.0171936 -0.0176821 1.50199)
(0.0458964 -0.0257201 1.60273)
(0.190824 -0.190824 1.16265)
(-0.025714 -0.238997 -0.813253)
(0.159926 0.221508 -2.60863)
(-0.159926 0.221508 -2.60863)
(0.0257141 -0.238998 -0.813253)
(-0.190824 -0.190824 1.16265)
(-0.0458964 -0.0257205 1.60273)
(-0.0171936 -0.0176823 1.50199)
(0.0219451 0.0151494 1.40863)
(-0.0137063 0.0137063 1.50816)
(0.0257205 -0.0458963 1.60273)
(-0.202428 -0.161508 0.953463)
(-0.0522628 0.0122703 -1.26673)
(0.0522628 0.0122702 -1.26673)
(0.202428 -0.161508 0.953463)
(-0.0257205 -0.0458964 1.60273)
(0.0137063 0.0137063 1.50816)
(-0.0219451 0.0151493 1.40863)
(0.01519 -0.0151899 1.34776)
(-0.0151493 -0.0219451 1.40863)
(0.0176823 -0.0171935 1.50199)
(-0.0778864 -0.0536877 1.61678)
(-0.14584 0.153075 1.32954)
(0.14584 0.153075 1.32954)
(0.0778864 -0.0536878 1.61678)
(-0.0176823 -0.0171936 1.50199)
(0.0151493 -0.0219451 1.40863)
(-0.01519 -0.01519 1.34776)
(0.0307509 0.0307509 1.33385)
(0.0216683 0.0451305 1.3912)
(0.0774259 0.0531609 1.47865)
(-0.00833355 0.125449 1.57514)
(-0.117413 -0.0287 1.30669)
(0.117413 -0.0287 1.30669)
(0.00833354 0.125449 1.57514)
(-0.0774259 0.053161 1.47865)
(-0.0216683 0.0451305 1.3912)
(-0.0307509 0.030751 1.33385)
(0.0451305 0.0216683 1.3912)
(0.0433875 0.0433875 1.49006)
(0.133597 0.121467 1.58071)
(-0.0514969 0.297998 0.934594)
(0.0179281 0.0673214 -1.25951)
(-0.0179282 0.0673214 -1.25951)
(0.051497 0.297998 0.934594)
(-0.133597 0.121468 1.58071)
(-0.0433875 0.0433876 1.49006)
(-0.0451305 0.0216684 1.3912)
(0.0531609 0.0774259 1.47865)
(0.121467 0.133597 1.58071)
(0.330439 0.330439 1.16792)
(0.0703184 0.331881 -0.712499)
(0.248628 -0.150536 -2.52281)
(-0.248628 -0.150536 -2.52281)
(-0.0703184 0.331881 -0.712499)
(-0.330439 0.33044 1.16792)
(-0.121467 0.133597 1.58071)
(-0.0531609 0.0774261 1.47865)
(0.125449 -0.00833351 1.57514)
(0.297998 -0.0514968 0.934594)
(0.331881 0.0703185 -0.712499)
(-0.00588332 -0.00588333 -1.62608)
(0.222917 -0.0761523 -3.12944)
(-0.222917 -0.0761523 -3.12944)
(0.00588346 -0.00588339 -1.62608)
(-0.331881 0.070319 -0.712499)
(-0.297999 -0.0514962 0.934594)
(-0.12545 -0.00833317 1.57514)
(-0.0286999 -0.117413 1.30669)
(0.0673214 0.0179281 -1.25951)
(-0.150536 0.248628 -2.52281)
(-0.0761522 0.222917 -3.12944)
(-0.0101836 -0.0101837 -3.6061)
(0.0101831 -0.0101836 -3.6061)
(0.0761518 0.222917 -3.12944)
(0.150536 0.248628 -2.52281)
(-0.067322 0.0179284 -1.25951)
(0.0286997 -0.117412 1.30669)
(-0.0287 0.117413 1.30669)
(0.0673215 -0.0179282 -1.25951)
(-0.150536 -0.248628 -2.52281)
(-0.0761522 -0.222917 -3.12944)
(-0.0101836 0.0101831 -3.6061)
(0.0101831 0.0101831 -3.6061)
(0.0761518 -0.222918 -3.12944)
(0.150536 -0.248628 -2.52281)
(-0.0673221 -0.0179285 -1.25951)
(0.0286998 0.117412 1.30669)
(0.12545 0.00833351 1.57514)
(0.297998 0.0514969 0.934594)
(0.331881 -0.0703185 -0.712499)
(-0.00588336 0.00588336 -1.62608)
(0.222917 0.0761519 -3.12944)
(-0.222918 0.0761519 -3.12944)
(0.00588345 0.00588338 -1.62608)
(-0.331881 -0.070319 -0.712499)
(-0.297999 0.0514963 0.934594)
(-0.12545 0.00833318 1.57514)
(0.053161 -0.0774259 1.47865)
(0.121468 -0.133597 1.58071)
(0.33044 -0.330439 1.16792)
(0.0703189 -0.331882 -0.712499)
(0.248628 0.150536 -2.52281)
(-0.248628 0.150536 -2.52281)
(-0.070319 -0.331881 -0.712499)
(-0.33044 -0.33044 1.16792)
(-0.121468 -0.133597 1.58071)
(-0.053161 -0.0774261 1.47865)
(0.0451305 -0.0216683 1.3912)
(0.0433876 -0.0433875 1.49006)
(0.133597 -0.121467 1.58071)
(-0.0514963 -0.297999 0.934594)
(0.0179284 -0.067322 -1.25951)
(-0.0179285 -0.067322 -1.25951)
(0.0514963 -0.297999 0.934594)
(-0.133597 -0.121468 1.58071)
(-0.0433876 -0.0433876 1.49006)
(-0.0451305 -0.0216684 1.3912)
(0.030751 -0.0307509 1.33385)
(0.0216684 -0.0451305 1.3912)
(0.0774261 -0.0531609 1.47865)
(-0.00833319 -0.12545 1.57514)
(-0.117412 0.0286997 1.30669)
(0.117412 0.0286998 1.30669)
(0.00833319 -0.12545 1.57514)
(-0.0774261 -0.053161 1.47865)
(-0.0216684 -0.0451305 1.3912)
(-0.030751 -0.030751 1.33385)
(0.0453298 0.0453298 1.29324)
(0.0555006 0.0675463 1.34376)
(0.128645 0.0873719 1.41983)
(0.0557973 0.181765 1.49071)
(-0.0890525 0.0922651 1.24389)
(0.0890524 0.0922651 1.24389)
(-0.0557973 0.181765 1.49071)
(-0.128645 0.0873719 1.41983)
(-0.0555006 0.0675463 1.34376)
(-0.0453298 0.0453298 1.29324)
(0.0675463 0.0555006 1.34376)
(0.0971899 0.0971899 1.43331)
(0.221821 0.18264 1.52029)
(0.0948108 0.41182 0.910023)
(0.0861971 0.157341 -1.20991)
(-0.0861973 0.157341 -1.20991)
(-0.0948108 0.411819 0.910022)
(-0.22182 0.182641 1.52029)
(-0.0971899 0.0971899 1.43331)
(-0.0675463 0.0555007 1.34376)
(0.0873719 0.128645 1.41983)
(0.18264 0.221821 1.52029)
(0.438076 0.438076 1.15625)
(0.179278 0.421399 -0.584741)
(0.287846 0.090977 -2.39981)
(-0.287847 0.090977 -2.39981)
(-0.179278 0.421398 -0.584741)
(-0.438076 0.438077 1.15625)
(-0.182641 0.221821 1.52029)
(-0.0873718 0.128646 1.41983)
(0.181765 0.0557973 1.49071)
(0.41182 0.0948109 0.910023)
(0.421399 0.179278 -0.584741)
(0.118152 0.118152 -1.56782)
(0.248804 0.0474625 -3.07652)
(-0.248805 0.0474624 -3.07651)
(-0.118152 0.118152 -1.56782)
(-0.421399 0.179279 -0.584741)
(-0.41182 0.0948115 0.910023)
(-0.181765 0.0557976 1.49071)
(0.0922652 -0.0890525 1.24389)
(0.157341 0.0861971 -1.20991)
(0.0909772 0.287846 -2.39981)
(0.0474626 0.248804 -3.07652)
(0.0785372 0.0785371 -3.6115)
(-0.0785376 0.0785372 -3.6115)
(-0.047463 0.248804 -3.07651)
(-0.0909775 0.287847 -2.39981)
(-0.157342 0.0861974 -1.20991)
(-0.0922654 -0.0890523 1.24389)
(0.0922651 0.0890524 1.24389)
(0.157341 -0.0861973 -1.20991)
(0.0909771 -0.287847 -2.39981)
(0.0474625 -0.248805 -3.07651)
(0.0785372 -0.0785377 -3.6115)
(-0.0785377 -0.0785377 -3.6115)
(-0.0474629 -0.248805 -3.07651)
(-0.0909774 -0.287847 -2.39981)
(-0.157342 -0.0861976 -1.20991)
(-0.0922654 0.0890523 1.24389)
(0.181765 -0.0557973 1.49071)
(0.411819 -0.0948108 0.910022)
(0.421398 -0.179278 -0.584741)
(0.118152 -0.118152 -1.56782)
(0.248804 -0.047463 -3.07651)
(-0.248805 -0.0474629 -3.07651)
(-0.118152 -0.118152 -1.56782)
(-0.421398 -0.179279 -0.584741)
(-0.41182 -0.0948114 0.910023)
(-0.181765 -0.0557976 1.49071)
(0.0873719 -0.128645 1.41983)
(0.182641 -0.221821 1.52029)
(0.438077 -0.438076 1.15625)
(0.179279 -0.421399 -0.584741)
(0.287847 -0.0909774 -2.39981)
(-0.287847 -0.0909774 -2.39981)
(-0.179279 -0.421398 -0.584741)
(-0.438077 -0.438077 1.15625)
(-0.182641 -0.221821 1.52029)
(-0.0873719 -0.128646 1.41983)
(0.0675464 -0.0555006 1.34376)
(0.0971899 -0.0971899 1.43331)
(0.221821 -0.182641 1.52029)
(0.0948114 -0.41182 0.910023)
(0.0861973 -0.157342 -1.20991)
(-0.0861975 -0.157342 -1.20991)
(-0.0948114 -0.41182 0.910023)
(-0.221821 -0.182641 1.52029)
(-0.0971899 -0.0971899 1.43331)
(-0.0675464 -0.0555007 1.34376)
(0.0453298 -0.0453298 1.29324)
(0.0555007 -0.0675463 1.34376)
(0.128646 -0.0873718 1.41983)
(0.0557976 -0.181765 1.49071)
(-0.0890524 -0.0922654 1.24389)
(0.0890523 -0.0922654 1.24389)
(-0.0557976 -0.181765 1.49071)
(-0.128646 -0.0873719 1.41983)
(-0.0555007 -0.0675463 1.34376)
(-0.0453298 -0.0453298 1.29324)
(0.0570954 0.0570954 1.22976)
(0.0839301 0.0827193 1.27062)
(0.168208 0.116336 1.33194)
(0.109451 0.218017 1.37517)
(-0.0614399 0.193832 1.1479)
(0.0614398 0.193832 1.1479)
(-0.109451 0.218016 1.37517)
(-0.168208 0.116336 1.33194)
(-0.0839301 0.0827193 1.27062)
(-0.0570954 0.0570954 1.22975)
(0.0827193 0.0839301 1.27062)
(0.143298 0.143298 1.34353)
(0.28522 0.229227 1.42662)
(0.219195 0.496463 0.869009)
(0.147192 0.247572 -1.12659)
(-0.147192 0.247572 -1.12659)
(-0.219195 0.496463 0.869009)
(-0.285219 0.229227 1.42662)
(-0.143298 0.143298 1.34353)
(-0.0827192 0.0839302 1.27062)
(0.116336 0.168208 1.33194)
(0.229227 0.28522 1.42662)
(0.512465 0.512465 1.1177)
(0.288496 0.502119 -0.449099)
(0.317057 0.265374 -2.24469)
(-0.317057 0.265373 -2.24469)
(-0.288496 0.502118 -0.449099)
(-0.512465 0.512465 1.1177)
(-0.229227 0.28522 1.42662)
(-0.116336 0.168208 1.33194)
(0.218017 0.109451 1.37517)
(0.496463 0.219195 0.869009)
(0.50212 0.288496 -0.449099)
(0.228528 0.228528 -1.47201)
(0.277916 0.176139 -2.94438)
(-0.277917 0.176139 -2.94438)
(-0.228527 0.228527 -1.47201)
(-0.502119 0.288497 -0.449099)
(-0.496463 0.219195 0.869009)
(-0.218016 0.109451 1.37517)
(0.193832 -0.0614399 1.1479)
(0.247572 0.147192 -1.12659)
(0.265374 0.317057 -2.24469)
(0.176139 0.277916 -2.94438)
(0.155193 0.155193 -3.50246)
(-0.155193 0.155193 -3.50246)
(-0.17614 0.277917 -2.94438)
(-0.265374 0.317057 -2.24469)
(-0.247572 0.147192 -1.12659)
(-0.193832 -0.0614397 1.1479)
(0.193832 0.0614398 1.1479)
(0.247572 -0.147192 -1.12659)
(0.265374 -0.317057 -2.24469)
(0.176139 -0.277917 -2.94438)
(0.155193 -0.155193 -3.50246)
(-0.155193 -0.155193 -3.50246)
(-0.17614 -0.277917 -2.94438)
(-0.265374 -0.317057 -2.24469)
(-0.247572 -0.147192 -1.12659)
(-0.193832 0.0614396 1.1479)
(0.218016 -0.109451 1.37517)
(0.496463 -0.219195 0.869009)
(0.502119 -0.288496 -0.449099)
(0.228527 -0.228527 -1.47201)
(0.277917 -0.17614 -2.94438)
(-0.277917 -0.17614 -2.94438)
(-0.228527 -0.228527 -1.47201)
(-0.502118 -0.288497 -0.449099)
(-0.496463 -0.219195 0.869009)
(-0.218016 -0.109451 1.37517)
(0.116336 -0.168208 1.33194)
(0.229227 -0.28522 1.42662)
(0.512465 -0.512465 1.1177)
(0.288497 -0.502119 -0.449099)
(0.317057 -0.265374 -2.24469)
(-0.317057 -0.265374 -2.24469)
(-0.288497 -0.502118 -0.449099)
(-0.512465 -0.512465 1.1177)
(-0.229227 -0.28522 1.42662)
(-0.116336 -0.168208 1.33194)
(0.0827193 -0.0839301 1.27062)
(0.143298 -0.143298 1.34353)
(0.28522 -0.229227 1.42662)
(0.219195 -0.496463 0.869009)
(0.147192 -0.247572 -1.12659)
(-0.147192 -0.247572 -1.12659)
(-0.219195 -0.496463 0.869009)
(-0.28522 -0.229227 1.42662)
(-0.143298 -0.143298 1.34353)
(-0.0827192 -0.0839301 1.27062)
(0.0570954 -0.0570954 1.22975)
(0.0839302 -0.0827193 1.27062)
(0.168208 -0.116336 1.33194)
(0.109451 -0.218016 1.37517)
(-0.0614397 -0.193832 1.1479)
(0.0614396 -0.193832 1.1479)
(-0.109451 -0.218016 1.37517)
(-0.168208 -0.116336 1.33194)
(-0.0839301 -0.0827192 1.27062)
(-0.0570954 -0.0570954 1.22975)
(0.0656695 0.0656695 1.14848)
(0.105734 0.0933724 1.1783)
(0.195387 0.136718 1.2234)
(0.150834 0.234938 1.23757)
(-0.0355657 0.265776 1.02819)
(0.0355656 0.265776 1.02819)
(-0.150834 0.234938 1.23757)
(-0.195387 0.136718 1.2234)
(-0.105734 0.0933724 1.1783)
(-0.0656695 0.0656695 1.14848)
(0.0933724 0.105734 1.1783)
(0.17775 0.17775 1.231)
(0.324967 0.261097 1.30933)
(0.307314 0.554984 0.815609)
(0.198226 0.335623 -1.02226)
(-0.198226 0.335623 -1.02226)
(-0.307314 0.554983 0.815609)
(-0.324967 0.261097 1.30933)
(-0.17775 0.17775 1.231)
(-0.0933723 0.105734 1.1783)
(0.136718 0.195387 1.2234)
(0.261097 0.324967 1.30933)
(0.560878 0.560878 1.05156)
(0.3811 0.558995 -0.316664)
(0.343087 0.365216 -2.06957)
(-0.343087 0.365216 -2.06957)
(-0.3811 0.558994 -0.316664)
(-0.560878 0.560878 1.05156)
(-0.261097 0.324967 1.30933)
(-0.136718 0.195387 1.2234)
(0.234938 0.150834 1.23757)
(0.554984 0.307314 0.815609)
(0.558995 0.3811 -0.316663)
(0.319647 0.319647 -1.35434)
(0.302554 0.280324 -2.76579)
(-0.302555 0.280324 -2.76579)
(-0.319646 0.319646 -1.35434)
(-0.558994 0.3811 -0.316663)
(-0.554984 0.307314 0.815609)
(-0.234938 0.150834 1.23757)
(0.265777 -0.0355657 1.02819)
(0.335623 0.198226 -1.02226)
(0.365216 0.343087 -2.06957)
(0.280324 0.302555 -2.76579)
(0.188466 0.188466 -3.27565)
(-0.188466 0.188466 -3.27565)
(-0.280325 0.302554 -2.76579)
(-0.365216 0.343087 -2.06956)
(-0.335623 0.198226 -1.02226)
(-0.265776 -0.0355656 1.02819)
(0.265776 0.0355656 1.02819)
(0.335623 -0.198226 -1.02226)
(0.365216 -0.343087 -2.06957)
(0.280324 -0.302555 -2.76579)
(0.188466 -0.188466 -3.27565)
(-0.188466 -0.188466 -3.27565)
(-0.280325 -0.302555 -2.76579)
(-0.365216 -0.343087 -2.06956)
(-0.335623 -0.198226 -1.02226)
(-0.265776 0.0355655 1.02819)
(0.234938 -0.150834 1.23757)
(0.554984 -0.307314 0.815609)
(0.558994 -0.3811 -0.316664)
(0.319646 -0.319646 -1.35434)
(0.302555 -0.280325 -2.76579)
(-0.302555 -0.280325 -2.76579)
(-0.319646 -0.319646 -1.35434)
(-0.558994 -0.3811 -0.316663)
(-0.554984 -0.307314 0.815609)
(-0.234938 -0.150834 1.23757)
(0.136718 -0.195387 1.2234)
(0.261097 -0.324967 1.30933)
(0.560878 -0.560878 1.05156)
(0.3811 -0.558995 -0.316663)
(0.343087 -0.365216 -2.06956)
(-0.343087 -0.365216 -2.06956)
(-0.3811 -0.558994 -0.316663)
(-0.560878 -0.560878 1.05156)
(-0.261097 -0.324967 1.30933)
(-0.136718 -0.195387 1.2234)
(0.0933724 -0.105734 1.1783)
(0.17775 -0.17775 1.231)
(0.324967 -0.261097 1.30933)
(0.307314 -0.554984 0.815609)
(0.198226 -0.335623 -1.02226)
(-0.198226 -0.335623 -1.02226)
(-0.307314 -0.554984 0.815609)
(-0.324967 -0.261097 1.30933)
(-0.17775 -0.17775 1.231)
(-0.0933723 -0.105734 1.1783)
(0.0656695 -0.0656695 1.14848)
(0.105734 -0.0933724 1.1783)
(0.195387 -0.136718 1.2234)
(0.150834 -0.234938 1.23757)
(-0.0355656 -0.265776 1.02819)
(0.0355655 -0.265776 1.02819)
(-0.150834 -0.234938 1.23757)
(-0.195387 -0.136718 1.2234)
(-0.105734 -0.0933723 1.1783)
(-0.0656695 -0.0656695 1.14848)
(0.0708672 0.0708672 1.05464)
(0.12054 0.0984372 1.07315)
(0.210636 0.147565 1.10236)
(0.178867 0.235556 1.08657)
(-0.0123015 0.29948 0.893081)
(0.0123013 0.29948 0.893081)
(-0.178867 0.235556 1.08657)
(-0.210636 0.147565 1.10236)
(-0.12054 0.0984371 1.07315)
(-0.0708672 0.0708672 1.05464)
(0.0984372 0.12054 1.07315)
(0.199526 0.199526 1.10674)
(0.343525 0.278612 1.17001)
(0.362607 0.582116 0.750523)
(0.229819 0.401277 -0.897741)
(-0.229819 0.401277 -0.897741)
(-0.362607 0.582115 0.750523)
(-0.343525 0.278612 1.17001)
(-0.199526 0.199526 1.10674)
(-0.0984371 0.12054 1.07315)
(0.147565 0.210636 1.10236)
(0.278612 0.343525 1.17001)
(0.580066 0.580067 0.963116)
(0.446647 0.593055 -0.193435)
(0.364786 0.430889 -1.8657)
(-0.364786 0.430889 -1.8657)
(-0.446647 0.593054 -0.193435)
(-0.580066 0.580066 0.963116)
(-0.278612 0.343525 1.17001)
(-0.147565 0.210636 1.10236)
(0.235556 0.178867 1.08657)
(0.582116 0.362607 0.750523)
(0.593055 0.446647 -0.193435)
(0.388497 0.388497 -1.22605)
(0.321657 0.346772 -2.546)
(-0.321657 0.346772 -2.546)
(-0.388497 0.388497 -1.22605)
(-0.593054 0.446647 -0.193434)
(-0.582115 0.362607 0.750523)
(-0.235555 0.178867 1.08657)
(0.29948 -0.0123014 0.893081)
(0.401277 0.229819 -0.897741)
(0.430889 0.364786 -1.8657)
(0.346772 0.321657 -2.546)
(0.201117 0.201117 -3.02765)
(-0.201117 0.201117 -3.02765)
(-0.346772 0.321657 -2.546)
(-0.430889 0.364786 -1.8657)
(-0.401276 0.229819 -0.897741)
(-0.29948 -0.0123014 0.893081)
(0.29948 0.0123013 0.893081)
(0.401277 -0.229819 -0.897741)
(0.430889 -0.364786 -1.8657)
(0.346772 -0.321657 -2.546)
(0.201117 -0.201117 -3.02765)
(-0.201117 -0.201117 -3.02765)
(-0.346772 -0.321657 -2.546)
(-0.430889 -0.364786 -1.8657)
(-0.401276 -0.229819 -0.89774)
(-0.29948 0.0123012 0.893081)
(0.235556 -0.178867 1.08657)
(0.582115 -0.362607 0.750523)
(0.593054 -0.446647 -0.193435)
(0.388497 -0.388497 -1.22605)
(0.321657 -0.346772 -2.546)
(-0.321657 -0.346772 -2.546)
(-0.388497 -0.388497 -1.22605)
(-0.593053 -0.446647 -0.193434)
(-0.582115 -0.362607 0.750523)
(-0.235555 -0.178867 1.08657)
(0.147565 -0.210636 1.10236)
(0.278612 -0.343525 1.17001)
(0.580066 -0.580066 0.963116)
(0.446647 -0.593054 -0.193434)
(0.364786 -0.430889 -1.8657)
(-0.364786 -0.430889 -1.8657)
(-0.446647 -0.593053 -0.193434)
(-0.580066 -0.580066 0.963116)
(-0.278612 -0.343525 1.17001)
(-0.147565 -0.210636 1.10236)
(0.0984371 -0.12054 1.07315)
(0.199526 -0.199526 1.10674)
(0.343525 -0.278612 1.17001)
(0.362607 -0.582115 0.750523)
(0.229819 -0.401276 -0.897741)
(-0.229819 -0.401276 -0.897741)
(-0.362607 -0.582115 0.750523)
(-0.343525 -0.278612 1.17001)
(-0.199526 -0.199526 1.10674)
(-0.0984371 -0.12054 1.07315)
(0.0708672 -0.0708672 1.05464)
(0.12054 -0.0984371 1.07315)
(0.210636 -0.147565 1.10236)
(0.178867 -0.235555 1.08657)
(-0.0123014 -0.29948 0.893082)
(0.0123013 -0.29948 0.893082)
(-0.178867 -0.235555 1.08657)
(-0.210636 -0.147565 1.10236)
(-0.12054 -0.0984371 1.07315)
(-0.0708672 -0.0708672 1.05464)
)
;

boundaryField
{
    bottom
    {
        type            noSlip;
    }
    atmosphere
    {
        type            pressureInletOutletVelocity;
        value           nonuniform List<vector> 0();
    }
    walls
    {
        type            noSlip;
    }
    procBoundary0to1
    {
        type            processor;
        value           nonuniform List<vector> 
100
(
(0.0727533 0.0727533 0.95378)
(0.128604 0.0986677 0.961474)
(0.214846 0.149931 0.976135)
(0.193486 0.2239 0.932045)
(0.00713774 0.310031 0.752663)
(-0.00713786 0.310031 0.752663)
(-0.193487 0.223899 0.932045)
(-0.214846 0.149931 0.976135)
(-0.128604 0.0986677 0.961474)
(-0.0727533 0.0727533 0.95378)
(0.0986677 0.128604 0.961474)
(0.209842 0.209842 0.979114)
(0.344261 0.28382 1.02583)
(0.388092 0.576029 0.676042)
(0.236593 0.429938 -0.765333)
(-0.236593 0.429938 -0.765333)
(-0.388092 0.576029 0.676042)
(-0.344261 0.28382 1.02583)
(-0.209842 0.209842 0.979114)
(-0.0986677 0.128604 0.961474)
(0.149931 0.214846 0.976135)
(0.28382 0.344261 1.02583)
(0.567257 0.567257 0.860594)
(0.485395 0.609461 -0.0893193)
(0.374693 0.467365 -1.6473)
(-0.374693 0.467365 -1.6473)
(-0.485395 0.60946 -0.0893194)
(-0.567257 0.567256 0.860594)
(-0.28382 0.344261 1.02583)
(-0.149931 0.214846 0.976135)
(0.2239 0.193487 0.932045)
(0.576029 0.388092 0.676042)
(0.609461 0.485395 -0.0893193)
(0.427564 0.427564 -1.08129)
(0.333305 0.387054 -2.29384)
(-0.333305 0.387054 -2.29384)
(-0.427564 0.427564 -1.08129)
(-0.60946 0.485395 -0.0893191)
(-0.576028 0.388092 0.676042)
(-0.223899 0.193486 0.932045)
(0.310031 0.00713775 0.752663)
(0.429938 0.236593 -0.765333)
(0.467365 0.374693 -1.6473)
(0.387054 0.333305 -2.29384)
(0.212381 0.21238 -2.73753)
(-0.212381 0.21238 -2.73753)
(-0.387054 0.333305 -2.29384)
(-0.467365 0.374693 -1.6473)
(-0.429938 0.236593 -0.765332)
(-0.310031 0.00713778 0.752663)
(0.310031 -0.00713787 0.752663)
(0.429938 -0.236593 -0.765332)
(0.467365 -0.374693 -1.6473)
(0.387054 -0.333305 -2.29384)
(0.212381 -0.212381 -2.73753)
(-0.212381 -0.212381 -2.73753)
(-0.387055 -0.333305 -2.29384)
(-0.467365 -0.374693 -1.6473)
(-0.429938 -0.236593 -0.765332)
(-0.310031 -0.0071379 0.752663)
(0.223899 -0.193487 0.932045)
(0.576029 -0.388092 0.676042)
(0.60946 -0.485395 -0.0893193)
(0.427564 -0.427564 -1.08129)
(0.333305 -0.387054 -2.29384)
(-0.333305 -0.387054 -2.29384)
(-0.427564 -0.427564 -1.08129)
(-0.60946 -0.485395 -0.0893191)
(-0.576028 -0.388092 0.676042)
(-0.223899 -0.193486 0.932045)
(0.149931 -0.214846 0.976135)
(0.28382 -0.344261 1.02583)
(0.567256 -0.567257 0.860594)
(0.485395 -0.60946 -0.0893191)
(0.374693 -0.467365 -1.6473)
(-0.374693 -0.467365 -1.6473)
(-0.485395 -0.60946 -0.0893191)
(-0.567256 -0.567256 0.860594)
(-0.28382 -0.344261 1.02583)
(-0.149931 -0.214846 0.976135)
(0.0986677 -0.128604 0.961474)
(0.209842 -0.209842 0.979114)
(0.344261 -0.28382 1.02583)
(0.388092 -0.576028 0.676042)
(0.236593 -0.429938 -0.765332)
(-0.236593 -0.429938 -0.765332)
(-0.388092 -0.576028 0.676042)
(-0.344261 -0.28382 1.02583)
(-0.209842 -0.209842 0.979114)
(-0.0986676 -0.128604 0.961474)
(0.0727533 -0.0727533 0.95378)
(0.128604 -0.0986677 0.961474)
(0.214846 -0.149931 0.976135)
(0.193486 -0.223899 0.932045)
(0.00713778 -0.310031 0.752663)
(-0.0071379 -0.310031 0.752663)
(-0.193486 -0.223899 0.932045)
(-0.214846 -0.149931 0.976135)
(-0.128604 -0.0986676 0.961474)
(-0.0727533 -0.0727533 0.95378)
)
;
    }
    procBoundary0to2
    {
        type            processor;
        value           nonuniform List<vector> 
100
(
(-0.037516 -0.037516 1.0827)
(-0.136495 -0.0485697 1.09769)
(-0.177507 -0.0865158 1.10337)
(-0.236989 -0.108957 1.12902)
(-0.16997 -0.331612 1.06154)
(0.16997 -0.331612 1.06154)
(0.236989 -0.108957 1.12902)
(0.177507 -0.0865159 1.10337)
(0.136496 -0.0485697 1.09769)
(0.037516 -0.037516 1.0827)
(-0.0485697 -0.136495 1.09769)
(-0.18543 -0.18543 1.10164)
(-0.245064 -0.299921 1.08852)
(-0.446674 -0.441623 0.961857)
(-0.333588 -0.572494 -0.0924783)
(0.333587 -0.572494 -0.092478)
(0.446674 -0.441624 0.961857)
(0.245064 -0.299921 1.08852)
(0.185431 -0.18543 1.10164)
(0.0485697 -0.136495 1.09769)
(-0.0865158 -0.177507 1.10337)
(-0.299921 -0.245064 1.08852)
(-0.419865 -0.419865 0.921779)
(-0.551171 -0.0763399 -0.379182)
(-0.118028 -0.0427645 -2.34359)
(0.118027 -0.0427645 -2.34359)
(0.551171 -0.076342 -0.37918)
(0.419865 -0.419865 0.92178)
(0.299921 -0.245064 1.08852)
(0.0865158 -0.177507 1.10337)
(-0.108957 -0.236988 1.12902)
(-0.441623 -0.446674 0.961857)
(-0.0763399 -0.551171 -0.379182)
(0.0364095 0.0364095 -1.64487)
(-0.0439619 -0.107707 -2.90158)
(0.0439619 -0.107707 -2.90158)
(-0.0364096 0.0364087 -1.64486)
(0.076342 -0.551172 -0.379181)
(0.441624 -0.446674 0.961857)
(0.108958 -0.236988 1.12902)
(-0.331612 -0.16997 1.06154)
(-0.572494 -0.333588 -0.0924784)
(-0.0427644 -0.118028 -2.34359)
(-0.107707 -0.0439619 -2.90158)
(-0.0231942 -0.0231942 -2.94861)
(0.0231942 -0.0231942 -2.94861)
(0.107707 -0.043962 -2.90158)
(0.0427646 -0.118027 -2.34358)
(0.572494 -0.333588 -0.0924774)
(0.331612 -0.16997 1.06154)
(-0.331612 0.16997 1.06154)
(-0.572494 0.333587 -0.0924779)
(-0.0427645 0.118027 -2.34359)
(-0.107707 0.0439619 -2.90158)
(-0.0231942 0.0231942 -2.94861)
(0.0231942 0.0231942 -2.94861)
(0.107707 0.043962 -2.90158)
(0.0427647 0.118027 -2.34358)
(0.572494 0.333588 -0.092477)
(0.331612 0.16997 1.06154)
(-0.108957 0.236989 1.12902)
(-0.441624 0.446674 0.961857)
(-0.0763421 0.551171 -0.37918)
(0.0364087 -0.0364096 -1.64486)
(-0.043962 0.107707 -2.90158)
(0.043962 0.107707 -2.90158)
(-0.0364088 -0.0364088 -1.64486)
(0.0763444 0.551172 -0.379179)
(0.441625 0.446674 0.961857)
(0.108958 0.236988 1.12902)
(-0.0865159 0.177507 1.10337)
(-0.299921 0.245064 1.08852)
(-0.419865 0.419865 0.92178)
(-0.551171 0.0763421 -0.379181)
(-0.118027 0.0427646 -2.34358)
(0.118027 0.0427647 -2.34358)
(0.551171 0.0763443 -0.379179)
(0.419866 0.419866 0.92178)
(0.299922 0.245064 1.08852)
(0.0865159 0.177507 1.10337)
(-0.0485697 0.136496 1.09769)
(-0.18543 0.185431 1.10164)
(-0.245064 0.299921 1.08852)
(-0.446674 0.441624 0.961857)
(-0.333588 0.572494 -0.0924774)
(0.333588 0.572494 -0.0924771)
(0.446674 0.441625 0.961857)
(0.245064 0.299922 1.08852)
(0.185431 0.185431 1.10164)
(0.0485697 0.136496 1.09769)
(-0.037516 0.037516 1.0827)
(-0.136495 0.0485697 1.09769)
(-0.177507 0.0865158 1.10337)
(-0.236988 0.108958 1.12902)
(-0.16997 0.331612 1.06154)
(0.16997 0.331612 1.06154)
(0.236988 0.108958 1.12902)
(0.177507 0.0865159 1.10337)
(0.136496 0.0485698 1.09769)
(0.037516 0.037516 1.0827)
)
;
    }
}


// ************************************************************************* //
