/*--------------------------------*- C++ -*----------------------------------*\
| =========                 |                                                 |
| \\      /  F ield         | OpenFOAM: The Open Source CFD Toolbox           |
|  \\    /   O peration     | Version:  2412                                  |
|   \\  /    A nd           | Website:  www.openfoam.com                      |
|    \\/     M anipulation  |                                                 |
\*---------------------------------------------------------------------------*/
FoamFile
{
    version     2.0;
    format      ascii;
    arch        "LSB;label=32;scalar=64";
    class       volScalarField;
    location    "0.45";
    object      p_rgh;
}
// * * * * * * * * * * * * * * * * * * * * * * * * * * * * * * * * * * * * * //

dimensions      [1 -1 -2 0 0 0 0];

internalField   nonuniform List<scalar> 
1000
(
6.36914
4.15545
2.89469
1.29192
1.90861
1.90862
1.29195
2.89467
4.15548
6.36916
4.15545
3.50149
2.68618
2.9169
12.1949
12.1957
2.91694
2.68618
3.50152
4.15546
2.8947
2.68619
3.80502
9.02263
4.30667
4.30694
9.02274
3.805
2.6862
2.89471
1.29191
2.91684
9.0227
13.985
4.89031
4.8904
13.9849
9.02304
2.91687
1.29191
1.9086
12.1946
4.30657
4.8903
4.68782
4.68785
4.89033
4.30662
12.1948
1.90862
1.90862
12.1959
4.30698
4.89041
4.68786
4.68787
4.89044
4.30698
12.1959
1.90863
1.29195
2.91695
9.02274
13.9849
4.89034
4.89043
13.9848
9.02311
2.91696
1.29196
2.89467
2.68618
3.80501
9.02297
4.30671
4.30694
9.02311
3.805
2.6862
2.89468
4.15549
3.50154
2.68621
2.91693
12.1951
12.1957
2.91696
2.6862
3.50157
4.15549
6.36917
4.15547
2.89471
1.29194
1.90863
1.90863
1.29196
2.89469
4.15549
6.36918
5.37468
4.12138
3.20514
1.95405
2.40809
2.4082
1.95408
3.20513
4.12142
5.3747
4.12138
3.49563
2.97582
3.09848
12.3253
12.3267
3.09886
2.97582
3.49568
4.12139
3.20515
2.97582
3.97557
6.2608
4.55423
4.55468
6.26091
3.97557
2.97584
3.20516
1.95404
3.09829
6.26083
17.6755
4.53244
4.53248
17.6755
6.26098
3.09838
1.95404
2.40805
12.3247
4.55401
4.53244
4.26696
4.26698
4.53246
4.55406
12.3249
2.40807
2.40821
12.327
4.55473
4.53248
4.26699
4.26699
4.5325
4.5547
12.327
2.40822
1.95408
3.09891
6.2609
17.6756
4.53247
4.53251
17.6756
6.26107
3.09893
1.95408
3.20512
2.97582
3.97558
6.26094
4.55428
4.55467
6.26107
3.97558
2.97583
3.20514
4.12142
3.4957
2.97585
3.09856
12.3255
12.3267
3.09888
2.97584
3.49572
4.12143
5.3747
4.1214
3.20516
1.95406
2.40812
2.4082
1.95408
3.20514
4.12143
5.37471
5.1537
4.13746
3.4857
2.48923
3.14966
3.14999
2.48926
3.48569
4.13749
5.15371
4.13745
3.56137
3.19199
3.23688
12.8394
12.8401
3.23758
3.19191
3.56139
4.13746
3.48571
3.19202
4.13929
8.0389
5.32418
5.32369
8.03882
4.13932
3.19202
3.48571
2.48921
3.23661
8.03892
18.1868
4.32456
4.32451
18.1868
8.03842
3.23674
2.48921
3.14952
12.8391
5.32416
4.32454
4.52824
4.52826
4.32453
5.32403
12.8392
3.14959
3.15003
12.8403
5.32347
4.32446
4.52826
4.52826
4.32447
5.32341
12.8402
3.15005
2.48926
3.2377
8.03882
18.1868
4.32455
4.32451
18.1867
8.03833
3.23772
2.48926
3.48568
3.1919
4.13934
8.0384
5.32405
5.32363
8.03833
4.13937
3.19191
3.48569
4.13749
3.5614
3.192
3.237
12.8395
12.8401
3.2376
3.19193
3.56141
4.13749
5.15371
4.13747
3.48571
2.48923
3.14973
3.15
2.48926
3.4857
4.13749
5.15372
5.12279
4.30642
3.83285
3.0078
3.91714
3.91696
3.00784
3.83283
4.30643
5.1228
4.30641
3.78113
3.49067
3.54846
13.1766
13.2079
3.54756
3.49056
3.78112
4.3064
3.83285
3.49071
4.26912
13.4114
7.27462
7.27253
13.4112
4.26918
3.4907
3.83285
3.00778
3.54879
13.4114
18.5517
4.67257
4.67252
18.5516
13.4107
3.54867
3.00779
3.91719
13.1648
7.27512
4.6725
5.56858
5.56858
4.67248
7.27477
13.1699
3.91718
3.91692
13.2131
7.27205
4.67244
5.56858
5.56857
4.67243
7.272
13.2134
3.91694
3.00784
3.54741
13.4112
18.5516
4.67255
4.67251
18.5516
13.4105
3.54743
3.00785
3.83283
3.49053
4.26921
13.4107
7.27429
7.27248
13.4105
4.26927
3.49054
3.83283
4.30643
3.78112
3.49066
3.54835
13.1812
13.2083
3.54758
3.49056
3.7811
4.30643
5.1228
4.30641
3.83285
3.00781
3.91714
3.91698
3.00784
3.83284
4.30642
5.1228
5.2168
4.6091
4.27436
3.58204
4.74038
4.74049
3.58206
4.27435
4.60911
5.2168
4.60909
4.14088
3.91872
4.04558
9.9303
9.88999
4.04528
3.91877
4.14087
4.60909
4.27436
3.91869
4.53611
12.1017
10.931
10.931
12.1015
4.53617
3.91871
4.27436
3.58202
4.04563
12.1016
17.9257
6.53989
6.53999
17.9259
12.102
4.04561
3.58203
4.74034
9.94502
10.9312
6.53971
7.66753
7.66753
6.53974
10.9313
9.93833
4.74037
4.7405
9.88291
10.9313
6.53992
7.66753
7.66752
6.53992
10.9314
9.88247
4.74052
3.58205
4.04517
12.1014
17.9259
6.5399
6.53998
17.9261
12.1019
4.0452
3.58206
4.27435
3.91878
4.53619
12.1021
10.9312
10.9311
12.102
4.53624
3.91878
4.27435
4.60911
4.14086
3.91873
4.04556
9.92412
9.88938
4.0453
3.91878
4.14085
4.6091
5.2168
4.60909
4.27436
3.58205
4.74041
4.7405
3.58206
4.27436
4.6091
5.21679
5.46986
5.01479
4.79786
4.28958
5.63716
5.637
4.28956
4.79786
5.01478
5.46985
5.01478
4.64511
4.50672
4.87681
7.58622
7.58715
4.87649
4.50683
4.64511
5.01478
4.79785
4.50669
5.12967
6.44304
12.3484
12.3481
6.44302
5.12969
4.5067
4.79785
4.28957
4.87692
6.44299
8.08878
11.9367
11.9366
8.08901
6.44314
4.87686
4.28957
5.63723
7.58582
12.3487
11.9366
11.0169
11.0169
11.9367
12.3488
7.58587
5.63721
5.63698
7.58722
12.3484
11.9366
11.0169
11.0168
11.9367
12.3484
7.58717
5.63698
4.28955
4.87644
6.44298
8.08899
11.9367
11.9367
8.08919
6.44313
4.87643
4.28955
4.79785
4.50686
5.1297
6.44318
12.3485
12.3482
6.44317
5.12971
4.50685
4.79785
5.01478
4.64511
4.50673
4.87675
7.58629
7.5871
4.87648
4.50683
4.6451
5.01478
5.46985
5.01478
4.79785
4.28957
5.63714
5.637
4.28956
4.79785
5.01478
5.46985
5.81931
5.4896
5.37468
5.07093
6.46337
6.46295
5.07089
5.37467
5.48959
5.8193
5.4896
5.23671
5.21434
5.83885
7.69271
7.69718
5.83867
5.21437
5.2367
5.48959
5.37468
5.21433
5.8921
6.50242
12.7328
12.7347
6.5023
5.89207
5.21432
5.37467
5.07093
5.8389
6.50242
6.45317
11.315
11.3151
6.45316
6.50238
5.83883
5.07092
6.46345
7.69157
12.7328
11.3158
6.86678
6.86676
11.3159
12.7332
7.69248
6.46334
6.46279
7.69842
12.7354
11.3157
6.86676
6.86676
11.3158
12.7356
7.69865
6.46275
5.07088
5.83862
6.50225
6.45316
11.3152
11.3152
6.45314
6.50223
5.83858
5.07087
5.37466
5.21438
5.89206
6.50238
12.7332
12.7349
6.50228
5.89203
5.21436
5.37465
5.48959
5.23669
5.21433
5.83878
7.69358
7.69745
5.83862
5.21435
5.23667
5.48958
5.81929
5.48959
5.37466
5.07091
6.46327
6.4629
5.07088
5.37465
5.48958
5.81928
6.21794
5.99286
5.96079
5.83465
7.2587
7.25875
5.83461
5.96076
5.99284
6.21793
5.99286
5.85118
5.93005
6.70301
8.43801
8.43845
6.70304
5.93
5.85115
5.99285
5.96079
5.93005
6.58926
7.65753
9.56853
9.56879
7.65748
6.58921
5.93003
5.96077
5.83465
6.70301
7.6576
7.36144
8.01647
8.01648
7.36135
7.65752
6.70298
5.83464
7.25866
8.43813
9.56873
8.01642
6.65612
6.65611
8.01633
9.56871
8.43829
7.25864
7.25873
8.43882
9.56872
8.01637
6.65611
6.6561
8.01629
9.56874
8.4389
7.2587
5.8346
6.70305
7.65752
7.36135
8.01638
8.01639
7.36125
7.65745
6.70302
5.83459
5.96075
5.92998
6.5892
7.65745
9.56853
9.56881
7.65741
6.58917
5.92996
5.96074
5.99284
5.85114
5.93001
6.70298
8.43817
8.43854
6.70301
5.92997
5.85112
5.99282
6.21792
5.99284
5.96076
5.83462
7.25867
7.25871
5.83459
5.96074
5.99282
6.21791
6.63277
6.49096
6.51484
6.52126
7.96394
7.96437
6.52122
6.51481
6.49094
6.63275
6.49096
6.43713
6.58411
7.37205
8.91876
8.91716
7.37208
6.58407
6.4371
6.49094
6.51484
6.58412
7.19724
8.77749
8.11722
8.11718
8.77759
7.1972
6.58409
6.51482
6.52126
7.37204
8.77753
8.01896
7.37806
7.37806
8.01886
8.77753
7.37203
6.52124
7.96389
8.91914
8.11697
7.37795
7.18152
7.18151
7.37789
8.11684
8.91869
7.96399
7.96456
8.91667
8.11681
7.37793
7.18151
7.1815
7.37787
8.11671
8.91646
7.96459
6.52121
7.37208
8.77762
8.01887
7.37799
7.37798
8.01875
8.77762
7.37208
6.5212
6.5148
6.58405
7.1972
8.77749
8.11708
8.11705
8.77759
7.19716
6.58403
6.51479
6.49093
6.43709
6.58408
7.37204
8.91831
8.91694
7.37207
6.58404
6.43707
6.49092
6.63274
6.49093
6.51481
6.52123
7.96403
7.96441
6.5212
6.51479
6.49092
6.63273
7.03906
6.96058
7.01598
7.11327
8.39489
8.39495
7.11323
7.01596
6.96056
7.03904
6.96058
6.96901
7.15116
7.89183
9.27261
9.27246
7.89177
7.15114
6.96898
6.96056
7.01598
7.15116
7.72018
9.2417
8.17149
8.17143
9.24168
7.72015
7.15114
7.01596
7.11327
7.89184
9.24166
8.89941
7.76723
7.76721
8.89934
9.24167
7.89182
7.11325
8.39488
9.27255
8.17148
7.76721
7.8134
7.8134
7.76718
8.17144
9.27231
8.39494
8.395
9.27228
8.17138
7.76719
7.8134
7.81339
7.76716
8.17134
9.27207
8.39504
7.11322
7.89175
9.2416
8.89934
7.76719
7.76718
8.8993
9.24162
7.89174
7.11321
7.01595
7.15113
7.72014
9.2417
8.17143
8.17139
9.24169
7.72012
7.15111
7.01593
6.96055
6.96898
7.15113
7.8918
9.27237
9.27224
7.89175
7.15111
6.96896
6.96054
7.03903
6.96056
7.01595
7.11324
8.39494
8.395
7.11321
7.01593
6.96054
7.03902
)
;

boundaryField
{
    bottom
    {
        type            fixedFluxPressure;
        gradient        nonuniform List<scalar> 0();
        value           nonuniform List<scalar> 0();
    }
    atmosphere
    {
        type            prghTotalPressure;
        p0              nonuniform List<scalar> 0();
        value           nonuniform List<scalar> 0();
    }
    walls
    {
        type            fixedFluxPressure;
        gradient        uniform 0;
        value           nonuniform List<scalar> 
400
(
6.36914
4.15545
2.8947
1.29191
1.9086
1.90862
1.29195
2.89467
4.15549
6.36917
5.37468
4.12138
3.20515
1.95404
2.40805
2.40821
1.95408
3.20512
4.12142
5.3747
5.1537
4.13745
3.48571
2.48921
3.14952
3.15003
2.48926
3.48568
4.13749
5.15371
5.12279
4.30641
3.83285
3.00778
3.91719
3.91692
3.00784
3.83283
4.30643
5.1228
5.2168
4.60909
4.27436
3.58202
4.74034
4.7405
3.58205
4.27435
4.60911
5.2168
5.46986
5.01478
4.79785
4.28957
5.63723
5.63698
4.28955
4.79785
5.01478
5.46985
5.81931
5.4896
5.37468
5.07093
6.46345
6.46279
5.07088
5.37466
5.48959
5.81929
6.21794
5.99286
5.96079
5.83465
7.25866
7.25873
5.8346
5.96075
5.99284
6.21792
6.63277
6.49096
6.51484
6.52126
7.96389
7.96456
6.52121
6.5148
6.49093
6.63274
7.03906
6.96058
7.01598
7.11327
8.39488
8.395
7.11322
7.01595
6.96055
7.03903
6.36916
4.15546
2.89471
1.29191
1.90862
1.90863
1.29196
2.89468
4.15549
6.36918
5.3747
4.12139
3.20516
1.95404
2.40807
2.40822
1.95408
3.20514
4.12143
5.37471
5.15371
4.13746
3.48571
2.48921
3.14959
3.15005
2.48926
3.48569
4.13749
5.15372
5.1228
4.3064
3.83285
3.00779
3.91718
3.91694
3.00785
3.83283
4.30643
5.1228
5.2168
4.60909
4.27436
3.58203
4.74037
4.74052
3.58206
4.27435
4.6091
5.21679
5.46985
5.01478
4.79785
4.28957
5.63721
5.63698
4.28955
4.79785
5.01478
5.46985
5.8193
5.48959
5.37467
5.07092
6.46334
6.46275
5.07087
5.37465
5.48958
5.81928
6.21793
5.99285
5.96077
5.83464
7.25864
7.2587
5.83459
5.96074
5.99282
6.21791
6.63275
6.49094
6.51482
6.52124
7.96399
7.96459
6.5212
6.51479
6.49092
6.63273
7.03904
6.96056
7.01596
7.11325
8.39494
8.39504
7.11321
7.01593
6.96054
7.03902
6.36914
5.37468
5.1537
5.12279
5.2168
5.46986
5.81931
6.21794
6.63277
7.03906
4.15545
4.12138
4.13746
4.30642
4.6091
5.01479
5.4896
5.99286
6.49096
6.96058
2.89469
3.20514
3.4857
3.83285
4.27436
4.79786
5.37468
5.96079
6.51484
7.01598
1.29192
1.95405
2.48923
3.0078
3.58204
4.28958
5.07093
5.83465
6.52126
7.11327
1.90861
2.40809
3.14966
3.91714
4.74038
5.63716
6.46337
7.2587
7.96394
8.39489
1.90862
2.4082
3.14999
3.91696
4.74049
5.637
6.46295
7.25875
7.96437
8.39495
1.29195
1.95408
2.48926
3.00784
3.58206
4.28956
5.07089
5.83461
6.52122
7.11323
2.89467
3.20513
3.48569
3.83283
4.27435
4.79786
5.37467
5.96076
6.51481
7.01596
4.15548
4.12142
4.13749
4.30643
4.60911
5.01478
5.48959
5.99284
6.49094
6.96056
6.36916
5.3747
5.15371
5.1228
5.2168
5.46985
5.8193
6.21793
6.63275
7.03904
6.36917
5.3747
5.15371
5.1228
5.2168
5.46985
5.81929
6.21792
6.63274
7.03903
4.15547
4.1214
4.13747
4.30641
4.60909
5.01478
5.48959
5.99284
6.49093
6.96056
2.89471
3.20516
3.48571
3.83285
4.27436
4.79785
5.37466
5.96076
6.51481
7.01595
1.29194
1.95406
2.48923
3.00781
3.58205
4.28957
5.07091
5.83462
6.52123
7.11324
1.90863
2.40812
3.14973
3.91714
4.74041
5.63714
6.46327
7.25867
7.96403
8.39494
1.90863
2.4082
3.15
3.91698
4.7405
5.637
6.4629
7.25871
7.96441
8.395
1.29196
1.95408
2.48926
3.00784
3.58206
4.28956
5.07088
5.83459
6.5212
7.11321
2.89469
3.20514
3.4857
3.83284
4.27436
4.79785
5.37465
5.96074
6.51479
7.01593
4.15549
4.12143
4.13749
4.30642
4.6091
5.01478
5.48958
5.99282
6.49092
6.96054
6.36918
5.37471
5.15372
5.1228
5.21679
5.46985
5.81928
6.21791
6.63273
7.03902
)
;
    }
    procBoundary2to0
    {
        type            processor;
        value           nonuniform List<scalar> 
100
(
7.42111
7.38904
7.45918
7.61566
8.84024
8.84006
7.61562
7.45916
7.38902
7.4211
7.38904
7.43879
7.63399
8.32215
9.55019
9.55082
8.32208
7.63398
7.43877
7.38903
7.45918
7.63399
8.15189
9.57965
8.54632
8.54633
9.5796
8.15187
7.63397
7.45916
7.61566
8.32216
9.57966
9.48029
8.34733
8.34731
9.48021
9.57964
8.32212
7.61564
8.84027
9.55002
8.54634
8.34735
8.36275
8.36275
8.34733
8.54634
9.55015
8.84023
8.83999
9.55097
8.54637
8.34733
8.36275
8.36274
8.34732
8.54637
9.55102
8.83998
7.61562
8.32205
9.57959
9.48018
8.3473
8.3473
9.48019
9.57957
8.32202
7.6156
7.45915
7.63397
8.15186
9.57962
8.54631
8.54633
9.57958
8.15184
7.63395
7.45913
7.38902
7.43876
7.63397
8.32211
9.55032
9.55087
8.32205
7.63395
7.43874
7.389
7.42109
7.38902
7.45915
7.61563
8.8402
8.84004
7.6156
7.45913
7.389
7.42107
)
;
    }
    procBoundary2to3
    {
        type            processor;
        value           nonuniform List<scalar> 
100
(
7.95966
3.32639
2.36115
0.440563
1.25296
1.25298
0.440616
2.36114
3.32642
7.95968
3.32639
3.01118
2.17434
2.14756
12.0455
12.0457
2.14771
2.17434
3.01121
3.32639
2.36116
2.17435
3.73794
8.69839
3.97126
3.97134
8.69829
3.73792
2.17436
2.36117
0.44054
2.14747
8.69842
6.93522
5.14959
5.14964
6.93516
8.69835
2.1475
0.440554
1.25295
12.0454
3.97124
5.14959
5.54373
5.54375
5.14961
3.97125
12.0454
1.25297
1.25298
12.0458
3.97135
5.14965
5.54376
5.54377
5.14966
3.97136
12.0458
1.25299
0.440629
2.14774
8.69828
6.93518
5.14961
5.14966
6.93512
8.69824
2.14774
0.440636
2.36114
2.17435
3.73792
8.69833
3.97128
3.97136
8.69825
3.73791
2.17437
2.36116
3.32643
3.01122
2.17437
2.14759
12.0455
12.0457
2.14772
2.17437
3.01125
3.32643
7.95969
3.3264
2.36117
0.440582
1.25299
1.25299
0.440627
2.36116
3.32643
7.9597
)
;
    }
}


// ************************************************************************* //
