/*--------------------------------*- C++ -*----------------------------------*\
| =========                 |                                                 |
| \\      /  F ield         | OpenFOAM: The Open Source CFD Toolbox           |
|  \\    /   O peration     | Version:  2412                                  |
|   \\  /    A nd           | Website:  www.openfoam.com                      |
|    \\/     M anipulation  |                                                 |
\*---------------------------------------------------------------------------*/
FoamFile
{
    version     2.0;
    format      ascii;
    arch        "LSB;label=32;scalar=64";
    class       volScalarField;
    location    "0.43";
    object      p_rgh;
}
// * * * * * * * * * * * * * * * * * * * * * * * * * * * * * * * * * * * * * //

dimensions      [1 -1 -2 0 0 0 0];

internalField   nonuniform List<scalar> 
1000
(
6.80401
6.74585
6.79368
6.92363
8.18251
8.18249
6.92364
6.79369
6.74586
6.80402
6.74585
6.73891
6.89962
7.7802
9.56332
9.56343
7.7802
6.89963
6.73892
6.74585
6.79368
6.89962
7.55587
9.18588
9.11791
9.1179
9.18591
7.55587
6.89962
6.79368
6.92363
7.7802
9.18587
9.36861
8.19122
8.19125
9.36856
9.18589
7.7802
6.92364
8.18252
9.56331
9.11792
8.19123
7.56622
7.56621
8.19118
9.11785
9.56323
8.18253
8.18247
9.56345
9.11791
8.19127
7.56621
7.56621
8.19122
9.11784
9.56336
8.18249
6.92365
7.7802
9.1859
9.36858
8.19118
8.19121
9.36853
9.18592
7.7802
6.92365
6.79369
6.89963
7.55588
9.18589
9.11784
9.11782
9.18593
7.55588
6.89964
6.79369
6.74586
6.73893
6.89963
7.78021
9.56324
9.56334
7.78021
6.89964
6.73893
6.74586
6.80402
6.74586
6.79369
6.92364
8.18252
8.1825
6.92365
6.79369
6.74586
6.80402
7.22367
7.20409
7.27254
7.45545
8.78882
8.78877
7.45546
7.27255
7.2041
7.22368
7.20409
7.24668
7.43186
8.26823
9.73421
9.73437
8.26823
7.43187
7.24668
7.2041
7.27254
7.43186
8.02683
9.60723
8.69305
8.69305
9.60724
8.02684
7.43187
7.27254
7.45545
8.26823
9.60723
9.62187
8.24242
8.24241
9.62175
9.60721
8.26823
7.45545
8.78884
9.73417
8.69304
8.24241
8.15021
8.15021
8.24242
8.69308
9.73426
8.78877
8.78876
9.7344
8.69305
8.24241
8.15021
8.15021
8.24242
8.69308
9.73449
8.7887
7.45546
8.26823
9.60724
9.62174
8.24243
8.24242
9.62172
9.60722
8.26823
7.45547
7.27255
7.43187
8.02684
9.60721
8.69308
8.69308
9.60721
8.02684
7.43188
7.27255
7.2041
7.24669
7.43187
8.26823
9.73431
9.73445
8.26823
7.43188
7.24669
7.20411
7.22368
7.2041
7.27255
7.45546
8.78876
8.78871
7.45547
7.27255
7.20411
7.22369
7.60826
7.61722
7.69472
7.90932
9.1421
9.1421
7.90933
7.69473
7.61723
7.60826
7.61722
7.69058
7.888
8.62815
10.0212
10.0212
8.62816
7.88801
7.69059
7.61723
7.69472
7.888
8.42279
9.83545
8.89746
8.89747
9.83547
8.42279
7.88801
7.69473
7.90932
8.62815
9.83545
9.84791
8.66689
8.66688
9.84785
9.83547
8.62815
7.90933
9.14211
10.0212
8.89745
8.66689
8.67593
8.67593
8.66689
8.89748
10.0213
9.14207
9.1421
10.0212
8.89747
8.66688
8.67593
8.67593
8.66688
8.89749
10.0214
9.14207
7.90933
8.62816
9.83547
9.84785
8.66689
8.66689
9.84783
9.83549
8.62816
7.90934
7.69473
7.88801
8.42279
9.83547
8.89748
8.89749
9.83549
8.42279
7.88801
7.69473
7.61723
7.69059
7.88801
8.62815
10.0213
10.0214
8.62816
7.88802
7.6906
7.61723
7.60827
7.61723
7.69473
7.90933
9.14207
9.14207
7.90934
7.69473
7.61723
7.60827
7.95257
7.98136
8.05981
8.28989
9.3911
9.39112
8.2899
8.05981
7.98137
7.95257
7.98136
8.07009
8.26884
8.91031
10.3885
10.3884
8.91032
8.26885
8.07009
7.98136
8.05981
8.26884
8.73389
10.0496
9.28959
9.28958
10.0496
8.73389
8.26885
8.05981
8.28989
8.91031
10.0496
9.98416
9.09408
9.09408
9.98417
10.0496
8.91031
8.28989
9.3911
10.3885
9.28959
9.09408
9.10628
9.10628
9.09408
9.28959
10.3884
9.39112
9.39112
10.3884
9.28958
9.09408
9.10628
9.10627
9.09407
9.28958
10.3883
9.39114
8.2899
8.91032
10.0496
9.98418
9.09408
9.09407
9.98418
10.0496
8.91033
8.2899
8.05982
8.26885
8.73389
10.0496
9.28959
9.28958
10.0496
8.73389
8.26885
8.05982
7.98137
8.0701
8.26885
8.91032
10.3884
10.3884
8.91033
8.26885
8.0701
7.98137
7.95258
7.98137
8.05982
8.2899
9.39112
9.39114
8.2899
8.05982
7.98137
7.95258
8.25533
8.29676
8.37116
8.60296
9.69663
9.69663
8.60297
8.37116
8.29676
8.25534
8.29676
8.38981
8.57917
9.14283
10.4264
10.4264
9.14284
8.57917
8.38982
8.29676
8.37116
8.57917
8.97599
10.3049
9.63704
9.63703
10.3049
8.97599
8.57917
8.37116
8.60296
9.14283
10.3049
10.1014
9.40528
9.40528
10.1014
10.3049
9.14284
8.60297
9.69663
10.4264
9.63704
9.40528
9.44968
9.44968
9.40528
9.63704
10.4264
9.69665
9.69663
10.4264
9.63703
9.40528
9.44968
9.44968
9.40528
9.63703
10.4264
9.69665
8.60297
9.14284
10.3049
10.1014
9.40528
9.40528
10.1014
10.305
9.14285
8.60297
8.37116
8.57917
8.97599
10.3049
9.63703
9.63703
10.305
8.97599
8.57917
8.37116
8.29676
8.38982
8.57917
9.14284
10.4264
10.4264
9.14285
8.57917
8.38982
8.29676
8.25534
8.29676
8.37116
8.60297
9.69665
9.69665
8.60297
8.37116
8.29676
8.25534
8.51785
8.56623
8.63403
8.85716
9.95349
9.95349
8.85716
8.63403
8.56624
8.51786
8.56623
8.65695
8.83126
9.3242
10.4001
10.4001
9.3242
8.83126
8.65695
8.56624
8.63403
8.83126
9.16873
10.4839
9.82558
9.82558
10.4839
9.16874
8.83126
8.63403
8.85716
9.3242
10.4839
10.1716
9.72204
9.72204
10.1716
10.4839
9.3242
8.85716
9.95349
10.4001
9.82558
9.72204
9.71764
9.71764
9.72205
9.82558
10.4001
9.95349
9.95349
10.4001
9.82558
9.72204
9.71764
9.71764
9.72205
9.82558
10.4001
9.95349
8.85716
9.32421
10.4839
10.1716
9.72205
9.72205
10.1716
10.4839
9.32421
8.85716
8.63404
8.83126
9.16874
10.4839
9.82558
9.82558
10.4839
9.16874
8.83126
8.63404
8.56624
8.65695
8.83126
9.3242
10.4001
10.4001
9.32421
8.83126
8.65696
8.56624
8.51786
8.56624
8.63404
8.85716
9.95349
9.95349
8.85716
8.63404
8.56624
8.51786
8.74304
8.79402
8.85414
9.06145
10.1065
10.1065
9.06145
8.85414
8.79402
8.74304
8.79402
8.87849
9.03592
9.46235
10.5028
10.5028
9.46235
9.03592
8.8785
8.79402
8.85414
9.03592
9.32297
10.6006
9.97408
9.97408
10.6006
9.32297
9.03592
8.85414
9.06145
9.46235
10.6006
10.3889
10.2323
10.2323
10.3889
10.6006
9.46235
9.06146
10.1065
10.5028
9.97408
10.2323
9.95655
9.95655
10.2323
9.97408
10.5028
10.1065
10.1065
10.5028
9.97408
10.2323
9.95655
9.95655
10.2323
9.97408
10.5028
10.1065
9.06146
9.46235
10.6006
10.3889
10.2323
10.2323
10.3889
10.6006
9.46235
9.06146
8.85415
9.03592
9.32297
10.6006
9.97408
9.97408
10.6006
9.32297
9.03592
8.85415
8.79402
8.8785
9.03592
9.46235
10.5028
10.5028
9.46235
9.03592
8.8785
8.79402
8.74305
8.79402
8.85415
9.06146
10.1065
10.1065
9.06146
8.85415
8.79402
8.74305
8.93452
8.98493
9.03725
9.225
10.206
10.206
9.22501
9.03725
8.98493
8.93453
8.98493
9.06105
9.20048
9.5714
10.7297
10.7297
9.5714
9.20049
9.06105
8.98493
9.03725
9.20048
9.45145
10.5108
10.1861
10.1861
10.5108
9.45145
9.20049
9.03725
9.225
9.5714
10.5108
11.1052
11.132
11.132
11.1052
10.5108
9.5714
9.22501
10.206
10.7297
10.1861
11.132
10.4541
10.4541
11.132
10.1861
10.7297
10.206
10.206
10.7297
10.1861
11.132
10.4541
10.4541
11.132
10.1861
10.7297
10.206
9.22501
9.5714
10.5108
11.1052
11.132
11.132
11.1052
10.5108
9.5714
9.22501
9.03725
9.20049
9.45145
10.5108
10.1861
10.1861
10.5108
9.45146
9.20049
9.03725
8.98493
9.06105
9.20049
9.5714
10.7297
10.7297
9.5714
9.20049
9.06106
8.98493
8.93453
8.98493
9.03725
9.22501
10.206
10.206
9.22501
9.03725
8.98493
8.93453
9.0962
9.1439
9.1888
9.35547
10.2642
10.2642
9.35547
9.1888
9.1439
9.0962
9.1439
9.211
9.33236
9.65354
10.7801
10.7801
9.65354
9.33236
9.21101
9.1439
9.1888
9.33236
9.55439
10.4583
10.9138
10.9138
10.4583
9.55439
9.33236
9.1888
9.35547
9.65354
10.4583
11.2614
11.3466
11.3466
11.2614
10.4583
9.65354
9.35547
10.2642
10.7801
10.9138
11.3466
10.9508
10.9508
11.3466
10.9138
10.7801
10.2642
10.2642
10.7801
10.9138
11.3466
10.9508
10.9508
11.3466
10.9138
10.7801
10.2642
9.35547
9.65354
10.4583
11.2614
11.3466
11.3466
11.2614
10.4583
9.65354
9.35547
9.18881
9.33236
9.55439
10.4583
10.9138
10.9138
10.4583
9.55439
9.33236
9.18881
9.1439
9.21101
9.33236
9.65354
10.7801
10.7801
9.65354
9.33236
9.21101
9.14391
9.0962
9.14391
9.18881
9.35547
10.2642
10.2642
9.35547
9.18881
9.14391
9.0962
9.23186
9.27559
9.31369
9.45898
10.2748
10.2748
9.45898
9.31369
9.27559
9.23186
9.27559
9.33384
9.43815
9.72101
10.5254
10.5254
9.72101
9.43815
9.33384
9.27559
9.31369
9.43815
9.63219
10.3021
11.2706
11.2706
10.3021
9.63219
9.43815
9.31369
9.45898
9.72101
10.3021
11.3437
11.4533
11.4533
11.3437
10.3021
9.72101
9.45898
10.2748
10.5254
11.2706
11.4533
10.4558
10.4558
11.4533
11.2706
10.5254
10.2748
10.2748
10.5254
11.2706
11.4533
10.4558
10.4558
11.4533
11.2706
10.5254
10.2748
9.45898
9.72101
10.3021
11.3437
11.4533
11.4533
11.3437
10.3021
9.72101
9.45899
9.31369
9.43815
9.63219
10.3021
11.2706
11.2706
10.3021
9.63219
9.43816
9.31369
9.27559
9.33384
9.43816
9.72101
10.5254
10.5254
9.72101
9.43816
9.33384
9.2756
9.23186
9.27559
9.31369
9.45898
10.2748
10.2748
9.45899
9.31369
9.2756
9.23186
)
;

boundaryField
{
    bottom
    {
        type            fixedFluxPressure;
        gradient        nonuniform List<scalar> 0();
        value           nonuniform List<scalar> 0();
    }
    atmosphere
    {
        type            prghTotalPressure;
        p0              nonuniform List<scalar> 0();
        value           nonuniform List<scalar> 0();
    }
    walls
    {
        type            fixedFluxPressure;
        gradient        uniform 0;
        value           nonuniform List<scalar> 
400
(
6.80401
6.74585
6.79368
6.92363
8.18252
8.18247
6.92365
6.79369
6.74586
6.80402
7.22367
7.20409
7.27254
7.45545
8.78884
8.78876
7.45546
7.27255
7.2041
7.22368
7.60826
7.61722
7.69472
7.90932
9.14211
9.1421
7.90933
7.69473
7.61723
7.60827
7.95257
7.98136
8.05981
8.28989
9.3911
9.39112
8.2899
8.05982
7.98137
7.95258
8.25533
8.29676
8.37116
8.60296
9.69663
9.69663
8.60297
8.37116
8.29676
8.25534
8.51785
8.56623
8.63403
8.85716
9.95349
9.95349
8.85716
8.63404
8.56624
8.51786
8.74304
8.79402
8.85414
9.06145
10.1065
10.1065
9.06146
8.85415
8.79402
8.74305
8.93452
8.98493
9.03725
9.225
10.206
10.206
9.22501
9.03725
8.98493
8.93453
9.0962
9.1439
9.1888
9.35547
10.2642
10.2642
9.35547
9.18881
9.1439
9.0962
9.23186
9.27559
9.31369
9.45898
10.2748
10.2748
9.45898
9.31369
9.27559
9.23186
6.80402
6.74585
6.79368
6.92364
8.18253
8.18249
6.92365
6.79369
6.74586
6.80402
7.22368
7.2041
7.27254
7.45545
8.78877
8.7887
7.45547
7.27255
7.20411
7.22369
7.60826
7.61723
7.69473
7.90933
9.14207
9.14207
7.90934
7.69473
7.61723
7.60827
7.95257
7.98136
8.05981
8.28989
9.39112
9.39114
8.2899
8.05982
7.98137
7.95258
8.25534
8.29676
8.37116
8.60297
9.69665
9.69665
8.60297
8.37116
8.29676
8.25534
8.51786
8.56624
8.63403
8.85716
9.95349
9.95349
8.85716
8.63404
8.56624
8.51786
8.74304
8.79402
8.85414
9.06146
10.1065
10.1065
9.06146
8.85415
8.79402
8.74305
8.93453
8.98493
9.03725
9.22501
10.206
10.206
9.22501
9.03725
8.98493
8.93453
9.0962
9.1439
9.1888
9.35547
10.2642
10.2642
9.35547
9.18881
9.14391
9.0962
9.23186
9.27559
9.31369
9.45898
10.2748
10.2748
9.45899
9.31369
9.2756
9.23186
6.80401
7.22367
7.60826
7.95257
8.25533
8.51785
8.74304
8.93452
9.0962
9.23186
6.74585
7.20409
7.61722
7.98136
8.29676
8.56623
8.79402
8.98493
9.1439
9.27559
6.79368
7.27254
7.69472
8.05981
8.37116
8.63403
8.85414
9.03725
9.1888
9.31369
6.92363
7.45545
7.90932
8.28989
8.60296
8.85716
9.06145
9.225
9.35547
9.45898
8.18251
8.78882
9.1421
9.3911
9.69663
9.95349
10.1065
10.206
10.2642
10.2748
8.18249
8.78877
9.1421
9.39112
9.69663
9.95349
10.1065
10.206
10.2642
10.2748
6.92364
7.45546
7.90933
8.2899
8.60297
8.85716
9.06145
9.22501
9.35547
9.45898
6.79369
7.27255
7.69473
8.05981
8.37116
8.63403
8.85414
9.03725
9.1888
9.31369
6.74586
7.2041
7.61723
7.98137
8.29676
8.56624
8.79402
8.98493
9.1439
9.27559
6.80402
7.22368
7.60826
7.95257
8.25534
8.51786
8.74304
8.93453
9.0962
9.23186
6.80402
7.22368
7.60827
7.95258
8.25534
8.51786
8.74305
8.93453
9.0962
9.23186
6.74586
7.2041
7.61723
7.98137
8.29676
8.56624
8.79402
8.98493
9.14391
9.27559
6.79369
7.27255
7.69473
8.05982
8.37116
8.63404
8.85415
9.03725
9.18881
9.31369
6.92364
7.45546
7.90933
8.2899
8.60297
8.85716
9.06146
9.22501
9.35547
9.45898
8.18252
8.78876
9.14207
9.39112
9.69665
9.95349
10.1065
10.206
10.2642
10.2748
8.1825
8.78871
9.14207
9.39114
9.69665
9.95349
10.1065
10.206
10.2642
10.2748
6.92365
7.45547
7.90934
8.2899
8.60297
8.85716
9.06146
9.22501
9.35547
9.45899
6.79369
7.27255
7.69473
8.05982
8.37116
8.63404
8.85415
9.03725
9.18881
9.31369
6.74586
7.20411
7.61723
7.98137
8.29676
8.56624
8.79402
8.98493
9.14391
9.2756
6.80402
7.22369
7.60827
7.95258
8.25534
8.51786
8.74305
8.93453
9.0962
9.23186
)
;
    }
    procBoundary0to1
    {
        type            processor;
        value           nonuniform List<scalar> 
100
(
9.34516
9.38426
9.41613
9.54068
10.2563
10.2563
9.54068
9.41613
9.38426
9.34516
9.38426
9.43425
9.52314
9.76374
10.4294
10.4294
9.76374
9.52314
9.43425
9.38426
9.41613
9.52314
9.6828
10.1988
11.3665
11.3665
10.1988
9.6828
9.52314
9.41613
9.54068
9.76374
10.1988
11.1445
11.3032
11.3032
11.1445
10.1988
9.76374
9.54068
10.2563
10.4294
11.3665
11.3032
10.2287
10.2287
11.3032
11.3665
10.4294
10.2563
10.2563
10.4294
11.3665
11.3032
10.2287
10.2287
11.3032
11.3665
10.4294
10.2563
9.54068
9.76374
10.1988
11.1445
11.3032
11.3032
11.1445
10.1988
9.76374
9.54068
9.41614
9.52314
9.68281
10.1988
11.3665
11.3665
10.1988
9.68281
9.52314
9.41614
9.38426
9.43425
9.52314
9.76374
10.4294
10.4294
9.76374
9.52314
9.43426
9.38427
9.34516
9.38426
9.41614
9.54068
10.2563
10.2563
9.54068
9.41614
9.38427
9.34517
)
;
    }
    procBoundary0to2
    {
        type            processor;
        value           nonuniform List<scalar> 
100
(
6.35993
6.2525
6.26431
6.31419
7.59343
7.59348
6.3142
6.26432
6.25251
6.35994
6.2525
6.17445
6.28825
7.15977
8.96826
8.96752
7.1598
6.28826
6.17445
6.25251
6.26431
6.28825
7.00807
8.68558
10.6135
10.6141
8.68561
7.00807
6.28826
6.26432
6.31418
7.15976
8.68556
8.67552
9.69953
9.69938
8.67552
8.68561
7.15978
6.31419
7.59341
8.96843
10.6134
9.6995
7.36833
7.36832
9.69947
10.6134
8.96812
7.59345
7.59349
8.96733
10.6138
9.69935
7.36832
7.36831
9.69933
10.6138
8.9671
7.59352
6.3142
7.15981
8.68561
8.67555
9.69952
9.69937
8.67549
8.68565
7.15982
6.31421
6.26432
6.28826
7.00807
8.68562
10.6135
10.6142
8.68565
7.00807
6.28827
6.26433
6.25251
6.17446
6.28826
7.15979
8.96796
8.96731
7.15982
6.28827
6.17446
6.25251
6.35994
6.25251
6.26432
6.3142
7.59347
7.59351
6.31421
6.26433
6.25251
6.35994
)
;
    }
}


// ************************************************************************* //
