/*--------------------------------*- C++ -*----------------------------------*\
| =========                 |                                                 |
| \\      /  F ield         | OpenFOAM: The Open Source CFD Toolbox           |
|  \\    /   O peration     | Version:  2412                                  |
|   \\  /    A nd           | Website:  www.openfoam.com                      |
|    \\/     M anipulation  |                                                 |
\*---------------------------------------------------------------------------*/
FoamFile
{
    version     2.0;
    format      ascii;
    arch        "LSB;label=32;scalar=64";
    class       surfaceScalarField;
    location    "0.43";
    object      phi;
}
// * * * * * * * * * * * * * * * * * * * * * * * * * * * * * * * * * * * * * //

dimensions      [0 3 -1 0 0 0 0];

oriented        oriented;

internalField   nonuniform List<scalar> 
2700
(
0.000184464
0.000184464
0.00364765
0.000287202
0.000277982
0.00367688
0.000329312
0.000367153
0.00363038
0.000157233
0.000609584
0.00321562
4.07515e-10
0.000466149
0.00116177
-0.000157233
0.000466156
0.00116177
-0.000329313
0.000609585
0.00321562
-0.000287202
0.000367153
0.00363038
-0.000184464
0.000277983
0.00367689
0.000184465
0.00364765
0.000277982
0.000287202
0.00367688
0.000480199
0.000480198
0.00382087
0.000596902
0.000616852
0.00366168
0.000436367
0.000838832
0.00201412
-2.87592e-10
0.00060597
-0.00279038
-0.000436374
0.000605971
-0.00279039
-0.000596908
0.000838831
0.00201412
-0.000480201
0.000616851
0.00366168
-0.000277983
0.000480199
0.00382087
0.000287202
0.00367688
0.000367153
0.000329312
0.00363038
0.000616852
0.0005969
0.00366168
0.000721036
0.000721036
0.00282648
0.000478059
0.000746816
-0.000671781
1.90949e-10
0.000554936
-0.0055101
-0.000478064
0.000554932
-0.00551011
-0.000721038
0.000746815
-0.000671779
-0.000616853
0.000721034
0.00282648
-0.000367153
0.000596903
0.00366168
0.000329312
0.00363038
0.000609584
0.000157233
0.00321562
0.000838832
0.000436365
0.00201412
0.000746816
0.000478059
-0.000671781
0.000480368
0.000480368
-0.00372397
-5.52276e-10
0.000367752
-0.00729891
-0.000480369
0.000367751
-0.00729892
-0.000746816
0.000480368
-0.00372397
-0.000838832
0.000478059
-0.00067178
-0.000609583
0.000436367
0.00201412
0.000157233
0.00321562
0.000466148
6.74742e-10
0.00116177
0.00060597
5.987e-11
-0.00279038
0.000554936
-8.12314e-11
-0.0055101
0.000367753
-4.97832e-10
-0.00729891
2.87395e-10
1.54659e-10
-0.00874959
-0.000367753
2.39893e-10
-0.00874959
-0.000554936
-4.12793e-11
-0.00729891
-0.000605971
3.98567e-11
-0.0055101
-0.000466151
-6.68976e-11
-0.00279037
6.98558e-10
0.00116177
0.000466157
-0.000157233
0.00116177
0.00060597
-0.000436376
-0.00279039
0.000554933
-0.000478064
-0.00551011
0.000367752
-0.00048037
-0.00729891
3.58258e-10
-0.000367753
-0.00874959
-0.000367752
-0.000367752
-0.00874959
-0.000554933
-0.000480369
-0.00729891
-0.000605971
-0.000478063
-0.0055101
-0.000466159
-0.000436377
-0.00279038
-0.000157234
0.00116177
0.000609585
-0.000329313
0.00321562
0.000838831
-0.000596909
0.00201412
0.000746816
-0.000721038
-0.000671778
0.000480368
-0.000746816
-0.00372397
-8.98904e-11
-0.000554935
-0.00729891
-0.000480369
-0.000554933
-0.00729891
-0.000746815
-0.000746815
-0.00372397
-0.000838831
-0.000721036
-0.000671777
-0.000609584
-0.000596911
0.00201412
-0.000329313
0.00321562
0.000367154
-0.000287202
0.00363038
0.000616851
-0.000480201
0.00366168
0.000721035
-0.000616853
0.00282648
0.00047806
-0.000838832
-0.000671779
3.09659e-10
-0.000605971
-0.0055101
-0.000478064
-0.000605972
-0.0055101
-0.000721036
-0.000838831
-0.000671777
-0.000616852
-0.000616852
0.00282648
-0.000367154
-0.000480201
0.00366168
-0.000287202
0.00363038
0.000277983
-0.000184464
0.00367689
0.000480199
-0.000277983
0.00382087
0.000596904
-0.000367153
0.00366168
0.000436369
-0.000609584
0.00201412
-3.22815e-10
-0.000466152
-0.00279037
-0.000436375
-0.000466158
-0.00279038
-0.00059691
-0.000609584
0.00201412
-0.000480201
-0.000367154
0.00366168
-0.000277984
-0.000277984
0.00382087
-0.000184465
0.00367689
0.000184465
0.00364765
0.000287202
0.00367689
0.000329313
0.00363038
0.000157234
0.00321562
4.28579e-10
0.00116177
-0.000157234
0.00116177
-0.000329313
0.00321562
-0.000287202
0.00363038
-0.000184465
0.00367689
0.00364765
0.000178745
0.000178745
0.00329016
0.000277365
0.000267572
0.00331069
0.000315498
0.000349226
0.00324302
0.000152814
0.000569192
0.00280911
1.44772e-10
0.000429883
0.000884702
-0.000152815
0.000429883
0.000884698
-0.000315499
0.000569192
0.00280911
-0.000277365
0.000349226
0.00324302
-0.000178745
0.000267572
0.00331069
0.000178745
0.00329016
0.000267572
0.000277365
0.00331069
0.000459577
0.000459577
0.00343686
0.000562475
0.000591502
0.00331651
0.000401791
0.00082043
0.00192356
-2.37475e-10
0.000573366
-0.00253207
-0.000401794
0.000573366
-0.00253208
-0.000562476
0.000820429
0.00192356
-0.000459578
0.000591501
0.00331651
-0.000267572
0.000459577
0.00343686
0.000277365
0.00331069
0.000349226
0.000315498
0.00324302
0.000591502
0.000562474
0.00331651
0.000695503
0.000695503
0.00261848
0.000474955
0.00075252
-0.000383322
3.6177e-11
0.000531988
-0.00499377
-0.000474957
0.000531986
-0.00499377
-0.000695503
0.000752518
-0.000383322
-0.000591502
0.000695502
0.00261848
-0.000349226
0.000562474
0.00331651
0.000315498
0.00324302
0.000569192
0.000152814
0.00280911
0.000820431
0.000401791
0.00192356
0.00075252
0.000474955
-0.000383322
0.000494799
0.000494799
-0.00320853
1.87266e-10
0.000367109
-0.00663923
-0.000494799
0.000367108
-0.00663924
-0.000752519
0.000494798
-0.00320853
-0.00082043
0.000474954
-0.000383322
-0.000569191
0.00040179
0.00192356
0.000152814
0.00280911
0.000429884
3.56563e-10
0.000884703
0.000573367
-7.33912e-11
-0.00253207
0.000531989
-2.46087e-11
-0.00499377
0.000367109
1.85954e-10
-0.00663923
5.17424e-10
3.73849e-10
-0.00801537
-0.000367109
3.0476e-10
-0.00801537
-0.000531988
4.26874e-10
-0.00663923
-0.000573367
1.24631e-10
-0.00499376
-0.000429882
-9.22914e-11
-0.00253207
3.81397e-10
0.000884706
0.000429883
-0.000152815
0.000884698
0.000573365
-0.000401795
-0.00253208
0.000531987
-0.000474957
-0.00499377
0.000367108
-0.000494799
-0.00663924
4.47301e-10
-0.000367109
-0.00801537
-0.000367109
-0.000367108
-0.00801537
-0.000531987
-0.000494798
-0.00663924
-0.000573366
-0.000474955
-0.00499377
-0.000429881
-0.000401794
-0.00253207
-0.000152815
0.0008847
0.000569192
-0.000315499
0.00280911
0.000820429
-0.000562477
0.00192356
0.000752519
-0.000695503
-0.000383321
0.000494798
-0.000752519
-0.00320853
4.2217e-10
-0.000531988
-0.00663923
-0.000494798
-0.000531986
-0.00663924
-0.000752518
-0.000752518
-0.00320853
-0.000820429
-0.000695501
-0.00038332
-0.000569191
-0.000562476
0.00192356
-0.0003155
0.00280911
0.000349226
-0.000277365
0.00324302
0.000591501
-0.000459579
0.00331651
0.000695502
-0.000591502
0.00261848
0.000474954
-0.00082043
-0.000383321
1.81987e-10
-0.000573366
-0.00499376
-0.000474956
-0.000573366
-0.00499377
-0.000695502
-0.000820429
-0.00038332
-0.000591501
-0.000591502
0.00261848
-0.000349226
-0.000459578
0.00331651
-0.000277365
0.00324302
0.000267572
-0.000178745
0.00331069
0.000459577
-0.000267572
0.00343686
0.000562474
-0.000349226
0.00331651
0.00040179
-0.000569191
0.00192356
-2.28937e-10
-0.000429882
-0.00253207
-0.000401793
-0.000429881
-0.00253207
-0.000562476
-0.000569191
0.00192356
-0.000459578
-0.000349226
0.00331651
-0.000267572
-0.000267572
0.00343686
-0.000178745
0.00331069
0.000178745
0.00329016
0.000277365
0.00331069
0.000315499
0.00324302
0.000152814
0.00280911
1.75691e-10
0.000884705
-0.000152815
0.000884701
-0.000315499
0.00280911
-0.000277365
0.00324302
-0.000178746
0.00331069
0.00329016
0.000170065
0.000170065
0.00295003
0.00026293
0.000252869
0.00296496
0.000296523
0.00032654
0.00288289
0.000145484
0.000523202
0.00243695
-1.82911e-11
0.000386123
0.000644063
-0.000145485
0.000386121
0.000644062
-0.000296524
0.000523201
0.00243695
-0.00026293
0.00032654
0.00288289
-0.000170065
0.000252869
0.00296496
0.000170065
0.00295003
0.000252869
0.00026293
0.00296496
0.000431637
0.000431636
0.00307932
0.000521713
0.000558977
0.002994
0.000365512
0.000789336
0.00181363
3.0811e-10
0.000526133
-0.00230657
-0.000365513
0.000526132
-0.00230657
-0.000521714
0.000789335
0.00181363
-0.000431637
0.000558976
0.002994
-0.000252869
0.000431636
0.00307932
0.00026293
0.00296496
0.00032654
0.000296523
0.00288289
0.000558977
0.000521713
0.002994
0.000661169
0.000661169
0.00241409
0.0004648
0.000741726
-0.000139342
7.64908e-11
0.000497307
-0.00450014
-0.0004648
0.000497306
-0.00450015
-0.000661169
0.000741724
-0.000139342
-0.000558977
0.000661168
0.00241409
-0.00032654
0.000521711
0.002994
0.000296523
0.00288289
0.000523202
0.000145484
0.00243695
0.000789336
0.000365512
0.00181363
0.000741726
0.000464799
-0.000139342
0.000499052
0.000499051
-0.00272318
5.38634e-10
0.000358742
-0.00600162
-0.000499051
0.000358741
-0.00600162
-0.000741725
0.000499051
-0.00272318
-0.000789335
0.000464799
-0.000139342
-0.000523201
0.000365511
0.00181363
0.000145484
0.00243695
0.000386123
1.64542e-10
0.000644064
0.000526133
7.45218e-10
-0.00230657
0.000497307
8.91935e-11
-0.00450014
0.000358742
4.93441e-10
-0.00600162
7.05347e-10
5.69302e-10
-0.00729789
-0.000358742
4.57403e-10
-0.00729789
-0.000497307
4.8137e-10
-0.00600162
-0.000526133
1.24511e-10
-0.00450014
-0.000386121
7.15252e-10
-0.00230657
1.96697e-10
0.000644068
0.000386121
-0.000145485
0.000644062
0.000526131
-0.000365513
-0.00230657
0.000497306
-0.0004648
-0.00450014
0.000358741
-0.000499051
-0.00600162
5.93365e-10
-0.000358742
-0.00729789
-0.000358741
-0.000358741
-0.00729789
-0.000497306
-0.000499051
-0.00600162
-0.000526132
-0.0004648
-0.00450014
-0.000386119
-0.000365511
-0.00230657
-0.000145485
0.000644066
0.000523201
-0.000296524
0.00243695
0.000789335
-0.000521714
0.00181363
0.000741724
-0.000661169
-0.000139341
0.000499051
-0.000741725
-0.00272318
5.24707e-10
-0.000497307
-0.00600162
-0.000499051
-0.000497306
-0.00600162
-0.000741724
-0.000741723
-0.00272318
-0.000789334
-0.000661168
-0.000139341
-0.0005232
-0.000521712
0.00181363
-0.000296524
0.00243695
0.00032654
-0.00026293
0.00288289
0.000558976
-0.000431637
0.002994
0.000661168
-0.000558977
0.00241409
0.000464799
-0.000789335
-0.000139341
1.04715e-10
-0.000526133
-0.00450014
-0.0004648
-0.000526132
-0.00450014
-0.000661168
-0.000789334
-0.000139341
-0.000558976
-0.000558976
0.00241409
-0.000326539
-0.000431636
0.00299399
-0.00026293
0.00288289
0.000252869
-0.000170065
0.00296496
0.000431636
-0.000252869
0.00307932
0.000521711
-0.00032654
0.002994
0.000365511
-0.000523201
0.00181363
2.76641e-10
-0.000386121
-0.00230657
-0.000365511
-0.00038612
-0.00230657
-0.000521712
-0.0005232
0.00181363
-0.000431636
-0.000326539
0.00299399
-0.000252869
-0.000252869
0.00307932
-0.000170065
0.00296496
0.000170065
0.00295003
0.00026293
0.00296496
0.000296523
0.00288289
0.000145484
0.00243695
2.26007e-11
0.000644068
-0.000145485
0.000644067
-0.000296524
0.00243695
-0.00026293
0.00288289
-0.000170065
0.00296496
0.00295003
0.000159485
0.000159485
0.00263106
0.000245832
0.000235297
0.00264332
0.000275626
0.000300953
0.00255214
0.000138146
0.000474665
0.00209976
-1.59704e-10
0.000339031
0.000443178
-0.000138147
0.000339031
0.000443178
-0.000275627
0.000474664
0.00209976
-0.000245832
0.000300952
0.00255214
-0.000159485
0.000235296
0.00264332
0.000159485
0.00263106
0.000235297
0.000245832
0.00264332
0.00039968
0.00039968
0.00275056
0.000478217
0.000522164
0.00269425
0.00032993
0.00074578
0.0016908
1.42673e-10
0.000473035
-0.00211065
-0.000329931
0.000473035
-0.00211065
-0.000478216
0.000745778
0.0016908
-0.000399681
0.000522163
0.00269425
-0.000235297
0.000399679
0.00275056
0.000245832
0.00264332
0.000300953
0.000275626
0.00255214
0.000522164
0.000478217
0.00269425
0.000621161
0.000621161
0.0022161
0.000450945
0.000717775
5.88778e-05
1.23986e-10
0.000456447
-0.00403261
-0.000450946
0.000456447
-0.00403261
-0.00062116
0.000717774
5.88773e-05
-0.000522164
0.00062116
0.0022161
-0.000300952
0.000478215
0.00269425
0.000275626
0.00255214
0.000474665
0.000138146
0.00209976
0.00074578
0.00032993
0.0016908
0.000717775
0.000450945
5.8878e-05
0.000494053
0.000494053
-0.00227574
6.14847e-10
0.000344684
-0.0053958
-0.000494053
0.000344683
-0.0053958
-0.000717775
0.000494052
-0.00227574
-0.000745779
0.000450944
5.88781e-05
-0.000474664
0.000329929
0.0016908
0.000138145
0.00209977
0.000339031
-9.29114e-11
0.000443178
0.000473035
4.19099e-10
-0.00211065
0.000456447
1.59718e-10
-0.00403261
0.000344684
5.61114e-10
-0.0053958
5.67749e-10
4.3542e-10
-0.00660852
-0.000344684
3.72416e-10
-0.00660852
-0.000456448
5.30304e-10
-0.0053958
-0.000473035
1.52776e-10
-0.00403261
-0.000339031
4.21773e-10
-0.00211064
-6.63039e-11
0.000443183
0.000339031
-0.000138147
0.000443178
0.000473034
-0.00032993
-0.00211065
0.000456447
-0.000450945
-0.00403261
0.000344683
-0.000494053
-0.0053958
5.04181e-10
-0.000344684
-0.00660852
-0.000344683
-0.000344683
-0.00660852
-0.000456447
-0.000494052
-0.0053958
-0.000473034
-0.000450945
-0.00403261
-0.00033903
-0.000329929
-0.00211065
-0.000138146
0.000443183
0.000474664
-0.000275627
0.00209976
0.000745778
-0.000478216
0.0016908
0.000717774
-0.00062116
5.88779e-05
0.000494052
-0.000717775
-0.00227574
5.82878e-10
-0.000456447
-0.0053958
-0.000494052
-0.000456447
-0.0053958
-0.000717773
-0.000717773
-0.00227574
-0.000745778
-0.000621159
5.88779e-05
-0.000474664
-0.000478215
0.0016908
-0.000275626
0.00209977
0.000300952
-0.000245832
0.00255214
0.000522163
-0.000399681
0.00269425
0.00062116
-0.000522163
0.0022161
0.000450945
-0.000745779
5.88783e-05
1.11072e-10
-0.000473035
-0.00403261
-0.000450945
-0.000473034
-0.00403261
-0.000621159
-0.000745778
5.88778e-05
-0.000522162
-0.000522162
0.0022161
-0.000300952
-0.00039968
0.00269425
-0.000245832
0.00255214
0.000235296
-0.000159485
0.00264332
0.00039968
-0.000235297
0.00275056
0.000478215
-0.000300952
0.00269425
0.000329929
-0.000474664
0.0016908
1.39669e-10
-0.000339031
-0.00211064
-0.000329929
-0.00033903
-0.00211064
-0.000478215
-0.000474664
0.0016908
-0.00039968
-0.000300952
0.00269425
-0.000235296
-0.000235296
0.00275056
-0.000159485
0.00264332
0.000159485
0.00263106
0.000245832
0.00264332
0.000275626
0.00255214
0.000138146
0.00209977
-1.2966e-10
0.000443183
-0.000138146
0.000443183
-0.000275626
0.00209977
-0.000245832
0.00255214
-0.000159485
0.00264332
0.00263106
0.00014787
0.00014787
0.00233532
0.000227386
0.000216315
0.00234748
0.000254137
0.000274474
0.00225091
0.00013041
0.000425261
0.00179823
-1.82968e-10
0.00029466
0.000278928
-0.000130411
0.00029466
0.000278928
-0.000254138
0.000425261
0.00179823
-0.000227386
0.000274473
0.00225091
-0.00014787
0.000216315
0.00234748
0.00014787
0.00233532
0.000216315
0.000227386
0.00234748
0.000366538
0.000366538
0.00245011
0.000435139
0.000481698
0.00241842
0.000296485
0.000692801
0.00156191
-1.00556e-10
0.000416464
-0.00193596
-0.000296486
0.000416464
-0.00193596
-0.000435139
0.0006928
0.00156191
-0.000366538
0.000481698
0.00241842
-0.000216315
0.000366537
0.00245011
0.000227385
0.00234748
0.000274474
0.000254137
0.00225091
0.000481698
0.000435139
0.00241842
0.000576341
0.000576341
0.00202682
0.000431511
0.000682021
0.000214488
2.92908e-11
0.000413253
-0.00359789
-0.000431511
0.000413252
-0.00359789
-0.000576341
0.00068202
0.000214487
-0.000481698
0.00057634
0.00202682
-0.000274473
0.000435138
0.00241842
0.000254137
0.00225091
0.000425261
0.00013041
0.00179823
0.000692801
0.000296485
0.00156191
0.000682021
0.000431511
0.000214488
0.000480356
0.000480356
-0.00187241
5.54809e-10
0.000327475
-0.00482967
-0.000480356
0.000327474
-0.00482967
-0.000682021
0.000480355
-0.00187241
-0.000692801
0.000431511
0.000214488
-0.000425261
0.000296484
0.00156191
0.00013041
0.00179823
0.00029466
-1.34962e-10
0.000278928
0.000416464
-4.22834e-11
-0.00193596
0.000413253
6.62684e-11
-0.00359789
0.000327475
5.05235e-10
-0.00482967
4.89718e-10
3.68227e-10
-0.00595357
-0.000327475
3.39416e-10
-0.00595357
-0.000413253
4.74702e-10
-0.00482967
-0.000416464
7.07282e-11
-0.00359789
-0.000294661
-2.39349e-11
-0.00193596
-1.06307e-10
0.000278931
0.000294661
-0.000130411
0.000278928
0.000416464
-0.000296486
-0.00193596
0.000413252
-0.000431511
-0.00359789
0.000327475
-0.000480356
-0.00482967
4.59776e-10
-0.000327475
-0.00595357
-0.000327474
-0.000327474
-0.00595357
-0.000413252
-0.000480355
-0.00482967
-0.000416464
-0.000431511
-0.00359789
-0.000294661
-0.000296485
-0.00193596
-0.00013041
0.000278931
0.000425261
-0.000254138
0.00179823
0.0006928
-0.000435139
0.00156191
0.00068202
-0.000576341
0.000214487
0.000480356
-0.000682021
-0.00187241
5.23645e-10
-0.000413253
-0.00482967
-0.000480355
-0.000413252
-0.00482967
-0.00068202
-0.00068202
-0.00187241
-0.0006928
-0.00057634
0.000214487
-0.000425261
-0.000435138
0.00156191
-0.000254137
0.00179823
0.000274473
-0.000227386
0.00225091
0.000481698
-0.000366538
0.00241842
0.00057634
-0.000481698
0.00202682
0.000431511
-0.000692801
0.000214488
3.07031e-11
-0.000416464
-0.00359789
-0.000431511
-0.000416464
-0.00359789
-0.00057634
-0.0006928
0.000214487
-0.000481697
-0.000481697
0.00202682
-0.000274473
-0.000366538
0.00241842
-0.000227386
0.00225091
0.000216315
-0.00014787
0.00234749
0.000366537
-0.000216315
0.00245011
0.000435138
-0.000274473
0.00241842
0.000296484
-0.000425261
0.00156191
-8.21935e-11
-0.000294661
-0.00193596
-0.000296485
-0.000294661
-0.00193596
-0.000435138
-0.000425261
0.00156191
-0.000366538
-0.000274473
0.00241842
-0.000216315
-0.000216315
0.00245011
-0.00014787
0.00234749
0.00014787
0.00233532
0.000227386
0.00234748
0.000254137
0.00225091
0.00013041
0.00179823
-1.52162e-10
0.000278931
-0.00013041
0.000278932
-0.000254137
0.00179823
-0.000227386
0.00225091
-0.00014787
0.00234749
0.00233532
0.000135907
0.000135907
0.00206351
0.000208525
0.000197209
0.00207766
0.000232793
0.000248301
0.00197834
0.000122321
0.000376908
0.00153179
-1.58932e-10
0.000255375
0.000145874
-0.000122321
0.000255375
0.000145874
-0.000232794
0.000376908
0.00153179
-0.000208525
0.000248301
0.00197834
-0.000135907
0.000197209
0.00207766
0.000135907
0.00206351
0.000197209
0.000208524
0.00207766
0.000333944
0.000333944
0.00217664
0.000394915
0.000439521
0.00216623
0.000267288
0.00063413
0.00143232
-7.34296e-11
0.000362349
-0.00177565
-0.000267288
0.000362349
-0.00177565
-0.000394915
0.000634129
0.00143232
-0.000333944
0.000439521
0.00216623
-0.000197209
0.000333943
0.00217664
0.000208524
0.00207766
0.000248301
0.000232793
0.00197834
0.000439521
0.000394915
0.00216623
0.000529233
0.000529233
0.00184739
0.000406803
0.000637522
0.000333526
-5.60959e-12
0.000371859
-0.0032006
-0.000406803
0.000371859
-0.0032006
-0.000529233
0.000637521
0.000333525
-0.000439521
0.000529233
0.00184739
-0.000248301
0.000394914
0.00216623
0.000232793
0.00197835
0.000376908
0.000122321
0.00153179
0.00063413
0.000267288
0.00143232
0.000637522
0.000406803
0.000333526
0.000460126
0.000460126
-0.00151762
4.803e-10
0.000309347
-0.00430703
-0.000460126
0.000309346
-0.00430703
-0.000637522
0.000460125
-0.00151762
-0.00063413
0.000406803
0.000333526
-0.000376909
0.000267288
0.00143232
0.00012232
0.0015318
0.000255375
-1.20228e-10
0.000145874
0.000362349
-3.96628e-11
-0.00177565
0.000371859
1.66801e-11
-0.00320059
0.000309347
4.37329e-10
-0.00430703
4.14729e-10
3.08821e-10
-0.00533488
-0.000309346
2.88165e-10
-0.00533488
-0.000371859
4.11357e-10
-0.00430703
-0.000362349
2.32247e-11
-0.00320059
-0.000255376
-2.75292e-11
-0.00177565
-8.81088e-11
0.000145876
0.000255375
-0.000122321
0.000145874
0.000362349
-0.000267288
-0.00177565
0.000371859
-0.000406803
-0.0032006
0.000309346
-0.000460126
-0.00430703
3.93141e-10
-0.000309346
-0.00533488
-0.000309346
-0.000309346
-0.00533488
-0.000371859
-0.000460125
-0.00430703
-0.000362349
-0.000406803
-0.00320059
-0.000255376
-0.000267288
-0.00177565
-0.000122321
0.000145876
0.000376908
-0.000232794
0.00153179
0.000634129
-0.000394915
0.00143232
0.000637521
-0.000529233
0.000333525
0.000460125
-0.000637522
-0.00151762
4.53597e-10
-0.000371859
-0.00430703
-0.000460125
-0.000371859
-0.00430703
-0.000637521
-0.000637521
-0.00151762
-0.000634129
-0.000529232
0.000333525
-0.000376909
-0.000394915
0.00143232
-0.000232793
0.0015318
0.000248301
-0.000208525
0.00197834
0.000439521
-0.000333944
0.00216623
0.000529233
-0.000439521
0.00184739
0.000406803
-0.00063413
0.000333526
-2.6708e-12
-0.000362349
-0.00320059
-0.000406803
-0.000362349
-0.00320059
-0.000529232
-0.000634129
0.000333525
-0.00043952
-0.00043952
0.00184739
-0.000248301
-0.000333943
0.00216623
-0.000208524
0.00197835
0.000197209
-0.000135907
0.00207766
0.000333943
-0.000197209
0.00217664
0.000394914
-0.000248301
0.00216623
0.000267288
-0.000376909
0.00143232
-5.67088e-11
-0.000255376
-0.00177565
-0.000267288
-0.000255376
-0.00177565
-0.000394915
-0.000376909
0.00143232
-0.000333943
-0.000248301
0.00216623
-0.000197209
-0.000197209
0.00217664
-0.000135907
0.00207766
0.000135907
0.00206351
0.000208524
0.00207766
0.000232793
0.00197835
0.00012232
0.0015318
-1.25323e-10
0.000145876
-0.000122321
0.000145876
-0.000232793
0.0015318
-0.000208524
0.00197835
-0.000135907
0.00207766
0.00206351
0.000124078
0.000124078
0.00181535
0.000190068
0.000178704
0.00183296
0.000212623
0.000222961
0.00173283
0.000114756
0.000331218
0.00129844
-1.4233e-10
0.000220067
4.05623e-05
-0.000114756
0.000220067
4.05629e-05
-0.000212623
0.000331218
0.00129844
-0.000190069
0.00022296
0.00173283
-0.000124078
0.000178704
0.00183296
0.000124078
0.00181535
0.000178704
0.000190068
0.00183296
0.000302627
0.000302627
0.0019288
0.000358106
0.000397913
0.0019358
0.000242526
0.000574697
0.00130442
-5.69891e-11
0.000312597
-0.00162565
-0.000242526
0.000312597
-0.00162565
-0.000358106
0.000574696
0.00130442
-0.000302627
0.000397913
0.0019358
-0.000178705
0.000302627
0.0019288
0.000190068
0.00183296
0.000222961
0.000212623
0.00173283
0.000397913
0.000358106
0.0019358
0.000483013
0.000483013
0.00167719
0.000378501
0.000590109
0.000422625
-1.00098e-11
0.000335185
-0.00284468
-0.000378501
0.000335185
-0.00284468
-0.000483013
0.000590108
0.000422624
-0.000397913
0.000483013
0.00167719
-0.000222961
0.000358106
0.0019358
0.000212623
0.00173283
0.000331218
0.000114756
0.00129844
0.000574697
0.000242526
0.00130442
0.000590109
0.000378501
0.000422625
0.00043707
0.00043707
-0.00121154
3.68331e-10
0.000292193
-0.00382697
-0.00043707
0.000292192
-0.00382697
-0.000590109
0.00043707
-0.00121154
-0.000574697
0.000378501
0.000422626
-0.000331218
0.000242526
0.00130442
0.000114755
0.00129845
0.000220067
-1.19385e-10
4.05624e-05
0.000312597
-4.83351e-11
-0.00162565
0.000335185
-1.14514e-11
-0.00284468
0.000292193
3.42028e-10
-0.00382697
3.22082e-10
2.34638e-10
-0.00475049
-0.000292192
2.22069e-10
-0.00475049
-0.000335185
3.22169e-10
-0.00382697
-0.000312598
-7.94191e-12
-0.00284468
-0.000220067
-3.43126e-11
-0.00162565
-8.50063e-11
4.05639e-05
0.000220067
-0.000114756
4.0563e-05
0.000312597
-0.000242526
-0.00162565
0.000335185
-0.000378501
-0.00284468
0.000292193
-0.00043707
-0.00382697
3.08742e-10
-0.000292192
-0.00475049
-0.000292192
-0.000292192
-0.00475049
-0.000335185
-0.000437069
-0.00382697
-0.000312597
-0.000378501
-0.00284468
-0.000220067
-0.000242526
-0.00162565
-0.000114755
4.05644e-05
0.000331218
-0.000212623
0.00129844
0.000574696
-0.000358106
0.00130442
0.000590109
-0.000483013
0.000422625
0.00043707
-0.000590109
-0.00121154
3.47562e-10
-0.000335185
-0.00382697
-0.000437069
-0.000335185
-0.00382697
-0.000590109
-0.000590108
-0.00121154
-0.000574697
-0.000483013
0.000422625
-0.000331218
-0.000358106
0.00130442
-0.000212623
0.00129845
0.000222961
-0.000190069
0.00173283
0.000397913
-0.000302627
0.0019358
0.000483013
-0.000397913
0.00167719
0.000378501
-0.000574697
0.000422626
-8.74947e-12
-0.000312597
-0.00284468
-0.000378501
-0.000312597
-0.00284468
-0.000483013
-0.000574697
0.000422625
-0.000397913
-0.000397913
0.00167719
-0.000222961
-0.000302627
0.0019358
-0.000190068
0.00173283
0.000178704
-0.000124078
0.00183296
0.000302627
-0.000178705
0.0019288
0.000358106
-0.000222961
0.0019358
0.000242526
-0.000331218
0.00130442
-4.2784e-11
-0.000220067
-0.00162565
-0.000242526
-0.000220067
-0.00162565
-0.000358106
-0.000331218
0.00130442
-0.000302627
-0.00022296
0.0019358
-0.000178704
-0.000178704
0.0019288
-0.000124078
0.00183296
0.000124078
0.00181535
0.000190068
0.00183296
0.000212623
0.00173283
0.000114755
0.00129845
-1.06677e-10
4.0564e-05
-0.000114755
4.05645e-05
-0.000212623
0.00129845
-0.000190068
0.00173283
-0.000124078
0.00183296
0.00181535
0.000112702
0.000112702
0.00158995
0.000172596
0.000161335
0.00161173
0.000194189
0.000199087
0.00151215
0.000107966
0.000289424
0.00109524
-1.35019e-10
0.000188893
-4.03644e-05
-0.000107967
0.000188893
-4.03639e-05
-0.000194189
0.000289424
0.00109524
-0.000172597
0.000199087
0.00151215
-0.000112702
0.000161335
0.00161173
0.000112702
0.00158995
0.000161335
0.000172596
0.00161173
0.00027326
0.00027326
0.00170495
0.0003246
0.000358316
0.00172523
0.000221941
0.0005169
0.0011796
-5.83382e-11
0.000267611
-0.00148243
-0.000221941
0.000267611
-0.00148243
-0.0003246
0.0005169
0.0011796
-0.00027326
0.000358316
0.00172523
-0.000161335
0.00027326
0.00170495
0.000172596
0.00161173
0.000199087
0.000194189
0.00151215
0.000358316
0.0003246
0.00172523
0.000438285
0.000438285
0.00151725
0.000349968
0.000543792
0.00048405
-1.01956e-11
0.000304122
-0.00253122
-0.000349968
0.000304122
-0.00253122
-0.000438285
0.000543792
0.000484049
-0.000358316
0.000438285
0.00151726
-0.000199087
0.0003246
0.00172523
0.000194189
0.00151215
0.000289424
0.000107966
0.00109524
0.0005169
0.000221941
0.0011796
0.000543792
0.000349968
0.00048405
0.000415998
0.000415998
-0.000955948
2.34877e-10
0.00027712
-0.00338397
-0.000415997
0.00027712
-0.00338397
-0.000543792
0.000415997
-0.000955949
-0.0005169
0.000349968
0.000484051
-0.000289425
0.000221941
0.0011796
0.000107966
0.00109524
0.000188893
-1.26425e-10
-4.03644e-05
0.000267611
-7.76025e-11
-0.00148243
0.000304122
-2.98226e-11
-0.00253122
0.00027712
2.32285e-10
-0.00338397
2.29447e-10
1.59117e-10
-0.00419625
-0.00027712
1.52535e-10
-0.00419625
-0.000304122
2.18032e-10
-0.00338397
-0.000267611
-3.2227e-11
-0.00253122
-0.000188893
-6.56063e-11
-0.00148243
-9.33669e-11
-4.03632e-05
0.000188893
-0.000107967
-4.03639e-05
0.000267611
-0.000221941
-0.00148243
0.000304122
-0.000349968
-0.00253122
0.00027712
-0.000415997
-0.00338397
2.22267e-10
-0.00027712
-0.00419625
-0.00027712
-0.00027712
-0.00419625
-0.000304122
-0.000415997
-0.00338397
-0.000267611
-0.000349968
-0.00253122
-0.000188894
-0.000221941
-0.00148243
-0.000107966
-4.03628e-05
0.000289424
-0.000194189
0.00109524
0.0005169
-0.0003246
0.0011796
0.000543792
-0.000438285
0.000484049
0.000415997
-0.000543792
-0.000955949
2.19617e-10
-0.000304122
-0.00338397
-0.000415997
-0.000304122
-0.00338397
-0.000543792
-0.000543792
-0.000955949
-0.0005169
-0.000438285
0.00048405
-0.000289425
-0.0003246
0.0011796
-0.000194189
0.00109524
0.000199087
-0.000172597
0.00151215
0.000358316
-0.00027326
0.00172523
0.000438285
-0.000358316
0.00151726
0.000349968
-0.0005169
0.000484051
-1.4064e-11
-0.000267611
-0.00253122
-0.000349968
-0.000267611
-0.00253122
-0.000438285
-0.0005169
0.00048405
-0.000358316
-0.000358316
0.00151726
-0.000199087
-0.00027326
0.00172523
-0.000172596
0.00151215
0.000161335
-0.000112702
0.00161173
0.00027326
-0.000161335
0.00170495
0.0003246
-0.000199087
0.00172523
0.000221941
-0.000289425
0.0011796
-4.64382e-11
-0.000188893
-0.00148243
-0.000221941
-0.000188894
-0.00148243
-0.0003246
-0.000289425
0.0011796
-0.00027326
-0.000199087
0.00172523
-0.000161335
-0.000161335
0.00170495
-0.000112702
0.00161173
0.000112702
0.00158995
0.000172596
0.00161173
0.000194189
0.00151215
0.000107966
0.00109524
-1.00822e-10
-4.03631e-05
-0.000107966
-4.03627e-05
-0.000194189
0.00109524
-0.000172596
0.00151215
-0.000112702
0.00161173
0.00158995
0.000101956
0.000101956
0.00138604
0.000156376
0.000145456
0.00141186
0.000177442
0.000177257
0.00131383
0.000101878
0.000252262
0.000918545
-1.14638e-10
0.000161787
-0.000100274
-0.000101878
0.000161787
-0.000100273
-0.000177443
0.000252262
0.000918546
-0.000156376
0.000177257
0.00131383
-0.000101956
0.000145456
0.00141186
0.000101956
0.00138604
0.000145456
0.000156376
0.00141186
0.00024643
0.00024643
0.001503
0.000294674
0.000321711
0.00153253
0.000205034
0.000462188
0.00105932
-4.84772e-11
0.000230031
-0.00134564
-0.000205035
0.000230032
-0.00134564
-0.000294674
0.000462188
0.00105932
-0.00024643
0.000321711
0.00153253
-0.000145456
0.00024643
0.001503
0.000156376
0.00141186
0.000177257
0.000177442
0.00131383
0.000321711
0.000294674
0.00153253
0.000396412
0.000396412
0.00136785
0.000325266
0.000497621
0.000519762
-6.00236e-12
0.000277843
-0.00225377
-0.000325266
0.000277843
-0.00225377
-0.000396412
0.000497621
0.000519762
-0.000321711
0.000396412
0.00136785
-0.000177257
0.000294674
0.00153253
0.000177442
0.00131383
0.000252262
0.000101878
0.000918545
0.000462188
0.000205034
0.00105932
0.000497621
0.000325266
0.000519762
0.000392537
0.000392537
-0.000745779
1.10843e-10
0.000261144
-0.00297473
-0.000392537
0.000261144
-0.00297473
-0.000497621
0.000392537
-0.00074578
-0.000462188
0.000325266
0.000519763
-0.000252262
0.000205034
0.00105932
0.000101878
0.000918546
0.000161787
-1.19747e-10
-0.000100274
0.000230031
-8.72622e-11
-0.00134564
0.000277843
-3.99846e-11
-0.00225377
0.000261144
1.34629e-10
-0.00297473
1.5538e-10
9.69581e-11
-0.00367397
-0.000261144
9.47016e-11
-0.00367397
-0.000277843
1.25537e-10
-0.00297473
-0.000230031
-4.78324e-11
-0.00225377
-0.000161787
-7.89581e-11
-0.00134564
-9.42061e-11
-0.000100273
0.000161787
-0.000101878
-0.000100273
0.000230031
-0.000205035
-0.00134564
0.000277843
-0.000325266
-0.00225377
0.000261144
-0.000392537
-0.00297473
1.52677e-10
-0.000261144
-0.00367397
-0.000261144
-0.000261144
-0.00367397
-0.000277843
-0.000392537
-0.00297473
-0.000230032
-0.000325266
-0.00225377
-0.000161787
-0.000205035
-0.00134564
-0.000101878
-0.000100272
0.000252262
-0.000177443
0.000918546
0.000462188
-0.000294674
0.00105932
0.000497621
-0.000396412
0.000519762
0.000392537
-0.000497621
-0.00074578
1.0066e-10
-0.000277843
-0.00297473
-0.000392537
-0.000277843
-0.00297473
-0.000497621
-0.000497621
-0.00074578
-0.000462188
-0.000396412
0.000519763
-0.000252262
-0.000294674
0.00105932
-0.000177442
0.000918546
0.000177257
-0.000156376
0.00131383
0.000321711
-0.00024643
0.00153253
0.000396412
-0.000321711
0.00136785
0.000325266
-0.000462188
0.000519763
-1.4006e-11
-0.000230031
-0.00225377
-0.000325266
-0.000230032
-0.00225377
-0.000396412
-0.000462188
0.000519763
-0.000321711
-0.000321711
0.00136785
-0.000177257
-0.00024643
0.00153253
-0.000156376
0.00131383
0.000145456
-0.000101956
0.00141186
0.00024643
-0.000145456
0.001503
0.000294674
-0.000177257
0.00153253
0.000205034
-0.000252262
0.00105932
-4.01967e-11
-0.000161787
-0.00134564
-0.000205035
-0.000161787
-0.00134564
-0.000294674
-0.000252262
0.00105932
-0.00024643
-0.000177257
0.00153253
-0.000145456
-0.000145456
0.001503
-0.000101956
0.00141186
0.000101956
0.00138604
0.000156376
0.00141186
0.000177442
0.00131383
0.000101878
0.000918546
-8.86739e-11
-0.000100273
-0.000101878
-0.000100272
-0.000177443
0.000918546
-0.000156376
0.00131383
-0.000101956
0.00141186
0.00138604
9.191e-05
9.191e-05
0.000141482
0.000131131
0.000162189
0.000157715
9.64696e-05
0.000219924
-1.14539e-10
0.000138244
-9.64698e-05
0.000138244
-0.000162189
0.000219924
-0.000141482
0.000157715
-9.19101e-05
0.000131131
9.191e-05
0.000131131
0.000141482
0.000222411
0.000222411
0.000268506
0.000288887
0.000190214
0.000412037
-5.21041e-11
0.000201119
-0.000190214
0.000201119
-0.000268506
0.000412037
-0.000222411
0.000288887
-0.000131131
0.000222411
0.000141481
0.000157715
0.000162189
0.000288888
0.000268506
0.00035826
0.00035826
0.00030368
0.000454864
-9.73753e-12
0.000253756
-0.00030368
0.000253756
-0.000358261
0.000454864
-0.000288888
0.00035826
-0.000157715
0.000268506
0.000162189
0.000219924
9.64696e-05
0.000412037
0.000190214
0.000454864
0.00030368
0.000368563
0.000368563
2.88096e-11
0.000240923
-0.000368563
0.000240923
-0.000454865
0.000368563
-0.000412037
0.00030368
-0.000219924
0.000190214
9.64696e-05
0.000138244
-1.30134e-10
0.000201119
-1.03128e-10
0.000253756
-5.62336e-11
0.000240923
7.79647e-11
1.02736e-10
5.14431e-11
-0.000240923
5.09161e-11
-0.000253756
7.28439e-11
-0.000201119
-6.77825e-11
-0.000138244
-9.72536e-11
-1.0923e-10
0.000138244
-9.64698e-05
0.000201119
-0.000190214
0.000253756
-0.00030368
0.000240923
-0.000368563
1.01893e-10
-0.000240923
-0.000240923
-0.000240923
-0.000253756
-0.000368563
-0.000201119
-0.00030368
-0.000138244
-0.000190214
-9.64698e-05
0.000219925
-0.000162189
0.000412037
-0.000268506
0.000454864
-0.000358261
0.000368563
-0.000454864
2.26975e-11
-0.000253756
-0.000368563
-0.000253756
-0.000454864
-0.000454864
-0.000412037
-0.000358261
-0.000219925
-0.000268506
-0.000162189
0.000157715
-0.000141482
0.000288887
-0.000222411
0.00035826
-0.000288888
0.00030368
-0.000412037
-2.1218e-11
-0.000201119
-0.000303681
-0.000201119
-0.000358261
-0.000412037
-0.000288888
-0.000288888
-0.000157715
-0.000222411
-0.000141482
0.000131131
-9.19101e-05
0.000222411
-0.000131131
0.000268506
-0.000157715
0.000190214
-0.000219924
-4.61705e-11
-0.000138244
-0.000190214
-0.000138244
-0.000268506
-0.000219925
-0.000222411
-0.000157715
-0.000131131
-0.000131131
-9.19101e-05
9.191e-05
0.000141481
0.000162189
9.64697e-05
-9.32764e-11
-9.64698e-05
-0.000162189
-0.000141482
-9.19101e-05
)
;

boundaryField
{
    bottom
    {
        type            calculated;
        value           nonuniform List<scalar> 0();
    }
    atmosphere
    {
        type            calculated;
        value           nonuniform List<scalar> 0();
    }
    walls
    {
        type            calculated;
        value           uniform 0;
    }
    procBoundary0to1
    {
        type            processor;
        value           nonuniform List<scalar> 
100
(
0.00120222
0.00123115
0.0011354
0.00076434
-0.000142049
-0.000142048
0.000764341
0.0011354
0.00123115
0.00120222
0.00123115
0.00132044
0.00135527
0.000945496
-0.0012183
-0.0012183
0.000945496
0.00135527
0.00132044
0.00123115
0.0011354
0.00135527
0.00122911
0.000531515
-0.00200273
-0.00200273
0.000531514
0.00122911
0.00135527
0.0011354
0.00076434
0.000945496
0.000531515
-0.000573177
-0.00259334
-0.00259334
-0.000573177
0.000531515
0.000945497
0.000764341
-0.000142049
-0.0012183
-0.00200273
-0.00259334
-0.00319212
-0.00319212
-0.00259334
-0.00200273
-0.0012183
-0.000142047
-0.000142048
-0.0012183
-0.00200273
-0.00259334
-0.00319212
-0.00319212
-0.00259334
-0.00200273
-0.0012183
-0.000142047
0.000764341
0.000945496
0.000531515
-0.000573177
-0.00259334
-0.00259334
-0.000573177
0.000531515
0.000945497
0.000764341
0.0011354
0.00135527
0.00122911
0.000531516
-0.00200273
-0.00200273
0.000531515
0.00122911
0.00135527
0.0011354
0.00123115
0.00132044
0.00135527
0.000945497
-0.0012183
-0.0012183
0.000945497
0.00135527
0.00132044
0.00123115
0.00120222
0.00123115
0.0011354
0.000764341
-0.000142047
-0.000142047
0.000764341
0.0011354
0.00123115
0.00120222
)
;
    }
    procBoundary0to2
    {
        type            processor;
        value           nonuniform List<scalar> 
100
(
-0.00401658
-0.0040576
-0.00403964
-0.00365312
-0.00147069
-0.00147069
-0.00365312
-0.00403964
-0.00405761
-0.00401658
-0.0040576
-0.0042253
-0.00402809
-0.00208283
0.00308693
0.00308695
-0.00208283
-0.00402809
-0.0042253
-0.00405761
-0.00403964
-0.00402809
-0.00303485
0.00100677
0.0060392
0.00603921
0.00100677
-0.00303485
-0.00402809
-0.00403964
-0.00365312
-0.00208283
0.00100677
0.00425687
0.00796646
0.00796646
0.00425686
0.00100677
-0.00208283
-0.00365312
-0.00147069
0.00308692
0.00603919
0.00796646
0.00948509
0.00948509
0.00796646
0.00603919
0.00308692
-0.00147069
-0.00147069
0.00308695
0.00603921
0.00796646
0.00948509
0.00948509
0.00796646
0.0060392
0.00308694
-0.00147069
-0.00365312
-0.00208283
0.00100677
0.00425686
0.00796646
0.00796646
0.00425686
0.00100677
-0.00208283
-0.00365312
-0.00403965
-0.00402809
-0.00303485
0.00100677
0.00603919
0.00603921
0.00100677
-0.00303485
-0.00402809
-0.00403964
-0.00405761
-0.0042253
-0.00402809
-0.00208283
0.00308692
0.00308694
-0.00208283
-0.00402809
-0.0042253
-0.00405761
-0.00401658
-0.00405761
-0.00403964
-0.00365312
-0.00147069
-0.00147069
-0.00365312
-0.00403964
-0.00405761
-0.00401658
)
;
    }
}


// ************************************************************************* //
