/*--------------------------------*- C++ -*----------------------------------*\
| =========                 |                                                 |
| \\      /  F ield         | OpenFOAM: The Open Source CFD Toolbox           |
|  \\    /   O peration     | Version:  2412                                  |
|   \\  /    A nd           | Website:  www.openfoam.com                      |
|    \\/     M anipulation  |                                                 |
\*---------------------------------------------------------------------------*/
FoamFile
{
    version     2.0;
    format      ascii;
    arch        "LSB;label=32;scalar=64";
    class       surfaceScalarField;
    location    "0.65";
    object      phi;
}
// * * * * * * * * * * * * * * * * * * * * * * * * * * * * * * * * * * * * * //

dimensions      [0 3 -1 0 0 0 0];

oriented        oriented;

internalField   nonuniform List<scalar> 
2700
(
-3.808e-05
-3.80799e-05
7.616e-05
-0.000511763
0.000187672
0.00028601
-0.000505168
-0.000183854
0.00017726
-0.000249279
-0.000456582
0.000200693
-4.6463e-10
-0.000442204
0.000192925
0.000249279
-0.000442205
0.000192926
0.000505168
-0.000456585
0.000200695
0.000511763
-0.000183857
0.000177262
3.80801e-05
0.000187673
0.00028601
-3.80803e-05
7.61604e-05
0.000187672
-0.000511763
0.000286011
-8.2812e-07
-8.28259e-07
0.000377001
-0.000387097
-0.000392846
0.00059526
-0.000233597
-0.000770447
0.000160365
-1.95716e-09
-0.000755256
7.94569e-05
0.000233595
-0.000755258
7.94567e-05
0.000387098
-0.00077045
0.000160362
8.30284e-07
-0.000392851
0.000595262
-0.000187672
-8.28795e-07
0.000377003
-0.000511763
0.000286011
-0.000183854
-0.000505168
0.000177259
-0.000392845
-0.000387099
0.000595261
-0.000533869
-0.00053387
0.000282049
-0.000221294
-0.000672245
-0.000410777
-3.4689e-09
-0.000673936
-0.000302611
0.000221289
-0.000673936
-0.000302615
0.000533872
-0.000672245
-0.000410788
0.000392853
-0.000533872
0.00028204
0.000183857
-0.0003871
0.000595267
-0.000505168
0.000177262
-0.000456582
-0.000249279
0.000200693
-0.000770446
-0.000233599
0.000160364
-0.000672244
-0.000221295
-0.000410777
-0.000267939
-0.00026794
-0.00080861
-2.77083e-09
-0.000272274
-0.000669598
0.000267937
-0.000272273
-0.000669603
0.000672245
-0.000267939
-0.000808614
0.000770449
-0.000221295
-0.000410781
0.000456584
-0.000233598
0.000160363
-0.000249279
0.000200695
-0.000442205
-5.88097e-10
0.000192926
-0.000755256
-2.31397e-09
7.94554e-05
-0.000673934
-4.05272e-09
-0.000302613
-0.000272273
-3.54472e-09
-0.000669598
7.52187e-10
9.22399e-10
-0.000544548
0.000272272
8.27894e-10
-0.000544545
0.000673933
-3.02902e-09
-0.000669597
0.000755256
-3.32127e-09
-0.000302615
0.000442205
-1.87452e-09
7.94556e-05
-5.48341e-10
0.000192926
-0.000442206
0.000249279
0.000192926
-0.000755259
0.000233595
7.94555e-05
-0.000673935
0.00022129
-0.000302618
-0.000272271
0.000267937
-0.000669604
6.49166e-10
0.000272273
-0.000544544
0.000272271
0.000272272
-0.000544541
0.000673933
0.000267937
-0.000669603
0.000755259
0.000221291
-0.00030262
0.000442206
0.000233596
7.94558e-05
0.000249279
0.000192927
-0.000456585
0.000505168
0.000200696
-0.00077045
0.0003871
0.000160361
-0.000672244
0.000533873
-0.00041079
-0.000267938
0.000672246
-0.000808614
-2.24808e-09
0.000673934
-0.000669596
0.000267936
0.000673934
-0.0006696
0.000672245
0.000672246
-0.000808617
0.000770452
0.000533874
-0.000410791
0.000456587
0.000387101
0.00016036
0.000505168
0.000200697
-0.000183857
0.000511763
0.000177262
-0.000392851
8.30806e-07
0.000595262
-0.000533871
0.000392855
0.000282039
-0.000221294
0.00077045
-0.000410781
-2.71518e-09
0.000755256
-0.000302614
0.000221291
0.000755258
-0.000302618
0.000533873
0.000770453
-0.00041079
0.000392857
0.000392858
0.000282033
0.00018386
8.31364e-07
0.000595267
0.000511763
0.000177265
0.000187673
3.80799e-05
0.000286011
-8.28897e-07
-0.000187672
0.000377004
-0.0003871
0.000183858
0.000595267
-0.000233597
0.000456585
0.000160362
-1.50614e-09
0.000442204
7.9457e-05
0.000233595
0.000442205
7.94568e-05
0.000387101
0.000456587
0.00016036
8.31087e-07
0.00018386
0.000595267
-0.000187672
-0.000187672
0.000377007
3.80803e-05
0.000286011
-3.80804e-05
7.61603e-05
-0.000511763
0.000286011
-0.000505168
0.000177263
-0.000249279
0.000200696
-4.24968e-10
0.000192926
0.000249279
0.000192926
0.000505168
0.000200697
0.000511763
0.000177265
3.80805e-05
0.000286011
7.61608e-05
-0.000237165
-0.000237165
0.000550489
-0.000589309
-0.000193213
0.000831367
-0.000535841
-0.000604603
0.000728395
-0.000287538
-0.000425138
0.000377528
-5.66386e-10
-0.000245559
0.000150947
0.000287536
-0.000245568
0.000150957
0.00053584
-0.000425155
0.000377546
0.00058931
-0.00060462
0.000728413
0.000237166
-0.00019322
0.000831375
-0.000237165
0.000550491
-0.000193212
-0.000589309
0.000831367
-0.000393101
-0.000393103
0.00077678
-0.000579257
-0.000565902
0.000742716
-0.000573086
-0.000705975
0.000435031
-1.32615e-09
-0.000645296
-9.38912e-05
0.000573059
-0.000645313
-9.38583e-05
0.000579234
-0.000706022
0.000435055
0.000393098
-0.000565954
0.000742731
0.000193211
-0.000393119
0.000776789
-0.000589311
0.000831367
-0.000604603
-0.000535842
0.000728395
-0.0005659
-0.000579263
0.000742719
-6.13374e-05
-6.13423e-05
-0.000727073
-0.000126979
-0.000416421
-0.000634689
-2.98667e-08
-0.000773304
-0.000301552
0.000126951
-0.000773432
-0.000301478
6.13253e-05
-0.00041649
-0.000634694
0.000565905
-6.13697e-05
-0.000727123
0.000604607
-0.000579269
0.000742714
-0.000535843
0.000728402
-0.00042514
-0.000287538
0.000377529
-0.000705968
-0.000573091
0.00043502
-0.000416409
-0.000126971
-0.000634707
-0.000175373
-0.00017541
-0.00129066
-2.07767e-08
-0.000187598
-0.00143066
0.0001754
-0.000187748
-0.00143071
0.000416442
-0.000175486
-0.00129066
0.000705967
-0.000126956
-0.00063472
0.000425146
-0.000573078
0.000434992
-0.000287538
0.000377537
-0.000245562
-3.25102e-10
0.000150951
-0.000645287
-1.42122e-09
-9.39095e-05
-0.000773189
-4.07094e-08
-0.000301642
-0.000187474
-3.11796e-08
-0.00143069
1.28585e-09
1.29362e-09
-0.000919623
0.000187432
1.18988e-09
-0.000919725
0.000773137
-3.21004e-08
-0.00143076
0.000645289
-3.78763e-08
-0.000301685
0.000245572
-9.40508e-10
-9.3905e-05
-3.83935e-10
0.000150961
-0.00024557
0.000287536
0.00015096
-0.000645309
0.000573059
-9.38656e-05
-0.000773374
0.000126935
-0.00030153
-0.000187686
0.000175434
-0.00143076
1.10528e-09
0.000187532
-0.000919762
0.000187637
0.000187678
-0.000919855
0.000773316
0.000175505
-0.00143082
0.000645309
0.00012693
-0.000301581
0.00024558
0.000573051
-9.38673e-05
0.000287537
0.00015097
-0.000425157
0.000535839
0.00037755
-0.000706024
0.000579235
0.000435052
-0.000416502
6.13269e-05
-0.000634703
-0.000175478
0.000416457
-0.00129066
-2.18121e-08
0.00077322
-0.00143074
0.000175499
0.000773343
-0.00143079
0.000416534
0.000416525
-0.00129067
0.000706023
6.13609e-05
-0.00063471
0.000425163
0.000579245
0.000435027
0.000535841
0.000377556
-0.000604624
0.00058931
0.000728416
-0.000565966
0.000393098
0.000742741
-6.13769e-05
0.000565908
-0.000727131
-0.000126964
0.000705974
-0.000634711
-2.72523e-08
0.00064529
-0.000301621
0.000126947
0.000645306
-0.000301554
6.13713e-05
0.00070602
-0.00063471
0.000565969
0.000565958
-0.000727161
0.000604628
0.000393113
0.000742739
0.000589312
0.000728421
-0.000193222
0.000237166
0.000831377
-0.000393122
0.000193211
0.000776791
-0.000579265
0.000604609
0.000742708
-0.000573068
0.000425147
0.000434993
-9.80525e-10
0.000245572
-9.38919e-05
0.000573046
0.00024558
-9.38652e-05
0.000579245
0.000425162
0.00043502
0.000393119
0.000604625
0.000742726
0.00019322
0.000193218
0.000776801
0.000237166
0.000831376
-0.000237166
0.000550492
-0.000589311
0.000831367
-0.000535843
0.000728404
-0.000287539
0.000377539
-5.98059e-10
0.000150959
0.000287537
0.000150969
0.000535842
0.000377555
0.000589312
0.000728419
0.000237166
0.000831374
0.000550494
-0.00027507
-0.00027507
0.00110063
-0.000535514
-4.22648e-05
0.00113408
-0.000607301
2.1106e-05
0.000779075
-0.000316222
3.06454e-05
5.58035e-05
7.95629e-10
1.92955e-05
-0.000184571
0.000316224
1.92975e-05
-0.000184564
0.000607302
3.06456e-05
5.58221e-05
0.000535516
2.11042e-05
0.000779094
0.000275071
-4.22624e-05
0.00113408
-0.00027507
0.00110063
-4.22654e-05
-0.000535514
0.00113408
3.78466e-05
3.78454e-05
0.000616558
-0.000900575
0.00135406
0.00034818
-0.000685529
0.00127564
-0.00102501
-2.15139e-10
0.00132931
-0.00208943
0.000685498
0.00132929
-0.00208935
0.000900554
0.0012756
-0.00102495
-3.78396e-05
0.00135399
0.000348236
4.22754e-05
3.78441e-05
0.000616568
-0.000535512
0.00113408
2.11062e-05
-0.0006073
0.000779075
0.00135408
-0.000900584
0.000348172
0.0006122
0.000612174
0.000756699
-0.000204727
3.33304e-06
0.00145454
-1.05853e-08
0.000161837
0.000661206
0.000204709
0.000161754
0.000661341
-0.000612266
3.23172e-06
0.00145465
-0.00135414
0.000612097
0.000756644
-2.11068e-05
-0.000900596
0.000348122
-0.0006073
0.000779083
3.06454e-05
-0.000316222
5.58048e-05
0.00127565
-0.000685532
-0.00102504
3.33071e-06
-0.000204728
0.00145451
-0.000593247
-0.000593231
-9.75151e-05
2.91433e-08
-0.000387121
-0.00147498
0.000593334
-0.000387178
-0.00147508
-3.28842e-06
-0.000593305
-9.75015e-05
-0.00127566
-0.00020473
0.00145448
-3.06456e-05
-0.000685529
-0.00102509
-0.000316223
5.58144e-05
1.92953e-05
1.0606e-09
-0.000184568
0.00132932
4.34943e-09
-0.00208947
0.000161853
-1.17368e-08
0.000661107
-0.000387106
3.50241e-08
-0.001475
6.92486e-09
2.84885e-09
-0.00169386
0.000387141
1.82655e-09
-0.00169404
-0.000161832
2.83881e-08
-0.00147512
-0.00132932
-1.13575e-08
0.000661083
-1.92958e-05
3.11746e-09
-0.00208946
7.55024e-10
-0.000184559
1.92981e-05
0.000316224
-0.000184561
0.00132929
0.000685496
-0.00208935
0.000161728
0.000204706
0.000661312
-0.000387195
0.000593335
-0.00147513
5.26291e-09
0.000387153
-0.00169411
0.000387219
0.0003872
-0.00169427
-0.000161718
0.000593389
-0.00147524
-0.00132929
0.000204711
0.000661267
-1.92984e-05
0.000685495
-0.00208935
0.000316225
-0.000184553
3.06458e-05
0.000607302
5.58259e-05
0.0012756
0.000900556
-0.00102496
3.19569e-06
-0.000612262
0.00145466
-0.00059335
-3.28551e-06
-9.74959e-05
2.30891e-08
-0.00016183
-0.00147513
0.000593417
-0.000161757
-0.00147522
-3.16716e-06
-3.19697e-06
-9.75028e-05
-0.00127561
-0.00061218
0.00145462
-3.06459e-05
0.000900569
-0.00102501
0.000607301
5.58343e-05
2.11036e-05
0.000535517
0.000779098
0.00135399
-3.78386e-05
0.00034825
0.000612099
-0.00135414
0.000756634
-0.000204733
-0.00127566
0.00145449
-1.00139e-08
-0.00132932
0.00066115
0.000204717
-0.0013293
0.000661266
-0.000612162
-0.00127561
0.00145459
-0.00135404
-0.00135406
0.000756603
-2.11041e-05
-3.7836e-05
0.000348205
0.000535515
0.000779104
-4.22625e-05
0.000275071
0.00113408
3.78436e-05
4.22772e-05
0.000616569
-0.000900589
-2.1107e-05
0.000348111
-0.000685522
-3.06457e-05
-0.00102509
-7.58846e-10
-1.92961e-05
-0.00208944
0.000685493
-1.92979e-05
-0.00208937
0.00090057
-3.06459e-05
-0.00102503
-3.78353e-05
-2.1105e-05
0.000348174
4.22738e-05
4.22761e-05
0.00061658
0.000275071
0.00113409
-0.00027507
0.00110063
-0.000535512
0.00113409
-0.0006073
0.000779085
-0.000316223
5.5816e-05
5.00123e-10
-0.00018456
0.000316225
-0.000184554
0.000607301
5.58331e-05
0.000535514
0.000779101
0.000275071
0.00113409
0.00110064
-0.000278003
-0.000278003
0.00165664
-0.000544558
2.33771e-05
0.00137725
-0.000732485
1.19918e-05
0.00095501
-0.000363964
-0.00107782
0.000765107
2.42384e-09
-0.00108925
0.000540717
0.000363965
-0.00108922
0.000540693
0.000732481
-0.00107778
0.000765085
0.000544558
1.19929e-05
0.000955024
0.000278004
2.33777e-05
0.00137726
-0.000278003
0.00165664
2.33773e-05
-0.000544559
0.00137725
-8.21242e-06
-8.21692e-06
0.000679741
-0.00105299
0.00127025
0.000134692
-0.000736553
-0.00120729
-0.00121198
4.7145e-08
-0.00131627
-0.00259902
0.00073654
-0.00131623
-0.00259883
0.00105293
-0.00120721
-0.00121191
8.20961e-06
0.00127023
0.000134719
-2.33769e-05
-8.21513e-06
0.000679747
-0.000544559
0.00137726
1.19919e-05
-0.000732486
0.00095501
0.00127027
-0.00105299
0.000134671
0.000153966
0.000153945
0.00298931
-0.000412655
-0.00109382
0.0019077
2.77028e-08
-0.00111231
4.45645e-05
0.000412684
-0.00111229
4.47411e-05
-0.000153979
-0.00109383
0.00190792
-0.00127027
0.000153914
0.00298925
-1.19914e-05
-0.00105299
0.000134622
-0.000732485
0.000955018
-0.00107783
-0.000363963
0.000765112
-0.0012073
-0.000736538
-0.00121202
-0.00109384
-0.000412643
0.00190764
-0.00077871
-0.000778693
-0.000727775
1.66355e-08
-0.000617507
-0.00274851
0.000778788
-0.00061748
-0.00274866
0.00109389
-0.000778732
-0.000727701
0.0012073
-0.000412659
0.00190764
0.00107783
-0.000736523
-0.00121208
-0.000363962
0.000765117
-0.00108925
4.00322e-09
0.00054072
-0.00131627
7.08899e-08
-0.00259906
-0.00111233
4.07453e-08
4.44778e-05
-0.000617508
1.70341e-08
-0.00274853
-2.04389e-09
-8.72925e-09
-0.00292886
0.000617529
-5.80916e-09
-0.00292904
0.00111234
1.08595e-08
-0.00274867
0.00131625
3.2812e-08
4.44831e-05
0.00108924
6.30517e-08
-0.00259903
3.3643e-09
0.000540712
-0.00108921
0.000363965
0.000540685
-0.00131622
0.000736521
-0.00259878
-0.0011123
0.000412682
4.4747e-05
-0.000617479
0.000778793
-0.00274873
1.06319e-09
0.000617523
-0.00292912
0.000617503
0.000617501
-0.00292928
0.00111231
0.000778807
-0.00274884
0.0013162
0.000412689
4.47182e-05
0.00108919
0.000736505
-0.00259878
0.000363964
0.000540679
-0.00107777
0.00073248
0.00076508
-0.0012072
0.00105291
-0.00121192
-0.00109385
-0.000153972
0.00190797
-0.000778764
0.00109388
-0.000727666
1.07857e-08
0.00111231
-0.00274869
0.000778817
0.00111229
-0.00274882
0.00109389
0.00109388
-0.00072764
0.00120721
-0.000153938
0.00190793
0.00107777
0.00105292
-0.00121199
0.000732479
0.000765087
1.19934e-05
0.000544559
0.000955026
0.00127024
8.21202e-06
0.000134706
0.000153918
-0.00127026
0.00298924
-0.000412676
0.00120729
0.00190768
2.06124e-08
0.00131623
4.4531e-05
0.000412697
0.0013162
4.46784e-05
-0.00015393
0.00120722
0.00190787
-0.00127024
-0.00127024
0.00298921
-1.19931e-05
8.21421e-06
0.000134666
0.000544558
0.000955032
2.3378e-05
0.000278004
0.00137726
-8.21194e-06
-2.33766e-05
0.000679748
-0.00105299
-1.19914e-05
0.000134627
-0.000736538
0.00107782
-0.00121207
4.02979e-08
0.00108923
-0.00259902
0.000736526
0.0010892
-0.00259885
0.00105295
0.00107778
-0.001212
8.21269e-06
-1.19926e-05
0.000134665
-2.33774e-05
-2.33769e-05
0.000679761
0.000278004
0.00137727
-0.000278003
0.00165664
-0.000544558
0.00137727
-0.000732485
0.00095502
-0.000363963
0.000765113
1.86834e-09
0.000540707
0.000363964
0.000540686
0.000732481
0.000765094
0.000544558
0.000955032
0.000278004
0.00137727
0.00165664
-0.000238082
-0.000238082
0.0021328
-0.000505421
2.67149e-05
0.00161788
-0.00072682
-0.000257607
0.00143402
-0.000376667
-0.00141023
0.00182518
4.5005e-10
-0.0011578
0.00132185
0.000376675
-0.00115783
0.00132185
0.000726823
-0.0014102
0.00182514
0.000505418
-0.000257573
0.001434
0.000238081
2.67157e-05
0.00161788
-0.000238082
0.0021328
2.67152e-05
-0.000505421
0.00161788
-0.000126321
-0.000126329
0.000985822
-0.00112217
0.000362411
0.000510527
-0.000693011
-0.00207905
-0.000972323
3.90681e-08
-0.00147301
-0.00297686
0.000693008
-0.00147314
-0.0029765
0.00112213
-0.00207904
-0.000972195
0.000126309
0.000362468
0.000510496
-2.67159e-05
-0.000126316
0.000985804
-0.00050542
0.00161788
-0.000257612
-0.000726818
0.00143402
0.000362414
-0.00112217
0.00051049
-0.000352106
-0.000352107
0.00441835
-0.000424615
-0.000948802
0.000849961
6.8932e-08
-0.000778219
-0.00107491
0.000424671
-0.00077825
-0.00107475
0.000352085
-0.000948793
0.000850261
-0.000362424
-0.000352082
0.00441831
0.000257605
-0.00112216
0.000510435
-0.000726818
0.00143402
-0.00141023
-0.000376665
0.00182519
-0.00207903
-0.000692996
-0.000972392
-0.000948804
-0.000424584
0.000849888
-0.000259047
-0.00025904
-0.00210729
-1.43818e-08
-0.000301715
-0.00348404
0.000259042
-0.000301671
-0.00348429
0.000948802
-0.000259005
-0.00210725
0.002079
-0.000424586
0.00084995
0.00141021
-0.000692982
-0.000972468
-0.00037667
0.00182518
-0.00115779
1.17783e-10
0.00132185
-0.00147297
5.54656e-08
-0.00297693
-0.000778202
9.79008e-08
-0.00107497
-0.000301715
-2.7744e-08
-0.00348403
-1.60421e-09
-9.13511e-09
-0.00353228
0.000301732
-5.02071e-09
-0.00353244
0.00077822
-2.5155e-08
-0.00348414
0.00147298
8.72786e-08
-0.00107495
0.00115779
4.94281e-08
-0.00297688
-2.40255e-10
0.00132183
-0.00115784
0.000376675
0.00132185
-0.00147316
0.000692988
-0.0029764
-0.000778256
0.000424664
-0.00107472
-0.000301661
0.000259025
-0.00348438
2.63438e-09
0.000301726
-0.00353252
0.000301687
0.000301692
-0.00353266
0.000778265
0.000258996
-0.00348444
0.00147314
0.000424664
-0.00107474
0.00115783
0.000692972
-0.00297639
0.000376678
0.00132183
-0.0014102
0.000726822
0.00182513
-0.00207904
0.0011221
-0.000972201
-0.000948795
0.000352069
0.000850323
-0.000259002
0.000948794
-0.00210723
-1.18669e-08
0.000778222
-0.00348418
0.000259003
0.000778246
-0.00348439
0.000948793
0.000948784
-0.00210722
0.002079
0.000352061
0.000850329
0.00141018
0.00112209
-0.000972292
0.00072682
0.00182512
-0.000257568
0.000505417
0.001434
0.00036248
0.000126311
0.00051045
-0.000352083
-0.000362429
0.0044183
-0.000424618
0.002079
0.000850008
5.94444e-08
0.00147301
-0.00107493
0.000424672
0.00147311
-0.0010748
0.000352079
0.00207899
0.000850256
-0.000362466
-0.000362462
0.00441828
0.000257572
0.000126306
0.000510413
0.000505417
0.00143401
2.67163e-05
0.000238081
0.00161788
-0.000126308
-2.67158e-05
0.000985799
-0.00112216
0.000257599
0.000510452
-0.000692995
0.00141021
-0.000972442
3.38137e-08
0.0011578
-0.00297684
0.00069299
0.00115783
-0.00297652
0.00112212
0.00141018
-0.000972325
0.000126302
0.000257577
0.000510443
-2.67166e-05
-2.67162e-05
0.000985802
0.000238082
0.00161789
-0.000238082
0.0021328
-0.000505419
0.00161789
-0.00072682
0.00143402
-0.000376674
0.00182517
1.94255e-10
0.00132183
0.00037668
0.00132183
0.000726822
0.00182513
0.000505417
0.00143401
0.000238082
0.00161789
0.00213281
-0.000205402
-0.000205402
0.0025436
-0.000457214
2.23799e-05
0.00184731
-0.000646816
-0.000503149
0.00212677
-0.000379604
-0.00110395
0.00266192
-3.27993e-09
-0.000962655
0.0019049
0.000379606
-0.000962704
0.00190494
0.000646822
-0.00110397
0.0026619
0.00045721
-0.000503109
0.00212672
0.000205401
2.23807e-05
0.00184731
-0.000205402
0.00254361
2.23797e-05
-0.000457215
0.00184731
-4.2107e-05
-4.21133e-05
0.0011148
-0.000748494
-0.000424284
0.00113805
-0.00035915
-0.00144491
-0.0010207
1.0535e-08
-0.000987933
-0.00331074
0.000359171
-0.000988042
-0.00331032
0.000748507
-0.00144501
-0.00102049
4.21162e-05
-0.000424225
0.001138
-2.2379e-05
-4.21021e-05
0.00111478
-0.000457212
0.00184732
-0.000503153
-0.000646814
0.00212677
-0.00042428
-0.000748492
0.001138
-0.000679544
-0.000679527
0.00492885
-0.000418915
-0.000588031
-0.00026755
2.71995e-08
-0.000519356
-0.00196243
0.000418965
-0.000519338
-0.00196239
0.000679553
-0.000588055
-0.000267283
0.000424252
-0.000679492
0.00492888
0.000503129
-0.000748468
0.00113792
-0.000646816
0.00212675
-0.00110393
-0.000379606
0.00266191
-0.00144487
-0.000359151
-0.00102079
-0.000588019
-0.000418881
-0.000267611
-0.000293167
-0.000293165
-0.00269701
-2.31129e-08
-0.000352932
-0.00394361
0.000293126
-0.000352881
-0.0039439
0.000588015
-0.000293115
-0.00269708
0.00144485
-0.000418856
-0.000267516
0.00110391
-0.000359141
-0.00102086
-0.000379615
0.00266189
-0.000962648
-6.1936e-09
0.00190489
-0.000987905
1.19335e-08
-0.00331084
-0.000519352
3.62486e-08
-0.00196244
-0.000352925
-4.03084e-08
-0.00394358
-3.73922e-10
-1.09502e-08
-0.00423813
0.00035293
-9.18602e-09
-0.00423825
0.000519371
-3.67426e-08
-0.00394366
0.000987942
3.48074e-08
-0.00196241
0.000962664
1.01262e-08
-0.00331075
-6.64134e-09
0.00190489
-0.000962721
0.000379605
0.00190496
-0.000988072
0.000359169
-0.0033102
-0.000519333
0.000418949
-0.00196237
-0.000352863
0.000293099
-0.00394398
1.41024e-09
0.000352926
-0.00423833
0.000352879
0.000352885
-0.00423843
0.000519351
0.00029306
-0.00394401
0.000988095
0.000418918
-0.00196236
0.000962733
0.000359147
-0.00331017
0.000379613
0.00190495
-0.00110397
0.000646821
0.00266188
-0.00144502
0.000748499
-0.00102048
-0.00058806
0.000679533
-0.000267222
-0.00029311
0.000588016
-0.0026971
-1.96944e-08
0.000519367
-0.00394371
0.000293081
0.000519349
-0.00394395
0.000588052
0.000588035
-0.00269716
0.00144497
0.000679498
-0.000267169
0.00110394
0.000748464
-0.00102058
0.000646821
0.00266185
-0.000503103
0.00045721
0.00212671
-0.000424219
4.21258e-05
0.00113794
-0.000679499
0.000424241
0.00492887
-0.000418875
0.00144487
-0.000267469
2.64991e-08
0.000987966
-0.00196243
0.000418919
0.000988063
-0.0019624
0.000679508
0.00144494
-0.000267242
0.000424215
0.000424207
0.00492886
0.000503094
4.21165e-05
0.00113788
0.000457207
0.00212671
2.23815e-05
0.0002054
0.00184731
-4.20926e-05
-2.23785e-05
0.00111478
-0.000748465
0.000503119
0.00113795
-0.000359131
0.00110391
-0.00102082
8.9739e-09
0.000962673
-0.00331069
0.000359139
0.000962719
-0.00331031
0.000748466
0.00110393
-0.00102064
4.21026e-05
0.000503094
0.00113792
-2.2381e-05
-2.23794e-05
0.00111478
0.000205401
0.00184731
-0.000205402
0.00254361
-0.000457211
0.00184732
-0.000646819
0.00212675
-0.000379617
0.00266188
-3.70562e-09
0.00190489
0.000379617
0.00190493
0.000646823
0.00266186
0.000457207
0.00212672
0.000205401
0.00184732
0.00254361
-0.000180006
-0.000180006
0.00290362
-0.000366346
7.12989e-06
0.00202652
-0.000525276
-0.000487312
0.00277301
-0.000378139
-0.000622602
0.00313738
-6.07908e-09
-0.000827575
0.00235434
0.000378134
-0.000827614
0.00235442
0.000525282
-0.000622613
0.00313736
0.000366344
-0.000487302
0.00277296
0.000180004
7.12947e-06
0.00202652
-0.000180006
0.00290362
7.12787e-06
-0.000366348
0.00202652
-4.59191e-05
-4.59183e-05
0.0012209
-0.000358263
-0.000530352
0.00149343
0.000107322
-0.000675951
-0.00143293
-4.43182e-08
-0.000722152
-0.0033088
-0.000107389
-0.000722152
-0.00330844
0.000358251
-0.000676016
-0.00143273
4.59411e-05
-0.000530359
0.00149337
-7.12632e-06
-4.59165e-05
0.0012209
-0.000366347
0.00202653
-0.000487311
-0.000525279
0.00277301
-0.000530337
-0.00035828
0.00149338
-0.00048813
-0.000488125
0.00484442
-0.000280302
-0.000317395
-0.000833934
-6.55602e-08
-0.000290268
-0.00267455
0.000280291
-0.000290176
-0.00267472
0.000488156
-0.000317418
-0.000833746
0.000530326
-0.000488112
0.00484446
0.000487301
-0.000358276
0.00149331
-0.000525286
0.00277299
-0.000622592
-0.000378148
0.00313737
-0.000675913
0.000107274
-0.00143303
-0.000317378
-0.000280303
-0.000833968
-0.000259893
-0.000259895
-0.002812
-3.81087e-10
-0.000232123
-0.00426165
0.000259879
-0.000232111
-0.00426184
0.00031737
-0.000259867
-0.00281212
0.000675879
-0.000280274
-0.000833863
0.000622571
0.000107243
-0.00143307
-0.000378163
0.00313734
-0.000827572
-1.08851e-08
0.00235433
-0.00072216
-7.25175e-08
-0.00330891
-0.000290275
-1.00184e-07
-0.00267453
-0.000232097
-8.95289e-09
-0.00426164
7.74822e-09
-1.04751e-08
-0.00470235
0.000232101
-1.74375e-08
-0.00470243
0.000290279
-9.13318e-09
-0.00426169
0.00072221
-9.0149e-08
-0.00267452
0.0008276
-6.60122e-08
-0.00330883
-1.10633e-08
0.00235434
-0.000827632
0.000378136
0.00235444
-0.000722166
-0.00010739
-0.00330835
-0.00029015
0.000280278
-0.00267477
-0.000232092
0.000259859
-0.00426191
-1.4181e-10
0.000232102
-0.00470253
0.000232098
0.000232091
-0.00470264
0.00029017
0.000259835
-0.00426193
0.000722222
0.000280243
-0.00267475
0.00082766
-0.000107348
-0.00330832
0.000378154
0.00235444
-0.000622609
0.000525284
0.00313734
-0.000676013
0.000358252
-0.00143272
-0.00031742
0.000488153
-0.000833689
-0.000259867
0.00031737
-0.00281216
-5.89482e-10
0.000290265
-0.00426174
0.000259859
0.000290189
-0.00426191
0.000317411
0.000317392
-0.00281227
0.000675967
0.000488121
-0.000833603
0.000622585
0.000358246
-0.00143279
0.000525289
0.0031373
-0.000487297
0.000366343
0.00277295
-0.000530356
4.59508e-05
0.0014933
-0.000488109
0.000530329
0.00484445
-0.000280257
0.000675892
-0.000833844
-5.5016e-08
0.000722211
-0.00267458
0.00028024
0.000722219
-0.00267473
0.000488116
0.000675948
-0.000833674
0.000530324
0.000530318
0.00484446
0.000487275
4.59371e-05
0.00149324
0.000366339
0.00277294
7.13018e-06
0.000180003
0.00202652
-4.59084e-05
-7.12578e-06
0.00122089
-0.000358264
0.000487299
0.00149333
0.000107279
0.00062257
-0.00143304
-3.89891e-08
0.000827607
-0.00330876
-0.000107338
0.000827646
-0.00330844
0.000358249
0.000622579
-0.00143286
4.59183e-05
0.000487278
0.00149329
-7.13031e-06
-7.12703e-06
0.00122089
0.000180004
0.00202652
-0.000180006
0.00290362
-0.000366345
0.00202653
-0.000525286
0.00277299
-0.000378161
0.00313733
-6.27798e-09
0.00235434
0.000378157
0.00235441
0.000525289
0.00313731
0.00036634
0.00277295
0.000180005
0.00202653
0.00290362
-0.000148295
-0.000148295
0.00320021
-0.000242249
3.03434e-06
0.00211744
-0.000476139
-0.000245906
0.00325281
-0.000422537
-0.000186901
0.00327068
-5.18573e-09
-0.000680886
0.0026127
0.000422525
-0.00068088
0.00261277
0.00047614
-0.000186902
0.00327065
0.000242249
-0.000245926
0.00325278
0.000148293
3.0339e-06
0.00211744
-0.000148295
0.0032002
3.02653e-06
-0.000242254
0.00211746
1.77712e-05
1.77767e-05
0.00119141
-0.000279683
-0.000227417
0.0017724
0.000155627
-4.64514e-05
-0.00200869
-7.05657e-08
-0.000564668
-0.00326932
-0.000155758
-0.000564464
-0.00326917
0.000279671
-4.64638e-05
-0.0020086
-1.77229e-05
-0.000227462
0.0017723
-3.02586e-06
1.77752e-05
0.00119146
-0.000242256
0.00211746
-0.000245906
-0.000476148
0.00325281
-0.000227399
-0.000279718
0.00177237
-0.000115981
-0.000115992
0.00462158
3.67726e-05
-0.000172373
-0.000860766
-1.31846e-07
-0.000241884
-0.00296043
-3.68524e-05
-0.000241743
-0.00296072
0.000116008
-0.00017237
-0.000860701
0.000227393
-0.000115994
0.00462161
0.000245911
-0.000279741
0.00177231
-0.000476158
0.00325281
-0.000186904
-0.00042255
0.00327068
-4.64423e-05
0.000155554
-0.00200876
-0.000172366
3.67368e-05
-0.000860773
-0.000199894
-0.000199894
-0.00275695
1.83775e-08
-0.000171618
-0.00453183
0.000199924
-0.000171645
-0.00453185
0.000172372
-0.000199878
-0.00275706
4.64408e-05
3.67644e-05
-0.00086069
0.000186912
0.000155506
-0.00200879
-0.000422566
0.00327065
-0.000680901
-9.56372e-09
0.00261269
-0.000564733
-1.09801e-07
-0.00326941
-0.000241889
-1.96026e-07
-0.00296044
-0.000171568
1.93066e-08
-0.00453188
-9.61523e-10
-3.04252e-08
-0.0050455
0.00017156
-4.31836e-08
-0.0050456
0.000241867
1.77301e-08
-0.00453189
0.000564758
-1.81492e-07
-0.00296047
0.000680933
-9.91226e-08
-0.0032694
-9.6988e-09
0.00261271
-0.000680893
0.000422529
0.0026128
-0.000564431
-0.000155764
-0.00326916
-0.000241693
-3.68676e-05
-0.00296083
-0.000171621
0.000199911
-0.00453187
-1.36037e-08
0.000171566
-0.00504573
0.000171608
0.000171587
-0.00504589
0.000241698
0.000199893
-0.00453189
0.000564495
-3.68952e-05
-0.00296083
0.000680934
-0.000155689
-0.00326917
0.000422554
0.00261281
-0.000186901
0.000476146
0.00327063
-4.64529e-05
0.00027968
-0.00200861
-0.000172369
0.00011602
-0.00086066
-0.000199882
0.000172365
-0.0027571
1.72747e-08
0.000241848
-0.00453192
0.000199912
0.000241732
-0.00453195
0.000172378
0.000172363
-0.00275721
4.64421e-05
0.000116011
-0.000860573
0.000186902
0.000279697
-0.00200864
0.000476159
0.0032706
-0.000245919
0.000242249
0.00325277
-0.000227456
-1.77206e-05
0.00177224
-0.000115992
0.000227405
0.0046216
3.67927e-05
4.64437e-05
-0.000860707
-1.17878e-07
0.000564713
-0.00296053
-3.68736e-05
0.000564546
-0.00296079
0.000116007
4.64437e-05
-0.000860636
0.000227417
0.000227414
0.00462165
0.000245893
-1.77426e-05
0.0017722
0.000242244
0.00325275
3.03406e-06
0.000148293
0.00211744
1.77744e-05
-3.02593e-06
0.00119146
-0.00027972
0.000245916
0.00177232
0.00015555
0.000186909
-0.00200878
-6.18353e-08
0.000680924
-0.00326936
-0.00015566
0.000680926
-0.00326922
0.000279697
0.000186901
-0.00200867
-1.77528e-05
0.000245901
0.00177225
-3.03434e-06
-3.02645e-06
0.00119146
0.000148294
0.00211743
-0.000148295
0.0032002
-0.000242255
0.00211746
-0.000476155
0.0032528
-0.000422559
0.00327064
-5.35551e-09
0.00261272
0.000422555
0.00261278
0.000476157
0.0032706
0.000242248
0.00325276
0.000148294
0.00211745
0.0032002
-0.000106469
-0.000106467
0.00341314
-0.000120276
-1.67639e-05
0.00214801
-0.000471373
-5.85193e-05
0.00366242
-0.000449998
-6.14994e-05
0.00331081
1.22808e-09
-0.000498223
0.00266092
0.000449988
-0.000498146
0.00266093
0.000471371
-6.14874e-05
0.00331075
0.000120276
-5.85273e-05
0.0036624
0.000106468
-1.67646e-05
0.00214802
-0.000106468
0.00341314
-1.67039e-05
-0.000120292
0.00214799
0.000160607
0.000160599
0.000836736
-0.000413387
3.68339e-05
0.00225104
-0.000228184
9.92738e-05
-0.00235467
-1.31352e-11
-0.000461121
-0.00353461
0.000228121
-0.000460847
-0.00353459
0.000413369
9.93126e-05
-0.00235464
-0.000160587
3.68096e-05
0.00225092
1.67038e-05
0.000160596
0.000836805
-0.000120296
0.002148
-5.85244e-05
-0.000471384
0.00366243
3.68431e-05
-0.000413423
0.00225103
4.96704e-05
4.9646e-05
0.00459594
0.000114185
-3.16045e-05
-0.000794402
-5.51571e-08
-0.000205307
-0.003102
-0.000114237
-0.000205223
-0.00310216
-4.96685e-05
-3.15432e-05
-0.000794414
-3.68469e-05
4.96408e-05
0.00459596
5.85289e-05
-0.000413445
0.00225097
-0.000471394
0.00366243
-6.15082e-05
-0.000450012
0.00331082
9.92521e-05
-0.000228215
-0.00235473
-3.16378e-05
0.000114147
-0.000794384
-5.33997e-05
-5.33931e-05
-0.0027134
2.10844e-08
-9.89332e-05
-0.00469162
5.34456e-05
-9.89766e-05
-0.00469152
3.16675e-05
-5.33592e-05
-0.00271347
-9.92377e-05
0.00011418
-0.000794324
6.15146e-05
-0.000228211
-0.00235478
-0.000450025
0.0033108
-0.000498264
-1.47502e-10
0.00266094
-0.000461211
2.93276e-09
-0.00353468
-0.000205285
-6.9339e-08
-0.00310215
-9.88719e-05
3.16526e-08
-0.00469172
-1.495e-08
-5.80263e-08
-0.00524323
9.88524e-05
-6.96386e-08
-0.00524337
0.000205249
3.27799e-08
-0.00469168
0.000461192
-6.04081e-08
-0.00310217
0.000498279
3.7726e-09
-0.00353471
-1.82611e-09
0.00266097
-0.000498147
0.000449994
0.00266095
-0.000460795
0.000228114
-0.00353462
-0.000205179
-0.000114237
-0.00310228
-9.8944e-05
5.34263e-05
-0.0046915
-2.65115e-08
9.88451e-05
-0.00524356
9.8912e-05
9.88739e-05
-0.00524377
0.000205162
5.33952e-05
-0.00469151
0.000460824
-0.000114266
-0.00310229
0.000498178
0.000228127
-0.00353465
0.000450012
0.00266098
-6.14906e-05
0.000471377
0.00331074
9.93136e-05
0.000413379
-0.00235468
-3.15425e-05
-4.96556e-05
-0.000794385
-5.33634e-05
3.16423e-05
-0.0027135
2.26745e-08
0.000205238
-0.0046917
5.34135e-05
0.000205169
-0.00469163
3.1581e-05
3.15859e-05
-0.00271357
-9.92913e-05
-4.96454e-05
-0.000794322
6.15013e-05
0.000413412
-0.00235471
0.000471387
0.00331073
-5.85231e-05
0.000120275
0.00366239
3.68144e-05
-0.000160586
0.00225086
4.96452e-05
-3.68375e-05
0.00459595
0.000114185
-9.92463e-05
-0.000794359
-4.75031e-08
0.000461128
-0.00310219
-0.000114235
0.000460898
-0.00310233
-4.96378e-05
-9.92804e-05
-0.000794367
-3.68224e-05
-3.68234e-05
0.00459601
5.85172e-05
-0.000160581
0.00225086
0.000120271
0.00366238
-1.67647e-05
0.000106468
0.00214801
0.000160595
1.67043e-05
0.000836808
-0.00041343
5.85321e-05
0.00225097
-0.000228206
6.15092e-05
-0.00235476
-9.57034e-10
0.000498244
-0.00353468
0.000228156
0.000498182
-0.00353466
0.000413413
6.15008e-05
-0.00235471
-0.000160582
5.85245e-05
0.0022509
1.67642e-05
1.67049e-05
0.000836827
0.000106469
0.002148
-0.000106468
0.00341314
-0.000120294
0.00214799
-0.000471389
0.00366243
-0.000450017
0.00331078
-1.03633e-09
0.00266094
0.000450011
0.00266095
0.000471387
0.00331073
0.000120284
0.00366239
0.000106466
0.00214798
0.00341314
-9.60084e-05
-9.60093e-05
-4.21418e-05
-0.00020928
-0.000408998
-4.18632e-05
-0.000433363
0.000151274
-3.40585e-09
-0.000234882
0.000433354
-0.000234775
0.000408998
0.000151298
4.21467e-05
-4.18644e-05
9.60089e-05
-0.000209258
-9.60109e-05
-0.000209288
-4.21495e-05
-0.000131605
-0.000131612
-0.000517389
7.42048e-05
-0.0003348
0.000185257
-8.14173e-09
-0.000274331
0.000334777
-0.000274185
0.000517391
0.000185303
0.000131558
7.42008e-05
0.000209259
-0.000131572
-4.21571e-05
-4.18666e-05
-0.000409006
7.42097e-05
-0.000517408
0.000163019
0.000162989
9.37478e-05
8.83988e-05
7.25566e-08
-0.000130525
-9.36917e-05
-0.000130525
-0.000163027
8.84916e-05
-7.42171e-05
0.000162993
4.18663e-05
-0.000517411
-0.000409016
0.000151262
-0.000433375
0.000185223
-0.000334815
8.83765e-05
9.37131e-05
3.75479e-05
3.74773e-05
2.41728e-08
-4.31509e-05
-3.75357e-05
-4.31319e-05
-8.83613e-05
3.74974e-05
-0.000185206
9.373e-05
-0.000151263
-0.000334794
-0.000433385
-0.000234936
-6.35537e-09
-0.000274414
-8.01707e-09
-0.00013046
1.46493e-07
-4.30968e-05
5.30205e-08
-2.7457e-08
-7.78925e-08
4.30616e-05
-8.11596e-08
0.000130433
5.44888e-08
0.000274383
1.43355e-07
0.000234931
-2.28528e-09
-7.23568e-09
-0.000234769
0.000433358
-0.000274167
0.000334771
-0.000130492
-9.36638e-05
-4.30675e-05
-3.75474e-05
-3.08476e-08
4.30191e-05
4.30252e-05
4.2991e-05
0.000130467
-3.75625e-05
0.000274162
-9.36849e-05
0.00023478
0.000334764
0.000433369
0.000151294
0.000409001
0.000185294
0.0005174
8.84925e-05
-0.000163017
3.74982e-05
-8.84092e-05
2.58715e-08
0.000130421
-3.74788e-05
0.000130419
-8.84643e-05
-8.84949e-05
-0.000185273
-0.000163001
-0.000151286
0.000517407
0.000409004
-4.18631e-05
4.2146e-05
7.42027e-05
0.000131562
0.000162996
-7.42119e-05
9.36899e-05
-0.000185222
6.69494e-08
0.000274345
-9.36376e-05
0.000274222
-0.000162981
-0.000185268
-7.41945e-05
-7.4197e-05
4.18623e-05
0.000131588
4.21377e-05
-0.000209259
9.60092e-05
-0.000131575
0.000209262
-0.000517411
4.18667e-05
-0.000334803
-0.000151275
-6.13288e-09
0.000234884
0.00033479
0.000234792
0.000517413
-0.00015129
0.000131584
4.1865e-05
0.000209265
0.000209276
9.60081e-05
-9.601e-05
-4.21544e-05
-0.000409012
-0.000433379
-4.6885e-09
0.00043337
0.000409005
4.21415e-05
9.6007e-05
)
;

boundaryField
{
    bottom
    {
        type            calculated;
        value           uniform 0;
    }
    atmosphere
    {
        type            calculated;
        value           nonuniform List<scalar> 0();
    }
    walls
    {
        type            calculated;
        value           uniform 0;
    }
    procBoundary3to2
    {
        type            processor;
        value           nonuniform List<scalar> 
100
(
0.00360516
0.00230342
0.00407114
0.0031839
0.00246244
0.00246234
0.00318381
0.00407112
0.00230341
0.00360516
0.00230341
0.000681384
0.00252075
-0.00257124
-0.00382995
-0.00382996
-0.00257126
0.00252069
0.000681419
0.0023034
0.00407115
0.00252075
0.00441834
-0.000628273
-0.00315214
-0.00315206
-0.000628268
0.00441836
0.00252073
0.00407116
0.00318393
-0.00257128
-0.000628262
-0.00261165
-0.00474147
-0.00474135
-0.00261165
-0.000628216
-0.00257134
0.00318391
0.00246251
-0.00383001
-0.00315253
-0.00474165
-0.00532937
-0.00532951
-0.00474161
-0.00315253
-0.00383005
0.00246252
0.00246235
-0.00383
-0.00315215
-0.00474133
-0.00532969
-0.0053299
-0.00474133
-0.00315216
-0.00383003
0.00246238
0.0031838
-0.00257131
-0.00062823
-0.00261164
-0.00474163
-0.00474156
-0.00261165
-0.000628197
-0.00257134
0.0031838
0.00407111
0.00252064
0.00441835
-0.00062824
-0.00315249
-0.00315243
-0.00062825
0.00441842
0.00252062
0.00407111
0.00230341
0.000681423
0.00252073
-0.00257131
-0.00383002
-0.00383003
-0.00257131
0.00252067
0.000681458
0.0023034
0.00360516
0.0023034
0.00407115
0.00318387
0.00246245
0.00246236
0.0031838
0.00407112
0.00230339
0.00360515
)
;
    }
}


// ************************************************************************* //
