/*--------------------------------*- C++ -*----------------------------------*\
| =========                 |                                                 |
| \\      /  F ield         | OpenFOAM: The Open Source CFD Toolbox           |
|  \\    /   O peration     | Version:  2412                                  |
|   \\  /    A nd           | Website:  www.openfoam.com                      |
|    \\/     M anipulation  |                                                 |
\*---------------------------------------------------------------------------*/
FoamFile
{
    version     2.0;
    format      ascii;
    arch        "LSB;label=32;scalar=64";
    class       volScalarField;
    location    "0.2";
    object      p_rgh;
}
// * * * * * * * * * * * * * * * * * * * * * * * * * * * * * * * * * * * * * //

dimensions      [1 -1 -2 0 0 0 0];

internalField   nonuniform List<scalar> 
1000
(
12.5575
12.5664
12.5822
12.5992
12.613
12.613
12.5992
12.5822
12.5664
12.5575
12.5664
12.5769
12.5959
12.6168
12.6347
12.6347
12.6168
12.5959
12.5769
12.5664
12.5822
12.5959
12.621
12.6499
12.6758
12.6758
12.6499
12.621
12.5959
12.5822
12.5992
12.6168
12.6499
12.6891
12.7275
12.7275
12.6891
12.6499
12.6168
12.5992
12.613
12.6347
12.6758
12.7275
12.7801
12.7801
12.7275
12.6758
12.6347
12.613
12.613
12.6347
12.6758
12.7275
12.7801
12.7801
12.7275
12.6758
12.6347
12.613
12.5992
12.6168
12.6499
12.6891
12.7275
12.7275
12.6891
12.6499
12.6168
12.5992
12.5822
12.5959
12.621
12.6499
12.6758
12.6758
12.6499
12.621
12.5959
12.5822
12.5664
12.5769
12.5959
12.6168
12.6347
12.6347
12.6168
12.5959
12.5769
12.5664
12.5575
12.5664
12.5822
12.5992
12.613
12.613
12.5992
12.5822
12.5664
12.5575
12.537
12.5476
12.5667
12.5875
12.605
12.605
12.5875
12.5667
12.5476
12.537
12.5476
12.5604
12.5838
12.6101
12.6336
12.6336
12.6101
12.5838
12.5604
12.5476
12.5667
12.5838
12.6153
12.6529
12.6883
12.6883
12.6529
12.6153
12.5838
12.5667
12.5875
12.6101
12.6529
12.7061
12.7617
12.7617
12.7061
12.6529
12.6101
12.5875
12.605
12.6336
12.6883
12.7617
12.8417
12.8417
12.7617
12.6883
12.6336
12.605
12.605
12.6336
12.6883
12.7617
12.8417
12.8417
12.7617
12.6883
12.6336
12.605
12.5875
12.6101
12.6529
12.7061
12.7617
12.7617
12.7061
12.6529
12.6101
12.5875
12.5667
12.5838
12.6153
12.6529
12.6883
12.6883
12.6529
12.6153
12.5838
12.5667
12.5476
12.5604
12.5838
12.6101
12.6336
12.6336
12.6101
12.5838
12.5604
12.5476
12.537
12.5476
12.5667
12.5875
12.605
12.605
12.5875
12.5667
12.5476
12.537
12.5114
12.5238
12.5463
12.5716
12.5934
12.5934
12.5716
12.5463
12.5238
12.5114
12.5238
12.5391
12.5674
12.6001
12.631
12.631
12.6001
12.5674
12.5391
12.5238
12.5463
12.5674
12.6063
12.6549
12.7029
12.7029
12.6549
12.6063
12.5674
12.5463
12.5716
12.6001
12.6549
12.7267
12.8075
12.8075
12.7267
12.6549
12.6001
12.5716
12.5934
12.631
12.7029
12.8075
12.9302
12.9302
12.8075
12.7029
12.631
12.5934
12.5934
12.631
12.7029
12.8075
12.9302
12.9302
12.8075
12.7029
12.631
12.5934
12.5716
12.6001
12.6549
12.7267
12.8075
12.8075
12.7267
12.6549
12.6001
12.5716
12.5463
12.5674
12.6063
12.6549
12.7029
12.7029
12.6549
12.6063
12.5674
12.5463
12.5238
12.5391
12.5674
12.6001
12.631
12.631
12.6001
12.5674
12.5391
12.5238
12.5114
12.5238
12.5463
12.5716
12.5934
12.5934
12.5716
12.5463
12.5238
12.5114
12.4796
12.4939
12.52
12.55
12.5768
12.5768
12.55
12.52
12.4939
12.4796
12.4939
12.5119
12.5454
12.5854
12.6252
12.6252
12.5854
12.5454
12.5119
12.4939
12.52
12.5454
12.5924
12.6543
12.7185
12.7185
12.6543
12.5924
12.5454
12.52
12.55
12.5854
12.6543
12.7502
12.8677
12.8677
12.7502
12.6543
12.5854
12.55
12.5768
12.6252
12.7185
12.8677
13.0577
13.0577
12.8677
12.7185
12.6252
12.5768
12.5768
12.6252
12.7185
12.8677
13.0577
13.0577
12.8677
12.7185
12.6252
12.5768
12.55
12.5854
12.6543
12.7502
12.8677
12.8677
12.7502
12.6543
12.5854
12.55
12.52
12.5454
12.5924
12.6543
12.7185
12.7185
12.6543
12.5924
12.5454
12.52
12.4939
12.5119
12.5454
12.5854
12.6252
12.6252
12.5854
12.5454
12.5119
12.4939
12.4796
12.4939
12.52
12.55
12.5768
12.5768
12.55
12.52
12.4939
12.4796
12.4406
12.4567
12.4862
12.5209
12.5532
12.5532
12.5209
12.4862
12.4567
12.4406
12.4567
12.4774
12.516
12.564
12.6146
12.6146
12.564
12.516
12.4774
12.4567
12.4862
12.516
12.571
12.6482
12.7319
12.7319
12.6482
12.571
12.516
12.4862
12.5209
12.564
12.6482
12.7748
12.9446
12.9446
12.7748
12.6482
12.564
12.5209
12.5532
12.6146
12.7319
12.9446
13.241
13.241
12.9446
12.7319
12.6146
12.5532
12.5532
12.6146
12.7319
12.9446
13.241
13.241
12.9446
12.7319
12.6146
12.5532
12.5209
12.564
12.6482
12.7748
12.9446
12.9446
12.7748
12.6482
12.564
12.5209
12.4862
12.516
12.571
12.6482
12.7319
12.7319
12.6482
12.571
12.516
12.4862
12.4567
12.4774
12.516
12.564
12.6146
12.6146
12.564
12.516
12.4774
12.4567
12.4406
12.4567
12.4862
12.5209
12.5532
12.5532
12.5209
12.4862
12.4567
12.4406
12.3936
12.4112
12.4433
12.4824
12.5199
12.5199
12.4824
12.4433
12.4112
12.3936
12.4112
12.4342
12.4771
12.5331
12.596
12.596
12.5331
12.4771
12.4342
12.4112
12.4433
12.4771
12.5388
12.6325
12.7367
12.7367
12.6325
12.5388
12.4771
12.4433
12.4824
12.5331
12.6325
12.7953
13.0386
13.0386
12.7953
12.6325
12.5331
12.4824
12.5199
12.596
12.7367
13.0386
13.5151
13.5151
13.0386
12.7367
12.596
12.5199
12.5199
12.596
12.7367
13.0386
13.5151
13.5151
13.0386
12.7367
12.596
12.5199
12.4824
12.5331
12.6325
12.7953
13.0386
13.0386
12.7953
12.6325
12.5331
12.4824
12.4433
12.4771
12.5388
12.6325
12.7367
12.7367
12.6325
12.5388
12.4771
12.4433
12.4112
12.4342
12.4771
12.5331
12.596
12.596
12.5331
12.4771
12.4342
12.4112
12.3936
12.4112
12.4433
12.4824
12.5199
12.5199
12.4824
12.4433
12.4112
12.3936
12.3375
12.3561
12.3898
12.4322
12.4737
12.4737
12.4322
12.3898
12.3561
12.3375
12.3561
12.3807
12.4265
12.4893
12.5649
12.5649
12.4893
12.4265
12.3807
12.3561
12.3898
12.4265
12.4913
12.5993
12.7196
12.7196
12.5993
12.4913
12.4265
12.3898
12.4322
12.4893
12.5993
12.8005
13.1447
13.1447
12.8005
12.5993
12.4893
12.4322
12.4737
12.5649
12.7196
13.1447
14.0372
14.0372
13.1447
12.7196
12.5649
12.4737
12.4737
12.5649
12.7196
13.1447
14.0372
14.0372
13.1447
12.7196
12.5649
12.4737
12.4322
12.4893
12.5993
12.8005
13.1447
13.1447
12.8005
12.5993
12.4893
12.4322
12.3898
12.4265
12.4913
12.5993
12.7196
12.7196
12.5993
12.4913
12.4265
12.3898
12.3561
12.3807
12.4265
12.4893
12.5649
12.5649
12.4893
12.4265
12.3807
12.3561
12.3375
12.3561
12.3898
12.4322
12.4737
12.4737
12.4322
12.3898
12.3561
12.3375
12.2717
12.2906
12.3243
12.368
12.4108
12.4108
12.368
12.3243
12.2906
12.2717
12.2906
12.3158
12.3618
12.4283
12.5135
12.5135
12.4283
12.3618
12.3159
12.2906
12.3243
12.3618
12.4234
12.5391
12.6643
12.6643
12.5391
12.4234
12.3618
12.3243
12.368
12.4283
12.5391
12.7698
13.2806
13.2806
12.7698
12.5391
12.4283
12.368
12.4108
12.5135
12.6643
13.2806
15.3949
15.3949
13.2806
12.6643
12.5135
12.4108
12.4108
12.5135
12.6643
13.2806
15.3949
15.3949
13.2806
12.6643
12.5135
12.4108
12.368
12.4283
12.5391
12.7698
13.2806
13.2806
12.7698
12.5391
12.4283
12.368
12.3243
12.3618
12.4234
12.5391
12.6643
12.6643
12.5391
12.4234
12.3618
12.3243
12.2906
12.3159
12.3618
12.4283
12.5135
12.5135
12.4283
12.3618
12.3159
12.2906
12.2717
12.2906
12.3243
12.368
12.4108
12.4108
12.368
12.3243
12.2906
12.2717
12.196
12.2144
12.2463
12.2886
12.3285
12.3285
12.2886
12.2463
12.2144
12.196
12.2144
12.2388
12.2815
12.3463
12.4324
12.4324
12.3463
12.2815
12.2388
12.2144
12.2463
12.2815
12.3313
12.4407
12.5418
12.5418
12.4407
12.3313
12.2815
12.2463
12.2886
12.3463
12.4407
12.6869
13.6985
13.6985
12.6869
12.4407
12.3463
12.2886
12.3285
12.4324
12.5418
13.6985
19.1063
19.1063
13.6985
12.5418
12.4324
12.3285
12.3285
12.4324
12.5418
13.6985
19.1063
19.1063
13.6985
12.5418
12.4324
12.3285
12.2886
12.3463
12.4407
12.6869
13.6985
13.6985
12.6869
12.4407
12.3463
12.2886
12.2463
12.2815
12.3314
12.4407
12.5418
12.5418
12.4407
12.3314
12.2815
12.2463
12.2144
12.2388
12.2815
12.3463
12.4324
12.4324
12.3463
12.2815
12.2388
12.2144
12.196
12.2144
12.2463
12.2886
12.3285
12.3285
12.2886
12.2463
12.2144
12.196
12.1105
12.1276
12.1565
12.1942
12.2268
12.2268
12.1942
12.1565
12.1276
12.1105
12.1276
12.1497
12.1856
12.2428
12.3156
12.3156
12.2428
12.1856
12.1497
12.1276
12.1565
12.1856
12.2171
12.3025
12.4528
12.4528
12.3025
12.2171
12.1856
12.1565
12.1942
12.2428
12.3025
12.6557
14.9715
14.9715
12.6557
12.3025
12.2428
12.1942
12.2268
12.3156
12.4528
14.9715
28.6895
28.6895
14.9715
12.4528
12.3156
12.2268
12.2268
12.3156
12.4528
14.9715
28.6895
28.6895
14.9715
12.4528
12.3156
12.2268
12.1942
12.2428
12.3025
12.6557
14.9715
14.9715
12.6557
12.3025
12.2428
12.1942
12.1565
12.1856
12.2171
12.3025
12.4528
12.4528
12.3025
12.2171
12.1856
12.1565
12.1276
12.1497
12.1856
12.2428
12.3156
12.3156
12.2428
12.1856
12.1497
12.1276
12.1105
12.1276
12.1565
12.1942
12.2268
12.2268
12.1942
12.1565
12.1276
12.1105
)
;

boundaryField
{
    bottom
    {
        type            fixedFluxPressure;
        gradient        nonuniform List<scalar> 0();
        value           nonuniform List<scalar> 0();
    }
    atmosphere
    {
        type            prghTotalPressure;
        p0              nonuniform List<scalar> 0();
        value           nonuniform List<scalar> 0();
    }
    walls
    {
        type            fixedFluxPressure;
        gradient        uniform 0;
        value           nonuniform List<scalar> 
400
(
12.5575
12.5664
12.5822
12.5992
12.613
12.613
12.5992
12.5822
12.5664
12.5575
12.537
12.5476
12.5667
12.5875
12.605
12.605
12.5875
12.5667
12.5476
12.537
12.5114
12.5238
12.5463
12.5716
12.5934
12.5934
12.5716
12.5463
12.5238
12.5114
12.4796
12.4939
12.52
12.55
12.5768
12.5768
12.55
12.52
12.4939
12.4796
12.4406
12.4567
12.4862
12.5209
12.5532
12.5532
12.5209
12.4862
12.4567
12.4406
12.3936
12.4112
12.4433
12.4824
12.5199
12.5199
12.4824
12.4433
12.4112
12.3936
12.3375
12.3561
12.3898
12.4322
12.4737
12.4737
12.4322
12.3898
12.3561
12.3375
12.2717
12.2906
12.3243
12.368
12.4108
12.4108
12.368
12.3243
12.2906
12.2717
12.196
12.2144
12.2463
12.2886
12.3285
12.3285
12.2886
12.2463
12.2144
12.196
12.1105
12.1276
12.1565
12.1942
12.2268
12.2268
12.1942
12.1565
12.1276
12.1105
12.5575
12.5664
12.5822
12.5992
12.613
12.613
12.5992
12.5822
12.5664
12.5575
12.537
12.5476
12.5667
12.5875
12.605
12.605
12.5875
12.5667
12.5476
12.537
12.5114
12.5238
12.5463
12.5716
12.5934
12.5934
12.5716
12.5463
12.5238
12.5114
12.4796
12.4939
12.52
12.55
12.5768
12.5768
12.55
12.52
12.4939
12.4796
12.4406
12.4567
12.4862
12.5209
12.5532
12.5532
12.5209
12.4862
12.4567
12.4406
12.3936
12.4112
12.4433
12.4824
12.5199
12.5199
12.4824
12.4433
12.4112
12.3936
12.3375
12.3561
12.3898
12.4322
12.4737
12.4737
12.4322
12.3898
12.3561
12.3375
12.2717
12.2906
12.3243
12.368
12.4108
12.4108
12.368
12.3243
12.2906
12.2717
12.196
12.2144
12.2463
12.2886
12.3285
12.3285
12.2886
12.2463
12.2144
12.196
12.1105
12.1276
12.1565
12.1942
12.2268
12.2268
12.1942
12.1565
12.1276
12.1105
12.5575
12.537
12.5114
12.4796
12.4406
12.3936
12.3375
12.2717
12.196
12.1105
12.5664
12.5476
12.5238
12.4939
12.4567
12.4112
12.3561
12.2906
12.2144
12.1276
12.5822
12.5667
12.5463
12.52
12.4862
12.4433
12.3898
12.3243
12.2463
12.1565
12.5992
12.5875
12.5716
12.55
12.5209
12.4824
12.4322
12.368
12.2886
12.1942
12.613
12.605
12.5934
12.5768
12.5532
12.5199
12.4737
12.4108
12.3285
12.2268
12.613
12.605
12.5934
12.5768
12.5532
12.5199
12.4737
12.4108
12.3285
12.2268
12.5992
12.5875
12.5716
12.55
12.5209
12.4824
12.4322
12.368
12.2886
12.1942
12.5822
12.5667
12.5463
12.52
12.4862
12.4433
12.3898
12.3243
12.2463
12.1565
12.5664
12.5476
12.5238
12.4939
12.4567
12.4112
12.3561
12.2906
12.2144
12.1276
12.5575
12.537
12.5114
12.4796
12.4406
12.3936
12.3375
12.2717
12.196
12.1105
12.5575
12.537
12.5114
12.4796
12.4406
12.3936
12.3375
12.2717
12.196
12.1105
12.5664
12.5476
12.5238
12.4939
12.4567
12.4112
12.3561
12.2906
12.2144
12.1276
12.5822
12.5667
12.5463
12.52
12.4862
12.4433
12.3898
12.3243
12.2463
12.1565
12.5992
12.5875
12.5716
12.55
12.5209
12.4824
12.4322
12.368
12.2886
12.1942
12.613
12.605
12.5934
12.5768
12.5532
12.5199
12.4737
12.4108
12.3285
12.2268
12.613
12.605
12.5934
12.5768
12.5532
12.5199
12.4737
12.4108
12.3285
12.2268
12.5992
12.5875
12.5716
12.55
12.5209
12.4824
12.4322
12.368
12.2886
12.1942
12.5822
12.5667
12.5463
12.52
12.4862
12.4433
12.3898
12.3243
12.2463
12.1565
12.5664
12.5476
12.5238
12.4939
12.4567
12.4112
12.3561
12.2906
12.2144
12.1276
12.5575
12.537
12.5114
12.4796
12.4406
12.3936
12.3375
12.2717
12.196
12.1105
)
;
    }
    procBoundary2to0
    {
        type            processor;
        value           nonuniform List<scalar> 
100
(
12.0158
12.0312
12.0571
12.0882
12.1133
12.1133
12.0882
12.0571
12.0312
12.0158
12.0312
12.0502
12.0775
12.1241
12.1791
12.1791
12.1241
12.0775
12.0502
12.0312
12.0571
12.0775
12.094
12.1622
12.5321
12.5321
12.1622
12.094
12.0775
12.0571
12.0882
12.1241
12.1622
12.8349
17.2925
17.2925
12.8349
12.1622
12.1241
12.0882
12.1133
12.1791
12.5321
17.2925
53.6079
53.6079
17.2925
12.5321
12.1791
12.1133
12.1133
12.1791
12.5321
17.2925
53.6079
53.6079
17.2925
12.5321
12.1791
12.1133
12.0882
12.1241
12.1622
12.8349
17.2925
17.2925
12.8349
12.1622
12.1241
12.0882
12.0571
12.0775
12.094
12.1622
12.5321
12.5321
12.1622
12.094
12.0775
12.0571
12.0312
12.0502
12.0775
12.1241
12.1791
12.1791
12.1241
12.0775
12.0502
12.0312
12.0158
12.0312
12.0571
12.0882
12.1133
12.1133
12.0882
12.0571
12.0312
12.0158
)
;
    }
    procBoundary2to3
    {
        type            processor;
        value           nonuniform List<scalar> 
100
(
12.5738
12.581
12.594
12.6078
12.6185
12.6185
12.6078
12.594
12.581
12.5738
12.581
12.5896
12.6049
12.6214
12.6349
12.6349
12.6214
12.6049
12.5896
12.581
12.594
12.6049
12.6246
12.6466
12.6655
12.6655
12.6466
12.6246
12.6049
12.594
12.6078
12.6214
12.6466
12.6755
12.7022
12.7022
12.6755
12.6466
12.6214
12.6078
12.6185
12.6349
12.6655
12.7022
12.7371
12.7371
12.7022
12.6655
12.6349
12.6185
12.6185
12.6349
12.6655
12.7022
12.7371
12.7371
12.7022
12.6655
12.6349
12.6185
12.6078
12.6214
12.6466
12.6755
12.7022
12.7022
12.6755
12.6466
12.6214
12.6078
12.594
12.6049
12.6246
12.6466
12.6655
12.6655
12.6466
12.6246
12.6049
12.594
12.581
12.5896
12.6049
12.6214
12.6349
12.6349
12.6214
12.6049
12.5896
12.581
12.5738
12.581
12.594
12.6078
12.6185
12.6185
12.6078
12.594
12.581
12.5738
)
;
    }
}


// ************************************************************************* //
