/*--------------------------------*- C++ -*----------------------------------*\
| =========                 |                                                 |
| \\      /  F ield         | OpenFOAM: The Open Source CFD Toolbox           |
|  \\    /   O peration     | Version:  2412                                  |
|   \\  /    A nd           | Website:  www.openfoam.com                      |
|    \\/     M anipulation  |                                                 |
\*---------------------------------------------------------------------------*/
FoamFile
{
    version     2.0;
    format      ascii;
    arch        "LSB;label=32;scalar=64";
    class       volScalarField;
    location    "0.71";
    object      p;
}
// * * * * * * * * * * * * * * * * * * * * * * * * * * * * * * * * * * * * * //

dimensions      [1 -1 -2 0 0 0 0];

internalField   nonuniform List<scalar> 
1000
(
156.736
115.379
72.3011
66.8935
76.063
76.0629
66.893
72.301
115.379
156.736
115.379
33.2182
28.6343
24.7618
26.0994
26.0993
24.7615
28.6343
33.218
115.379
72.301
28.6342
31.2928
23.8281
22.2913
22.2915
23.8282
31.2926
28.634
72.3009
66.8934
24.7616
23.8281
24.3184
23.7154
23.7155
24.3184
23.8281
24.7613
66.893
76.0625
26.0987
22.2915
23.7154
23.9422
23.9423
23.7155
22.2918
26.0976
76.0617
76.0623
26.0984
22.2918
23.7156
23.9424
23.9425
23.7157
22.2921
26.0974
76.0616
66.8927
24.7613
23.8283
24.3184
23.7156
23.7157
24.3184
23.8283
24.761
66.8924
72.3009
28.6342
31.2926
23.8281
22.2918
22.2919
23.8282
31.2926
28.634
72.3008
115.379
33.218
28.6341
24.7614
26.0981
26.098
24.7612
28.6341
33.2179
115.379
156.736
115.379
72.301
66.8931
76.062
76.062
66.8926
72.3009
115.379
156.736
112.163
56.8877
37.058
38.943
42.3582
42.3578
38.9428
37.0578
56.8873
112.163
56.8877
6.39752
16.5328
12.2569
13.2124
13.2122
12.2567
16.5328
6.39739
56.8877
37.0579
16.5327
19.3306
16.4356
17.2368
17.2369
16.4358
19.3304
16.5326
37.0579
38.9428
12.2567
16.4356
15.0424
15.5971
15.597
15.0426
16.4358
12.2565
38.9427
42.3578
13.2118
17.237
15.5971
15.9231
15.9232
15.5971
17.2374
13.2107
42.3568
42.3572
13.2114
17.2373
15.5971
15.9234
15.9235
15.5971
17.2376
13.2104
42.3564
38.9426
12.2565
16.4358
15.0427
15.5971
15.5971
15.0428
16.436
12.2563
38.9425
37.0578
16.5327
19.3304
16.4359
17.2373
17.2374
16.436
19.3302
16.5326
37.0577
56.8873
6.39736
16.5327
12.2566
13.2111
13.211
12.2565
16.5326
6.39728
56.8874
112.163
56.8878
37.0579
38.9428
42.3571
42.3568
38.9427
37.0578
56.8875
112.163
84.9634
40.4957
33.8534
28.1663
25.7267
25.7267
28.1665
33.8535
40.4958
84.9636
40.4956
1.32114
15.0438
11.288
11.0793
11.0792
11.2878
15.0439
1.32103
40.4957
33.8534
15.0437
25.8572
19.8689
17.3091
17.3093
19.869
25.8572
15.0435
33.8534
28.1662
11.2879
19.8688
17.7949
17.0166
17.0166
17.795
19.8687
11.2876
28.1662
25.7266
11.079
17.3092
17.0167
16.4619
16.462
17.0168
17.3093
11.0786
25.7263
25.7265
11.0789
17.3095
17.0168
16.4621
16.4622
17.0169
17.3096
11.0785
25.7263
28.1664
11.2876
19.8691
17.795
17.0168
17.0168
17.795
19.8689
11.2874
28.1663
33.8535
15.0439
25.8572
19.8687
17.3093
17.3095
19.8689
25.8572
15.0436
33.8535
40.4958
1.321
15.0435
11.2877
11.0787
11.0787
11.2875
15.0436
1.32096
40.4958
84.9637
40.4957
33.8535
28.1663
25.7265
25.7265
28.1664
33.8536
40.4958
84.9638
50.0979
23.8687
20.6371
18.5404
18.4785
18.4785
18.5403
20.6372
23.8686
50.0981
23.8686
1.97234
13.0998
9.68289
11.0123
11.0123
9.68266
13.0998
1.9721
23.8686
20.637
13.0998
18.2082
14.7723
14.9609
14.961
14.7725
18.2082
13.0997
20.637
18.5404
9.68281
14.7722
15.5785
15.1706
15.1706
15.5786
14.7723
9.68258
18.5403
18.4784
11.0122
14.9609
15.1707
15.1541
15.1543
15.1707
14.9609
11.012
18.4783
18.4784
11.0121
14.9611
15.1706
15.1545
15.1547
15.1707
14.9611
11.0119
18.4783
18.5402
9.6825
14.7725
15.5787
15.1707
15.1707
15.5787
14.7725
9.68233
18.5401
20.6372
13.0998
18.2082
14.7724
14.9609
14.961
14.7725
18.2082
13.0997
20.6372
23.8686
1.97203
13.0997
9.68264
11.012
11.012
9.68246
13.0997
1.97191
23.8686
50.0981
23.8687
20.6371
18.5404
18.4783
18.4784
18.5402
20.6372
23.8686
50.0982
41.3509
21.9418
20.3379
18.8378
18.2907
18.2904
18.8378
20.3379
21.9418
41.3511
21.9417
4.68887
12.5894
9.77169
11.7334
11.7333
9.77155
12.5894
4.68879
21.9416
20.3378
12.5894
15.5116
14.933
15.363
15.3632
14.9329
15.5116
12.5893
20.3378
18.8378
9.77164
14.933
16.0304
14.8489
14.8487
16.0304
14.9328
9.77145
18.8377
18.2907
11.7333
15.3629
14.849
14.9793
14.9795
14.8489
15.3629
11.7331
18.2905
18.2903
11.7332
15.3632
14.8487
14.9796
14.9798
14.8487
15.3632
11.7331
18.2901
18.8377
9.77145
14.9328
16.0305
14.8489
14.8487
16.0305
14.9327
9.77131
18.8376
20.3378
12.5894
15.5116
14.9329
15.3629
15.3631
14.9328
15.5117
12.5893
20.3378
21.9418
4.68878
12.5894
9.7715
11.7332
11.7331
9.77141
12.5894
4.68876
21.9418
41.3512
21.9417
20.3378
18.8377
18.2905
18.2903
18.8377
20.3378
21.9418
41.3512
32.1694
17.1407
16.7671
15.6732
15.9229
15.9225
15.6732
16.7672
17.1408
32.1695
17.1406
5.77813
12.2196
10.9477
11.9436
11.9434
10.9478
12.2196
5.77809
17.1405
16.767
12.2196
14.5536
14.5599
14.3916
14.3916
14.5599
14.5536
12.2195
16.7669
15.6732
10.9477
14.5598
13.6287
13.7412
13.741
13.6284
14.5597
10.9476
15.6731
15.9229
11.9436
14.3915
13.7413
14.1671
14.167
13.7412
14.3914
11.9435
15.9227
15.9223
11.9433
14.3916
13.7409
14.167
14.167
13.7408
14.3915
11.9433
15.9222
15.6731
10.9478
14.5599
13.6284
13.7411
13.7409
13.6281
14.5597
10.9477
15.673
16.7671
12.2195
14.5536
14.5598
14.3914
14.3915
14.5597
14.5536
12.2196
16.7669
17.1408
5.77811
12.2195
10.9477
11.9435
11.9433
10.9478
12.2196
5.77812
17.1407
32.1695
17.1406
16.7669
15.6731
15.9226
15.9223
15.6731
16.7669
17.1407
32.1694
20.773
15.7397
15.9671
14.3907
14.7826
14.7823
14.3908
15.9674
15.7399
20.7731
15.7396
6.15477
12.6632
11.0465
11.9857
11.9856
11.0465
12.6631
6.15476
15.7395
15.9669
12.6633
14.3079
14.0256
13.9065
13.9065
14.0258
14.3079
12.6633
15.9667
14.3906
11.0464
14.0256
12.6224
13.1873
13.1872
12.6227
14.0255
11.0464
14.3906
14.7826
11.9858
13.9065
13.1874
13.629
13.6289
13.1874
13.9065
11.9857
14.7824
14.7822
11.9855
13.9065
13.1871
13.6288
13.6287
13.1871
13.9064
11.9855
14.782
14.3907
11.0465
14.0257
12.6226
13.1873
13.1872
12.6229
14.0257
11.0465
14.3905
15.9673
12.6631
14.3078
14.0256
13.9064
13.9064
14.0257
14.3078
12.6633
15.9668
15.7398
6.15479
12.6633
11.0464
11.9857
11.9856
11.0465
12.6633
6.15484
15.7397
20.773
15.7396
15.9669
14.3907
14.7823
14.7821
14.3906
15.9669
15.7397
20.7729
14.587
13.9689
14.9506
13.7178
13.3654
13.3653
13.718
14.9513
13.9691
14.587
13.9688
5.54169
12.5499
10.5213
11.6259
11.6257
10.5213
12.5498
5.54162
13.9686
14.9501
12.5498
13.5229
12.8166
12.9926
12.9926
12.8166
13.5228
12.5498
14.9496
13.7176
10.5212
12.8165
11.2387
12.3775
12.3774
11.2388
12.8164
10.5212
13.7176
13.3653
11.6259
12.9926
12.3776
12.9088
12.9086
12.3777
12.9926
11.6258
13.3652
13.3652
11.6257
12.9925
12.3775
12.9085
12.9083
12.3776
12.9924
11.6256
13.365
13.7179
10.5213
12.8166
11.2387
12.3777
12.3776
11.2388
12.8165
10.5212
13.7177
14.951
12.5497
13.5227
12.8165
12.9925
12.9925
12.8166
13.5228
12.5497
14.9499
13.9691
5.54162
12.5498
10.5213
11.6258
11.6257
10.5213
12.5497
5.54159
13.9687
14.587
13.9687
14.9499
13.7177
13.3652
13.3651
13.7178
14.95
13.9687
14.5867
17.0968
13.6311
14.6535
13.1038
12.3788
12.379
13.104
14.6537
13.6312
17.0968
13.631
4.97332
12.5599
10.3135
10.9992
10.9991
10.3134
12.5599
4.97325
13.6308
14.6532
12.5597
13.1606
11.9356
12.592
12.5918
11.9356
13.1605
12.5596
14.653
13.1036
10.3135
11.9356
10.6984
11.7409
11.741
10.6984
11.9356
10.3135
13.1036
12.3786
10.9992
12.592
11.741
12.3255
12.3252
11.7411
12.592
10.9992
12.3785
12.3789
10.9991
12.5918
11.7411
12.325
12.3248
11.7412
12.5918
10.9991
12.3787
13.1039
10.3134
11.9355
10.6983
11.7411
11.7412
10.6984
11.9356
10.3134
13.1037
14.6536
12.5599
13.1604
11.9356
12.5919
12.5918
11.9356
13.1604
12.5597
14.6531
13.6311
4.97322
12.5597
10.3135
10.9992
10.9992
10.3135
12.5598
4.97307
13.6309
17.0968
13.6309
14.6532
13.1038
12.3787
12.3787
13.1039
14.6532
13.6309
17.0966
13.5172
12.9671
14.1764
12.3922
11.4757
11.4759
12.3926
14.1765
12.967
13.5171
12.9671
4.3451
11.8699
9.58908
10.3846
10.3846
9.58887
11.8701
4.34509
12.9669
14.1762
11.8699
12.6652
11.425
12.0105
12.0103
11.4249
12.665
11.8698
14.1761
12.392
9.58916
11.4251
9.98347
11.1029
11.103
9.98348
11.4251
9.58915
12.392
11.4755
10.3846
12.0106
11.1029
11.6624
11.6621
11.103
12.0105
10.3846
11.4755
11.4759
10.3846
12.0102
11.1032
11.6617
11.6614
11.1032
12.0102
10.3846
11.4758
12.3925
9.58888
11.4248
9.98347
11.1031
11.1032
9.9835
11.4249
9.58897
12.3922
14.1764
11.87
12.665
11.4251
12.0104
12.0102
11.4249
12.6649
11.87
14.1762
12.9671
4.34509
11.8699
9.58904
10.3846
10.3846
9.58892
11.87
4.34504
12.967
13.5171
12.9669
14.1762
12.3924
11.4757
11.4759
12.3927
14.1763
12.967
13.517
)
;

boundaryField
{
    bottom
    {
        type            calculated;
        value           nonuniform List<scalar> 
100
(
186.217
144.86
98.8309
87.5949
96.9204
96.9202
87.5943
98.8308
144.86
186.217
144.86
50.1264
33.4629
28.8054
32.438
32.4376
28.805
33.4629
50.1262
144.86
98.8309
33.463
33.7321
26.5876
25.7745
25.7748
26.5877
33.7319
33.4628
98.8308
87.595
28.8055
26.5876
28.9607
29.0914
29.0915
28.9607
26.5876
28.8051
87.5946
96.9209
32.4387
25.7744
29.0914
29.483
29.4832
29.0916
25.7748
32.4373
96.9199
96.9208
32.4385
25.7745
29.0915
29.4831
29.4833
29.0916
25.7749
32.4373
96.9199
87.5946
28.8052
26.5877
28.9607
29.0915
29.0916
28.9607
26.5877
28.8049
87.5942
98.8308
33.463
33.7319
26.5875
25.7748
25.7751
26.5877
33.7318
33.4628
98.8307
144.86
50.1262
33.4627
28.805
32.4368
32.4366
28.8047
33.4628
50.1261
144.86
186.217
144.86
98.8308
87.5946
96.9196
96.9195
87.5941
98.8307
144.86
186.217
)
;
    }
    atmosphere
    {
        type            calculated;
        value           nonuniform List<scalar> 0();
    }
    walls
    {
        type            calculated;
        value           nonuniform List<scalar> 
400
(
156.736
115.379
72.301
66.8934
76.0625
76.0623
66.8927
72.3009
115.379
156.736
112.163
56.8877
37.0579
38.9428
42.3578
42.3572
38.9426
37.0578
56.8873
112.163
84.9634
40.4956
33.8534
28.1662
25.7266
25.7265
28.1664
33.8535
40.4958
84.9637
50.0979
23.8686
20.637
18.5404
18.4784
18.4784
18.5402
20.6372
23.8686
50.0981
41.3509
21.9417
20.3378
18.8378
18.2907
18.2903
18.8377
20.3378
21.9418
41.3512
32.1694
17.1406
16.767
15.6732
15.9229
15.9223
15.6731
16.7671
17.1408
32.1695
20.773
15.7396
15.9669
14.3906
14.7826
14.7822
14.3907
15.9673
15.7398
20.773
14.587
13.9688
14.9501
13.7176
13.3653
13.3652
13.7179
14.951
13.9691
14.587
17.0968
13.631
14.6532
13.1036
12.3786
12.3789
13.1039
14.6536
13.6311
17.0968
13.5172
12.9671
14.1762
12.392
11.4755
11.4759
12.3925
14.1764
12.9671
13.5171
156.736
115.379
72.3009
66.893
76.0617
76.0616
66.8924
72.3008
115.379
156.736
112.163
56.8877
37.0579
38.9427
42.3568
42.3564
38.9425
37.0577
56.8874
112.163
84.9636
40.4957
33.8534
28.1662
25.7263
25.7263
28.1663
33.8535
40.4958
84.9638
50.0981
23.8686
20.637
18.5403
18.4783
18.4783
18.5401
20.6372
23.8686
50.0982
41.3511
21.9416
20.3378
18.8377
18.2905
18.2901
18.8376
20.3378
21.9418
41.3512
32.1695
17.1405
16.7669
15.6731
15.9227
15.9222
15.673
16.7669
17.1407
32.1694
20.7731
15.7395
15.9667
14.3906
14.7824
14.782
14.3905
15.9668
15.7397
20.7729
14.587
13.9686
14.9496
13.7176
13.3652
13.365
13.7177
14.9499
13.9687
14.5867
17.0968
13.6308
14.653
13.1036
12.3785
12.3787
13.1037
14.6531
13.6309
17.0966
13.5171
12.9669
14.1761
12.392
11.4755
11.4758
12.3922
14.1762
12.967
13.517
156.736
112.163
84.9634
50.0979
41.3509
32.1694
20.773
14.587
17.0968
13.5172
115.379
56.8877
40.4957
23.8687
21.9418
17.1407
15.7397
13.9689
13.6311
12.9671
72.3011
37.058
33.8534
20.6371
20.3379
16.7671
15.9671
14.9506
14.6535
14.1764
66.8935
38.943
28.1663
18.5404
18.8378
15.6732
14.3907
13.7178
13.1038
12.3922
76.063
42.3582
25.7267
18.4785
18.2907
15.9229
14.7826
13.3654
12.3788
11.4757
76.0629
42.3578
25.7267
18.4785
18.2904
15.9225
14.7823
13.3653
12.379
11.4759
66.893
38.9428
28.1665
18.5403
18.8378
15.6732
14.3908
13.718
13.104
12.3926
72.301
37.0578
33.8535
20.6372
20.3379
16.7672
15.9674
14.9513
14.6537
14.1765
115.379
56.8873
40.4958
23.8686
21.9418
17.1408
15.7399
13.9691
13.6312
12.967
156.736
112.163
84.9636
50.0981
41.3511
32.1695
20.7731
14.587
17.0968
13.5171
156.736
112.163
84.9637
50.0981
41.3512
32.1695
20.773
14.587
17.0968
13.5171
115.379
56.8878
40.4957
23.8687
21.9417
17.1406
15.7396
13.9687
13.6309
12.9669
72.301
37.0579
33.8535
20.6371
20.3378
16.7669
15.9669
14.9499
14.6532
14.1762
66.8931
38.9428
28.1663
18.5404
18.8377
15.6731
14.3907
13.7177
13.1038
12.3924
76.062
42.3571
25.7265
18.4783
18.2905
15.9226
14.7823
13.3652
12.3787
11.4757
76.062
42.3568
25.7265
18.4784
18.2903
15.9223
14.7821
13.3651
12.3787
11.4759
66.8926
38.9427
28.1664
18.5402
18.8377
15.6731
14.3906
13.7178
13.1039
12.3927
72.3009
37.0578
33.8536
20.6372
20.3378
16.7669
15.9669
14.95
14.6532
14.1763
115.379
56.8875
40.4958
23.8686
21.9418
17.1407
15.7397
13.9687
13.6309
12.967
156.736
112.163
84.9638
50.0982
41.3512
32.1694
20.7729
14.5867
17.0966
13.517
)
;
    }
    procBoundary3to2
    {
        type            processor;
        value           nonuniform List<scalar> 
100
(
12.3791
14.3423
13.3599
11.5399
10.7456
10.7457
11.54
13.3599
14.3422
12.3789
14.3424
5.08535
10.6121
8.59334
9.48414
9.48427
8.59327
10.6122
5.08529
14.3424
13.3598
10.6121
12.0539
11.1652
11.5169
11.5169
11.1651
12.0538
10.612
13.3597
11.5398
8.59342
11.1652
9.35595
10.5266
10.5267
9.35588
11.1652
8.59349
11.5398
10.7455
9.48412
11.517
10.5265
11.0718
11.0717
10.5266
11.5169
9.48412
10.7456
10.7457
9.48431
11.5169
10.5269
11.0716
11.0715
10.5269
11.5169
9.48429
10.7458
11.5399
8.5933
11.1651
9.35588
10.5267
10.5269
9.35583
11.1651
8.59336
11.5399
13.3599
10.6123
12.0538
11.1652
11.5169
11.5169
11.1651
12.0537
10.6122
13.3597
14.3423
5.08529
10.612
8.59344
9.48415
9.48425
8.59336
10.6121
5.08523
14.3423
12.3789
14.3424
13.3597
11.5399
10.7457
10.7458
11.54
13.3598
14.3423
12.3788
)
;
    }
}


// ************************************************************************* //
