/*--------------------------------*- C++ -*----------------------------------*\
| =========                 |                                                 |
| \\      /  F ield         | OpenFOAM: The Open Source CFD Toolbox           |
|  \\    /   O peration     | Version:  2412                                  |
|   \\  /    A nd           | Website:  www.openfoam.com                      |
|    \\/     M anipulation  |                                                 |
\*---------------------------------------------------------------------------*/
FoamFile
{
    version     2.0;
    format      ascii;
    arch        "LSB;label=32;scalar=64";
    class       volScalarField;
    location    "0.59";
    object      p;
}
// * * * * * * * * * * * * * * * * * * * * * * * * * * * * * * * * * * * * * //

dimensions      [1 -1 -2 0 0 0 0];

internalField   nonuniform List<scalar> 
1000
(
0.079885
-3.37459
-1.77016
-2.22543
-1.47797
-1.47794
-2.22396
-1.76879
-3.3741
0.0801366
-3.37465
-3.28966
-1.97802
-2.39412
-1.54968
-1.54966
-2.39397
-1.97789
-3.28964
-3.37445
-1.77034
-1.97801
-0.132301
-1.16859
-0.726809
-0.726783
-1.1686
-0.132118
-1.97788
-1.76977
-2.22565
-2.39414
-1.16858
-1.57444
-1.05131
-1.05131
-1.57442
-1.1685
-2.39408
-2.22507
-1.47794
-1.54966
-0.726789
-1.05129
-0.702644
-0.702639
-1.05127
-0.726705
-1.54959
-1.47784
-1.47789
-1.54963
-0.72675
-1.0513
-0.702632
-0.702614
-1.05127
-0.726666
-1.54956
-1.47778
-2.22347
-2.39392
-1.16858
-1.57442
-1.05126
-1.05126
-1.57441
-1.16851
-2.3939
-2.22329
-1.76833
-1.97784
-0.132038
-1.1685
-0.726694
-0.72667
-1.16851
-0.131893
-1.97775
-1.76815
-3.37394
-3.28963
-1.97782
-2.39404
-1.54958
-1.54956
-2.39392
-1.97774
-3.28964
-3.37388
0.0802286
-3.37437
-1.76954
-2.22485
-1.47783
-1.47778
-2.22366
-1.76846
-3.37399
0.0803982
-1.08238
-4.36235
-2.6983
-3.04508
-2.04056
-2.04053
-3.04499
-2.69786
-4.36243
-1.08213
-4.36234
-4.04806
-2.79572
-2.86088
-1.98796
-1.98794
-2.86077
-2.79563
-4.04808
-4.36237
-2.69835
-2.79573
-1.37935
-1.73541
-1.25352
-1.2535
-1.73549
-1.37922
-2.79564
-2.69813
-3.04509
-2.8609
-1.73539
-1.89262
-1.36972
-1.36972
-1.89261
-1.73534
-2.86092
-3.04497
-2.04053
-1.98794
-1.2535
-1.3697
-1.01783
-1.0178
-1.36967
-1.25343
-1.98787
-2.04029
-2.04049
-1.98792
-1.25348
-1.3697
-1.01774
-1.01766
-1.36966
-1.25341
-1.98784
-2.04026
-3.04496
-2.86074
-1.7355
-1.89263
-1.36966
-1.36966
-1.89263
-1.73545
-2.86077
-3.0449
-2.69772
-2.79559
-1.37916
-1.73535
-1.25342
-1.25341
-1.73542
-1.37905
-2.79555
-2.69763
-4.36246
-4.04808
-2.7956
-2.86088
-1.98786
-1.98784
-2.86079
-2.79555
-4.04814
-4.36248
-1.08204
-4.36237
-2.69803
-3.04494
-2.0403
-2.04027
-3.04489
-2.6977
-4.36245
-1.08188
-2.32643
-5.56456
-3.75072
-3.89603
-2.48693
-2.48692
-3.89637
-3.7511
-5.56475
-2.32644
-5.56453
-4.94909
-3.79966
-3.39057
-2.3562
-2.35621
-3.39057
-3.79968
-4.94915
-5.56464
-3.75066
-3.79965
-2.80789
-2.23859
-1.71084
-1.71084
-2.2386
-2.8078
-3.79963
-3.75073
-3.89599
-3.39057
-2.23859
-2.14389
-1.61445
-1.61445
-2.14389
-2.23858
-3.39059
-3.89609
-2.4869
-2.35619
-1.71083
-1.61444
-1.25523
-1.25522
-1.61441
-1.71079
-2.35613
-2.48675
-2.4869
-2.3562
-1.71083
-1.61444
-1.25519
-1.25516
-1.61441
-1.71078
-2.35614
-2.48676
-3.8965
-3.39057
-2.2386
-2.1439
-1.61441
-1.6144
-2.14391
-2.2386
-3.39059
-3.89653
-3.75124
-3.79968
-2.80777
-2.23858
-1.71078
-1.71078
-2.23859
-2.80772
-3.79968
-3.75124
-5.56483
-4.94918
-3.79961
-3.39057
-2.35613
-2.35613
-3.39057
-3.79965
-4.94924
-5.56489
-2.32644
-5.56467
-3.75075
-3.89612
-2.48675
-2.48675
-3.89641
-3.75108
-5.56483
-2.32646
-3.33162
-6.95452
-4.70308
-4.62313
-2.79196
-2.7919
-4.62317
-4.70343
-6.95466
-3.33173
-6.9545
-6.26692
-4.75732
-3.84032
-2.65842
-2.65843
-3.84034
-4.7574
-6.26701
-6.95462
-4.70301
-4.75731
-3.56211
-2.6174
-1.99798
-1.99798
-2.6174
-3.56207
-4.7573
-4.70308
-4.62312
-3.84032
-2.6174
-2.29334
-1.75433
-1.75433
-2.29334
-2.6174
-3.84032
-4.62311
-2.79196
-2.65841
-1.99797
-1.75432
-1.39485
-1.39484
-1.7543
-1.99794
-2.65838
-2.79189
-2.79188
-2.65843
-1.99797
-1.75432
-1.39482
-1.3948
-1.7543
-1.99794
-2.65841
-2.79183
-4.62315
-3.84034
-2.6174
-2.29334
-1.75429
-1.7543
-2.29335
-2.6174
-3.84034
-4.62314
-4.70356
-4.75741
-3.56204
-2.61739
-1.99794
-1.99793
-2.6174
-3.56203
-4.7574
-4.70357
-6.95472
-6.26705
-4.7573
-3.84031
-2.65838
-2.65839
-3.84033
-4.75738
-6.26713
-6.95482
-3.33176
-6.95466
-4.70313
-4.62309
-2.79187
-2.79182
-4.62314
-4.70344
-6.95478
-3.33185
-4.00719
-8.27119
-5.64479
-4.77813
-2.95553
-2.95551
-4.77816
-5.64499
-8.27128
-4.00729
-8.2712
-8.01944
-5.60008
-4.01551
-2.80816
-2.80816
-4.01553
-5.60016
-8.01955
-8.27132
-5.64474
-5.60007
-3.802
-2.77554
-2.10124
-2.10125
-2.77554
-3.80199
-5.60007
-5.64478
-4.77813
-4.01551
-2.77554
-2.31057
-1.77274
-1.77274
-2.31058
-2.77554
-4.0155
-4.77811
-2.95553
-2.80815
-2.10124
-1.77274
-1.42745
-1.42744
-1.77272
-2.10123
-2.80813
-2.95549
-2.9555
-2.80816
-2.10124
-1.77274
-1.42744
-1.42743
-1.77272
-2.10124
-2.80814
-2.95547
-4.77816
-4.01553
-2.77554
-2.31057
-1.77272
-1.77272
-2.31058
-2.77554
-4.01552
-4.77814
-5.64507
-5.60018
-3.80198
-2.77554
-2.10122
-2.10123
-2.77554
-3.80198
-5.60018
-5.64509
-8.27132
-8.01959
-5.60008
-4.01549
-2.80813
-2.80813
-4.01551
-5.60016
-8.01968
-8.27143
-4.00733
-8.27136
-5.64481
-4.7781
-2.95548
-2.95547
-4.77813
-5.64501
-8.27143
-4.00742
-4.04116
-9.47771
-6.57628
-4.56523
-2.84338
-2.84336
-4.56527
-6.57642
-9.4778
-4.04127
-9.47771
-9.80941
-6.50115
-3.90498
-2.68227
-2.68228
-3.905
-6.50123
-9.80952
-9.47784
-6.57626
-6.50114
-3.81102
-2.69213
-2.02344
-2.02344
-2.69213
-3.81102
-6.50117
-6.57633
-4.56523
-3.90498
-2.69213
-2.1692
-1.64567
-1.64567
-2.1692
-2.69213
-3.90498
-4.56522
-2.84338
-2.68227
-2.02343
-1.64567
-1.34056
-1.34056
-1.64566
-2.02343
-2.68226
-2.84338
-2.84336
-2.68228
-2.02344
-1.64567
-1.34055
-1.34055
-1.64566
-2.02343
-2.68228
-2.84336
-4.56528
-3.90501
-2.69213
-2.1692
-1.64566
-1.64566
-2.1692
-2.69213
-3.905
-4.56527
-6.57648
-6.50126
-3.81102
-2.69213
-2.02343
-2.02343
-2.69213
-3.81102
-6.50129
-6.57654
-9.47784
-9.80957
-6.50119
-3.90497
-2.68226
-2.68227
-3.905
-6.50127
-9.80966
-9.47797
-4.04132
-9.47788
-6.57635
-4.56522
-2.84337
-2.84336
-4.56526
-6.57648
-9.47796
-4.04143
-4.03625
-10.469
-6.99843
-4.00368
-2.42846
-2.42845
-4.00371
-6.9985
-10.4691
-4.03643
-10.469
-11.3596
-7.38555
-3.52698
-2.27292
-2.27294
-3.527
-7.38561
-11.3596
-10.4692
-6.99841
-7.38555
-3.61507
-2.33794
-1.72562
-1.72563
-2.33794
-3.61507
-7.3856
-6.99848
-4.00368
-3.52698
-2.33794
-1.85268
-1.38666
-1.38666
-1.85268
-2.33794
-3.52699
-4.00368
-2.42846
-2.27293
-1.72562
-1.38666
-1.15082
-1.15082
-1.38666
-1.72562
-2.27294
-2.42848
-2.42846
-2.27295
-1.72563
-1.38666
-1.15082
-1.15082
-1.38666
-1.72562
-2.27296
-2.42847
-4.00372
-3.527
-2.33794
-1.85268
-1.38666
-1.38666
-1.85268
-2.33794
-3.52701
-4.00371
-6.99854
-7.38564
-3.61508
-2.33795
-1.72562
-1.72562
-2.33794
-3.61508
-7.38568
-6.99859
-10.4691
-11.3597
-7.38562
-3.52699
-2.27294
-2.27295
-3.527
-7.38567
-11.3598
-10.4693
-4.03648
-10.4692
-6.9985
-4.00368
-2.42847
-2.42847
-4.00371
-6.99856
-10.4693
-4.03671
-5.28071
-9.33062
-6.01424
-3.06516
-1.76779
-1.76778
-3.06517
-6.01425
-9.33063
-5.28077
-9.33064
-9.74199
-6.34562
-2.71164
-1.62147
-1.62148
-2.71165
-6.34564
-9.74201
-9.3307
-6.01423
-6.34562
-2.8705
-1.73287
-1.27717
-1.27717
-1.73286
-2.8705
-6.34567
-6.01427
-3.06516
-2.71164
-1.73287
-1.40055
-1.05552
-1.05552
-1.40055
-1.73287
-2.71164
-3.06517
-1.76779
-1.62147
-1.27717
-1.05552
-0.894841
-0.894842
-1.05552
-1.27717
-1.62149
-1.7678
-1.76779
-1.62149
-1.27717
-1.05553
-0.894843
-0.894843
-1.05552
-1.27718
-1.62149
-1.7678
-3.06518
-2.71165
-1.73287
-1.40055
-1.05552
-1.05552
-1.40055
-1.73286
-2.71164
-3.06518
-6.01427
-6.34568
-2.8705
-1.73287
-1.27717
-1.27717
-1.73286
-2.87049
-6.34569
-6.01428
-9.33065
-9.74205
-6.3457
-2.71164
-1.62149
-1.62149
-2.71164
-6.34568
-9.74202
-9.3307
-5.28079
-9.33074
-6.01429
-3.06517
-1.7678
-1.76779
-3.06517
-6.01428
-9.33073
-5.28084
0.552205
-3.54466
-3.40512
-1.75875
-0.988673
-0.988672
-1.75875
-3.4051
-3.54462
0.552249
-3.54467
-3.2974
-2.8717
-1.49188
-0.872254
-0.872257
-1.49188
-2.87166
-3.29735
-3.54464
-3.40512
-2.8717
-1.47021
-1.01904
-0.787942
-0.787944
-1.01904
-1.4702
-2.87166
-3.40512
-1.75875
-1.49188
-1.01904
-0.902001
-0.693178
-0.69318
-0.902002
-1.01904
-1.49188
-1.75875
-0.988674
-0.872255
-0.787943
-0.693178
-0.605327
-0.605328
-0.693177
-0.787944
-0.872259
-0.988678
-0.988675
-0.872262
-0.787948
-0.693181
-0.605329
-0.60533
-0.693179
-0.787945
-0.872262
-0.988676
-1.75875
-1.49188
-1.01904
-0.902003
-0.693178
-0.693178
-0.902
-1.01904
-1.49187
-1.75874
-3.40511
-2.87166
-1.47021
-1.01905
-0.787945
-0.787945
-1.01904
-1.47018
-2.87159
-3.40507
-3.54463
-3.29735
-2.87166
-1.49188
-0.872261
-0.87226
-1.49187
-2.87158
-3.29723
-3.54454
0.552246
-3.54466
-3.40513
-1.75875
-0.988681
-0.988676
-1.75874
-3.40508
-3.54457
0.552352
9.10774
2.66832
-0.44898
-0.45549
-0.281709
-0.281709
-0.455488
-0.448961
2.66832
9.10781
2.66831
1.8294
-0.40141
-0.374606
-0.228923
-0.228924
-0.374604
-0.401393
1.82941
2.66834
-0.448983
-0.40141
-0.35261
-0.40357
-0.33185
-0.331852
-0.403571
-0.352615
-0.401403
-0.44898
-0.455492
-0.374607
-0.40357
-0.437251
-0.340855
-0.340856
-0.437251
-0.403572
-0.374604
-0.45549
-0.281709
-0.228923
-0.33185
-0.340855
-0.316348
-0.316349
-0.340855
-0.331853
-0.228926
-0.281707
-0.281711
-0.228927
-0.331855
-0.340858
-0.31635
-0.316351
-0.340857
-0.331855
-0.228927
-0.281706
-0.455491
-0.374607
-0.403574
-0.437253
-0.340856
-0.340856
-0.437251
-0.403571
-0.374596
-0.455478
-0.448966
-0.401398
-0.352626
-0.403576
-0.331855
-0.331855
-0.403572
-0.352612
-0.401367
-0.448938
2.66833
1.82941
-0.401407
-0.374605
-0.228929
-0.228927
-0.374595
-0.401366
1.82947
2.66841
9.10782
2.66833
-0.448988
-0.455492
-0.281711
-0.281708
-0.45548
-0.448942
2.66839
9.10797
)
;

boundaryField
{
    bottom
    {
        type            calculated;
        value           nonuniform List<scalar> 0();
    }
    atmosphere
    {
        type            calculated;
        value           nonuniform List<scalar> 0();
    }
    walls
    {
        type            calculated;
        value           nonuniform List<scalar> 
400
(
0.079885
-3.37465
-1.77034
-2.22565
-1.47794
-1.47789
-2.22347
-1.76833
-3.37394
0.0802286
-1.08238
-4.36234
-2.69835
-3.04509
-2.04053
-2.04049
-3.04496
-2.69772
-4.36246
-1.08204
-2.32643
-5.56453
-3.75066
-3.89599
-2.4869
-2.4869
-3.8965
-3.75124
-5.56483
-2.32644
-3.33162
-6.9545
-4.70301
-4.62312
-2.79196
-2.79188
-4.62315
-4.70356
-6.95472
-3.33176
-4.00719
-8.2712
-5.64474
-4.77813
-2.95553
-2.9555
-4.77816
-5.64507
-8.27132
-4.00733
-4.04116
-9.47771
-6.57626
-4.56523
-2.84338
-2.84336
-4.56528
-6.57648
-9.47784
-4.04132
-4.03625
-10.469
-6.99841
-4.00368
-2.42846
-2.42846
-4.00372
-6.99854
-10.4691
-4.03648
-5.28071
-9.33064
-6.01423
-3.06516
-1.76779
-1.76779
-3.06518
-6.01427
-9.33065
-5.28079
0.552205
-3.54467
-3.40512
-1.75875
-0.988674
-0.988675
-1.75875
-3.40511
-3.54463
0.552246
9.10774
2.66831
-0.448983
-0.455492
-0.281709
-0.281711
-0.455491
-0.448966
2.66833
9.10782
0.0801366
-3.37445
-1.76977
-2.22507
-1.47784
-1.47778
-2.22329
-1.76815
-3.37388
0.0803982
-1.08213
-4.36237
-2.69813
-3.04497
-2.04029
-2.04026
-3.0449
-2.69763
-4.36248
-1.08188
-2.32644
-5.56464
-3.75073
-3.89609
-2.48675
-2.48676
-3.89653
-3.75124
-5.56489
-2.32646
-3.33173
-6.95462
-4.70308
-4.62311
-2.79189
-2.79183
-4.62314
-4.70357
-6.95482
-3.33185
-4.00729
-8.27132
-5.64478
-4.77811
-2.95549
-2.95547
-4.77814
-5.64509
-8.27143
-4.00742
-4.04127
-9.47784
-6.57633
-4.56522
-2.84338
-2.84336
-4.56527
-6.57654
-9.47797
-4.04143
-4.03643
-10.4692
-6.99848
-4.00368
-2.42848
-2.42847
-4.00371
-6.99859
-10.4693
-4.03671
-5.28077
-9.3307
-6.01427
-3.06517
-1.7678
-1.7678
-3.06518
-6.01428
-9.3307
-5.28084
0.552249
-3.54464
-3.40512
-1.75875
-0.988678
-0.988676
-1.75874
-3.40507
-3.54454
0.552352
9.10781
2.66834
-0.44898
-0.45549
-0.281707
-0.281706
-0.455478
-0.448938
2.66841
9.10797
0.079885
-1.08238
-2.32643
-3.33162
-4.00719
-4.04116
-4.03625
-5.28071
0.552205
9.10774
-3.37459
-4.36235
-5.56456
-6.95452
-8.27119
-9.47771
-10.469
-9.33062
-3.54466
2.66832
-1.77016
-2.6983
-3.75072
-4.70308
-5.64479
-6.57628
-6.99843
-6.01424
-3.40512
-0.44898
-2.22543
-3.04508
-3.89603
-4.62313
-4.77813
-4.56523
-4.00368
-3.06516
-1.75875
-0.45549
-1.47797
-2.04056
-2.48693
-2.79196
-2.95553
-2.84338
-2.42846
-1.76779
-0.988673
-0.281709
-1.47794
-2.04053
-2.48692
-2.7919
-2.95551
-2.84336
-2.42845
-1.76778
-0.988672
-0.281709
-2.22396
-3.04499
-3.89637
-4.62317
-4.77816
-4.56527
-4.00371
-3.06517
-1.75875
-0.455488
-1.76879
-2.69786
-3.7511
-4.70343
-5.64499
-6.57642
-6.9985
-6.01425
-3.4051
-0.448961
-3.3741
-4.36243
-5.56475
-6.95466
-8.27128
-9.4778
-10.4691
-9.33063
-3.54462
2.66832
0.0801366
-1.08213
-2.32644
-3.33173
-4.00729
-4.04127
-4.03643
-5.28077
0.552249
9.10781
0.0802286
-1.08204
-2.32644
-3.33176
-4.00733
-4.04132
-4.03648
-5.28079
0.552246
9.10782
-3.37437
-4.36237
-5.56467
-6.95466
-8.27136
-9.47788
-10.4692
-9.33074
-3.54466
2.66833
-1.76954
-2.69803
-3.75075
-4.70313
-5.64481
-6.57635
-6.9985
-6.01429
-3.40513
-0.448988
-2.22485
-3.04494
-3.89612
-4.62309
-4.7781
-4.56522
-4.00368
-3.06517
-1.75875
-0.455492
-1.47783
-2.0403
-2.48675
-2.79187
-2.95548
-2.84337
-2.42847
-1.7678
-0.988681
-0.281711
-1.47778
-2.04027
-2.48675
-2.79182
-2.95547
-2.84336
-2.42847
-1.76779
-0.988676
-0.281708
-2.22366
-3.04489
-3.89641
-4.62314
-4.77813
-4.56526
-4.00371
-3.06517
-1.75874
-0.45548
-1.76846
-2.6977
-3.75108
-4.70344
-5.64501
-6.57648
-6.99856
-6.01428
-3.40508
-0.448942
-3.37399
-4.36245
-5.56483
-6.95478
-8.27143
-9.47796
-10.4693
-9.33073
-3.54457
2.66839
0.0803982
-1.08188
-2.32646
-3.33185
-4.00742
-4.04143
-4.03671
-5.28084
0.552352
9.10797
)
;
    }
    procBoundary0to1
    {
        type            processor;
        value           nonuniform List<scalar> 
100
(
11.8075
5.23454
1.38524
0.449819
0.251142
0.251142
0.449822
1.38526
5.23453
11.8075
5.23453
3.61857
1.03787
0.363766
0.249386
0.249385
0.363766
1.03788
3.61857
5.23453
1.38523
1.03787
0.344209
0.0789969
0.0381691
0.0381673
0.0789965
0.344214
1.03787
1.38523
0.449817
0.363765
0.0789961
-0.0475028
-0.0387335
-0.0387347
-0.0475036
0.0789948
0.363763
0.449815
0.251141
0.249386
0.0381682
-0.0387337
-0.0587481
-0.058749
-0.0387345
0.0381658
0.249381
0.251137
0.251139
0.249382
0.0381649
-0.0387361
-0.05875
-0.0587505
-0.038736
0.038164
0.249379
0.251137
0.44982
0.363763
0.0789943
-0.0475049
-0.0387355
-0.0387358
-0.0475037
0.0789957
0.363766
0.449824
1.38526
1.03788
0.344216
0.0789928
0.0381639
0.0381637
0.0789951
0.344219
1.03788
1.38527
5.23453
3.61856
1.03787
0.363761
0.249379
0.249379
0.363765
1.03788
3.61857
5.23456
11.8075
5.23452
1.38522
0.449812
0.251133
0.251135
0.449822
1.38526
5.23455
11.8075
)
;
    }
    procBoundary0to2
    {
        type            processor;
        value           nonuniform List<scalar> 
100
(
0.182043
-2.4056
-0.989846
-1.40565
-0.836487
-0.836735
-1.40502
-0.989975
-2.40482
0.181844
-2.40571
-2.39046
-1.19781
-1.92718
-1.06651
-1.06652
-1.92703
-1.19781
-2.3903
-2.40539
-0.989825
-1.19778
0.652437
-0.581061
-0.202432
-0.202414
-0.58103
0.652606
-1.19767
-0.989819
-1.40575
-1.92719
-0.58104
-1.22625
-0.692153
-0.692187
-1.22622
-0.580942
-1.92709
-1.40553
-0.83647
-1.06649
-0.202413
-0.692143
-0.313921
-0.313969
-0.692141
-0.202341
-1.06645
-0.836702
-0.836806
-1.0665
-0.202384
-0.692206
-0.314038
-0.314112
-0.692208
-0.202308
-1.06645
-0.836943
-1.4048
-1.92696
-0.581002
-1.22621
-0.692156
-0.692196
-1.22619
-0.580919
-1.9269
-1.40474
-0.990022
-1.1978
0.65269
-0.580923
-0.202331
-0.202311
-0.580906
0.652828
-1.1977
-0.990013
-2.40458
-2.39023
-1.19764
-1.92706
-1.06644
-1.06645
-1.92693
-1.19765
-2.39009
-2.40449
0.181816
-2.40526
-0.989793
-1.40541
-0.836671
-0.836851
-1.40489
-0.989916
-2.40465
0.181676
)
;
    }
}


// ************************************************************************* //
