/*--------------------------------*- C++ -*----------------------------------*\
| =========                 |                                                 |
| \\      /  F ield         | OpenFOAM: The Open Source CFD Toolbox           |
|  \\    /   O peration     | Version:  2412                                  |
|   \\  /    A nd           | Website:  www.openfoam.com                      |
|    \\/     M anipulation  |                                                 |
\*---------------------------------------------------------------------------*/
FoamFile
{
    version     2.0;
    format      ascii;
    arch        "LSB;label=32;scalar=64";
    class       volScalarField;
    location    "0.49";
    object      p_rgh;
}
// * * * * * * * * * * * * * * * * * * * * * * * * * * * * * * * * * * * * * //

dimensions      [1 -1 -2 0 0 0 0];

internalField   nonuniform List<scalar> 
1000
(
739.564
485.403
468.519
634.818
753.306
753.306
634.818
468.519
485.403
739.564
485.403
99.3686
57.0613
72.0198
112.589
112.589
72.0197
57.0613
99.3688
485.403
468.519
57.0613
81.3452
86.6141
99.9226
99.9227
86.6141
81.3452
57.0613
468.519
634.818
72.0198
86.6141
85.1533
101.356
101.356
85.1532
86.6139
72.0197
634.818
753.305
112.589
99.9226
101.356
263.543
263.543
101.356
99.9227
112.589
753.305
753.306
112.589
99.9227
101.356
263.543
263.544
101.356
99.9228
112.589
753.306
634.818
72.0197
86.6141
85.1533
101.356
101.356
85.1532
86.6139
72.0196
634.818
468.519
57.0613
81.3452
86.6139
99.9227
99.9228
86.6139
81.3453
57.0614
468.519
485.403
99.3688
57.0613
72.0197
112.589
112.589
72.0196
57.0614
99.3688
485.403
739.564
485.403
468.519
634.818
753.305
753.305
634.818
468.519
485.403
739.564
492.641
122.609
45.2097
23.2361
27.195
27.1951
23.2362
45.2096
122.609
492.641
122.609
-19.5619
3.73228
-0.246684
5.56995
5.57002
-0.246636
3.7324
-19.5617
122.609
45.2097
3.73228
22.8892
15.4234
21.7206
21.7206
15.4234
22.8893
3.73241
45.2097
23.2361
-0.246677
15.4234
9.0448
12.6888
12.6888
9.04485
15.4234
-0.246629
23.2363
27.195
5.56994
21.7206
12.6888
93.9832
93.9834
12.6888
21.7206
5.56997
27.195
27.1951
5.57003
21.7206
12.6888
93.9834
93.9835
12.6888
21.7206
5.57005
27.1951
23.2362
-0.246624
15.4234
9.04486
12.6888
12.6888
9.0449
15.4235
-0.246582
23.2363
45.2096
3.73241
22.8893
15.4234
21.7206
21.7206
15.4234
22.8895
3.73254
45.2096
122.609
-19.5617
3.73241
-0.246635
5.56998
5.57004
-0.246592
3.73253
-19.5616
122.609
492.641
122.609
45.2098
23.2363
27.195
27.1951
23.2363
45.2097
122.609
492.641
379.078
96.8657
81.4363
75.2072
86.6866
86.6868
75.207
81.4361
96.8656
379.078
96.8657
-21.4453
8.01277
0.99781
9.14936
9.14944
0.997856
8.01287
-21.4451
96.8656
81.4363
8.01277
31.0885
17.1049
19.8538
19.8539
17.1049
31.0887
8.01289
81.4362
75.2071
0.997815
17.1049
9.50171
13.215
13.215
9.50175
17.1049
0.99786
75.2069
86.6865
9.14934
19.8538
13.215
15.2346
15.2346
13.2151
19.8538
9.14937
86.6864
86.6868
9.14945
19.8539
13.215
15.2346
15.2345
13.215
19.8539
9.14947
86.6867
75.207
0.997867
17.1049
9.50176
13.2151
13.2151
9.5018
17.1049
0.997907
75.2069
81.4361
8.01288
31.0887
17.1049
19.8538
19.8539
17.1049
31.0889
8.013
81.436
96.8656
-21.4451
8.01289
0.997857
9.14939
9.14946
0.997897
8.01299
-21.4449
96.8656
379.078
96.8656
81.4363
75.207
86.6866
86.6867
75.2069
81.436
96.8656
379.078
271.101
61.4319
63.1645
57.0664
63.8652
63.8653
57.0663
63.1644
61.432
271.101
61.4319
-34.7038
3.91583
-4.87779
4.06686
4.06691
-4.87777
3.91596
-34.7036
61.4319
63.1645
3.91583
20.5985
12.5194
15.4838
15.4838
12.5195
20.5987
3.91596
63.1644
57.0664
-4.87778
12.5194
7.56714
11.2153
11.2153
7.56718
12.5195
-4.87777
57.0661
63.8651
4.06685
15.4838
11.2153
14.1982
14.1982
11.2153
15.4838
4.06686
63.8651
63.8653
4.06693
15.4838
11.2153
14.1982
14.1982
11.2153
15.4838
4.06692
63.8653
57.0663
-4.87776
12.5195
7.56719
11.2153
11.2153
7.56722
12.5195
-4.87776
57.066
63.1644
3.91597
20.5987
12.5195
15.4838
15.4838
12.5195
20.5988
3.9161
63.1644
61.432
-34.7036
3.91597
-4.87778
4.06687
4.06691
-4.87777
3.91609
-34.7033
61.432
271.101
61.4319
63.1644
57.0661
63.8651
63.8653
57.066
63.1644
61.432
271.101
173.327
40.1668
37.7385
30.6938
38.237
38.2371
30.6938
37.7386
40.1669
173.327
40.1668
-34.2024
2.414
-7.77135
2.56543
2.56544
-7.77137
2.41408
-34.2022
40.1668
37.7385
2.41399
18.0609
10.1646
13.3991
13.3991
10.1646
18.0607
2.41408
37.7386
30.6938
-7.77134
10.1646
5.99221
9.90714
9.9071
5.99221
10.1646
-7.77138
30.6938
38.237
2.56544
13.399
9.90714
13.6557
13.6556
9.90715
13.399
2.56543
38.237
38.2371
2.56545
13.3991
9.90709
13.6556
13.6556
9.9071
13.3991
2.56544
38.2371
30.6938
-7.77137
10.1646
5.99222
9.90715
9.90712
5.99221
10.1646
-7.77141
30.6938
37.7386
2.41409
18.0607
10.1646
13.399
13.3991
10.1646
18.0605
2.41417
37.7387
40.1669
-34.2022
2.41409
-7.77138
2.56542
2.56543
-7.77141
2.41416
-34.2021
40.1669
173.327
40.1668
37.7386
30.6938
38.237
38.237
30.6937
37.7387
40.1669
173.327
107.845
26.0392
22.674
16.0783
24.6198
24.6198
16.0783
22.6741
26.0392
107.845
26.0392
-30.3817
-0.776534
-10.8419
1.82737
1.82739
-10.842
-0.776492
-30.3818
26.0391
22.674
-0.776546
13.3754
7.97628
10.8023
10.8023
7.97632
13.3753
-0.776516
22.6741
16.0783
-10.8419
7.97629
4.70059
7.86493
7.86489
4.70063
7.97637
-10.842
16.0783
24.6199
1.82739
10.8023
7.86493
11.3404
11.3403
7.86495
10.8023
1.82738
24.6199
24.6198
1.82741
10.8023
7.86487
11.3403
11.3403
7.86489
10.8023
1.8274
24.6198
16.0783
-10.842
7.97634
4.70064
7.86496
7.86492
4.70067
7.97642
-10.8421
16.0784
22.6741
-0.776477
13.3753
7.97637
10.8023
10.8023
7.9764
13.3752
-0.776463
22.6741
26.0392
-30.3818
-0.776504
-10.842
1.82737
1.82738
-10.8421
-0.776479
-30.3818
26.0391
107.845
26.0391
22.6741
16.0783
24.6198
24.6198
16.0783
22.6741
26.0391
107.845
67.1506
16.1264
13.2943
4.73618
10.501
10.5011
4.73625
13.2943
16.1264
67.1506
16.1264
-25.0124
-2.56287
-13.1173
1.98977
1.98989
-13.1173
-2.56282
-25.0125
16.1264
13.2943
-2.56289
10.87
7.41381
8.21697
8.21693
7.41395
10.8701
-2.56289
13.2943
4.73618
-13.1173
7.4138
6.04058
5.93027
5.93019
6.04059
7.41398
-13.1173
4.73617
10.5011
1.98978
8.21696
5.93027
9.26668
9.2666
5.9303
8.21692
1.98979
10.5011
10.5011
1.98993
8.2169
5.93015
9.26657
9.2665
5.93018
8.21686
1.98993
10.5011
4.73629
-13.1173
7.41398
6.04061
5.93031
5.93023
6.04061
7.41414
-13.1174
4.73626
13.2943
-2.5628
10.8701
7.41398
8.21692
8.21689
7.41411
10.8701
-2.56283
13.2943
16.1264
-25.0125
-2.56287
-13.1173
1.98978
1.98988
-13.1174
-2.56285
-25.0126
16.1264
67.1506
16.1264
13.2943
4.73616
10.501
10.501
4.73622
13.2943
16.1264
67.1506
42.1112
9.18602
6.68675
-1.10732
0.339079
0.339162
-1.10723
6.68678
9.18606
42.1112
9.18602
-21.0933
-4.0528
-15.1329
-0.739741
-0.739406
-15.133
-4.05269
-21.0933
9.18603
6.68674
-4.05282
6.64486
6.48809
5.77025
5.77003
6.48818
6.64487
-4.05279
6.68674
-1.10732
-15.1329
6.48809
6.19233
4.00025
4.00005
6.19247
6.48805
-15.133
-1.10733
0.339062
-0.739778
5.77026
4.00024
7.44822
7.44812
4.00027
5.77016
-0.739721
0.339068
0.339175
-0.73932
5.76995
3.99997
7.44809
7.448
4.00003
5.76988
-0.739306
0.339169
-1.1072
-15.133
6.4882
6.19251
4.0003
4.00012
6.19262
6.48815
-15.133
-1.10723
6.68679
-4.05267
6.64486
6.48802
5.77015
5.76995
6.4881
6.64486
-4.05267
6.68677
9.18606
-21.0933
-4.05277
-15.133
-0.739687
-0.739394
-15.133
-4.05269
-21.0934
9.18606
42.1112
9.18602
6.68674
-1.10733
0.339081
0.339152
-1.10726
6.68677
9.18606
42.1112
27.0835
4.28824
2.97501
-2.35528
-1.94508
-1.945
-2.35525
2.97506
4.28829
27.0835
4.28824
-15.8728
-5.3982
-12.683
-2.41173
-2.41153
-12.683
-5.39813
-15.8728
4.28825
2.97499
-5.39821
2.81099
0.0464214
4.96708
4.9662
0.0467759
2.81098
-5.39818
2.975
-2.35529
-12.683
0.0464075
5.2845
3.25772
3.25718
5.28467
0.0466971
-12.683
-2.3553
-1.94511
-2.41173
4.96715
3.25769
6.64605
6.64587
3.25769
4.96692
-2.41167
-1.94509
-1.945
-2.41146
4.96593
3.257
6.64581
6.64564
3.25705
4.9658
-2.41142
-1.945
-2.35525
-12.683
0.046829
5.2847
3.25772
3.25724
5.28485
0.0470871
-12.683
-2.35526
2.97507
-5.39812
2.81097
0.0467116
4.96685
4.96606
0.0470353
2.81095
-5.39811
2.97507
4.28829
-15.8729
-5.39817
-12.683
-2.41167
-2.4115
-12.683
-5.39812
-15.8729
4.28829
27.0835
4.28824
2.97501
-2.3553
-1.94508
-1.94501
-2.35527
2.97506
4.28829
27.0836
17.9405
0.85462
1.24866
-2.38608
-1.5012
-1.50123
-2.38609
1.24868
0.854683
17.9407
0.854619
-9.71691
-5.4699
-7.58061
0.924019
0.923888
-7.58073
-5.4699
-9.71697
0.854621
1.24866
-5.46989
1.59665
-2.34641
7.55693
7.55509
-2.34638
1.59663
-5.46987
1.24867
-2.38609
-7.58059
-2.34641
5.62298
4.8092
4.80807
5.62303
-2.34639
-7.58061
-2.38609
-1.5012
0.92407
7.55709
4.80914
8.30568
8.30539
4.80902
7.55666
0.92406
-1.5012
-1.50125
0.92388
7.55456
4.80769
8.30532
8.30505
4.80769
7.55435
0.923892
-1.50124
-2.3861
-7.58077
-2.34639
5.62303
4.80906
4.80805
5.62308
-2.34637
-7.58077
-2.38611
1.24867
-5.46991
1.59661
-2.3464
7.5565
7.55486
-2.34637
1.59659
-5.4699
1.24868
0.854676
-9.717
-5.46988
-7.58064
0.924005
0.923895
-7.58074
-5.46989
-9.71705
0.854668
17.9406
0.854614
1.24867
-2.3861
-1.50121
-1.50124
-2.3861
1.24868
0.854668
17.9408
)
;

boundaryField
{
    bottom
    {
        type            fixedFluxPressure;
        gradient        uniform 0;
        value           nonuniform List<scalar> 
100
(
739.564
485.403
468.519
634.818
753.305
753.306
634.818
468.519
485.403
739.564
485.403
99.3686
57.0613
72.0198
112.589
112.589
72.0197
57.0613
99.3688
485.403
468.519
57.0613
81.3452
86.6141
99.9226
99.9227
86.6141
81.3452
57.0613
468.519
634.818
72.0198
86.6141
85.1533
101.356
101.356
85.1533
86.6139
72.0197
634.818
753.306
112.589
99.9226
101.356
263.543
263.543
101.356
99.9227
112.589
753.305
753.306
112.589
99.9227
101.356
263.543
263.544
101.356
99.9228
112.589
753.305
634.818
72.0197
86.6141
85.1532
101.356
101.356
85.1532
86.6139
72.0196
634.818
468.519
57.0613
81.3452
86.6139
99.9227
99.9228
86.6139
81.3453
57.0614
468.519
485.403
99.3688
57.0613
72.0197
112.589
112.589
72.0196
57.0614
99.3688
485.403
739.564
485.403
468.519
634.818
753.305
753.306
634.818
468.519
485.403
739.564
)
;
    }
    atmosphere
    {
        type            prghTotalPressure;
        p0              nonuniform List<scalar> 0();
        value           nonuniform List<scalar> 0();
    }
    walls
    {
        type            fixedFluxPressure;
        gradient        uniform 0;
        value           nonuniform List<scalar> 
400
(
739.564
485.403
468.519
634.818
753.305
753.306
634.818
468.519
485.403
739.564
492.641
122.609
45.2097
23.2361
27.195
27.1951
23.2362
45.2096
122.609
492.641
379.078
96.8657
81.4363
75.2071
86.6865
86.6868
75.207
81.4361
96.8656
379.078
271.101
61.4319
63.1645
57.0664
63.8651
63.8653
57.0663
63.1644
61.432
271.101
173.327
40.1668
37.7385
30.6938
38.237
38.2371
30.6938
37.7386
40.1669
173.327
107.845
26.0392
22.674
16.0783
24.6199
24.6198
16.0783
22.6741
26.0392
107.845
67.1506
16.1264
13.2943
4.73618
10.5011
10.5011
4.73629
13.2943
16.1264
67.1506
42.1112
9.18602
6.68674
-1.10732
0.339062
0.339175
-1.1072
6.68679
9.18606
42.1112
27.0835
4.28824
2.97499
-2.35529
-1.94511
-1.945
-2.35525
2.97507
4.28829
27.0835
17.9405
0.854619
1.24866
-2.38609
-1.5012
-1.50125
-2.3861
1.24867
0.854676
17.9406
739.564
485.403
468.519
634.818
753.305
753.306
634.818
468.519
485.403
739.564
492.641
122.609
45.2097
23.2363
27.195
27.1951
23.2363
45.2096
122.609
492.641
379.078
96.8656
81.4362
75.2069
86.6864
86.6867
75.2069
81.436
96.8656
379.078
271.101
61.4319
63.1644
57.0661
63.8651
63.8653
57.066
63.1644
61.432
271.101
173.327
40.1668
37.7386
30.6938
38.237
38.2371
30.6938
37.7387
40.1669
173.327
107.845
26.0391
22.6741
16.0783
24.6199
24.6198
16.0784
22.6741
26.0391
107.845
67.1506
16.1264
13.2943
4.73617
10.5011
10.5011
4.73626
13.2943
16.1264
67.1506
42.1112
9.18603
6.68674
-1.10733
0.339068
0.339169
-1.10723
6.68677
9.18606
42.1112
27.0835
4.28825
2.975
-2.3553
-1.94509
-1.945
-2.35526
2.97507
4.28829
27.0836
17.9407
0.854621
1.24867
-2.38609
-1.5012
-1.50124
-2.38611
1.24868
0.854668
17.9408
739.564
492.641
379.078
271.101
173.327
107.845
67.1506
42.1112
27.0835
17.9405
485.403
122.609
96.8657
61.4319
40.1668
26.0392
16.1264
9.18602
4.28824
0.85462
468.519
45.2097
81.4363
63.1645
37.7385
22.674
13.2943
6.68675
2.97501
1.24866
634.818
23.2361
75.2072
57.0664
30.6938
16.0783
4.73618
-1.10732
-2.35528
-2.38608
753.306
27.195
86.6866
63.8652
38.237
24.6198
10.501
0.339079
-1.94508
-1.5012
753.306
27.1951
86.6868
63.8653
38.2371
24.6198
10.5011
0.339162
-1.945
-1.50123
634.818
23.2362
75.207
57.0663
30.6938
16.0783
4.73625
-1.10723
-2.35525
-2.38609
468.519
45.2096
81.4361
63.1644
37.7386
22.6741
13.2943
6.68678
2.97506
1.24868
485.403
122.609
96.8656
61.432
40.1669
26.0392
16.1264
9.18606
4.28829
0.854683
739.564
492.641
379.078
271.101
173.327
107.845
67.1506
42.1112
27.0835
17.9407
739.564
492.641
379.078
271.101
173.327
107.845
67.1506
42.1112
27.0835
17.9406
485.403
122.609
96.8656
61.4319
40.1668
26.0391
16.1264
9.18602
4.28824
0.854614
468.519
45.2098
81.4363
63.1644
37.7386
22.6741
13.2943
6.68674
2.97501
1.24867
634.818
23.2363
75.207
57.0661
30.6938
16.0783
4.73616
-1.10733
-2.3553
-2.3861
753.305
27.195
86.6866
63.8651
38.237
24.6198
10.501
0.339081
-1.94508
-1.50121
753.305
27.1951
86.6867
63.8653
38.237
24.6198
10.501
0.339152
-1.94501
-1.50124
634.818
23.2363
75.2069
57.066
30.6937
16.0783
4.73622
-1.10726
-2.35527
-2.3861
468.519
45.2097
81.436
63.1644
37.7387
22.6741
13.2943
6.68677
2.97506
1.24868
485.403
122.609
96.8656
61.432
40.1669
26.0391
16.1264
9.18606
4.28829
0.854668
739.564
492.641
379.078
271.101
173.327
107.845
67.1506
42.1112
27.0836
17.9408
)
;
    }
    procBoundary3to2
    {
        type            processor;
        value           nonuniform List<scalar> 
100
(
11.7493
-2.0228
0.317477
-2.23688
-0.941127
-0.94123
-2.23689
0.317468
-2.02274
11.7494
-2.0228
-5.2054
-3.66608
-4.51671
4.5127
4.51213
-4.51685
-3.66617
-5.20547
-2.0228
0.317483
-3.66605
1.07633
-0.307079
8.62503
8.625
-0.30723
1.07629
-3.66605
0.317496
-2.23688
-4.51669
-0.307082
7.27282
7.3576
7.35895
7.27266
-0.307376
-4.51671
-2.23688
-0.941104
4.51278
8.62511
7.35773
5.31734
5.31817
7.358
8.62511
4.51265
-0.941116
-0.941258
4.51195
8.62505
7.35948
5.3184
5.31908
7.35959
8.62506
4.5119
-0.941254
-2.2369
-4.5169
-0.307277
7.27261
7.35791
7.35911
7.27249
-0.307558
-4.51689
-2.2369
0.31746
-3.66619
1.07627
-0.307382
8.62503
8.625
-0.307519
1.07625
-3.66618
0.317469
-2.02276
-5.20551
-3.66608
-4.51675
4.51256
4.51207
-4.51686
-3.66616
-5.20556
-2.02276
11.7494
-2.02281
0.317484
-2.23689
-0.941143
-0.941233
-2.23689
0.317471
-2.02276
11.7494
)
;
    }
}


// ************************************************************************* //
