/*--------------------------------*- C++ -*----------------------------------*\
| =========                 |                                                 |
| \\      /  F ield         | OpenFOAM: The Open Source CFD Toolbox           |
|  \\    /   O peration     | Version:  2412                                  |
|   \\  /    A nd           | Website:  www.openfoam.com                      |
|    \\/     M anipulation  |                                                 |
\*---------------------------------------------------------------------------*/
FoamFile
{
    version     2.0;
    format      ascii;
    arch        "LSB;label=32;scalar=64";
    class       surfaceScalarField;
    location    "0.7";
    object      phi;
}
// * * * * * * * * * * * * * * * * * * * * * * * * * * * * * * * * * * * * * //

dimensions      [0 3 -1 0 0 0 0];

oriented        oriented;

internalField   nonuniform List<scalar> 
2700
(
-0.000123951
-0.000123952
0.0047586
0.000257205
-0.000634801
0.00357138
-1.14644e-05
0.000359188
0.0041948
-7.42247e-05
0.000125125
-0.00151362
6.21956e-08
-5.54218e-05
-0.00257764
7.44091e-05
-5.54437e-05
-0.00257766
1.15843e-05
0.000124728
-0.00151382
-0.000257176
0.000359184
0.00419491
0.000123949
-0.000634799
0.00357141
-0.000123954
0.00475859
-0.000634795
0.000257204
0.00357137
-0.000730733
-0.000730743
0.00353376
-0.000446607
2.38124e-05
0.00220248
-9.67493e-05
-0.000203037
-0.00179568
1.6585e-08
-0.000196436
-0.00288128
9.67754e-05
-0.000196456
-0.0028813
0.000446591
-0.000203237
-0.0017958
0.000730709
2.38195e-05
0.00220258
0.000634778
-0.000730733
0.00353378
0.000257182
0.00357136
0.000359186
-1.14487e-05
0.00419479
2.38019e-05
-0.000446606
0.00220246
7.89697e-05
7.89631e-05
0.00354318
0.000258383
1.32418e-05
0.000594563
-1.42228e-08
1.82863e-05
-0.00257556
-0.000258424
1.8284e-05
-0.00257551
-7.90227e-05
1.31663e-05
0.000594797
-2.38265e-05
7.89657e-05
0.00354306
-0.000359201
-0.000446581
0.00220244
-1.14934e-05
0.0041948
0.000125185
-7.41929e-05
-0.00151358
-0.000203006
-9.67391e-05
-0.00179566
1.32595e-05
0.000258377
0.000594534
9.41774e-05
9.41761e-05
-0.00132878
2.29201e-09
2.53453e-05
-0.00287886
-9.41688e-05
2.53482e-05
-0.00287887
-1.32297e-05
9.41749e-05
-0.00132876
0.000203076
0.000258401
0.000594604
-0.000125023
-9.67344e-05
-0.00179569
-7.42506e-05
-0.00151369
-5.54211e-05
8.74931e-08
-0.00257763
-0.000196432
2.76598e-08
-0.00288127
1.82911e-05
-1.97959e-08
-0.00257556
2.53462e-05
2.21586e-09
-0.00287886
-2.10572e-09
-3.51073e-09
-0.00318794
-2.53515e-05
-2.7959e-09
-0.00318794
-1.82956e-05
2.7898e-09
-0.00287886
0.000196451
-1.631e-08
-0.00257553
5.54548e-05
2.38762e-08
-0.00288129
7.19235e-08
-0.00257763
-5.54489e-05
7.44606e-05
-0.00257765
-0.000196463
9.67859e-05
-0.0028813
1.82861e-05
-0.000258438
-0.00257549
2.53507e-05
-9.41706e-05
-0.00287888
-1.20337e-09
-2.53565e-05
-0.00318795
-2.53545e-05
-2.53583e-05
-0.00318795
-1.82915e-05
-9.41678e-05
-0.00287888
0.000196478
-0.00025845
-0.00257547
5.54773e-05
9.67756e-05
-0.0028813
7.44626e-05
-0.00257765
0.000124607
1.16254e-05
-0.00151389
-0.000203294
0.000446593
-0.00179585
1.31528e-05
-7.90424e-05
0.000594876
9.4174e-05
-1.32169e-05
-0.00132874
2.56127e-09
-1.83012e-05
-0.00287886
-9.41656e-05
-1.82991e-05
-0.00287887
-1.31457e-05
-1.31585e-05
-0.00132873
0.000203307
-7.90361e-05
0.000594883
-0.000124562
0.000446577
-0.00179586
1.16308e-05
-0.00151392
0.00035918
-0.00025716
0.00419496
2.38132e-05
0.00073071
0.00220262
7.89683e-05
-2.3842e-05
0.003543
0.000258413
0.000203098
0.000594646
-9.03162e-09
0.000196449
-0.00257552
-0.000258442
0.000196467
-0.00257548
-7.90105e-05
0.000203252
0.000594816
-2.38238e-05
-2.38425e-05
0.00354293
-0.000359187
0.000730712
0.00220258
-0.000257149
0.00419496
-0.000634795
0.00012395
0.00357142
-0.000730721
0.000634777
0.00353378
-0.000446569
-0.000359208
0.00220242
-9.67349e-05
-0.000124972
-0.00179571
1.5135e-08
5.54544e-05
-0.0028813
9.67608e-05
5.5473e-05
-0.00288131
0.000446564
-0.000124663
-0.00179581
0.000730706
-0.0003592
0.00220251
0.000634783
0.000634781
0.0035338
0.000123951
0.00357141
-0.000123954
0.00475859
0.00025718
0.00357136
-1.1506e-05
0.00419479
-7.42766e-05
-0.00151373
5.11464e-08
-0.00257764
7.44209e-05
-0.00257765
1.15964e-05
-0.00151387
-0.00025716
0.00419489
0.000123953
0.00357139
0.00475859
-0.000137848
-0.000137849
0.00503429
0.000290755
-0.000619731
0.00376251
5.01718e-05
0.000424195
0.00401119
-5.33642e-05
0.000121982
-0.00153207
6.57979e-08
-6.83693e-05
-0.0025627
5.35409e-05
-6.83748e-05
-0.00256276
-5.00631e-05
0.000121811
-0.00153203
-0.000290732
0.000424235
0.00401135
0.000137846
-0.000619716
0.00376255
-0.000137849
0.00503429
-0.000619729
0.000290754
0.0037625
-0.00068731
-0.000687317
0.00366892
-0.000372704
3.62897e-05
0.00227578
-7.96823e-05
-0.000157781
-0.00180894
-3.21531e-09
-0.000195067
-0.00283426
7.96741e-05
-0.000195075
-0.00283427
0.000372687
-0.000157927
-0.00180908
0.000687277
3.63328e-05
0.00227589
0.000619707
-0.000687298
0.00366893
0.000290738
0.00376249
0.000424183
5.01903e-05
0.00401117
3.62697e-05
-0.000372706
0.00227576
8.0405e-05
8.04094e-05
0.00345493
0.00027369
4.74864e-05
0.00019601
-1.84042e-08
1.82501e-05
-0.00251517
-0.000273726
1.82551e-05
-0.00251513
-8.04343e-05
4.74723e-05
0.000196105
-3.6292e-05
8.04286e-05
0.00345483
-0.000424214
-0.000372687
0.00227575
5.01547e-05
0.00401117
0.00012201
-5.33299e-05
-0.00153206
-0.000157758
-7.96821e-05
-0.00180891
4.74942e-05
0.000273683
0.000196008
9.46047e-05
9.46008e-05
-0.00142301
-1.29753e-09
2.20861e-05
-0.00278809
-9.46095e-05
2.2089e-05
-0.00278809
-4.74917e-05
9.46039e-05
-0.00142301
0.000157814
0.000273693
0.000196034
-0.000121934
-7.96714e-05
-0.00180896
-5.3392e-05
-0.00153208
-6.83682e-05
9.62878e-08
-0.00256268
-0.000195064
-2.29575e-09
-0.00283426
1.82546e-05
-2.48511e-08
-0.00251517
2.20887e-05
-4.13844e-09
-0.00278809
-5.04806e-09
-7.61364e-09
-0.00314375
-2.20988e-05
-6.77869e-09
-0.00314375
-1.82668e-05
-3.3585e-09
-0.00278809
0.000195071
-2.01853e-08
-0.00251515
6.83821e-05
-8.78236e-10
-0.00283427
7.69867e-08
-0.00256271
-6.83783e-05
5.35938e-05
-0.00256277
-0.000195079
7.9677e-05
-0.00283427
1.82601e-05
-0.000273739
-0.00251511
2.20932e-05
-9.46161e-05
-0.0027881
-3.94003e-09
-2.21027e-05
-0.00314375
-2.21016e-05
-2.21043e-05
-0.00314376
-1.82717e-05
-9.46151e-05
-0.0027881
0.000195085
-0.000273741
-0.0025151
6.83903e-05
7.96712e-05
-0.00283428
5.36011e-05
-0.00256279
0.000121757
-5.00239e-05
-0.00153202
-0.000157972
0.000372687
-0.00180913
4.74708e-05
-8.04439e-05
0.000196138
9.46067e-05
-4.74951e-05
-0.001423
-9.59063e-10
-1.8272e-05
-0.00278808
-9.46091e-05
-1.82761e-05
-0.00278809
-4.74718e-05
-4.74809e-05
-0.001423
0.000157983
-8.04571e-05
0.000196144
-0.000121737
0.000372676
-0.00180914
-5.00241e-05
-0.00153203
0.000424246
-0.000290719
0.00401141
3.63489e-05
0.000687272
0.00227593
8.04408e-05
-3.63011e-05
0.00345477
0.000273702
0.00015783
0.00019606
-1.23792e-08
0.000195068
-0.00251514
-0.00027373
0.000195076
-0.00251511
-8.04597e-05
0.000157943
0.000196122
-3.63488e-05
-3.63318e-05
0.00345469
-0.000424254
0.000687266
0.0022759
-0.00029071
0.0040114
-0.000619707
0.000137846
0.00376256
-0.000687284
0.000619703
0.00366893
-0.000372674
-0.00042423
0.00227574
-7.96629e-05
-0.000121911
-0.00180898
-1.03779e-09
6.83814e-05
-0.00283427
7.96614e-05
6.8386e-05
-0.00283428
0.000372666
-0.000121779
-0.00180909
0.000687263
-0.000424252
0.00227583
0.000619695
0.000619697
0.00366893
0.000137846
0.00376254
-0.000137849
0.00503429
0.000290737
0.00376248
5.01417e-05
0.00401115
-5.34182e-05
-0.00153209
5.25736e-08
-0.00256272
5.35578e-05
-0.00256277
-5.00584e-05
-0.00153204
-0.000290721
0.0040113
0.000137847
0.00376251
0.00503428
-0.000130895
-0.000130896
0.00529608
0.000311782
-0.000594754
0.00391459
8.6342e-05
0.000540852
0.00369578
-3.02794e-05
0.000116958
-0.0015324
1.31036e-08
-7.65378e-05
-0.00251645
3.02401e-05
-7.65257e-05
-0.00251646
-8.64215e-05
0.000117089
-0.00153245
-0.000311793
0.000540913
0.0036958
0.000130893
-0.000594743
0.0039146
-0.000130898
0.00529608
-0.000594754
0.000311778
0.00391458
-0.000669906
-0.00066991
0.00381923
-0.000340853
8.55527e-05
0.00240203
-7.18565e-05
-0.000137745
-0.00182324
-7.56795e-09
-0.000193495
-0.00278916
7.18432e-05
-0.000193492
-0.00278916
0.00034084
-0.000137732
-0.00182325
0.000669877
8.5624e-05
0.00240215
0.000594736
-0.000669899
0.00381923
0.00031177
0.00391455
0.000540831
8.63326e-05
0.00369578
8.55273e-05
-0.000340856
0.00240201
0.000111859
0.000111876
0.00340227
0.000270757
5.50016e-05
-0.000155634
-1.24109e-08
1.66099e-05
-0.00245451
-0.000270771
1.66153e-05
-0.00245448
-0.000111859
5.5017e-05
-0.000155556
-8.5537e-05
0.000111928
0.0034022
-0.00054087
-0.000340843
0.00240202
8.63592e-05
0.00369571
0.000116938
-3.02809e-05
-0.00153239
-0.000137747
-7.18576e-05
-0.00182323
5.50059e-05
0.000270755
-0.000155624
9.16606e-05
9.16538e-05
-0.00149631
-5.41191e-09
3.16926e-05
-0.0027115
-9.1676e-05
3.16958e-05
-0.0027115
-5.50212e-05
9.16532e-05
-0.0014963
0.00013775
0.000270759
-0.000155568
-0.000116981
-7.18443e-05
-0.00182323
-3.02708e-05
-0.00153243
-7.65368e-05
2.10272e-08
-0.00251645
-0.000193492
-9.46465e-09
-0.00278915
1.66144e-05
-1.5027e-08
-0.00245451
3.16959e-05
-9.94401e-09
-0.0027115
-6.54279e-09
-9.96218e-09
-0.00308034
-3.17086e-05
-9.46238e-09
-0.00308035
-1.66297e-05
-8.16037e-09
-0.0027115
0.000193487
-1.18852e-08
-0.0024545
7.6534e-05
-7.23103e-09
-0.00278915
1.57977e-08
-0.00251647
-7.65225e-05
3.02301e-05
-0.00251646
-0.000193492
7.18439e-05
-0.00278916
1.66201e-05
-0.000270776
-0.00245446
3.17008e-05
-9.16843e-05
-0.0027115
-5.82434e-09
-3.17124e-05
-0.00308035
-3.17122e-05
-3.17148e-05
-0.00308035
-1.66347e-05
-9.16787e-05
-0.00271151
0.000193488
-0.000270781
-0.00245445
7.65224e-05
7.18365e-05
-0.00278916
3.02274e-05
-0.00251647
0.00011713
-8.64449e-05
-0.00153248
-0.000137728
0.000340838
-0.00182327
5.50227e-05
-0.000111855
-0.000155534
9.16554e-05
-5.5028e-05
-0.00149629
-4.05996e-09
-1.66348e-05
-0.0027115
-9.16678e-05
-1.66392e-05
-0.0027115
-5.50323e-05
-5.50363e-05
-0.00149628
0.00013773
-0.000111902
-0.000155497
-0.000117143
0.000340831
-0.00182327
-8.6453e-05
-0.00153249
0.000540933
-0.000311794
0.00369583
8.56607e-05
0.000669867
0.00240217
0.000111956
-8.55341e-05
0.00340215
0.000270764
0.000137751
-0.000155527
-7.49011e-09
0.000193484
-0.00245449
-0.000270776
0.000193483
-0.00245447
-0.000111944
0.000137737
-0.000155483
-8.56465e-05
-8.55913e-05
0.00340209
-0.000540941
0.000669863
0.00240216
-0.000311786
0.00369579
-0.000594738
0.000130893
0.00391461
-0.000669891
0.00059473
0.00381922
-0.000340835
-0.000540888
0.00240203
-7.18364e-05
-0.000116995
-0.00182323
-4.93351e-09
7.65332e-05
-0.00278915
7.18298e-05
7.65236e-05
-0.00278916
0.000340826
-0.000117105
-0.00182325
0.000669869
-0.000540927
0.00240213
0.000594728
0.000594727
0.00381921
0.000130895
0.00391459
-0.000130898
0.00529608
0.00031177
0.00391454
8.63696e-05
0.00369566
-3.02651e-05
-0.00153245
1.03418e-08
-0.00251647
3.02354e-05
-0.00251647
-8.64335e-05
-0.00153247
-0.000311782
0.00369572
0.000130897
0.00391456
0.00529607
-0.00011856
-0.00011856
0.0055332
0.00024242
-0.000560235
0.00411384
4.02795e-06
0.000672282
0.00326189
-2.89032e-05
7.66606e-05
-0.00157613
-2.12482e-08
-8.37091e-05
-0.00246163
2.8787e-05
-8.36995e-05
-0.00246157
-4.10625e-06
7.67107e-05
-0.00157627
-0.000242411
0.00067236
0.00326175
0.000118558
-0.00056022
0.00411385
-0.000118562
0.0055332
-0.000560239
0.000242421
0.00411384
-0.00069018
-0.000690179
0.00407912
-0.000339808
0.000133103
0.00259083
-6.88652e-05
-0.000142611
-0.00187491
-3.0871e-09
-0.000191023
-0.0027507
6.88572e-05
-0.000191021
-0.0027507
0.000339794
-0.000142586
-0.00187489
0.00069016
0.000133202
0.00259094
0.000560225
-0.000690164
0.00407911
0.0002424
0.00411382
0.00067226
4.01811e-06
0.00326192
0.000133079
-0.000339811
0.00259082
0.000155963
0.000155975
0.00335652
0.000259094
4.87218e-05
-0.000450097
-1.14539e-08
1.2231e-05
-0.00239866
-0.000259111
1.22341e-05
-0.00239863
-0.00015597
4.87193e-05
-0.000450003
-0.000133089
0.000156044
0.00335648
-0.000672296
-0.000339798
0.00259086
4.0268e-06
0.00326179
7.66531e-05
-2.8919e-05
-0.00157611
-0.000142614
-6.88655e-05
-0.0018749
4.87289e-05
0.000259092
-0.000450084
8.24871e-05
8.24811e-05
-0.00156383
-6.40937e-09
3.88148e-05
-0.00265559
-8.25034e-05
3.88177e-05
-0.00265559
-4.87455e-05
8.248e-05
-0.00156382
0.000142609
0.000259102
-0.000449981
-7.66641e-05
-6.88552e-05
-0.0018749
-2.88863e-05
-0.00157618
-8.37072e-05
-2.9509e-08
-0.00246163
-0.00019102
-3.29877e-09
-0.0027507
1.22352e-05
-1.30144e-08
-0.00239866
3.88179e-05
-1.09798e-08
-0.0026556
-5.94399e-09
-9.1943e-09
-0.0030027
-3.88302e-05
-8.59709e-09
-0.00300269
-1.22494e-05
-9.01057e-09
-0.0026556
0.000191013
-1.00108e-08
-0.00239865
8.3702e-05
-2.5302e-09
-0.00275069
-2.47644e-08
-0.00246163
-8.36955e-05
2.87535e-05
-0.00246155
-0.000191021
6.88579e-05
-0.00275069
1.22371e-05
-0.000259114
-0.00239862
3.88222e-05
-8.25124e-05
-0.00265559
-5.18014e-09
-3.88343e-05
-0.00300269
-3.88332e-05
-3.88362e-05
-0.00300269
-1.22511e-05
-8.25065e-05
-0.00265559
0.000191015
-0.000259123
-0.00239861
8.36922e-05
6.88506e-05
-0.00275069
2.87485e-05
-0.00246156
7.67276e-05
-4.13178e-06
-0.00157632
-0.000142576
0.000339792
-0.0018749
4.8719e-05
-0.000155962
-0.000449983
8.24811e-05
-4.87526e-05
-0.00156381
-4.77958e-09
-1.22551e-05
-0.00265559
-8.24944e-05
-1.22575e-05
-0.00265559
-4.87344e-05
-4.87466e-05
-0.0015638
0.000142575
-0.000156021
-0.00044991
-7.67305e-05
0.000339784
-0.00187489
-4.12699e-06
-0.00157635
0.000672392
-0.00024241
0.00326172
0.000133254
0.000690153
0.00259095
0.000156085
-0.00013308
0.00335644
0.000259113
0.000142614
-0.000449922
-6.53445e-09
0.000191012
-0.00239864
-0.000259127
0.000191011
-0.00239861
-0.000156078
0.00014259
-0.000449868
-0.000133239
-0.000133162
0.00335639
-0.000672401
0.000690143
0.00259096
-0.000242397
0.00326166
-0.000560214
0.000118558
0.00411386
-0.000690156
0.00056022
0.0040791
-0.000339792
-0.000672306
0.00259089
-6.88498e-05
-7.6665e-05
-0.00187489
-1.5821e-09
8.37027e-05
-0.00275069
6.88459e-05
8.36948e-05
-0.00275069
0.000339782
-7.67116e-05
-0.00187488
0.000690143
-0.000672368
0.00259097
0.000560207
0.000560209
0.00407908
0.00011856
0.00411384
-0.000118562
0.0055332
0.000242393
0.00411381
4.03383e-06
0.00326172
-2.88693e-05
-0.00157621
-1.683e-08
-0.00246162
2.87762e-05
-0.00246157
-4.10016e-06
-0.00157631
-0.00024239
0.00326164
0.000118561
0.00411382
0.0055332
-0.000104668
-0.000104668
0.00574254
0.000104305
-0.000539265
0.00444413
-0.000158566
0.00063946
0.0028853
-5.97639e-05
8.50259e-06
-0.00168344
-5.49425e-10
-9.17987e-05
-0.00242959
5.97702e-05
-9.17957e-05
-0.00242954
0.00015858
8.447e-06
-0.00168353
-0.000104294
0.000639543
0.00288508
0.000104668
-0.000539233
0.00444412
-0.000104667
0.00574253
-0.000539271
0.000104306
0.00444413
-0.000719158
-0.000719155
0.0044389
-0.000325546
9.55303e-05
0.00274115
-7.09981e-05
-0.000157123
-0.00196383
-4.42313e-09
-0.000188229
-0.00272527
7.09905e-05
-0.000188232
-0.00272526
0.000325535
-0.000157145
-0.00196385
0.000719147
9.56344e-05
0.00274124
0.000539261
-0.000719124
0.00443889
0.000104292
0.00444412
0.000639445
-0.000158564
0.00288535
9.55166e-05
-0.000325549
0.00274114
0.000186783
0.000186783
0.003174
0.000240996
4.35465e-05
-0.000704979
-1.64282e-08
5.27442e-06
-0.00235115
-0.00024103
5.2759e-06
-0.00235113
-0.000186811
4.35456e-05
-0.000704914
-9.55419e-05
0.000186831
0.00317401
-0.000639467
-0.000325539
0.0027412
-0.000158582
0.0028852
8.5124e-06
-5.97616e-05
-0.00168342
-0.00015712
-7.09986e-05
-0.00196382
4.35506e-05
0.000240992
-0.000704963
7.34024e-05
7.33988e-05
-0.00162353
-6.21431e-09
4.01099e-05
-0.00261702
-7.34165e-05
4.01122e-05
-0.00261701
-4.35631e-05
7.34023e-05
-0.00162353
0.000157134
0.000241012
-0.000704858
-8.48278e-06
-7.09916e-05
-0.00196383
-5.97691e-05
-0.00168348
-9.17978e-05
9.12036e-10
-0.0024296
-0.000188227
-5.81958e-09
-0.00272526
5.27852e-06
-2.10769e-08
-0.00235115
4.0113e-05
-1.02721e-08
-0.00261702
-5.58939e-09
-8.70675e-09
-0.00292246
-4.01247e-05
-8.20737e-09
-0.00292246
-5.29158e-06
-8.43823e-09
-0.00261702
0.000188226
-1.67352e-08
-0.00235113
9.17988e-05
-4.80081e-09
-0.00272525
1.23703e-10
-0.0024296
-9.17949e-05
5.97764e-05
-0.00242953
-0.000188233
7.09901e-05
-0.00272525
5.27765e-06
-0.000241037
-0.00235111
4.01159e-05
-7.34248e-05
-0.00261701
-4.96935e-09
-4.01287e-05
-0.00292245
-4.01263e-05
-4.01298e-05
-0.00292245
-5.29049e-06
-7.3424e-05
-0.00261701
0.000188232
-0.000241045
-0.0023511
9.17962e-05
7.09844e-05
-0.00272524
5.97783e-05
-0.00242954
8.42989e-06
0.000158586
-0.00168356
-0.000157151
0.000325532
-0.00196386
4.35436e-05
-0.00018681
-0.000704904
7.34044e-05
-4.35733e-05
-0.00162352
-4.59051e-09
-5.29839e-06
-0.00261702
-7.34151e-05
-5.29918e-06
-0.00261701
-4.35554e-05
-4.35697e-05
-0.00162352
0.000157157
-0.000186843
-0.000704824
-8.41919e-06
0.000325526
-0.00196386
0.000158595
-0.00168358
0.000639582
-0.000104289
0.00288501
9.56875e-05
0.000719145
0.00274123
0.000186861
-9.55387e-05
0.00317399
0.000241026
0.000157141
-0.000704802
-1.10733e-08
0.000188225
-0.00235112
-0.000241048
0.000188228
-0.0023511
-0.000186873
0.000157156
-0.00070477
-9.56914e-05
-9.56265e-05
0.00317399
-0.000639589
0.000719119
0.00274127
-0.000104281
0.00288494
-0.000539219
0.000104669
0.00444412
-0.000719109
0.000539259
0.00443887
-0.000325533
-0.000639465
0.00274124
-7.0987e-05
-8.46899e-06
-0.00196383
-2.86801e-09
9.17991e-05
-0.00272525
7.09821e-05
9.17964e-05
-0.00272524
0.000325525
-8.42813e-06
-0.00196384
0.000719104
-0.000639541
0.00274131
0.000539215
0.00053923
0.00443886
0.000104668
0.00444411
-0.000104667
0.00574253
0.00010429
0.00444411
-0.000158584
0.00288513
-5.97684e-05
-0.00168349
-1.98374e-10
-0.00242959
5.97719e-05
-0.00242955
0.000158592
-0.00168356
-0.000104282
0.00288497
0.000104667
0.0044441
0.00574253
-8.91677e-05
-8.9167e-05
0.00592087
6.50851e-05
-0.000575821
0.0048657
-0.000238019
0.000356146
0.00283226
-9.15872e-05
-4.46736e-05
-0.0017852
-2.94076e-09
-0.000101183
-0.00241999
9.16202e-05
-0.000101182
-0.00241998
0.000238038
-4.46909e-05
-0.00178525
-6.50961e-05
0.000356175
0.00283204
8.91686e-05
-0.000575791
0.00486565
-8.91647e-05
0.00592087
-0.000575825
6.50819e-05
0.00486571
-0.000748632
-0.000748632
0.00478451
-0.000274738
-0.000125006
0.00274841
-6.73043e-05
-0.000170949
-0.00204499
-4.65149e-09
-0.000187678
-0.00270607
6.72995e-05
-0.000187683
-0.00270606
0.000274736
-0.000170964
-0.00204501
0.000748629
-0.000124933
0.00274845
0.000575821
-0.000748606
0.00478451
6.50893e-05
0.00486569
0.000356148
-0.000238017
0.0028323
-0.000125006
-0.000274741
0.00274841
0.000201129
0.000201121
0.00252174
0.000212028
3.96425e-05
-0.00092647
-1.66283e-08
-2.89043e-06
-0.00232389
-0.000212061
-2.89084e-06
-0.00232387
-0.000201158
3.96482e-05
-0.000926429
0.000124974
0.000201133
0.00252181
-0.00035614
-0.000274738
0.00274845
-0.000238024
0.00283217
-4.46712e-05
-9.15802e-05
-0.00178519
-0.000170948
-6.73044e-05
-0.00204498
3.96433e-05
0.000212025
-0.000926459
6.67831e-05
6.67813e-05
-0.00167781
-3.86711e-09
3.87135e-05
-0.00259184
-6.67933e-05
3.8715e-05
-0.00259183
-3.96512e-05
6.67879e-05
-0.00167781
0.000170963
0.000212044
-0.000926383
4.46821e-05
-6.72995e-05
-0.00204499
-9.15934e-05
-0.00178522
-0.000101183
-2.92452e-09
-0.00241999
-0.000187677
-6.68065e-09
-0.00270607
-2.88878e-06
-2.2564e-08
-0.00232389
3.87163e-05
-6.93757e-09
-0.00259184
-5.11682e-09
-8.13764e-09
-0.00284502
-3.87266e-05
-7.69114e-09
-0.00284501
2.88457e-06
-5.83239e-09
-0.00259184
0.000187682
-1.82979e-08
-0.00232387
0.000101189
-5.43335e-09
-0.00270605
-2.81667e-09
-0.00242
-0.000101182
9.16342e-05
-0.00241998
-0.000187686
6.72986e-05
-0.00270605
-2.89068e-06
-0.000212068
-0.00232386
3.87179e-05
-6.67995e-05
-0.00259183
-4.60561e-09
-3.87302e-05
-0.00284501
-3.87271e-05
-3.87306e-05
-0.002845
2.88641e-06
-6.68029e-05
-0.00259183
0.00018769
-0.000212077
-0.00232385
0.000101188
6.72937e-05
-0.00270604
9.16374e-05
-0.00241999
-4.46974e-05
0.000238048
-0.00178528
-0.00017097
0.000274735
-0.00204502
3.96479e-05
-0.000201167
-0.000926423
6.6791e-05
-3.96605e-05
-0.0016778
-2.90004e-09
2.88185e-06
-0.00259183
-6.67984e-05
2.88244e-06
-0.00259183
-3.96537e-05
-3.96632e-05
-0.0016778
0.000170979
-0.000201169
-0.000926364
4.4703e-05
0.000274734
-0.00204502
0.00023805
-0.00178529
0.000356197
-6.50971e-05
0.00283196
-0.000124897
0.000748631
0.00274843
0.000201137
0.000124969
0.00252182
0.000212054
0.000170963
-0.000926342
-1.21163e-08
0.00018768
-0.00232386
-0.000212075
0.000187685
-0.00232384
-0.000201158
0.000170975
-0.000926324
0.000124871
0.000124901
0.00252189
-0.000356199
0.000748609
0.00274846
-6.51006e-05
0.00283189
-0.000575775
8.91697e-05
0.00486563
-0.000748592
0.000575823
0.0047845
-0.000274736
-0.000356126
0.00274848
-6.72965e-05
4.46841e-05
-0.00204499
-3.14315e-09
0.000101188
-0.00270605
6.72929e-05
0.000101187
-0.00270604
0.000274735
4.46979e-05
-0.002045
0.000748594
-0.000356165
0.00274851
0.000575774
0.000575793
0.0047845
8.91674e-05
0.00486561
-8.91631e-05
0.00592087
6.50954e-05
0.00486567
-0.000238022
0.00283212
-9.15966e-05
-0.00178523
-1.84414e-09
-0.00241999
9.16248e-05
-0.00241999
0.00023804
-0.00178527
-6.51024e-05
0.00283195
8.91646e-05
0.00486563
0.00592086
-6.99703e-05
-6.99691e-05
0.00606081
7.58371e-05
-0.000585981
0.00530588
-0.000254248
4.15862e-07
0.00316192
-0.000107803
-8.51394e-05
-0.0018465
-9.55866e-09
-0.000107485
-0.0024203
0.000107794
-0.000107483
-0.0024203
0.000254218
-8.51346e-05
-0.00184654
-7.58586e-05
3.37016e-07
0.00316178
6.99722e-05
-0.000585967
0.00530579
-6.99659e-05
0.00606081
-0.000585981
7.58328e-05
0.00530589
-0.000696018
-0.000696022
0.00500459
-0.0001877
-0.000345072
0.00258558
-5.62462e-05
-0.000175639
-0.00208594
-4.40304e-09
-0.000186168
-0.00268363
5.62435e-05
-0.000186173
-0.00268362
0.000187697
-0.000175638
-0.00208596
0.000696012
-0.000345059
0.00258553
0.000585983
-0.000696014
0.00500458
7.58484e-05
0.00530585
4.3645e-07
-0.000254254
0.00316195
-0.000345066
-0.000187702
0.00258559
0.000184393
0.000184386
0.00146282
0.000165162
3.20093e-05
-0.00111489
-1.22015e-08
-8.782e-06
-0.0023361
-0.000165187
-8.78298e-06
-0.00233609
-0.000184418
3.20171e-05
-0.00111485
0.000345053
0.000184385
0.0014629
-3.8724e-07
-0.000187699
0.00258558
-0.000254235
0.00316187
-8.51411e-05
-0.000107804
-0.0018465
-0.000175642
-5.62456e-05
-0.00208594
3.20091e-05
0.000165159
-0.00111488
6.18398e-05
6.18384e-05
-0.00173747
-4.18436e-09
3.41989e-05
-0.00257297
-6.18489e-05
3.41997e-05
-0.00257297
-3.20163e-05
6.18439e-05
-0.00173747
0.000175648
0.000165173
-0.00111483
8.5142e-05
-5.62395e-05
-0.00208594
-0.000107799
-0.00184652
-0.000107486
-1.34797e-08
-0.0024203
-0.000186168
-6.47407e-09
-0.00268363
-8.78008e-06
-1.73347e-08
-0.0023361
3.42013e-05
-6.82993e-09
-0.00257297
-4.30556e-09
-7.06434e-09
-0.00277661
-3.42097e-05
-6.72689e-09
-0.0027766
8.77559e-06
-5.81073e-09
-0.00257297
0.000186173
-1.48751e-08
-0.00233608
0.00010749
-5.02317e-09
-0.00268361
-1.12143e-08
-0.0024203
-0.000107484
0.000107793
-0.0024203
-0.000186176
5.62422e-05
-0.00268361
-8.78299e-06
-0.000165194
-0.00233608
3.42019e-05
-6.18532e-05
-0.00257297
-3.95663e-09
-3.4213e-05
-0.0027766
-3.42095e-05
-3.42131e-05
-0.00277659
8.77834e-06
-6.18564e-05
-0.00257296
0.000186181
-0.000165203
-0.00233606
0.000107489
5.62361e-05
-0.00268359
0.00010779
-0.0024203
-8.51345e-05
0.000254211
-0.00184656
-0.000175639
0.000187694
-0.00208597
3.20192e-05
-0.00018443
-0.00111485
6.1847e-05
-3.20222e-05
-0.00173746
-3.20132e-09
8.77276e-06
-0.00257297
-6.18539e-05
8.77386e-06
-0.00257297
-3.20239e-05
-3.20275e-05
-0.00173746
0.000175646
-0.000184428
-0.00111481
8.51365e-05
0.000187694
-0.00208597
0.000254201
-0.00184657
3.17749e-07
-7.58633e-05
0.00316171
-0.000345053
0.00069601
0.00258549
0.000184381
0.000345047
0.00146291
0.000165179
0.000175645
-0.00111481
-9.65834e-09
0.000186172
-0.00233607
-0.000165198
0.000186175
-0.00233606
-0.000184406
0.000175644
-0.00111479
0.000345034
0.000345031
0.00146299
-3.02993e-07
0.00069601
0.00258549
-7.5872e-05
0.00316166
-0.000585958
6.99735e-05
0.00530575
-0.000696008
0.000585986
0.00500457
-0.000187699
-3.60235e-07
0.00258558
-5.62382e-05
8.51383e-05
-0.00208594
-2.85625e-09
0.000107489
-0.0026836
5.62364e-05
0.000107487
-0.00268359
0.0001877
8.51346e-05
-0.00208596
0.000696008
-3.0769e-07
0.00258554
0.000585959
0.000585972
0.00500458
6.99703e-05
0.00530573
-6.99638e-05
0.0060608
7.58575e-05
0.00530584
-0.000254224
0.00316184
-0.000107795
-0.00184652
-7.2912e-09
-0.00242029
0.000107789
-0.00242029
0.000254202
-0.00184655
-7.58731e-05
0.00316172
6.99663e-05
0.00530576
0.0060608
-4.87638e-05
-4.87619e-05
0.00615834
8.66127e-05
-0.000559987
0.00573049
-0.000268113
-0.000125997
0.00364265
-0.000121135
-0.00011107
-0.00188241
-1.02913e-08
-0.000106057
-0.00243537
0.000121109
-0.000106059
-0.00243536
0.000268072
-0.000111057
-0.00188245
-8.66273e-05
-0.000126093
0.00364257
4.87675e-05
-0.000559982
0.00573037
-4.87575e-05
0.00615833
-0.000559987
8.66103e-05
0.0057305
-0.000611686
-0.000611691
0.00510799
-0.000110532
-0.000354549
0.00231298
-4.28623e-05
-0.000167685
-0.002097
-3.3766e-09
-0.000174871
-0.00265767
4.28631e-05
-0.000174877
-0.00265767
0.000110526
-0.000167678
-0.002097
0.000611675
-0.000354558
0.00231285
0.000559992
-0.000611687
0.00510797
8.66242e-05
0.00573047
-0.000125977
-0.00026812
0.00364266
-0.000354545
-0.000110534
0.002313
0.000138794
0.000138789
0.000476143
0.00011961
2.45909e-05
-0.00128798
-9.55843e-09
-1.29678e-05
-0.00237839
-0.000119632
-1.29689e-05
-0.00237838
-0.000138815
2.45978e-05
-0.00128795
0.000354541
0.00013879
0.000476193
0.000126021
-0.000110528
0.00231294
-0.000268097
0.00364261
-0.000111073
-0.000121139
-0.0018824
-0.000167687
-4.28618e-05
-0.002097
2.45907e-05
0.000119607
-0.00128798
5.68019e-05
5.6801e-05
-0.00180189
-3.37617e-09
2.77878e-05
-0.00255692
-5.68086e-05
2.7788e-05
-0.00255692
-2.45976e-05
5.68056e-05
-0.00180189
0.000167683
0.000119616
-0.00128794
0.000111067
-4.28591e-05
-0.00209699
-0.000121127
-0.00188242
-0.000106056
-1.47301e-08
-0.00243536
-0.000174869
-5.0154e-09
-0.00265767
-1.29658e-05
-1.3954e-08
-0.00237838
2.779e-05
-5.4439e-09
-0.00255692
-3.8406e-09
-6.3332e-09
-0.00272102
-2.77972e-05
-6.07722e-09
-0.00272101
1.29608e-05
-4.71652e-09
-0.00255692
0.000174872
-1.22898e-08
-0.00237836
0.000106058
-3.84051e-09
-0.00265765
-1.20526e-08
-0.00243535
-0.00010606
0.000121102
-0.00243536
-0.00017488
4.28635e-05
-0.00265766
-1.29687e-05
-0.000119639
-0.00237837
2.77897e-05
-5.68118e-05
-0.00255692
-3.61315e-09
-2.78e-05
-0.00272101
-2.77964e-05
-2.77997e-05
-0.002721
1.29636e-05
-5.68147e-05
-0.00255691
0.000174881
-0.000119644
-0.00237835
0.000106061
4.28608e-05
-0.00265763
0.000121097
-0.00243535
-0.000111053
0.000268061
-0.00188247
-0.000167676
0.000110522
-0.002097
2.46006e-05
-0.000138825
-0.00128794
5.68083e-05
-2.4601e-05
-0.00180188
-2.63328e-09
1.29587e-05
-0.00255692
-5.68133e-05
1.29599e-05
-0.00255691
-2.46051e-05
-2.46057e-05
-0.00180188
0.000167676
-0.000138827
-0.00128791
0.000111051
0.00011052
-0.002097
0.000268049
-0.00188247
-0.000126122
-8.663e-05
0.00364253
-0.00035456
0.000611671
0.00231277
0.00013879
0.000354537
0.000476204
0.000119621
0.000167681
-0.00128792
-7.92103e-09
0.000174871
-0.00237835
-0.000119639
0.000174876
-0.00237834
-0.000138814
0.000167677
-0.0012879
0.000354551
0.000354545
0.000476255
0.000126141
0.000611674
0.00231274
-8.66391e-05
0.00364249
-0.000559976
4.87695e-05
0.00573032
-0.000611682
0.000559996
0.00510795
-0.000110527
0.000126042
0.00231292
-4.28583e-05
0.000111062
-0.00209699
-2.12014e-09
0.000106057
-0.00265764
4.28598e-05
0.000106059
-0.00265763
0.000110525
0.000111051
-0.002097
0.000611678
0.000126121
0.00231282
0.00055998
0.00055999
0.00510796
4.87648e-05
0.00573031
-4.87551e-05
0.00615833
8.66328e-05
0.00573045
-0.000268085
0.0036426
-0.00012112
-0.00188243
-7.8756e-09
-0.00243535
0.0001211
-0.00243534
0.000268053
-0.00188245
-8.66431e-05
0.00364254
4.87592e-05
0.00573035
0.00615832
-6.33896e-05
-6.3386e-05
0.00628511
5.46618e-05
-0.000529474
0.00614191
-0.000291964
-6.69464e-05
0.00405622
-0.000130653
-0.000122321
-0.0019214
-2.87191e-09
-9.36627e-05
-0.00247236
0.000130646
-9.3665e-05
-0.00247235
0.000291937
-0.000122319
-0.00192142
-5.46703e-05
-6.7011e-05
0.00405619
6.33981e-05
-0.000529478
0.00614178
-6.33789e-05
0.00628511
-0.000529472
5.46611e-05
0.00614193
-0.000560234
-0.000560237
0.00516952
-8.7401e-05
-0.000214436
0.00198763
-3.69055e-05
-0.000151335
-0.00211848
-2.07915e-09
-0.000151454
-0.00263679
3.69101e-05
-0.000151459
-0.00263678
8.73995e-05
-0.000151335
-0.00211847
0.000560225
-0.000214451
0.00198746
0.00052948
-0.000560237
0.00516947
5.46738e-05
0.00614189
-6.69336e-05
-0.000291969
0.00405622
-0.000214433
-8.74015e-05
0.00198766
0.000100495
0.000100491
-0.000153711
9.68265e-05
1.98746e-05
-0.00145552
-7.23964e-09
-1.57659e-05
-0.00241724
-9.68425e-05
-1.5767e-05
-0.00241723
-0.000100508
1.98791e-05
-0.00145549
0.000214423
0.000100487
-0.000153676
6.69458e-05
-8.74005e-05
0.00198758
-0.000291955
0.00405618
-0.000122322
-0.000130654
-0.0019214
-0.000151336
-3.69054e-05
-0.00211848
1.98744e-05
9.68235e-05
-0.00145552
5.32362e-05
5.32356e-05
-0.00186862
-2.39836e-09
2.0651e-05
-0.0025401
-5.32406e-05
2.06508e-05
-0.0025401
-1.98784e-05
5.32388e-05
-0.00186861
0.000151332
9.68282e-05
-0.00145549
0.000122317
-3.69087e-05
-0.00211847
-0.000130648
-0.00192141
-9.36621e-05
-3.82399e-09
-0.00247235
-0.000151451
-3.13843e-09
-0.00263678
-1.57637e-05
-1.08307e-08
-0.00241724
2.06531e-05
-3.88398e-09
-0.0025401
-3.35963e-09
-5.5215e-09
-0.0026797
-2.06593e-05
-5.27826e-09
-0.0026797
1.57579e-05
-3.39994e-09
-0.00254009
0.000151449
-9.53825e-09
-0.00241722
9.36632e-05
-2.44433e-09
-0.00263677
-3.121e-09
-0.00247233
-9.36663e-05
0.000130646
-0.00247234
-0.00015146
3.69131e-05
-0.00263678
-1.57663e-05
-9.68474e-05
-0.00241722
2.06522e-05
-5.32428e-05
-0.0025401
-3.16865e-09
-2.06614e-05
-0.0026797
-2.06581e-05
-2.06608e-05
-0.00267969
1.57605e-05
-5.32448e-05
-0.00254009
0.000151457
-9.6849e-05
-0.0024172
9.36665e-05
3.69165e-05
-0.00263676
0.000130642
-0.00247233
-0.000122319
0.00029193
-0.00192143
-0.000151334
8.73977e-05
-0.00211847
1.98813e-05
-0.000100514
-0.00145549
5.32411e-05
-1.98806e-05
-0.0018686
-1.86473e-09
1.57567e-05
-0.00254009
-5.32442e-05
1.57578e-05
-0.00254009
-1.98836e-05
-1.98835e-05
-0.0018686
0.000151333
-0.00010051
-0.00145546
0.000122316
8.73989e-05
-0.00211847
0.000291923
-0.00192143
-6.70322e-05
-5.46709e-05
0.00405616
-0.000214454
0.000560221
0.00198737
0.000100486
0.000214416
-0.000153665
9.68317e-05
0.000151331
-0.00145548
-6.02355e-09
0.00015145
-0.00241721
-9.68448e-05
0.000151454
-0.0024172
-0.0001005
0.000151332
-0.00145546
0.000214443
0.000214433
-0.000153632
6.70356e-05
0.000560226
0.00198732
-5.46807e-05
0.00405613
-0.000529476
6.34025e-05
0.00614173
-0.000560234
0.000529484
0.00516945
-8.73986e-05
6.69517e-05
0.00198755
-3.69074e-05
0.000122315
-0.00211847
-1.20785e-09
9.36626e-05
-0.00263676
3.69129e-05
9.36641e-05
-0.00263676
8.73997e-05
0.000122313
-0.00211847
0.000560229
6.70124e-05
0.00198741
0.000529481
0.000529487
0.00516945
6.33942e-05
0.00614171
-6.33751e-05
0.00628511
5.46817e-05
0.00614187
-0.000291946
0.00405618
-0.000130645
-0.00192142
-1.92322e-09
-0.00247233
0.00013064
-0.00247232
0.000291925
-0.00192143
-5.46875e-05
0.00405616
6.33837e-05
0.00614176
0.0062851
-0.000145942
-0.000145937
-5.89802e-05
-0.000509983
-0.000306196
2.32525e-05
-0.000137664
-0.000123992
1.40906e-10
-8.22832e-05
0.00013767
-8.22846e-05
0.00030618
-0.000123995
5.8978e-05
2.31995e-05
0.000145958
-0.000509998
-0.000145925
-0.00050998
-5.8979e-05
-0.000535796
-0.0005358
-0.000100513
-0.000104185
-4.12316e-05
-0.000135589
-9.67521e-10
-0.00013029
4.12392e-05
-0.000130295
0.000100517
-0.00013559
0.000535786
-0.000104216
0.000509986
-0.000535805
-5.89628e-05
2.32658e-05
-0.0003062
-0.000104177
-0.000100513
7.00097e-05
7.00056e-05
8.38316e-05
1.38074e-05
-4.93161e-09
-1.93855e-05
-8.38411e-05
-1.93868e-05
-7.00161e-05
1.38105e-05
0.000104165
6.99946e-05
-2.32798e-05
-0.000100515
-0.000306193
-0.000123992
-0.000137662
-0.000135589
-4.12307e-05
1.38069e-05
8.3829e-05
4.85192e-05
4.85188e-05
-1.5031e-09
1.49398e-05
-4.85218e-05
1.49393e-05
-1.38082e-05
4.8521e-05
0.000135588
8.38293e-05
0.00012399
-4.12346e-05
-0.000137662
-8.22828e-05
3.54893e-10
-0.000130288
-1.49416e-09
-1.93834e-05
-7.70181e-09
1.49417e-05
-2.41272e-09
-2.52371e-09
-4.22446e-09
-1.49465e-05
-3.96273e-09
1.9379e-05
-2.04269e-09
0.000130286
-6.71827e-09
8.22836e-05
-1.18796e-09
3.66732e-10
-8.22856e-05
0.000137672
-0.000130296
4.12435e-05
-1.93865e-05
-8.3844e-05
1.49404e-05
-4.85231e-05
-2.32278e-09
-1.4948e-05
-1.49449e-05
-1.49471e-05
1.93821e-05
-4.85244e-05
0.000130293
-8.38421e-05
8.22853e-05
4.12477e-05
0.00013767
-0.000123996
0.000306175
-0.00013559
0.000100518
1.38124e-05
-7.00194e-05
4.85228e-05
-1.38096e-05
-1.06698e-09
1.93782e-05
-4.85244e-05
1.93797e-05
-1.38128e-05
-1.38121e-05
0.000135589
-7.00077e-05
0.000123994
0.00010052
0.000306172
2.31785e-05
5.89807e-05
-0.000104228
0.000535781
6.99908e-05
0.000104157
8.38311e-05
0.000135586
-4.04898e-09
0.000130286
-8.38386e-05
0.00013029
-6.99975e-05
0.000135588
0.000104214
0.000104189
-2.31926e-05
0.000535788
5.89667e-05
-0.00051
0.000145966
-0.000535804
0.000509991
-0.000100514
-2.32862e-05
-4.12336e-05
0.000123988
-4.82541e-10
8.22829e-05
4.12423e-05
8.22835e-05
0.000100519
0.000123991
0.000535795
-2.32289e-05
0.000510003
0.000510003
0.000145953
-0.000145919
-5.89525e-05
-0.000306188
-0.000137661
4.83996e-10
0.000137667
0.000306174
5.89524e-05
0.000145934
)
;

boundaryField
{
    bottom
    {
        type            calculated;
        value           nonuniform List<scalar> 0();
    }
    atmosphere
    {
        type            calculated;
        value           nonuniform List<scalar> 0();
    }
    walls
    {
        type            calculated;
        value           uniform 0;
    }
    procBoundary0to1
    {
        type            processor;
        value           nonuniform List<scalar> 
100
(
0.00657699
0.00656493
0.00428018
-0.00196594
-0.00252774
-0.00252773
-0.00196594
0.00428019
0.0065648
0.00657699
0.00656495
0.00522115
0.00167979
-0.00216616
-0.00263001
-0.00263001
-0.00216616
0.00167961
0.00522108
0.00656492
0.00428018
0.00167982
-0.000502089
-0.00161874
-0.00244431
-0.0024443
-0.00161872
-0.000502067
0.00167973
0.00428013
-0.00196594
-0.00216616
-0.00161874
-0.00193804
-0.00252591
-0.00252591
-0.00193803
-0.00161872
-0.00216615
-0.00196595
-0.00252773
-0.00263001
-0.00244431
-0.0025259
-0.00264982
-0.00264981
-0.0025259
-0.00244429
-0.00263
-0.00252771
-0.00252773
-0.00263001
-0.0024443
-0.0025259
-0.00264981
-0.00264981
-0.0025259
-0.00244428
-0.00263
-0.00252771
-0.00196594
-0.00216615
-0.00161871
-0.00193803
-0.0025259
-0.00252589
-0.00193802
-0.0016187
-0.00216615
-0.00196594
0.00428018
0.00167951
-0.00050206
-0.00161871
-0.00244428
-0.00244427
-0.0016187
-0.00050204
0.00167946
0.00428014
0.00656474
0.00522104
0.0016797
-0.00216615
-0.00262999
-0.00263
-0.00216615
0.00167955
0.00522103
0.00656473
0.00657699
0.0065649
0.00428013
-0.00196595
-0.00252771
-0.0025277
-0.00196594
0.00428015
0.00656479
0.00657699
)
;
    }
    procBoundary0to2
    {
        type            processor;
        value           nonuniform List<scalar> 
100
(
-0.00451069
-0.00331774
-0.00428532
0.00145126
0.00255877
0.00255875
0.00145192
-0.00428534
-0.00331773
-0.00451069
-0.00331773
-0.00334188
-0.00215123
0.00177399
0.00292553
0.00292555
0.00177395
-0.00215133
-0.00334192
-0.00331772
-0.00428532
-0.00215121
-0.0036535
-0.000990255
0.00261924
0.00261918
-0.000990601
-0.00365341
-0.00215121
-0.00428533
0.00145113
0.00177398
-0.000990214
0.00116693
0.00296597
0.00296597
0.00116681
-0.000990346
0.00177395
0.00145142
0.00255877
0.00292552
0.00261924
0.00296598
0.00323863
0.00323864
0.00296598
0.0026192
0.00292552
0.00255876
0.00255873
0.00292555
0.00261915
0.00296598
0.00323865
0.00323866
0.00296599
0.00261913
0.00292555
0.00255874
0.00145211
0.00177394
-0.000990718
0.00116677
0.00296598
0.00296598
0.0011667
-0.000990749
0.00177393
0.00145219
-0.00428536
-0.00215137
-0.00365336
-0.000990406
0.00261919
0.00261914
-0.000990658
-0.00365331
-0.00215135
-0.00428537
-0.00331773
-0.00334192
-0.0021512
0.00177394
0.00292554
0.00292556
0.00177392
-0.00215129
-0.00334194
-0.00331772
-0.00451069
-0.00331772
-0.00428531
0.00145153
0.00255876
0.00255875
0.00145204
-0.00428533
-0.00331772
-0.00451069
)
;
    }
}


// ************************************************************************* //
