/*--------------------------------*- C++ -*----------------------------------*\
| =========                 |                                                 |
| \\      /  F ield         | OpenFOAM: The Open Source CFD Toolbox           |
|  \\    /   O peration     | Version:  2412                                  |
|   \\  /    A nd           | Website:  www.openfoam.com                      |
|    \\/     M anipulation  |                                                 |
\*---------------------------------------------------------------------------*/
FoamFile
{
    version     2.0;
    format      ascii;
    arch        "LSB;label=32;scalar=64";
    class       volScalarField;
    location    "0.15";
    object      p_rgh;
}
// * * * * * * * * * * * * * * * * * * * * * * * * * * * * * * * * * * * * * //

dimensions      [1 -1 -2 0 0 0 0];

internalField   nonuniform List<scalar> 
1000
(
11.9127
11.9131
11.9138
11.9145
11.915
11.915
11.9145
11.9138
11.9131
11.9127
11.9131
11.9136
11.9143
11.915
11.9155
11.9155
11.915
11.9143
11.9136
11.9131
11.9138
11.9143
11.9151
11.9158
11.9163
11.9163
11.9158
11.9151
11.9143
11.9138
11.9145
11.915
11.9158
11.9166
11.9172
11.9172
11.9166
11.9158
11.915
11.9145
11.915
11.9155
11.9163
11.9172
11.9177
11.9177
11.9172
11.9163
11.9155
11.915
11.915
11.9155
11.9163
11.9172
11.9177
11.9177
11.9172
11.9163
11.9155
11.915
11.9145
11.915
11.9158
11.9166
11.9172
11.9172
11.9166
11.9158
11.915
11.9145
11.9138
11.9143
11.9151
11.9158
11.9163
11.9163
11.9158
11.9151
11.9143
11.9138
11.9131
11.9136
11.9143
11.915
11.9155
11.9155
11.915
11.9143
11.9136
11.9131
11.9127
11.9131
11.9138
11.9145
11.915
11.915
11.9145
11.9138
11.9131
11.9127
11.9125
11.913
11.9137
11.9145
11.9149
11.9149
11.9145
11.9137
11.913
11.9125
11.913
11.9134
11.9142
11.915
11.9155
11.9155
11.915
11.9142
11.9134
11.913
11.9137
11.9142
11.9151
11.9159
11.9164
11.9164
11.9159
11.9151
11.9142
11.9137
11.9145
11.915
11.9159
11.9167
11.9173
11.9173
11.9167
11.9159
11.915
11.9145
11.9149
11.9155
11.9164
11.9173
11.918
11.918
11.9173
11.9164
11.9155
11.9149
11.9149
11.9155
11.9164
11.9173
11.918
11.918
11.9173
11.9164
11.9155
11.9149
11.9145
11.915
11.9159
11.9167
11.9173
11.9173
11.9167
11.9159
11.915
11.9145
11.9137
11.9142
11.9151
11.9159
11.9164
11.9164
11.9159
11.9151
11.9142
11.9137
11.913
11.9134
11.9142
11.915
11.9155
11.9155
11.915
11.9142
11.9134
11.913
11.9125
11.913
11.9137
11.9145
11.9149
11.9149
11.9145
11.9137
11.913
11.9125
11.9122
11.9127
11.9135
11.9143
11.9149
11.9149
11.9143
11.9135
11.9127
11.9122
11.9127
11.9132
11.9141
11.915
11.9155
11.9155
11.915
11.9141
11.9132
11.9127
11.9135
11.9141
11.915
11.916
11.9166
11.9166
11.916
11.915
11.9141
11.9135
11.9143
11.915
11.916
11.917
11.9177
11.9177
11.917
11.916
11.915
11.9143
11.9149
11.9155
11.9166
11.9177
11.9185
11.9185
11.9177
11.9166
11.9155
11.9149
11.9149
11.9155
11.9166
11.9177
11.9185
11.9185
11.9177
11.9166
11.9155
11.9149
11.9143
11.915
11.916
11.917
11.9177
11.9177
11.917
11.916
11.915
11.9143
11.9135
11.9141
11.915
11.916
11.9166
11.9166
11.916
11.915
11.9141
11.9135
11.9127
11.9132
11.9141
11.915
11.9155
11.9155
11.915
11.9141
11.9132
11.9127
11.9122
11.9127
11.9135
11.9143
11.9149
11.9149
11.9143
11.9135
11.9127
11.9122
11.9115
11.9121
11.9132
11.9142
11.9148
11.9148
11.9142
11.9132
11.9121
11.9115
11.9121
11.9128
11.9138
11.9149
11.9156
11.9156
11.9149
11.9138
11.9128
11.9121
11.9132
11.9138
11.915
11.9162
11.917
11.917
11.9162
11.915
11.9138
11.9132
11.9142
11.9149
11.9162
11.9175
11.9183
11.9183
11.9175
11.9162
11.9149
11.9142
11.9148
11.9156
11.917
11.9183
11.9193
11.9193
11.9183
11.917
11.9156
11.9148
11.9148
11.9156
11.917
11.9183
11.9193
11.9193
11.9183
11.917
11.9156
11.9148
11.9142
11.9149
11.9162
11.9175
11.9183
11.9183
11.9175
11.9162
11.9149
11.9142
11.9132
11.9138
11.915
11.9162
11.917
11.917
11.9162
11.915
11.9138
11.9132
11.9121
11.9128
11.9138
11.9149
11.9156
11.9156
11.9149
11.9138
11.9128
11.9121
11.9115
11.9121
11.9132
11.9142
11.9148
11.9148
11.9142
11.9132
11.9121
11.9115
11.9106
11.9114
11.9127
11.9139
11.9147
11.9147
11.9139
11.9127
11.9114
11.9106
11.9114
11.9122
11.9135
11.9148
11.9158
11.9158
11.9148
11.9135
11.9122
11.9114
11.9127
11.9135
11.915
11.9165
11.9175
11.9175
11.9165
11.915
11.9135
11.9127
11.9139
11.9148
11.9165
11.9181
11.9193
11.9193
11.9181
11.9165
11.9148
11.9139
11.9147
11.9158
11.9175
11.9193
11.9205
11.9205
11.9193
11.9175
11.9158
11.9147
11.9147
11.9158
11.9175
11.9193
11.9205
11.9205
11.9193
11.9175
11.9158
11.9147
11.9139
11.9148
11.9165
11.9181
11.9193
11.9193
11.9181
11.9165
11.9148
11.9139
11.9127
11.9135
11.915
11.9165
11.9175
11.9175
11.9165
11.915
11.9135
11.9127
11.9114
11.9122
11.9135
11.9148
11.9158
11.9158
11.9148
11.9135
11.9122
11.9114
11.9106
11.9114
11.9127
11.9139
11.9147
11.9147
11.9139
11.9127
11.9114
11.9106
11.9094
11.9103
11.9119
11.9135
11.9146
11.9146
11.9135
11.9119
11.9103
11.9094
11.9103
11.9113
11.913
11.9147
11.9159
11.9159
11.9147
11.913
11.9113
11.9103
11.9119
11.913
11.915
11.9169
11.9182
11.9182
11.9169
11.915
11.913
11.9119
11.9135
11.9147
11.9169
11.919
11.9206
11.9206
11.919
11.9169
11.9147
11.9135
11.9146
11.9159
11.9182
11.9206
11.9223
11.9223
11.9206
11.9182
11.9159
11.9146
11.9146
11.9159
11.9182
11.9206
11.9223
11.9223
11.9206
11.9182
11.9159
11.9146
11.9135
11.9147
11.9169
11.919
11.9206
11.9206
11.919
11.9169
11.9147
11.9135
11.9119
11.913
11.915
11.9169
11.9182
11.9182
11.9169
11.915
11.913
11.9119
11.9103
11.9113
11.913
11.9147
11.9159
11.9159
11.9147
11.913
11.9113
11.9103
11.9094
11.9103
11.9119
11.9135
11.9146
11.9146
11.9135
11.9119
11.9103
11.9094
11.9078
11.9089
11.911
11.913
11.9144
11.9144
11.913
11.911
11.9089
11.9078
11.9089
11.9102
11.9124
11.9146
11.9161
11.9161
11.9146
11.9124
11.9102
11.9089
11.911
11.9124
11.9149
11.9174
11.9192
11.9192
11.9174
11.9149
11.9124
11.911
11.913
11.9146
11.9174
11.9203
11.9224
11.9224
11.9203
11.9174
11.9146
11.913
11.9144
11.9161
11.9192
11.9224
11.9248
11.9248
11.9224
11.9192
11.9161
11.9144
11.9144
11.9161
11.9192
11.9224
11.9248
11.9248
11.9224
11.9192
11.9161
11.9144
11.913
11.9146
11.9174
11.9203
11.9224
11.9224
11.9203
11.9174
11.9146
11.913
11.911
11.9124
11.9149
11.9174
11.9192
11.9192
11.9174
11.9149
11.9124
11.911
11.9089
11.9102
11.9124
11.9146
11.9161
11.9161
11.9146
11.9124
11.9102
11.9089
11.9078
11.9089
11.911
11.913
11.9144
11.9144
11.913
11.911
11.9089
11.9078
11.9056
11.907
11.9096
11.9122
11.914
11.914
11.9122
11.9096
11.907
11.9056
11.907
11.9086
11.9115
11.9143
11.9164
11.9164
11.9143
11.9115
11.9086
11.907
11.9096
11.9115
11.9148
11.9181
11.9206
11.9206
11.9181
11.9148
11.9115
11.9096
11.9122
11.9143
11.9181
11.9219
11.9249
11.9249
11.9219
11.9181
11.9143
11.9122
11.914
11.9164
11.9206
11.9249
11.9282
11.9282
11.9249
11.9206
11.9164
11.914
11.914
11.9164
11.9206
11.9249
11.9282
11.9282
11.9249
11.9206
11.9164
11.914
11.9122
11.9143
11.9181
11.9219
11.9249
11.9249
11.9219
11.9181
11.9143
11.9122
11.9096
11.9115
11.9148
11.9181
11.9206
11.9206
11.9181
11.9148
11.9115
11.9096
11.907
11.9086
11.9115
11.9143
11.9164
11.9164
11.9143
11.9115
11.9086
11.907
11.9056
11.907
11.9096
11.9122
11.914
11.914
11.9122
11.9096
11.907
11.9056
11.9027
11.9045
11.9079
11.9111
11.9135
11.9135
11.9111
11.9079
11.9045
11.9027
11.9045
11.9066
11.9103
11.9139
11.9167
11.9167
11.9139
11.9103
11.9066
11.9045
11.9079
11.9103
11.9146
11.919
11.9224
11.9224
11.919
11.9146
11.9103
11.9079
11.9111
11.9139
11.919
11.9242
11.9283
11.9283
11.9242
11.919
11.9139
11.9111
11.9135
11.9167
11.9224
11.9283
11.933
11.933
11.9283
11.9224
11.9167
11.9135
11.9135
11.9167
11.9224
11.9283
11.933
11.933
11.9283
11.9224
11.9167
11.9135
11.9111
11.9139
11.919
11.9242
11.9283
11.9283
11.9242
11.919
11.9139
11.9111
11.9079
11.9103
11.9146
11.919
11.9224
11.9224
11.919
11.9146
11.9103
11.9079
11.9045
11.9066
11.9103
11.9139
11.9167
11.9167
11.9139
11.9103
11.9066
11.9045
11.9027
11.9045
11.9079
11.9111
11.9135
11.9135
11.9111
11.9079
11.9045
11.9027
11.8989
11.9013
11.9055
11.9097
11.9128
11.9128
11.9097
11.9055
11.9013
11.8989
11.9013
11.9039
11.9086
11.9134
11.917
11.917
11.9134
11.9086
11.9039
11.9013
11.9055
11.9086
11.9143
11.9202
11.9247
11.9247
11.9202
11.9143
11.9086
11.9055
11.9097
11.9134
11.9202
11.9271
11.9329
11.9329
11.9271
11.9202
11.9134
11.9097
11.9128
11.917
11.9247
11.9329
11.9397
11.9397
11.9329
11.9247
11.917
11.9128
11.9128
11.917
11.9247
11.9329
11.9397
11.9397
11.9329
11.9247
11.917
11.9128
11.9097
11.9134
11.9202
11.9271
11.9329
11.9329
11.9271
11.9202
11.9134
11.9097
11.9055
11.9086
11.9143
11.9202
11.9247
11.9247
11.9202
11.9143
11.9086
11.9055
11.9013
11.9039
11.9086
11.9134
11.917
11.917
11.9134
11.9086
11.9039
11.9013
11.8989
11.9013
11.9055
11.9097
11.9128
11.9128
11.9097
11.9055
11.9013
11.8989
)
;

boundaryField
{
    bottom
    {
        type            fixedFluxPressure;
        gradient        uniform 0;
        value           nonuniform List<scalar> 
100
(
11.9127
11.9131
11.9138
11.9145
11.915
11.915
11.9145
11.9138
11.9131
11.9127
11.9131
11.9136
11.9143
11.915
11.9155
11.9155
11.915
11.9143
11.9136
11.9131
11.9138
11.9143
11.9151
11.9158
11.9163
11.9163
11.9158
11.9151
11.9143
11.9138
11.9145
11.915
11.9158
11.9166
11.9172
11.9172
11.9166
11.9158
11.915
11.9145
11.915
11.9155
11.9163
11.9172
11.9177
11.9177
11.9172
11.9163
11.9155
11.915
11.915
11.9155
11.9163
11.9172
11.9177
11.9177
11.9172
11.9163
11.9155
11.915
11.9145
11.915
11.9158
11.9166
11.9172
11.9172
11.9166
11.9158
11.915
11.9145
11.9138
11.9143
11.9151
11.9158
11.9163
11.9163
11.9158
11.9151
11.9143
11.9138
11.9131
11.9136
11.9143
11.915
11.9155
11.9155
11.915
11.9143
11.9136
11.9131
11.9127
11.9131
11.9138
11.9145
11.915
11.915
11.9145
11.9138
11.9131
11.9127
)
;
    }
    atmosphere
    {
        type            prghTotalPressure;
        p0              nonuniform List<scalar> 0();
        value           nonuniform List<scalar> 0();
    }
    walls
    {
        type            fixedFluxPressure;
        gradient        uniform 0;
        value           nonuniform List<scalar> 
400
(
11.9127
11.9131
11.9138
11.9145
11.915
11.915
11.9145
11.9138
11.9131
11.9127
11.9125
11.913
11.9137
11.9145
11.9149
11.9149
11.9145
11.9137
11.913
11.9125
11.9122
11.9127
11.9135
11.9143
11.9149
11.9149
11.9143
11.9135
11.9127
11.9122
11.9115
11.9121
11.9132
11.9142
11.9148
11.9148
11.9142
11.9132
11.9121
11.9115
11.9106
11.9114
11.9127
11.9139
11.9147
11.9147
11.9139
11.9127
11.9114
11.9106
11.9094
11.9103
11.9119
11.9135
11.9146
11.9146
11.9135
11.9119
11.9103
11.9094
11.9078
11.9089
11.911
11.913
11.9144
11.9144
11.913
11.911
11.9089
11.9078
11.9056
11.907
11.9096
11.9122
11.914
11.914
11.9122
11.9096
11.907
11.9056
11.9027
11.9045
11.9079
11.9111
11.9135
11.9135
11.9111
11.9079
11.9045
11.9027
11.8989
11.9013
11.9055
11.9097
11.9128
11.9128
11.9097
11.9055
11.9013
11.8989
11.9127
11.9131
11.9138
11.9145
11.915
11.915
11.9145
11.9138
11.9131
11.9127
11.9125
11.913
11.9137
11.9145
11.9149
11.9149
11.9145
11.9137
11.913
11.9125
11.9122
11.9127
11.9135
11.9143
11.9149
11.9149
11.9143
11.9135
11.9127
11.9122
11.9115
11.9121
11.9132
11.9142
11.9148
11.9148
11.9142
11.9132
11.9121
11.9115
11.9106
11.9114
11.9127
11.9139
11.9147
11.9147
11.9139
11.9127
11.9114
11.9106
11.9094
11.9103
11.9119
11.9135
11.9146
11.9146
11.9135
11.9119
11.9103
11.9094
11.9078
11.9089
11.911
11.913
11.9144
11.9144
11.913
11.911
11.9089
11.9078
11.9056
11.907
11.9096
11.9122
11.914
11.914
11.9122
11.9096
11.907
11.9056
11.9027
11.9045
11.9079
11.9111
11.9135
11.9135
11.9111
11.9079
11.9045
11.9027
11.8989
11.9013
11.9055
11.9097
11.9128
11.9128
11.9097
11.9055
11.9013
11.8989
11.9127
11.9125
11.9122
11.9115
11.9106
11.9094
11.9078
11.9056
11.9027
11.8989
11.9131
11.913
11.9127
11.9121
11.9114
11.9103
11.9089
11.907
11.9045
11.9013
11.9138
11.9137
11.9135
11.9132
11.9127
11.9119
11.911
11.9096
11.9079
11.9055
11.9145
11.9145
11.9143
11.9142
11.9139
11.9135
11.913
11.9122
11.9111
11.9097
11.915
11.9149
11.9149
11.9148
11.9147
11.9146
11.9144
11.914
11.9135
11.9128
11.915
11.9149
11.9149
11.9148
11.9147
11.9146
11.9144
11.914
11.9135
11.9128
11.9145
11.9145
11.9143
11.9142
11.9139
11.9135
11.913
11.9122
11.9111
11.9097
11.9138
11.9137
11.9135
11.9132
11.9127
11.9119
11.911
11.9096
11.9079
11.9055
11.9131
11.913
11.9127
11.9121
11.9114
11.9103
11.9089
11.907
11.9045
11.9013
11.9127
11.9125
11.9122
11.9115
11.9106
11.9094
11.9078
11.9056
11.9027
11.8989
11.9127
11.9125
11.9122
11.9115
11.9106
11.9094
11.9078
11.9056
11.9027
11.8989
11.9131
11.913
11.9127
11.9121
11.9114
11.9103
11.9089
11.907
11.9045
11.9013
11.9138
11.9137
11.9135
11.9132
11.9127
11.9119
11.911
11.9096
11.9079
11.9055
11.9145
11.9145
11.9143
11.9142
11.9139
11.9135
11.913
11.9122
11.9111
11.9097
11.915
11.9149
11.9149
11.9148
11.9147
11.9146
11.9144
11.914
11.9135
11.9128
11.915
11.9149
11.9149
11.9148
11.9147
11.9146
11.9144
11.914
11.9135
11.9128
11.9145
11.9145
11.9143
11.9142
11.9139
11.9135
11.913
11.9122
11.9111
11.9097
11.9138
11.9137
11.9135
11.9132
11.9127
11.9119
11.911
11.9096
11.9079
11.9055
11.9131
11.913
11.9127
11.9121
11.9114
11.9103
11.9089
11.907
11.9045
11.9013
11.9127
11.9125
11.9122
11.9115
11.9106
11.9094
11.9078
11.9056
11.9027
11.8989
)
;
    }
    procBoundary3to2
    {
        type            processor;
        value           nonuniform List<scalar> 
100
(
11.894
11.897
11.9023
11.9077
11.9118
11.9118
11.9077
11.9023
11.897
11.894
11.897
11.9003
11.9064
11.9125
11.9174
11.9174
11.9125
11.9064
11.9003
11.897
11.9023
11.9064
11.9139
11.9216
11.9279
11.9279
11.9216
11.9139
11.9064
11.9023
11.9077
11.9125
11.9216
11.931
11.9391
11.9391
11.931
11.9216
11.9125
11.9077
11.9118
11.9174
11.9279
11.9391
11.9491
11.9491
11.9391
11.9279
11.9174
11.9118
11.9118
11.9174
11.9279
11.9391
11.9491
11.9491
11.9391
11.9279
11.9174
11.9118
11.9077
11.9125
11.9216
11.931
11.9391
11.9391
11.931
11.9216
11.9125
11.9077
11.9023
11.9064
11.9139
11.9216
11.9279
11.9279
11.9216
11.9139
11.9064
11.9023
11.897
11.9003
11.9064
11.9125
11.9174
11.9174
11.9125
11.9064
11.9003
11.897
11.894
11.897
11.9023
11.9077
11.9118
11.9118
11.9077
11.9023
11.897
11.894
)
;
    }
}


// ************************************************************************* //
