/*--------------------------------*- C++ -*----------------------------------*\
| =========                 |                                                 |
| \\      /  F ield         | OpenFOAM: The Open Source CFD Toolbox           |
|  \\    /   O peration     | Version:  2412                                  |
|   \\  /    A nd           | Website:  www.openfoam.com                      |
|    \\/     M anipulation  |                                                 |
\*---------------------------------------------------------------------------*/
FoamFile
{
    version     2.0;
    format      ascii;
    arch        "LSB;label=32;scalar=64";
    class       surfaceScalarField;
    location    "0.22";
    object      phi;
}
// * * * * * * * * * * * * * * * * * * * * * * * * * * * * * * * * * * * * * //

dimensions      [0 3 -1 0 0 0 0];

oriented        oriented;

internalField   nonuniform List<scalar> 
2700
(
-4.5561e-05
-4.5561e-05
0.000817154
-8.01143e-05
-5.85786e-05
0.000815084
-9.38182e-05
-7.77317e-05
0.000805651
-7.05467e-05
-0.000119157
0.000807161
3.05616e-12
-0.000163915
0.000809899
7.05467e-05
-0.000163915
0.000809899
9.38182e-05
-0.000119157
0.000807161
8.01143e-05
-7.77317e-05
0.000805651
4.5561e-05
-5.85786e-05
0.000815084
-4.5561e-05
0.000817154
-5.85786e-05
-8.01143e-05
0.000815084
-0.000106379
-0.000106379
0.000810661
-0.000134856
-0.000143862
0.000809664
-0.000106001
-0.000250933
0.000832899
1.49476e-11
-0.000354612
0.000846516
0.000106001
-0.000354612
0.000846516
0.000134856
-0.000250932
0.000832899
0.000106379
-0.000143862
0.000809664
5.85786e-05
-0.000106379
0.000810661
-8.01143e-05
0.000815084
-7.77317e-05
-9.38182e-05
0.000805651
-0.000143862
-0.000134856
0.000809664
-0.000185291
-0.000185291
0.000822411
-0.00012557
-0.00033162
0.000772692
4.6782e-11
-0.000250819
-2.3903e-05
0.00012557
-0.000250819
-2.3903e-05
0.000185291
-0.000331619
0.000772692
0.000143862
-0.000185291
0.000822411
7.77317e-05
-0.000134856
0.000809664
-9.38182e-05
0.000805651
-0.000119157
-7.05467e-05
0.000807161
-0.000250933
-0.000106001
0.000832899
-0.00033162
-0.00012557
0.000772692
-0.000146918
-0.000146918
-0.00105205
3.68704e-12
-6.59073e-06
-0.00399997
0.000146918
-6.59065e-06
-0.00399997
0.00033162
-0.000146917
-0.00105205
0.000250932
-0.00012557
0.000772692
0.000119157
-0.000106001
0.000832899
-7.05466e-05
0.000807161
-0.000163915
2.44937e-11
0.000809899
-0.000354612
3.51002e-11
0.000846516
-0.000250819
5.76124e-11
-2.3903e-05
-6.59064e-06
2.18972e-11
-0.00399997
3.75465e-11
3.15174e-11
-0.00634956
6.59065e-06
3.27971e-11
-0.00634956
0.000250817
1.15139e-11
-0.00399997
0.000354611
5.39379e-11
-2.39025e-05
0.000163914
3.24542e-11
0.000846516
2.3979e-11
0.000809899
-0.000163915
7.05467e-05
0.000809899
-0.000354612
0.000106001
0.000846516
-0.000250819
0.000125571
-2.3903e-05
-6.59064e-06
0.000146918
-0.00399997
3.89077e-11
6.59065e-06
-0.00634956
6.59064e-06
6.59056e-06
-0.00634956
0.000250817
0.000146917
-0.00399997
0.000354611
0.00012557
-2.39023e-05
0.000163914
0.000106001
0.000846516
7.05467e-05
0.000809899
-0.000119157
9.38182e-05
0.000807161
-0.000250932
0.000134856
0.000832899
-0.000331619
0.000185291
0.000772692
-0.000146917
0.00033162
-0.00105205
-6.04397e-12
0.000250817
-0.00399997
0.000146917
0.000250817
-0.00399997
0.000331619
0.000331619
-0.00105205
0.000250932
0.000185291
0.000772692
0.000119157
0.000134856
0.000832899
9.38182e-05
0.000807161
-7.77317e-05
8.01143e-05
0.000805651
-0.000143862
0.000106379
0.000809664
-0.000185291
0.000143862
0.000822411
-0.00012557
0.000250933
0.000772692
4.28072e-11
0.000354611
-2.39025e-05
0.00012557
0.000354611
-2.39025e-05
0.000185291
0.000250932
0.000772692
0.000143862
0.000143862
0.000822411
7.77316e-05
0.000106379
0.000809664
8.01143e-05
0.000805651
-5.85786e-05
4.5561e-05
0.000815084
-0.000106379
5.85786e-05
0.000810661
-0.000134856
7.77317e-05
0.000809664
-0.000106001
0.000119157
0.000832899
1.349e-11
0.000163914
0.000846516
0.000106001
0.000163914
0.000846516
0.000134856
0.000119157
0.000832899
0.000106379
7.77316e-05
0.000809664
5.85786e-05
5.85786e-05
0.000810661
4.5561e-05
0.000815084
-4.5561e-05
0.000817154
-8.01143e-05
0.000815084
-9.38182e-05
0.000805651
-7.05467e-05
0.000807161
2.61934e-12
0.000809899
7.05467e-05
0.000809899
9.38182e-05
0.000807161
8.01143e-05
0.000805651
4.5561e-05
0.000815084
0.000817154
-4.62486e-05
-4.62486e-05
0.000909651
-8.14933e-05
-5.85288e-05
0.000908858
-9.37024e-05
-7.49874e-05
0.000892848
-7.08965e-05
-0.000110395
0.000894749
3.40047e-13
-0.000138417
0.00087742
7.08965e-05
-0.000138417
0.00087742
9.37024e-05
-0.000110394
0.000894749
8.14933e-05
-7.49873e-05
0.000892848
4.62486e-05
-5.85288e-05
0.000908858
-4.62486e-05
0.000909651
-5.85288e-05
-8.14933e-05
0.000908858
-0.000105834
-0.000105834
0.000905271
-0.000129033
-0.000135373
0.000893249
-9.94003e-05
-0.00021906
0.000911932
6.70486e-12
-0.00026626
0.000874959
9.94003e-05
-0.00026626
0.000874959
0.000129033
-0.00021906
0.000911932
0.000105834
-0.000135373
0.000893249
5.85288e-05
-0.000105834
0.000905271
-8.14933e-05
0.000908858
-7.49873e-05
-9.37024e-05
0.000892848
-0.000135373
-0.000129033
0.000893249
-0.000155337
-0.000155337
0.00086234
-8.4901e-05
-0.000234573
0.000717769
1.97285e-11
-6.35893e-05
-0.000311475
8.49011e-05
-6.35893e-05
-0.000311475
0.000155337
-0.000234573
0.000717769
0.000135373
-0.000155337
0.00086234
7.49873e-05
-0.000129033
0.000893249
-9.37024e-05
0.000892848
-0.000110395
-7.08965e-05
0.000894749
-0.00021906
-9.94003e-05
0.000911932
-0.000234573
-8.49011e-05
0.000717769
-6.76343e-05
-6.76344e-05
-0.00138592
3.74827e-12
0.000105669
-0.00423686
6.76343e-05
0.000105669
-0.00423686
0.000234573
-6.76337e-05
-0.00138592
0.00021906
-8.4901e-05
0.000717769
0.000110394
-9.94002e-05
0.000911932
-7.08964e-05
0.000894749
-0.000138417
2.26252e-11
0.00087742
-0.000266261
2.81302e-11
0.000874959
-6.35893e-05
4.49831e-11
-0.000311475
0.00010567
3.87723e-11
-0.00423686
6.3432e-12
3.14258e-12
-0.00613822
-0.00010567
3.66452e-12
-0.00613822
6.35886e-05
3.47245e-11
-0.00423686
0.00026626
4.65419e-11
-0.000311475
0.000138417
2.59023e-11
0.000874959
2.2276e-11
0.00087742
-0.000138417
7.08965e-05
0.00087742
-0.00026626
9.94003e-05
0.000874959
-6.35893e-05
8.49011e-05
-0.000311475
0.00010567
6.76344e-05
-0.00423686
6.84408e-12
-0.00010567
-0.00613822
-0.00010567
-0.00010567
-0.00613822
6.35887e-05
6.76337e-05
-0.00423686
0.00026626
8.4901e-05
-0.000311475
0.000138417
9.94002e-05
0.000874959
7.08964e-05
0.00087742
-0.000110394
9.37024e-05
0.000894749
-0.00021906
0.000129033
0.000911932
-0.000234573
0.000155337
0.000717769
-6.76337e-05
0.000234573
-0.00138592
5.62898e-13
6.35886e-05
-0.00423686
6.76338e-05
6.35887e-05
-0.00423686
0.000234573
0.000234573
-0.00138592
0.00021906
0.000155337
0.000717769
0.000110394
0.000129033
0.000911932
9.37024e-05
0.000894749
-7.49873e-05
8.14933e-05
0.000892848
-0.000135373
0.000105834
0.000893249
-0.000155337
0.000135373
0.00086234
-8.4901e-05
0.00021906
0.000717769
2.1853e-11
0.00026626
-0.000311475
8.49011e-05
0.00026626
-0.000311475
0.000155337
0.00021906
0.000717769
0.000135373
0.000135373
0.000862339
7.49873e-05
0.000105834
0.000893249
8.14933e-05
0.000892848
-5.85288e-05
4.62486e-05
0.000908858
-0.000105834
5.85288e-05
0.000905271
-0.000129033
7.49873e-05
0.000893249
-9.94002e-05
0.000110395
0.000911932
5.60803e-12
0.000138417
0.000874959
9.94002e-05
0.000138417
0.000874959
0.000129033
0.000110394
0.000911932
0.000105834
7.49873e-05
0.000893249
5.85287e-05
5.85288e-05
0.000905271
4.62486e-05
0.000908858
-4.62486e-05
0.000909651
-8.14933e-05
0.000908858
-9.37024e-05
0.000892848
-7.08964e-05
0.000894749
4.29446e-13
0.00087742
7.08964e-05
0.00087742
9.37024e-05
0.000894749
8.14933e-05
0.000892848
4.62486e-05
0.000908858
0.000909651
-4.7131e-05
-4.7131e-05
0.00100391
-8.3793e-05
-5.89398e-05
0.00100446
-9.50303e-05
-7.49138e-05
0.000978999
-7.41062e-05
-0.000106608
0.000980434
-3.86882e-12
-0.000126456
0.00092977
7.41061e-05
-0.000126456
0.00092977
9.50303e-05
-0.000106608
0.000980434
8.37929e-05
-7.49138e-05
0.000978999
4.7131e-05
-5.89398e-05
0.00100446
-4.7131e-05
0.00100391
-5.89398e-05
-8.3793e-05
0.00100446
-0.000107017
-0.000107017
0.00100143
-0.000126362
-0.000135058
0.000972737
-9.97962e-05
-0.000206227
0.000984985
-2.44121e-12
-0.000237975
0.000886681
9.97962e-05
-0.000237975
0.000886681
0.000126362
-0.000206227
0.000984985
0.000107017
-0.000135058
0.000972737
5.89397e-05
-0.000107017
0.00100143
-8.3793e-05
0.00100446
-7.49138e-05
-9.50303e-05
0.000978999
-0.000135058
-0.000126362
0.000972737
-0.000141646
-0.000141646
0.000875516
-7.96434e-05
-0.000185353
0.000634892
8.57698e-12
3.8385e-05
-0.000667478
7.96434e-05
3.8385e-05
-0.000667478
0.000141646
-0.000185352
0.000634892
0.000135057
-0.000141646
0.000875516
7.49138e-05
-0.000126362
0.000972737
-9.50303e-05
0.000978999
-0.000106608
-7.41062e-05
0.000980434
-0.000206227
-9.97962e-05
0.000984985
-0.000185353
-7.96435e-05
0.000634892
-4.57179e-05
-4.5718e-05
-0.00166519
7.1145e-12
0.000191049
-0.00443524
4.57179e-05
0.000191049
-0.00443524
0.000185353
-4.57177e-05
-0.00166519
0.000206227
-7.96434e-05
0.000634892
0.000106608
-9.97961e-05
0.000984985
-7.41061e-05
0.000980434
-0.000126456
2.13042e-11
0.00092977
-0.000237975
2.18421e-11
0.000886681
3.83849e-05
5.54079e-11
-0.000667479
0.000191049
4.0194e-11
-0.00443524
2.13854e-12
1.13466e-12
-0.00575613
-0.000191049
1.37628e-12
-0.00575613
-3.83853e-05
3.74302e-11
-0.00443524
0.000237975
5.87437e-11
-0.000667478
0.000126456
2.10059e-11
0.000886681
2.08269e-11
0.00092977
-0.000126456
7.41062e-05
0.00092977
-0.000237975
9.97962e-05
0.000886681
3.8385e-05
7.96435e-05
-0.000667478
0.000191049
4.5718e-05
-0.00443524
2.4391e-12
-0.000191049
-0.00575613
-0.000191049
-0.000191049
-0.00575613
-3.83854e-05
4.57177e-05
-0.00443524
0.000237974
7.96435e-05
-0.000667478
0.000126456
9.97961e-05
0.000886681
7.41061e-05
0.00092977
-0.000106608
9.50303e-05
0.000980434
-0.000206227
0.000126362
0.000984985
-0.000185352
0.000141646
0.000634892
-4.57177e-05
0.000185353
-0.00166519
4.01915e-12
-3.83853e-05
-0.00443524
4.57177e-05
-3.83852e-05
-0.00443524
0.000185352
0.000185352
-0.00166519
0.000206227
0.000141646
0.000634892
0.000106608
0.000126362
0.000984985
9.50303e-05
0.000980434
-7.49138e-05
8.3793e-05
0.000978999
-0.000135058
0.000107017
0.000972737
-0.000141646
0.000135058
0.000875516
-7.96434e-05
0.000206227
0.000634892
1.09601e-11
0.000237975
-0.000667478
7.96435e-05
0.000237975
-0.000667478
0.000141646
0.000206227
0.000634891
0.000135057
0.000135058
0.000875516
7.49138e-05
0.000107017
0.000972737
8.3793e-05
0.000978999
-5.89398e-05
4.7131e-05
0.00100446
-0.000107017
5.89398e-05
0.00100143
-0.000126362
7.49138e-05
0.000972737
-9.97961e-05
0.000106608
0.000984985
-2.06201e-12
0.000126456
0.000886681
9.97961e-05
0.000126456
0.000886681
0.000126362
0.000106608
0.000984985
0.000107017
7.49138e-05
0.000972737
5.89397e-05
5.89397e-05
0.00100143
4.7131e-05
0.00100446
-4.7131e-05
0.00100391
-8.3793e-05
0.00100446
-9.50303e-05
0.000978999
-7.41061e-05
0.000980434
-4.56788e-12
0.00092977
7.41061e-05
0.00092977
9.50303e-05
0.000980433
8.37929e-05
0.000978999
4.7131e-05
0.00100446
0.00100391
-4.84569e-05
-4.84569e-05
0.00110083
-8.7541e-05
-6.03714e-05
0.00110392
-9.89607e-05
-7.96985e-05
0.00107012
-8.16862e-05
-0.000111287
0.00107445
-7.38642e-12
-0.000140315
0.000988399
8.16862e-05
-0.000140315
0.000988399
9.89607e-05
-0.000111287
0.00107445
8.7541e-05
-7.96985e-05
0.00107012
4.84569e-05
-6.03714e-05
0.00110392
-4.84569e-05
0.00110083
-6.03714e-05
-8.7541e-05
0.00110392
-0.000111258
-0.000111258
0.0011032
-0.000129407
-0.000148074
0.00105926
-0.000108387
-0.000220675
0.00107335
-7.79498e-12
-0.000276017
0.000913996
0.000108387
-0.000276017
0.000913996
0.000129407
-0.000220675
0.00107335
0.000111258
-0.000148074
0.00105926
6.03714e-05
-0.000111258
0.0011032
-8.7541e-05
0.00110392
-7.96985e-05
-9.89607e-05
0.00107012
-0.000148074
-0.000129407
0.00105926
-0.000160173
-0.000160173
0.000899713
-0.000131118
-0.000178413
0.000563576
-3.92438e-12
3.26926e-05
-0.00110731
0.000131118
3.26926e-05
-0.00110731
0.000160173
-0.000178413
0.000563576
0.000148074
-0.000160173
0.000899713
7.96985e-05
-0.000129407
0.00105926
-9.89607e-05
0.00107012
-0.000111287
-8.16862e-05
0.00107445
-0.000220675
-0.000108387
0.00107335
-0.000178413
-0.000131118
0.000563576
-5.52202e-05
-5.52203e-05
-0.00191158
-5.46095e-12
0.000191198
-0.00464897
5.52202e-05
0.000191198
-0.00464897
0.000178413
-5.52201e-05
-0.00191158
0.000220675
-0.000131118
0.000563576
0.000111287
-0.000108387
0.00107335
-8.16862e-05
0.00107445
-0.000140315
1.85002e-11
0.000988399
-0.000276017
1.44877e-11
0.000913996
3.26925e-05
6.60577e-11
-0.00110731
0.000191198
-1.38269e-11
-0.00464897
8.38573e-13
1.07572e-12
-0.00537373
-0.000191198
1.00623e-12
-0.00537373
-3.26926e-05
-1.76861e-11
-0.00464897
0.000276017
6.78841e-11
-0.00110731
0.000140315
1.34451e-11
0.000913995
1.84375e-11
0.000988399
-0.000140315
8.16862e-05
0.000988399
-0.000276017
0.000108387
0.000913996
3.26926e-05
0.000131118
-0.00110731
0.000191198
5.52202e-05
-0.00464897
7.50228e-13
-0.000191198
-0.00537373
-0.000191198
-0.000191198
-0.00537373
-3.26928e-05
5.52201e-05
-0.00464897
0.000276017
0.000131118
-0.00110731
0.000140315
0.000108387
0.000913995
8.16862e-05
0.000988399
-0.000111287
9.89607e-05
0.00107445
-0.000220675
0.000129407
0.00107335
-0.000178413
0.000160173
0.000563576
-5.52201e-05
0.000178413
-0.00191158
-8.96707e-12
-3.26927e-05
-0.00464897
5.52201e-05
-3.26926e-05
-0.00464897
0.000178413
0.000178413
-0.00191158
0.000220675
0.000160173
0.000563576
0.000111287
0.000129407
0.00107335
9.89607e-05
0.00107445
-7.96985e-05
8.7541e-05
0.00107012
-0.000148074
0.000111258
0.00105926
-0.000160173
0.000148074
0.000899713
-0.000131118
0.000220675
0.000563576
-2.36583e-12
0.000276017
-0.00110731
0.000131118
0.000276017
-0.00110731
0.000160173
0.000220675
0.000563576
0.000148074
0.000148074
0.000899713
7.96985e-05
0.000111258
0.00105926
8.7541e-05
0.00107012
-6.03714e-05
4.84569e-05
0.00110392
-0.000111258
6.03714e-05
0.0011032
-0.000129407
7.96985e-05
0.00105926
-0.000108387
0.000111287
0.00107335
-8.99437e-12
0.000140315
0.000913995
0.000108387
0.000140315
0.000913995
0.000129407
0.000111287
0.00107335
0.000111258
7.96985e-05
0.00105926
6.03714e-05
6.03714e-05
0.0011032
4.84569e-05
0.00110392
-4.84569e-05
0.00110083
-8.7541e-05
0.00110392
-9.89607e-05
0.00107012
-8.16862e-05
0.00107445
-7.73716e-12
0.000988399
8.16862e-05
0.000988399
9.89607e-05
0.00107445
8.7541e-05
0.00107012
4.84569e-05
0.00110392
0.00110083
-5.00961e-05
-5.00961e-05
0.00120102
-9.23349e-05
-6.25885e-05
0.00120874
-0.000105504
-8.93047e-05
0.00117259
-9.36208e-05
-0.000123907
0.00118647
-1.1592e-11
-0.00018495
0.00107973
9.36208e-05
-0.00018495
0.00107973
0.000105504
-0.000123907
0.00118647
9.23349e-05
-8.93048e-05
0.00117259
5.00961e-05
-6.25885e-05
0.00120874
-5.00961e-05
0.00120102
-6.25885e-05
-9.23349e-05
0.00120874
-0.000117649
-0.000117649
0.00121332
-0.000137225
-0.000173025
0.00116256
-0.000125298
-0.000251569
0.00118909
-1.38886e-11
-0.000340824
0.000944571
0.000125298
-0.000340824
0.000944571
0.000137225
-0.000251569
0.00118909
0.000117649
-0.000173025
0.00116256
6.25885e-05
-0.000117649
0.00121332
-9.23349e-05
0.00120874
-8.93047e-05
-0.000105504
0.00117259
-0.000173025
-0.000137225
0.00116256
-0.000214297
-0.000214297
0.000982257
-0.000240045
-0.000180276
0.000518031
-1.04823e-11
-7.04903e-05
-0.00161768
0.000240045
-7.04903e-05
-0.00161768
0.000214297
-0.000180276
0.000518031
0.000173025
-0.000214297
0.000982257
8.93047e-05
-0.000137225
0.00116256
-0.000105504
0.00117259
-0.000123907
-9.36208e-05
0.00118647
-0.000251569
-0.000125298
0.00118909
-0.000180276
-0.000240045
0.000518031
-5.15532e-05
-5.15532e-05
-0.00216903
-1.34163e-11
7.71235e-05
-0.00484814
5.15532e-05
7.71235e-05
-0.00484814
0.000180276
-5.15531e-05
-0.00216903
0.000251569
-0.000240045
0.000518031
0.000123907
-0.000125298
0.00118909
-9.36208e-05
0.00118647
-0.00018495
1.43668e-11
0.00107973
-0.000340824
4.73118e-12
0.000944571
-7.04903e-05
6.77924e-11
-0.00161769
7.71234e-05
-3.38939e-11
-0.00484814
2.44375e-14
4.67602e-13
-0.00521948
-7.71234e-05
3.03548e-13
-0.00521948
7.04902e-05
-3.66497e-11
-0.00484814
0.000340824
6.93859e-11
-0.00161768
0.00018495
4.88924e-12
0.000944571
1.42534e-11
0.00107973
-0.00018495
9.36208e-05
0.00107973
-0.000340824
0.000125298
0.000944571
-7.04903e-05
0.000240045
-0.00161768
7.71235e-05
5.15532e-05
-0.00484814
-1.60186e-13
-7.71234e-05
-0.00521948
-7.71235e-05
-7.71234e-05
-0.00521948
7.04902e-05
5.15531e-05
-0.00484814
0.000340824
0.000240045
-0.00161768
0.00018495
0.000125298
0.000944571
9.36208e-05
0.00107973
-0.000123907
0.000105504
0.00118647
-0.000251569
0.000137225
0.00118909
-0.000180276
0.000214297
0.000518031
-5.15531e-05
0.000180276
-0.00216903
-1.55928e-11
7.04902e-05
-0.00484814
5.15531e-05
7.04903e-05
-0.00484814
0.000180276
0.000180276
-0.00216903
0.000251569
0.000214297
0.000518031
0.000123907
0.000137225
0.00118909
0.000105504
0.00118647
-8.93048e-05
9.23349e-05
0.00117259
-0.000173025
0.000117649
0.00116256
-0.000214297
0.000173025
0.000982257
-0.000240045
0.000251569
0.000518031
-9.25744e-12
0.000340824
-0.00161768
0.000240045
0.000340824
-0.00161768
0.000214297
0.000251569
0.000518031
0.000173025
0.000173025
0.000982257
8.93047e-05
0.000117649
0.00116256
9.23349e-05
0.00117259
-6.25885e-05
5.00961e-05
0.00120874
-0.000117649
6.25885e-05
0.00121332
-0.000137225
8.93047e-05
0.00116256
-0.000125298
0.000123907
0.00118909
-1.36506e-11
0.00018495
0.000944571
0.000125298
0.00018495
0.000944571
0.000137225
0.000123907
0.00118909
0.000117649
8.93047e-05
0.00116256
6.25885e-05
6.25885e-05
0.00121332
5.00961e-05
0.00120874
-5.00961e-05
0.00120102
-9.23349e-05
0.00120874
-0.000105504
0.00117259
-9.36208e-05
0.00118647
-1.14983e-11
0.00107973
9.36208e-05
0.00107973
0.000105504
0.00118647
9.23349e-05
0.00117259
5.00961e-05
0.00120874
0.00120102
-5.14701e-05
-5.14701e-05
0.00130396
-9.67315e-05
-6.46679e-05
0.00131867
-0.000112718
-0.000100729
0.00128931
-0.000107226
-0.000138281
0.00131926
-1.40063e-11
-0.000240507
0.00121301
0.000107226
-0.000240507
0.00121301
0.000112718
-0.000138281
0.00131926
9.67315e-05
-0.000100729
0.00128931
5.14701e-05
-6.4668e-05
0.00131867
-5.14701e-05
0.00130396
-6.4668e-05
-9.67315e-05
0.00131867
-0.000123885
-0.000123885
0.00133175
-0.000147337
-0.000201577
0.00128686
-0.000149805
-0.000273942
0.00132722
-1.7676e-11
-0.000348828
0.000903087
0.000149805
-0.000348828
0.000903087
0.000147337
-0.000273942
0.00132722
0.000123885
-0.000201577
0.00128686
6.4668e-05
-0.000123885
0.00133175
-9.67315e-05
0.00131867
-0.000100729
-0.000112718
0.00128931
-0.000201577
-0.000147337
0.00128686
-0.000278572
-0.000278572
0.00113625
-0.000314881
-0.000162838
0.000443236
-1.32161e-11
-9.12789e-05
-0.00219011
0.000314881
-9.12789e-05
-0.00219011
0.000278572
-0.000162838
0.000443236
0.000201577
-0.000278572
0.00113625
0.000100729
-0.000147337
0.00128686
-0.000112718
0.00128931
-0.000138281
-0.000107226
0.00131926
-0.000273942
-0.000149805
0.00132722
-0.000162838
-0.000314881
0.000443236
-3.12845e-05
-3.12844e-05
-0.00243213
-1.56104e-11
8.96603e-06
-0.00497967
3.12844e-05
8.96602e-06
-0.00497967
0.000162838
-3.12844e-05
-0.00243213
0.000273942
-0.000314881
0.000443236
0.000138281
-0.000149805
0.00132722
-0.000107226
0.00131926
-0.000240507
9.4724e-12
0.00121301
-0.000348828
-1.32172e-12
0.000903087
-9.12789e-05
3.89063e-11
-0.00219011
8.966e-06
-2.88001e-11
-0.00497967
-1.19789e-12
-6.6685e-13
-0.00520155
-8.96601e-06
-8.32476e-13
-0.00520155
9.12789e-05
-2.99738e-11
-0.00497967
0.000348828
3.95011e-11
-0.00219011
0.000240507
-3.02612e-12
0.000903087
9.25297e-12
0.00121301
-0.000240507
0.000107226
0.00121301
-0.000348828
0.000149805
0.000903087
-9.12789e-05
0.000314881
-0.00219011
8.96602e-06
3.12844e-05
-0.00497967
-1.38394e-12
-8.96602e-06
-0.00520155
-8.96603e-06
-8.96601e-06
-0.00520155
9.1279e-05
3.12845e-05
-0.00497967
0.000348828
0.000314881
-0.00219011
0.000240507
0.000149805
0.000903087
0.000107226
0.00121301
-0.000138281
0.000112718
0.00131926
-0.000273942
0.000147337
0.00132722
-0.000162838
0.000278572
0.000443236
-3.12844e-05
0.000162838
-0.00243213
-1.64581e-11
9.12789e-05
-0.00497967
3.12844e-05
9.12789e-05
-0.00497967
0.000162838
0.000162838
-0.00243213
0.000273942
0.000278572
0.000443236
0.000138281
0.000147337
0.00132722
0.000112718
0.00131926
-0.000100729
9.67315e-05
0.00128931
-0.000201577
0.000123885
0.00128686
-0.000278572
0.000201577
0.00113625
-0.000314881
0.000273942
0.000443236
-1.2202e-11
0.000348828
-0.00219011
0.000314881
0.000348828
-0.00219011
0.000278572
0.000273942
0.000443236
0.000201577
0.000201577
0.00113625
0.000100729
0.000123885
0.00128686
9.67315e-05
0.00128931
-6.4668e-05
5.14701e-05
0.00131867
-0.000123885
6.4668e-05
0.00133175
-0.000147337
0.000100729
0.00128686
-0.000149805
0.000138281
0.00132722
-1.88424e-11
0.000240507
0.000903087
0.000149805
0.000240507
0.000903087
0.000147337
0.000138281
0.00132722
0.000123885
0.000100729
0.00128686
6.4668e-05
6.4668e-05
0.00133175
5.14701e-05
0.00131867
-5.14701e-05
0.00130396
-9.67315e-05
0.00131867
-0.000112718
0.00128931
-0.000107226
0.00131926
-1.3985e-11
0.00121301
0.000107226
0.00121301
0.000112718
0.00131926
9.67315e-05
0.00128931
5.14701e-05
0.00131867
0.00130396
-5.16962e-05
-5.16962e-05
0.00140735
-9.88132e-05
-6.53919e-05
0.00143118
-0.000118004
-0.000109603
0.0014181
-0.000119864
-0.000149204
0.00147032
-1.73796e-11
-0.000280141
0.00137328
0.000119864
-0.000280141
0.00137328
0.000118004
-0.000149204
0.00147032
9.88132e-05
-0.000109603
0.0014181
5.16962e-05
-6.53919e-05
0.00143118
-5.16962e-05
0.00140735
-6.53919e-05
-9.88132e-05
0.00143118
-0.000127635
-0.000127635
0.00145624
-0.000158113
-0.00022229
0.00143002
-0.00018078
-0.000275914
0.0014766
-2.35429e-11
-0.000312738
0.000754904
0.00018078
-0.000312738
0.000754904
0.000158113
-0.000275914
0.0014766
0.000127635
-0.00022229
0.00143002
6.53919e-05
-0.000127635
0.00145624
-9.88132e-05
0.00143118
-0.000109603
-0.000118004
0.0014181
-0.00022229
-0.000158113
0.00143002
-0.000318931
-0.000318931
0.00132953
-0.000314607
-0.000142065
0.000305063
-2.97327e-11
-6.03743e-05
-0.00275708
0.000314607
-6.03743e-05
-0.00275708
0.000318931
-0.000142065
0.000305063
0.00022229
-0.000318931
0.00132953
0.000109603
-0.000158113
0.00143002
-0.000118004
0.0014181
-0.000149204
-0.000119864
0.00147032
-0.000275914
-0.00018078
0.0014766
-0.000142065
-0.000314607
0.000305063
-2.27475e-05
-2.27475e-05
-0.00267077
-1.6179e-11
-1.90054e-06
-0.00506089
2.27475e-05
-1.90055e-06
-0.00506089
0.000142065
-2.27476e-05
-0.00267077
0.000275914
-0.000314607
0.000305063
0.000149204
-0.00018078
0.0014766
-0.000119864
0.00147032
-0.000280141
3.19667e-12
0.00137329
-0.000312738
-5.74437e-12
0.000754903
-6.03742e-05
-8.23678e-12
-0.00275708
-1.90055e-06
-2.14321e-11
-0.00506089
-1.60949e-12
-1.13547e-12
-0.00520535
1.90054e-06
-1.16604e-12
-0.00520535
6.03744e-05
-2.14883e-11
-0.00506089
0.000312738
-1.02248e-11
-0.00275708
0.000280141
-7.64851e-12
0.000754903
3.35237e-12
0.00137328
-0.000280141
0.000119864
0.00137329
-0.000312738
0.00018078
0.000754903
-6.03743e-05
0.000314607
-0.00275708
-1.90055e-06
2.27475e-05
-0.00506089
-1.64602e-12
1.90053e-06
-0.00520535
1.90054e-06
1.90054e-06
-0.00520535
6.03744e-05
2.27476e-05
-0.00506089
0.000312738
0.000314607
-0.00275708
0.000280141
0.00018078
0.000754903
0.000119864
0.00137328
-0.000149204
0.000118004
0.00147032
-0.000275914
0.000158113
0.0014766
-0.000142065
0.000318931
0.000305063
-2.27476e-05
0.000142065
-0.00267077
-1.60982e-11
6.03744e-05
-0.00506089
2.27475e-05
6.03744e-05
-0.00506089
0.000142065
0.000142065
-0.00267077
0.000275914
0.000318931
0.000305063
0.000149204
0.000158113
0.0014766
0.000118004
0.00147032
-0.000109603
9.88132e-05
0.0014181
-0.00022229
0.000127635
0.00143002
-0.000318931
0.00022229
0.00132953
-0.000314607
0.000275914
0.000305063
-3.07285e-11
0.000312738
-0.00275708
0.000314607
0.000312738
-0.00275708
0.000318931
0.000275914
0.000305063
0.00022229
0.00022229
0.00132953
0.000109603
0.000127635
0.00143002
9.88132e-05
0.0014181
-6.5392e-05
5.16962e-05
0.00143118
-0.000127635
6.53919e-05
0.00145624
-0.000158113
0.000109603
0.00143002
-0.00018078
0.000149204
0.0014766
-2.50818e-11
0.000280141
0.000754903
0.00018078
0.000280141
0.000754903
0.000158113
0.000149204
0.0014766
0.000127635
0.000109603
0.00143002
6.53919e-05
6.5392e-05
0.00145624
5.16962e-05
0.00143118
-5.16962e-05
0.00140735
-9.88132e-05
0.00143118
-0.000118004
0.0014181
-0.000119864
0.00147032
-1.67999e-11
0.00137328
0.000119864
0.00137328
0.000118004
0.00147032
9.88132e-05
0.0014181
5.16962e-05
0.00143118
0.00140735
-4.98687e-05
-4.98687e-05
0.00150709
-9.69078e-05
-6.36477e-05
0.00154187
-0.000119183
-0.000113039
0.00155341
-0.000130483
-0.000153496
0.00163512
-1.92303e-11
-0.000303323
0.00154612
0.000130483
-0.000303323
0.00154612
0.000119183
-0.000153496
0.00163512
9.69077e-05
-0.000113039
0.00155341
4.98687e-05
-6.36478e-05
0.00154187
-4.98687e-05
0.00150709
-6.36478e-05
-9.69077e-05
0.00154187
-0.000127029
-0.000127029
0.001583
-0.000168087
-0.000229976
0.00158802
-0.000217299
-0.000261506
0.00163382
-3.67403e-11
-0.000275953
0.000510234
0.000217299
-0.000275953
0.000510234
0.000168087
-0.000261507
0.00163382
0.000127029
-0.000229976
0.00158802
6.36478e-05
-0.000127029
0.001583
-9.69078e-05
0.00154187
-0.000113039
-0.000119183
0.00155341
-0.000229976
-0.000168087
0.00158802
-0.000329965
-0.000329965
0.00152951
-0.000300901
-0.00012191
0.000136402
-5.20385e-11
-2.65896e-05
-0.00330735
0.000300901
-2.65896e-05
-0.00330735
0.000329965
-0.00012191
0.000136402
0.000229976
-0.000329965
0.00152951
0.000113039
-0.000168088
0.00158802
-0.000119183
0.00155341
-0.000153496
-0.000130483
0.00163512
-0.000261507
-0.000217299
0.00163382
-0.00012191
-0.000300901
0.000136402
-3.01077e-05
-3.01077e-05
-0.00285437
-1.10946e-11
6.16393e-07
-0.0051182
3.01077e-05
6.16392e-07
-0.0051182
0.00012191
-3.0108e-05
-0.00285437
0.000261507
-0.000300901
0.000136401
0.000153496
-0.000217299
0.00163382
-0.000130483
0.00163512
-0.000303323
-1.34261e-12
0.00154612
-0.000275953
-1.57611e-11
0.000510234
-2.65896e-05
-4.95105e-11
-0.00330735
6.16389e-07
-8.9263e-12
-0.0051182
-2.7698e-12
-3.70093e-12
-0.00520412
-6.16401e-07
-3.81111e-12
-0.00520412
2.65899e-05
-8.2949e-12
-0.0051182
0.000275953
-5.20431e-11
-0.00330735
0.000303323
-1.91686e-11
0.000510234
-2.59338e-12
0.00154612
-0.000303323
0.000130483
0.00154612
-0.000275953
0.000217299
0.000510234
-2.65896e-05
0.000300901
-0.00330735
6.16389e-07
3.01077e-05
-0.0051182
-2.8518e-12
-6.16405e-07
-0.00520412
-6.16401e-07
-6.16403e-07
-0.00520412
2.65899e-05
3.01081e-05
-0.0051182
0.000275953
0.000300901
-0.00330735
0.000303323
0.000217299
0.000510234
0.000130483
0.00154612
-0.000153496
0.000119183
0.00163512
-0.000261507
0.000168087
0.00163382
-0.00012191
0.000329965
0.000136402
-3.0108e-05
0.00012191
-0.00285437
-1.04467e-11
2.65899e-05
-0.0051182
3.0108e-05
2.65899e-05
-0.0051182
0.00012191
0.00012191
-0.00285437
0.000261507
0.000329965
0.000136402
0.000153496
0.000168088
0.00163382
0.000119183
0.00163512
-0.000113039
9.69077e-05
0.00155341
-0.000229976
0.000127029
0.00158802
-0.000329965
0.000229976
0.00152951
-0.000300901
0.000261507
0.000136401
-5.32061e-11
0.000275953
-0.00330735
0.000300901
0.000275953
-0.00330735
0.000329965
0.000261507
0.000136401
0.000229976
0.000229976
0.00152951
0.000113039
0.000127029
0.00158802
9.69078e-05
0.00155341
-6.36478e-05
4.98687e-05
0.00154187
-0.000127029
6.36478e-05
0.001583
-0.000168088
0.000113039
0.00158802
-0.000217299
0.000153496
0.00163382
-3.95134e-11
0.000303323
0.000510234
0.000217299
0.000303323
0.000510234
0.000168087
0.000153496
0.00163382
0.000127029
0.000113039
0.00158802
6.36478e-05
6.36478e-05
0.001583
4.98687e-05
0.00154187
-4.98687e-05
0.00150709
-9.69078e-05
0.00154187
-0.000119183
0.00155341
-0.000130483
0.00163512
-2.0378e-11
0.00154612
0.000130483
0.00154612
0.000119183
0.00163512
9.69078e-05
0.00155341
4.98687e-05
0.00154187
0.00150709
-4.51935e-05
-4.51935e-05
0.00159748
-8.95435e-05
-5.82667e-05
0.00164448
-0.000115171
-0.000109048
0.00168809
-0.000139503
-0.000145712
0.00180516
-2.31872e-11
-0.000327146
0.00173377
0.000139503
-0.000327146
0.00173377
0.000115171
-0.000145713
0.00180516
8.95435e-05
-0.000109048
0.00168809
4.51935e-05
-5.82667e-05
0.00164448
-4.51935e-05
0.00159748
-5.82667e-05
-8.95435e-05
0.00164448
-0.000119521
-0.000119521
0.00170551
-0.000177364
-0.000220677
0.00175749
-0.000261856
-0.000215393
0.00178799
-4.68046e-11
-0.00025628
0.000177511
0.000261856
-0.00025628
0.000177511
0.000177364
-0.000215393
0.00178799
0.000119521
-0.000220677
0.00175749
5.82667e-05
-0.000119521
0.00170551
-8.95435e-05
0.00164448
-0.000109048
-0.000115171
0.00168809
-0.000220677
-0.000177364
0.00175749
-0.00032533
-0.00032533
0.00173881
-0.000305639
-7.46462e-05
-2.40357e-05
-2.51591e-11
-2.96417e-05
-0.00383963
0.000305639
-2.96417e-05
-0.00383963
0.00032533
-7.46466e-05
-2.40356e-05
0.000220677
-0.00032533
0.00173881
0.000109048
-0.000177364
0.00175749
-0.000115171
0.00168809
-0.000145712
-0.000139503
0.00180516
-0.000215393
-0.000261856
0.00178799
-7.46463e-05
-0.000305639
-2.4036e-05
-3.80807e-05
-3.80806e-05
-0.0029275
-5.65563e-12
-2.58354e-05
-0.00516009
3.80806e-05
-2.58353e-05
-0.00516009
7.46463e-05
-3.8081e-05
-0.0029275
0.000215393
-0.000305639
-2.40365e-05
0.000145713
-0.000261856
0.00178799
-0.000139503
0.00180516
-0.000327146
-6.53432e-12
0.00173377
-0.00025628
-2.45893e-11
0.000177511
-2.96417e-05
-3.04542e-11
-0.00383963
-2.58353e-05
-7.23263e-13
-0.00516009
-2.42385e-12
-3.234e-12
-0.00525579
2.58353e-05
-3.67317e-12
-0.00525579
2.9642e-05
-5.21556e-14
-0.00516009
0.00025628
-3.21238e-11
-0.00383963
0.000327146
-2.99265e-11
0.000177511
-7.69512e-12
0.00173377
-0.000327146
0.000139503
0.00173377
-0.00025628
0.000261856
0.000177511
-2.96417e-05
0.000305639
-0.00383963
-2.58353e-05
3.80806e-05
-0.00516009
-2.82614e-12
2.58353e-05
-0.00525579
2.58353e-05
2.58353e-05
-0.00525579
2.9642e-05
3.8081e-05
-0.00516009
0.00025628
0.000305639
-0.00383962
0.000327146
0.000261856
0.000177511
0.000139503
0.00173377
-0.000145713
0.000115171
0.00180516
-0.000215393
0.000177364
0.00178799
-7.46466e-05
0.00032533
-2.40357e-05
-3.8081e-05
7.46463e-05
-0.0029275
-4.81273e-12
2.96419e-05
-0.00516009
3.8081e-05
2.96419e-05
-0.00516009
7.46466e-05
7.46467e-05
-0.0029275
0.000215393
0.00032533
-2.40361e-05
0.000145713
0.000177364
0.00178799
0.000115171
0.00180516
-0.000109048
8.95435e-05
0.00168809
-0.000220677
0.000119521
0.00175749
-0.00032533
0.000220677
0.00173881
-0.000305639
0.000215393
-2.40363e-05
-2.61831e-11
0.00025628
-0.00383962
0.000305639
0.00025628
-0.00383962
0.00032533
0.000215393
-2.40362e-05
0.000220677
0.000220677
0.00173881
0.000109048
0.000119521
0.00175749
8.95435e-05
0.00168809
-5.82667e-05
4.51935e-05
0.00164448
-0.000119521
5.82667e-05
0.00170551
-0.000177364
0.000109048
0.00175749
-0.000261856
0.000145713
0.00178799
-5.13808e-11
0.000327146
0.000177511
0.000261856
0.000327146
0.000177511
0.000177364
0.000145713
0.00178799
0.000119521
0.000109048
0.00175749
5.82667e-05
5.82667e-05
0.00170551
4.51935e-05
0.00164448
-4.51935e-05
0.00159748
-8.95435e-05
0.00164448
-0.000115171
0.00168809
-0.000139503
0.00180516
-2.35636e-11
0.00173377
0.000139503
0.00173377
0.000115171
0.00180516
8.95435e-05
0.00168809
4.51935e-05
0.00164448
0.00159748
-3.70967e-05
-3.70967e-05
-7.52636e-05
-4.79503e-05
-0.000104251
-9.49461e-05
-0.000144156
-0.000119288
-2.58242e-11
-0.000344681
0.000144156
-0.000344681
0.000104251
-0.000119288
7.52636e-05
-9.49462e-05
3.70967e-05
-4.79503e-05
-3.70967e-05
-4.79503e-05
-7.52636e-05
-0.000101144
-0.000101144
-0.000182456
-0.00018575
-0.000309019
-0.000113688
-4.95501e-11
-0.000258828
0.000309019
-0.000258828
0.000182456
-0.000113688
0.000101144
-0.00018575
4.79503e-05
-0.000101144
-7.52636e-05
-9.49461e-05
-0.000104251
-0.00018575
-0.000182456
-0.000300178
-0.000300178
-0.000284477
2.38441e-05
1.92828e-11
-0.000146172
0.000284477
-0.000146172
0.000300178
2.38444e-05
0.00018575
-0.000300178
9.49461e-05
-0.000182457
-0.000104251
-0.000119288
-0.000144156
-0.000113688
-0.000309019
2.3844e-05
-0.000284477
-1.77725e-05
-1.77725e-05
-6.29094e-12
-0.000118358
1.77725e-05
-0.000118358
-2.3844e-05
-1.77721e-05
0.000113688
-0.000284477
0.000119288
-0.000309019
-0.000144156
-0.000344681
-1.29414e-11
-0.000258828
-2.81659e-11
-0.000146172
2.52343e-11
-0.000118358
-4.89661e-12
4.72578e-12
5.32448e-12
0.000118358
4.78719e-12
0.000146172
-4.26392e-12
0.000258828
2.45883e-11
0.000344681
-2.97042e-11
-1.56105e-11
-0.000344681
0.000144156
-0.000258828
0.000309019
-0.000146172
0.000284477
-0.000118358
1.77725e-05
4.19735e-12
0.000118358
0.000118358
0.000118358
0.000146172
1.77721e-05
0.000258828
0.000284477
0.000344681
0.000309019
0.000144156
-0.000119288
0.000104251
-0.000113688
0.000182456
2.38443e-05
0.000300178
-1.77721e-05
-2.3844e-05
-5.57957e-12
0.000146172
1.77721e-05
0.000146172
-2.38443e-05
-2.38443e-05
0.000113688
0.000300178
0.000119288
0.000182457
0.000104251
-9.49462e-05
7.52636e-05
-0.000185751
0.000101144
-0.000300178
0.00018575
-0.000284477
0.000113688
1.84141e-11
0.000258828
0.000284477
0.000258828
0.000300178
0.000113688
0.000185751
0.000185751
9.49462e-05
0.000101144
7.52636e-05
-4.79503e-05
3.70967e-05
-0.000101144
4.79503e-05
-0.000182457
9.49461e-05
-0.000309019
0.000119288
-5.03693e-11
0.000344681
0.000309019
0.000344681
0.000182457
0.000119288
0.000101144
9.49462e-05
4.79503e-05
4.79503e-05
3.70967e-05
-3.70967e-05
-7.52636e-05
-0.000104251
-0.000144156
-2.77143e-11
0.000144156
0.000104251
7.52636e-05
3.70967e-05
)
;

boundaryField
{
    bottom
    {
        type            calculated;
        value           nonuniform List<scalar> 0();
    }
    atmosphere
    {
        type            calculated;
        value           nonuniform List<scalar> 0();
    }
    walls
    {
        type            calculated;
        value           uniform 0;
    }
    procBoundary0to1
    {
        type            processor;
        value           nonuniform List<scalar> 
100
(
0.00167167
0.0017306
0.00181202
0.00196436
0.00193429
0.00193429
0.00196436
0.00181202
0.0017306
0.00167167
0.0017306
0.0018119
0.00192961
0.00190895
-0.000217361
-0.000217361
0.00190895
0.00192961
0.0018119
0.0017306
0.00181202
0.00192961
0.00196767
-0.000177268
-0.00423676
-0.00423676
-0.000177268
0.00196767
0.00192961
0.00181202
0.00196436
0.00190895
-0.000177269
-0.00284427
-0.00520567
-0.00520567
-0.00284427
-0.000177269
0.00190895
0.00196436
0.00193429
-0.000217361
-0.00423676
-0.00520567
-0.00549251
-0.00549251
-0.00520568
-0.00423676
-0.000217361
0.00193429
0.00193429
-0.000217361
-0.00423676
-0.00520567
-0.00549251
-0.00549251
-0.00520568
-0.00423676
-0.000217361
0.00193429
0.00196436
0.00190895
-0.000177269
-0.00284427
-0.00520568
-0.00520568
-0.00284427
-0.000177269
0.00190895
0.00196436
0.00181202
0.00192961
0.00196767
-0.000177269
-0.00423676
-0.00423676
-0.000177269
0.00196767
0.00192961
0.00181202
0.0017306
0.0018119
0.00192961
0.00190895
-0.000217361
-0.000217361
0.00190895
0.00192961
0.0018119
0.0017306
0.00167167
0.0017306
0.00181202
0.00196436
0.00193429
0.00193429
0.00196436
0.00181202
0.0017306
0.00167167
)
;
    }
    procBoundary0to2
    {
        type            processor;
        value           nonuniform List<scalar> 
100
(
-0.000726032
-0.000721953
-0.000714215
-0.000711276
-0.000716531
-0.000716531
-0.000711276
-0.000714216
-0.000721953
-0.000726032
-0.000721953
-0.00071506
-0.000715056
-0.000729978
-0.00076182
-0.00076182
-0.000729978
-0.000715056
-0.000715061
-0.000721953
-0.000714215
-0.000715056
-0.000739553
-0.000751725
-0.000205461
-0.000205461
-0.000751726
-0.000739553
-0.000715056
-0.000714216
-0.000711276
-0.000729978
-0.000751725
0.000682643
0.00360882
0.00360882
0.000682642
-0.000751726
-0.000729978
-0.000711276
-0.000716531
-0.00076182
-0.000205461
0.00360882
0.00633638
0.00633638
0.00360883
-0.000205462
-0.00076182
-0.000716531
-0.000716531
-0.00076182
-0.000205461
0.00360882
0.00633638
0.00633638
0.00360883
-0.000205462
-0.00076182
-0.000716531
-0.000711276
-0.000729978
-0.000751726
0.000682642
0.00360883
0.00360883
0.000682641
-0.000751726
-0.000729978
-0.000711276
-0.000714216
-0.000715056
-0.000739553
-0.000751726
-0.000205462
-0.000205462
-0.000751726
-0.000739553
-0.000715056
-0.000714216
-0.000721953
-0.000715061
-0.000715056
-0.000729978
-0.00076182
-0.00076182
-0.000729978
-0.000715056
-0.000715061
-0.000721953
-0.000726032
-0.000721953
-0.000714216
-0.000711276
-0.000716532
-0.000716531
-0.000711276
-0.000714216
-0.000721953
-0.000726032
)
;
    }
}


// ************************************************************************* //
