/*--------------------------------*- C++ -*----------------------------------*\
| =========                 |                                                 |
| \\      /  F ield         | OpenFOAM: The Open Source CFD Toolbox           |
|  \\    /   O peration     | Version:  2412                                  |
|   \\  /    A nd           | Website:  www.openfoam.com                      |
|    \\/     M anipulation  |                                                 |
\*---------------------------------------------------------------------------*/
FoamFile
{
    version     2.0;
    format      ascii;
    arch        "LSB;label=32;scalar=64";
    class       volScalarField;
    location    "0.76";
    object      p;
}
// * * * * * * * * * * * * * * * * * * * * * * * * * * * * * * * * * * * * * //

dimensions      [1 -1 -2 0 0 0 0];

internalField   nonuniform List<scalar> 
4000
(
152.029
106.68
75.4572
60.8496
63.7891
63.789
60.8495
75.4571
106.68
152.029
106.68
49.0744
31.1003
23.9189
24.0569
24.0569
23.9188
31.1002
49.0743
106.68
75.4572
31.1003
34.3997
25.3021
23.6249
23.6249
25.3021
34.3995
31.1002
75.4572
60.8496
23.9189
25.302
21.4821
20.8526
20.8527
21.4822
25.302
23.9189
60.8495
63.7892
24.0569
23.6249
20.8527
21.2385
21.2387
20.8527
23.6249
24.057
63.7891
63.7889
24.0568
23.625
20.8528
21.2391
21.2393
20.8529
23.625
24.0568
63.7889
60.8495
23.9188
25.3021
21.4823
20.8529
20.853
21.4824
25.3021
23.9188
60.8494
75.4571
31.1002
34.3995
25.3022
23.625
23.625
25.3022
34.3994
31.1002
75.457
106.68
49.0743
31.1003
23.9189
24.057
24.0569
23.9189
31.1002
49.0742
106.68
152.029
106.68
75.4571
60.8496
63.7891
63.789
60.8494
75.457
106.68
152.029
104.44
54.566
38.6746
37.0115
33.8054
33.8052
37.0117
38.6742
54.5659
104.44
54.566
13.792
15.7879
11.4941
10.3587
10.3586
11.4942
15.788
13.7921
54.566
38.6746
15.7879
26.8974
16.6805
16.6737
16.6739
16.6805
26.8972
15.788
38.6745
37.0114
11.4941
16.6804
15.0176
16.2759
16.276
15.0177
16.6802
11.4941
37.0114
33.8055
10.3587
16.6736
16.276
15.6679
15.6682
16.276
16.6737
10.3588
33.8055
33.8052
10.3587
16.674
16.2761
15.6686
15.6689
16.2761
16.674
10.3587
33.8052
37.0118
11.4942
16.6805
15.0178
16.2761
16.2761
15.0179
16.6804
11.4942
37.0118
38.6742
15.7881
26.8971
16.6803
16.6738
16.674
16.6804
26.8969
15.7882
38.6741
54.5659
13.7921
15.7881
11.4942
10.3587
10.3587
11.4942
15.7881
13.7921
54.5659
104.44
54.566
38.6744
37.0116
33.8055
33.8053
37.0118
38.6741
54.5659
104.44
67.4486
34.4105
31.9178
22.325
20.9328
20.9327
22.3252
31.9179
34.4107
67.4487
34.4105
2.72099
13.3222
10.4561
9.63455
9.63457
10.456
13.3222
2.72102
34.4105
31.9178
13.3222
27.872
18.9334
15.4674
15.4674
18.9336
27.872
13.3223
31.9178
22.3249
10.4562
18.9333
16.4827
16.0985
16.0985
16.4829
18.9333
10.4562
22.3249
20.9328
9.63466
15.4675
16.0986
15.9496
15.9499
16.0987
15.4677
9.63476
20.9327
20.9326
9.63464
15.4676
16.0986
15.9503
15.9506
16.0987
15.4677
9.63471
20.9325
22.3252
10.456
18.9337
16.4831
16.0988
16.0988
16.4832
18.9337
10.456
22.3252
31.9179
13.3222
27.8721
18.9335
15.4677
15.4677
18.9337
27.8721
13.3222
31.918
34.4108
2.72105
13.3223
10.4562
9.63466
9.63466
10.4561
13.3222
2.72105
34.4108
67.4487
34.4106
31.9179
22.325
20.9327
20.9326
22.3252
31.918
34.4108
67.4488
39.4574
21.2657
20.4102
15.7369
15.944
15.9437
15.737
20.4102
21.2657
39.4575
21.2657
2.78099
11.269
9.32162
9.68935
9.68922
9.32164
11.2689
2.78064
21.2657
20.4102
11.269
16.9482
12.9937
13.647
13.647
12.9938
16.9483
11.2691
20.4102
15.7369
9.3216
12.9936
15.4255
14.9058
14.9056
15.4256
12.9937
9.32162
15.7369
15.9441
9.68943
13.6471
14.906
14.4399
14.4398
14.906
13.6471
9.68947
15.944
15.9436
9.6892
13.647
14.9056
14.4398
14.4397
14.9057
13.6469
9.68924
15.9435
15.737
9.32165
12.9939
15.4258
14.9061
14.906
15.4259
12.9939
9.32165
15.7371
20.4102
11.2689
16.9483
12.9938
13.6471
13.647
12.9939
16.9484
11.269
20.4102
21.2657
2.78052
11.2691
9.32169
9.68943
9.68929
9.3217
11.269
2.7802
21.2657
39.4575
21.2657
20.4102
15.737
15.944
15.9437
15.7371
20.4102
21.2657
39.4575
30.14
19.639
19.9742
16.0861
16.3392
16.3391
16.0861
19.9743
19.6391
30.1401
19.639
4.10731
11.1067
8.61823
10.8022
10.8021
8.6182
11.1065
4.1072
19.6391
19.9742
11.1067
13.8373
13.6554
13.8998
13.8997
13.6553
13.8373
11.1067
19.9742
16.0861
8.61824
13.6553
15.2218
14.4334
14.4331
15.2218
13.6553
8.61819
16.0861
16.3392
10.8022
13.8999
14.4335
14.0802
14.0799
14.4332
13.8998
10.8023
16.3391
16.339
10.8021
13.8995
14.433
14.0796
14.0794
14.4328
13.8994
10.8022
16.3389
16.086
8.61821
13.6553
15.2219
14.4331
14.4328
15.2219
13.6552
8.61818
16.086
19.9743
11.1065
13.8373
13.6553
13.8997
13.8996
13.6553
13.8373
11.1065
19.9743
19.6391
4.10717
11.1068
8.61825
10.8023
10.8022
8.61823
11.1066
4.10705
19.6392
30.1401
19.6391
19.9743
16.0861
16.3391
16.339
16.086
19.9744
19.6392
30.14
24.8538
15.0532
16.0145
13.7701
14.3828
14.3827
13.7701
16.0144
15.0531
24.8537
15.0532
4.69379
10.9682
9.11226
11.0401
11.04
9.11236
10.9682
4.69369
15.0532
16.0145
10.9682
13.284
12.5981
13.2581
13.2581
12.5982
13.284
10.9682
16.0145
13.7701
9.11223
12.598
13.3463
12.8127
12.8126
13.3463
12.598
9.11217
13.7701
14.3829
11.0401
13.2582
12.8128
13.1611
13.1609
12.8126
13.2581
11.0402
14.3828
14.3827
11.0401
13.258
12.8125
13.1608
13.1606
12.8123
13.258
11.0401
14.3826
13.77
9.11239
12.5982
13.3462
12.8124
12.8123
13.3462
12.5981
9.11233
13.7701
16.0144
10.9681
13.284
12.5981
13.2581
13.258
12.5982
13.284
10.9682
16.0145
15.0531
4.69366
10.9683
9.11223
11.0402
11.0401
9.11234
10.9682
4.69354
15.0531
24.8537
15.0532
16.0146
13.7702
14.3828
14.3827
13.7701
16.0146
15.0532
24.8535
17.468
14.707
15.202
13.575
13.7764
13.7764
13.5748
15.2019
14.7068
17.4679
14.707
5.05237
10.9148
9.97974
11.1025
11.1024
9.97974
10.9147
5.05231
14.7068
15.2022
10.9147
13.1611
11.9496
12.6498
12.6499
11.9497
13.1611
10.9147
15.2023
13.575
9.97971
11.9495
11.8143
12.0017
12.0017
11.8143
11.9495
9.97962
13.575
13.7764
11.1025
12.6498
12.0018
12.4823
12.4822
12.0018
12.6498
11.1026
13.7764
13.7764
11.1025
12.6498
12.0016
12.4821
12.4821
12.0016
12.6498
11.1025
13.7764
13.5747
9.9797
11.9497
11.8142
12.0016
12.0015
11.8143
11.9496
9.97964
13.5747
15.202
10.9146
13.1611
11.9496
12.6497
12.6498
11.9497
13.1611
10.9146
15.2022
14.7067
5.05228
10.9148
9.97963
11.1025
11.1025
9.97965
10.9147
5.05214
14.7066
17.4678
14.7069
15.2024
13.5751
13.7764
13.7765
13.5749
15.2023
14.7067
17.4677
13.3176
12.3073
14.447
12.9203
12.5551
12.5552
12.9202
14.447
12.3071
13.3175
12.3074
4.81829
10.7106
10.0549
10.8108
10.8107
10.0549
10.7105
4.81809
12.3074
14.4471
10.7105
12.6324
11.3109
11.8046
11.8047
11.3111
12.6324
10.7106
14.4473
12.9202
10.0548
11.3108
11.1012
11.4069
11.407
11.1013
11.3108
10.0548
12.9204
12.555
10.8109
11.8047
11.407
11.7959
11.7959
11.4071
11.8048
10.8109
12.5551
12.5552
10.8108
11.8047
11.4071
11.7958
11.7958
11.4072
11.8048
10.8108
12.5553
12.9202
10.0548
11.311
11.1013
11.4071
11.4072
11.1013
11.311
10.0548
12.9203
14.447
10.7104
12.6324
11.3109
11.8048
11.8048
11.311
12.6324
10.7105
14.4472
12.3071
4.81802
10.7108
10.0548
10.8109
10.8108
10.0548
10.7107
4.8178
12.3071
13.3175
12.3074
14.4473
12.9205
12.5552
12.5553
12.9204
14.4473
12.3072
13.3174
13.706
12.517
14.1991
12.4742
11.7174
11.7175
12.4742
14.1991
12.5168
13.706
12.517
4.04537
10.6806
10.3769
10.526
10.5259
10.3768
10.6807
4.04557
12.5171
14.1992
10.6805
12.0721
11.004
11.2929
11.2928
11.0039
12.0721
10.6806
14.1993
12.4741
10.3769
11.004
10.5559
10.9149
10.915
10.556
11.004
10.3769
12.4742
11.7173
10.5261
11.293
10.9149
11.275
11.2751
10.915
11.2932
10.5261
11.7174
11.7174
10.526
11.2928
10.9152
11.2752
11.2753
10.9153
11.2929
10.5261
11.7175
12.4741
10.3768
11.0039
10.5561
10.9151
10.9152
10.5561
11.0039
10.3768
12.4742
14.1992
10.6806
12.0721
11.0041
11.2931
11.293
11.004
12.0721
10.6806
14.1993
12.5168
4.04554
10.6807
10.3769
10.5261
10.526
10.3769
10.6807
4.04538
12.5168
13.706
12.5172
14.1994
12.4743
11.7176
11.7176
12.4743
14.1994
12.517
13.706
14.5069
12.09
13.7359
12.0347
10.9766
10.9767
12.0347
13.7359
12.0894
14.5069
12.0904
4.19063
9.6317
9.97117
10.1083
10.1083
9.97109
9.63178
4.19065
12.0906
13.7359
9.63172
11.0219
10.7077
10.9825
10.9825
10.7076
11.0218
9.63196
13.736
12.0347
9.97119
10.7077
10.106
10.5049
10.5051
10.1061
10.7078
9.97122
12.0348
10.9766
10.1083
10.9826
10.5049
10.8411
10.8412
10.5049
10.9827
10.1084
10.9767
10.9766
10.1084
10.9826
10.5052
10.8412
10.8413
10.5052
10.9827
10.1085
10.9767
12.0347
9.9711
10.7076
10.1062
10.5049
10.5051
10.1063
10.7078
9.97117
12.0348
13.7359
9.63179
11.0218
10.7079
10.9827
10.9826
10.7078
11.0218
9.63182
13.736
12.0895
4.19066
9.63197
9.97124
10.1084
10.1084
9.9712
9.63187
4.19059
12.0899
14.507
12.0906
13.736
12.0349
10.9769
10.9769
12.0349
13.736
12.0902
14.5069
13.1637
10.4303
11.7287
11.3276
10.2484
10.2483
11.3276
11.7287
10.4304
13.1636
10.4304
5.48043
9.04228
9.40425
9.51842
9.5185
9.40417
9.04232
5.48035
10.4305
11.7286
9.04221
10.5487
10.3733
10.6045
10.6046
10.3733
10.5486
9.04222
11.7287
11.3276
9.40428
10.3732
9.53894
10.0939
10.094
9.53906
10.3733
9.40431
11.3276
10.2483
9.51851
10.6045
10.0939
10.414
10.4141
10.0939
10.6046
9.51858
10.2485
10.2482
9.51865
10.6047
10.094
10.4142
10.4142
10.094
10.6047
9.51869
10.2484
11.3275
9.40422
10.3734
9.53916
10.0939
10.094
9.53924
10.3735
9.40431
11.3276
11.7287
9.04232
10.5487
10.3734
10.6046
10.6046
10.3735
10.5486
9.04228
11.7287
10.4304
5.4804
9.04227
9.4043
9.51848
9.51854
9.40428
9.04227
5.48036
10.4305
13.1636
10.4306
11.7288
11.3278
10.2487
10.2486
11.3278
11.7288
10.4305
13.1636
11.8539
9.17831
10.9163
10.4213
9.7494
9.74912
10.4211
10.9164
9.17834
11.8539
9.17832
7.18604
9.17751
8.61192
8.84961
8.84973
8.61187
9.17751
7.18598
9.17833
10.9163
9.17748
10.2089
10.1249
10.1732
10.1734
10.1251
10.2088
9.17751
10.9163
10.4213
8.61199
10.1248
8.86545
9.67869
9.67879
8.86542
10.1249
8.61202
10.4214
9.74938
8.84979
10.1733
9.67862
9.97911
9.97913
9.6786
10.1733
8.84985
9.74951
9.74892
8.84998
10.1735
9.67885
9.97915
9.97918
9.67882
10.1735
8.84998
9.74911
10.4211
8.61195
10.1252
8.86546
9.67872
9.6788
8.86545
10.1253
8.61203
10.4212
10.9164
9.17752
10.2089
10.1251
10.1733
10.1734
10.1252
10.2088
9.1775
10.9164
9.17839
7.18601
9.17753
8.61197
8.84959
8.84967
8.61195
9.17748
7.18597
9.17844
11.8539
9.17839
10.9164
10.4215
9.74977
9.74954
10.4213
10.9164
9.17848
11.8539
12.8396
9.08501
10.7767
9.6404
9.48973
9.4897
9.64029
10.7768
9.08508
12.8396
9.08499
7.28395
8.98078
8.14454
8.84034
8.8404
8.14453
8.98075
7.28395
9.08504
10.7767
8.98076
9.97007
9.66151
9.72414
9.72418
9.66164
9.96999
8.98074
10.7767
9.64044
8.1446
9.66142
8.74005
9.3498
9.34987
8.73996
9.66146
8.14462
9.6405
9.48968
8.84045
9.72415
9.34976
9.55773
9.55776
9.34974
9.72418
8.84053
9.48973
9.48965
8.84058
9.72432
9.34992
9.5578
9.55782
9.3499
9.72436
8.84066
9.48973
9.6403
8.1446
9.66174
8.73997
9.3498
9.34986
8.73995
9.66181
8.14463
9.64041
10.7768
8.98077
9.97002
9.66163
9.72419
9.72423
9.66174
9.97
8.98073
10.7769
9.08509
7.28398
8.98074
8.14459
8.84041
8.84047
8.14457
8.98071
7.28396
9.08512
12.8397
9.08511
10.7767
9.64051
9.4899
9.48987
9.64045
10.7768
9.08518
12.8398
12.2301
8.69345
10.0249
9.14821
9.18555
9.18559
9.1481
10.025
8.69351
12.2301
8.69342
7.67855
8.6425
8.24445
8.89738
8.89745
8.24447
8.6425
7.67856
8.69343
10.0249
8.64249
9.40548
8.98406
9.22582
9.22577
8.98417
9.40539
8.64245
10.0249
9.14818
8.24448
8.98405
8.80515
9.03813
9.03815
8.80503
8.9841
8.2445
9.14817
9.1855
8.89737
9.22587
9.03811
9.13158
9.13159
9.03807
9.22588
8.89739
9.18554
9.1856
8.89752
9.22584
9.03818
9.13163
9.13165
9.03814
9.22586
8.89753
9.18564
9.14806
8.24454
8.98425
8.80503
9.03809
9.03811
8.80499
8.98428
8.24456
9.1481
10.0251
8.64253
9.4054
8.98416
9.22586
9.22582
8.98424
9.40536
8.6425
10.0251
8.69351
7.67859
8.64245
8.24449
8.89741
8.89747
8.2445
8.64246
7.67859
8.69351
12.2301
8.69352
10.0249
9.14822
9.18565
9.18569
9.14816
10.0251
8.69357
12.2302
9.88735
8.40872
9.35088
8.70063
8.82598
8.82608
8.70056
9.35092
8.40875
9.88729
8.4087
7.7253
8.32932
8.4159
8.53945
8.53945
8.41591
8.32934
7.72532
8.40873
9.35086
8.32933
8.68208
8.2328
8.70782
8.7078
8.23294
8.68201
8.3293
9.35084
8.70061
8.41589
8.23278
8.71825
8.61005
8.61007
8.7181
8.23281
8.41586
8.70057
8.8259
8.53944
8.70786
8.61004
8.6966
8.69661
8.61003
8.70786
8.53944
8.82594
8.82606
8.53947
8.70784
8.61009
8.69663
8.69664
8.61007
8.70786
8.53947
8.82606
8.70053
8.41594
8.23299
8.71807
8.61002
8.61003
8.71801
8.23299
8.41591
8.70052
9.35094
8.32939
8.68202
8.23289
8.70786
8.70784
8.23299
8.68197
8.32936
9.35096
8.40876
7.72534
8.32929
8.41589
8.53947
8.53948
8.4159
8.32931
7.72534
8.40877
9.88729
8.4088
9.35088
8.70063
8.82606
8.82614
8.70059
9.35095
8.40882
9.88727
8.45746
8.01209
8.60799
8.27226
8.32643
8.32647
8.27237
8.60798
8.01212
8.4574
8.01208
7.70835
7.93641
8.07574
8.15449
8.15445
8.07584
7.93645
7.70835
8.01211
8.60797
7.93644
8.14168
7.5646
8.23522
8.23521
7.56488
8.14169
7.93643
8.60798
8.27223
8.07569
7.56458
8.35856
8.10188
8.10191
8.35843
7.56469
8.0757
8.27233
8.32641
8.15451
8.23524
8.10188
8.22516
8.22515
8.10191
8.23523
8.15449
8.32646
8.32646
8.15445
8.23525
8.10192
8.22515
8.22514
8.10194
8.23524
8.15446
8.32651
8.2724
8.07586
7.56498
8.35841
8.10191
8.10192
8.35835
7.56501
8.07583
8.27246
8.60796
7.93649
8.14171
7.56476
8.23523
8.23523
7.56497
8.14169
7.93648
8.60798
8.01213
7.70837
7.93644
8.07577
8.15452
8.15448
8.07585
7.93646
7.70836
8.01213
8.4574
8.01215
8.60805
8.2724
8.32654
8.32657
8.27249
8.60804
8.01215
8.45733
8.64253
7.66147
7.94174
7.67254
7.86794
7.86792
7.6725
7.94138
7.66147
8.64248
7.66146
7.40484
7.45972
7.64268
7.72674
7.72671
7.64288
7.45978
7.40486
7.66147
7.9418
7.45975
7.77728
7.04243
7.77633
7.77635
7.04262
7.77733
7.45976
7.94168
7.67249
7.64263
7.04245
7.82329
7.61138
7.6114
7.82331
7.04251
7.6427
7.67239
7.86795
7.72675
7.77633
7.61139
7.77798
7.77796
7.61143
7.7763
7.72672
7.86799
7.8679
7.7267
7.77638
7.61141
7.77795
7.77793
7.61144
7.77634
7.72668
7.86795
7.67245
7.64293
7.04269
7.82333
7.61145
7.61145
7.82333
7.0427
7.64294
7.67239
7.94129
7.45982
7.77736
7.04254
7.7763
7.77633
7.04267
7.77737
7.45982
7.94129
7.66149
7.40488
7.45978
7.64275
7.72674
7.72671
7.64292
7.45982
7.40487
7.66148
8.64246
7.66148
7.94167
7.67247
7.86802
7.868
7.67244
7.94139
7.66147
8.6424
8.33269
7.161
7.67485
7.20117
7.46333
7.46329
7.20121
7.67457
7.16099
8.33281
7.16101
6.94138
6.98393
7.23584
7.31408
7.31406
7.23597
6.98401
6.94136
7.161
7.67492
6.98394
7.58419
6.73702
7.38381
7.38383
6.73693
7.58423
6.98394
7.67483
7.20115
7.23581
6.73706
7.40606
7.20374
7.20375
7.40616
6.737
7.23583
7.20115
7.46334
7.31408
7.38381
7.20374
7.37921
7.3792
7.20376
7.38378
7.31403
7.46333
7.4633
7.31406
7.38385
7.20375
7.3792
7.37919
7.20377
7.3838
7.31402
7.46329
7.20121
7.23601
6.73692
7.4062
7.20378
7.20377
7.40625
6.73687
7.23599
7.2012
7.6745
6.98404
7.58424
6.73699
7.38378
7.38379
6.7369
7.58422
6.98404
7.6745
7.16101
6.94137
6.98397
7.23587
7.31405
7.31403
7.23598
6.98403
6.94135
7.16099
8.33283
7.161
7.67479
7.20118
7.46334
7.4633
7.20121
7.67456
7.16098
8.33286
7.4276
6.52085
7.39749
6.82214
7.07001
7.06995
6.82223
7.3974
6.52083
7.4279
6.52086
6.45005
6.55802
6.89006
6.9509
6.95089
6.8899
6.55803
6.44998
6.52085
7.39752
6.55801
7.43371
6.52331
7.06798
7.068
6.52311
7.4337
6.55797
7.39746
6.82212
6.89007
6.52335
7.01491
6.86848
6.86847
7.01502
6.52328
6.88997
6.82215
7.07003
6.95089
7.06798
6.86846
7.01922
7.01922
6.86842
7.06797
6.95086
7.06996
7.06997
6.9509
7.068
6.86846
7.01923
7.01923
6.86843
7.06798
6.95087
7.06992
6.82226
6.88985
6.52306
7.01505
6.86843
6.86842
7.0151
6.52302
6.8898
6.82224
7.3974
6.55804
7.4337
6.52326
7.06796
7.06797
6.52309
7.43366
6.55801
7.39737
6.52084
6.44996
6.55798
6.88995
6.95086
6.95086
6.88984
6.558
6.44991
6.52083
7.42797
6.52085
7.39744
6.82218
7.06996
7.06991
6.82224
7.39737
6.52082
7.42812
8.84239
5.98719
7.07268
6.63661
6.72324
6.72322
6.63656
7.07274
5.98716
8.842
5.9872
6.04395
6.12523
6.59306
6.61259
6.61259
6.59287
6.12523
6.04389
5.98717
7.07267
6.12522
7.1086
6.31313
6.75084
6.75085
6.3129
7.10855
6.12516
7.07265
6.63661
6.59309
6.31317
6.60626
6.55766
6.55766
6.60632
6.31309
6.59299
6.63659
6.72325
6.61259
6.75083
6.55762
6.6917
6.69171
6.55754
6.75082
6.61256
6.72321
6.72322
6.6126
6.75085
6.55762
6.69171
6.69171
6.55756
6.75083
6.61257
6.72319
6.63655
6.59282
6.31284
6.60633
6.55755
6.55755
6.60635
6.31281
6.59278
6.63652
7.07278
6.12524
7.10854
6.31306
6.75082
6.75083
6.31287
7.1085
6.12519
7.07274
5.98717
6.04387
6.12515
6.59296
6.61256
6.61256
6.59282
6.12517
6.04383
5.98715
8.84192
5.98716
7.07264
6.63659
6.72321
6.72319
6.63653
7.07269
5.98714
8.8417
9.10005
5.51282
6.70547
6.51366
6.40554
6.40554
6.51344
6.70555
5.51278
9.09994
5.51283
5.68425
5.69377
6.3075
6.28179
6.28179
6.3074
5.69376
5.68422
5.5128
6.70546
5.69377
6.61164
6.10146
6.41224
6.41224
6.10134
6.61161
5.69368
6.70545
6.51369
6.30752
6.10148
6.21428
6.25417
6.25416
6.2143
6.10143
6.30747
6.5136
6.40554
6.28179
6.41223
6.25415
6.36574
6.36574
6.2541
6.41222
6.28176
6.40552
6.40554
6.28179
6.41223
6.25413
6.36574
6.36574
6.25409
6.41221
6.28176
6.40552
6.51339
6.30738
6.10131
6.2143
6.25409
6.25409
6.2143
6.10128
6.30736
6.51335
6.7056
5.69377
6.61161
6.1014
6.41222
6.41222
6.1013
6.61159
5.69371
6.70559
5.51278
5.68422
5.69365
6.30745
6.28176
6.28175
6.30737
5.69366
5.6842
5.51276
9.09992
5.51279
6.70545
6.51358
6.40551
6.40551
6.51339
6.70552
5.51276
9.09987
8.12178
5.17133
6.28035
6.29127
6.10209
6.10207
6.29113
6.28037
5.1713
8.12178
5.17133
5.31512
5.36369
5.99747
5.96346
5.96346
5.99751
5.3637
5.31513
5.17131
6.28035
5.36369
6.1192
5.87274
6.08717
6.08716
5.87272
6.1192
5.36361
6.28034
6.29129
5.99747
5.87274
5.88332
5.95453
5.95452
5.8833
5.87272
5.99748
6.29125
6.10209
5.96347
6.08717
5.95452
6.04419
6.04419
5.95449
6.08716
5.96344
6.10207
6.10208
5.96346
6.08716
5.95451
6.04418
6.04418
5.95448
6.08715
5.96344
6.10206
6.29113
5.99753
5.87273
5.88329
5.95449
5.95448
5.88326
5.8727
5.99752
6.29111
6.28041
5.36372
6.1192
5.8727
6.08717
6.08716
5.87269
6.11922
5.36365
6.2804
5.1713
5.31514
5.36357
5.99748
5.96343
5.96343
5.9975
5.36359
5.31514
5.17128
8.12179
5.1713
6.28033
6.29122
6.10206
6.10205
6.2911
6.28035
5.17128
8.1218
6.63018
4.891
5.83266
5.86258
5.79478
5.79476
5.86268
5.83267
4.89099
6.6302
4.89101
4.97105
5.1962
5.64814
5.65468
5.65468
5.64821
5.19618
4.97105
4.891
5.83266
5.1962
5.71698
5.60685
5.78419
5.78419
5.60685
5.71702
5.19613
5.83264
5.86256
5.64813
5.60685
5.58393
5.65374
5.65373
5.5839
5.60682
5.64814
5.8626
5.79479
5.65468
5.7842
5.65373
5.73209
5.73209
5.65371
5.7842
5.65466
5.79477
5.79476
5.65468
5.78419
5.65372
5.73209
5.73209
5.6537
5.78419
5.65465
5.79475
5.86275
5.64823
5.60686
5.58389
5.65371
5.6537
5.58387
5.60683
5.64822
5.86276
5.83268
5.19619
5.71704
5.6068
5.7842
5.7842
5.6068
5.71708
5.19614
5.83267
4.89099
4.97106
5.1961
5.64814
5.65465
5.65465
5.64819
5.19609
4.97106
4.89098
6.63021
4.891
5.83264
5.8626
5.79476
5.79475
5.86268
5.83265
4.89099
6.63023
7.58962
4.64245
5.57622
5.41949
5.48193
5.48194
5.41963
5.57624
4.64245
7.58966
4.64245
4.6382
5.07236
5.30141
5.34281
5.34281
5.30142
5.07235
4.63821
4.64245
5.57622
5.07237
5.43291
5.29258
5.4953
5.49531
5.29255
5.43296
5.07232
5.57621
5.41947
5.30141
5.29258
5.27168
5.34207
5.34206
5.27166
5.29251
5.30138
5.41952
5.48194
5.34281
5.4953
5.34207
5.42333
5.42333
5.34205
5.49531
5.34279
5.48193
5.48195
5.34281
5.49531
5.34205
5.42333
5.42333
5.34204
5.49531
5.34279
5.48194
5.41969
5.30142
5.29256
5.27165
5.34205
5.34204
5.27163
5.29251
5.3014
5.4197
5.57625
5.07236
5.43298
5.29247
5.49531
5.49531
5.29246
5.43302
5.07233
5.57625
4.64245
4.63821
5.07231
5.30138
5.34279
5.34279
5.30139
5.0723
4.63821
4.64246
7.58967
4.64246
5.57622
5.41954
5.48193
5.48193
5.41965
5.57624
4.64246
7.58971
7.20171
4.31455
5.30292
5.15014
5.16873
5.16873
5.15015
5.30296
4.31455
7.20167
4.31455
4.31089
4.84924
4.96166
5.02362
5.02362
4.96165
4.84924
4.31089
4.31455
5.30292
4.84925
5.18968
4.9502
5.20177
5.20178
4.95018
5.18971
4.84924
5.30293
5.15013
4.96166
4.95019
4.94358
5.02077
5.02076
4.94356
4.95011
4.96163
5.15013
5.16872
5.02362
5.20177
5.02077
5.11001
5.11001
5.02075
5.20176
5.0236
5.16871
5.16873
5.02362
5.20179
5.02076
5.11001
5.11001
5.02075
5.20178
5.0236
5.16872
5.15015
4.96164
4.9502
4.94356
5.02075
5.02075
4.94354
4.95013
4.96162
5.15015
5.30298
4.84924
5.18973
4.95007
5.20176
5.20177
4.95007
5.18976
4.84923
5.30298
4.31455
4.3109
4.84924
4.96163
5.0236
5.0236
4.96162
4.84923
4.3109
4.31456
7.20166
4.31455
5.30294
5.15014
5.16871
5.16871
5.15016
5.30297
4.31456
7.20165
6.1181
4.00067
5.00677
4.94762
4.85511
4.85511
4.94756
5.00676
4.00066
6.11796
4.00067
4.01828
4.58218
4.61985
4.70535
4.70536
4.61984
4.5822
4.0183
4.00067
5.00677
4.58218
4.96383
4.62487
4.89732
4.89733
4.62487
4.96382
4.58221
5.00675
4.94763
4.61985
4.62488
4.60904
4.69882
4.69882
4.60903
4.62485
4.61984
4.94759
4.8551
4.70536
4.89731
4.69882
4.7893
4.7893
4.69881
4.8973
4.70535
4.85509
4.85511
4.70536
4.89734
4.69882
4.7893
4.78931
4.69881
4.89733
4.70536
4.8551
4.94752
4.61983
4.62487
4.60903
4.69881
4.69881
4.60902
4.62485
4.61983
4.94751
5.00676
4.58221
4.96382
4.62484
4.8973
4.89731
4.62484
4.96383
4.58223
5.00675
4.00066
4.01831
4.58223
4.61984
4.70535
4.70536
4.61983
4.58224
4.01832
4.00066
6.11793
4.00067
5.00675
4.9476
4.85509
4.8551
4.94755
5.00675
4.00066
6.11785
5.92752
3.78207
4.73716
4.65485
4.54666
4.54668
4.6548
4.73716
3.78206
5.92755
3.78207
3.71322
4.34861
4.25773
4.39226
4.39228
4.25772
4.34864
3.71324
3.78207
4.73716
4.34861
4.73623
4.32126
4.58138
4.58138
4.32124
4.7362
4.34866
4.73715
4.65486
4.25773
4.32129
4.27293
4.37685
4.37686
4.27292
4.32134
4.25773
4.65484
4.54665
4.39227
4.58137
4.37685
4.46721
4.46722
4.37684
4.58137
4.39228
4.54666
4.54669
4.39229
4.58139
4.37686
4.46722
4.46722
4.37686
4.58139
4.39229
4.54668
4.65477
4.25772
4.32123
4.27292
4.37684
4.37685
4.27292
4.32128
4.25773
4.65477
4.73717
4.34865
4.7362
4.32137
4.58137
4.58138
4.32133
4.73618
4.34868
4.73717
3.78206
3.71325
4.34868
4.25774
4.39228
4.39229
4.25773
4.3487
3.71327
3.78206
5.92755
3.78208
4.73715
4.65484
4.54666
4.54668
4.65479
4.73716
3.78207
5.92757
5.95661
3.6379
4.45383
4.29212
4.23008
4.23009
4.2921
4.45385
3.63789
5.95659
3.6379
3.42263
4.07505
3.88852
4.07759
4.0776
3.88851
4.07507
3.42265
3.6379
4.45383
4.07505
4.5201
4.04876
4.26407
4.26407
4.04875
4.52008
4.07509
4.45383
4.29212
3.88852
4.04878
3.94863
4.05922
4.05923
3.94863
4.04886
3.88853
4.29212
4.23008
4.07759
4.26406
4.05922
4.14635
4.14636
4.05922
4.26407
4.07761
4.23008
4.2301
4.07761
4.26408
4.05924
4.14636
4.14636
4.05923
4.26408
4.07762
4.2301
4.2921
3.88851
4.04873
3.94863
4.05922
4.05923
3.94863
4.0488
3.88852
4.2921
4.45387
4.07508
4.52007
4.0489
4.26407
4.26408
4.04887
4.52006
4.07511
4.45387
3.63789
3.42266
4.0751
3.88854
4.07761
4.07762
3.88853
4.07512
3.42268
3.63789
5.95658
3.6379
4.45383
4.29212
4.23008
4.2301
4.29211
4.45385
3.6379
5.95656
5.72916
3.41236
4.14288
3.92503
3.90236
3.90237
3.92502
4.1429
3.41236
5.72917
3.41236
3.18921
3.79759
3.56016
3.75839
3.7584
3.56016
3.79763
3.18923
3.41236
4.14288
3.79758
4.346
3.81284
3.94413
3.94413
3.81284
4.34597
3.7976
4.14287
3.92503
3.56016
3.81285
3.64348
3.74865
3.74866
3.64348
3.8129
3.56017
3.92503
3.90236
3.75839
3.94413
3.74865
3.82315
3.82315
3.74865
3.94413
3.7584
3.90236
3.90238
3.7584
3.94413
3.74866
3.82316
3.82316
3.74866
3.94414
3.75841
3.90238
3.92501
3.56016
3.81283
3.64348
3.74865
3.74866
3.64348
3.81288
3.56016
3.92501
4.14292
3.79765
4.34596
3.81294
3.94414
3.94415
3.81293
4.34593
3.79766
4.14292
3.41236
3.18924
3.79761
3.56017
3.7584
3.75841
3.56017
3.79765
3.18925
3.41236
5.72917
3.41236
4.14287
3.92503
3.90236
3.90237
3.92502
4.14289
3.41236
5.72918
5.35198
3.11871
3.78997
3.56505
3.56321
3.56323
3.56505
3.78999
3.1187
5.35201
3.1187
2.94008
3.50695
3.26669
3.43536
3.43536
3.2667
3.507
2.9401
3.1187
3.78996
3.50694
4.05915
3.5428
3.61323
3.61323
3.5428
4.05913
3.50694
3.78996
3.56505
3.26669
3.5428
3.34147
3.43311
3.43311
3.34148
3.54284
3.26669
3.56505
3.56321
3.43536
3.61323
3.4331
3.49431
3.49432
3.43311
3.61324
3.43535
3.56321
3.56323
3.43536
3.61324
3.43312
3.49432
3.49432
3.43312
3.61325
3.43536
3.56323
3.56504
3.2667
3.5428
3.34148
3.43311
3.43311
3.34148
3.54283
3.2667
3.56505
3.79001
3.50702
4.05912
3.54286
3.61325
3.61325
3.54286
4.05912
3.50703
3.79001
3.1187
2.94011
3.50694
3.2667
3.43535
3.43536
3.26671
3.507
2.94012
3.1187
5.35202
3.11871
3.78996
3.56506
3.56322
3.56323
3.56505
3.78999
3.11871
5.35204
4.93791
2.81904
3.40981
3.20463
3.21768
3.21769
3.20462
3.40985
2.81905
4.93794
2.81904
2.69768
3.20176
2.97082
3.11062
3.11062
2.97084
3.20179
2.69771
2.81904
3.4098
3.20176
3.60535
3.21461
3.26871
3.26871
3.21461
3.60535
3.20175
3.40981
3.20463
2.97082
3.21461
3.02812
3.10748
3.10748
3.02813
3.21464
2.97083
3.20463
3.21767
3.11062
3.26871
3.10748
3.15797
3.15797
3.10748
3.26872
3.11062
3.21768
3.21769
3.11062
3.26872
3.10749
3.15797
3.15797
3.10749
3.26872
3.11062
3.21769
3.20461
2.97085
3.21461
3.02813
3.10748
3.10748
3.02814
3.21463
2.97085
3.20461
3.40986
3.20181
3.60534
3.21465
3.26872
3.26873
3.21465
3.60535
3.20181
3.40987
2.81905
2.69773
3.20174
2.97084
3.11062
3.11062
2.97085
3.20177
2.69775
2.81904
4.93795
2.81904
3.40981
3.20463
3.21768
3.21769
3.20462
3.40985
2.81905
4.93797
4.46755
2.50737
3.07298
2.85066
2.86934
2.86935
2.85064
3.07301
2.50738
4.46758
2.50736
2.44061
2.91975
2.66666
2.77875
2.77874
2.66668
2.91973
2.44064
2.50736
3.07298
2.91975
3.22121
2.87043
2.91623
2.91624
2.87044
3.22121
2.91973
3.07299
2.85066
2.66666
2.87044
2.70478
2.76951
2.76951
2.70479
2.87045
2.66667
2.85067
2.86934
2.77875
2.91623
2.76951
2.8141
2.81411
2.76951
2.91624
2.77875
2.86935
2.86936
2.77874
2.91624
2.76951
2.81411
2.81411
2.76951
2.91624
2.77874
2.86936
2.85062
2.66669
2.87043
2.70479
2.76951
2.76951
2.7048
2.87044
2.6667
2.85063
3.07302
2.91974
3.22121
2.87045
2.91624
2.91625
2.87045
3.22121
2.91973
3.07303
2.50738
2.44065
2.91972
2.66668
2.77875
2.77874
2.66669
2.91972
2.44067
2.50737
4.46759
2.50736
3.07299
2.85067
2.86935
2.86936
2.85065
3.07302
2.50737
4.46761
4.24406
2.18387
2.77458
2.49496
2.5143
2.5143
2.49496
2.7746
2.18388
4.24409
2.18386
2.14246
2.61743
2.3519
2.43497
2.43496
2.35192
2.61737
2.14248
2.18386
2.77458
2.61744
2.85442
2.51356
2.55467
2.55467
2.51356
2.85441
2.61742
2.77459
2.49496
2.3519
2.51355
2.37052
2.41911
2.41911
2.37053
2.51355
2.35191
2.49497
2.5143
2.43498
2.55467
2.41912
2.46272
2.46272
2.41912
2.55467
2.43498
2.5143
2.51431
2.43496
2.55467
2.41911
2.46272
2.46272
2.41912
2.55467
2.43496
2.51431
2.49496
2.35193
2.51356
2.37053
2.41912
2.41912
2.37054
2.51356
2.35194
2.49497
2.77462
2.61736
2.85441
2.51356
2.55467
2.55467
2.51356
2.85441
2.61735
2.77463
2.18389
2.14249
2.6174
2.35191
2.43498
2.43497
2.35193
2.61736
2.14251
2.18388
4.24411
2.18386
2.7746
2.49497
2.5143
2.51431
2.49497
2.77462
2.18387
4.24415
4.21838
1.84382
2.43227
2.10774
2.14591
2.14591
2.10777
2.4323
1.84383
4.21841
1.84381
1.81845
2.23684
2.01976
2.07922
2.07921
2.01977
2.23677
1.81846
1.84381
2.43227
2.23685
2.4453
2.13318
2.18015
2.18015
2.13319
2.44529
2.23684
2.43228
2.10774
2.01976
2.13318
2.02562
2.06336
2.06336
2.02562
2.13318
2.01976
2.10775
2.14591
2.07923
2.18015
2.06336
2.10523
2.10523
2.06337
2.18015
2.07923
2.14592
2.14592
2.07921
2.18015
2.06336
2.10523
2.10523
2.06336
2.18015
2.07921
2.14592
2.10778
2.01978
2.13319
2.02563
2.06337
2.06337
2.02563
2.13318
2.01978
2.10778
2.43232
2.23675
2.44528
2.13318
2.18015
2.18015
2.13318
2.44528
2.23675
2.43233
1.84383
1.81847
2.23683
2.01977
2.07923
2.07922
2.01978
2.23677
1.81847
1.84382
4.21842
1.84381
2.43229
2.10775
2.14592
2.14592
2.10778
2.43232
1.84382
4.21845
2.53084
1.47484
2.01577
1.68402
1.76661
1.76661
1.68404
2.01579
1.47484
2.53087
1.47484
1.48303
1.79951
1.66656
1.71161
1.7116
1.66657
1.79946
1.48303
1.47485
2.01578
1.79953
1.9751
1.74327
1.79709
1.79709
1.74327
1.97509
1.79952
2.01578
1.68402
1.66656
1.74327
1.67103
1.7052
1.7052
1.67103
1.74326
1.66656
1.68403
1.76662
1.71161
1.79709
1.7052
1.7451
1.7451
1.70521
1.79709
1.71161
1.76662
1.76661
1.7116
1.79709
1.7052
1.7451
1.74509
1.7052
1.79709
1.7116
1.76662
1.68405
1.66657
1.74328
1.67104
1.70521
1.70521
1.67104
1.74327
1.66657
1.68405
2.0158
1.79944
1.97509
1.74326
1.79709
1.79709
1.74327
1.97509
1.79944
2.01581
1.47484
1.48304
1.79951
1.66656
1.71161
1.71161
1.66657
1.79946
1.48304
1.47484
2.53088
1.47485
2.01578
1.68403
1.76662
1.76662
1.68405
2.0158
1.47485
2.5309
1.73771
1.08709
1.55121
1.24011
1.3832
1.3832
1.24012
1.55122
1.08707
1.73775
1.0871
1.10947
1.28854
1.2881
1.33801
1.338
1.2881
1.2885
1.10947
1.08714
1.55121
1.28855
1.49176
1.34895
1.41515
1.41515
1.34896
1.49176
1.28855
1.5512
1.2401
1.2881
1.34895
1.31351
1.34467
1.34467
1.31351
1.34895
1.2881
1.24011
1.38321
1.33801
1.41516
1.34467
1.38101
1.38101
1.34468
1.41516
1.33801
1.38321
1.3832
1.338
1.41515
1.34467
1.38101
1.38101
1.34467
1.41515
1.338
1.38321
1.24012
1.2881
1.34896
1.31352
1.34468
1.34468
1.31352
1.34896
1.2881
1.24012
1.55123
1.28849
1.49176
1.34895
1.41516
1.41516
1.34895
1.49176
1.2885
1.55123
1.08707
1.10948
1.28855
1.2881
1.33802
1.33801
1.2881
1.28851
1.10947
1.08709
1.73777
1.08716
1.55119
1.24011
1.38321
1.38321
1.24012
1.5512
1.08713
1.7378
1.2726
0.758933
1.10281
0.803177
1.007
1.007
0.803182
1.10281
0.758936
1.27264
0.758934
0.730772
0.790568
0.888482
0.961899
0.961896
0.888483
0.790558
0.730774
0.758952
1.10281
0.790576
1.05412
0.96193
1.03897
1.03897
0.961935
1.05413
0.790594
1.10282
0.803178
0.888483
0.961928
0.952807
0.985744
0.985742
0.95281
0.961926
0.888484
0.803183
1.007
0.961903
1.03897
0.985746
1.01933
1.01933
0.985749
1.03898
0.961908
1.00701
1.007
0.961896
1.03897
0.985743
1.01933
1.01933
0.985746
1.03897
0.9619
1.007
0.803185
0.888485
0.961938
0.952812
0.98575
0.985748
0.952814
0.961935
0.888486
0.803188
1.10282
0.790555
1.05414
0.961926
1.03898
1.03898
0.961931
1.05415
0.790567
1.10283
0.758943
0.73078
0.790603
0.888486
0.961911
0.961906
0.888486
0.790585
0.73077
0.758947
1.27267
0.758962
1.10283
0.803188
1.00701
1.00701
0.803192
1.10283
0.75895
1.27269
1.02634
0.431501
0.734596
0.389517
0.635919
0.635915
0.389518
0.734615
0.431496
1.02637
0.431499
0.27422
0.311845
0.473632
0.593888
0.593887
0.473632
0.311863
0.274223
0.431496
0.734598
0.31185
0.647653
0.590116
0.669751
0.66975
0.59012
0.647666
0.311879
0.734613
0.389521
0.473633
0.590115
0.597325
0.628684
0.628683
0.597327
0.590116
0.473636
0.389531
0.635922
0.593891
0.669752
0.628685
0.658563
0.658562
0.628688
0.669754
0.593896
0.635929
0.635914
0.593887
0.669751
0.628683
0.658562
0.658562
0.628686
0.669753
0.593891
0.635921
0.389517
0.473633
0.590124
0.597329
0.628689
0.628688
0.59733
0.590123
0.473636
0.389526
0.734626
0.311869
0.647672
0.590117
0.669755
0.669755
0.59012
0.647681
0.311886
0.734638
0.431497
0.274228
0.311897
0.47364
0.5939
0.593897
0.473639
0.311901
0.274222
0.4315
1.02639
0.431489
0.73462
0.389541
0.635934
0.635931
0.389541
0.734635
0.431491
1.02641
0.687201
0.171511
0.472511
-0.000863957
0.279793
0.279789
-0.000874393
0.472552
0.171507
0.687219
0.171507
0.0488342
0.145525
0.134048
0.251063
0.251063
0.134048
0.145545
0.0488477
0.171499
0.4725
0.145523
0.372109
0.260417
0.314147
0.314147
0.260421
0.37212
0.145533
0.4725
-0.000855553
0.13405
0.260416
0.249334
0.278519
0.278519
0.249336
0.260419
0.134057
-0.00084201
0.279797
0.251066
0.314148
0.278521
0.302075
0.302075
0.278522
0.31415
0.25107
0.279803
0.279786
0.251063
0.314147
0.278519
0.302075
0.302075
0.278521
0.314149
0.251067
0.279793
-0.000884633
0.13405
0.260424
0.249337
0.278523
0.278522
0.249338
0.260425
0.134056
-0.000869571
0.47258
0.145552
0.372126
0.26042
0.31415
0.31415
0.260422
0.372134
0.145555
0.472573
0.171507
0.0488577
0.145541
0.134061
0.251073
0.251072
0.134061
0.145556
0.0488549
0.17151
0.687228
0.171489
0.472494
-0.000827193
0.279808
0.279804
-0.000836991
0.47253
0.171496
0.687233
0.614166
0.0441102
0.113419
-0.164071
-0.0816019
-0.0816031
-0.164069
0.113441
0.0441234
0.614171
0.0441052
-0.116323
0.11321
-0.11269
-0.0851037
-0.0851035
-0.112691
0.113224
-0.116304
0.044107
0.113417
0.113212
0.121813
-0.0530329
-0.0404324
-0.0404325
-0.0530308
0.12181
0.113236
0.113432
-0.164071
-0.11269
-0.0530337
-0.0882196
-0.068827
-0.0688273
-0.0882192
-0.0530335
-0.112692
-0.164069
-0.0815999
-0.0851024
-0.0404318
-0.0688263
-0.0530205
-0.0530205
-0.0688253
-0.0404308
-0.0850991
-0.0815965
-0.0816039
-0.0851034
-0.0404326
-0.0688272
-0.0530207
-0.0530207
-0.0688263
-0.0404316
-0.0851007
-0.0816004
-0.164069
-0.112691
-0.0530292
-0.0882183
-0.0688247
-0.0688252
-0.0882179
-0.0530298
-0.112693
-0.164067
0.113453
0.113232
0.121808
-0.0530334
-0.0404308
-0.0404309
-0.0530318
0.121807
0.113249
0.113463
0.0441341
-0.116293
0.113248
-0.112691
-0.085097
-0.0850977
-0.112692
0.113255
-0.116287
0.0441282
0.614173
0.0441055
0.11344
-0.164068
-0.0815943
-0.0815959
-0.164066
0.113456
0.0441127
0.614179
)
;

boundaryField
{
    bottom
    {
        type            calculated;
        value           nonuniform List<scalar> 
100
(
181.509
136.16
102.7
80.1285
83.1157
83.1155
80.1284
102.7
136.16
181.509
136.16
73.5903
39.7388
28.4827
30.5501
30.5499
28.4825
39.7387
73.5901
136.16
102.7
39.7388
37.6984
27.7826
26.9373
26.9373
27.7826
37.6982
39.7388
102.7
80.1286
28.4827
27.7827
24.7933
24.7791
24.7792
24.7935
27.7828
28.4827
80.1285
83.1157
30.5501
26.9373
24.7791
25.2988
25.2994
24.7793
26.9374
30.5501
83.1157
83.1156
30.55
26.9372
24.7791
25.2991
25.2997
24.7794
26.9373
30.55
83.1156
80.1284
28.4825
27.7826
24.7933
24.7792
24.7792
24.7936
27.7827
28.4826
80.1284
102.7
39.7387
37.6982
27.7826
26.9372
26.9373
27.7826
37.698
39.7387
102.7
136.16
73.5901
39.7388
28.4827
30.5501
30.5499
28.4826
39.7387
73.59
136.16
181.509
136.16
102.7
80.1285
83.1157
83.1154
80.1284
102.7
136.16
181.509
)
;
    }
    atmosphere
    {
        type            calculated;
        value           nonuniform List<scalar> 
100
(
0
0
0
-0.262042
-0.262243
-0.262244
-0.262034
0
0
0
0
0
-0.0023808
-0.304713
-0.268222
-0.268223
-0.304713
-0.00238137
0
0
0
-0.00238052
-0.0983401
-0.233388
-0.223917
-0.223917
-0.233386
-0.0983409
-0.00238299
0
-0.26204
-0.304713
-0.233387
-0.262147
-0.243817
-0.243817
-0.262146
-0.233388
-0.304714
-0.262048
-0.262244
-0.268223
-0.223918
-0.243817
-0.230625
-0.230625
-0.243815
-0.223916
-0.26822
-0.262241
-0.262244
-0.268223
-0.223918
-0.243817
-0.230625
-0.230625
-0.243816
-0.223916
-0.26822
-0.262242
-0.262037
-0.304714
-0.233387
-0.262147
-0.243816
-0.243817
-0.262146
-0.233387
-0.304715
-0.262045
0
-0.00238098
-0.0983407
-0.233388
-0.223916
-0.223917
-0.233386
-0.0983415
-0.00238311
0
0
0
-0.00238235
-0.304714
-0.268221
-0.268222
-0.304715
-0.0023827
0
0
0
0
0
-0.262046
-0.262241
-0.262243
-0.262037
0
0
0
)
;
    }
    walls
    {
        type            calculated;
        value           nonuniform List<scalar> 
1600
(
152.029
106.68
75.4572
60.8496
63.7892
63.7889
60.8495
75.4571
106.68
152.029
104.44
54.566
38.6746
37.0114
33.8055
33.8052
37.0118
38.6742
54.5659
104.44
67.4486
34.4105
31.9178
22.3249
20.9328
20.9326
22.3252
31.9179
34.4108
67.4487
39.4574
21.2657
20.4102
15.7369
15.9441
15.9436
15.737
20.4102
21.2657
39.4575
30.14
19.639
19.9742
16.0861
16.3392
16.339
16.086
19.9743
19.6391
30.1401
24.8538
15.0532
16.0145
13.7701
14.3829
14.3827
13.77
16.0144
15.0531
24.8537
17.468
14.707
15.2022
13.575
13.7764
13.7764
13.5747
15.202
14.7067
17.4678
13.3176
12.3074
14.4471
12.9202
12.555
12.5552
12.9202
14.447
12.3071
13.3175
13.706
12.517
14.1992
12.4741
11.7173
11.7174
12.4741
14.1992
12.5168
13.706
14.5069
12.0904
13.7359
12.0347
10.9766
10.9766
12.0347
13.7359
12.0895
14.507
13.1637
10.4304
11.7286
11.3276
10.2483
10.2482
11.3275
11.7287
10.4304
13.1636
11.8539
9.17832
10.9163
10.4213
9.74938
9.74892
10.4211
10.9164
9.17839
11.8539
12.8396
9.08499
10.7767
9.64044
9.48968
9.48965
9.6403
10.7768
9.08509
12.8397
12.2301
8.69342
10.0249
9.14818
9.1855
9.1856
9.14806
10.0251
8.69351
12.2301
9.88735
8.4087
9.35086
8.70061
8.8259
8.82606
8.70053
9.35094
8.40876
9.88729
8.45746
8.01208
8.60797
8.27223
8.32641
8.32646
8.2724
8.60796
8.01213
8.4574
8.64253
7.66146
7.9418
7.67249
7.86795
7.8679
7.67245
7.94129
7.66149
8.64246
8.33269
7.16101
7.67492
7.20115
7.46334
7.4633
7.20121
7.6745
7.16101
8.33283
7.4276
6.52086
7.39752
6.82212
7.07003
7.06997
6.82226
7.3974
6.52084
7.42797
8.84239
5.9872
7.07267
6.63661
6.72325
6.72322
6.63655
7.07278
5.98717
8.84192
9.10005
5.51283
6.70546
6.51369
6.40554
6.40554
6.51339
6.7056
5.51278
9.09992
8.12178
5.17133
6.28035
6.29129
6.10209
6.10208
6.29113
6.28041
5.1713
8.12179
6.63018
4.89101
5.83266
5.86256
5.79479
5.79476
5.86275
5.83268
4.89099
6.63021
7.58962
4.64245
5.57622
5.41947
5.48194
5.48195
5.41969
5.57625
4.64245
7.58967
7.20171
4.31455
5.30292
5.15013
5.16872
5.16873
5.15015
5.30298
4.31455
7.20166
6.1181
4.00067
5.00677
4.94763
4.8551
4.85511
4.94752
5.00676
4.00066
6.11793
5.92752
3.78207
4.73716
4.65486
4.54665
4.54669
4.65477
4.73717
3.78206
5.92755
5.95661
3.6379
4.45383
4.29212
4.23008
4.2301
4.2921
4.45387
3.63789
5.95658
5.72916
3.41236
4.14288
3.92503
3.90236
3.90238
3.92501
4.14292
3.41236
5.72917
5.35198
3.1187
3.78996
3.56505
3.56321
3.56323
3.56504
3.79001
3.1187
5.35202
4.93791
2.81904
3.4098
3.20463
3.21767
3.21769
3.20461
3.40986
2.81905
4.93795
4.46755
2.50736
3.07298
2.85066
2.86934
2.86936
2.85062
3.07302
2.50738
4.46759
4.24406
2.18386
2.77458
2.49496
2.5143
2.51431
2.49496
2.77462
2.18389
4.24411
4.21838
1.84381
2.43227
2.10774
2.14591
2.14592
2.10778
2.43232
1.84383
4.21842
2.53084
1.47484
2.01578
1.68402
1.76662
1.76661
1.68405
2.0158
1.47484
2.53088
1.73771
1.0871
1.55121
1.2401
1.38321
1.3832
1.24012
1.55123
1.08707
1.73777
1.2726
0.758934
1.10281
0.803178
1.007
1.007
0.803185
1.10282
0.758943
1.27267
1.02634
0.431499
0.734598
0.389521
0.635922
0.635914
0.389517
0.734626
0.431497
1.02639
0.687201
0.171507
0.4725
-0.000855553
0.279797
0.279786
-0.000884633
0.47258
0.171507
0.687228
0.614166
0.0441052
0.113417
-0.164071
-0.0815999
-0.0816039
-0.164069
0.113453
0.0441341
0.614173
152.029
106.68
75.4572
60.8495
63.7891
63.7889
60.8494
75.457
106.68
152.029
104.44
54.566
38.6745
37.0114
33.8055
33.8052
37.0118
38.6741
54.5659
104.44
67.4487
34.4105
31.9178
22.3249
20.9327
20.9325
22.3252
31.918
34.4108
67.4488
39.4575
21.2657
20.4102
15.7369
15.944
15.9435
15.7371
20.4102
21.2657
39.4575
30.1401
19.6391
19.9742
16.0861
16.3391
16.3389
16.086
19.9743
19.6392
30.14
24.8537
15.0532
16.0145
13.7701
14.3828
14.3826
13.7701
16.0145
15.0531
24.8535
17.4679
14.7068
15.2023
13.575
13.7764
13.7764
13.5747
15.2022
14.7066
17.4677
13.3175
12.3074
14.4473
12.9204
12.5551
12.5553
12.9203
14.4472
12.3071
13.3174
13.706
12.5171
14.1993
12.4742
11.7174
11.7175
12.4742
14.1993
12.5168
13.706
14.5069
12.0906
13.736
12.0348
10.9767
10.9767
12.0348
13.736
12.0899
14.5069
13.1636
10.4305
11.7287
11.3276
10.2485
10.2484
11.3276
11.7287
10.4305
13.1636
11.8539
9.17833
10.9163
10.4214
9.74951
9.74911
10.4212
10.9164
9.17844
11.8539
12.8396
9.08504
10.7767
9.6405
9.48973
9.48973
9.64041
10.7769
9.08512
12.8398
12.2301
8.69343
10.0249
9.14817
9.18554
9.18564
9.1481
10.0251
8.69351
12.2302
9.88729
8.40873
9.35084
8.70057
8.82594
8.82606
8.70052
9.35096
8.40877
9.88727
8.4574
8.01211
8.60798
8.27233
8.32646
8.32651
8.27246
8.60798
8.01213
8.45733
8.64248
7.66147
7.94168
7.67239
7.86799
7.86795
7.67239
7.94129
7.66148
8.6424
8.33281
7.161
7.67483
7.20115
7.46333
7.46329
7.2012
7.6745
7.16099
8.33286
7.4279
6.52085
7.39746
6.82215
7.06996
7.06992
6.82224
7.39737
6.52083
7.42812
8.842
5.98717
7.07265
6.63659
6.72321
6.72319
6.63652
7.07274
5.98715
8.8417
9.09994
5.5128
6.70545
6.5136
6.40552
6.40552
6.51335
6.70559
5.51276
9.09987
8.12178
5.17131
6.28034
6.29125
6.10207
6.10206
6.29111
6.2804
5.17128
8.1218
6.6302
4.891
5.83264
5.8626
5.79477
5.79475
5.86276
5.83267
4.89098
6.63023
7.58966
4.64245
5.57621
5.41952
5.48193
5.48194
5.4197
5.57625
4.64246
7.58971
7.20167
4.31455
5.30293
5.15013
5.16871
5.16872
5.15015
5.30298
4.31456
7.20165
6.11796
4.00067
5.00675
4.94759
4.85509
4.8551
4.94751
5.00675
4.00066
6.11785
5.92755
3.78207
4.73715
4.65484
4.54666
4.54668
4.65477
4.73717
3.78206
5.92757
5.95659
3.6379
4.45383
4.29212
4.23008
4.2301
4.2921
4.45387
3.63789
5.95656
5.72917
3.41236
4.14287
3.92503
3.90236
3.90238
3.92501
4.14292
3.41236
5.72918
5.35201
3.1187
3.78996
3.56505
3.56321
3.56323
3.56505
3.79001
3.1187
5.35204
4.93794
2.81904
3.40981
3.20463
3.21768
3.21769
3.20461
3.40987
2.81904
4.93797
4.46758
2.50736
3.07299
2.85067
2.86935
2.86936
2.85063
3.07303
2.50737
4.46761
4.24409
2.18386
2.77459
2.49497
2.5143
2.51431
2.49497
2.77463
2.18388
4.24415
4.21841
1.84381
2.43228
2.10775
2.14592
2.14592
2.10778
2.43233
1.84382
4.21845
2.53087
1.47485
2.01578
1.68403
1.76662
1.76662
1.68405
2.01581
1.47484
2.5309
1.73775
1.08714
1.5512
1.24011
1.38321
1.38321
1.24012
1.55123
1.08709
1.7378
1.27264
0.758952
1.10282
0.803183
1.00701
1.007
0.803188
1.10283
0.758947
1.27269
1.02637
0.431496
0.734613
0.389531
0.635929
0.635921
0.389526
0.734638
0.4315
1.02641
0.687219
0.171499
0.4725
-0.00084201
0.279803
0.279793
-0.000869571
0.472573
0.17151
0.687233
0.614171
0.044107
0.113432
-0.164069
-0.0815965
-0.0816004
-0.164067
0.113463
0.0441282
0.614179
152.029
104.44
67.4486
39.4574
30.14
24.8538
17.468
13.3176
13.706
14.5069
13.1637
11.8539
12.8396
12.2301
9.88735
8.45746
8.64253
8.33269
7.4276
8.84239
106.68
54.566
34.4105
21.2657
19.639
15.0532
14.707
12.3073
12.517
12.09
10.4303
9.17831
9.08501
8.69345
8.40872
8.01209
7.66147
7.161
6.52085
5.98719
75.4572
38.6746
31.9178
20.4102
19.9742
16.0145
15.202
14.447
14.1991
13.7359
11.7287
10.9163
10.7767
10.0249
9.35088
8.60799
7.94174
7.67485
7.39749
7.07268
60.8496
37.0115
22.325
15.7369
16.0861
13.7701
13.575
12.9203
12.4742
12.0347
11.3276
10.4213
9.6404
9.14821
8.70063
8.27226
7.67254
7.20117
6.82214
6.63661
63.7891
33.8054
20.9328
15.944
16.3392
14.3828
13.7764
12.5551
11.7174
10.9766
10.2484
9.7494
9.48973
9.18555
8.82598
8.32643
7.86794
7.46333
7.07001
6.72324
63.789
33.8052
20.9327
15.9437
16.3391
14.3827
13.7764
12.5552
11.7175
10.9767
10.2483
9.74912
9.4897
9.18559
8.82608
8.32647
7.86792
7.46329
7.06995
6.72322
60.8495
37.0117
22.3252
15.737
16.0861
13.7701
13.5748
12.9202
12.4742
12.0347
11.3276
10.4211
9.64029
9.1481
8.70056
8.27237
7.6725
7.20121
6.82223
6.63656
75.4571
38.6742
31.9179
20.4102
19.9743
16.0144
15.2019
14.447
14.1991
13.7359
11.7287
10.9164
10.7768
10.025
9.35092
8.60798
7.94138
7.67457
7.3974
7.07274
106.68
54.5659
34.4107
21.2657
19.6391
15.0531
14.7068
12.3071
12.5168
12.0894
10.4304
9.17834
9.08508
8.69351
8.40875
8.01212
7.66147
7.16099
6.52083
5.98716
152.029
104.44
67.4487
39.4575
30.1401
24.8537
17.4679
13.3175
13.706
14.5069
13.1636
11.8539
12.8396
12.2301
9.88729
8.4574
8.64248
8.33281
7.4279
8.842
9.10005
8.12178
6.63018
7.58962
7.20171
6.1181
5.92752
5.95661
5.72916
5.35198
4.93791
4.46755
4.24406
4.21838
2.53084
1.73771
1.2726
1.02634
0.687201
0.614166
5.51282
5.17133
4.891
4.64245
4.31455
4.00067
3.78207
3.6379
3.41236
3.11871
2.81904
2.50737
2.18387
1.84382
1.47484
1.08709
0.758933
0.431501
0.171511
0.0441102
6.70547
6.28035
5.83266
5.57622
5.30292
5.00677
4.73716
4.45383
4.14288
3.78997
3.40981
3.07298
2.77458
2.43227
2.01577
1.55121
1.10281
0.734596
0.472511
0.113419
6.51366
6.29127
5.86258
5.41949
5.15014
4.94762
4.65485
4.29212
3.92503
3.56505
3.20463
2.85066
2.49496
2.10774
1.68402
1.24011
0.803177
0.389517
-0.000863957
-0.164071
6.40554
6.10209
5.79478
5.48193
5.16873
4.85511
4.54666
4.23008
3.90236
3.56321
3.21768
2.86934
2.5143
2.14591
1.76661
1.3832
1.007
0.635919
0.279793
-0.0816019
6.40554
6.10207
5.79476
5.48194
5.16873
4.85511
4.54668
4.23009
3.90237
3.56323
3.21769
2.86935
2.5143
2.14591
1.76661
1.3832
1.007
0.635915
0.279789
-0.0816031
6.51344
6.29113
5.86268
5.41963
5.15015
4.94756
4.6548
4.2921
3.92502
3.56505
3.20462
2.85064
2.49496
2.10777
1.68404
1.24012
0.803182
0.389518
-0.000874393
-0.164069
6.70555
6.28037
5.83267
5.57624
5.30296
5.00676
4.73716
4.45385
4.1429
3.78999
3.40985
3.07301
2.7746
2.4323
2.01579
1.55122
1.10281
0.734615
0.472552
0.113441
5.51278
5.1713
4.89099
4.64245
4.31455
4.00066
3.78206
3.63789
3.41236
3.1187
2.81905
2.50738
2.18388
1.84383
1.47484
1.08707
0.758936
0.431496
0.171507
0.0441234
9.09994
8.12178
6.6302
7.58966
7.20167
6.11796
5.92755
5.95659
5.72917
5.35201
4.93794
4.46758
4.24409
4.21841
2.53087
1.73775
1.27264
1.02637
0.687219
0.614171
152.029
104.44
67.4487
39.4575
30.1401
24.8537
17.4678
13.3175
13.706
14.507
13.1636
11.8539
12.8397
12.2301
9.88729
8.4574
8.64246
8.33283
7.42797
8.84192
106.68
54.566
34.4106
21.2657
19.6391
15.0532
14.7069
12.3074
12.5172
12.0906
10.4306
9.17839
9.08511
8.69352
8.4088
8.01215
7.66148
7.161
6.52085
5.98716
75.4571
38.6744
31.9179
20.4102
19.9743
16.0146
15.2024
14.4473
14.1994
13.736
11.7288
10.9164
10.7767
10.0249
9.35088
8.60805
7.94167
7.67479
7.39744
7.07264
60.8496
37.0116
22.325
15.737
16.0861
13.7702
13.5751
12.9205
12.4743
12.0349
11.3278
10.4215
9.64051
9.14822
8.70063
8.2724
7.67247
7.20118
6.82218
6.63659
63.7891
33.8055
20.9327
15.944
16.3391
14.3828
13.7764
12.5552
11.7176
10.9769
10.2487
9.74977
9.4899
9.18565
8.82606
8.32654
7.86802
7.46334
7.06996
6.72321
63.789
33.8053
20.9326
15.9437
16.339
14.3827
13.7765
12.5553
11.7176
10.9769
10.2486
9.74954
9.48987
9.18569
8.82614
8.32657
7.868
7.4633
7.06991
6.72319
60.8494
37.0118
22.3252
15.7371
16.086
13.7701
13.5749
12.9204
12.4743
12.0349
11.3278
10.4213
9.64045
9.14816
8.70059
8.27249
7.67244
7.20121
6.82224
6.63653
75.457
38.6741
31.918
20.4102
19.9744
16.0146
15.2023
14.4473
14.1994
13.736
11.7288
10.9164
10.7768
10.0251
9.35095
8.60804
7.94139
7.67456
7.39737
7.07269
106.68
54.5659
34.4108
21.2657
19.6392
15.0532
14.7067
12.3072
12.517
12.0902
10.4305
9.17848
9.08518
8.69357
8.40882
8.01215
7.66147
7.16098
6.52082
5.98714
152.029
104.44
67.4488
39.4575
30.14
24.8535
17.4677
13.3174
13.706
14.5069
13.1636
11.8539
12.8398
12.2302
9.88727
8.45733
8.6424
8.33286
7.42812
8.8417
9.09992
8.12179
6.63021
7.58967
7.20166
6.11793
5.92755
5.95658
5.72917
5.35202
4.93795
4.46759
4.24411
4.21842
2.53088
1.73777
1.27267
1.02639
0.687228
0.614173
5.51279
5.1713
4.891
4.64246
4.31455
4.00067
3.78208
3.6379
3.41236
3.11871
2.81904
2.50736
2.18386
1.84381
1.47485
1.08716
0.758962
0.431489
0.171489
0.0441055
6.70545
6.28033
5.83264
5.57622
5.30294
5.00675
4.73715
4.45383
4.14287
3.78996
3.40981
3.07299
2.7746
2.43229
2.01578
1.55119
1.10283
0.73462
0.472494
0.11344
6.51358
6.29122
5.8626
5.41954
5.15014
4.9476
4.65484
4.29212
3.92503
3.56506
3.20463
2.85067
2.49497
2.10775
1.68403
1.24011
0.803188
0.389541
-0.000827193
-0.164068
6.40551
6.10206
5.79476
5.48193
5.16871
4.85509
4.54666
4.23008
3.90236
3.56322
3.21768
2.86935
2.5143
2.14592
1.76662
1.38321
1.00701
0.635934
0.279808
-0.0815943
6.40551
6.10205
5.79475
5.48193
5.16871
4.8551
4.54668
4.2301
3.90237
3.56323
3.21769
2.86936
2.51431
2.14592
1.76662
1.38321
1.00701
0.635931
0.279804
-0.0815959
6.51339
6.2911
5.86268
5.41965
5.15016
4.94755
4.65479
4.29211
3.92502
3.56505
3.20462
2.85065
2.49497
2.10778
1.68405
1.24012
0.803192
0.389541
-0.000836991
-0.164066
6.70552
6.28035
5.83265
5.57624
5.30297
5.00675
4.73716
4.45385
4.14289
3.78999
3.40985
3.07302
2.77462
2.43232
2.0158
1.5512
1.10283
0.734635
0.47253
0.113456
5.51276
5.17128
4.89099
4.64246
4.31456
4.00066
3.78207
3.6379
3.41236
3.11871
2.81905
2.50737
2.18387
1.84382
1.47485
1.08713
0.75895
0.431491
0.171496
0.0441127
9.09987
8.1218
6.63023
7.58971
7.20165
6.11785
5.92757
5.95656
5.72918
5.35204
4.93797
4.46761
4.24415
4.21845
2.5309
1.7378
1.27269
1.02641
0.687233
0.614179
)
;
    }
}


// ************************************************************************* //
