/*--------------------------------*- C++ -*----------------------------------*\
| =========                 |                                                 |
| \\      /  F ield         | OpenFOAM: The Open Source CFD Toolbox           |
|  \\    /   O peration     | Version:  2412                                  |
|   \\  /    A nd           | Website:  www.openfoam.com                      |
|    \\/     M anipulation  |                                                 |
\*---------------------------------------------------------------------------*/
FoamFile
{
    version     2.0;
    format      ascii;
    arch        "LSB;label=32;scalar=64";
    class       volVectorField;
    location    "0.66";
    object      U;
}
// * * * * * * * * * * * * * * * * * * * * * * * * * * * * * * * * * * * * * //

dimensions      [0 1 -1 0 0 0 0];

internalField   nonuniform List<vector> 
1000
(
(-0.301766 -0.301766 4.21066)
(-0.0507014 -0.158028 3.79377)
(-0.329125 0.174176 1.7236)
(-0.0163079 -0.00203594 -1.06533)
(-0.150658 -0.0164348 -1.35786)
(0.150657 -0.0164342 -1.35786)
(0.0163117 -0.00203278 -1.06533)
(0.32911 0.174176 1.72359)
(0.0507017 -0.158057 3.79374)
(0.301763 -0.30176 4.21066)
(-0.158021 -0.0507054 3.79378)
(-0.663871 -0.663877 3.03798)
(-0.237397 -0.0836625 0.709718)
(-0.0253325 -0.0446788 -1.10031)
(-0.0473367 -0.0887544 -1.35159)
(0.0473414 -0.0887563 -1.35159)
(0.0253434 -0.0446758 -1.10031)
(0.237407 -0.08367 0.709682)
(0.663865 -0.663899 3.03794)
(0.158022 -0.0507187 3.79378)
(0.174177 -0.32913 1.72359)
(-0.0836598 -0.237396 0.709721)
(-0.103801 -0.103802 -0.56018)
(0.107343 -0.0256927 -0.951775)
(0.0114593 -0.0605915 -1.28611)
(-0.0114565 -0.0605936 -1.28611)
(-0.10734 -0.0256938 -0.951772)
(0.103814 -0.103813 -0.560189)
(0.0836669 -0.237404 0.709681)
(-0.174176 -0.329132 1.72356)
(-0.0020368 -0.016309 -1.06533)
(-0.0446795 -0.0253316 -1.10031)
(-0.0256935 0.107343 -0.951775)
(0.0608638 0.0608643 -1.0046)
(0.0505261 0.0186936 -1.2832)
(-0.0505236 0.0186929 -1.2832)
(-0.060861 0.0608631 -1.0046)
(0.025697 0.10734 -0.951774)
(0.0446798 -0.0253447 -1.10031)
(0.00203675 -0.0163191 -1.06534)
(-0.0164351 -0.150658 -1.35786)
(-0.0887538 -0.0473356 -1.35159)
(-0.060591 0.0114592 -1.28611)
(0.0186938 0.0505268 -1.2832)
(0.0319006 0.0319006 -1.35857)
(-0.0318992 0.0318997 -1.35857)
(-0.0186927 0.0505264 -1.2832)
(0.0605926 0.011457 -1.28611)
(0.0887555 -0.0473366 -1.35158)
(0.0164361 -0.150657 -1.35785)
(-0.0164342 0.150657 -1.35786)
(-0.0887576 0.0473429 -1.35159)
(-0.0605949 -0.0114558 -1.28611)
(0.0186925 -0.0505229 -1.2832)
(0.0318991 -0.0318989 -1.35857)
(-0.031898 -0.0318983 -1.35857)
(-0.0186917 -0.0505231 -1.2832)
(0.0605959 -0.0114543 -1.28611)
(0.0887584 0.0473421 -1.35159)
(0.0164349 0.150655 -1.35786)
(-0.0020314 0.0163151 -1.06533)
(-0.0446751 0.0253501 -1.10031)
(-0.0256951 -0.107339 -0.951769)
(0.0608626 -0.0608599 -1.0046)
(0.0505256 -0.0186925 -1.28319)
(-0.0505236 -0.018692 -1.2832)
(-0.0608599 -0.060859 -1.0046)
(0.0256978 -0.107336 -0.951769)
(0.0446761 0.0253615 -1.10031)
(0.00203223 0.0163223 -1.06533)
(0.174174 0.329104 1.72358)
(-0.0836767 0.237412 0.709661)
(-0.10382 0.103818 -0.560192)
(0.107339 0.0256979 -0.951772)
(0.0114554 0.0605939 -1.28611)
(-0.0114534 0.0605956 -1.28611)
(-0.107336 0.0256982 -0.951769)
(0.103831 0.103828 -0.560199)
(0.0836841 0.237414 0.709629)
(-0.17417 0.329108 1.72356)
(-0.158071 0.0507019 3.79372)
(-0.66391 0.663862 3.03792)
(-0.237409 0.0836657 0.709666)
(-0.0253486 0.0446789 -1.10031)
(-0.0473383 0.0887565 -1.35158)
(0.0473412 0.0887576 -1.35158)
(0.0253581 0.0446765 -1.10031)
(0.237414 0.0836739 0.709638)
(0.663901 0.663882 3.03791)
(0.158066 0.05072 3.79372)
(-0.301758 0.301761 4.21066)
(-0.0507231 0.158023 3.79377)
(-0.329135 -0.174178 1.72355)
(-0.0163226 0.00203653 -1.06534)
(-0.150658 0.016436 -1.35785)
(0.150656 0.0164351 -1.35785)
(0.0163231 0.00203405 -1.06533)
(0.329121 -0.174175 1.72355)
(0.0507267 0.158047 3.79374)
(0.301754 0.301755 4.21067)
(-0.297293 -0.297293 4.35818)
(-0.00214943 -0.179699 3.99661)
(-0.149076 0.168213 1.70467)
(0.030337 0.0240826 -1.08365)
(-0.110154 -0.000455888 -1.37339)
(0.110155 -0.000455097 -1.37339)
(-0.0303354 0.0240864 -1.08364)
(0.149069 0.168211 1.70466)
(0.00214885 -0.179724 3.99659)
(0.297289 -0.297287 4.35818)
(-0.179692 -0.00215261 3.99661)
(-0.715029 -0.715033 3.08135)
(-0.225652 -0.0719645 0.600926)
(-0.0393053 -0.00165254 -1.13716)
(-0.0257153 -0.0536078 -1.35831)
(0.0257204 -0.0536086 -1.35832)
(0.0393145 -0.00164928 -1.13716)
(0.225665 -0.0719658 0.600897)
(0.715024 -0.715045 3.08132)
(0.179689 -0.0021619 3.99661)
(0.168214 -0.14908 1.70466)
(-0.0719648 -0.225652 0.600928)
(-0.122895 -0.122895 -0.660728)
(0.101296 -0.0110874 -1.00508)
(0.0173238 -0.0451621 -1.28701)
(-0.0173203 -0.0451639 -1.28701)
(-0.101292 -0.0110885 -1.00508)
(0.122908 -0.122903 -0.660737)
(0.0719713 -0.225663 0.600889)
(-0.168213 -0.149083 1.70463)
(0.0240815 0.0303354 -1.08365)
(-0.00165355 -0.0393045 -1.13716)
(-0.0110882 0.101296 -1.00508)
(0.0640668 0.0640674 -1.03296)
(0.0550116 0.0248306 -1.27472)
(-0.0550087 0.02483 -1.27472)
(-0.0640639 0.0640661 -1.03296)
(0.0110923 0.101293 -1.00508)
(0.00165477 -0.0393162 -1.13716)
(-0.0240816 0.030325 -1.08365)
(-0.000456036 -0.110154 -1.37339)
(-0.0536073 -0.0257137 -1.35831)
(-0.0451621 0.0173241 -1.287)
(0.0248307 0.0550124 -1.27472)
(0.0342168 0.034217 -1.33473)
(-0.0342148 0.0342162 -1.33473)
(-0.0248292 0.055012 -1.27472)
(0.0451652 0.0173223 -1.287)
(0.0536077 -0.0257129 -1.35831)
(0.000456032 -0.110155 -1.37339)
(-0.000454789 0.110154 -1.37339)
(-0.0536092 0.0257216 -1.35832)
(-0.0451654 -0.0173193 -1.28701)
(0.0248295 -0.0550078 -1.27472)
(0.0342154 -0.0342143 -1.33473)
(-0.0342137 -0.0342138 -1.33473)
(-0.0248282 -0.0550081 -1.27472)
(0.0451681 -0.0173183 -1.287)
(0.053609 0.0257189 -1.35832)
(0.0004545 0.110153 -1.37339)
(0.024088 -0.0303328 -1.08364)
(-0.00164859 0.0393203 -1.13716)
(-0.0110899 -0.101291 -1.00508)
(0.0640654 -0.0640627 -1.03296)
(0.055011 -0.0248286 -1.27472)
(-0.0550088 -0.0248282 -1.27472)
(-0.0640629 -0.0640619 -1.03296)
(0.0110929 -0.101288 -1.00508)
(0.00164989 0.0393305 -1.13716)
(-0.0240874 -0.030325 -1.08365)
(0.168209 0.149065 1.70466)
(-0.0719687 0.225671 0.600879)
(-0.122909 0.122912 -0.660741)
(0.101292 0.0110936 -1.00508)
(0.0173207 0.0451665 -1.287)
(-0.017318 0.0451679 -1.287)
(-0.101288 0.0110936 -1.00508)
(0.122921 0.122919 -0.660749)
(0.0719771 0.225677 0.600849)
(-0.168205 0.149068 1.70464)
(-0.179738 0.0021494 3.99657)
(-0.715053 0.715021 3.0813)
(-0.225671 0.0719717 0.600874)
(-0.0393207 0.00165473 -1.13716)
(-0.0257153 0.053609 -1.35831)
(0.0257183 0.0536093 -1.35831)
(0.0393285 0.00165134 -1.13716)
(0.225677 0.0719746 0.600852)
(0.715047 0.715032 3.08129)
(0.179731 0.00216054 3.99657)
(-0.297284 0.297287 4.35818)
(-0.00216602 0.179688 3.99661)
(-0.149088 -0.168214 1.70462)
(0.0303207 -0.0240815 -1.08366)
(-0.110156 0.000456323 -1.37339)
(0.110154 0.000455164 -1.37339)
(-0.0303224 -0.0240848 -1.08365)
(0.14908 -0.168209 1.70463)
(0.00216623 0.179711 3.99659)
(0.29728 0.297281 4.3582)
(-0.302268 -0.302268 4.49359)
(0.0484103 -0.193211 4.17205)
(0.00632955 0.178961 1.66635)
(0.0888463 0.0514317 -1.0851)
(-0.0697563 0.0133244 -1.37697)
(0.0697577 0.0133253 -1.37697)
(-0.0888451 0.0514343 -1.0851)
(-0.00633034 0.17896 1.66635)
(-0.0484111 -0.193232 4.17203)
(0.302264 -0.302262 4.49359)
(-0.193204 0.048408 4.17205)
(-0.721045 -0.721047 3.12212)
(-0.203931 -0.0163892 0.496961)
(-0.0309638 0.0434824 -1.17507)
(-0.00656737 -0.0189323 -1.35999)
(0.0065728 -0.018933 -1.36)
(0.0309719 0.0434849 -1.17508)
(0.203943 -0.0163862 0.496937)
(0.721042 -0.721052 3.12209)
(0.193199 0.0484028 4.17205)
(0.178962 0.00632647 1.66635)
(-0.0163909 -0.20393 0.496961)
(-0.116157 -0.116156 -0.744628)
(0.106953 0.00837842 -1.05252)
(0.0253751 -0.0278004 -1.27867)
(-0.0253709 -0.0278019 -1.27867)
(-0.106949 0.0083772 -1.05252)
(0.116168 -0.116162 -0.744637)
(0.0163968 -0.203943 0.496926)
(-0.17896 0.00632119 1.66632)
(0.0514307 0.0888447 -1.0851)
(0.0434813 -0.0309631 -1.17507)
(0.00837753 0.106953 -1.05252)
(0.0715281 0.0715286 -1.05643)
(0.0601711 0.0346875 -1.26112)
(-0.0601679 0.0346869 -1.26112)
(-0.071525 0.0715272 -1.05643)
(-0.00837333 0.106951 -1.05253)
(-0.0434789 -0.0309734 -1.17508)
(-0.05143 0.0888351 -1.08511)
(0.0133243 -0.0697562 -1.37697)
(-0.0189324 -0.00656591 -1.35999)
(-0.0278007 0.0253756 -1.27866)
(0.0346874 0.060172 -1.26112)
(0.0363695 0.0363699 -1.30556)
(-0.0363672 0.0363692 -1.30556)
(-0.0346857 0.0601716 -1.26112)
(0.0278043 0.025374 -1.27866)
(0.0189345 -0.00656664 -1.35999)
(-0.0133249 -0.0697575 -1.37697)
(0.0133258 0.0697579 -1.37697)
(-0.0189338 0.00657456 -1.36)
(-0.0278034 -0.0253697 -1.27867)
(0.0346864 -0.0601669 -1.26112)
(0.0363684 -0.0363666 -1.30556)
(-0.0363663 -0.0363661 -1.30556)
(-0.0346849 -0.0601672 -1.26112)
(0.0278067 -0.025369 -1.27867)
(0.0189355 0.00657319 -1.36)
(-0.0133266 0.0697574 -1.37697)
(0.0514355 -0.0888429 -1.08509)
(0.0434852 0.0309769 -1.17508)
(0.00837568 -0.106947 -1.05252)
(0.0715262 -0.0715237 -1.05643)
(0.0601705 -0.034685 -1.26112)
(-0.060168 -0.0346846 -1.26112)
(-0.0715237 -0.0715229 -1.05643)
(-0.00837264 -0.106945 -1.05252)
(-0.0434833 0.0309855 -1.17508)
(-0.0514345 -0.0888361 -1.0851)
(0.178958 -0.00633145 1.66634)
(-0.0163872 0.203951 0.496922)
(-0.116167 0.116173 -0.744641)
(0.106949 -0.00837168 -1.05253)
(0.0253723 0.0278055 -1.27866)
(-0.0253692 0.0278066 -1.27866)
(-0.106945 -0.0083717 -1.05253)
(0.116177 0.116177 -0.74465)
(0.0163938 0.203957 0.496894)
(-0.178955 -0.00632752 1.66633)
(-0.193245 -0.04841 4.17202)
(-0.721056 0.72104 3.12207)
(-0.20395 0.0163981 0.496911)
(-0.0309782 -0.0434781 -1.17508)
(-0.00656895 0.0189356 -1.35999)
(0.00657222 0.0189357 -1.35999)
(0.0309845 -0.0434812 -1.17508)
(0.203957 0.0163951 0.496894)
(0.721052 0.721044 3.12206)
(0.193237 -0.0484057 4.17202)
(-0.30226 0.302262 4.49359)
(0.0483995 0.193196 4.17205)
(0.00631521 -0.178961 1.66631)
(0.0888308 -0.0514295 -1.08511)
(-0.0697593 -0.0133245 -1.37697)
(0.0697586 -0.0133257 -1.37697)
(-0.088833 -0.0514321 -1.0851)
(-0.00631804 -0.178958 1.66632)
(-0.0484019 0.193217 4.17204)
(0.302255 0.302256 4.4936)
(-0.302626 -0.302626 4.60303)
(0.0950318 -0.169796 4.30351)
(0.131159 0.201383 1.59008)
(0.152791 0.0718754 -1.08213)
(-0.0308904 0.0226013 -1.36753)
(0.0308924 0.0226019 -1.36753)
(-0.152789 0.0718772 -1.08213)
(-0.131157 0.201382 1.59008)
(-0.0950318 -0.169813 4.3035)
(0.302622 -0.302621 4.60303)
(-0.169789 0.0950301 4.30351)
(-0.704702 -0.704703 3.15949)
(-0.140853 0.0559174 0.389155)
(0.00396922 0.086244 -1.20687)
(0.0101022 0.0122293 -1.35484)
(-0.0100972 0.0122289 -1.35485)
(-0.00396239 0.0862455 -1.20687)
(0.140864 0.0559214 0.389134)
(0.7047 -0.704703 3.15946)
(0.169781 0.0950273 4.30351)
(0.201383 0.131157 1.59008)
(0.0559155 -0.140852 0.389154)
(-0.0766575 -0.0766568 -0.8041)
(0.125142 0.0322616 -1.0871)
(0.0364209 -0.0086149 -1.26021)
(-0.0364167 -0.00861593 -1.26021)
(-0.125138 0.0322603 -1.0871)
(0.0766675 -0.0766605 -0.804108)
(-0.0559098 -0.140863 0.389123)
(-0.201382 0.131151 1.59006)
(0.0718745 0.15279 -1.08213)
(0.0862429 0.00396973 -1.20687)
(0.0322607 0.125143 -1.0871)
(0.0854841 0.0854847 -1.0717)
(0.0644348 0.0461849 -1.23867)
(-0.0644316 0.0461844 -1.23867)
(-0.0854812 0.0854832 -1.07171)
(-0.0322566 0.125141 -1.0871)
(-0.0862397 0.00396092 -1.20687)
(-0.0718733 0.152781 -1.08214)
(0.0226011 -0.0308903 -1.36753)
(0.0122291 0.0101036 -1.35484)
(-0.00861524 0.0364216 -1.26021)
(0.0461847 0.0644357 -1.23867)
(0.0372337 0.0372341 -1.27006)
(-0.0372313 0.0372335 -1.27006)
(-0.0461829 0.0644353 -1.23867)
(0.00861837 0.0364202 -1.26021)
(-0.012227 0.0101025 -1.35484)
(-0.0226012 -0.0308921 -1.36753)
(0.0226022 0.030893 -1.36753)
(0.0122282 -0.0100954 -1.35485)
(-0.0086172 -0.0364154 -1.26021)
(0.0461838 -0.0644306 -1.23867)
(0.0372327 -0.0372306 -1.27006)
(-0.0372306 -0.0372303 -1.27006)
(-0.0461823 -0.0644309 -1.23867)
(0.00861999 -0.0364151 -1.26021)
(-0.0122265 -0.0100965 -1.35485)
(-0.0226024 0.0308929 -1.36753)
(0.071878 -0.152787 -1.08213)
(0.0862455 -0.00395807 -1.20687)
(0.0322588 -0.125137 -1.0871)
(0.0854821 -0.0854798 -1.07171)
(0.0644342 -0.0461822 -1.23867)
(-0.0644317 -0.046182 -1.23867)
(-0.0854799 -0.0854791 -1.07171)
(-0.0322558 -0.125135 -1.08711)
(-0.0862431 -0.00395122 -1.20687)
(-0.0718769 -0.152782 -1.08213)
(0.201382 -0.131157 1.59008)
(0.055921 0.140871 0.389122)
(-0.0766643 0.0766718 -0.804112)
(0.125139 -0.0322549 -1.08711)
(0.0364186 0.00861965 -1.26021)
(-0.0364155 0.00862033 -1.26021)
(-0.125136 -0.0322548 -1.08711)
(0.0766728 0.0766738 -0.804119)
(-0.0559163 0.140876 0.389097)
(-0.20138 -0.131153 1.59006)
(-0.169823 -0.0950302 4.3035)
(-0.704706 0.704698 3.15945)
(-0.14087 -0.055908 0.389109)
(0.00395644 -0.0862383 -1.20687)
(0.0101004 -0.0122259 -1.35484)
(-0.0100975 -0.012226 -1.35485)
(-0.00395169 -0.0862409 -1.20687)
(0.140876 -0.0559135 0.389096)
(0.704703 0.704698 3.15944)
(0.169814 -0.0950294 4.30349)
(-0.302619 0.302621 4.60303)
(0.0950246 0.169777 4.30352)
(0.131146 -0.201382 1.59005)
(0.152777 -0.0718726 -1.08214)
(-0.030894 -0.0226008 -1.36753)
(0.0308936 -0.0226017 -1.36753)
(-0.152779 -0.0718747 -1.08214)
(-0.131147 -0.201381 1.59005)
(-0.0950271 0.169794 4.3035)
(0.302615 0.302615 4.60304)
(-0.296895 -0.296895 4.6752)
(0.121557 -0.0877896 4.389)
(0.236761 0.217108 1.48109)
(0.220761 0.082603 -1.07975)
(0.0018671 0.026862 -1.34335)
(-0.00186481 0.0268625 -1.34335)
(-0.220759 0.0826042 -1.07976)
(-0.236758 0.217108 1.48108)
(-0.121556 -0.087801 4.389)
(0.296892 -0.29689 4.6752)
(-0.0877835 0.121555 4.389)
(-0.656651 -0.656651 3.19125)
(-0.0237028 0.138669 0.268087)
(0.0661604 0.123355 -1.22224)
(0.0263512 0.0394752 -1.33048)
(-0.0263468 0.039475 -1.33048)
(-0.066155 0.123356 -1.22224)
(0.0237121 0.138673 0.268069)
(0.656649 -0.656647 3.19123)
(0.0877723 0.121553 4.38901)
(0.217108 0.23676 1.48109)
(0.138667 -0.0237024 0.268086)
(-0.00295426 -0.00295345 -0.847221)
(0.150288 0.0583324 -1.10188)
(0.0501426 0.0126771 -1.22953)
(-0.0501387 0.0126763 -1.22953)
(-0.150284 0.0583313 -1.10188)
(0.00296206 -0.00295571 -0.847229)
(-0.138662 -0.0237094 0.26806)
(-0.217107 0.236755 1.48107)
(0.0826023 0.22076 -1.07976)
(0.123354 0.0661609 -1.22224)
(0.0583316 0.150288 -1.10188)
(0.104398 0.104399 -1.07583)
(0.0666442 0.057061 -1.20379)
(-0.0666412 0.0570605 -1.20379)
(-0.104396 0.104397 -1.07583)
(-0.0583281 0.150286 -1.10188)
(-0.123351 0.0661541 -1.22224)
(-0.082601 0.220754 -1.07976)
(0.0268618 0.00186727 -1.34335)
(0.039475 0.0263524 -1.33048)
(0.0126767 0.0501433 -1.22953)
(0.0570607 0.066645 -1.20379)
(0.0367119 0.0367124 -1.22872)
(-0.0367097 0.0367119 -1.22873)
(-0.057059 0.0666446 -1.20379)
(-0.012674 0.0501422 -1.22953)
(-0.0394731 0.0263513 -1.33048)
(-0.0268618 0.00186519 -1.34335)
(0.0268627 -0.001864 -1.34335)
(0.0394745 -0.0263451 -1.33048)
(0.0126753 -0.0501374 -1.22954)
(0.0570599 -0.0666402 -1.20379)
(0.0367112 -0.036709 -1.22873)
(-0.0367092 -0.0367088 -1.22873)
(-0.0570585 -0.0666405 -1.20379)
(-0.0126729 -0.0501375 -1.22954)
(-0.0394729 -0.026346 -1.33048)
(-0.0268628 -0.0018641 -1.34335)
(0.0826047 -0.220757 -1.07976)
(0.123355 -0.0661515 -1.22224)
(0.0583299 -0.150283 -1.10188)
(0.104396 -0.104394 -1.07583)
(0.0666435 -0.0570583 -1.20379)
(-0.0666413 -0.0570581 -1.20379)
(-0.104395 -0.104394 -1.07583)
(-0.0583274 -0.150282 -1.10188)
(-0.123353 -0.066147 -1.22225)
(-0.0826037 -0.220754 -1.07976)
(0.217107 -0.236756 1.48108)
(0.138672 0.0237181 0.26806)
(-0.00295857 0.00296571 -0.847232)
(0.150285 -0.0583264 -1.10188)
(0.0501407 -0.0126728 -1.22953)
(-0.050138 -0.0126724 -1.22954)
(-0.150283 -0.0583264 -1.10188)
(0.00296458 0.00296599 -0.847239)
(-0.138669 0.0237205 0.268039)
(-0.217106 -0.236753 1.48107)
(-0.0878084 -0.121554 4.389)
(-0.656647 0.656647 3.19121)
(-0.0237152 -0.13866 0.268049)
(0.0661503 -0.123349 -1.22224)
(0.0263494 -0.0394721 -1.33048)
(-0.026347 -0.0394723 -1.33048)
(-0.0661472 -0.123351 -1.22225)
(0.0237198 -0.138666 0.268037)
(0.656644 0.656642 3.19121)
(0.0877981 -0.121555 4.38899)
(-0.296888 0.29689 4.67521)
(0.121551 0.0877667 4.38901)
(0.23675 -0.217108 1.48106)
(0.220751 -0.0826002 -1.07977)
(0.00186331 -0.0268615 -1.34335)
(-0.00186347 -0.0268621 -1.34335)
(-0.220752 -0.0826018 -1.07977)
(-0.23675 -0.217107 1.48106)
(-0.121553 0.0877803 4.389)
(0.296885 0.296885 4.67521)
(-0.286837 -0.286836 4.74951)
(0.137821 0.0538697 4.39967)
(0.346481 0.216635 1.32984)
(0.293284 0.084375 -1.0774)
(0.0303138 0.0279568 -1.29827)
(-0.0303115 0.0279572 -1.29827)
(-0.293282 0.0843756 -1.0774)
(-0.346478 0.216634 1.32984)
(-0.137819 0.053861 4.39967)
(0.286834 -0.286832 4.74952)
(0.0538769 0.13782 4.39967)
(-0.533229 -0.533228 3.23077)
(0.143541 0.232863 0.127584)
(0.14964 0.152532 -1.21451)
(0.0395445 0.055784 -1.28485)
(-0.0395409 0.0557839 -1.28485)
(-0.149636 0.152533 -1.21452)
(-0.143535 0.232866 0.127567)
(0.533223 -0.533216 3.23075)
(-0.0538922 0.13782 4.39967)
(0.216634 0.346481 1.32984)
(0.232861 0.143542 0.127583)
(0.0962623 0.096263 -0.88076)
(0.179792 0.0850069 -1.09274)
(0.0626369 0.0308609 -1.1863)
(-0.0626336 0.0308604 -1.1863)
(-0.179789 0.0850061 -1.09274)
(-0.0962567 0.0962615 -0.880767)
(-0.232857 0.143538 0.12756)
(-0.216633 0.346478 1.32983)
(0.0843744 0.293284 -1.0774)
(0.152532 0.14964 -1.21451)
(0.0850063 0.179793 -1.09274)
(0.127252 0.127252 -1.06624)
(0.0672867 0.066698 -1.15873)
(-0.0672842 0.0666976 -1.15873)
(-0.12725 0.127251 -1.06625)
(-0.0850035 0.179791 -1.09274)
(-0.152529 0.149636 -1.21452)
(-0.0843731 0.293279 -1.07741)
(0.0279566 0.030314 -1.29827)
(0.0557837 0.0395455 -1.28485)
(0.0308606 0.0626376 -1.1863)
(0.0666977 0.0672874 -1.15873)
(0.0347011 0.0347015 -1.1822)
(-0.0346992 0.0347012 -1.1822)
(-0.0666962 0.067287 -1.15873)
(-0.0308584 0.0626367 -1.1863)
(-0.0557821 0.0395445 -1.28485)
(-0.0279565 0.0303121 -1.29828)
(0.0279573 -0.0303107 -1.29827)
(0.0557834 -0.0395395 -1.28485)
(0.0308595 -0.0626324 -1.1863)
(0.0666971 -0.0672833 -1.15873)
(0.0347005 -0.0346985 -1.1822)
(-0.0346989 -0.0346984 -1.1822)
(-0.0666958 -0.0672835 -1.15873)
(-0.0308576 -0.0626326 -1.1863)
(-0.055782 -0.0395403 -1.28485)
(-0.0279573 -0.0303109 -1.29828)
(0.0843759 -0.29328 -1.07741)
(0.152532 -0.149633 -1.21452)
(0.0850049 -0.179788 -1.09274)
(0.127251 -0.127249 -1.06625)
(0.0672861 -0.0666956 -1.15873)
(-0.0672842 -0.0666954 -1.15873)
(-0.127249 -0.127249 -1.06625)
(-0.085003 -0.179787 -1.09274)
(-0.15253 -0.149631 -1.21452)
(-0.0843751 -0.293279 -1.07741)
(0.216633 -0.346476 1.32984)
(0.232866 -0.143531 0.127559)
(0.0962594 -0.0962538 -0.88077)
(0.17979 -0.085002 -1.09274)
(0.0626354 -0.0308573 -1.1863)
(-0.0626333 -0.0308571 -1.1863)
(-0.179788 -0.0850021 -1.09274)
(-0.0962557 -0.0962544 -0.880776)
(-0.232863 -0.143531 0.127541)
(-0.216632 -0.346474 1.32983)
(0.0538558 -0.137818 4.39967)
(-0.533213 0.533219 3.23074)
(0.143534 -0.232855 0.127549)
(0.149633 -0.152527 -1.21452)
(0.0395429 -0.0557813 -1.28485)
(-0.0395412 -0.0557814 -1.28485)
(-0.149631 -0.152528 -1.21452)
(-0.143532 -0.23286 0.127539)
(0.533207 0.533208 3.23074)
(-0.0538666 -0.137819 4.39967)
(-0.28683 0.286832 4.74952)
(0.137818 -0.0539008 4.39967)
(0.346474 -0.216633 1.32982)
(0.293276 -0.0843723 -1.07742)
(0.0303106 -0.0279562 -1.29828)
(-0.0303106 -0.0279566 -1.29828)
(-0.293277 -0.0843735 -1.07741)
(-0.346473 -0.216632 1.32982)
(-0.137818 -0.0538861 4.39967)
(0.286827 0.286828 4.74952)
(-0.272602 -0.272602 4.80786)
(0.17119 0.154928 4.30266)
(0.469053 0.195771 1.15699)
(0.370395 0.0807479 -1.05661)
(0.0476497 0.0260905 -1.22727)
(-0.0476477 0.0260907 -1.22728)
(-0.370393 0.0807481 -1.05661)
(-0.46905 0.19577 1.15698)
(-0.171188 0.154923 4.30266)
(0.2726 -0.272598 4.80786)
(0.154932 0.17119 4.30266)
(-0.238146 -0.238145 3.2322)
(0.341948 0.332519 0.0296937)
(0.246134 0.170705 -1.17315)
(0.048414 0.0559364 -1.2133)
(-0.0484114 0.0559363 -1.2133)
(-0.246132 0.170704 -1.17315)
(-0.341945 0.332521 0.0296809)
(0.238138 -0.23813 3.23219)
(-0.15494 0.17119 4.30266)
(0.195771 0.469053 1.15699)
(0.332517 0.341949 0.0296933)
(0.207954 0.207954 -0.891669)
(0.210153 0.111185 -1.05782)
(0.0699812 0.0399077 -1.13108)
(-0.0699786 0.0399073 -1.13108)
(-0.21015 0.111185 -1.05783)
(-0.207951 0.207954 -0.891675)
(-0.332515 0.341948 0.0296765)
(-0.195769 0.469052 1.15698)
(0.0807474 0.370395 -1.05661)
(0.170704 0.246134 -1.17315)
(0.111185 0.210153 -1.05782)
(0.150428 0.150429 -1.04292)
(0.0646598 0.0709407 -1.10375)
(-0.0646578 0.0709404 -1.10375)
(-0.150427 0.150428 -1.04292)
(-0.111183 0.210152 -1.05783)
(-0.170702 0.246133 -1.17315)
(-0.0807463 0.370392 -1.05662)
(0.0260903 0.0476499 -1.22728)
(0.0559362 0.0484148 -1.2133)
(0.0399074 0.0699818 -1.13108)
(0.0709405 0.0646604 -1.10375)
(0.0310687 0.0310691 -1.13218)
(-0.0310672 0.0310689 -1.13218)
(-0.0709392 0.06466 -1.10375)
(-0.0399056 0.0699811 -1.13109)
(-0.0559348 0.048414 -1.2133)
(-0.0260901 0.0476485 -1.22728)
(0.0260908 -0.0476471 -1.22728)
(0.0559359 -0.0484103 -1.2133)
(0.0399066 -0.0699777 -1.13109)
(0.0709399 -0.064657 -1.10375)
(0.0310683 -0.0310666 -1.13218)
(-0.031067 -0.0310666 -1.13218)
(-0.0709388 -0.0646572 -1.10375)
(-0.0399051 -0.0699779 -1.13109)
(-0.0559347 -0.0484111 -1.21331)
(-0.0260906 -0.0476474 -1.22728)
(0.0807483 -0.370392 -1.05661)
(0.170704 -0.24613 -1.17315)
(0.111184 -0.210149 -1.05783)
(0.150428 -0.150426 -1.04292)
(0.0646593 -0.0709386 -1.10375)
(-0.0646578 -0.0709385 -1.10375)
(-0.150426 -0.150426 -1.04292)
(-0.111183 -0.210149 -1.05783)
(-0.170702 -0.246131 -1.17315)
(-0.0807476 -0.370391 -1.05662)
(0.195769 -0.469049 1.15698)
(0.332521 -0.341943 0.0296748)
(0.207953 -0.20795 -0.891678)
(0.210151 -0.111182 -1.05783)
(0.0699801 -0.0399048 -1.13109)
(-0.0699785 -0.0399046 -1.13109)
(-0.21015 -0.111182 -1.05783)
(-0.207953 -0.207952 -0.891683)
(-0.332519 -0.341944 0.0296625)
(-0.195767 -0.469049 1.15697)
(0.154921 -0.171187 4.30266)
(-0.238125 0.238134 3.23218)
(0.341945 -0.332513 0.0296686)
(0.246131 -0.1707 -1.17315)
(0.0484129 -0.055934 -1.2133)
(-0.0484118 -0.0559341 -1.21331)
(-0.246131 -0.170701 -1.17316)
(-0.341945 -0.332517 0.0296607)
(0.238116 0.238118 3.23218)
(-0.154925 -0.171188 4.30265)
(-0.272596 0.272599 4.80786)
(0.171188 -0.154946 4.30266)
(0.46905 -0.195768 1.15697)
(0.370389 -0.0807456 -1.05662)
(0.0476473 -0.0260898 -1.22728)
(-0.0476473 -0.0260901 -1.22728)
(-0.37039 -0.0807464 -1.05662)
(-0.469049 -0.195766 1.15697)
(-0.171187 -0.154936 4.30265)
(0.272593 0.272595 4.80786)
(-0.249551 -0.24955 4.83971)
(0.206239 0.120823 4.06034)
(0.576756 0.167795 0.943949)
(0.416746 0.0715362 -1.01344)
(0.0527327 0.0195438 -1.13137)
(-0.0527312 0.0195439 -1.13137)
(-0.416744 0.0715362 -1.01344)
(-0.576754 0.167794 0.943942)
(-0.206237 0.12082 4.06033)
(0.249549 -0.249547 4.83971)
(0.120825 0.206239 4.06033)
(0.109782 0.109783 3.09986)
(0.533751 0.428896 -0.0352528)
(0.317819 0.168471 -1.08631)
(0.0521228 0.0411153 -1.11977)
(-0.0521209 0.0411152 -1.11977)
(-0.317817 0.168471 -1.08631)
(-0.53375 0.428897 -0.0352634)
(-0.109789 0.109794 3.09984)
(-0.120828 0.206239 4.06033)
(0.167795 0.576756 0.943947)
(0.428895 0.533751 -0.0352531)
(0.291802 0.291803 -0.869118)
(0.224708 0.127115 -1.00242)
(0.0652149 0.0362857 -1.06714)
(-0.065213 0.0362853 -1.06714)
(-0.224706 0.127114 -1.00242)
(-0.2918 0.291801 -0.869123)
(-0.428893 0.533751 -0.0352659)
(-0.167794 0.576756 0.943935)
(0.0715359 0.416746 -1.01344)
(0.168471 0.317819 -1.08631)
(0.127114 0.224709 -1.00242)
(0.156997 0.156997 -1.00423)
(0.0531821 0.0630834 -1.04282)
(-0.0531806 0.0630831 -1.04282)
(-0.156996 0.156997 -1.00423)
(-0.127113 0.224708 -1.00242)
(-0.168469 0.317817 -1.08631)
(-0.0715351 0.416743 -1.01345)
(0.0195437 0.052733 -1.13137)
(0.0411151 0.0521233 -1.11977)
(0.0362854 0.0652154 -1.06714)
(0.0630832 0.0531825 -1.04282)
(0.025459 0.0254593 -1.08322)
(-0.0254579 0.0254592 -1.08322)
(-0.0630822 0.0531822 -1.04282)
(-0.0362841 0.0652147 -1.06715)
(-0.0411141 0.0521229 -1.11977)
(-0.0195435 0.052732 -1.13138)
(0.019544 -0.0527307 -1.13138)
(0.0411149 -0.0521202 -1.11977)
(0.0362848 -0.0652123 -1.06714)
(0.0630827 -0.05318 -1.04282)
(0.0254588 -0.0254575 -1.08322)
(-0.0254578 -0.0254575 -1.08322)
(-0.0630818 -0.0531801 -1.04282)
(-0.0362837 -0.0652124 -1.06715)
(-0.041114 -0.0521208 -1.11977)
(-0.0195438 -0.0527311 -1.13138)
(0.0715363 -0.416743 -1.01344)
(0.16847 -0.317815 -1.08631)
(0.127114 -0.224706 -1.00243)
(0.156996 -0.156995 -1.00423)
(0.0531816 -0.0630817 -1.04282)
(-0.0531805 -0.0630816 -1.04282)
(-0.156995 -0.156995 -1.00423)
(-0.127113 -0.224705 -1.00243)
(-0.168469 -0.317815 -1.08631)
(-0.0715359 -0.416743 -1.01345)
(0.167794 -0.576754 0.94394)
(0.428897 -0.533748 -0.0352681)
(0.2918 -0.291798 -0.869126)
(0.224707 -0.127112 -1.00243)
(0.065214 -0.0362835 -1.06715)
(-0.0652128 -0.0362834 -1.06715)
(-0.224706 -0.127112 -1.00243)
(-0.291799 -0.291798 -0.869129)
(-0.428897 -0.53375 -0.0352773)
(-0.167793 -0.576754 0.943933)
(0.120819 -0.206236 4.06033)
(0.109798 -0.109791 3.09984)
(0.53375 -0.428892 -0.0352719)
(0.317816 -0.168468 -1.08631)
(0.052122 -0.0411135 -1.11977)
(-0.0521213 -0.0411135 -1.11977)
(-0.317815 -0.168468 -1.08631)
(-0.533751 -0.428895 -0.0352786)
(-0.109804 -0.109802 3.09983)
(-0.120819 -0.206237 4.06032)
(-0.249545 0.249548 4.83971)
(0.206238 -0.120831 4.06033)
(0.576755 -0.167793 0.943929)
(0.416742 -0.0715345 -1.01345)
(0.0527312 -0.0195432 -1.13138)
(-0.0527311 -0.0195434 -1.13138)
(-0.416742 -0.071535 -1.01345)
(-0.576755 -0.167792 0.943927)
(-0.206236 -0.120824 4.06032)
(0.249543 0.249544 4.83971)
(-0.21299 -0.21299 4.84792)
(0.231342 0.043208 3.81449)
(0.702012 0.16102 0.754696)
(0.373874 0.0512027 -0.917035)
(0.0484144 0.00893264 -1.02396)
(-0.0484135 0.00893269 -1.02396)
(-0.373873 0.0512026 -0.917038)
(-0.702012 0.161019 0.754688)
(-0.23134 0.0432055 3.81448)
(0.212988 -0.212986 4.84792)
(0.0432091 0.231342 3.81448)
(0.4342 0.4342 2.94194)
(0.681771 0.489364 -0.0915732)
(0.297848 0.132042 -0.945536)
(0.0476893 0.0214937 -1.01798)
(-0.0476882 0.0214936 -1.01798)
(-0.297846 0.132042 -0.945538)
(-0.68177 0.489363 -0.0915827)
(-0.434204 0.434206 2.94192)
(-0.0432099 0.231341 3.81448)
(0.16102 0.702013 0.754694)
(0.489363 0.681771 -0.0915734)
(0.287526 0.287526 -0.782506)
(0.186476 0.108324 -0.934228)
(0.044215 0.0228844 -1.0049)
(-0.0442138 0.0228842 -1.0049)
(-0.186474 0.108324 -0.93423)
(-0.287524 0.287524 -0.78251)
(-0.489361 0.68177 -0.0915849)
(-0.161019 0.702013 0.754683)
(0.0512025 0.373874 -0.917036)
(0.132042 0.297848 -0.945536)
(0.108324 0.186476 -0.934228)
(0.115645 0.115645 -0.954665)
(0.030796 0.0392514 -0.991015)
(-0.0307951 0.0392512 -0.991015)
(-0.115644 0.115645 -0.954666)
(-0.108323 0.186475 -0.934231)
(-0.13204 0.297846 -0.94554)
(-0.0512019 0.373872 -0.917042)
(0.00893257 0.0484146 -1.02396)
(0.0214936 0.0476896 -1.01798)
(0.0228843 0.0442153 -1.0049)
(0.0392512 0.0307963 -0.991015)
(0.0172648 0.017265 -1.04468)
(-0.017264 0.0172649 -1.04468)
(-0.0392505 0.0307961 -0.991016)
(-0.0228835 0.0442148 -1.0049)
(-0.021493 0.0476894 -1.01798)
(-0.00893242 0.0484141 -1.02397)
(0.00893271 -0.0484132 -1.02397)
(0.0214935 -0.0476878 -1.01798)
(0.0228839 -0.0442133 -1.0049)
(0.0392509 -0.0307947 -0.991016)
(0.0172646 -0.0172638 -1.04468)
(-0.017264 -0.0172638 -1.04468)
(-0.0392503 -0.0307947 -0.991017)
(-0.0228833 -0.0442133 -1.00491)
(-0.021493 -0.0476882 -1.01798)
(-0.00893259 -0.0484135 -1.02397)
(0.0512026 -0.373872 -0.917039)
(0.132041 -0.297845 -0.945539)
(0.108323 -0.186473 -0.934232)
(0.115644 -0.115643 -0.954667)
(0.0307957 -0.0392502 -0.991017)
(-0.030795 -0.0392501 -0.991017)
(-0.115643 -0.115643 -0.954668)
(-0.108323 -0.186473 -0.934234)
(-0.13204 -0.297844 -0.945541)
(-0.0512023 -0.373872 -0.917043)
(0.161019 -0.702012 0.754687)
(0.489362 -0.681769 -0.0915869)
(0.287523 -0.287522 -0.782513)
(0.186474 -0.108322 -0.934233)
(0.0442143 -0.0228831 -1.00491)
(-0.0442136 -0.022883 -1.00491)
(-0.186473 -0.108322 -0.934234)
(-0.287522 -0.287522 -0.782516)
(-0.489361 -0.681768 -0.0915953)
(-0.161018 -0.702013 0.75468)
(0.043205 -0.231339 3.81448)
(0.434208 -0.434204 2.94192)
(0.681769 -0.489359 -0.0915902)
(0.297845 -0.13204 -0.945542)
(0.047689 -0.0214926 -1.01798)
(-0.0476885 -0.0214927 -1.01798)
(-0.297844 -0.13204 -0.945542)
(-0.681769 -0.48936 -0.0915964)
(-0.434212 -0.434211 2.94191)
(-0.0432036 -0.231339 3.81447)
(-0.212985 0.212987 4.84792)
(0.23134 -0.0432117 3.81448)
(0.702013 -0.161018 0.754677)
(0.373871 -0.0512015 -0.917045)
(0.0484137 -0.00893228 -1.02397)
(-0.0484136 -0.00893237 -1.02397)
(-0.373871 -0.0512017 -0.917045)
(-0.702013 -0.161018 0.754674)
(-0.23134 -0.0432067 3.81447)
(0.212983 0.212984 4.84792)
(-0.146998 -0.146998 4.78571)
(0.232454 -0.00313296 3.30207)
(0.4668 0.101495 0.495149)
(0.14134 0.0147163 -0.74471)
(0.0284789 0.000927415 -0.946184)
(-0.0284786 0.000927446 -0.946185)
(-0.141339 0.0147163 -0.744712)
(-0.466799 0.101495 0.495142)
(-0.232454 -0.00313324 3.30207)
(0.146996 -0.146997 4.78571)
(-0.00313267 0.232454 3.30207)
(0.569556 0.569557 2.49385)
(0.465495 0.319904 0.0187308)
(0.134954 0.0500266 -0.764919)
(0.0274225 0.006086 -0.945278)
(-0.0274221 0.00608599 -0.945279)
(-0.134953 0.0500264 -0.764921)
(-0.465494 0.319903 0.0187226)
(-0.569557 0.569558 2.49384)
(0.00313203 0.232454 3.30207)
(0.101495 0.4668 0.495147)
(0.319904 0.465495 0.0187305)
(0.140899 0.140899 -0.605814)
(0.074473 0.0425914 -0.86621)
(0.0148184 0.0073802 -0.966782)
(-0.0148179 0.00738013 -0.966783)
(-0.0744723 0.0425912 -0.866212)
(-0.140897 0.140898 -0.605819)
(-0.319902 0.465494 0.0187207)
(-0.101495 0.466799 0.495138)
(0.0147163 0.14134 -0.744711)
(0.0500265 0.134954 -0.764919)
(0.0425914 0.074473 -0.86621)
(0.0326539 0.032654 -0.921094)
(0.00747922 0.0107851 -0.970087)
(-0.00747889 0.010785 -0.970088)
(-0.0326535 0.0326537 -0.921096)
(-0.0425909 0.0744724 -0.866213)
(-0.050026 0.134953 -0.764923)
(-0.014716 0.141339 -0.744716)
(0.000927388 0.028479 -0.946185)
(0.00608596 0.0274226 -0.945278)
(0.00738015 0.0148185 -0.966782)
(0.010785 0.00747931 -0.970087)
(0.00612459 0.00612466 -1.02744)
(-0.00612434 0.00612463 -1.02744)
(-0.0107848 0.00747921 -0.970088)
(-0.0073799 0.0148183 -0.966784)
(-0.00608579 0.0274225 -0.945282)
(-0.000927351 0.0284788 -0.946189)
(0.000927459 -0.0284785 -0.946187)
(0.00608595 -0.027422 -0.94528)
(0.00738004 -0.0148178 -0.966784)
(0.0107849 -0.00747876 -0.970088)
(0.00612455 -0.00612426 -1.02744)
(-0.00612433 -0.00612426 -1.02744)
(-0.0107847 -0.00747876 -0.970089)
(-0.00737983 -0.0148177 -0.966786)
(-0.00608581 -0.0274221 -0.945283)
(-0.000927433 -0.0284786 -0.94619)
(0.0147163 -0.141339 -0.744714)
(0.0500263 -0.134953 -0.764923)
(0.042591 -0.074472 -0.866214)
(0.0326535 -0.0326533 -0.921097)
(0.00747909 -0.0107847 -0.970089)
(-0.00747884 -0.0107847 -0.97009)
(-0.0326532 -0.0326531 -0.921099)
(-0.0425907 -0.0744716 -0.866216)
(-0.0500259 -0.134952 -0.764926)
(-0.0147161 -0.141339 -0.744717)
(0.101495 -0.466799 0.495141)
(0.319903 -0.465494 0.0187187)
(0.140897 -0.140896 -0.605822)
(0.0744721 -0.0425907 -0.866215)
(0.0148181 -0.00737978 -0.966786)
(-0.0148178 -0.00737975 -0.966786)
(-0.0744716 -0.0425906 -0.866217)
(-0.140896 -0.140896 -0.605825)
(-0.319902 -0.465493 0.018712)
(-0.101496 -0.466799 0.495135)
(-0.00313336 -0.232453 3.30207)
(0.569558 -0.569557 2.49383)
(0.465494 -0.319902 0.0187159)
(0.134952 -0.0500257 -0.764925)
(0.0274224 -0.00608568 -0.945283)
(-0.0274222 -0.00608571 -0.945284)
(-0.134952 -0.0500257 -0.764926)
(-0.465493 -0.319901 0.018711)
(-0.569559 -0.569559 2.49382)
(0.00313316 -0.232454 3.30206)
(-0.146996 0.146995 4.78571)
(0.232454 0.00313144 3.30206)
(0.466798 -0.101495 0.495132)
(0.141338 -0.0147158 -0.744719)
(0.0284787 -0.000927301 -0.946191)
(-0.0284786 -0.000927347 -0.946191)
(-0.141338 -0.0147159 -0.744719)
(-0.466798 -0.101495 0.49513)
(-0.232454 0.0031323 3.30206)
(0.146995 0.146994 4.7857)
)
;

boundaryField
{
    bottom
    {
        type            noSlip;
    }
    atmosphere
    {
        type            pressureInletOutletVelocity;
        value           nonuniform List<vector> 
100
(
(-0.146998 -0.146998 4.78571)
(-0.00313267 0.232454 3.30207)
(0.101495 0.4668 0.495147)
(0 0 -0.744711)
(0 0 -0.946185)
(0 0 -0.946187)
(0 0 -0.744714)
(0.101495 -0.466799 0.495141)
(-0.00313336 -0.232453 3.30207)
(-0.146996 0.146995 4.78571)
(0.232454 -0.00313296 3.30207)
(0.569556 0.569557 2.49385)
(0.319904 0.465495 0.0187305)
(0 0 -0.764919)
(0 0 -0.945278)
(0 0 -0.94528)
(0 0 -0.764923)
(0.319903 -0.465494 0.0187187)
(0.569558 -0.569557 2.49383)
(0.232454 0.00313144 3.30206)
(0.4668 0.101495 0.495149)
(0.465495 0.319904 0.0187308)
(0 0 -0.605814)
(0 0 -0.86621)
(0 0 -0.966782)
(0 0 -0.966784)
(0 0 -0.866214)
(0 0 -0.605822)
(0.465494 -0.319902 0.0187159)
(0.466798 -0.101495 0.495132)
(0 0 -0.74471)
(0 0 -0.764919)
(0 0 -0.86621)
(0 0 -0.921094)
(0 0 -0.970087)
(0 0 -0.970088)
(0 0 -0.921097)
(0 0 -0.866215)
(0 0 -0.764925)
(0 0 -0.744719)
(0 0 -0.946184)
(0 0 -0.945278)
(0 0 -0.966782)
(0 0 -0.970087)
(0 0 -1.02744)
(0 0 -1.02744)
(0 0 -0.970089)
(0 0 -0.966786)
(0 0 -0.945283)
(0 0 -0.946191)
(0 0 -0.946185)
(0 0 -0.945279)
(0 0 -0.966783)
(0 0 -0.970088)
(0 0 -1.02744)
(0 0 -1.02744)
(0 0 -0.97009)
(0 0 -0.966786)
(0 0 -0.945284)
(0 0 -0.946191)
(0 0 -0.744712)
(0 0 -0.764921)
(0 0 -0.866212)
(0 0 -0.921096)
(0 0 -0.970088)
(0 0 -0.970089)
(0 0 -0.921099)
(0 0 -0.866217)
(0 0 -0.764926)
(0 0 -0.744719)
(-0.466799 0.101495 0.495142)
(-0.465494 0.319903 0.0187226)
(0 0 -0.605819)
(0 0 -0.866213)
(0 0 -0.966784)
(0 0 -0.966786)
(0 0 -0.866216)
(0 0 -0.605825)
(-0.465493 -0.319901 0.018711)
(-0.466798 -0.101495 0.49513)
(-0.232454 -0.00313324 3.30207)
(-0.569557 0.569558 2.49384)
(-0.319902 0.465494 0.0187207)
(0 0 -0.764923)
(0 0 -0.945282)
(0 0 -0.945283)
(0 0 -0.764926)
(-0.319902 -0.465493 0.018712)
(-0.569559 -0.569559 2.49382)
(-0.232454 0.0031323 3.30206)
(0.146996 -0.146997 4.78571)
(0.00313203 0.232454 3.30207)
(-0.101495 0.466799 0.495138)
(0 0 -0.744716)
(0 0 -0.946189)
(0 0 -0.94619)
(0 0 -0.744717)
(-0.101496 -0.466799 0.495135)
(0.00313316 -0.232454 3.30206)
(0.146995 0.146994 4.7857)
)
;
    }
    walls
    {
        type            noSlip;
    }
    procBoundary1to0
    {
        type            processor;
        value           nonuniform List<vector> 
100
(
(-0.33328 -0.33328 4.02253)
(-0.11361 -0.14904 3.56478)
(-0.472916 0.184181 1.76554)
(-0.0447247 -0.0219191 -1.03438)
(-0.194686 -0.0310779 -1.33286)
(0.194688 -0.0310774 -1.33287)
(0.0447267 -0.0219159 -1.03438)
(0.4729 0.184183 1.76553)
(0.113611 -0.149071 3.56474)
(0.333277 -0.333276 4.02254)
(-0.149033 -0.113615 3.56479)
(-0.637034 -0.63704 2.97797)
(-0.270996 -0.0557108 0.811683)
(-0.00316334 -0.0804837 -1.06341)
(-0.0690709 -0.117844 -1.34584)
(0.0690757 -0.117847 -1.34584)
(0.00317602 -0.0804819 -1.06341)
(0.271002 -0.0557258 0.811638)
(0.637029 -0.637063 2.97794)
(0.149038 -0.113631 3.56479)
(0.184181 -0.472922 1.76554)
(-0.0557049 -0.270997 0.811688)
(-0.0777775 -0.077779 -0.458792)
(0.117357 -0.0368234 -0.897312)
(0.0061943 -0.0748519 -1.27878)
(-0.00619313 -0.0748546 -1.27878)
(-0.117355 -0.0368248 -0.897306)
(0.0777882 -0.0777932 -0.458799)
(0.0557069 -0.270999 0.81165)
(-0.184182 -0.472923 1.76551)
(-0.0219199 -0.0447261 -1.03438)
(-0.080484 -0.00316183 -1.06341)
(-0.0368242 0.117356 -0.897312)
(0.0606223 0.0606227 -0.971147)
(0.0463143 0.0157684 -1.28664)
(-0.0463124 0.0157679 -1.28664)
(-0.06062 0.0606222 -0.971145)
(0.0368269 0.117354 -0.897309)
(0.0804832 -0.0031719 -1.06341)
(0.02192 -0.0447338 -1.03438)
(-0.0310778 -0.194685 -1.33286)
(-0.117843 -0.06907 -1.34584)
(-0.0748513 0.00619382 -1.27878)
(0.0157689 0.0463147 -1.28664)
(0.0302937 0.0302933 -1.37933)
(-0.030293 0.0302922 -1.37933)
(-0.0157684 0.0463144 -1.28664)
(0.0748535 0.00619143 -1.27877)
(0.117848 -0.0690717 -1.34583)
(0.0310776 -0.194683 -1.33286)
(-0.0310771 0.194687 -1.33287)
(-0.117849 0.0690772 -1.34584)
(-0.0748562 -0.00619296 -1.27878)
(0.0157676 -0.046312 -1.28664)
(0.0302918 -0.030293 -1.37933)
(-0.0302915 -0.0302923 -1.37933)
(-0.0157674 -0.0463121 -1.28664)
(0.0748577 -0.00619109 -1.27877)
(0.117852 0.0690773 -1.34583)
(0.0310765 0.194684 -1.33286)
(-0.0219147 0.0447294 -1.03438)
(-0.0804814 0.00318254 -1.06341)
(-0.0368259 -0.117354 -0.897303)
(0.0606221 -0.0606194 -0.971143)
(0.0463138 -0.0157685 -1.28664)
(-0.0463122 -0.0157681 -1.28664)
(-0.0606199 -0.0606191 -0.971141)
(0.0368281 -0.117353 -0.8973)
(0.0804821 0.00319027 -1.06341)
(0.0219158 0.0447351 -1.03438)
(0.184182 0.472893 1.76551)
(-0.0557364 0.271003 0.811612)
(-0.0778009 0.0777915 -0.458802)
(0.117354 0.0368274 -0.897306)
(0.00618998 0.0748545 -1.27877)
(-0.0061894 0.0748566 -1.27877)
(-0.117352 0.0368282 -0.897301)
(0.0778086 0.077803 -0.458807)
(0.0557362 0.271001 0.811583)
(-0.184179 0.472897 1.76549)
(-0.149086 0.113611 3.56472)
(-0.637074 0.637027 2.97792)
(-0.271003 0.0557033 0.811636)
(-0.00317534 0.0804819 -1.06341)
(-0.0690732 0.117848 -1.34583)
(0.0690764 0.11785 -1.34583)
(0.00318591 0.0804815 -1.06341)
(0.271004 0.0557172 0.8116)
(0.637065 0.637049 2.97792)
(0.149082 0.113634 3.56472)
(-0.333274 0.333276 4.02254)
(-0.113634 0.149041 3.56479)
(-0.472924 -0.184184 1.7655)
(-0.044735 0.0219194 -1.03438)
(-0.194684 0.0310776 -1.33286)
(0.194685 0.0310767 -1.33286)
(0.0447345 0.021917 -1.03438)
(0.472908 -0.184183 1.7655)
(0.11364 0.149066 3.56475)
(0.33327 0.333271 4.02254)
)
;
    }
}


// ************************************************************************* //
