/*--------------------------------*- C++ -*----------------------------------*\
| =========                 |                                                 |
| \\      /  F ield         | OpenFOAM: The Open Source CFD Toolbox           |
|  \\    /   O peration     | Version:  2412                                  |
|   \\  /    A nd           | Website:  www.openfoam.com                      |
|    \\/     M anipulation  |                                                 |
\*---------------------------------------------------------------------------*/
FoamFile
{
    version     2.0;
    format      ascii;
    arch        "LSB;label=32;scalar=64";
    class       surfaceScalarField;
    location    "0.07";
    object      phi;
}
// * * * * * * * * * * * * * * * * * * * * * * * * * * * * * * * * * * * * * //

dimensions      [0 3 -1 0 0 0 0];

oriented        oriented;

internalField   nonuniform List<scalar> 
2700
(
-4.98439e-08
-4.98423e-08
9.96731e-08
-8.11493e-08
-5.09095e-08
8.22017e-08
-8.13234e-08
-5.27138e-08
5.28749e-08
-5.07531e-08
-5.44824e-08
2.38994e-08
2.05275e-13
-5.56776e-08
4.91172e-09
5.07533e-08
-5.56776e-08
4.91196e-09
8.13231e-08
-5.44823e-08
2.39e-08
8.11484e-08
-5.27139e-08
5.2876e-08
4.98421e-08
-5.09093e-08
8.2203e-08
-4.98421e-08
9.96743e-08
-5.09111e-08
-8.11473e-08
8.22027e-08
-8.29174e-08
-8.29153e-08
6.39985e-08
-8.31072e-08
-8.59044e-08
3.3367e-08
-5.19009e-08
-8.88352e-08
3.13335e-09
-3.09802e-13
-9.08236e-08
-1.67676e-08
5.19002e-08
-9.08237e-08
-1.67674e-08
8.31058e-08
-8.88349e-08
3.13389e-09
8.29155e-08
-8.59044e-08
3.33678e-08
5.09087e-08
-8.2915e-08
6.39995e-08
-8.11475e-08
8.22036e-08
-5.27155e-08
-8.13191e-08
5.28738e-08
-8.59064e-08
-8.31028e-08
3.33648e-08
-8.61267e-08
-8.61227e-08
4.25138e-10
-5.38466e-08
-8.90814e-08
-3.20472e-08
7.43209e-13
-9.10944e-08
-5.35896e-08
5.3848e-08
-9.10947e-08
-5.35893e-08
8.61275e-08
-8.90811e-08
-3.20465e-08
8.59066e-08
-8.61229e-08
4.26253e-10
5.27145e-08
-8.31024e-08
3.33662e-08
-8.13189e-08
5.28752e-08
-5.4484e-08
-5.07504e-08
2.39011e-08
-8.88374e-08
-5.18979e-08
3.13409e-09
-8.90858e-08
-5.38441e-08
-3.20443e-08
-5.57547e-08
-5.57513e-08
-6.66751e-08
-6.3433e-13
-5.7057e-08
-8.98053e-08
5.57532e-08
-5.70572e-08
-8.98052e-08
8.90836e-08
-5.57509e-08
-6.66745e-08
8.88347e-08
-5.38443e-08
-3.20436e-08
5.4481e-08
-5.18976e-08
3.13492e-09
-5.0751e-08
2.3902e-08
-5.56793e-08
4.447e-12
4.9101e-09
-9.08258e-08
4.49029e-12
-1.67703e-08
-9.10984e-08
4.43208e-12
-5.35901e-08
-5.70595e-08
4.39529e-12
-8.98088e-08
1.00008e-12
4.49465e-12
-1.14136e-07
5.70614e-08
4.19648e-12
-1.14136e-07
9.10997e-08
4.64116e-12
-8.9808e-08
9.08263e-08
4.0104e-12
-5.35891e-08
5.56785e-08
4.89934e-12
-1.67689e-08
4.4371e-12
4.91159e-09
-5.56792e-08
5.07552e-08
4.91336e-09
-9.08259e-08
5.19029e-08
-1.6767e-08
-9.10989e-08
5.38492e-08
-5.35869e-08
-5.70605e-08
5.57565e-08
-8.98055e-08
-6.71988e-13
5.70625e-08
-1.14133e-07
5.7059e-08
5.70623e-08
-1.14133e-07
9.10967e-08
5.57568e-08
-8.9805e-08
9.08231e-08
5.38488e-08
-5.35862e-08
5.56763e-08
5.1903e-08
-1.67662e-08
5.07544e-08
4.91423e-09
-5.44842e-08
8.1326e-08
2.38981e-08
-8.88373e-08
8.31096e-08
3.13093e-09
-8.90853e-08
8.61294e-08
-3.20475e-08
-5.57537e-08
8.90881e-08
-6.66783e-08
9.4479e-13
9.11013e-08
-8.98085e-08
5.57555e-08
9.1101e-08
-8.98083e-08
8.90865e-08
8.90882e-08
-6.66774e-08
8.88378e-08
8.6129e-08
-3.20466e-08
5.44836e-08
8.31099e-08
3.13227e-09
8.13261e-08
2.38997e-08
-5.27155e-08
8.11492e-08
5.28764e-08
-8.59065e-08
8.29173e-08
3.33673e-08
-8.6127e-08
8.59064e-08
4.27637e-10
-5.38473e-08
8.88373e-08
-3.20447e-08
-4.91556e-13
9.08259e-08
-5.3587e-08
5.38461e-08
9.08258e-08
-5.35869e-08
8.61251e-08
8.88375e-08
-3.20441e-08
8.5904e-08
8.59062e-08
4.28188e-10
5.27128e-08
8.29174e-08
3.33681e-08
8.11488e-08
5.28774e-08
-5.09113e-08
4.98435e-08
8.22013e-08
-8.29174e-08
5.09106e-08
6.39969e-08
-8.31069e-08
5.27149e-08
3.33653e-08
-5.19004e-08
5.44834e-08
3.13178e-09
5.31271e-13
5.56786e-08
-1.67691e-08
5.19013e-08
5.56785e-08
-1.6769e-08
8.31072e-08
5.44835e-08
3.13254e-09
8.29171e-08
5.27148e-08
3.33661e-08
5.09102e-08
5.09107e-08
6.3998e-08
4.98436e-08
8.22027e-08
-4.98441e-08
9.96745e-08
-8.11493e-08
8.22026e-08
-8.13233e-08
5.28758e-08
-5.07531e-08
2.39003e-08
-5.53563e-15
4.91261e-09
5.07529e-08
4.91269e-09
8.13225e-08
2.3901e-08
8.1148e-08
5.28764e-08
4.98423e-08
8.22035e-08
9.96761e-08
-5.38906e-08
-5.38891e-08
2.07438e-07
-8.7797e-08
-5.51264e-08
1.7122e-07
-8.80096e-08
-5.72309e-08
1.10304e-07
-5.49939e-08
-5.92896e-08
5.01593e-08
1.67273e-13
-6.06956e-08
1.05995e-08
5.49942e-08
-6.06957e-08
1.05998e-08
8.80091e-08
-5.92894e-08
5.01605e-08
8.77962e-08
-5.72309e-08
1.10306e-07
5.38895e-08
-5.51261e-08
1.71222e-07
-5.38891e-08
2.0744e-07
-5.5128e-08
-8.77954e-08
1.71222e-07
-8.98484e-08
-8.98466e-08
1.33424e-07
-9.00817e-08
-9.33394e-08
6.96945e-08
-5.63339e-08
-9.67577e-08
6.83954e-09
-3.45034e-13
-9.9102e-08
-3.47088e-08
5.63331e-08
-9.91021e-08
-3.47086e-08
9.00802e-08
-9.67573e-08
6.84057e-09
8.98465e-08
-9.33394e-08
6.96959e-08
5.5126e-08
-8.98461e-08
1.33426e-07
-8.77958e-08
1.71224e-07
-5.72324e-08
-8.8006e-08
1.10302e-07
-9.33411e-08
-9.00779e-08
6.96902e-08
-9.36154e-08
-9.36118e-08
9.57486e-10
-5.86222e-08
-9.70674e-08
-6.67449e-08
7.4181e-13
-9.94458e-08
-1.11883e-07
5.86237e-08
-9.9446e-08
-1.11882e-07
9.36162e-08
-9.70671e-08
-6.67435e-08
9.33413e-08
-9.36122e-08
9.59459e-10
5.72317e-08
-9.00771e-08
6.96926e-08
-8.80061e-08
1.10305e-07
-5.92909e-08
-5.49921e-08
5.01629e-08
-9.67595e-08
-5.63314e-08
6.84107e-09
-9.70713e-08
-5.86204e-08
-6.6739e-08
-6.08614e-08
-6.08586e-08
-1.39109e-07
-6.56026e-13
-6.24107e-08
-1.87716e-07
6.08599e-08
-6.24109e-08
-1.87716e-07
9.70691e-08
-6.08581e-08
-1.39108e-07
9.67568e-08
-5.86207e-08
-6.67378e-08
5.92881e-08
-5.63309e-08
6.84255e-09
-5.49931e-08
5.0164e-08
-6.0697e-08
3.51354e-12
1.05961e-08
-9.91037e-08
3.85337e-12
-3.47142e-08
-9.94492e-08
3.82619e-12
-1.11884e-07
-6.24127e-08
3.85031e-12
-1.87723e-07
1.02687e-12
3.97103e-12
-2.38979e-07
6.24146e-08
3.66274e-12
-2.38979e-07
9.94506e-08
4.15714e-12
-1.87721e-07
9.91042e-08
3.34469e-12
-1.11882e-07
6.06963e-08
4.51621e-12
-3.47115e-08
3.08486e-12
1.05984e-08
-6.06968e-08
5.49948e-08
1.06028e-08
-9.91037e-08
5.63349e-08
-3.47073e-08
-9.94497e-08
5.8624e-08
-1.11877e-07
-6.24137e-08
6.08624e-08
-1.87716e-07
-6.66164e-13
6.2415e-08
-2.38973e-07
6.24121e-08
6.24147e-08
-2.38972e-07
9.94475e-08
6.08628e-08
-1.87715e-07
9.91008e-08
5.86236e-08
-1.11876e-07
6.06936e-08
5.63352e-08
-3.47056e-08
5.49936e-08
1.06037e-08
-5.92906e-08
8.8011e-08
5.01565e-08
-9.67591e-08
9.00832e-08
6.8349e-09
-9.70707e-08
9.36172e-08
-6.67452e-08
-6.08603e-08
9.70728e-08
-1.39115e-07
9.93506e-13
9.94514e-08
-1.87722e-07
6.08622e-08
9.94511e-08
-1.87722e-07
9.7072e-08
9.7073e-08
-1.39113e-07
9.67595e-08
9.36167e-08
-6.67432e-08
5.92896e-08
9.00837e-08
6.8378e-09
8.80106e-08
5.01585e-08
-5.72316e-08
8.77948e-08
1.10308e-07
-9.33406e-08
8.98466e-08
6.96963e-08
-9.36154e-08
9.33395e-08
9.63487e-10
-5.86228e-08
9.6758e-08
-6.67389e-08
-4.45168e-13
9.91026e-08
-1.11877e-07
5.86216e-08
9.91024e-08
-1.11877e-07
9.36136e-08
9.67582e-08
-6.67379e-08
9.33379e-08
9.33393e-08
9.64718e-10
5.72282e-08
8.98468e-08
6.96982e-08
8.77939e-08
1.10308e-07
-5.51272e-08
5.38872e-08
1.7122e-07
-8.98477e-08
5.51249e-08
1.33423e-07
-9.00811e-08
5.72294e-08
6.96926e-08
-5.63332e-08
5.92882e-08
6.83744e-09
5.84526e-13
6.06944e-08
-3.47109e-08
5.63341e-08
6.06943e-08
-3.47106e-08
9.00816e-08
5.92883e-08
6.83874e-09
8.98471e-08
5.72293e-08
6.96943e-08
5.51252e-08
5.51252e-08
1.33425e-07
5.38869e-08
1.71221e-07
-5.38894e-08
2.07437e-07
-8.7796e-08
1.7122e-07
-8.8009e-08
1.10305e-07
-5.49937e-08
5.01595e-08
9.84296e-14
1.05996e-08
5.49936e-08
1.05998e-08
8.80084e-08
5.01606e-08
8.77941e-08
1.10306e-07
5.38863e-08
1.71223e-07
2.07438e-07
-6.21665e-08
-6.21646e-08
3.31756e-07
-1.01399e-07
-6.37645e-08
2.74203e-07
-1.01697e-07
-6.65114e-08
1.771e-07
-6.36854e-08
-6.91913e-08
8.13258e-08
3.85093e-13
-7.10533e-08
1.79538e-08
6.3686e-08
-7.10534e-08
1.79544e-08
1.01697e-07
-6.91912e-08
8.13276e-08
1.01398e-07
-6.65115e-08
1.77103e-07
6.21641e-08
-6.37644e-08
2.74207e-07
-6.21642e-08
3.31759e-07
-6.37664e-08
-1.01396e-07
2.74206e-07
-1.04061e-07
-1.04058e-07
2.13998e-07
-1.0439e-07
-1.08635e-07
1.12134e-07
-6.54388e-08
-1.13102e-07
1.17845e-08
-1.7205e-13
-1.16219e-07
-5.49952e-08
6.54382e-08
-1.16219e-07
-5.49947e-08
1.04389e-07
-1.13102e-07
1.17861e-08
1.04059e-07
-1.08635e-07
1.12136e-07
6.37634e-08
-1.04058e-07
2.14001e-07
-1.01396e-07
2.74209e-07
-6.65134e-08
-1.01692e-07
1.77097e-07
-1.08638e-07
-1.04385e-07
1.12128e-07
-1.09033e-07
-1.09028e-07
1.73103e-09
-6.84694e-08
-1.13554e-07
-1.0687e-07
9.085e-13
-1.16727e-07
-1.79859e-07
6.84711e-08
-1.16727e-07
-1.79858e-07
1.09034e-07
-1.13554e-07
-1.06868e-07
1.08638e-07
-1.09028e-07
1.73419e-09
6.65121e-08
-1.04385e-07
1.12132e-07
-1.01691e-07
1.77101e-07
-6.91932e-08
-6.36816e-08
8.1331e-08
-1.13105e-07
-6.54348e-08
1.17866e-08
-1.13559e-07
-6.84661e-08
-1.06862e-07
-7.14248e-08
-7.14206e-08
-2.23391e-07
-5.30954e-13
-7.35123e-08
-3.0237e-07
7.14235e-08
-7.35125e-08
-3.02369e-07
1.13557e-07
-7.14202e-08
-2.23389e-07
1.13102e-07
-6.84663e-08
-1.0686e-07
6.919e-08
-6.54347e-08
1.17891e-08
-6.36819e-08
8.13332e-08
-7.10555e-08
5.72219e-12
1.79491e-08
-1.16222e-07
5.53666e-12
-5.50033e-08
-1.16732e-07
5.43283e-12
-1.79861e-07
-7.35157e-08
5.33707e-12
-3.0238e-07
1.14588e-12
5.41423e-12
-3.86029e-07
7.35179e-08
5.1034e-12
-3.86028e-07
1.16733e-07
5.53229e-12
-3.02378e-07
1.16223e-07
5.0287e-12
-1.79858e-07
7.10548e-08
5.7476e-12
-5.49992e-08
6.01957e-12
1.79534e-08
-7.10556e-08
6.36892e-08
1.79588e-08
-1.16222e-07
6.54421e-08
-5.49935e-08
-1.16732e-07
6.84734e-08
-1.79851e-07
-7.35168e-08
7.14279e-08
-3.0237e-07
-6.0381e-13
7.35199e-08
-3.86019e-07
7.35154e-08
7.35197e-08
-3.86019e-07
1.1673e-07
7.14281e-08
-3.02369e-07
1.1622e-07
6.8473e-08
-1.79849e-07
7.10528e-08
6.54419e-08
-5.49911e-08
6.36887e-08
1.79612e-08
-6.91938e-08
1.01701e-07
8.13224e-08
-1.13105e-07
1.04394e-07
1.17776e-08
-1.13559e-07
1.09037e-07
-1.06871e-07
-7.14239e-08
1.13562e-07
-2.234e-07
1.05655e-12
1.16736e-07
-3.02379e-07
7.14259e-08
1.16735e-07
-3.02378e-07
1.1356e-07
1.13562e-07
-2.23398e-07
1.13106e-07
1.09036e-07
-1.06868e-07
6.91936e-08
1.04394e-07
1.17814e-08
1.01701e-07
8.13268e-08
-6.6514e-08
1.01401e-07
1.77105e-07
-1.08638e-07
1.04062e-07
1.12135e-07
-1.09033e-07
1.08639e-07
1.73865e-09
-6.84703e-08
1.13106e-07
-1.06863e-07
-4.56668e-13
1.16224e-07
-1.79852e-07
6.84692e-08
1.16223e-07
-1.79851e-07
1.09031e-07
1.13106e-07
-1.06861e-07
1.08636e-07
1.08639e-07
1.74023e-09
6.65119e-08
1.04062e-07
1.12138e-07
1.01401e-07
1.77107e-07
-6.37673e-08
6.21687e-08
2.74203e-07
-1.04061e-07
6.3768e-08
2.13994e-07
-1.0439e-07
6.65148e-08
1.1213e-07
-6.54384e-08
6.91945e-08
1.17802e-08
6.00015e-13
7.10566e-08
-5.49996e-08
6.54395e-08
7.10565e-08
-5.49992e-08
1.04391e-07
6.91945e-08
1.17823e-08
1.04061e-07
6.65147e-08
1.12132e-07
6.3767e-08
6.3768e-08
2.13997e-07
6.21692e-08
2.74207e-07
-6.21679e-08
3.3176e-07
-1.014e-07
2.74207e-07
-1.01697e-07
1.77103e-07
-6.36857e-08
8.13288e-08
9.38589e-16
1.79569e-08
6.36856e-08
1.79571e-08
1.01696e-07
8.13307e-08
1.01399e-07
1.77104e-07
6.21672e-08
2.74209e-07
3.31764e-07
-7.53387e-08
-7.53374e-08
4.82416e-07
-1.2307e-07
-7.75475e-08
3.99466e-07
-1.23519e-07
-8.13842e-08
2.58918e-07
-7.75796e-08
-8.51164e-08
1.20488e-07
3.47605e-13
-8.77619e-08
2.81205e-08
7.75803e-08
-8.77619e-08
2.81212e-08
1.23519e-07
-8.51162e-08
1.2049e-07
1.23069e-07
-8.13842e-08
2.58921e-07
7.53382e-08
-7.75469e-08
3.9947e-07
-7.53376e-08
4.8242e-07
-7.75488e-08
-1.23069e-07
3.99471e-07
-1.26762e-07
-1.26761e-07
3.12409e-07
-1.27264e-07
-1.33184e-07
1.64421e-07
-8.00371e-08
-1.39432e-07
1.88576e-08
-1.86526e-13
-1.43884e-07
-7.89251e-08
8.00367e-08
-1.43884e-07
-7.89245e-08
1.27263e-07
-1.39432e-07
1.88597e-08
1.26761e-07
-1.33184e-07
1.64424e-07
7.75472e-08
-1.2676e-07
3.12412e-07
-1.23069e-07
3.99474e-07
-8.13855e-08
-1.23516e-07
2.58913e-07
-1.33186e-07
-1.27261e-07
1.64412e-07
-1.338e-07
-1.33797e-07
2.94251e-09
-8.43443e-08
-1.40147e-07
-1.55627e-07
9.77797e-13
-1.44697e-07
-2.63407e-07
8.43462e-08
-1.44697e-07
-2.63406e-07
1.33801e-07
-1.40146e-07
-1.55624e-07
1.33186e-07
-1.33797e-07
2.9465e-09
8.13851e-08
-1.2726e-07
1.64417e-07
-1.23516e-07
2.58918e-07
-8.51174e-08
-7.75788e-08
1.20494e-07
-1.39433e-07
-8.00353e-08
1.88603e-08
-1.4015e-07
-8.43431e-08
-1.55616e-07
-8.85288e-08
-8.85267e-08
-3.26648e-07
-4.94098e-13
-9.15622e-08
-4.44049e-07
8.85276e-08
-9.15624e-08
-4.44049e-07
1.40148e-07
-8.85261e-08
-3.26646e-07
1.39431e-07
-8.43435e-08
-1.55613e-07
8.51147e-08
-8.00346e-08
1.88635e-08
-7.758e-08
1.20497e-07
-8.77628e-08
2.65622e-12
2.81137e-08
-1.43885e-07
3.17466e-12
-7.89359e-08
-1.447e-07
3.17663e-12
-2.63409e-07
-9.15634e-08
3.24279e-12
-4.44063e-07
1.30586e-12
3.38731e-12
-5.69176e-07
9.15659e-08
3.06226e-12
-5.69175e-07
1.44702e-07
3.61995e-12
-4.4406e-07
1.43886e-07
2.65643e-12
-2.63405e-07
8.77622e-08
4.05453e-12
-7.89304e-08
1.96857e-12
2.81187e-08
-8.77625e-08
7.75798e-08
2.81266e-08
-1.43885e-07
8.00376e-08
-7.89226e-08
-1.44701e-07
8.43456e-08
-2.63396e-07
-9.15645e-08
8.85294e-08
-4.4405e-07
-4.73594e-13
9.15654e-08
-5.69163e-07
9.15633e-08
9.15651e-08
-5.69162e-07
1.44699e-07
8.85299e-08
-4.44048e-07
1.43883e-07
8.43451e-08
-2.63393e-07
8.77592e-08
8.00381e-08
-7.8919e-08
7.75782e-08
2.81288e-08
-8.51169e-08
1.2352e-07
1.20482e-07
-1.39433e-07
1.27265e-07
1.88482e-08
-1.40149e-07
1.33801e-07
-1.55628e-07
-8.85277e-08
1.40151e-07
-3.2666e-07
1.29113e-12
1.44702e-07
-4.44061e-07
8.853e-08
1.44702e-07
-4.44061e-07
1.40151e-07
1.40151e-07
-3.26657e-07
1.39433e-07
1.33801e-07
-1.55624e-07
8.51155e-08
1.27266e-07
1.88539e-08
1.23519e-07
1.20486e-07
-8.13842e-08
1.23066e-07
2.58924e-07
-1.33185e-07
1.26759e-07
1.64424e-07
-1.338e-07
1.33183e-07
2.95381e-09
-8.43448e-08
1.39431e-07
-1.55616e-07
-2.17749e-13
1.43884e-07
-2.63396e-07
8.4344e-08
1.43883e-07
-2.63395e-07
1.33798e-07
1.39431e-07
-1.55614e-07
1.33182e-07
1.33183e-07
2.95631e-09
8.13803e-08
1.2676e-07
1.64428e-07
1.23065e-07
2.58926e-07
-7.75475e-08
7.53331e-08
3.99466e-07
-1.26761e-07
7.75439e-08
3.12405e-07
-1.27264e-07
8.13808e-08
1.64417e-07
-8.00363e-08
8.51131e-08
1.8853e-08
8.57066e-13
8.77588e-08
-7.89295e-08
8.00376e-08
8.77587e-08
-7.89289e-08
1.27265e-07
8.51133e-08
1.88557e-08
1.26761e-07
8.13807e-08
1.6442e-07
7.75449e-08
7.75444e-08
3.12411e-07
7.53326e-08
3.99469e-07
-7.53366e-08
4.82415e-07
-1.23068e-07
3.99467e-07
-1.23518e-07
2.58918e-07
-7.75792e-08
1.20488e-07
3.97585e-13
2.8121e-08
7.75796e-08
2.81214e-08
1.23518e-07
1.2049e-07
1.23066e-07
2.58921e-07
7.53325e-08
3.99472e-07
4.82416e-07
-9.43549e-08
-9.43529e-08
6.71109e-07
-1.54414e-07
-9.75133e-08
5.57024e-07
-1.55116e-07
-1.03063e-07
3.62668e-07
-9.77693e-08
-1.08444e-07
1.71571e-07
8.1185e-13
-1.12342e-07
4.26779e-08
9.77706e-08
-1.12342e-07
4.2679e-08
1.55117e-07
-1.08444e-07
1.71574e-07
1.54413e-07
-1.03063e-07
3.62673e-07
9.43522e-08
-9.75133e-08
5.5703e-07
-9.43525e-08
6.71115e-07
-9.75152e-08
-1.54411e-07
5.57029e-07
-1.59714e-07
-1.59712e-07
4.36791e-07
-1.60508e-07
-1.69047e-07
2.31184e-07
-1.01338e-07
-1.78097e-07
2.93254e-08
1.96125e-13
-1.84693e-07
-1.07927e-07
1.01339e-07
-1.84693e-07
-1.07927e-07
1.60508e-07
-1.78097e-07
2.93281e-08
1.59713e-07
-1.69047e-07
2.31188e-07
9.7512e-08
-1.59712e-07
4.36796e-07
-1.54411e-07
5.57033e-07
-1.03065e-07
-1.55111e-07
3.62662e-07
-1.6905e-07
-1.60503e-07
2.31173e-07
-1.70041e-07
-1.70036e-07
4.90758e-09
-1.07686e-07
-1.79265e-07
-2.16829e-07
1.34889e-12
-1.8604e-07
-3.69761e-07
1.07688e-07
-1.8604e-07
-3.6976e-07
1.70043e-07
-1.79265e-07
-2.16826e-07
1.69051e-07
-1.70036e-07
4.91289e-09
1.03063e-07
-1.60503e-07
2.3118e-07
-1.5511e-07
3.62669e-07
-1.08446e-07
-9.77649e-08
1.71579e-07
-1.781e-07
-1.01334e-07
2.93284e-08
-1.79271e-07
-1.07682e-07
-2.16815e-07
-1.1383e-07
-1.13825e-07
-4.57545e-07
-2.22816e-13
-1.18403e-07
-6.25531e-07
1.13829e-07
-1.18404e-07
-6.25531e-07
1.79269e-07
-1.13825e-07
-4.57543e-07
1.78097e-07
-1.07682e-07
-2.16812e-07
1.08443e-07
-1.01334e-07
2.93329e-08
-9.77652e-08
1.71583e-07
-1.12344e-07
6.52314e-12
4.267e-08
-1.84696e-07
6.18572e-12
-1.07941e-07
-1.86045e-07
6.0153e-12
-3.69764e-07
-1.18407e-07
5.86142e-12
-6.25548e-07
1.56727e-12
5.90795e-12
-8.0601e-07
1.1841e-07
5.56874e-12
-8.06009e-07
1.86047e-07
6.02115e-12
-6.25544e-07
1.84697e-07
5.57978e-12
-3.69759e-07
1.12344e-07
6.25354e-12
-1.07934e-07
6.96851e-12
4.26773e-08
-1.12344e-07
9.77745e-08
4.26854e-08
-1.84696e-07
1.01343e-07
-1.07925e-07
-1.86046e-07
1.07691e-07
-3.69749e-07
-1.18408e-07
1.13834e-07
-6.25532e-07
-3.33416e-13
1.18413e-07
-8.05995e-07
1.18408e-07
1.18412e-07
-8.05994e-07
1.86044e-07
1.13834e-07
-6.2553e-07
1.84694e-07
1.07691e-07
-3.69746e-07
1.12342e-07
1.01343e-07
-1.07921e-07
9.77741e-08
4.26897e-08
-1.08447e-07
1.55121e-07
1.71565e-07
-1.781e-07
1.60513e-07
2.93138e-08
-1.79271e-07
1.70046e-07
-2.1683e-07
-1.13829e-07
1.79275e-07
-4.5756e-07
1.43816e-12
1.86049e-07
-6.25546e-07
1.13832e-07
1.86049e-07
-6.25545e-07
1.79273e-07
1.79275e-07
-4.57557e-07
1.78102e-07
1.70045e-07
-2.16826e-07
1.08447e-07
1.60513e-07
2.93203e-08
1.55122e-07
1.71572e-07
-1.03066e-07
1.54417e-07
3.62675e-07
-1.69051e-07
1.59717e-07
2.31185e-07
-1.70042e-07
1.69052e-07
4.91985e-09
-1.07687e-07
1.78102e-07
-2.16817e-07
-2.09168e-13
1.84698e-07
-3.69749e-07
1.07686e-07
1.84698e-07
-3.69749e-07
1.7004e-07
1.78102e-07
-2.16814e-07
1.69049e-07
1.69052e-07
4.9227e-09
1.03064e-07
1.59717e-07
2.31189e-07
1.54417e-07
3.6268e-07
-9.75167e-08
9.43586e-08
5.57023e-07
-1.59715e-07
9.75182e-08
4.36784e-07
-1.60509e-07
1.03067e-07
2.31176e-07
-1.01338e-07
1.08449e-07
2.93181e-08
9.09816e-13
1.12346e-07
-1.07935e-07
1.0134e-07
1.12346e-07
-1.07934e-07
1.60509e-07
1.08449e-07
2.93217e-08
1.59716e-07
1.03067e-07
2.3118e-07
9.75169e-08
9.7518e-08
4.3679e-07
9.43594e-08
5.57029e-07
-9.43571e-08
6.71116e-07
-1.54415e-07
5.57029e-07
-1.55117e-07
3.62672e-07
-9.77698e-08
1.71575e-07
2.5597e-13
4.26823e-08
9.77703e-08
4.26827e-08
1.55116e-07
1.71578e-07
1.54415e-07
3.62675e-07
9.43571e-08
5.57033e-07
6.71122e-07
-1.20575e-07
-1.20575e-07
9.12241e-07
-1.97722e-07
-1.25162e-07
7.59315e-07
-1.98836e-07
-1.33319e-07
4.97083e-07
-1.25835e-07
-1.41203e-07
2.39755e-07
6.92879e-13
-1.47046e-07
6.38716e-08
1.25836e-07
-1.47046e-07
6.38727e-08
1.98836e-07
-1.41203e-07
2.39759e-07
1.97722e-07
-1.33319e-07
4.97088e-07
1.20575e-07
-1.25161e-07
7.59321e-07
-1.20575e-07
9.12248e-07
-1.25163e-07
-1.97722e-07
7.59321e-07
-2.0545e-07
-2.05449e-07
5.97348e-07
-2.06724e-07
-2.19237e-07
3.18358e-07
-1.31106e-07
-2.32559e-07
4.5047e-08
1.24722e-13
-2.42507e-07
-1.4359e-07
1.31107e-07
-2.42507e-07
-1.43589e-07
2.06723e-07
-2.32559e-07
4.50505e-08
2.05448e-07
-2.19237e-07
3.18362e-07
1.25162e-07
-2.05448e-07
5.97353e-07
-1.97722e-07
7.59326e-07
-1.3332e-07
-1.98834e-07
4.97077e-07
-2.19238e-07
-2.06722e-07
3.18345e-07
-2.20861e-07
-2.20859e-07
8.1367e-09
-1.40624e-07
-2.34501e-07
-2.95142e-07
1.41924e-12
-2.44776e-07
-5.08135e-07
1.40627e-07
-2.44777e-07
-5.08134e-07
2.20863e-07
-2.34501e-07
-2.95137e-07
2.19238e-07
-2.2086e-07
8.14304e-09
1.3332e-07
-2.0672e-07
3.18353e-07
-1.98834e-07
4.97085e-07
-1.41204e-07
-1.25835e-07
2.39764e-07
-2.3256e-07
-1.31105e-07
4.50502e-08
-2.34504e-07
-1.40624e-07
-2.95126e-07
-1.49806e-07
-1.49804e-07
-6.26958e-07
-1.81565e-13
-1.56849e-07
-8.63283e-07
1.49805e-07
-1.56849e-07
-8.63282e-07
2.34502e-07
-1.49804e-07
-6.26955e-07
2.32558e-07
-1.40624e-07
-2.95122e-07
1.41201e-07
-1.31105e-07
4.50557e-08
-1.25836e-07
2.39769e-07
-1.47047e-07
1.7422e-12
6.3861e-08
-2.42508e-07
2.39341e-12
-1.43606e-07
-2.44778e-07
2.41707e-12
-5.08139e-07
-1.56849e-07
2.51798e-12
-8.63303e-07
1.81821e-12
2.69223e-12
-1.11973e-06
1.56852e-07
2.34739e-12
-1.11973e-06
2.44781e-07
2.98538e-12
-8.63298e-07
2.42509e-07
1.89723e-12
-5.08132e-07
1.47046e-07
3.47365e-12
-1.43598e-07
9.45413e-13
6.38693e-08
-1.47046e-07
1.25835e-07
6.38789e-08
-2.42508e-07
1.31107e-07
-1.43588e-07
-2.44779e-07
1.40625e-07
-5.0812e-07
-1.5685e-07
1.49806e-07
-8.63284e-07
-1.1743e-13
1.56851e-07
-1.11971e-06
1.5685e-07
1.56851e-07
-1.11971e-06
2.44777e-07
1.49807e-07
-8.63281e-07
2.42505e-07
1.40625e-07
-5.08116e-07
1.47043e-07
1.31107e-07
-1.43582e-07
1.25833e-07
6.3883e-08
-1.41203e-07
1.98836e-07
2.39747e-07
-2.3256e-07
2.06724e-07
4.50329e-08
-2.34503e-07
2.20862e-07
-2.95143e-07
-1.49805e-07
2.34504e-07
-6.26976e-07
1.82308e-12
2.4478e-07
-8.63301e-07
1.49808e-07
2.44779e-07
-8.633e-07
2.34505e-07
2.34504e-07
-6.26971e-07
2.32561e-07
2.20861e-07
-2.95137e-07
1.41201e-07
2.06725e-07
4.50419e-08
1.98835e-07
2.39754e-07
-1.33318e-07
1.97718e-07
4.97091e-07
-2.19236e-07
2.05446e-07
3.18361e-07
-2.20861e-07
2.19234e-07
8.15177e-09
-1.40625e-07
2.32557e-07
-2.95127e-07
1.75243e-13
2.42505e-07
-5.0812e-07
1.40625e-07
2.42505e-07
-5.0812e-07
2.2086e-07
2.32558e-07
-2.95123e-07
2.19234e-07
2.19234e-07
8.15593e-09
1.33314e-07
2.05447e-07
3.18367e-07
1.97716e-07
4.97094e-07
-1.25161e-07
1.20568e-07
7.59313e-07
-2.05449e-07
1.25157e-07
5.97341e-07
-2.06723e-07
1.33314e-07
3.18351e-07
-1.31105e-07
1.41198e-07
4.50397e-08
1.34357e-12
1.47041e-07
-1.43597e-07
1.31108e-07
1.47041e-07
-1.43596e-07
2.06725e-07
1.41198e-07
4.50439e-08
2.05448e-07
1.33314e-07
3.18357e-07
1.25158e-07
1.25157e-07
5.9735e-07
1.20568e-07
7.59319e-07
-1.20573e-07
9.12239e-07
-1.9772e-07
7.59315e-07
-1.98835e-07
4.97084e-07
-1.25834e-07
2.39755e-07
8.40275e-13
6.38714e-08
1.25835e-07
6.38722e-08
1.98835e-07
2.39759e-07
1.97718e-07
4.97088e-07
1.20568e-07
7.59323e-07
9.12242e-07
-1.55821e-07
-1.55819e-07
1.22387e-06
-2.56091e-07
-1.62519e-07
1.02209e-06
-2.57872e-07
-1.74587e-07
6.73435e-07
-1.6395e-07
-1.86213e-07
3.32032e-07
1.50745e-12
-1.95048e-07
9.49529e-08
1.63953e-07
-1.95048e-07
9.49545e-08
2.57874e-07
-1.86213e-07
3.32036e-07
2.56092e-07
-1.74587e-07
6.73442e-07
1.55818e-07
-1.62519e-07
1.0221e-06
-1.55818e-07
1.22387e-06
-1.62521e-07
-2.56088e-07
1.02209e-06
-2.67428e-07
-2.67424e-07
8.07143e-07
-2.69489e-07
-2.87926e-07
4.33742e-07
-1.71795e-07
-3.07675e-07
6.87979e-08
8.18508e-13
-3.22812e-07
-1.87638e-07
1.71796e-07
-3.22813e-07
-1.87637e-07
2.6949e-07
-3.07674e-07
6.88021e-08
2.67427e-07
-2.87926e-07
4.33748e-07
1.62518e-07
-2.67424e-07
8.07151e-07
-2.56088e-07
1.0221e-06
-1.74589e-07
-2.57866e-07
6.73427e-07
-2.8793e-07
-2.69484e-07
4.33728e-07
-2.90611e-07
-2.90606e-07
1.34807e-08
-1.86188e-07
-3.10923e-07
-3.96332e-07
2.07884e-12
-3.26665e-07
-6.9049e-07
1.86192e-07
-3.26665e-07
-6.90488e-07
2.90614e-07
-3.10923e-07
-3.96327e-07
2.87931e-07
-2.90606e-07
1.34886e-08
1.74588e-07
-2.69484e-07
4.33739e-07
-2.57865e-07
6.73438e-07
-1.86216e-07
-1.63945e-07
3.32041e-07
-3.07678e-07
-1.7179e-07
6.88009e-08
-3.10929e-07
-1.86184e-07
-3.96315e-07
-2.00028e-07
-2.00023e-07
-8.48777e-07
3.01707e-13
-2.10986e-07
-1.17901e-06
2.00029e-07
-2.10987e-07
-1.17901e-06
3.10928e-07
-2.00023e-07
-8.48773e-07
3.07676e-07
-1.86184e-07
-3.9631e-07
1.86212e-07
-1.7179e-07
6.88081e-08
-1.63945e-07
3.32048e-07
-1.95051e-07
7.69241e-12
9.49414e-08
-3.22816e-07
7.19958e-12
-1.87656e-07
-3.2667e-07
6.93439e-12
-6.90494e-07
-2.10991e-07
6.69304e-12
-1.17903e-06
2.25349e-12
6.68327e-12
-1.54173e-06
2.10995e-07
6.29217e-12
-1.54173e-06
3.26673e-07
6.80002e-12
-1.17902e-06
3.22818e-07
6.3885e-12
-6.90486e-07
1.9505e-07
7.10827e-12
-1.87646e-07
8.13711e-12
9.49529e-08
-1.95051e-07
1.63957e-07
9.49608e-08
-3.22817e-07
1.71802e-07
-1.87637e-07
-3.2667e-07
1.86195e-07
-6.90475e-07
-2.10992e-07
2.00034e-07
-1.17901e-06
1.2099e-13
2.10998e-07
-1.54172e-06
2.10992e-07
2.10998e-07
-1.54171e-06
3.26669e-07
2.00035e-07
-1.17901e-06
3.22815e-07
1.86195e-07
-6.9047e-07
1.95048e-07
1.71801e-07
-1.87629e-07
1.63957e-07
9.4968e-08
-1.86217e-07
2.57878e-07
3.32023e-07
-3.07679e-07
2.69495e-07
6.87821e-08
-3.10929e-07
2.90617e-07
-3.96335e-07
-2.00028e-07
3.10934e-07
-8.48796e-07
2.06156e-12
3.26675e-07
-1.17903e-06
2.00032e-07
3.26675e-07
-1.17903e-06
3.10932e-07
3.10934e-07
-8.48791e-07
3.07681e-07
2.90616e-07
-3.96328e-07
1.86218e-07
2.69495e-07
6.87921e-08
2.57879e-07
3.32035e-07
-1.7459e-07
2.56096e-07
6.73443e-07
-2.87931e-07
2.67432e-07
4.33743e-07
-2.90612e-07
2.87933e-07
1.34957e-08
-1.8619e-07
3.07682e-07
-3.96318e-07
2.1926e-13
3.2282e-07
-6.90475e-07
1.8619e-07
3.2282e-07
-6.90475e-07
2.90611e-07
3.07682e-07
-3.96313e-07
2.87929e-07
2.87933e-07
1.35004e-08
1.74589e-07
2.67431e-07
4.3375e-07
2.56096e-07
6.7345e-07
-1.62523e-07
1.55826e-07
1.02209e-06
-2.67429e-07
1.62525e-07
8.07133e-07
-2.6949e-07
1.74593e-07
4.33732e-07
-1.71795e-07
1.86219e-07
6.87878e-08
1.4373e-12
1.95054e-07
-1.87648e-07
1.71798e-07
1.95053e-07
-1.87647e-07
2.69491e-07
1.86219e-07
6.87931e-08
2.6743e-07
1.74593e-07
4.33738e-07
1.62524e-07
1.62525e-07
8.07142e-07
1.55827e-07
1.0221e-06
-1.55824e-07
1.22387e-06
-2.56093e-07
1.02209e-06
-2.57873e-07
6.73439e-07
-1.63951e-07
3.32036e-07
7.21358e-13
9.49571e-08
1.63952e-07
9.49578e-08
2.57873e-07
3.32041e-07
2.56094e-07
6.73444e-07
1.55824e-07
1.0221e-06
1.22388e-06
-2.02493e-07
-2.02493e-07
1.62883e-06
-3.3361e-07
-2.12288e-07
1.36547e-06
-3.36461e-07
-2.30174e-07
9.06439e-07
-2.15039e-07
-2.47355e-07
4.57945e-07
1.19133e-12
-2.6077e-07
1.40662e-07
2.15042e-07
-2.6077e-07
1.40663e-07
3.36462e-07
-2.47355e-07
4.5795e-07
3.33611e-07
-2.30174e-07
9.06447e-07
2.02494e-07
-2.12287e-07
1.36548e-06
-2.02493e-07
1.62884e-06
-2.12288e-07
-3.33611e-07
1.36548e-06
-3.50264e-07
-3.50264e-07
1.08307e-06
-3.53607e-07
-3.80818e-07
5.87707e-07
-2.26752e-07
-4.10162e-07
1.04729e-07
6.3853e-13
-4.3331e-07
-2.4187e-07
2.26753e-07
-4.3331e-07
-2.41869e-07
3.53606e-07
-4.10162e-07
1.04734e-07
3.50263e-07
-3.80817e-07
5.87714e-07
2.12287e-07
-3.50263e-07
1.08308e-06
-3.33612e-07
1.36549e-06
-2.30175e-07
-3.36461e-07
9.06431e-07
-3.80817e-07
-3.53606e-07
5.87692e-07
-3.85258e-07
-3.85259e-07
2.2342e-08
-2.48609e-07
-4.15619e-07
-5.27546e-07
2.09097e-12
-4.3988e-07
-9.32551e-07
2.48613e-07
-4.3988e-07
-9.32549e-07
3.85261e-07
-4.15618e-07
-5.2754e-07
3.80819e-07
-3.85259e-07
2.23511e-08
2.30175e-07
-3.53605e-07
5.87704e-07
-3.36461e-07
9.06443e-07
-2.47355e-07
-2.15041e-07
4.57953e-07
-4.10162e-07
-2.26752e-07
1.04732e-07
-4.15619e-07
-2.4861e-07
-5.27529e-07
-2.69568e-07
-2.69568e-07
-1.1409e-06
3.3461e-13
-2.86766e-07
-1.60171e-06
2.69568e-07
-2.86766e-07
-1.60171e-06
4.15618e-07
-2.69567e-07
-1.1409e-06
4.1016e-07
-2.4861e-07
-5.27523e-07
2.47352e-07
-2.26751e-07
1.0474e-07
-2.15043e-07
4.5796e-07
-2.60769e-07
-4.17463e-14
1.40647e-07
-4.3331e-07
7.72679e-13
-2.41891e-07
-4.3988e-07
7.87197e-13
-9.32556e-07
-2.86765e-07
9.30962e-13
-1.60173e-06
2.60653e-12
1.14095e-12
-2.11529e-06
2.8677e-07
7.91506e-13
-2.11529e-06
4.39884e-07
1.53295e-12
-1.60173e-06
4.33312e-07
3.36768e-13
-9.32547e-07
2.60769e-07
2.08182e-12
-2.41878e-07
-7.90058e-13
1.40659e-07
-2.60769e-07
2.15038e-07
1.40667e-07
-4.33309e-07
2.26751e-07
-2.4187e-07
-4.3988e-07
2.48609e-07
-9.32536e-07
-2.86766e-07
2.69568e-07
-1.60171e-06
4.88319e-13
2.86766e-07
-2.11527e-06
2.86766e-07
2.86766e-07
-2.11527e-06
4.3988e-07
2.69568e-07
-1.60171e-06
4.33307e-07
2.48609e-07
-9.32529e-07
2.60765e-07
2.26752e-07
-2.4186e-07
2.15036e-07
1.40674e-07
-2.47354e-07
3.36459e-07
4.57932e-07
-4.10161e-07
3.53606e-07
1.04711e-07
-4.15618e-07
3.85258e-07
-5.2755e-07
-2.69566e-07
4.15618e-07
-1.14092e-06
2.65472e-12
4.3988e-07
-1.60173e-06
2.69571e-07
4.3988e-07
-1.60173e-06
4.15622e-07
4.15618e-07
-1.14091e-06
4.10163e-07
3.85257e-07
-5.27541e-07
2.47353e-07
3.53607e-07
1.04725e-07
3.36459e-07
4.57944e-07
-2.30173e-07
3.33605e-07
9.06446e-07
-3.80816e-07
3.5026e-07
5.87708e-07
-3.85258e-07
3.80814e-07
2.23578e-08
-2.48609e-07
4.10158e-07
-5.27531e-07
8.33882e-13
4.33307e-07
-9.32535e-07
2.4861e-07
4.33306e-07
-9.32534e-07
3.85258e-07
4.10159e-07
-5.27526e-07
3.80814e-07
3.80813e-07
2.23644e-08
2.30168e-07
3.5026e-07
5.87718e-07
3.33603e-07
9.06452e-07
-2.12286e-07
2.02485e-07
1.36547e-06
-3.50262e-07
2.12281e-07
1.08307e-06
-3.53606e-07
2.30167e-07
5.87698e-07
-2.2675e-07
2.47348e-07
1.04719e-07
2.12115e-12
2.60763e-07
-2.4188e-07
2.26754e-07
2.60763e-07
-2.41879e-07
3.53608e-07
2.47348e-07
1.04726e-07
3.50263e-07
2.30167e-07
5.87706e-07
2.12283e-07
2.12281e-07
1.08308e-06
2.02484e-07
1.36548e-06
-2.0249e-07
1.62883e-06
-3.33608e-07
1.36547e-06
-3.3646e-07
9.06437e-07
-2.15039e-07
4.57942e-07
1.52864e-12
1.40659e-07
2.15041e-07
1.4066e-07
3.36461e-07
4.57948e-07
3.33606e-07
9.06444e-07
2.02485e-07
1.36548e-06
1.62883e-06
-2.63646e-07
-2.63644e-07
2.15611e-06
-4.35536e-07
-2.77949e-07
1.8153e-06
-4.40104e-07
-3.04448e-07
1.21544e-06
-2.82964e-07
-3.29834e-07
6.30624e-07
2.57807e-12
-3.50252e-07
2.07933e-07
2.82968e-07
-3.50252e-07
2.07936e-07
4.40107e-07
-3.29834e-07
6.30631e-07
4.35537e-07
-3.04449e-07
1.21545e-06
2.63643e-07
-2.77949e-07
1.81531e-06
-2.63643e-07
2.15612e-06
-2.77951e-07
-4.35531e-07
1.8153e-06
-4.59982e-07
-4.59978e-07
1.44712e-06
-4.65407e-07
-5.05512e-07
7.9418e-07
-3.00469e-07
-5.49131e-07
1.59072e-07
1.71458e-12
-5.84637e-07
-3.07972e-07
3.00472e-07
-5.84638e-07
-3.0797e-07
4.65409e-07
-5.49131e-07
1.59078e-07
4.59982e-07
-5.05513e-07
7.94189e-07
2.77948e-07
-4.59978e-07
1.44713e-06
-4.35531e-07
1.81531e-06
-3.04451e-07
-4.40097e-07
1.21543e-06
-5.05517e-07
-4.65401e-07
7.94164e-07
-5.12885e-07
-5.1288e-07
3.70606e-08
-3.3374e-07
-5.58308e-07
-6.97531e-07
3.18941e-12
-5.95877e-07
-1.25507e-06
3.33746e-07
-5.95877e-07
-1.25507e-06
5.1289e-07
-5.58308e-07
-6.97523e-07
5.0552e-07
-5.1288e-07
3.70721e-08
3.0445e-07
-4.65401e-07
7.94179e-07
-4.40096e-07
1.21545e-06
-3.29836e-07
-2.82957e-07
6.30631e-07
-5.49135e-07
-3.00462e-07
1.59073e-07
-5.58315e-07
-3.33734e-07
-6.97513e-07
-3.65573e-07
-3.65566e-07
-1.5264e-06
1.13523e-12
-3.92726e-07
-2.17045e-06
3.65575e-07
-3.92727e-07
-2.17045e-06
5.58315e-07
-3.65566e-07
-1.5264e-06
5.49134e-07
-3.33735e-07
-6.97505e-07
3.29833e-07
-3.00463e-07
1.59084e-07
-2.82958e-07
6.30643e-07
-3.50255e-07
9.89083e-12
2.07918e-07
-5.84642e-07
9.1839e-12
-3.07995e-07
-5.95883e-07
8.83235e-12
-1.25508e-06
-3.92732e-07
8.45728e-12
-2.17048e-06
3.27948e-12
8.35723e-12
-2.90078e-06
3.92738e-07
7.88514e-12
-2.90078e-06
5.95888e-07
8.47391e-12
-2.17047e-06
5.84646e-07
8.07963e-12
-1.25507e-06
3.50256e-07
8.91422e-12
-3.07979e-07
1.0342e-11
2.07935e-07
-3.50256e-07
2.82975e-07
2.07938e-07
-5.84643e-07
3.00479e-07
-3.07974e-07
-5.95883e-07
3.33751e-07
-1.25506e-06
-3.92734e-07
3.65582e-07
-2.17046e-06
8.40018e-13
3.92742e-07
-2.90076e-06
3.92735e-07
3.92742e-07
-2.90076e-06
5.95884e-07
3.65582e-07
-2.17045e-06
5.84642e-07
3.3375e-07
-1.25505e-06
3.50253e-07
3.00478e-07
-3.07963e-07
2.82974e-07
2.07951e-07
-3.29838e-07
4.40113e-07
6.30612e-07
-5.49137e-07
4.65416e-07
1.59053e-07
-5.58315e-07
5.12894e-07
-6.97535e-07
-3.65572e-07
5.58322e-07
-1.52643e-06
2.99101e-12
5.9589e-07
-2.17048e-06
3.65578e-07
5.9589e-07
-2.17047e-06
5.5832e-07
5.58322e-07
-1.52642e-06
5.4914e-07
5.12893e-07
-6.97524e-07
3.29839e-07
4.65415e-07
1.59067e-07
4.40114e-07
6.30629e-07
-3.04453e-07
4.35543e-07
1.21545e-06
-5.05519e-07
4.59988e-07
7.94179e-07
-5.12887e-07
5.05523e-07
3.70747e-08
-3.33742e-07
5.49141e-07
-6.97517e-07
8.96083e-13
5.84648e-07
-1.25506e-06
3.33744e-07
5.84648e-07
-1.25506e-06
5.12887e-07
5.49141e-07
-6.9751e-07
5.05518e-07
5.05523e-07
3.70823e-08
3.04452e-07
4.59988e-07
7.9419e-07
4.35543e-07
1.21546e-06
-2.77954e-07
2.63653e-07
1.81529e-06
-4.59984e-07
2.77956e-07
1.4471e-06
-4.65409e-07
3.04456e-07
7.94167e-07
-3.0047e-07
3.29841e-07
1.59059e-07
2.24114e-12
3.50259e-07
-3.07986e-07
3.00474e-07
3.50259e-07
-3.07984e-07
4.65412e-07
3.2984e-07
1.59066e-07
4.59986e-07
3.04455e-07
7.94176e-07
2.77955e-07
2.77956e-07
1.44712e-06
2.63654e-07
1.81531e-06
-2.6365e-07
2.15611e-06
-4.35539e-07
1.8153e-06
-4.40106e-07
1.21544e-06
-2.82965e-07
6.30626e-07
1.41301e-12
2.07935e-07
2.82968e-07
2.07936e-07
4.40107e-07
6.30633e-07
4.3554e-07
1.21545e-06
2.63651e-07
1.81531e-06
2.15613e-06
-3.43154e-07
-3.43154e-07
-5.68559e-07
-3.6399e-07
-5.75864e-07
-4.03186e-07
-3.72781e-07
-4.40646e-07
1.99098e-12
-4.71773e-07
3.72785e-07
-4.71774e-07
5.75866e-07
-4.40645e-07
5.6856e-07
-4.03186e-07
3.43155e-07
-3.63989e-07
-3.43155e-07
-3.63989e-07
-5.68561e-07
-6.04365e-07
-6.04367e-07
-6.13161e-07
-6.7215e-07
-3.98948e-07
-7.36936e-07
1.40327e-12
-7.91526e-07
3.9895e-07
-7.91526e-07
6.13161e-07
-7.36935e-07
6.04365e-07
-6.7215e-07
3.63989e-07
-6.04366e-07
-5.68562e-07
-4.03185e-07
-5.75868e-07
-6.72148e-07
-6.13164e-07
-6.84375e-07
-6.84378e-07
-4.4967e-07
-7.52388e-07
3.03915e-12
-8.10801e-07
4.49676e-07
-8.10801e-07
6.84379e-07
-7.52387e-07
6.72151e-07
-6.84378e-07
4.03187e-07
-6.13162e-07
-5.75867e-07
-4.40644e-07
-3.72786e-07
-7.36934e-07
-3.98951e-07
-7.52385e-07
-4.49674e-07
-4.98126e-07
-4.98129e-07
1.13708e-12
-5.41295e-07
4.98128e-07
-5.41295e-07
7.52385e-07
-4.98128e-07
7.36933e-07
-4.49674e-07
4.40642e-07
-3.9895e-07
-3.72787e-07
-4.71772e-07
-2.28579e-12
-7.91524e-07
-1.43846e-12
-8.10797e-07
-1.47791e-12
-5.41291e-07
-1.33366e-12
3.70599e-12
-1.13251e-12
5.41298e-07
-1.41159e-12
8.10802e-07
-6.52779e-13
7.91527e-07
-1.70489e-12
4.71773e-07
1.64666e-14
-3.26806e-12
-4.71771e-07
3.72778e-07
-7.91524e-07
3.98946e-07
-8.10798e-07
4.4967e-07
-5.41292e-07
4.98125e-07
1.39683e-12
5.41291e-07
5.41294e-07
5.41291e-07
8.10798e-07
4.98126e-07
7.91522e-07
4.49669e-07
4.71768e-07
3.98947e-07
3.72776e-07
-4.40643e-07
5.75861e-07
-7.36933e-07
6.13158e-07
-7.52384e-07
6.84372e-07
-4.98125e-07
7.52383e-07
3.80727e-12
8.10795e-07
4.98132e-07
8.10795e-07
7.5239e-07
7.52383e-07
7.36936e-07
6.84372e-07
4.40642e-07
6.13159e-07
5.7586e-07
-4.03183e-07
5.68552e-07
-6.72146e-07
6.0436e-07
-6.84374e-07
6.72143e-07
-4.4967e-07
7.3693e-07
1.76114e-12
7.9152e-07
4.49673e-07
7.9152e-07
6.84376e-07
7.3693e-07
6.72145e-07
6.72142e-07
4.03178e-07
6.0436e-07
5.6855e-07
-3.63987e-07
3.43143e-07
-6.04363e-07
3.6398e-07
-6.1316e-07
4.03176e-07
-3.98947e-07
4.40636e-07
3.20848e-12
4.71764e-07
3.98952e-07
4.71764e-07
6.13164e-07
4.40636e-07
6.04365e-07
4.03176e-07
3.63984e-07
3.63981e-07
3.43143e-07
-3.4315e-07
-5.68556e-07
-5.75863e-07
-3.7278e-07
2.53419e-12
3.72784e-07
5.75866e-07
5.68556e-07
3.43145e-07
)
;

boundaryField
{
    bottom
    {
        type            calculated;
        value           uniform 0;
    }
    atmosphere
    {
        type            calculated;
        value           nonuniform List<scalar> 0();
    }
    walls
    {
        type            calculated;
        value           uniform 0;
    }
    procBoundary3to2
    {
        type            processor;
        value           nonuniform List<scalar> 
100
(
2.84239e-06
2.40466e-06
1.6259e-06
8.68159e-07
3.06897e-07
3.06899e-07
8.68166e-07
1.62591e-06
2.40468e-06
2.8424e-06
2.40467e-06
1.92784e-06
1.07191e-06
2.41124e-07
-3.87195e-07
-3.87193e-07
2.41131e-07
1.07192e-06
1.92786e-06
2.40468e-06
1.6259e-06
1.0719e-06
6.14907e-08
-9.16808e-07
-1.68549e-06
-1.68549e-06
-9.168e-07
6.15026e-08
1.07192e-06
1.62591e-06
8.68165e-07
2.41124e-07
-9.16792e-07
-2.03495e-06
-2.93811e-06
-2.93811e-06
-2.03494e-06
-9.16783e-07
2.41138e-07
8.68176e-07
3.0688e-07
-3.87218e-07
-1.6855e-06
-2.93814e-06
-3.98339e-06
-3.98339e-06
-2.93813e-06
-1.68549e-06
-3.872e-07
3.06895e-07
3.069e-07
-3.87197e-07
-1.68548e-06
-2.93812e-06
-3.98337e-06
-3.98337e-06
-2.93811e-06
-1.68547e-06
-3.87183e-07
3.0691e-07
8.68145e-07
2.41105e-07
-9.16813e-07
-2.03497e-06
-2.93814e-06
-2.93813e-06
-2.03496e-06
-9.16801e-07
2.41122e-07
8.68159e-07
1.62591e-06
1.07191e-06
6.15046e-08
-9.16795e-07
-1.68548e-06
-1.68548e-06
-9.16788e-07
6.15141e-08
1.07193e-06
1.62592e-06
2.40466e-06
1.92783e-06
1.0719e-06
2.41113e-07
-3.87206e-07
-3.87204e-07
2.41121e-07
1.07192e-06
1.92785e-06
2.40467e-06
2.84238e-06
2.40466e-06
1.6259e-06
8.68153e-07
3.06891e-07
3.06893e-07
8.68161e-07
1.62591e-06
2.40468e-06
2.84239e-06
)
;
    }
}


// ************************************************************************* //
