/*--------------------------------*- C++ -*----------------------------------*\
| =========                 |                                                 |
| \\      /  F ield         | OpenFOAM: The Open Source CFD Toolbox           |
|  \\    /   O peration     | Version:  2412                                  |
|   \\  /    A nd           | Website:  www.openfoam.com                      |
|    \\/     M anipulation  |                                                 |
\*---------------------------------------------------------------------------*/
FoamFile
{
    version     2.0;
    format      ascii;
    arch        "LSB;label=32;scalar=64";
    class       surfaceScalarField;
    location    "0.62";
    object      phi;
}
// * * * * * * * * * * * * * * * * * * * * * * * * * * * * * * * * * * * * * //

dimensions      [0 3 -1 0 0 0 0];

oriented        oriented;

internalField   nonuniform List<scalar> 
2700
(
-0.00022686
-0.000226856
0.00909535
-0.000395612
-0.000247506
0.00659021
-0.000440942
0.000498912
0.00364322
-0.000265018
-5.93254e-05
-0.00205787
-6.32684e-08
-0.000137169
-0.00343487
0.000264657
-0.000137134
-0.00343481
0.000440684
-5.92461e-05
-0.00205856
0.000395643
0.00049918
0.00364276
0.000226875
-0.000247464
0.00659022
-0.000226852
0.00909534
-0.000247515
-0.000395605
0.00659021
-0.000708557
-0.000708551
0.00625958
-0.000399443
-3.22577e-05
0.00458417
-0.000137224
-0.000256606
-0.0023856
-5.03759e-09
-0.000234932
-0.00391955
0.000137207
-0.000234913
-0.00391957
0.00039944
-0.000256563
-0.00238544
0.000708563
-3.20497e-05
0.00458424
0.000247517
-0.000708521
0.0062596
-0.000395614
0.00659023
0.000498871
-0.000440986
0.0036433
-3.22816e-05
-0.000399445
0.00458417
0.000126721
0.000126708
0.00386806
0.000193371
6.33719e-05
-0.0013112
-7.08454e-09
-1.71269e-05
-0.00369469
-0.000193413
-1.71304e-05
-0.00369469
-0.000126778
6.33534e-05
-0.00131103
3.22218e-05
0.00012674
0.00386813
-0.000498962
-0.000399436
0.00458421
-0.000440903
0.00364312
-5.93405e-05
-0.000265083
-0.00205774
-0.000256614
-0.000137227
-0.00238561
6.33809e-05
0.000193364
-0.00131122
0.000127525
0.000127521
-0.00236691
-6.50384e-09
5.09032e-05
-0.00409616
-0.000127538
5.08959e-05
-0.00409615
-6.33968e-05
0.000127522
-0.00236687
0.00025658
0.000193388
-0.00131112
5.92969e-05
-0.00013721
-0.00238554
-0.000264968
-0.00205797
-0.000137164
-8.83293e-08
-0.00343485
-0.000234927
-8.96008e-09
-0.00391954
-1.71214e-05
-1.09157e-08
-0.00369468
5.09118e-05
-1.19538e-08
-0.00409616
-6.84119e-09
-1.56334e-08
-0.00469091
-5.092e-05
-1.87803e-08
-0.00469089
1.71121e-05
-1.04091e-08
-0.00409615
0.000234889
-9.6528e-09
-0.00369467
0.000137117
-7.77369e-09
-0.00391954
-6.92757e-08
-0.00343479
-0.00013712
0.000264555
-0.00343478
-0.000234904
0.0001372
-0.00391958
-1.71316e-05
-0.000193425
-0.00369468
5.08942e-05
-0.000127543
-0.00409614
-9.98843e-09
-5.09177e-05
-0.00469087
-5.09011e-05
-5.0909e-05
-0.00469083
1.7125e-05
-0.000127541
-0.00409613
0.00023487
-0.000193438
-0.00369467
0.000137081
0.000137189
-0.00391957
0.000264538
-0.00343474
-5.92242e-05
0.000440602
-0.00205877
-0.000256551
0.000399443
-0.00238539
6.33528e-05
-0.000126787
-0.00131098
0.000127525
-6.33947e-05
-0.00236686
-5.00043e-09
1.71169e-05
-0.00409614
-0.000127535
1.71233e-05
-0.00409613
-6.33701e-05
-6.33774e-05
-0.00236684
0.000256537
-0.000126798
-0.00131094
5.92044e-05
0.000399436
-0.00238536
0.000440582
-0.00205879
0.000499283
0.000395652
0.0036426
-3.19488e-05
0.000708568
0.00458426
0.00012677
3.22137e-05
0.00386815
0.000193405
0.000256577
-0.00131106
-5.20979e-09
0.000234895
-0.00369466
-0.000193435
0.000234878
-0.00369466
-0.000126809
0.000256546
-0.00131094
3.19292e-05
3.20398e-05
0.00386819
-0.000499312
0.000708538
0.00458429
0.000395649
0.00364254
-0.000247443
0.000226881
0.00659021
-0.000708503
0.00024752
0.0062596
-0.000399429
-0.000498987
0.00458423
-0.000137205
5.92859e-05
-0.00238552
-3.77267e-09
0.000137122
-0.00391953
0.000137193
0.000137092
-0.00391955
0.000399428
5.92203e-05
-0.00238539
0.000708512
-0.000499208
0.00458429
0.000247451
0.00024748
0.00625961
0.000226874
0.00659022
-0.000226849
0.00909534
-0.000395612
0.00659023
-0.000440861
0.00364302
-0.00026491
-0.00205808
-4.93781e-08
-0.00343479
0.000264621
-0.00343475
0.00044065
-0.00205861
0.000395636
0.00364267
0.000226861
0.00659023
0.00909533
-0.000342682
-0.000342674
0.00978071
-0.000581744
-0.000226134
0.00705541
-0.000467013
-0.000181006
0.00370949
-0.000252053
-5.17513e-05
-0.00222108
1.20361e-07
-0.000114708
-0.00357233
0.000252249
-0.000114709
-0.00357223
0.00046691
-5.19747e-05
-0.00222125
0.000581596
-0.000180873
0.00370894
0.000342711
-0.000226131
0.00705524
-0.000342667
0.00978072
-0.000226135
-0.000581766
0.00705543
-0.00068754
-0.000687538
0.00718239
-0.000353517
-0.000497555
0.0045667
-0.00012897
-0.000198144
-0.00246375
-3.52467e-09
-0.000193867
-0.00396936
0.000128967
-0.000193872
-0.00396938
0.000353534
-0.00019828
-0.0024637
0.000687561
-0.000497435
0.00456678
0.000226151
-0.000687535
0.00718241
-0.000581699
0.00705541
-0.000181023
-0.000467032
0.00370959
-0.000497565
-0.000353517
0.0045667
3.95179e-05
3.95027e-05
0.00279392
0.000131845
5.85083e-05
-0.00166018
-7.42893e-09
-2.39606e-05
-0.00373275
-0.000131875
-2.39651e-05
-0.00373273
-3.95634e-05
5.84988e-05
-0.00166012
0.000497522
3.94961e-05
0.00279411
0.000180979
-0.000353523
0.00456674
-0.000466992
0.00370939
-5.17163e-05
-0.000252019
-0.00222104
-0.000198122
-0.000128969
-0.00246376
5.85103e-05
0.000131838
-0.00166019
0.000113769
0.000113768
-0.00247742
-3.01774e-09
3.97972e-05
-0.00404615
-0.000113772
3.97938e-05
-0.00404614
-5.85126e-05
0.000113771
-0.0024774
0.00019816
0.000131848
-0.00166015
5.17895e-05
-0.000128959
-0.00246374
-0.000252053
-0.00222112
-0.0001147
1.76676e-07
-0.00357235
-0.000193859
-6.59521e-09
-0.00396935
-2.39561e-05
-1.15571e-08
-0.00373274
3.98027e-05
-6.00226e-09
-0.00404615
-5.06485e-09
-1.18697e-08
-0.00461129
-3.98086e-05
-1.38763e-08
-0.00461128
2.39518e-05
-4.45761e-09
-0.00404614
0.000193845
-1.0553e-08
-0.00373271
0.000114683
-6.48755e-09
-0.00396933
1.43668e-07
-0.00357231
-0.000114706
0.000252309
-0.0035722
-0.00019387
0.000128962
-0.00396938
-2.39664e-05
-0.000131884
-0.00373271
3.97949e-05
-0.000113777
-0.00404613
-7.05992e-09
-3.98097e-05
-0.00461127
-3.98007e-05
-3.98062e-05
-0.00461125
2.39626e-05
-0.000113778
-0.00404612
0.000193854
-0.000131888
-0.00373268
0.000114689
0.000128952
-0.00396936
0.000252286
-0.00357219
-5.20388e-05
0.000466885
-0.00222131
-0.000198317
0.000353541
-0.00246369
5.84962e-05
-3.95742e-05
-0.00166011
0.000113773
-5.85177e-05
-0.0024774
-1.52657e-09
2.39531e-05
-0.00404613
-0.000113774
2.39583e-05
-0.00404612
-5.85e-05
-5.85092e-05
-0.00247739
0.000198315
-3.95577e-05
-0.00166009
5.20427e-05
0.000353543
-0.00246368
0.000466877
-0.00222134
-0.000180818
0.00058156
0.00370874
-0.000497375
0.000687573
0.00456679
3.95039e-05
0.000497516
0.00279418
0.000131861
0.00019818
-0.00166012
-6.05199e-09
0.000193852
-0.0037327
-0.000131884
0.000193855
-0.00373268
-3.95409e-05
0.000198282
-0.00166008
0.000497351
0.000497409
0.00279433
0.000180792
0.000687563
0.00456683
0.000581545
0.00370867
-0.000226121
0.000342724
0.00705517
-0.000687525
0.000226159
0.00718242
-0.000353523
0.000180975
0.00456677
-0.00012896
5.18219e-05
-0.00246372
-3.17238e-09
0.000114691
-0.00396932
0.000128957
0.000114691
-0.00396935
0.000353537
5.1988e-05
-0.00246368
0.000687541
0.00018085
0.00456685
0.000226131
0.000226151
0.00718243
0.000342711
0.00705518
-0.000342662
0.00978072
-0.000581667
0.00705539
-0.000466973
0.0037093
-0.000252083
-0.00222115
9.2628e-08
-0.00357228
0.000252231
-0.0035722
0.000466896
-0.00222129
0.000581564
0.00370885
0.000342687
0.00705526
0.00978073
-0.000420168
-0.000420165
0.010621
-0.000652959
-0.000287585
0.00757578
-0.000449042
-0.000629764
0.00413534
-0.000220241
-4.38243e-05
-0.00240606
4.64248e-08
-9.74348e-05
-0.00369519
0.000220469
-9.74499e-05
-0.00369521
0.000449121
-4.39476e-05
-0.00240596
0.000652857
-0.000629934
0.00413514
0.000420173
-0.000287615
0.00757554
-0.000420154
0.010621
-0.00028758
-0.000652975
0.00757582
-0.000663979
-0.000663983
0.00793519
-0.000280554
-0.000731431
0.00428494
-0.000105788
-0.000138286
-0.00254406
2.81143e-10
-0.000158616
-0.00401397
0.000105795
-0.000158632
-0.00401399
0.000280573
-0.00013835
-0.00254408
0.000663997
-0.000731494
0.00428491
0.000287599
-0.000664003
0.0079352
-0.000652926
0.00757578
-0.000629736
-0.000449029
0.00413538
-0.000731419
-0.000280554
0.00428495
-2.60713e-05
-2.60766e-05
0.00138322
7.63018e-05
6.0142e-05
-0.00196098
-4.44387e-09
-2.78785e-05
-0.00378718
-7.63155e-05
-2.78841e-05
-0.00378717
2.60585e-05
6.01421e-05
-0.00196099
0.000731435
-2.60832e-05
0.00138332
0.000629791
-0.000280566
0.00428495
-0.000449054
0.00413531
-4.38041e-05
-0.000220193
-0.00240607
-0.000138277
-0.000105786
-0.00254405
6.01406e-05
7.62968e-05
-0.00196098
0.000101749
0.000101748
-0.00256064
-1.56536e-09
3.46871e-05
-0.00400696
-0.00010175
3.46846e-05
-0.00400696
-6.01365e-05
0.000101749
-0.00256062
0.000138305
7.62977e-05
-0.00196097
4.38507e-05
-0.000105787
-0.00254406
-0.000220245
-0.00240608
-9.74287e-05
6.50796e-08
-0.00369518
-0.00015861
3.78528e-10
-0.00401395
-2.78756e-05
-7.36173e-09
-0.00378717
3.46908e-05
-3.82245e-09
-0.00400696
-2.71192e-09
-7.09339e-09
-0.00454191
-3.46937e-05
-8.39611e-09
-0.0045419
2.78758e-05
-3.03834e-09
-0.00400695
0.000158614
-7.23744e-09
-0.00378714
9.74319e-05
-1.85064e-10
-0.00401393
5.3111e-08
-0.00369517
-9.74537e-05
0.000220528
-0.00369521
-0.000158638
0.000105795
-0.00401399
-2.78869e-05
-7.63196e-05
-0.00378715
3.46854e-05
-0.000101752
-0.00400695
-4.00907e-09
-3.46951e-05
-0.00454189
-3.46887e-05
-3.46929e-05
-0.00454188
2.78867e-05
-0.000101752
-0.00400695
0.000158638
-7.63187e-05
-0.00378712
9.74521e-05
0.000105793
-0.00401397
0.000220517
-0.0036952
-4.39851e-05
0.00044914
-0.00240594
-0.00013837
0.00028058
-0.00254409
6.01399e-05
2.60519e-05
-0.00196099
0.00010175
-6.01426e-05
-0.00256062
-8.16627e-10
2.78757e-05
-0.00400695
-0.00010175
2.78812e-05
-0.00400695
-6.01365e-05
-6.0143e-05
-0.00256061
0.000138378
2.60588e-05
-0.00196098
4.39959e-05
0.000280588
-0.00254409
0.000449138
-0.00240597
-0.000629984
0.000652825
0.00413504
-0.000731509
0.000664008
0.00428488
-2.60833e-05
0.000731442
0.00138336
7.63037e-05
0.00013831
-0.00196095
-4.06388e-09
0.000158618
-0.00378713
-7.63154e-05
0.000158631
-0.00378712
2.60705e-05
0.000138359
-0.00196096
0.000731507
0.00073149
0.00138346
0.000629988
0.000664025
0.00428491
0.0006528
0.004135
-0.000287622
0.000420179
0.00757544
-0.000664005
0.00028761
0.0079352
-0.000280568
0.00062982
0.00428496
-0.000105788
4.38676e-05
-0.00254406
1.40102e-10
9.74371e-05
-0.00401393
0.000105793
9.74485e-05
-0.00401395
0.000280583
4.39647e-05
-0.00254407
0.000664018
0.000629945
0.00428496
0.000287631
0.000287632
0.00793521
0.00042017
0.00757544
-0.000420145
0.010621
-0.000652901
0.00757576
-0.000449063
0.00413528
-0.000220285
-0.00240606
3.6993e-08
-0.00369516
0.000220466
-0.00369518
0.000449118
-0.00240598
0.000652816
0.0041351
0.000420153
0.00757555
0.010621
-0.000381921
-0.000381922
0.0113849
-0.000610408
-0.000383345
0.00818762
-0.000426772
-0.000648252
0.00459995
-0.000204124
-2.7864e-05
-0.00260084
-3.3335e-08
-9.33397e-05
-0.00380594
0.000204104
-9.3346e-05
-0.003806
0.0004268
-2.78389e-05
-0.00260081
0.0006104
-0.0006484
0.00459994
0.000381911
-0.000383381
0.00818741
-0.000381917
0.0113849
-0.000383338
-0.000610411
0.00818765
-0.00067393
-0.000673936
0.00851637
-0.00023625
-0.00067909
0.0038781
-8.6651e-05
-7.95277e-05
-0.00264199
5.08963e-09
-0.000136602
-0.00405736
8.66613e-05
-0.000136614
-0.00405738
0.000236262
-7.95085e-05
-0.00264201
0.000673939
-0.000679153
0.00387799
0.000383352
-0.000673963
0.00851637
-0.000610408
0.00818762
-0.000648227
-0.000426767
0.00459997
-0.00067908
-0.000236253
0.00387812
-6.91019e-05
-6.91046e-05
0.000163254
4.8304e-05
6.4749e-05
-0.00222267
-2.2835e-09
-2.69088e-05
-0.00384856
-4.83104e-05
-2.69128e-05
-0.00384856
6.90944e-05
6.4753e-05
-0.00222265
0.0006791
-6.91064e-05
0.000163271
0.000648273
-0.000236263
0.00387808
-0.000426783
0.00459996
-2.78658e-05
-0.000204127
-0.00260084
-7.95309e-05
-8.66515e-05
-0.00264199
6.4748e-05
4.83012e-05
-0.00222266
9.71534e-05
9.71527e-05
-0.00262545
-8.68679e-10
3.38602e-05
-0.00397058
-9.71544e-05
3.38582e-05
-0.00397058
-6.47471e-05
9.7155e-05
-0.00262543
7.95295e-05
4.83023e-05
-0.00222266
2.7862e-05
-8.66613e-05
-0.002642
-0.00020414
-0.00260086
-9.33395e-05
-4.73416e-08
-0.00380592
-0.000136601
8.14189e-09
-0.00405735
-2.69071e-05
-3.98384e-09
-0.00384856
3.38624e-05
-2.44769e-09
-0.00397058
-1.05403e-09
-3.24628e-09
-0.00447418
-3.38631e-05
-3.93502e-09
-0.00447418
2.69094e-05
-2.18309e-09
-0.00397057
0.000136615
-4.22543e-09
-0.00384854
9.33535e-05
7.38046e-09
-0.00405734
-3.9666e-08
-0.00380592
-9.33514e-05
0.000204106
-0.00380601
-0.000136622
8.66671e-05
-0.00405738
-2.69152e-05
-4.8313e-05
-0.00384855
3.38584e-05
-9.71566e-05
-0.00397057
-1.75358e-09
-3.38645e-05
-0.00447417
-3.38597e-05
-3.3863e-05
-0.00447416
2.69166e-05
-9.71585e-05
-0.00397057
0.000136633
-4.83135e-05
-0.00384853
9.33638e-05
8.66738e-05
-0.00405737
0.000204125
-0.003806
-2.78301e-05
0.000426809
-0.00260081
-7.95032e-05
0.000236268
-0.00264202
6.47532e-05
6.90902e-05
-0.00222265
9.71564e-05
-6.47508e-05
-0.00262542
-6.3094e-10
2.69084e-05
-0.00397057
-9.7157e-05
2.69117e-05
-0.00397056
-6.47524e-05
-6.47548e-05
-0.00262542
7.95058e-05
6.90913e-05
-0.00222264
2.78323e-05
0.000236278
-0.00264202
0.000426815
-0.00260082
-0.000648452
0.000610397
0.00459991
-0.000679173
0.000673947
0.00387793
-6.91066e-05
0.000679107
0.000163278
4.8305e-05
7.95237e-05
-0.00222264
-2.38648e-09
0.000136615
-0.00384853
-4.83108e-05
0.000136624
-0.00384852
6.90979e-05
7.95087e-05
-0.00222264
0.00067918
0.00067916
0.000163312
0.000648471
0.000673974
0.00387792
0.000610393
0.00459989
-0.000383395
0.000381911
0.00818732
-0.000673969
0.00038336
0.00851636
-0.000236263
0.000648294
0.00387806
-8.66608e-05
2.78573e-05
-0.002642
4.30528e-09
9.33531e-05
-0.00405734
8.66684e-05
9.33583e-05
-0.00405735
0.000236274
2.78399e-05
-0.00264201
0.000673978
0.000648424
0.00387799
0.000383401
0.000383391
0.00851637
0.00038191
0.00818733
-0.000381912
0.0113849
-0.000610402
0.00818761
-0.000426785
0.00459996
-0.000204135
-0.00260085
-2.56588e-08
-0.00380592
0.000204127
-0.00380597
0.000426808
-0.00260082
0.000610391
0.00459994
0.000381905
0.00818743
0.0113849
-0.000239401
-0.000239402
0.0118637
-0.000485522
-0.00045939
0.00889313
-0.000394618
-0.000388822
0.00489787
-0.000194604
-2.82208e-06
-0.00279803
-1.74493e-08
-9.78907e-05
-0.00390263
0.000194506
-9.78866e-05
-0.00390263
0.000394555
-2.77685e-06
-0.00279808
0.000485535
-0.000388851
0.00489781
0.000239402
-0.000459431
0.00889297
-0.000239403
0.0118637
-0.000459383
-0.000485522
0.00889315
-0.000698637
-0.000698642
0.00899488
-0.000219105
-0.00045636
0.0034661
-6.46545e-05
-2.14121e-05
-0.00277785
4.36669e-09
-0.000124108
-0.0040958
6.46631e-05
-0.000124113
-0.00409581
0.00021912
-2.13984e-05
-0.00277784
0.000698648
-0.000456387
0.003466
0.00045939
-0.000698673
0.00899487
-0.000485535
0.00889314
-0.000388818
-0.000394628
0.00489789
-0.000456357
-0.000219106
0.00346612
-4.65251e-05
-4.65269e-05
-0.00065641
6.43507e-05
8.09274e-05
-0.00243588
-7.42818e-10
-2.19692e-05
-0.00388635
-6.43517e-05
-2.19719e-05
-0.00388635
4.65237e-05
8.09304e-05
-0.00243586
0.000456357
-4.65298e-05
-0.000656419
0.000388807
-0.000219117
0.00346607
-0.000394615
0.00489784
-2.82821e-06
-0.000194622
-0.00279802
-2.14146e-05
-6.4655e-05
-0.00277785
8.09267e-05
6.43494e-05
-0.00243588
0.000104986
0.000104985
-0.00267356
-3.00074e-10
3.74921e-05
-0.00392505
-0.000104986
3.74904e-05
-0.00392505
-8.09263e-05
0.000104987
-0.00267355
2.14088e-05
6.43498e-05
-0.00243587
2.81074e-06
-6.46625e-05
-0.00277785
-0.000194617
-0.00279805
-9.78924e-05
-2.56685e-08
-0.00390262
-0.000124109
7.09585e-09
-0.00409579
-2.19682e-05
-1.5696e-09
-0.00388635
3.74936e-05
-1.2895e-09
-0.00392505
-4.51627e-10
-1.93803e-09
-0.00439919
-3.74935e-05
-2.48331e-09
-0.00439919
2.19711e-05
-1.40595e-09
-0.00392504
0.00012412
-2.22985e-09
-0.00388633
9.79026e-05
6.15791e-09
-0.00409579
-2.25046e-08
-0.00390261
-9.78891e-05
0.000194479
-0.00390263
-0.000124119
6.4669e-05
-0.00409581
-2.1974e-05
-6.43528e-05
-0.00388634
3.74901e-05
-0.000104988
-0.00392505
-1.00352e-09
-3.74944e-05
-0.00439918
-3.74906e-05
-3.74933e-05
-0.00439918
2.1976e-05
-0.00010499
-0.00392504
0.000124129
-6.43539e-05
-0.00388633
9.79002e-05
6.4674e-05
-0.00409581
0.000194494
-0.00390262
-2.76062e-06
0.000394534
-0.0027981
-2.13947e-05
0.000219128
-0.00277784
8.09305e-05
4.65224e-05
-0.00243585
0.000104989
-8.09283e-05
-0.00267354
-4.20526e-10
2.19703e-05
-0.00392504
-0.00010499
2.19723e-05
-0.00392504
-8.09308e-05
-8.09321e-05
-0.00267353
2.13909e-05
4.65234e-05
-0.00243584
2.75194e-06
0.000219135
-0.00277785
0.000394534
-0.00279811
-0.000388863
0.000485539
0.00489777
-0.000456399
0.000698654
0.00346594
-4.65322e-05
0.000456355
-0.000656422
6.43501e-05
2.14055e-05
-0.00243586
-1.37653e-09
0.000124119
-0.00388633
-6.43519e-05
0.000124123
-0.00388632
4.65285e-05
2.13925e-05
-0.00243584
0.0004564
0.000456386
-0.000656422
0.000388862
0.000698684
0.00346591
0.000485548
0.00489774
-0.00045945
0.000239404
0.0088929
-0.000698684
0.000459394
0.00899486
-0.000219118
0.000388803
0.00346605
-6.46636e-05
2.80292e-06
-0.00277785
3.31695e-09
9.79003e-05
-0.00409578
6.46696e-05
9.78968e-05
-0.00409579
0.000219131
2.76379e-06
-0.00277784
0.000698693
0.000388844
0.00346597
0.000459451
0.000459432
0.00899487
0.000239405
0.00889292
-0.000239403
0.0118637
-0.000485538
0.00889314
-0.000394605
0.00489783
-0.0001946
-0.00279805
-1.50464e-08
-0.00390261
0.000194518
-0.00390261
0.000394552
-0.00279809
0.000485546
0.00489779
0.000239403
0.008893
0.0118637
-0.000177356
-0.000177357
0.0122184
-0.000377551
-0.000482881
0.0095762
-0.000322472
-1.83322e-05
0.00486113
-0.000163931
3.2297e-05
-0.00298887
1.27926e-08
-9.5169e-05
-0.00397141
0.000163941
-9.51669e-05
-0.0039714
0.000322472
3.22878e-05
-0.0029889
0.000377557
-1.83321e-05
0.00486106
0.000177358
-0.000482921
0.0095761
-0.000177358
0.0122184
-0.000482873
-0.000377553
0.00957622
-0.000697917
-0.000697921
0.00942496
-0.000173522
-0.000157926
0.0030813
-1.7488e-05
2.75597e-05
-0.00292915
3.77271e-09
-0.000109716
-0.00409875
1.74936e-05
-0.000109719
-0.00409875
0.000173534
2.75541e-05
-0.00292915
0.000697926
-0.000157946
0.00308122
0.000482875
-0.000697948
0.00942494
-0.000377565
0.00957623
-1.8332e-05
-0.000322473
0.00486114
-0.000157923
-0.000173522
0.00308131
4.61042e-05
4.61025e-05
-0.00106447
0.000102927
0.000108778
-0.00257392
1.18337e-10
-1.45167e-05
-0.00387862
-0.000102927
-1.45192e-05
-0.00387862
-4.61031e-05
0.000108778
-0.00257391
0.000157917
4.60984e-05
-0.00106448
1.83302e-05
-0.00017353
0.00308124
-0.000322474
0.00486108
3.22989e-05
-0.000163929
-0.00298886
2.75602e-05
-1.74867e-05
-0.00292915
0.000108778
0.000102926
-0.00257392
0.000118119
0.000118119
-0.00269225
5.36495e-10
4.61164e-05
-0.00386757
-0.000118118
4.61151e-05
-0.00386757
-0.000108775
0.00011812
-0.00269224
-2.75584e-05
0.000102925
-0.00257391
-3.22995e-05
-1.74871e-05
-0.00292916
-0.000163934
-0.00298888
-9.5169e-05
1.91763e-08
-0.0039714
-0.000109716
6.2114e-09
-0.00409874
-1.45162e-05
-2.02471e-10
-0.00387862
4.61174e-05
2.48506e-10
-0.00386757
1.02442e-10
-8.31253e-10
-0.00430696
-4.61168e-05
-1.41504e-09
-0.00430696
1.45196e-05
-2.27564e-10
-0.00386756
0.000109723
-1.23089e-09
-0.00387861
9.51728e-05
4.6471e-09
-0.00409873
1.60763e-08
-0.00397139
-9.51683e-05
0.000163947
-0.00397139
-0.000109723
1.7497e-05
-0.00409875
-1.45213e-05
-0.000102927
-0.00387862
4.61147e-05
-0.000118119
-0.00386757
-5.08973e-10
-4.61173e-05
-0.00430695
-4.61148e-05
-4.61166e-05
-0.00430695
1.45239e-05
-0.000118121
-0.00386756
0.000109729
-0.000102927
-0.00387861
9.51721e-05
1.74944e-05
-0.00409874
0.000163948
-0.00397138
3.22843e-05
0.000322473
-0.00298891
2.75507e-05
0.000173539
-0.00292915
0.000108776
-4.6103e-05
-0.0025739
0.00011812
-0.000108776
-0.00269223
9.89603e-11
1.45192e-05
-0.00386756
-0.00011812
1.45209e-05
-0.00386756
-0.000108775
-0.000108777
-0.00269222
-2.75508e-05
-4.61022e-05
-0.00257389
-3.22874e-05
0.000173542
-0.00292916
0.000322473
-0.00298892
-1.83319e-05
0.00037756
0.00486101
-0.000157955
0.000697931
0.00308117
4.60944e-05
0.000157915
-0.00106449
0.000102924
-2.75579e-05
-0.0025739
-9.1077e-10
0.000109723
-0.0038786
-0.000102925
0.000109725
-0.0038786
-4.60971e-05
-2.75543e-05
-0.00257389
0.000157947
0.000157933
-0.0010645
1.83308e-05
0.000697955
0.00308112
0.000377569
0.00486097
-0.00048294
0.000177359
0.00957605
-0.00069796
0.000482877
0.00942493
-0.000173535
1.83295e-05
0.00308121
-1.74915e-05
-3.22987e-05
-0.00292915
2.22282e-09
9.51722e-05
-0.00409873
1.74938e-05
9.51702e-05
-0.00409873
0.000173542
-3.22921e-05
-0.00292915
0.000697966
1.83299e-05
0.00308115
0.000482936
0.000482913
0.00942494
0.00017736
0.00957606
-0.000177359
0.0122184
-0.000377569
0.00957622
-0.000322474
0.00486107
-0.000163937
-0.00298889
9.89136e-09
-0.00397138
0.000163943
-0.00397137
0.000322472
-0.00298891
0.000377572
0.00486102
0.000177359
0.00957613
0.0122184
-0.000177214
-0.000177215
0.0125728
-0.000252978
-0.000528896
0.0101809
-0.000177942
0.000252132
0.00453396
-9.06402e-05
6.60061e-05
-0.00314218
4.48209e-09
-7.83171e-05
-0.00398374
9.06632e-05
-7.83176e-05
-0.00398374
0.000177961
6.59946e-05
-0.00314219
0.000252979
0.000252114
0.00453393
0.000177214
-0.000528931
0.0101808
-0.000177217
0.0125728
-0.000528887
-0.000252982
0.0101809
-0.000685495
-0.0006855
0.00973818
-6.65012e-05
5.23444e-05
0.00266209
4.18888e-05
7.86953e-05
-0.00305023
3.97789e-09
-8.40619e-05
-0.00405112
-4.18796e-05
-8.40648e-05
-0.00405112
6.65127e-05
7.86898e-05
-0.00305024
0.000685496
5.23279e-05
0.00266202
0.000528882
-0.000685522
0.00973815
-0.00025299
0.0101809
0.000252138
-0.000177941
0.00453396
5.23488e-05
-6.65006e-05
0.0026621
0.000156899
0.000156898
-0.00127357
0.00014348
0.000146716
-0.00262852
1.09966e-09
2.80581e-06
-0.00382201
-0.000143477
2.80318e-06
-0.00382201
-0.000156894
0.000146714
-0.00262851
-5.23491e-05
0.000156894
-0.0012736
-0.000252147
-6.65065e-05
0.00266202
-0.000177951
0.0045339
6.60079e-05
-9.06355e-05
-0.00314218
7.86954e-05
4.18905e-05
-0.00305023
0.000146715
0.00014348
-0.00262852
0.000137548
0.000137548
-0.00267391
1.18029e-09
6.084e-05
-0.00378806
-0.000137546
6.08387e-05
-0.00378806
-0.000146711
0.000137548
-0.00267391
-7.86903e-05
0.000143478
-0.00262852
-6.60036e-05
4.18865e-05
-0.00305024
-9.06436e-05
-0.0031422
-7.83164e-05
7.39389e-09
-0.00398373
-8.40614e-05
6.60668e-09
-0.00405111
2.80609e-06
1.41133e-09
-0.00382201
6.08404e-05
1.49635e-09
-0.00378805
6.04278e-10
3.03309e-10
-0.00418528
-6.08389e-05
-2.11495e-10
-0.00418528
-2.80216e-06
8.31992e-10
-0.00378805
8.40656e-05
1.51702e-10
-0.003822
7.83183e-05
4.59533e-09
-0.0040511
5.13902e-09
-0.00398372
-7.83188e-05
9.06731e-05
-0.00398374
-8.40676e-05
-4.18752e-05
-0.00405112
2.8005e-06
-0.000143476
-0.00382201
6.0838e-05
-0.000137546
-0.00378806
1.22508e-10
-6.0839e-05
-0.00418528
-6.08372e-05
-6.08385e-05
-0.00418527
-2.79773e-06
-0.000137547
-0.00378805
8.40708e-05
-0.000143477
-0.003822
7.83202e-05
-4.18756e-05
-0.00405111
9.06733e-05
-0.00398372
6.59901e-05
0.00017797
-0.0031422
7.86861e-05
6.65179e-05
-0.00305024
0.000146712
-0.000156892
-0.00262851
0.000137548
-0.000146711
-0.0026739
5.28293e-10
-2.80163e-06
-0.00378805
-0.000137547
-2.80008e-06
-0.00378805
-0.00014671
-0.000146711
-0.0026739
-7.86833e-05
-0.000156893
-0.0026285
-6.59888e-05
6.65187e-05
-0.00305025
0.000177974
-0.00314221
0.000252106
0.00025298
0.00453389
5.23181e-05
0.000685496
0.00266198
0.000156889
-5.2348e-05
-0.00127361
0.000143476
-7.86897e-05
-0.00262851
-1.22651e-10
8.40666e-05
-0.003822
-0.000143476
8.40686e-05
-0.003822
-0.00015689
-7.86864e-05
-0.0026285
-5.23243e-05
-5.23364e-05
-0.00127362
-0.000252118
0.000685515
0.00266191
0.000252987
0.00453384
-0.000528949
0.000177214
0.0101808
-0.000685534
0.000528881
0.00973813
-6.65127e-05
-0.00025215
0.00266199
4.1882e-05
-6.60024e-05
-0.00305023
2.04985e-09
7.83186e-05
-0.0040511
-4.18771e-05
7.83188e-05
-0.0040511
6.6519e-05
-6.59933e-05
-0.00305024
0.000685531
-0.000252133
0.00266194
0.000528938
0.000528912
0.00973813
0.000177216
0.0101808
-0.000177217
0.0125728
-0.000252994
0.0101809
-0.000177956
0.00453388
-9.065e-05
-0.0031422
2.549e-09
-0.00398371
9.06661e-05
-0.00398371
0.00017797
-0.00314221
0.000252993
0.00453386
0.000177217
0.0101808
0.0125728
-0.000184946
-0.000184947
0.0129427
-8.23037e-05
-0.000615022
0.0106932
3.381e-05
0.000317104
0.00410074
-1.56578e-06
0.000104765
-0.00321157
2.94714e-09
-5.37498e-05
-0.00393155
1.57348e-06
-5.37497e-05
-0.00393156
-3.38064e-05
0.000104762
-0.00321158
8.23e-05
0.000317095
0.00410072
0.000184944
-0.000615051
0.0106932
-0.00018495
0.0129427
-0.000615014
-8.2308e-05
0.0106933
-0.000660339
-0.000660343
0.00982882
7.99655e-05
0.000156693
0.0020822
9.82919e-05
0.000135862
-0.00309965
3.70714e-09
-4.47566e-05
-0.00396182
-9.82827e-05
-4.47583e-05
-0.00396182
-7.99563e-05
0.000135859
-0.00309966
0.000660335
0.000156686
0.00208214
0.000615006
-0.000660359
0.00982879
-8.23157e-05
0.0106933
0.000317109
3.38087e-05
0.00410074
0.000156696
7.99663e-05
0.00208221
0.000249389
0.000249389
-0.00145896
0.000183172
0.000188622
-0.00261507
1.82802e-09
3.5438e-05
-0.00371904
-0.000183167
3.54366e-05
-0.00371904
-0.000249381
0.000188621
-0.00261506
-0.000156691
0.000249385
-0.00145899
-0.00031711
7.99602e-05
0.00208212
3.37992e-05
0.00410067
0.000104765
-1.56397e-06
-0.00321157
0.000135862
9.82936e-05
-0.00309965
0.000188622
0.000183172
-0.00261507
0.000160821
0.000160821
-0.00261831
1.54403e-09
7.88825e-05
-0.00367068
-0.000160818
7.88814e-05
-0.00367068
-0.000188617
0.000160821
-0.00261831
-0.000135856
0.000183169
-0.00261506
-0.000104761
9.82879e-05
-0.00309966
-1.57006e-06
-0.00321159
-5.37491e-05
5.17775e-09
-0.00393155
-4.47561e-05
6.23212e-09
-0.00396182
3.54382e-05
2.65934e-09
-0.00371903
7.88826e-05
2.24797e-09
-0.00367068
9.59043e-10
1.06455e-09
-0.00402751
-7.88807e-05
5.99636e-10
-0.00402751
-3.54357e-05
1.50044e-09
-0.00367068
4.47587e-05
1.28867e-09
-0.00371903
5.37496e-05
4.17733e-09
-0.00396181
3.1219e-09
-0.00393154
-5.37501e-05
1.57767e-06
-0.00393156
-4.476e-05
-9.82782e-05
-0.00396182
3.5435e-05
-0.000183165
-0.00371904
7.88805e-05
-0.000160817
-0.00367068
4.87885e-10
-7.88804e-05
-0.00402751
-7.88794e-05
-7.888e-05
-0.00402751
-3.54333e-05
-0.000160818
-0.00367068
4.47619e-05
-0.000183165
-0.00371903
5.37504e-05
-9.82774e-05
-0.00396182
1.57926e-06
-0.00393155
0.000104761
-3.38026e-05
-0.00321158
0.000135856
-7.99506e-05
-0.00309966
0.000188618
-0.000249378
-0.00261506
0.000160819
-0.000188616
-0.0026183
8.07791e-10
-3.54349e-05
-0.00367067
-0.000160818
-3.54342e-05
-0.00367068
-0.000188616
-0.000188616
-0.0026183
-0.000135852
-0.000249379
-0.00261505
-0.000104757
-7.99508e-05
-0.00309967
-3.3797e-05
-0.0032116
0.000317088
8.22996e-05
0.0041007
0.000156678
0.000660335
0.0020821
0.00024938
-0.000156688
-0.001459
0.000183167
-0.000135855
-0.00261506
5.0418e-10
4.47601e-05
-0.00371903
-0.000183165
4.47611e-05
-0.00371903
-0.000249377
-0.000135853
-0.00261505
-0.000156678
-0.000156686
-0.00145902
-0.000317091
0.000660347
0.00208203
8.23064e-05
0.00410065
-0.000615066
0.000184944
0.0106932
-0.00066037
0.000615003
0.00982877
7.99535e-05
-0.000317111
0.00208209
9.82831e-05
-0.00010476
-0.00309966
1.7011e-09
5.37501e-05
-0.00396181
-9.82787e-05
5.37499e-05
-0.00396181
-7.99505e-05
-0.000104758
-0.00309966
0.000660362
-0.000317102
0.00208204
0.000615055
0.00061503
0.00982876
0.000184947
0.0106932
-0.000184951
0.0129427
-8.23205e-05
0.0106933
3.37936e-05
0.00410065
-1.57438e-06
-0.00321159
1.03845e-09
-0.00393154
1.57777e-06
-0.00393154
-3.37944e-05
-0.00321159
8.23148e-05
0.00410065
0.000184949
0.0106932
0.0129427
-0.000170197
-0.000170198
0.0132831
7.54868e-05
-0.000671005
0.0111186
0.000238908
0.000351064
0.00358625
7.707e-05
0.000144272
-0.003194
2.23348e-09
-2.57637e-05
-0.00382872
-7.70659e-05
-2.57638e-05
-0.00382873
-0.000238909
0.000144272
-0.00319401
-7.5491e-05
0.000351063
0.00358624
0.000170195
-0.000671025
0.0111185
-0.000170201
0.0132831
-0.000670998
7.54836e-05
0.0111186
-0.000587346
-0.000587349
0.00966151
0.000233269
0.000235045
0.00137761
0.000157507
0.000192021
-0.00307164
3.56196e-09
3.38131e-06
-0.00383346
-0.000157498
3.38028e-06
-0.00383347
-0.00023326
0.000192019
-0.00307164
0.000587345
0.000235044
0.00137755
0.000670991
-0.000587358
0.00966147
7.54781e-05
0.0111186
0.000351067
0.000238907
0.00358625
0.000235046
0.00023327
0.00137761
0.000320167
0.000320167
-0.0016292
0.000214417
0.000230004
-0.0025473
2.3638e-09
7.12321e-05
-0.00357247
-0.000214411
7.12308e-05
-0.00357247
-0.000320157
0.000230002
-0.0025473
-0.000235038
0.000320163
-0.00162922
-0.000351064
0.000233263
0.00137753
0.000238899
0.00358619
0.000144272
7.70706e-05
-0.003194
0.00019202
0.000157508
-0.00307164
0.000230003
0.000214418
-0.0025473
0.000184761
0.000184761
-0.00252782
1.83307e-09
9.74605e-05
-0.00351215
-0.000184757
9.74595e-05
-0.00351215
-0.000229998
0.00018476
-0.00252782
-0.000192014
0.000214414
-0.0025473
-0.000144267
0.0001575
-0.00307164
7.70664e-05
-0.00319402
-2.57632e-05
4.04408e-09
-0.00382872
3.38163e-06
5.98062e-09
-0.00383346
7.12322e-05
3.52722e-09
-0.00357247
9.74604e-05
2.81133e-09
-0.00351215
1.25588e-09
1.68264e-09
-0.0038326
-9.74582e-05
1.29298e-09
-0.0038326
-7.12295e-05
2.05691e-09
-0.00351215
-3.37975e-06
2.21503e-09
-0.00357247
2.57628e-05
4.00948e-09
-0.00383346
2.10309e-09
-0.00382872
-2.57637e-05
-7.70637e-05
-0.00382873
3.37943e-06
-0.000157494
-0.00383347
7.12295e-05
-0.000214409
-0.00357247
9.74587e-05
-0.000184756
-0.00351215
8.55342e-10
-9.74576e-05
-0.0038326
-9.74572e-05
-9.74573e-05
-0.0038326
-7.12276e-05
-0.000184756
-0.00351215
-3.37801e-06
-0.000214408
-0.00357247
2.57632e-05
-0.000157491
-0.00383346
-7.70633e-05
-0.00382872
0.000144271
-0.000238906
-0.00319401
0.000192016
-0.000233255
-0.00307165
0.000229999
-0.000320153
-0.0025473
0.000184759
-0.000229997
-0.00252782
1.08874e-09
-7.12284e-05
-0.00351215
-0.000184757
-7.12279e-05
-0.00351215
-0.000229996
-0.000229996
-0.00252782
-0.000192012
-0.000320153
-0.00254729
-0.000144267
-0.000233254
-0.00307165
-0.000238902
-0.00319402
0.000351058
-7.54917e-05
0.00358623
0.000235039
0.000587344
0.00137752
0.000320158
-0.000235035
-0.00162923
0.000214411
-0.000192013
-0.0025473
1.07076e-09
-3.37903e-06
-0.00357247
-0.000214408
-3.37845e-06
-0.00357247
-0.000320152
-0.000192012
-0.00254729
-0.000235034
-0.000235037
-0.00162925
-0.000351056
0.00058735
0.00137745
-7.54874e-05
0.00358618
-0.000671035
0.000170195
0.0111185
-0.000587365
0.000670987
0.00966145
0.000233257
-0.000351065
0.0013775
0.000157496
-0.000144266
-0.00307164
1.60638e-09
2.57635e-05
-0.00383346
-0.000157492
2.57634e-05
-0.00383346
-0.000233254
-0.000144266
-0.00307165
0.000587359
-0.000351063
0.00137745
0.000671027
0.000671007
0.00966144
0.000170197
0.0111185
-0.000170202
0.0132831
7.54739e-05
0.0111186
0.000238894
0.00358617
7.70628e-05
-0.00319402
3.57318e-10
-0.00382871
-7.70627e-05
-0.00382872
-0.000238899
-0.00319402
-7.54799e-05
0.00358617
0.0001702
0.0111185
0.0132831
-0.000138413
-0.000138414
0.000228857
-0.000632919
0.000418537
0.000390485
0.00017269
0.000177236
2.22449e-09
2.19069e-06
-0.000172685
2.19052e-06
-0.000418533
0.000177235
-0.000228859
0.000390484
0.000138411
-0.000632934
-0.000138415
-0.000632913
0.000228854
-0.000432869
-0.000432872
0.000385219
0.000319921
0.000229072
0.000241162
3.22244e-09
4.41925e-05
-0.000229064
4.41915e-05
-0.000385209
0.00024116
0.00043287
0.000319919
0.000632906
-0.000432879
0.00022885
0.000390486
0.000418535
0.000319921
0.00038522
0.000388467
0.000388468
0.000243826
0.000270362
2.69055e-09
0.000106524
-0.000243819
0.000106523
-0.000388457
0.00027036
-0.00031991
0.000388462
-0.000390481
0.00038521
0.000418528
0.000177235
0.000172689
0.000241161
0.000229073
0.000270361
0.000243826
0.000207526
0.000207526
1.9637e-09
0.000115365
-0.000207522
0.000115364
-0.000270356
0.000207525
-0.000241155
0.000243823
-0.000177231
0.000229064
0.00017268
2.19054e-06
3.72492e-09
4.41924e-05
5.33248e-09
0.000106524
4.07811e-09
0.000115364
3.09394e-09
1.46829e-09
2.09828e-09
-0.000115362
1.78482e-09
-0.00010652
2.41593e-09
-4.41892e-05
2.92357e-09
-2.18867e-06
3.52177e-09
1.92564e-09
2.18993e-06
-0.000172682
4.41902e-05
-0.00022906
0.000106521
-0.000243817
0.000115363
-0.000207521
1.14672e-09
-0.000115361
-0.000115361
-0.000115361
-0.000106519
-0.000207521
-4.41875e-05
-0.000243816
-2.1883e-06
-0.000229056
-0.000172677
0.000177235
-0.000418531
0.000241158
-0.000385204
0.000270358
-0.000388452
0.000207524
-0.000270355
1.29328e-09
-0.000106519
-0.000207521
-0.000106519
-0.000270354
-0.000270354
-0.000241153
-0.000388451
-0.000177231
-0.000385201
-0.000418527
0.000390482
-0.00022886
0.000319915
0.00043287
0.000388458
-0.000319907
0.00024382
-0.000241154
1.53094e-09
-4.41881e-05
-0.000243816
-4.41877e-05
-0.000388451
-0.000241152
-0.000319908
-0.000319908
-0.000390477
0.000432873
-0.000228857
-0.000632941
0.00013841
-0.000432884
0.000632901
0.000385205
-0.000390481
0.000229061
-0.00017723
1.39233e-09
-2.18818e-06
-0.000229057
-2.1883e-06
-0.000385202
-0.00017723
0.000432879
-0.000390479
0.000632933
0.000632916
0.000138411
-0.000138417
0.000228845
0.000418523
0.000172677
3.49832e-10
-0.000172676
-0.000418524
-0.000228849
0.000138414
)
;

boundaryField
{
    bottom
    {
        type            calculated;
        value           nonuniform List<scalar> 0();
    }
    atmosphere
    {
        type            calculated;
        value           nonuniform List<scalar> 0();
    }
    walls
    {
        type            calculated;
        value           uniform 0;
    }
    procBoundary0to1
    {
        type            processor;
        value           nonuniform List<scalar> 
100
(
0.0135599
0.0113842
0.00300609
-0.00312539
-0.00365823
-0.00365823
-0.00312539
0.00300608
0.0113842
0.0135599
0.0113842
0.00926142
0.000630081
-0.00297942
-0.0036464
-0.0036464
-0.00297942
0.00063004
0.00926138
0.0113842
0.00300608
0.000630082
-0.00176629
-0.00243186
-0.00339098
-0.00339098
-0.00243186
-0.00176631
0.000630009
0.00300603
-0.00312539
-0.00297942
-0.00243186
-0.00240215
-0.00331347
-0.00331347
-0.00240215
-0.00243186
-0.00297942
-0.0031254
-0.00365822
-0.0036464
-0.00339098
-0.00331347
-0.00360187
-0.00360187
-0.00331347
-0.00339098
-0.0036464
-0.00365823
-0.00365823
-0.0036464
-0.00339098
-0.00331347
-0.00360187
-0.00360187
-0.00331347
-0.00339098
-0.0036464
-0.00365823
-0.00312539
-0.00297943
-0.00243186
-0.00240215
-0.00331347
-0.00331347
-0.00240215
-0.00243186
-0.00297943
-0.0031254
0.00300608
0.000630015
-0.00176632
-0.00243186
-0.00339098
-0.00339098
-0.00243186
-0.00176634
0.000629944
0.00300603
0.0113842
0.00926137
0.000629982
-0.00297942
-0.0036464
-0.0036464
-0.00297943
0.000629943
0.00926134
0.0113842
0.0135599
0.0113842
0.00300601
-0.00312541
-0.00365822
-0.00365823
-0.00312541
0.00300601
0.0113842
0.0135599
)
;
    }
    procBoundary0to2
    {
        type            processor;
        value           nonuniform List<scalar> 
100
(
-0.00864163
-0.00617395
-0.0040968
0.00194127
0.00330708
0.00330723
0.00194178
-0.00409689
-0.00617399
-0.00864161
-0.00617394
-0.0053375
-0.00436212
0.00232066
0.0038801
0.00388014
0.00232052
-0.00436214
-0.0053375
-0.00617395
-0.00409679
-0.00436213
-0.00418603
0.000924575
0.00367026
0.00367031
0.000924481
-0.00418592
-0.00436211
-0.00409679
0.00194118
0.00232067
0.00092457
0.00223861
0.00415566
0.00415565
0.00223856
0.0009245
0.0023206
0.00194133
0.00330702
0.00388009
0.00367025
0.00415566
0.00479275
0.00479272
0.00415565
0.00367029
0.00388011
0.00330701
0.00330725
0.00388015
0.00367032
0.00415565
0.00479267
0.00479261
0.00415563
0.00367035
0.00388016
0.00330721
0.00194195
0.00232047
0.000924441
0.00223854
0.00415564
0.00415563
0.00223852
0.000924398
0.00232045
0.00194195
-0.00409693
-0.00436216
-0.00418587
0.000924455
0.0036703
0.00367034
0.000924392
-0.00418577
-0.00436215
-0.00409692
-0.006174
-0.00533749
-0.00436211
0.00232059
0.0038801
0.00388014
0.00232048
-0.00436213
-0.00533749
-0.00617399
-0.00864161
-0.00617394
-0.00409676
0.00194142
0.00330705
0.00330717
0.0019418
-0.00409686
-0.00617397
-0.00864159
)
;
    }
}


// ************************************************************************* //
