/*--------------------------------*- C++ -*----------------------------------*\
| =========                 |                                                 |
| \\      /  F ield         | OpenFOAM: The Open Source CFD Toolbox           |
|  \\    /   O peration     | Version:  2412                                  |
|   \\  /    A nd           | Website:  www.openfoam.com                      |
|    \\/     M anipulation  |                                                 |
\*---------------------------------------------------------------------------*/
FoamFile
{
    version     2.0;
    format      ascii;
    arch        "LSB;label=32;scalar=64";
    class       volVectorField;
    location    "0.06";
    object      U;
}
// * * * * * * * * * * * * * * * * * * * * * * * * * * * * * * * * * * * * * //

dimensions      [0 1 -1 0 0 0 0];

internalField   nonuniform List<vector> 
1000
(
(-0.00138686 -0.00138684 0.0120937)
(-0.00400926 -0.00162994 0.0111139)
(-0.00525956 -0.00219094 0.00918037)
(-0.00511696 -0.00274357 0.0071007)
(-0.00247914 -0.00352391 0.0047196)
(0.00247916 -0.00352391 0.0047196)
(0.00511697 -0.00274357 0.0071007)
(0.00525958 -0.00219094 0.00918038)
(0.00400925 -0.00162995 0.0111139)
(0.00138684 -0.00138684 0.0120938)
(-0.00162996 -0.00400928 0.0111139)
(-0.00481443 -0.00481445 0.00986372)
(-0.00637571 -0.00670238 0.00725483)
(-0.006451 -0.00862548 0.00447922)
(-0.00326228 -0.0115191 0.000865001)
(0.0032623 -0.0115191 0.000865004)
(0.00645101 -0.00862548 0.00447922)
(0.00637572 -0.00670237 0.00725484)
(0.00481443 -0.00481445 0.00986373)
(0.00162995 -0.00400927 0.0111139)
(-0.00219096 -0.00525955 0.00918037)
(-0.00670236 -0.00637569 0.00725483)
(-0.00907509 -0.00907507 0.00295752)
(-0.00993409 -0.0118412 -0.00174879)
(-0.0053779 -0.0163073 -0.00896933)
(0.00537792 -0.0163073 -0.00896932)
(0.00993411 -0.0118412 -0.00174878)
(0.0090751 -0.00907507 0.00295753)
(0.00670236 -0.00637569 0.00725484)
(0.00219095 -0.00525955 0.00918037)
(-0.00274359 -0.00511697 0.00710069)
(-0.00862546 -0.006451 0.00447921)
(-0.0118412 -0.00993411 -0.00174879)
(-0.013669 -0.013669 -0.00854393)
(-0.0077321 -0.0207728 -0.0203687)
(0.00773212 -0.0207728 -0.0203687)
(0.013669 -0.013669 -0.00854392)
(0.0118413 -0.0099341 -0.00174878)
(0.00862545 -0.006451 0.00447922)
(0.00274357 -0.00511697 0.0071007)
(-0.00352393 -0.00247913 0.00471959)
(-0.0115191 -0.00326227 0.000864986)
(-0.0163073 -0.0053779 -0.00896934)
(-0.0207728 -0.00773209 -0.0203687)
(-0.0125265 -0.0125265 -0.0436227)
(0.0125265 -0.0125265 -0.0436227)
(0.0207728 -0.00773209 -0.0203687)
(0.0163073 -0.0053779 -0.00896933)
(0.0115191 -0.00326227 0.000864997)
(0.00352392 -0.00247914 0.0047196)
(-0.00352393 0.00247917 0.0047196)
(-0.0115191 0.00326231 0.000864999)
(-0.0163073 0.00537793 -0.00896933)
(-0.0207728 0.00773213 -0.0203687)
(-0.0125265 0.0125265 -0.0436227)
(0.0125265 0.0125265 -0.0436227)
(0.0207728 0.00773213 -0.0203687)
(0.0163073 0.00537793 -0.00896932)
(0.0115191 0.00326231 0.000865008)
(0.00352391 0.00247917 0.00471961)
(-0.00274359 0.00511697 0.00710069)
(-0.00862547 0.00645101 0.00447921)
(-0.0118413 0.00993411 -0.0017488)
(-0.013669 0.013669 -0.00854394)
(-0.0077321 0.0207728 -0.0203688)
(0.00773213 0.0207728 -0.0203688)
(0.013669 0.013669 -0.00854394)
(0.0118413 0.0099341 -0.00174879)
(0.00862547 0.00645101 0.00447922)
(0.00274358 0.00511697 0.0071007)
(-0.00219096 0.00525961 0.00918037)
(-0.00670236 0.00637575 0.00725484)
(-0.00907509 0.00907513 0.00295753)
(-0.0099341 0.0118413 -0.00174878)
(-0.00537791 0.0163073 -0.00896932)
(0.00537792 0.0163073 -0.00896932)
(0.00993411 0.0118413 -0.00174877)
(0.0090751 0.00907512 0.00295754)
(0.00670235 0.00637575 0.00725485)
(0.00219094 0.0052596 0.00918038)
(-0.00162996 0.00400924 0.0111139)
(-0.00481444 0.00481442 0.00986372)
(-0.00637572 0.00670234 0.00725483)
(-0.006451 0.00862544 0.00447921)
(-0.00326229 0.0115191 0.000864994)
(0.0032623 0.0115191 0.000864996)
(0.00645101 0.00862544 0.00447922)
(0.00637573 0.00670234 0.00725484)
(0.00481444 0.00481442 0.00986373)
(0.00162994 0.00400924 0.0111139)
(-0.00138686 0.00138686 0.0120938)
(-0.00400926 0.00162996 0.0111139)
(-0.00525957 0.00219097 0.00918037)
(-0.00511697 0.0027436 0.0071007)
(-0.00247915 0.00352394 0.0047196)
(0.00247916 0.00352393 0.0047196)
(0.00511697 0.0027436 0.0071007)
(0.00525958 0.00219096 0.00918038)
(0.00400925 0.00162996 0.0111139)
(0.00138683 0.00138685 0.0120938)
(-0.00164444 -0.00164442 0.0150397)
(-0.00477138 -0.00196169 0.0139843)
(-0.00631768 -0.00271182 0.0119353)
(-0.0063201 -0.00346145 0.00960699)
(-0.00312865 -0.00460529 0.00681029)
(0.00312867 -0.00460529 0.00681029)
(0.00632011 -0.00346145 0.00960699)
(0.00631769 -0.00271183 0.0119353)
(0.00477139 -0.00196169 0.0139843)
(0.00164445 -0.00164443 0.0150397)
(-0.0019617 -0.0047714 0.0139843)
(-0.00584014 -0.00584017 0.0125995)
(-0.00782139 -0.00839127 0.00970514)
(-0.00821543 -0.0110698 0.0064784)
(-0.00427752 -0.0153993 0.00192097)
(0.00427754 -0.0153993 0.00192097)
(0.00821544 -0.0110698 0.0064784)
(0.0078214 -0.00839127 0.00970514)
(0.00584015 -0.00584016 0.0125995)
(0.00196171 -0.0047714 0.0139843)
(-0.00271184 -0.00631767 0.0119353)
(-0.00839125 -0.00782138 0.00970513)
(-0.0115551 -0.0115551 0.00471935)
(-0.0133286 -0.0154938 -0.00111726)
(-0.00746774 -0.022465 -0.0108866)
(0.00746776 -0.022465 -0.0108866)
(0.0133286 -0.0154938 -0.00111726)
(0.0115552 -0.0115551 0.00471934)
(0.00839126 -0.00782138 0.00970513)
(0.00271185 -0.00631767 0.0119353)
(-0.00346146 -0.00632011 0.00960697)
(-0.0110698 -0.00821545 0.00647838)
(-0.0154938 -0.0133286 -0.00111726)
(-0.0190915 -0.0190915 -0.0099108)
(-0.0112609 -0.0312546 -0.0271552)
(0.0112609 -0.0312546 -0.0271552)
(0.0190915 -0.0190915 -0.00991081)
(0.0154939 -0.0133286 -0.00111727)
(0.0110698 -0.00821544 0.00647838)
(0.00346147 -0.00632011 0.00960698)
(-0.00460531 -0.00312865 0.00681027)
(-0.0153993 -0.00427752 0.00192095)
(-0.022465 -0.00746774 -0.0108867)
(-0.0312546 -0.0112609 -0.0271552)
(-0.0197401 -0.0197401 -0.0648571)
(0.0197401 -0.0197401 -0.0648571)
(0.0312546 -0.0112609 -0.0271552)
(0.0224651 -0.00746775 -0.0108867)
(0.0153993 -0.00427752 0.00192095)
(0.00460532 -0.00312865 0.00681026)
(-0.00460531 0.00312867 0.00681027)
(-0.0153993 0.00427754 0.00192096)
(-0.022465 0.00746776 -0.0108867)
(-0.0312546 0.0112609 -0.0271552)
(-0.0197401 0.0197401 -0.064857)
(0.0197401 0.0197401 -0.064857)
(0.0312546 0.0112609 -0.0271552)
(0.0224651 0.00746776 -0.0108867)
(0.0153993 0.00427754 0.00192096)
(0.00460531 0.00312867 0.00681027)
(-0.00346146 0.00632011 0.00960696)
(-0.0110698 0.00821544 0.00647837)
(-0.0154939 0.0133286 -0.00111729)
(-0.0190915 0.0190915 -0.00991084)
(-0.0112609 0.0312546 -0.0271552)
(0.0112609 0.0312546 -0.0271552)
(0.0190915 0.0190915 -0.00991084)
(0.0154939 0.0133286 -0.00111729)
(0.0110698 0.00821544 0.00647837)
(0.00346147 0.00632011 0.00960696)
(-0.00271184 0.00631771 0.0119353)
(-0.00839126 0.00782143 0.00970512)
(-0.0115551 0.0115552 0.00471933)
(-0.0133286 0.0154939 -0.00111728)
(-0.00746775 0.0224651 -0.0108867)
(0.00746776 0.0224651 -0.0108867)
(0.0133286 0.0154939 -0.00111728)
(0.0115552 0.0115552 0.00471932)
(0.00839126 0.00782142 0.00970512)
(0.00271184 0.0063177 0.0119353)
(-0.0019617 0.00477137 0.0139842)
(-0.00584015 0.00584014 0.0125995)
(-0.0078214 0.00839124 0.00970511)
(-0.00821544 0.0110698 0.00647836)
(-0.00427753 0.0153992 0.00192094)
(0.00427754 0.0153992 0.00192094)
(0.00821545 0.0110698 0.00647836)
(0.00782141 0.00839124 0.00970511)
(0.00584016 0.00584014 0.0125995)
(0.00196171 0.00477138 0.0139842)
(-0.00164444 0.00164447 0.0150396)
(-0.00477139 0.00196173 0.0139842)
(-0.00631769 0.00271187 0.0119353)
(-0.00632011 0.00346149 0.00960696)
(-0.00312866 0.00460534 0.00681026)
(0.00312867 0.00460534 0.00681026)
(0.00632012 0.00346149 0.00960696)
(0.00631769 0.00271186 0.0119353)
(0.0047714 0.00196172 0.0139842)
(0.00164445 0.00164446 0.0150396)
(-0.00191714 -0.00191713 0.0185129)
(-0.00556375 -0.00232321 0.0174223)
(-0.0074475 -0.00330637 0.015398)
(-0.00767788 -0.00430751 0.0128834)
(-0.00387634 -0.00596599 0.00975756)
(0.00387636 -0.00596599 0.00975756)
(0.00767789 -0.00430752 0.0128834)
(0.00744751 -0.00330637 0.015398)
(0.00556374 -0.00232321 0.0174223)
(0.00191713 -0.00191713 0.0185129)
(-0.00232323 -0.00556377 0.0174223)
(-0.0069547 -0.00695472 0.0159452)
(-0.00943776 -0.01031 0.0128982)
(-0.0103406 -0.0139846 0.00926342)
(-0.005544 -0.0203588 0.00367166)
(0.00554402 -0.0203588 0.00367166)
(0.0103406 -0.0139846 0.00926342)
(0.00943777 -0.01031 0.0128982)
(0.00695469 -0.00695472 0.0159452)
(0.00232321 -0.00556376 0.0174223)
(-0.00330639 -0.00744748 0.015398)
(-0.01031 -0.00943775 0.0128982)
(-0.0144907 -0.0144907 0.00743402)
(-0.0177271 -0.0200474 0.000345834)
(-0.0102679 -0.0308838 -0.0124935)
(0.0102679 -0.0308838 -0.0124935)
(0.0177271 -0.0200474 0.000345836)
(0.0144907 -0.0144907 0.00743402)
(0.01031 -0.00943775 0.0128982)
(0.00330638 -0.00744749 0.015398)
(-0.00430753 -0.0076779 0.0128834)
(-0.0139845 -0.0103406 0.00926341)
(-0.0200474 -0.0177271 0.000345838)
(-0.026652 -0.026652 -0.0108038)
(-0.0164163 -0.0476394 -0.0358236)
(0.0164163 -0.0476394 -0.0358236)
(0.026652 -0.026652 -0.0108038)
(0.0200474 -0.0177271 0.000345853)
(0.0139845 -0.0103406 0.00926342)
(0.00430752 -0.0076779 0.0128834)
(-0.00596601 -0.00387634 0.00975755)
(-0.0203588 -0.005544 0.00367164)
(-0.0308838 -0.0102679 -0.0124935)
(-0.0476393 -0.0164163 -0.0358236)
(-0.0315272 -0.0315272 -0.0976549)
(0.0315272 -0.0315272 -0.0976549)
(0.0476394 -0.0164162 -0.0358236)
(0.0308838 -0.0102679 -0.0124935)
(0.0203588 -0.005544 0.00367165)
(0.005966 -0.00387634 0.00975756)
(-0.00596601 0.00387637 0.00975757)
(-0.0203588 0.00554403 0.00367166)
(-0.0308838 0.0102679 -0.0124935)
(-0.0476393 0.0164163 -0.0358236)
(-0.0315272 0.0315272 -0.0976549)
(0.0315272 0.0315272 -0.0976549)
(0.0476393 0.0164163 -0.0358236)
(0.0308838 0.0102679 -0.0124935)
(0.0203588 0.00554403 0.00367167)
(0.00596599 0.00387637 0.00975758)
(-0.00430754 0.00767789 0.0128834)
(-0.0139846 0.0103406 0.00926341)
(-0.0200474 0.0177271 0.000345829)
(-0.026652 0.026652 -0.0108038)
(-0.0164163 0.0476393 -0.0358236)
(0.0164163 0.0476393 -0.0358236)
(0.026652 0.026652 -0.0108038)
(0.0200474 0.0177271 0.000345848)
(0.0139846 0.0103406 0.00926342)
(0.00430752 0.00767789 0.0128834)
(-0.00330639 0.00744754 0.015398)
(-0.01031 0.00943781 0.0128982)
(-0.0144907 0.0144907 0.00743404)
(-0.0177271 0.0200475 0.000345865)
(-0.0102679 0.0308839 -0.0124935)
(0.0102679 0.0308839 -0.0124935)
(0.0177271 0.0200475 0.000345872)
(0.0144907 0.0144907 0.00743405)
(0.01031 0.0094378 0.0128982)
(0.00330637 0.00744753 0.015398)
(-0.00232323 0.00556373 0.0174223)
(-0.00695471 0.00695468 0.0159452)
(-0.00943778 0.01031 0.0128982)
(-0.0103406 0.0139845 0.00926343)
(-0.00554401 0.0203588 0.00367166)
(0.00554403 0.0203588 0.00367167)
(0.0103406 0.0139845 0.00926343)
(0.00943779 0.01031 0.0128982)
(0.0069547 0.00695468 0.0159452)
(0.00232321 0.00556372 0.0174223)
(-0.00191714 0.00191715 0.0185129)
(-0.00556375 0.00232323 0.0174223)
(-0.00744751 0.00330639 0.015398)
(-0.00767789 0.00430754 0.0128834)
(-0.00387635 0.00596602 0.00975758)
(0.00387636 0.00596602 0.00975758)
(0.0076779 0.00430754 0.0128834)
(0.00744752 0.00330639 0.015398)
(0.00556374 0.00232323 0.0174223)
(0.00191712 0.00191713 0.0185129)
(-0.00219304 -0.00219303 0.0225268)
(-0.00633168 -0.00270116 0.0214604)
(-0.00858659 -0.00396202 0.0196864)
(-0.00913766 -0.00527027 0.0171025)
(-0.00468931 -0.00764363 0.0139053)
(0.00468933 -0.00764364 0.0139053)
(0.00913767 -0.00527027 0.0171025)
(0.0085866 -0.00396202 0.0196864)
(0.0063317 -0.00270117 0.0214604)
(0.00219306 -0.00219303 0.0225268)
(-0.00270118 -0.0063317 0.0214604)
(-0.00810278 -0.00810281 0.0199625)
(-0.0111646 -0.0123725 0.0170104)
(-0.0128245 -0.0173323 0.0130862)
(-0.00707907 -0.0265111 0.00652685)
(0.00707909 -0.0265111 0.00652686)
(0.0128246 -0.0173323 0.0130862)
(0.0111646 -0.0123725 0.0170104)
(0.00810279 -0.0081028 0.0199625)
(0.00270119 -0.0063317 0.0214604)
(-0.00396203 -0.00858658 0.0196864)
(-0.0123725 -0.0111646 0.0170104)
(-0.0178389 -0.0178389 0.0116209)
(-0.023276 -0.0255469 0.00329325)
(-0.0138949 -0.042293 -0.0126653)
(0.0138949 -0.042293 -0.0126653)
(0.023276 -0.0255469 0.00329325)
(0.0178389 -0.0178389 0.0116209)
(0.0123725 -0.0111646 0.0170104)
(0.00396204 -0.00858659 0.0196864)
(-0.00527029 -0.00913768 0.0171025)
(-0.0173323 -0.0128246 0.0130862)
(-0.0255469 -0.023276 0.00329325)
(-0.0370795 -0.0370796 -0.0106064)
(-0.0239343 -0.0735243 -0.0464999)
(0.0239343 -0.0735243 -0.0464999)
(0.0370795 -0.0370795 -0.0106064)
(0.0255469 -0.023276 0.00329326)
(0.0173323 -0.0128246 0.0130862)
(0.00527029 -0.00913767 0.0171025)
(-0.00764366 -0.00468931 0.0139053)
(-0.0265111 -0.00707907 0.00652682)
(-0.0422931 -0.0138949 -0.0126653)
(-0.0735243 -0.0239343 -0.0464999)
(-0.0510522 -0.0510522 -0.148842)
(0.0510522 -0.0510522 -0.148842)
(0.0735243 -0.0239343 -0.0464999)
(0.0422931 -0.0138949 -0.0126653)
(0.0265111 -0.00707907 0.00652682)
(0.00764367 -0.00468931 0.0139053)
(-0.00764365 0.00468934 0.0139053)
(-0.0265111 0.0070791 0.00652684)
(-0.042293 0.0138949 -0.0126653)
(-0.0735243 0.0239343 -0.0464999)
(-0.0510522 0.0510522 -0.148842)
(0.0510522 0.0510522 -0.148842)
(0.0735243 0.0239343 -0.0464999)
(0.0422931 0.0138949 -0.0126653)
(0.0265111 0.0070791 0.00652684)
(0.00764366 0.00468934 0.0139053)
(-0.00527029 0.00913767 0.0171025)
(-0.0173323 0.0128246 0.0130862)
(-0.0255469 0.023276 0.00329323)
(-0.0370795 0.0370795 -0.0106064)
(-0.0239343 0.0735243 -0.0464999)
(0.0239343 0.0735243 -0.0464999)
(0.0370796 0.0370795 -0.0106064)
(0.025547 0.023276 0.00329323)
(0.0173323 0.0128246 0.0130862)
(0.0052703 0.00913767 0.0171025)
(-0.00396203 0.00858663 0.0196864)
(-0.0123725 0.0111647 0.0170104)
(-0.0178389 0.0178389 0.0116209)
(-0.023276 0.025547 0.00329325)
(-0.0138949 0.0422931 -0.0126653)
(0.0138949 0.0422931 -0.0126653)
(0.023276 0.025547 0.00329325)
(0.0178389 0.0178389 0.0116209)
(0.0123725 0.0111647 0.0170104)
(0.00396204 0.00858662 0.0196864)
(-0.00270118 0.00633168 0.0214604)
(-0.0081028 0.00810278 0.0199625)
(-0.0111647 0.0123725 0.0170104)
(-0.0128246 0.0173322 0.0130862)
(-0.00707908 0.0265111 0.00652682)
(0.0070791 0.0265111 0.00652682)
(0.0128246 0.0173322 0.0130862)
(0.0111647 0.0123725 0.0170104)
(0.0081028 0.00810278 0.0199625)
(0.00270119 0.00633169 0.0214604)
(-0.00219305 0.00219308 0.0225267)
(-0.00633169 0.00270121 0.0214604)
(-0.00858661 0.00396206 0.0196864)
(-0.00913767 0.00527032 0.0171025)
(-0.00468932 0.00764369 0.0139053)
(0.00468934 0.00764369 0.0139053)
(0.00913768 0.00527032 0.0171025)
(0.00858661 0.00396206 0.0196864)
(0.00633171 0.0027012 0.0214604)
(0.00219306 0.00219308 0.0225267)
(-0.00245446 -0.00245444 0.0270484)
(-0.00698739 -0.0030731 0.026079)
(-0.00962638 -0.00464471 0.0248481)
(-0.0105641 -0.00631319 0.0223654)
(-0.00547083 -0.00964884 0.0195417)
(0.00547084 -0.00964884 0.0195417)
(0.0105641 -0.00631319 0.0223654)
(0.00962639 -0.00464472 0.0248481)
(0.00698739 -0.00307311 0.026079)
(0.00245444 -0.00245444 0.0270484)
(-0.00307312 -0.00698741 0.026079)
(-0.00918018 -0.00918021 0.0246597)
(-0.0128794 -0.0143414 0.0221495)
(-0.0155765 -0.0208776 0.0181838)
(-0.0088335 -0.0336271 0.010979)
(0.00883351 -0.0336271 0.010979)
(0.0155765 -0.0208776 0.0181838)
(0.0128794 -0.0143414 0.0221495)
(0.00918018 -0.00918021 0.0246598)
(0.00307311 -0.00698741 0.026079)
(-0.00464473 -0.00962637 0.0248481)
(-0.0143414 -0.0128794 0.0221495)
(-0.0213618 -0.0213618 0.0177572)
(-0.0298492 -0.0319221 0.00850931)
(-0.0182471 -0.0575503 -0.00947887)
(0.0182471 -0.0575503 -0.00947886)
(0.0298492 -0.0319221 0.00850931)
(0.0213618 -0.0213618 0.0177572)
(0.0143414 -0.0128794 0.0221495)
(0.00464472 -0.00962637 0.0248481)
(-0.00631321 -0.0105641 0.0223654)
(-0.0208776 -0.0155766 0.0181838)
(-0.0319221 -0.0298492 0.00850932)
(-0.0512707 -0.0512708 -0.00776936)
(-0.0348474 -0.114868 -0.0581202)
(0.0348474 -0.114868 -0.0581203)
(0.0512707 -0.0512708 -0.00776935)
(0.0319221 -0.0298492 0.00850934)
(0.0208776 -0.0155766 0.0181838)
(0.0063132 -0.0105641 0.0223654)
(-0.00964887 -0.00547082 0.0195417)
(-0.0336271 -0.00883349 0.010979)
(-0.0575504 -0.0182471 -0.00947889)
(-0.114868 -0.0348473 -0.0581203)
(-0.0862864 -0.0862863 -0.230227)
(0.0862864 -0.0862864 -0.230227)
(0.114868 -0.0348473 -0.0581203)
(0.0575504 -0.0182471 -0.00947886)
(0.0336271 -0.00883349 0.010979)
(0.00964885 -0.00547083 0.0195417)
(-0.00964886 0.00547085 0.0195417)
(-0.0336271 0.00883353 0.010979)
(-0.0575504 0.0182471 -0.00947884)
(-0.114868 0.0348474 -0.0581203)
(-0.0862864 0.0862863 -0.230227)
(0.0862864 0.0862864 -0.230227)
(0.114868 0.0348474 -0.0581203)
(0.0575504 0.0182471 -0.00947884)
(0.0336271 0.00883353 0.010979)
(0.00964884 0.00547085 0.0195417)
(-0.00631322 0.0105641 0.0223654)
(-0.0208776 0.0155765 0.0181838)
(-0.0319221 0.0298492 0.0085093)
(-0.0512708 0.0512707 -0.00776939)
(-0.0348474 0.114868 -0.0581203)
(0.0348474 0.114868 -0.0581203)
(0.0512708 0.0512707 -0.00776938)
(0.0319221 0.0298492 0.00850932)
(0.0208776 0.0155765 0.0181838)
(0.0063132 0.0105641 0.0223654)
(-0.00464473 0.00962642 0.0248481)
(-0.0143414 0.0128794 0.0221496)
(-0.0213618 0.0213619 0.0177572)
(-0.0298492 0.0319221 0.00850935)
(-0.0182471 0.0575504 -0.00947883)
(0.0182471 0.0575504 -0.00947883)
(0.0298492 0.0319221 0.00850936)
(0.0213618 0.0213618 0.0177572)
(0.0143414 0.0128794 0.0221496)
(0.00464471 0.00962642 0.0248481)
(-0.00307312 0.00698737 0.026079)
(-0.0091802 0.00918016 0.0246598)
(-0.0128794 0.0143414 0.0221495)
(-0.0155765 0.0208776 0.0181838)
(-0.00883351 0.0336271 0.010979)
(0.00883353 0.0336271 0.010979)
(0.0155766 0.0208776 0.0181838)
(0.0128794 0.0143414 0.0221495)
(0.00918019 0.00918017 0.0246598)
(0.0030731 0.00698736 0.026079)
(-0.00245446 0.00245446 0.0270484)
(-0.0069874 0.00307312 0.026079)
(-0.00962639 0.00464474 0.0248481)
(-0.0105641 0.00631322 0.0223654)
(-0.00547083 0.00964887 0.0195417)
(0.00547085 0.00964887 0.0195417)
(0.0105641 0.00631322 0.0223654)
(0.0096264 0.00464474 0.0248481)
(0.00698738 0.00307312 0.026079)
(0.00245443 0.00245444 0.0270484)
(-0.00268283 -0.00268282 0.032003)
(-0.00743588 -0.00341179 0.0312145)
(-0.0104442 -0.00531221 0.0309215)
(-0.0117839 -0.00735727 0.0287534)
(-0.00609439 -0.0119211 0.027164)
(0.00609442 -0.0119211 0.027164)
(0.0117839 -0.00735727 0.0287534)
(0.0104442 -0.00531222 0.0309215)
(0.00743589 -0.00341179 0.0312145)
(0.00268284 -0.00268282 0.032003)
(-0.0034118 -0.0074359 0.0312145)
(-0.0100682 -0.0100682 0.0300001)
(-0.0144076 -0.0159152 0.028411)
(-0.0184057 -0.0242418 0.0247508)
(-0.0106933 -0.0409961 0.0176986)
(0.0106933 -0.0409961 0.0176986)
(0.0184057 -0.0242418 0.0247508)
(0.0144076 -0.0159152 0.028411)
(0.0100682 -0.0100682 0.0300001)
(0.00341181 -0.0074359 0.0312145)
(-0.00531224 -0.0104442 0.0309215)
(-0.0159152 -0.0144076 0.028411)
(-0.0246792 -0.0246792 0.0267476)
(-0.0369095 -0.0385368 0.0170475)
(-0.02279 -0.0770738 0.00139633)
(0.02279 -0.0770738 0.0013963)
(0.0369096 -0.0385368 0.0170476)
(0.0246792 -0.0246792 0.0267476)
(0.0159152 -0.0144076 0.028411)
(0.00531225 -0.0104442 0.0309215)
(-0.00735729 -0.0117839 0.0287534)
(-0.0242418 -0.0184057 0.0247508)
(-0.0385368 -0.0369096 0.0170476)
(-0.0695163 -0.0695164 -0.00141833)
(-0.0511904 -0.181229 -0.0690081)
(0.0511904 -0.181229 -0.069008)
(0.0695164 -0.0695164 -0.00141832)
(0.0385368 -0.0369096 0.0170476)
(0.0242418 -0.0184057 0.0247508)
(0.0073573 -0.0117839 0.0287534)
(-0.0119212 -0.00609439 0.0271639)
(-0.0409961 -0.0106933 0.0176985)
(-0.0770738 -0.02279 0.00139631)
(-0.181229 -0.0511903 -0.0690081)
(-0.151642 -0.151642 -0.358225)
(0.151642 -0.151642 -0.358225)
(0.181229 -0.0511904 -0.0690081)
(0.0770739 -0.02279 0.00139633)
(0.0409961 -0.0106933 0.0176985)
(0.0119212 -0.00609439 0.0271639)
(-0.0119212 0.00609443 0.0271639)
(-0.0409961 0.0106934 0.0176986)
(-0.0770738 0.02279 0.0013963)
(-0.181229 0.0511904 -0.069008)
(-0.151643 0.151642 -0.358225)
(0.151642 0.151642 -0.358225)
(0.181229 0.0511904 -0.0690081)
(0.0770738 0.02279 0.00139635)
(0.0409961 0.0106934 0.0176986)
(0.0119212 0.00609443 0.027164)
(-0.0073573 0.0117839 0.0287534)
(-0.0242418 0.0184057 0.0247508)
(-0.0385369 0.0369096 0.0170475)
(-0.0695164 0.0695164 -0.00141837)
(-0.0511904 0.181229 -0.0690081)
(0.0511904 0.181229 -0.0690081)
(0.0695164 0.0695164 -0.00141835)
(0.0385369 0.0369095 0.0170476)
(0.0242418 0.0184057 0.0247508)
(0.0073573 0.0117839 0.0287534)
(-0.00531223 0.0104442 0.0309215)
(-0.0159152 0.0144076 0.028411)
(-0.0246792 0.0246793 0.0267476)
(-0.0369095 0.0385369 0.0170476)
(-0.02279 0.0770739 0.00139634)
(0.02279 0.0770739 0.00139634)
(0.0369096 0.0385369 0.0170476)
(0.0246792 0.0246792 0.0267476)
(0.0159152 0.0144076 0.028411)
(0.00531224 0.0104442 0.0309215)
(-0.00341181 0.00743588 0.0312145)
(-0.0100682 0.0100682 0.0300001)
(-0.0144076 0.0159152 0.028411)
(-0.0184057 0.0242417 0.0247508)
(-0.0106933 0.0409961 0.0176986)
(0.0106934 0.0409961 0.0176986)
(0.0184057 0.0242417 0.0247508)
(0.0144076 0.0159152 0.028411)
(0.0100682 0.0100682 0.0300001)
(0.00341182 0.00743589 0.0312145)
(-0.00268284 0.00268287 0.032003)
(-0.00743589 0.00341184 0.0312145)
(-0.0104442 0.00531227 0.0309215)
(-0.0117839 0.00735733 0.0287534)
(-0.00609441 0.0119212 0.0271639)
(0.00609443 0.0119212 0.0271639)
(0.0117839 0.00735733 0.0287534)
(0.0104442 0.00531227 0.0309215)
(0.00743591 0.00341184 0.0312145)
(0.00268285 0.00268287 0.032003)
(-0.00285489 -0.00285487 0.0372221)
(-0.00753309 -0.00368169 0.0366878)
(-0.0108598 -0.00590298 0.0376624)
(-0.0124362 -0.00831095 0.036061)
(-0.0062604 -0.0143972 0.0367269)
(0.00626042 -0.0143972 0.0367269)
(0.0124362 -0.00831095 0.036061)
(0.0108598 -0.00590299 0.0376624)
(0.00753308 -0.00368169 0.0366878)
(0.00285488 -0.00285488 0.0372221)
(-0.00368171 -0.00753311 0.0366878)
(-0.0105839 -0.010584 0.0358195)
(-0.0155112 -0.0164202 0.035604)
(-0.0209487 -0.0266962 0.0329017)
(-0.0123553 -0.0463849 0.0277849)
(0.0123553 -0.046385 0.0277849)
(0.0209487 -0.0266962 0.0329017)
(0.0155113 -0.0164202 0.035604)
(0.0105839 -0.010584 0.0358195)
(0.00368169 -0.00753311 0.0366878)
(-0.00590301 -0.0108598 0.0376624)
(-0.0164202 -0.0155112 0.035604)
(-0.0270622 -0.0270622 0.038713)
(-0.0425377 -0.0449284 0.030204)
(-0.0259077 -0.101494 0.0275896)
(0.0259077 -0.101494 0.0275897)
(0.0425378 -0.0449284 0.030204)
(0.0270622 -0.0270622 0.038713)
(0.0164202 -0.0155112 0.035604)
(0.005903 -0.0108598 0.0376624)
(-0.00831097 -0.0124362 0.036061)
(-0.0266962 -0.0209487 0.0329017)
(-0.0449284 -0.0425377 0.030204)
(-0.0918744 -0.0918744 0.0144457)
(-0.0747001 -0.277964 -0.0700235)
(0.0747001 -0.277964 -0.0700235)
(0.0918744 -0.0918744 0.0144457)
(0.0449284 -0.0425377 0.030204)
(0.0266962 -0.0209487 0.0329017)
(0.00831096 -0.0124362 0.036061)
(-0.0143973 -0.0062604 0.0367269)
(-0.0463849 -0.0123553 0.0277848)
(-0.101494 -0.0259077 0.0275896)
(-0.277964 -0.0747001 -0.0700236)
(-0.181681 -0.181681 -0.577702)
(0.181681 -0.181681 -0.577702)
(0.277964 -0.0747001 -0.0700237)
(0.101494 -0.0259077 0.0275896)
(0.0463849 -0.0123553 0.0277848)
(0.0143972 -0.0062604 0.0367269)
(-0.0143972 0.00626043 0.0367269)
(-0.0463849 0.0123554 0.0277849)
(-0.101494 0.0259078 0.0275897)
(-0.277964 0.0747001 -0.0700235)
(-0.181681 0.181681 -0.577702)
(0.181682 0.181681 -0.577702)
(0.277964 0.0747001 -0.0700236)
(0.101494 0.0259078 0.0275897)
(0.0463849 0.0123554 0.0277849)
(0.0143972 0.00626043 0.0367269)
(-0.00831098 0.0124362 0.036061)
(-0.0266962 0.0209487 0.0329017)
(-0.0449285 0.0425377 0.030204)
(-0.0918744 0.0918744 0.0144457)
(-0.0747001 0.277964 -0.0700237)
(0.0747002 0.277964 -0.0700237)
(0.0918744 0.0918744 0.0144457)
(0.0449285 0.0425377 0.030204)
(0.0266962 0.0209487 0.0329017)
(0.00831096 0.0124362 0.036061)
(-0.005903 0.0108598 0.0376624)
(-0.0164202 0.0155113 0.035604)
(-0.0270622 0.0270623 0.038713)
(-0.0425377 0.0449285 0.030204)
(-0.0259078 0.101494 0.0275897)
(0.0259078 0.101494 0.0275897)
(0.0425377 0.0449285 0.030204)
(0.0270622 0.0270623 0.038713)
(0.0164202 0.0155113 0.035604)
(0.00590298 0.0108598 0.0376624)
(-0.00368171 0.00753305 0.0366878)
(-0.0105839 0.0105839 0.0358195)
(-0.0155113 0.0164201 0.035604)
(-0.0209487 0.0266961 0.0329017)
(-0.0123553 0.0463849 0.0277849)
(0.0123554 0.0463849 0.0277849)
(0.0209487 0.0266961 0.0329017)
(0.0155113 0.0164201 0.035604)
(0.0105839 0.0105839 0.0358195)
(0.00368169 0.00753305 0.0366878)
(-0.00285489 0.00285489 0.0372221)
(-0.00753309 0.00368171 0.0366878)
(-0.0108598 0.00590301 0.0376624)
(-0.0124362 0.00831098 0.036061)
(-0.00626041 0.0143972 0.0367269)
(0.00626043 0.0143972 0.0367269)
(0.0124362 0.00831098 0.036061)
(0.0108598 0.00590301 0.0376624)
(0.00753307 0.00368171 0.0366878)
(0.00285485 0.00285487 0.0372221)
(-0.00295717 -0.00295715 0.0425191)
(-0.00722096 -0.00384843 0.0422901)
(-0.0107621 -0.00634931 0.0448696)
(-0.0122443 -0.00893862 0.0439533)
(-0.00575877 -0.0164916 0.0483256)
(0.0057588 -0.0164916 0.0483256)
(0.0122443 -0.00893862 0.0439533)
(0.0107622 -0.00634931 0.0448696)
(0.00722098 -0.00384843 0.0422901)
(0.00295718 -0.00295715 0.0425191)
(-0.00384845 -0.00722099 0.0422901)
(-0.0106151 -0.0106151 0.0418736)
(-0.0158774 -0.0153627 0.0433729)
(-0.0224112 -0.0271769 0.0420431)
(-0.0132686 -0.0453988 0.0410196)
(0.0132686 -0.0453988 0.0410196)
(0.0224112 -0.0271769 0.0420431)
(0.0158774 -0.0153627 0.043373)
(0.0106151 -0.0106151 0.0418736)
(0.00384846 -0.00722099 0.0422901)
(-0.00634934 -0.0107621 0.0448696)
(-0.0153626 -0.0158773 0.0433729)
(-0.0274378 -0.0274378 0.0541941)
(-0.0424013 -0.0471998 0.047614)
(-0.0259551 -0.122877 0.0789335)
(0.0259552 -0.122877 0.0789335)
(0.0424013 -0.0471997 0.047614)
(0.0274379 -0.0274378 0.0541941)
(0.0153627 -0.0158773 0.0433729)
(0.00634935 -0.0107621 0.0448696)
(-0.00893865 -0.0122443 0.0439533)
(-0.0271769 -0.0224112 0.0420431)
(-0.0471998 -0.0424013 0.047614)
(-0.108589 -0.10859 0.0386131)
(-0.0834624 -0.337181 -0.0977277)
(0.0834625 -0.337181 -0.0977277)
(0.10859 -0.10859 0.0386132)
(0.0471998 -0.0424013 0.0476141)
(0.0271769 -0.0224112 0.0420431)
(0.00893866 -0.0122443 0.0439533)
(-0.0164916 -0.00575876 0.0483256)
(-0.0453988 -0.0132686 0.0410195)
(-0.122877 -0.0259551 0.0789335)
(-0.337181 -0.0834624 -0.0977278)
(-0.056675 -0.056675 -0.858759)
(0.056675 -0.056675 -0.858759)
(0.33718 -0.0834624 -0.0977277)
(0.122877 -0.0259551 0.0789335)
(0.0453988 -0.0132686 0.0410196)
(0.0164916 -0.00575877 0.0483256)
(-0.0164916 0.00575883 0.0483256)
(-0.0453988 0.0132687 0.0410196)
(-0.122877 0.0259552 0.0789335)
(-0.337181 0.0834625 -0.0977277)
(-0.056675 0.056675 -0.858759)
(0.056675 0.056675 -0.858759)
(0.33718 0.0834625 -0.0977276)
(0.122877 0.0259551 0.0789335)
(0.0453988 0.0132687 0.0410196)
(0.0164916 0.00575882 0.0483257)
(-0.00893866 0.0122443 0.0439533)
(-0.0271769 0.0224112 0.0420431)
(-0.0471998 0.0424013 0.047614)
(-0.10859 0.10859 0.0386131)
(-0.0834625 0.33718 -0.0977278)
(0.0834625 0.33718 -0.0977277)
(0.10859 0.10859 0.0386132)
(0.0471998 0.0424013 0.0476141)
(0.0271769 0.0224112 0.0420431)
(0.00893868 0.0122443 0.0439533)
(-0.00634934 0.0107622 0.0448697)
(-0.0153627 0.0158774 0.043373)
(-0.0274378 0.0274379 0.0541941)
(-0.0424013 0.0471998 0.0476141)
(-0.0259551 0.122877 0.0789335)
(0.0259552 0.122877 0.0789335)
(0.0424013 0.0471998 0.0476141)
(0.0274378 0.0274379 0.0541942)
(0.0153627 0.0158774 0.043373)
(0.00634934 0.0107622 0.0448697)
(-0.00384846 0.00722097 0.0422901)
(-0.0106151 0.0106151 0.0418736)
(-0.0158774 0.0153626 0.0433729)
(-0.0224112 0.0271769 0.0420431)
(-0.0132686 0.0453987 0.0410196)
(0.0132687 0.0453987 0.0410196)
(0.0224112 0.0271768 0.0420431)
(0.0158774 0.0153626 0.043373)
(0.0106151 0.0106151 0.0418737)
(0.00384847 0.00722098 0.0422901)
(-0.00295717 0.00295722 0.042519)
(-0.00722099 0.0038485 0.0422901)
(-0.0107622 0.00634939 0.0448696)
(-0.0122443 0.00893871 0.0439533)
(-0.0057588 0.0164917 0.0483256)
(0.00575882 0.0164917 0.0483256)
(0.0122443 0.00893871 0.0439533)
(0.0107622 0.00634938 0.0448696)
(0.007221 0.0038485 0.0422901)
(0.0029572 0.00295722 0.042519)
(-0.0029776 -0.00297757 0.047558)
(-0.0063643 -0.00389402 0.0476642)
(-0.0100343 -0.00666974 0.0515636)
(-0.0106932 -0.00928285 0.051512)
(-0.00407905 -0.0185329 0.0594294)
(0.00407906 -0.0185328 0.0594294)
(0.0106932 -0.00928285 0.051512)
(0.0100343 -0.00666974 0.0515636)
(0.00636429 -0.00389402 0.0476642)
(0.00297758 -0.00297757 0.047558)
(-0.00389405 -0.00636433 0.0476642)
(-0.0100543 -0.0100543 0.0477947)
(-0.0154477 -0.0116703 0.0508745)
(-0.0225603 -0.0250384 0.0513153)
(-0.0132072 -0.0307969 0.057826)
(0.0132073 -0.0307969 0.057826)
(0.0225603 -0.0250384 0.0513153)
(0.0154477 -0.0116703 0.0508745)
(0.0100543 -0.0100543 0.0477947)
(0.00389403 -0.00636432 0.0476642)
(-0.00666977 -0.0100342 0.0515636)
(-0.0116703 -0.0154477 0.0508744)
(-0.0251162 -0.0251161 0.0686628)
(-0.0297329 -0.0441138 0.0667322)
(-0.0144236 -0.121046 0.135834)
(0.0144236 -0.121046 0.135834)
(0.029733 -0.0441138 0.0667322)
(0.0251162 -0.0251161 0.0686628)
(0.0116703 -0.0154477 0.0508744)
(0.00666976 -0.0100342 0.0515636)
(-0.00928288 -0.0106932 0.0515121)
(-0.0250384 -0.0225603 0.0513153)
(-0.0441138 -0.029733 0.0667323)
(-0.103381 -0.103381 0.0572859)
(-0.0533293 -0.204435 -0.213927)
(0.0533293 -0.204435 -0.213927)
(0.103381 -0.103381 0.0572859)
(0.0441138 -0.029733 0.0667323)
(0.0250383 -0.0225603 0.0513153)
(0.00928285 -0.0106932 0.0515121)
(-0.0185329 -0.00407905 0.0594293)
(-0.0307969 -0.0132072 0.057826)
(-0.121046 -0.0144236 0.135834)
(-0.204435 -0.0533293 -0.213927)
(0.00265178 0.00265178 -0.993738)
(-0.00265177 0.00265178 -0.993738)
(0.204435 -0.0533293 -0.213927)
(0.121046 -0.0144235 0.135834)
(0.0307969 -0.0132072 0.057826)
(0.0185329 -0.00407905 0.0594294)
(-0.0185328 0.00407909 0.0594294)
(-0.0307969 0.0132073 0.0578261)
(-0.121046 0.0144236 0.135834)
(-0.204435 0.0533293 -0.213927)
(0.00265177 -0.00265178 -0.993738)
(-0.00265177 -0.00265177 -0.993738)
(0.204435 0.0533294 -0.213927)
(0.121046 0.0144236 0.135834)
(0.0307969 0.0132073 0.0578261)
(0.0185328 0.00407908 0.0594294)
(-0.00928289 0.0106932 0.0515121)
(-0.0250384 0.0225603 0.0513153)
(-0.0441138 0.029733 0.0667322)
(-0.103381 0.103381 0.0572859)
(-0.0533293 0.204435 -0.213928)
(0.0533294 0.204435 -0.213927)
(0.103381 0.103381 0.0572859)
(0.0441138 0.029733 0.0667323)
(0.0250384 0.0225603 0.0513153)
(0.00928286 0.0106932 0.0515121)
(-0.00666976 0.0100343 0.0515636)
(-0.0116703 0.0154478 0.0508745)
(-0.0251161 0.0251162 0.0686628)
(-0.029733 0.0441139 0.0667323)
(-0.0144236 0.121046 0.135834)
(0.0144236 0.121046 0.135834)
(0.029733 0.0441138 0.0667323)
(0.0251161 0.0251162 0.0686628)
(0.0116703 0.0154478 0.0508745)
(0.00666973 0.0100343 0.0515636)
(-0.00389404 0.00636425 0.0476642)
(-0.0100543 0.0100542 0.0477947)
(-0.0154477 0.0116703 0.0508744)
(-0.0225603 0.0250383 0.0513153)
(-0.0132073 0.0307968 0.057826)
(0.0132073 0.0307968 0.057826)
(0.0225603 0.0250383 0.0513153)
(0.0154478 0.0116702 0.0508744)
(0.0100543 0.0100542 0.0477947)
(0.00389401 0.00636423 0.0476642)
(-0.00297759 0.00297758 0.047558)
(-0.0063643 0.00389404 0.0476642)
(-0.0100343 0.00666977 0.0515636)
(-0.0106932 0.00928288 0.0515121)
(-0.00407907 0.0185329 0.0594294)
(0.00407909 0.0185329 0.0594294)
(0.0106932 0.00928287 0.0515121)
(0.0100343 0.00666976 0.0515636)
(0.00636427 0.00389403 0.0476642)
(0.00297754 0.00297756 0.047558)
(-0.002913 -0.00291298 0.052152)
(-0.005223 -0.00379064 0.0525847)
(-0.00883776 -0.00672466 0.0573492)
(-0.00827148 -0.00909243 0.0578997)
(-0.00178542 -0.0185376 0.0678199)
(0.00178545 -0.0185376 0.0678199)
(0.00827148 -0.00909243 0.0578997)
(0.00883777 -0.00672466 0.0573492)
(0.00522302 -0.00379064 0.0525847)
(0.00291303 -0.00291298 0.052152)
(-0.00379067 -0.00522303 0.0525847)
(-0.00902559 -0.00902563 0.0532078)
(-0.0141577 -0.00664161 0.0571665)
(-0.0200061 -0.0197404 0.0583938)
(-0.0110441 -0.00473373 0.0656992)
(0.0110442 -0.00473369 0.0656992)
(0.0200061 -0.0197404 0.0583938)
(0.0141577 -0.00664161 0.0571665)
(0.0090256 -0.00902562 0.0532078)
(0.00379069 -0.00522303 0.0525847)
(-0.00672471 -0.00883774 0.0573491)
(-0.00664159 -0.0141577 0.0571664)
(-0.0196323 -0.0196323 0.0787473)
(-0.00657179 -0.0368461 0.0762911)
(0.00943615 -0.064482 0.159725)
(-0.00943609 -0.064482 0.159724)
(0.00657177 -0.036846 0.0762911)
(0.0196323 -0.0196323 0.0787473)
(0.0066416 -0.0141577 0.0571664)
(0.00672472 -0.00883773 0.0573491)
(-0.00909247 -0.00827151 0.0578997)
(-0.0197403 -0.0200061 0.0583938)
(-0.0368461 -0.00657183 0.0762911)
(-0.0512846 -0.0512847 0.0526651)
(-0.0157077 0.0632662 -0.251055)
(0.0157077 0.0632662 -0.251055)
(0.0512846 -0.0512847 0.0526651)
(0.0368461 -0.00657179 0.0762912)
(0.0197403 -0.0200061 0.0583938)
(0.00909249 -0.0082715 0.0578997)
(-0.0185377 -0.00178541 0.0678199)
(-0.00473371 -0.0110441 0.0656991)
(-0.0644821 0.00943614 0.159724)
(0.0632664 -0.0157076 -0.251055)
(0.0107205 0.0107205 -1.0282)
(-0.0107205 0.0107205 -1.0282)
(-0.0632664 -0.0157076 -0.251055)
(0.0644821 0.00943612 0.159724)
(0.0047337 -0.0110441 0.0656991)
(0.0185377 -0.00178542 0.0678199)
(-0.0185376 0.00178549 0.0678199)
(-0.00473366 0.0110442 0.0656992)
(-0.064482 -0.00943605 0.159725)
(0.0632661 0.0157078 -0.251055)
(0.0107205 -0.0107205 -1.0282)
(-0.0107205 -0.0107205 -1.0282)
(-0.0632661 0.0157078 -0.251055)
(0.064482 -0.00943606 0.159725)
(0.00473369 0.0110442 0.0656992)
(0.0185376 0.00178548 0.06782)
(-0.00909248 0.00827148 0.0578997)
(-0.0197404 0.0200061 0.0583938)
(-0.0368461 0.00657176 0.0762911)
(-0.0512848 0.0512846 0.0526651)
(-0.0157077 -0.0632664 -0.251055)
(0.0157078 -0.0632663 -0.251055)
(0.0512848 0.0512846 0.0526651)
(0.0368461 0.00657176 0.0762912)
(0.0197404 0.0200061 0.0583938)
(0.00909251 0.00827149 0.0578997)
(-0.00672469 0.00883781 0.0573492)
(-0.0066416 0.0141577 0.0571665)
(-0.0196323 0.0196324 0.0787473)
(-0.00657177 0.0368462 0.0762912)
(0.00943607 0.0644822 0.159725)
(-0.00943604 0.0644822 0.159725)
(0.00657178 0.0368461 0.0762912)
(0.0196323 0.0196323 0.0787473)
(0.00664162 0.0141577 0.0571665)
(0.0067247 0.0088378 0.0573492)
(-0.00379067 0.00522302 0.0525847)
(-0.00902562 0.00902559 0.0532078)
(-0.0141577 0.00664158 0.0571665)
(-0.0200061 0.0197403 0.0583938)
(-0.0110442 0.00473367 0.0656992)
(0.0110442 0.00473367 0.0656992)
(0.0200061 0.0197403 0.0583938)
(0.0141577 0.00664159 0.0571665)
(0.00902563 0.00902559 0.0532078)
(0.0037907 0.00522303 0.0525847)
(-0.00291301 0.00291307 0.052152)
(-0.00522303 0.00379074 0.0525847)
(-0.00883777 0.00672476 0.0573492)
(-0.00827149 0.00909254 0.0578997)
(-0.00178545 0.0185377 0.0678199)
(0.00178547 0.0185377 0.0678199)
(0.0082715 0.00909255 0.0578997)
(0.00883777 0.00672475 0.0573492)
(0.00522306 0.00379073 0.0525847)
(0.00291305 0.00291308 0.052152)
)
;

boundaryField
{
    bottom
    {
        type            noSlip;
    }
    atmosphere
    {
        type            pressureInletOutletVelocity;
        value           nonuniform List<vector> 0();
    }
    walls
    {
        type            noSlip;
    }
    procBoundary0to1
    {
        type            processor;
        value           nonuniform List<vector> 
100
(
(-0.00276751 -0.00276748 0.0559427)
(-0.00376223 -0.00359605 0.0567688)
(-0.00735237 -0.00681938 0.0609113)
(-0.00544776 -0.00913466 0.0623773)
(0.000949062 -0.0208643 0.0691604)
(-0.000949053 -0.0208642 0.0691604)
(0.00544779 -0.00913466 0.0623773)
(0.00735239 -0.00681938 0.0609113)
(0.00376221 -0.00359605 0.0567688)
(0.00276749 -0.00276748 0.0559427)
(-0.00359608 -0.00376226 0.0567688)
(-0.00779124 -0.00779129 0.0579386)
(-0.0129201 -0.000848361 0.0616601)
(-0.019109 -0.0158504 0.0632175)
(-0.0105161 0.0195827 0.0621914)
(0.0105162 0.0195826 0.0621914)
(0.019109 -0.0158504 0.0632175)
(0.0129202 -0.000848349 0.0616601)
(0.00779122 -0.00779128 0.0579386)
(0.00359606 -0.00376225 0.0567688)
(-0.00681942 -0.00735235 0.0609113)
(-0.000848325 -0.0129201 0.06166)
(-0.0155232 -0.0155232 0.0763283)
(0.0132994 -0.0379223 0.0718233)
(0.0338817 -0.0653126 0.122747)
(-0.0338817 -0.0653125 0.122747)
(-0.0132993 -0.0379222 0.0718233)
(0.0155232 -0.0155231 0.0763284)
(0.000848307 -0.0129201 0.06166)
(0.00681941 -0.00735235 0.0609113)
(-0.0091347 -0.0054478 0.0623773)
(-0.0158504 -0.0191091 0.0632175)
(-0.0379223 0.0132993 0.0718234)
(-0.056648 -0.0566481 0.0254469)
(-0.0358316 0.365272 -0.261448)
(0.0358318 0.365272 -0.261448)
(0.056648 -0.056648 0.0254469)
(0.0379223 0.0132993 0.0718234)
(0.0158503 -0.019109 0.0632176)
(0.00913466 -0.0054478 0.0623773)
(-0.0208643 0.000949063 0.0691604)
(0.0195827 -0.0105161 0.0621914)
(-0.0653127 0.0338817 0.122747)
(0.365272 -0.0358315 -0.261448)
(0.00616184 0.00616183 -0.908356)
(-0.00616184 0.00616183 -0.908356)
(-0.365272 -0.0358315 -0.261449)
(0.0653126 0.0338818 0.122747)
(-0.0195827 -0.0105161 0.0621914)
(0.0208643 0.000949073 0.0691604)
(-0.0208642 -0.000949011 0.0691604)
(0.0195827 0.0105163 0.0621915)
(-0.0653125 -0.0338816 0.122747)
(0.365272 0.0358318 -0.261448)
(0.00616183 -0.00616185 -0.908356)
(-0.00616184 -0.00616184 -0.908356)
(-0.365272 0.0358318 -0.261448)
(0.0653124 -0.0338817 0.122747)
(-0.0195828 0.0105163 0.0621915)
(0.0208642 -0.000949018 0.0691604)
(-0.00913472 0.00544778 0.0623773)
(-0.0158504 0.019109 0.0632175)
(-0.0379223 -0.0132993 0.0718234)
(-0.0566479 0.056648 0.0254469)
(-0.0358316 -0.365272 -0.261449)
(0.0358317 -0.365272 -0.261449)
(0.0566479 0.0566479 0.0254469)
(0.0379223 -0.0132994 0.0718234)
(0.0158503 0.019109 0.0632175)
(0.00913467 0.00544775 0.0623773)
(-0.00681939 0.00735243 0.0609113)
(-0.000848321 0.0129202 0.0616601)
(-0.0155231 0.0155232 0.0763284)
(0.0132994 0.0379224 0.0718234)
(0.0338817 0.0653126 0.122747)
(-0.0338816 0.0653125 0.122747)
(-0.0132993 0.0379223 0.0718235)
(0.0155231 0.0155232 0.0763284)
(0.00084828 0.0129202 0.0616601)
(0.00681936 0.00735241 0.0609113)
(-0.00359608 0.00376217 0.0567688)
(-0.00779126 0.00779118 0.0579386)
(-0.0129202 0.000848259 0.06166)
(-0.019109 0.0158503 0.0632175)
(-0.0105162 -0.0195828 0.0621914)
(0.0105162 -0.0195828 0.0621915)
(0.019109 0.0158503 0.0632175)
(0.0129202 0.000848237 0.0616601)
(0.00779123 0.00779118 0.0579386)
(0.00359604 0.00376215 0.0567688)
(-0.00276749 0.00276748 0.0559427)
(-0.00376223 0.00359607 0.0567688)
(-0.00735237 0.00681941 0.0609113)
(-0.00544778 0.00913469 0.0623773)
(0.000949042 0.0208643 0.0691604)
(-0.000949018 0.0208642 0.0691604)
(0.00544778 0.00913469 0.0623773)
(0.00735239 0.0068194 0.0609113)
(0.00376219 0.00359606 0.0567688)
(0.00276743 0.00276746 0.0559427)
)
;
    }
    procBoundary0to2
    {
        type            processor;
        value           nonuniform List<vector> 
100
(
(-0.00115253 -0.00115251 0.00963854)
(-0.00331284 -0.00133578 0.00875876)
(-0.00431162 -0.0017487 0.00702104)
(-0.00409045 -0.00215064 0.00521673)
(-0.00193867 -0.00267928 0.00325966)
(0.00193868 -0.00267929 0.00325966)
(0.00409046 -0.00215064 0.00521674)
(0.00431163 -0.0017487 0.00702104)
(0.00331285 -0.00133578 0.00875877)
(0.00115254 -0.00115252 0.00963854)
(-0.00133579 -0.00331286 0.00875876)
(-0.00390986 -0.00390988 0.00766352)
(-0.00512825 -0.00527987 0.0054024)
(-0.00502189 -0.00664637 0.00307099)
(-0.00246891 -0.0085592 0.000261438)
(0.00246893 -0.0085592 0.000261438)
(0.0050219 -0.00664637 0.00307099)
(0.00512825 -0.00527987 0.0054024)
(0.00390986 -0.00390987 0.00766353)
(0.0013358 -0.00331286 0.00875877)
(-0.00174872 -0.00431161 0.00702103)
(-0.00527985 -0.00512824 0.00540239)
(-0.00705085 -0.00705083 0.00184429)
(-0.00737029 -0.0089759 -0.00188459)
(-0.00385421 -0.01183 -0.00712184)
(0.00385422 -0.01183 -0.00712184)
(0.0073703 -0.00897591 -0.00188459)
(0.00705086 -0.00705084 0.00184429)
(0.00527987 -0.00512824 0.0054024)
(0.00174873 -0.00431161 0.00702104)
(-0.00215066 -0.00409046 0.00521674)
(-0.00664635 -0.00502191 0.00307099)
(-0.00897591 -0.0073703 -0.00188458)
(-0.00979512 -0.00979513 -0.00708103)
(-0.00532437 -0.0139745 -0.0151666)
(0.00532438 -0.0139745 -0.0151666)
(0.00979513 -0.00979513 -0.00708103)
(0.00897592 -0.00737031 -0.00188458)
(0.00664636 -0.0050219 0.003071)
(0.00215067 -0.00409046 0.00521674)
(-0.0026793 -0.00193866 0.00325965)
(-0.00855918 -0.00246891 0.000261424)
(-0.0118301 -0.00385421 -0.00712185)
(-0.0139744 -0.00532437 -0.0151666)
(-0.00804667 -0.00804667 -0.0296755)
(0.00804667 -0.00804667 -0.0296755)
(0.0139745 -0.00532437 -0.0151666)
(0.0118301 -0.00385421 -0.00712184)
(0.0085592 -0.00246891 0.000261433)
(0.00267931 -0.00193867 0.00325966)
(-0.0026793 0.00193868 0.00325967)
(-0.00855918 0.00246893 0.000261443)
(-0.0118301 0.00385422 -0.00712183)
(-0.0139744 0.00532438 -0.0151666)
(-0.00804667 0.00804667 -0.0296755)
(0.00804667 0.00804667 -0.0296755)
(0.0139745 0.00532438 -0.0151666)
(0.0118301 0.00385422 -0.00712183)
(0.00855919 0.00246893 0.00026145)
(0.00267931 0.00193868 0.00325967)
(-0.00215066 0.00409046 0.00521673)
(-0.00664636 0.0050219 0.00307099)
(-0.00897592 0.00737029 -0.00188459)
(-0.00979513 0.00979512 -0.00708104)
(-0.00532437 0.0139744 -0.0151666)
(0.00532438 0.0139744 -0.0151666)
(0.00979514 0.00979512 -0.00708104)
(0.00897594 0.0073703 -0.00188459)
(0.00664637 0.0050219 0.003071)
(0.00215067 0.00409046 0.00521674)
(-0.00174872 0.00431165 0.00702105)
(-0.00527986 0.00512828 0.00540241)
(-0.00705085 0.00705087 0.00184431)
(-0.0073703 0.00897594 -0.00188458)
(-0.00385422 0.0118301 -0.00712183)
(0.00385422 0.0118301 -0.00712183)
(0.0073703 0.00897594 -0.00188457)
(0.00705086 0.00705087 0.00184431)
(0.00527987 0.00512827 0.00540242)
(0.00174872 0.00431164 0.00702105)
(-0.0013358 0.00331284 0.00875878)
(-0.00390986 0.00390985 0.00766354)
(-0.00512826 0.00527985 0.0054024)
(-0.0050219 0.00664634 0.00307099)
(-0.00246892 0.00855917 0.000261436)
(0.00246893 0.00855917 0.000261437)
(0.00502191 0.00664634 0.003071)
(0.00512827 0.00527985 0.00540241)
(0.00390987 0.00390985 0.00766354)
(0.0013358 0.00331284 0.00875878)
(-0.00115253 0.00115255 0.00963854)
(-0.00331285 0.00133582 0.00875877)
(-0.00431163 0.00174874 0.00702105)
(-0.00409046 0.00215069 0.00521674)
(-0.00193867 0.00267933 0.00325967)
(0.00193868 0.00267933 0.00325967)
(0.00409047 0.00215068 0.00521674)
(0.00431163 0.00174874 0.00702105)
(0.00331286 0.00133581 0.00875878)
(0.00115254 0.00115255 0.00963854)
)
;
    }
}


// ************************************************************************* //
