/*--------------------------------*- C++ -*----------------------------------*\
| =========                 |                                                 |
| \\      /  F ield         | OpenFOAM: The Open Source CFD Toolbox           |
|  \\    /   O peration     | Version:  2412                                  |
|   \\  /    A nd           | Website:  www.openfoam.com                      |
|    \\/     M anipulation  |                                                 |
\*---------------------------------------------------------------------------*/
FoamFile
{
    version     2.0;
    format      ascii;
    arch        "LSB;label=32;scalar=64";
    class       volVectorField;
    location    "0.73";
    object      U;
}
// * * * * * * * * * * * * * * * * * * * * * * * * * * * * * * * * * * * * * //

dimensions      [0 1 -1 0 0 0 0];

internalField   nonuniform List<vector> 
1000
(
(-0.832861 -0.832861 2.16653)
(0.7437 -0.281442 2.17572)
(-0.46946 0.189658 1.45548)
(0.0849491 -0.049075 -0.663262)
(-0.21379 0.0111644 -0.84448)
(0.213775 0.0111683 -0.844477)
(-0.0849592 -0.0490667 -0.663267)
(0.46943 0.189576 1.45549)
(-0.743689 -0.281441 2.17567)
(0.832857 -0.832859 2.16653)
(-0.281443 0.743704 2.17572)
(-0.616386 -0.61639 1.62765)
(-0.174497 -0.029441 0.594989)
(0.0230467 -0.153011 -0.781175)
(-0.0656327 -0.096956 -0.881501)
(0.0656291 -0.0969584 -0.881503)
(-0.0230291 -0.153 -0.78117)
(0.174479 -0.0294647 0.594902)
(0.616377 -0.616393 1.62762)
(0.281456 0.74371 2.17571)
(0.189676 -0.469466 1.45547)
(-0.0294334 -0.1745 0.595005)
(-0.0587272 -0.0587335 -0.0739295)
(0.193148 -0.0501906 -0.520435)
(-0.0152502 -0.0592165 -0.78139)
(0.0152403 -0.0592212 -0.781387)
(-0.193156 -0.0501868 -0.520426)
(0.058729 -0.0587614 -0.0739182)
(0.0294136 -0.174496 0.59497)
(-0.18965 -0.469452 1.45547)
(-0.0490764 0.0849472 -0.663262)
(-0.153012 0.0230509 -0.781175)
(-0.0501918 0.193146 -0.520434)
(0.0703732 0.0703732 -0.6637)
(0.0111176 0.0457506 -0.837654)
(-0.0111218 0.0457508 -0.837653)
(-0.0703764 0.0703777 -0.663696)
(0.0501911 0.19315 -0.520425)
(0.153006 0.0230509 -0.781171)
(0.0490721 0.0849533 -0.663265)
(0.0111642 -0.213792 -0.844479)
(-0.0969549 -0.0656324 -0.8815)
(-0.0592154 -0.0152534 -0.781389)
(0.0457525 0.0111167 -0.837653)
(-0.00966501 -0.0096668 -0.860462)
(0.0096602 -0.00966798 -0.860461)
(-0.0457576 0.0111175 -0.83765)
(0.0592165 -0.0152564 -0.781382)
(0.0969542 -0.0656303 -0.881499)
(-0.0111676 -0.21379 -0.844473)
(0.0111702 0.213771 -0.844475)
(-0.0969593 0.0656271 -0.881503)
(-0.0592237 0.015238 -0.781384)
(0.0457521 -0.0111232 -0.837651)
(-0.0096671 0.00965881 -0.86046)
(0.00966256 0.00966039 -0.860458)
(-0.045757 -0.0111231 -0.837648)
(0.0592242 0.015243 -0.781377)
(0.0969579 0.0656261 -0.881501)
(-0.0111738 0.213772 -0.844469)
(-0.0490645 -0.0849605 -0.663271)
(-0.152996 -0.0230222 -0.781167)
(-0.0501855 -0.193159 -0.520424)
(0.0703803 -0.0703782 -0.663693)
(0.0111188 -0.0457595 -0.837649)
(-0.0111219 -0.0457594 -0.837648)
(-0.0703821 -0.0703816 -0.66369)
(0.0501853 -0.193162 -0.520416)
(0.152992 -0.0230227 -0.781165)
(0.0490626 -0.0849652 -0.66327)
(0.189546 0.469423 1.45549)
(-0.0294716 0.174469 0.59486)
(-0.0587731 0.0587277 -0.0739143)
(0.193153 0.0501894 -0.520419)
(-0.015256 0.0592155 -0.781379)
(0.0152478 0.0592201 -0.781376)
(-0.19316 0.0501859 -0.520412)
(0.0587719 0.0587549 -0.0739029)
(0.0294541 0.174466 0.594841)
(-0.189535 0.469417 1.45548)
(-0.281438 -0.743684 2.17566)
(-0.61639 0.616376 1.62761)
(-0.174495 0.0294025 0.594959)
(0.0230515 0.153001 -0.781169)
(-0.0656321 0.0969532 -0.881497)
(0.0656298 0.0969551 -0.881498)
(-0.0230328 0.152992 -0.781165)
(0.174478 0.029431 0.594883)
(0.616384 0.616384 1.62759)
(0.281448 -0.743691 2.17565)
(-0.832859 0.832856 2.16653)
(0.743713 0.281463 2.1757)
(-0.469442 -0.189637 1.45547)
(0.0849581 0.0490692 -0.663267)
(-0.213787 -0.0111682 -0.84447)
(0.213776 -0.0111725 -0.844468)
(-0.0849668 0.0490628 -0.663268)
(0.469419 -0.189564 1.45549)
(-0.743702 0.281459 2.17567)
(0.832856 0.832856 2.16653)
(-0.804354 -0.804354 2.1923)
(0.671099 -0.25725 2.32025)
(-0.473953 0.15739 1.55224)
(0.0579257 -0.056053 -0.66917)
(-0.2027 0.00844906 -0.863798)
(0.202692 0.00845224 -0.863797)
(-0.0579308 -0.0560452 -0.669175)
(0.473926 0.157362 1.55227)
(-0.671081 -0.257256 2.3202)
(0.80435 -0.804352 2.1923)
(-0.257251 0.671105 2.32025)
(-0.601701 -0.601707 1.5986)
(-0.166587 -0.0354139 0.490933)
(-0.0109783 -0.136271 -0.794655)
(-0.0565238 -0.0847919 -0.873991)
(0.0565234 -0.084794 -0.873995)
(0.0109946 -0.136268 -0.794648)
(0.166586 -0.0354452 0.490852)
(0.601686 -0.601714 1.59856)
(0.257265 0.671113 2.32024)
(0.157397 -0.473959 1.55223)
(-0.0354031 -0.166588 0.490947)
(-0.0922762 -0.0922826 -0.174455)
(0.14784 -0.0526488 -0.584951)
(-0.0162946 -0.0609531 -0.78341)
(0.0162876 -0.0609572 -0.783408)
(-0.147845 -0.0526473 -0.584943)
(0.0922757 -0.0923067 -0.174452)
(0.0353908 -0.166589 0.49091)
(-0.157398 -0.473949 1.55222)
(-0.0560544 0.0579245 -0.66917)
(-0.136271 -0.0109741 -0.794656)
(-0.0526496 0.147838 -0.584952)
(0.0579664 0.0579666 -0.690687)
(0.0178406 0.0407379 -0.830912)
(-0.0178433 0.0407378 -0.830912)
(-0.0579679 0.0579697 -0.690683)
(0.0526492 0.14784 -0.584948)
(0.136265 -0.0109738 -0.794651)
(0.0560503 0.0579292 -0.669174)
(0.00844889 -0.202701 -0.863797)
(-0.084791 -0.0565231 -0.873989)
(-0.0609519 -0.0162972 -0.783409)
(0.0407394 0.0178402 -0.830911)
(-0.00856323 -0.00856469 -0.845505)
(0.00855935 -0.00856583 -0.845504)
(-0.0407432 0.0178407 -0.830908)
(0.0609523 -0.0163003 -0.783403)
(0.0847901 -0.0565225 -0.873986)
(-0.00845175 -0.202699 -0.86379)
(0.00845372 0.20269 -0.863795)
(-0.084795 0.0565229 -0.873995)
(-0.0609593 0.0162857 -0.783406)
(0.0407388 -0.0178444 -0.830911)
(-0.00856528 0.00855802 -0.845503)
(0.00856162 0.00855952 -0.845502)
(-0.0407424 -0.0178443 -0.830908)
(0.0609593 0.0162906 -0.783401)
(0.0847936 0.0565227 -0.873991)
(-0.00845687 0.20269 -0.863789)
(-0.0560434 -0.057929 -0.669179)
(-0.136267 0.0110016 -0.794644)
(-0.052647 -0.147847 -0.58494)
(0.0579718 -0.0579688 -0.69068)
(0.0178412 -0.0407446 -0.830907)
(-0.0178432 -0.0407443 -0.830907)
(-0.0579722 -0.0579711 -0.690677)
(0.0526466 -0.147847 -0.584937)
(0.136262 0.0110017 -0.794641)
(0.0560416 -0.0579332 -0.669179)
(0.15735 0.473916 1.55228)
(-0.0354622 0.166583 0.490813)
(-0.0923181 0.092273 -0.174451)
(0.147842 0.0526482 -0.584944)
(-0.0163008 0.0609516 -0.783401)
(0.0162953 0.0609557 -0.783399)
(-0.147845 0.0526465 -0.584937)
(0.0923168 0.0922983 -0.174447)
(0.0354485 0.166582 0.490789)
(-0.157351 0.473914 1.55227)
(-0.257255 -0.671072 2.32018)
(-0.601715 0.60168 1.59854)
(-0.16659 0.0353795 0.490898)
(-0.0109724 0.136261 -0.794649)
(-0.0565246 0.0847889 -0.873985)
(0.056525 0.0847906 -0.873988)
(0.0109905 0.136258 -0.794643)
(0.166587 0.0354126 0.490828)
(0.601701 0.601692 1.59852)
(0.257265 -0.671083 2.32018)
(-0.804351 0.804348 2.19229)
(0.671117 0.257273 2.32023)
(-0.473943 -0.157397 1.55222)
(0.0579333 0.0560477 -0.669176)
(-0.202698 -0.00845206 -0.863788)
(0.202692 -0.00845572 -0.863787)
(-0.0579376 0.0560419 -0.669178)
(0.473921 -0.157367 1.55226)
(-0.6711 0.257274 2.32019)
(0.804348 0.804348 2.19229)
(-0.746762 -0.746762 2.27102)
(0.475056 -0.241083 2.4631)
(-0.461198 0.136013 1.65555)
(0.0305956 -0.0510336 -0.679148)
(-0.18883 0.00785831 -0.889751)
(0.188828 0.00786006 -0.889751)
(-0.0305943 -0.0510295 -0.679151)
(0.461172 0.136019 1.65558)
(-0.475029 -0.241095 2.46306)
(0.746757 -0.746758 2.27102)
(-0.241081 0.475064 2.46311)
(-0.591393 -0.5914 1.57755)
(-0.176967 -0.122236 0.40878)
(-0.0484179 -0.11304 -0.811316)
(-0.0543768 -0.0767906 -0.877156)
(0.0543786 -0.0767926 -0.877161)
(0.048429 -0.11304 -0.81131)
(0.176977 -0.122255 0.408716)
(0.591377 -0.591411 1.57751)
(0.241095 0.475075 2.46309)
(0.136013 -0.461205 1.65554)
(-0.122229 -0.176966 0.408789)
(-0.133496 -0.133501 -0.295574)
(0.106352 -0.0548239 -0.652575)
(-0.0155501 -0.0613865 -0.79227)
(0.0155452 -0.0613896 -0.792269)
(-0.106356 -0.0548246 -0.652569)
(0.133496 -0.133517 -0.295578)
(0.122221 -0.176972 0.408752)
(-0.136029 -0.4612 1.65552)
(-0.0510341 0.030596 -0.679149)
(-0.113039 -0.0484148 -0.811316)
(-0.0548242 0.10635 -0.652576)
(0.0562473 0.0562476 -0.724062)
(0.0220714 0.0369404 -0.824323)
(-0.0220728 0.0369403 -0.824323)
(-0.0562482 0.0562496 -0.724058)
(0.0548248 0.106352 -0.652575)
(0.113034 -0.048415 -0.811312)
(0.0510308 0.0305975 -0.679155)
(0.00785827 -0.18883 -0.88975)
(-0.0767897 -0.0543759 -0.877154)
(-0.0613854 -0.0155521 -0.792269)
(0.0369418 0.0220713 -0.824322)
(-0.00954332 -0.00954433 -0.83235)
(0.00954052 -0.00954529 -0.832349)
(-0.0369446 0.0220713 -0.824319)
(0.0613854 -0.0155546 -0.792264)
(0.0767889 -0.0543764 -0.877151)
(-0.00785999 -0.188829 -0.889744)
(0.00786093 0.188827 -0.88975)
(-0.0767936 0.0543791 -0.877161)
(-0.0613911 0.0155436 -0.792268)
(0.036941 -0.0220736 -0.824323)
(-0.00954507 0.00953931 -0.832349)
(0.00954248 0.0095406 -0.832348)
(-0.0369437 -0.0220733 -0.82432)
(0.0613909 0.0155477 -0.792263)
(0.0767924 0.0543797 -0.877158)
(-0.00786308 0.188827 -0.889744)
(-0.051028 -0.0305916 -0.679151)
(-0.113041 0.0484347 -0.811307)
(-0.0548253 -0.106358 -0.652566)
(0.0562511 -0.0562487 -0.724056)
(0.0220712 -0.0369457 -0.824319)
(-0.0220723 -0.0369452 -0.824319)
(-0.0562512 -0.0562502 -0.724052)
(0.0548255 -0.106357 -0.652566)
(0.113036 0.0484361 -0.811303)
(0.051026 -0.0305937 -0.679153)
(0.136019 0.461161 1.65558)
(-0.122268 0.176981 0.408683)
(-0.133526 0.133493 -0.29558)
(0.106353 0.0548243 -0.652573)
(-0.0155553 0.0613849 -0.792263)
(0.0155517 0.0613881 -0.792262)
(-0.106356 0.0548247 -0.652568)
(0.133526 0.133511 -0.295582)
(0.122259 0.176983 0.408658)
(-0.136028 0.461164 1.65557)
(-0.241098 -0.475016 2.46303)
(-0.591414 0.591369 1.57748)
(-0.176974 0.122212 0.40874)
(-0.0484131 0.113031 -0.811309)
(-0.0543786 0.076788 -0.87715)
(0.0543807 0.0767897 -0.877154)
(0.0484265 0.113032 -0.811304)
(0.176981 0.122232 0.408685)
(0.591398 0.591383 1.57746)
(0.241106 -0.475031 2.46303)
(-0.746757 0.746754 2.27102)
(0.475081 0.241102 2.46308)
(-0.461197 -0.136036 1.65552)
(0.0306001 0.0510293 -0.679158)
(-0.18883 -0.00786 -0.889741)
(0.188828 -0.00786231 -0.889741)
(-0.0305988 0.0510265 -0.679156)
(0.461175 -0.136035 1.65556)
(-0.475057 0.24111 2.46305)
(0.746753 0.746752 2.27102)
(-0.65829 -0.658289 2.43514)
(0.239482 -0.235886 2.61149)
(-0.413638 0.0993702 1.7301)
(0.0155638 -0.0337844 -0.694703)
(-0.17544 0.0106543 -0.920023)
(0.175434 0.0106551 -0.920024)
(-0.0155641 -0.0337804 -0.694695)
(0.413616 0.0993876 1.73013)
(-0.239455 -0.235904 2.61145)
(0.658284 -0.658284 2.43514)
(-0.235883 0.23949 2.6115)
(-0.576155 -0.576161 1.56505)
(-0.215011 -0.170547 0.34272)
(-0.0749622 -0.0851274 -0.835885)
(-0.056983 -0.0728568 -0.890082)
(0.0569856 -0.0728591 -0.890085)
(0.0749688 -0.0851246 -0.835882)
(0.215027 -0.170552 0.342671)
(0.576138 -0.576173 1.565)
(0.235892 0.239498 2.61148)
(0.0993693 -0.413643 1.73009)
(-0.170543 -0.21501 0.342726)
(-0.168741 -0.168744 -0.436711)
(0.0811589 -0.054057 -0.724247)
(-0.014886 -0.0629411 -0.805706)
(0.0148826 -0.0629433 -0.805706)
(-0.0811629 -0.0540587 -0.724242)
(0.168742 -0.168753 -0.436718)
(0.170535 -0.215021 0.342691)
(-0.0993877 -0.413643 1.73007)
(-0.0337848 0.0155635 -0.694707)
(-0.0851271 -0.0749602 -0.835885)
(-0.0540571 0.0811579 -0.724248)
(0.0593386 0.0593387 -0.760859)
(0.0201802 0.0321542 -0.8166)
(-0.0201806 0.032154 -0.8166)
(-0.0593395 0.0593402 -0.760856)
(0.0540586 0.0811599 -0.724248)
(0.0851236 -0.0749608 -0.835882)
(0.0337816 0.0155628 -0.694712)
(0.0106544 -0.17544 -0.920022)
(-0.0728559 -0.0569822 -0.89008)
(-0.0629404 -0.0148876 -0.805705)
(0.0321554 0.0201801 -0.816599)
(-0.0113211 -0.0113219 -0.82147)
(0.0113191 -0.0113227 -0.82147)
(-0.0321576 0.0201797 -0.816596)
(0.0629407 -0.0148894 -0.805701)
(0.0728561 -0.0569831 -0.890076)
(-0.0106555 -0.175439 -0.920016)
(0.0106557 0.175432 -0.920024)
(-0.0728602 0.0569865 -0.890086)
(-0.0629445 0.0148812 -0.805705)
(0.0321547 -0.0201809 -0.8166)
(-0.0113225 0.0113181 -0.82147)
(0.0113207 0.0113191 -0.821469)
(-0.0321566 -0.0201804 -0.816597)
(0.0629448 0.0148844 -0.805702)
(0.0728598 0.0569874 -0.890083)
(-0.0106572 0.175432 -0.920018)
(-0.0337781 -0.0155625 -0.694693)
(-0.0851234 0.0749727 -0.835881)
(-0.0540599 -0.081165 -0.72424)
(0.0593416 -0.05934 -0.760854)
(0.0201793 -0.0321583 -0.816596)
(-0.0201796 -0.0321579 -0.816596)
(-0.0593417 -0.0593409 -0.760851)
(0.0540609 -0.081165 -0.724241)
(0.0851205 0.0749747 -0.835878)
(0.0337761 -0.0155615 -0.694697)
(0.0993909 0.413606 1.73014)
(-0.170557 0.215034 0.342644)
(-0.168759 0.16874 -0.43672)
(0.0811619 0.0540586 -0.724247)
(-0.0148901 0.0629403 -0.8057)
(0.0148878 0.0629426 -0.8057)
(-0.081164 0.0540598 -0.724243)
(0.168761 0.168751 -0.436725)
(0.17055 0.215041 0.342619)
(-0.099402 0.413611 1.73013)
(-0.23591 -0.239441 2.61143)
(-0.576178 0.57613 1.56497)
(-0.215026 0.170527 0.342679)
(-0.0749592 0.085121 -0.835879)
(-0.0569853 0.0728556 -0.890075)
(0.056988 0.0728575 -0.890078)
(0.0749678 0.0851188 -0.835877)
(0.215038 0.170534 0.342638)
(0.576162 0.576144 1.56495)
(0.235915 -0.239453 2.61142)
(-0.658282 0.658282 2.43514)
(0.239504 0.235899 2.61148)
(-0.413642 -0.0993966 1.73007)
(0.0155648 0.0337804 -0.694714)
(-0.175439 -0.0106551 -0.920014)
(0.175435 -0.0106565 -0.920014)
(-0.0155648 0.0337776 -0.694704)
(0.413624 -0.0994069 1.73011)
(-0.239479 0.235913 2.61144)
(0.658278 0.658278 2.43514)
(-0.549671 -0.549671 2.66926)
(0.0372277 -0.241467 2.77102)
(-0.348184 0.0515235 1.7699)
(0.0364591 -0.0066135 -0.712599)
(-0.158553 0.01502 -0.947444)
(0.158545 0.0150203 -0.947445)
(-0.0364608 -0.00660609 -0.712598)
(0.348165 0.0515429 1.76992)
(-0.037207 -0.241489 2.77098)
(0.549666 -0.549665 2.66926)
(-0.241462 0.0372319 2.77103)
(-0.553619 -0.553625 1.56732)
(-0.263273 -0.156797 0.288109)
(-0.0840813 -0.0569163 -0.870998)
(-0.0607607 -0.0674159 -0.906385)
(0.060763 -0.0674178 -0.906387)
(0.0840849 -0.056911 -0.870997)
(0.263288 -0.156789 0.288075)
(0.553605 -0.553637 1.56727)
(0.241467 0.0372341 2.77101)
(0.0515222 -0.34819 1.76989)
(-0.156796 -0.263272 0.288111)
(-0.179815 -0.179817 -0.568759)
(0.0694618 -0.0515074 -0.796133)
(-0.0168546 -0.0660107 -0.820222)
(0.0168523 -0.0660123 -0.820222)
(-0.0694657 -0.0515092 -0.796129)
(0.179818 -0.179821 -0.568765)
(0.156789 -0.263287 0.288077)
(-0.0515369 -0.34819 1.76987)
(-0.00661469 0.0364581 -0.712603)
(-0.0569169 -0.08408 -0.870997)
(-0.0515075 0.069461 -0.796134)
(0.05747 0.05747 -0.793022)
(0.0100882 0.0240027 -0.808139)
(-0.0100881 0.0240026 -0.80814)
(-0.0574704 0.057471 -0.79302)
(0.0515094 0.0694635 -0.796134)
(0.0569145 -0.0840815 -0.870996)
(0.00661126 0.0364555 -0.712611)
(0.0150201 -0.158554 -0.947442)
(-0.0674153 -0.0607601 -0.906383)
(-0.0660103 -0.0168559 -0.820221)
(0.0240036 0.0100882 -0.808138)
(-0.0121485 -0.0121491 -0.814137)
(0.012147 -0.0121497 -0.814136)
(-0.0240052 0.0100876 -0.808136)
(0.0660108 -0.0168571 -0.820218)
(0.0674158 -0.0607613 -0.90638)
(-0.0150206 -0.158552 -0.947437)
(0.0150207 0.158541 -0.947445)
(-0.0674186 0.0607639 -0.906388)
(-0.0660133 0.0168512 -0.820221)
(0.0240031 -0.0100881 -0.808139)
(-0.0121496 0.0121463 -0.814136)
(0.0121484 0.0121471 -0.814136)
(-0.0240045 -0.0100876 -0.808137)
(0.0660138 0.0168536 -0.820218)
(0.0674187 0.060765 -0.906385)
(-0.0150216 0.158542 -0.94744)
(-0.00660259 -0.0364599 -0.712597)
(-0.056909 0.0840875 -0.870996)
(-0.0515105 -0.0694678 -0.796127)
(0.0574722 -0.0574706 -0.793019)
(0.0100872 -0.0240058 -0.808135)
(-0.010087 -0.0240054 -0.808136)
(-0.0574721 -0.0574712 -0.793017)
(0.0515119 -0.0694684 -0.796128)
(0.0569076 0.0840903 -0.870995)
(0.00660115 -0.0364565 -0.712602)
(0.0515474 0.348155 1.76992)
(-0.156789 0.263295 0.288054)
(-0.179825 0.179817 -0.568767)
(0.0694655 0.0515098 -0.796133)
(-0.0168577 0.0660104 -0.820217)
(0.0168564 0.0660122 -0.820217)
(-0.0694676 0.0515111 -0.79613)
(0.179829 0.179823 -0.568772)
(0.156785 0.263306 0.288028)
(-0.0515566 0.34816 1.7699)
(-0.241498 -0.0371958 2.77096)
(-0.553642 0.553596 1.56725)
(-0.263293 0.156782 0.288065)
(-0.0840803 0.0569123 -0.870994)
(-0.0607631 0.0674157 -0.906378)
(0.0607654 0.0674171 -0.906381)
(0.0840856 0.0569078 -0.870993)
(0.263304 0.156777 0.288038)
(0.553627 0.55361 1.56722)
(0.241497 -0.0372006 2.77096)
(-0.549663 0.549664 2.66926)
(0.0372372 0.241471 2.771)
(-0.34819 -0.0515459 1.76987)
(0.0364566 0.00660979 -0.712615)
(-0.158552 -0.01502 -0.947435)
(0.158545 -0.0150208 -0.947436)
(-0.0364578 0.00660404 -0.712609)
(0.348174 -0.0515603 1.76989)
(-0.0372185 0.241489 2.77097)
(0.549659 0.54966 2.66927)
(-0.440869 -0.440869 2.93275)
(-0.0943354 -0.247152 2.93052)
(-0.266106 0.0324372 1.75941)
(0.0791833 0.026854 -0.739758)
(-0.123821 0.0191123 -0.961275)
(0.123817 0.0191125 -0.961276)
(-0.0791869 0.0268603 -0.739756)
(0.26609 0.0324544 1.75942)
(0.0943449 -0.247174 2.93048)
(0.440865 -0.440864 2.93276)
(-0.247146 -0.0943356 2.93052)
(-0.513513 -0.513518 1.58124)
(-0.297054 -0.0993131 0.218046)
(-0.0714686 -0.0324897 -0.915744)
(-0.0605576 -0.0571839 -0.92061)
(0.0605598 -0.0571853 -0.920612)
(0.0714703 -0.0324865 -0.915745)
(0.297068 -0.0993026 0.218021)
(0.513502 -0.513526 1.58119)
(0.247147 -0.0943413 2.93051)
(0.0324354 -0.266111 1.7594)
(-0.0993144 -0.297054 0.218045)
(-0.15044 -0.15044 -0.68073)
(0.066148 -0.0500791 -0.856764)
(-0.0197417 -0.0669445 -0.83161)
(0.0197403 -0.0669456 -0.83161)
(-0.0661513 -0.0500809 -0.856761)
(0.150443 -0.150442 -0.680735)
(0.0993121 -0.297068 0.218011)
(-0.0324426 -0.266112 1.75938)
(0.0268528 0.0791813 -0.739762)
(-0.0324902 -0.0714679 -0.915744)
(-0.0500793 0.0661474 -0.856765)
(0.0409711 0.0409711 -0.818814)
(-0.00308885 0.0135436 -0.80808)
(0.00308922 0.0135436 -0.808081)
(-0.0409712 0.0409713 -0.818812)
(0.0500816 0.0661496 -0.856764)
(0.03249 -0.0714702 -0.915743)
(-0.0268551 0.0791769 -0.739771)
(0.0191123 -0.123822 -0.961273)
(-0.0571835 -0.0605573 -0.920608)
(-0.0669442 -0.0197426 -0.831609)
(0.0135443 -0.00308883 -0.808079)
(-0.0121283 -0.0121287 -0.8114)
(0.0121273 -0.0121291 -0.8114)
(-0.0135454 -0.00308945 -0.808078)
(0.0669447 -0.0197436 -0.831607)
(0.0571846 -0.0605587 -0.920606)
(-0.0191125 -0.123822 -0.961269)
(0.0191129 0.123815 -0.961276)
(-0.057186 0.0605607 -0.920612)
(-0.0669464 0.0197396 -0.831609)
(0.0135441 0.0030893 -0.80808)
(-0.0121291 0.0121267 -0.8114)
(0.0121284 0.0121274 -0.8114)
(-0.0135449 0.00308981 -0.808079)
(0.0669471 0.0197415 -0.831607)
(0.0571867 0.0605618 -0.92061)
(-0.0191133 0.123816 -0.961272)
(0.0268634 -0.0791869 -0.739755)
(-0.0324853 0.0714719 -0.915744)
(-0.0500821 -0.066153 -0.856758)
(0.040972 -0.0409711 -0.818811)
(-0.00308997 -0.0135458 -0.808077)
(0.00309028 -0.0135455 -0.808077)
(-0.0409718 -0.0409711 -0.81881)
(0.0500839 -0.0661536 -0.856759)
(0.0324854 0.0714754 -0.915744)
(-0.026864 -0.0791815 -0.739761)
(0.0324584 0.26608 1.75942)
(-0.0993011 0.297075 0.218006)
(-0.150444 0.150443 -0.680737)
(0.0661513 0.0500823 -0.856764)
(-0.0197441 0.0669446 -0.831606)
(0.0197436 0.0669459 -0.831606)
(-0.0661531 0.0500836 -0.856761)
(0.150449 0.150446 -0.68074)
(0.0993012 0.297085 0.21798)
(-0.0324619 0.266085 1.7594)
(-0.247183 0.0943502 2.93046)
(-0.513532 0.513494 1.58116)
(-0.297074 0.0993076 0.217999)
(-0.0714695 0.0324892 -0.915742)
(-0.0605604 0.0571848 -0.920604)
(0.0605623 0.0571858 -0.920607)
(0.0714726 0.0324862 -0.915742)
(0.297084 0.099299 0.217982)
(0.513521 0.513504 1.58114)
(0.247178 0.0943555 2.93046)
(-0.440862 0.440864 2.93276)
(-0.0943428 0.247148 2.9305)
(-0.266113 -0.0324495 1.75937)
(0.0791769 -0.0268559 -0.739775)
(-0.123823 -0.0191117 -0.961267)
(0.123819 -0.0191124 -0.961268)
(-0.0791801 -0.0268609 -0.739769)
(0.2661 -0.0324635 1.75938)
(0.0943511 0.247166 2.93047)
(0.440858 0.44086 2.93276)
(-0.349466 -0.349467 3.18439)
(-0.134266 -0.251095 3.0767)
(-0.155636 0.0514669 1.7088)
(0.11956 0.0596905 -0.768579)
(-0.0773261 0.0181743 -0.95541)
(0.077323 0.0181744 -0.955411)
(-0.119562 0.0596946 -0.768576)
(0.155628 0.0514814 1.7088)
(0.134266 -0.251115 3.07667)
(0.349464 -0.349464 3.1844)
(-0.251089 -0.13427 3.0767)
(-0.460268 -0.46027 1.61271)
(-0.281378 0.00886078 0.175977)
(-0.0291505 -0.0107451 -0.960419)
(-0.0515467 -0.0440271 -0.926295)
(0.0515491 -0.0440282 -0.926296)
(0.0291509 -0.0107435 -0.960421)
(0.28139 0.00887026 0.175961)
(0.460264 -0.460275 1.61266)
(0.251087 -0.134282 3.07668)
(0.0514649 -0.15564 1.70879)
(0.00885849 -0.281379 0.175974)
(-0.0677298 -0.0677295 -0.74909)
(0.0705436 -0.0463283 -0.891364)
(-0.0182909 -0.0553577 -0.837206)
(0.0182904 -0.0553581 -0.837206)
(-0.0705455 -0.04633 -0.891362)
(0.0677346 -0.0677295 -0.749093)
(-0.00885686 -0.28139 0.175941)
(-0.0514685 -0.155644 1.70876)
(0.0596893 0.119558 -0.768583)
(-0.0107459 -0.0291505 -0.960419)
(-0.0463286 0.0705432 -0.891365)
(0.0174804 0.0174804 -0.837599)
(-0.0116373 0.0053327 -0.81503)
(0.0116378 0.00533276 -0.815031)
(-0.0174802 0.0174801 -0.837598)
(0.0463311 0.0705446 -0.891364)
(0.0107478 -0.0291535 -0.96042)
(-0.0596894 0.119552 -0.768593)
(0.0181744 -0.0773273 -0.955408)
(-0.0440269 -0.0515465 -0.926294)
(-0.0553578 -0.0182916 -0.837205)
(0.00533317 -0.0116374 -0.81503)
(-0.0106055 -0.0106057 -0.813428)
(0.0106051 -0.0106059 -0.813428)
(-0.00533379 -0.011638 -0.815028)
(0.0553588 -0.0182923 -0.837204)
(0.0440282 -0.0515482 -0.926293)
(-0.0181743 -0.077328 -0.955406)
(0.0181746 0.0773212 -0.955411)
(-0.0440287 0.0515502 -0.926297)
(-0.0553585 0.01829 -0.837205)
(0.00533309 0.0116379 -0.81503)
(-0.0106059 0.0106048 -0.813429)
(0.0106057 0.0106051 -0.813428)
(-0.00533353 0.0116384 -0.815029)
(0.0553596 0.0182913 -0.837204)
(0.0440297 0.0515514 -0.926296)
(-0.0181748 0.0773226 -0.955408)
(0.0596968 -0.119562 -0.768574)
(-0.0107428 0.0291519 -0.960421)
(-0.0463311 -0.0705466 -0.89136)
(0.0174805 -0.01748 -0.837597)
(-0.0116385 -0.00533404 -0.815028)
(0.0116388 -0.00533389 -0.815028)
(-0.0174801 -0.0174796 -0.837596)
(0.046333 -0.0705469 -0.89136)
(0.0107444 0.0291558 -0.960421)
(-0.059696 -0.119556 -0.768582)
(0.0514845 0.155621 1.70879)
(0.00887247 0.281396 0.17595)
(-0.0677308 0.0677352 -0.749095)
(0.0705457 0.046332 -0.891364)
(-0.0182928 0.0553589 -0.837203)
(0.0182928 0.0553594 -0.837203)
(-0.0705466 0.0463331 -0.891362)
(0.0677363 0.0677357 -0.749097)
(-0.00886885 0.281403 0.175924)
(-0.0514846 0.155627 1.70877)
(-0.251124 0.134267 3.07665)
(-0.46028 0.460259 1.61264)
(-0.281396 -0.00885849 0.175928)
(-0.0291534 0.0107486 -0.960419)
(-0.0515498 0.0440288 -0.926291)
(0.0515517 0.0440295 -0.926293)
(0.0291547 0.0107465 -0.96042)
(0.281404 -0.00886679 0.17592)
(0.460275 0.460263 1.61262)
(0.251117 0.13428 3.07664)
(-0.349462 0.349464 3.1844)
(-0.134287 0.251087 3.07668)
(-0.155648 -0.051473 1.70875)
(0.11955 -0.0596889 -0.768598)
(-0.0773288 -0.0181735 -0.955404)
(0.077326 -0.0181739 -0.955405)
(-0.119553 -0.0596924 -0.768592)
(0.155641 -0.0514849 1.70875)
(0.134288 0.251103 3.07665)
(0.349459 0.349461 3.1844)
(-0.277484 -0.277485 3.39901)
(-0.122073 -0.244401 3.19936)
(-0.0292327 0.117082 1.58489)
(0.135391 0.0810601 -0.791518)
(-0.0285025 0.0130067 -0.933444)
(0.028501 0.0130067 -0.933444)
(-0.135392 0.0810626 -0.791517)
(0.0292314 0.117087 1.58488)
(0.12207 -0.244419 3.19934)
(0.277483 -0.277483 3.39902)
(-0.244396 -0.122078 3.19937)
(-0.396534 -0.396534 1.59221)
(-0.180981 0.149091 0.0815489)
(0.0316796 0.011584 -0.994422)
(-0.032229 -0.0305562 -0.919569)
(0.0322305 -0.0305567 -0.91957)
(-0.0316792 0.0115843 -0.994424)
(0.18099 0.149098 0.0815334)
(0.396535 -0.396534 1.59216)
(0.244392 -0.122091 3.19935)
(0.117081 -0.0292354 1.58488)
(0.149088 -0.180981 0.0815453)
(0.0424122 0.0424131 -0.765327)
(0.0766081 -0.034659 -0.890559)
(-0.00972028 -0.0349613 -0.835845)
(0.00972026 -0.0349615 -0.835844)
(-0.0766091 -0.0346605 -0.890558)
(-0.0424063 0.0424131 -0.765329)
(-0.149085 -0.180989 0.0815133)
(-0.117082 -0.0292411 1.58485)
(0.0810586 0.135388 -0.791522)
(0.011583 0.0316793 -0.994422)
(-0.0346593 0.0766078 -0.89056)
(0.00494118 0.00494117 -0.851345)
(-0.013132 0.0023521 -0.825542)
(0.0131326 0.00235224 -0.825542)
(-0.00494085 0.00494069 -0.851345)
(0.0346613 0.0766085 -0.890559)
(-0.0115798 0.031676 -0.994425)
(-0.0810568 0.135381 -0.791532)
(0.0130066 -0.0285037 -0.933442)
(-0.0305562 -0.032229 -0.919568)
(-0.0349613 -0.0097207 -0.835844)
(0.0023524 -0.0131319 -0.825541)
(-0.00768855 -0.00768867 -0.817512)
(0.00768836 -0.00768879 -0.817512)
(-0.00235278 -0.0131324 -0.825541)
(0.034962 -0.00972129 -0.835843)
(0.0305574 -0.0322301 -0.919568)
(-0.0130064 -0.0285052 -0.933441)
(0.0130069 0.0284998 -0.933445)
(-0.030557 0.0322311 -0.91957)
(-0.0349618 0.0097201 -0.835844)
(0.0023525 0.0131327 -0.825542)
(-0.00768883 0.00768813 -0.817512)
(0.00768877 0.0076884 -0.817512)
(-0.00235271 0.013133 -0.825541)
(0.0349626 0.00972103 -0.835843)
(0.0305581 0.0322319 -0.91957)
(-0.0130068 0.0285013 -0.933444)
(0.0810642 -0.135392 -0.791515)
(0.0115846 -0.0316784 -0.994425)
(-0.0346613 -0.0766097 -0.890556)
(0.00494081 -0.00494058 -0.851345)
(-0.0131328 -0.00235295 -0.82554)
(0.0131333 -0.0023529 -0.82554)
(-0.00494051 -0.00494019 -0.851345)
(0.0346628 -0.0766096 -0.890556)
(-0.0115821 -0.0316749 -0.994426)
(-0.0810622 -0.135386 -0.791522)
(0.117088 0.0292287 1.58487)
(0.149101 0.180995 0.0815239)
(0.042412 -0.0424045 -0.76533)
(0.0766092 0.0346622 -0.890559)
(-0.00972169 0.0349621 -0.835842)
(0.00972195 0.0349624 -0.835842)
(-0.0766093 0.0346631 -0.890558)
(-0.0424061 -0.0424047 -0.765332)
(-0.149096 0.181 0.081499)
(-0.117088 0.0292345 1.58485)
(-0.244428 0.122069 3.19932)
(-0.396537 0.396533 1.59214)
(-0.180994 -0.149085 0.081499)
(0.0316754 -0.0115781 -0.994425)
(-0.0322313 0.030558 -0.919567)
(0.0322324 0.0305583 -0.919568)
(-0.0316748 -0.0115794 -0.994426)
(0.181 -0.149092 0.0814922)
(0.396538 0.396531 1.59212)
(0.24442 0.122085 3.19932)
(-0.277482 0.277483 3.39902)
(-0.122098 0.244391 3.19934)
(-0.0292467 -0.117084 1.58483)
(0.135379 -0.0810552 -0.791538)
(-0.0285063 -0.0130056 -0.933441)
(0.0285045 -0.0130059 -0.933442)
(-0.135381 -0.0810579 -0.791533)
(0.029245 -0.117088 1.58483)
(0.122096 0.244405 3.19933)
(0.277479 0.277481 3.39903)
(-0.220493 -0.220493 3.56628)
(-0.109935 -0.242521 3.28536)
(0.102976 0.152042 1.44331)
(0.136865 0.0770434 -0.801236)
(0.0106627 0.00660949 -0.897397)
(-0.010663 0.00660953 -0.897397)
(-0.136867 0.0770447 -0.801236)
(-0.102973 0.152043 1.4433)
(0.109932 -0.242535 3.28534)
(0.220491 -0.220492 3.56629)
(-0.242516 -0.10994 3.28537)
(-0.359449 -0.359447 1.5749)
(0.0535878 0.307755 0.0461341)
(0.0820053 0.0315999 -0.978039)
(-0.00799441 -0.017649 -0.896764)
(0.00799559 -0.0176491 -0.896765)
(-0.0820045 0.0315994 -0.978041)
(-0.0535818 0.307759 0.0461184)
(0.359455 -0.359441 1.57485)
(0.242514 -0.10995 3.28535)
(0.152041 0.102976 1.4433)
(0.307753 0.0535885 0.0461306)
(0.127176 0.127177 -0.687228)
(0.0788531 -0.0114874 -0.852943)
(-0.000755527 -0.0157743 -0.823491)
(0.000755804 -0.0157744 -0.82349)
(-0.0788525 -0.0114886 -0.852943)
(-0.127172 0.127176 -0.68723)
(-0.307748 0.0535855 0.0461004)
(-0.152042 0.102972 1.44327)
(0.0770422 0.136863 -0.801239)
(0.0315991 0.082005 -0.978039)
(-0.0114876 0.0788529 -0.852943)
(0.00695318 0.00695319 -0.856087)
(-0.0084043 0.00301497 -0.830957)
(0.00840479 0.00301506 -0.830957)
(-0.00695276 0.00695278 -0.856088)
(0.0114892 0.0788522 -0.852943)
(-0.0315959 0.0820029 -0.978042)
(-0.0770401 0.136858 -0.801249)
(0.00660947 0.0106619 -0.897396)
(-0.017649 -0.00799441 -0.896764)
(-0.0157743 -0.000755731 -0.82349)
(0.00301512 -0.00840423 -0.830957)
(-0.00436938 -0.00436944 -0.819481)
(0.00436934 -0.00436951 -0.819481)
(-0.00301523 -0.00840455 -0.830957)
(0.0157748 -0.000756257 -0.823489)
(0.0176495 -0.00799539 -0.896764)
(-0.00660923 0.0106604 -0.897397)
(0.00660962 -0.0106635 -0.897397)
(-0.0176492 0.00799607 -0.896765)
(-0.0157745 0.000755851 -0.82349)
(0.00301518 0.00840493 -0.830958)
(-0.00436955 0.00436922 -0.819481)
(0.00436958 0.00436938 -0.819481)
(-0.00301521 0.00840508 -0.830957)
(0.015775 0.000756474 -0.82349)
(0.0176497 0.00799665 -0.896766)
(-0.00660948 -0.0106622 -0.897398)
(0.0770457 -0.136867 -0.801234)
(0.0315991 -0.082004 -0.978042)
(-0.0114892 -0.0788524 -0.852942)
(0.00695273 -0.00695251 -0.856087)
(-0.00840484 -0.00301529 -0.830956)
(0.00840517 -0.00301529 -0.830957)
(-0.00695241 -0.00695222 -0.856087)
(0.0114903 -0.0788516 -0.852942)
(-0.0315968 -0.0820021 -0.978044)
(-0.0770437 -0.136862 -0.801241)
(0.152043 -0.102972 1.44329)
(0.307761 -0.0535787 0.0461095)
(0.127175 -0.12717 -0.68723)
(0.078852 0.01149 -0.852944)
(-0.000756646 0.0157749 -0.823489)
(0.00075699 0.015775 -0.823489)
(-0.0788514 0.0114906 -0.852944)
(-0.127171 -0.12717 -0.687232)
(-0.307755 -0.053578 0.0460866)
(-0.152043 -0.10297 1.44327)
(-0.242543 0.10993 3.28533)
(-0.359441 0.359455 1.57483)
(0.0535832 -0.307746 0.0460859)
(0.0820022 -0.0315941 -0.978043)
(-0.00799623 0.0176498 -0.896764)
(0.00799698 0.0176499 -0.896765)
(-0.0820017 -0.0315946 -0.978044)
(-0.0535792 -0.30775 0.0460792)
(0.359446 0.359448 1.57481)
(0.242537 0.109943 3.28532)
(-0.220491 0.220492 3.56629)
(-0.109955 0.242512 3.28535)
(0.102967 -0.152043 1.44325)
(0.136856 -0.0770385 -0.801255)
(0.0106593 -0.00660875 -0.897397)
(-0.0106602 -0.00660893 -0.897398)
(-0.136858 -0.0770402 -0.801251)
(-0.102965 -0.152044 1.44325)
(0.109953 0.242524 3.28533)
(0.220488 0.220489 3.5663)
(-0.183855 -0.183855 3.75739)
(-0.0564669 -0.206676 3.34556)
(0.249285 0.182296 1.19629)
(0.0552471 0.0388495 -0.753135)
(0.0199018 0.00189295 -0.861456)
(-0.0199016 0.00189296 -0.861457)
(-0.0552471 0.0388499 -0.753136)
(-0.24928 0.182297 1.19628)
(0.0564665 -0.206688 3.34554)
(0.183853 -0.183852 3.7574)
(-0.206672 -0.0564689 3.34556)
(-0.359168 -0.359166 1.29703)
(0.140063 0.220613 -0.133685)
(0.0508571 0.028086 -0.89759)
(0.00411424 -0.00516217 -0.871444)
(-0.00411326 -0.00516221 -0.871444)
(-0.0508562 0.0280854 -0.897594)
(-0.140055 0.220608 -0.133701)
(0.359173 -0.359157 1.29699)
(0.206668 -0.056473 3.34555)
(0.182296 0.249285 1.19628)
(0.220611 0.140063 -0.133687)
(0.0731592 0.0731594 -0.546342)
(0.0408017 0.00310268 -0.808613)
(0.00267829 -0.0035602 -0.810906)
(-0.002678 -0.00356024 -0.810906)
(-0.0408005 0.00310184 -0.808614)
(-0.0731569 0.0731576 -0.546347)
(-0.220601 0.140054 -0.13371)
(-0.182297 0.249283 1.19625)
(0.0388492 0.0552468 -0.753138)
(0.0280857 0.050857 -0.89759)
(0.00310258 0.0408017 -0.808613)
(0.0058455 0.00584551 -0.85045)
(-0.00184381 0.00207062 -0.830771)
(0.00184402 0.00207062 -0.830771)
(-0.00584518 0.00584524 -0.850451)
(-0.00310144 0.0408005 -0.808615)
(-0.0280841 0.0508558 -0.897596)
(-0.0388488 0.055246 -0.753147)
(0.00189296 0.0199016 -0.861456)
(-0.00516217 0.00411424 -0.871444)
(-0.00356024 0.00267827 -0.810906)
(0.00207066 -0.00184379 -0.83077)
(-0.00129196 -0.00129197 -0.819431)
(0.00129196 -0.001292 -0.819431)
(-0.00207065 -0.00184395 -0.83077)
(0.00356045 0.00267797 -0.810906)
(0.00516227 0.00411332 -0.871445)
(-0.00189294 0.0199009 -0.861457)
(0.00189299 -0.0199016 -0.861457)
(-0.00516223 -0.00411283 -0.871445)
(-0.00356031 -0.0026779 -0.810906)
(0.00207063 0.00184409 -0.830771)
(-0.00129202 0.00129193 -0.819431)
(0.00129204 0.00129198 -0.819431)
(-0.0020706 0.00184417 -0.830771)
(0.00356053 -0.00267766 -0.810906)
(0.00516233 -0.0041123 -0.871446)
(-0.00189297 -0.019901 -0.861458)
(0.0388501 -0.0552472 -0.753136)
(0.0280851 -0.0508558 -0.897595)
(0.00310139 -0.0408 -0.808614)
(0.00584514 -0.00584501 -0.850451)
(-0.00184407 -0.00207065 -0.83077)
(0.0018442 -0.00207063 -0.83077)
(-0.00584492 -0.00584486 -0.850451)
(-0.00310062 -0.0407993 -0.808615)
(-0.028084 -0.050855 -0.897599)
(-0.0388497 -0.0552465 -0.753142)
(0.182297 -0.249279 1.19627)
(0.220606 -0.14005 -0.133709)
(0.0731568 -0.0731558 -0.546349)
(0.0407999 -0.00310081 -0.808615)
(0.00267775 0.00356051 -0.810906)
(-0.00267752 0.00356056 -0.810906)
(-0.0407992 -0.00310037 -0.808616)
(-0.0731551 -0.0731547 -0.546353)
(-0.220598 -0.140045 -0.133725)
(-0.182298 -0.249278 1.19625)
(-0.206697 0.0564655 3.34553)
(-0.359153 0.359173 1.29697)
(0.140049 -0.220596 -0.133722)
(0.0508553 -0.0280832 -0.897598)
(0.0041127 0.00516236 -0.871445)
(-0.00411213 0.0051624 -0.871445)
(-0.0508548 -0.0280831 -0.8976)
(-0.140045 -0.220594 -0.13373)
(0.359158 0.359163 1.29695)
(0.20669 0.0564712 3.34553)
(-0.18385 0.183853 3.7574)
(-0.0564753 0.206666 3.34555)
(0.249281 -0.182299 1.19623)
(0.0552455 -0.0388485 -0.753153)
(0.0199003 -0.00189279 -0.861458)
(-0.0199004 -0.00189282 -0.861459)
(-0.0552456 -0.0388489 -0.753151)
(-0.249278 -0.182298 1.19623)
(0.0564759 0.206677 3.34554)
(0.183847 0.183849 3.75741)
)
;

boundaryField
{
    bottom
    {
        type            noSlip;
    }
    atmosphere
    {
        type            pressureInletOutletVelocity;
        value           nonuniform List<vector> 
100
(
(-0.183855 -0.183855 3.75739)
(-0.206672 -0.0564689 3.34556)
(0.182296 0.249285 1.19628)
(0 0 -0.753138)
(0 0 -0.861456)
(0 0 -0.861457)
(0 0 -0.753136)
(0.182297 -0.249279 1.19627)
(-0.206697 0.0564655 3.34553)
(-0.18385 0.183853 3.7574)
(-0.0564669 -0.206676 3.34556)
(-0.359168 -0.359166 1.29703)
(0 0 -0.133687)
(0 0 -0.89759)
(0 0 -0.871444)
(0 0 -0.871445)
(0 0 -0.897595)
(0 0 -0.133709)
(-0.359153 0.359173 1.29697)
(-0.0564753 0.206666 3.34555)
(0.249285 0.182296 1.19629)
(0 0 -0.133685)
(0 0 -0.546342)
(0 0 -0.808613)
(0 0 -0.810906)
(0 0 -0.810906)
(0 0 -0.808614)
(0 0 -0.546349)
(0 0 -0.133722)
(0.249281 -0.182299 1.19623)
(0 0 -0.753135)
(0 0 -0.89759)
(0 0 -0.808613)
(0 0 -0.85045)
(0 0 -0.83077)
(0 0 -0.830771)
(0 0 -0.850451)
(0 0 -0.808615)
(0 0 -0.897598)
(0 0 -0.753153)
(0 0 -0.861456)
(0 0 -0.871444)
(0 0 -0.810906)
(0 0 -0.830771)
(0 0 -0.819431)
(0 0 -0.819431)
(0 0 -0.83077)
(0 0 -0.810906)
(0 0 -0.871445)
(0 0 -0.861458)
(0 0 -0.861457)
(0 0 -0.871444)
(0 0 -0.810906)
(0 0 -0.830771)
(0 0 -0.819431)
(0 0 -0.819431)
(0 0 -0.83077)
(0 0 -0.810906)
(0 0 -0.871445)
(0 0 -0.861459)
(0 0 -0.753136)
(0 0 -0.897594)
(0 0 -0.808614)
(0 0 -0.850451)
(0 0 -0.83077)
(0 0 -0.830771)
(0 0 -0.850451)
(0 0 -0.808616)
(0 0 -0.8976)
(0 0 -0.753151)
(-0.24928 0.182297 1.19628)
(0 0 -0.133701)
(0 0 -0.546347)
(0 0 -0.808615)
(0 0 -0.810906)
(0 0 -0.810906)
(0 0 -0.808615)
(0 0 -0.546353)
(0 0 -0.13373)
(-0.249278 -0.182298 1.19623)
(0.0564665 -0.206688 3.34554)
(0.359173 -0.359157 1.29699)
(0 0 -0.13371)
(0 0 -0.897596)
(0 0 -0.871445)
(0 0 -0.871446)
(0 0 -0.897599)
(0 0 -0.133725)
(0.359158 0.359163 1.29695)
(0.0564759 0.206677 3.34554)
(0.183853 -0.183852 3.7574)
(0.206668 -0.056473 3.34555)
(-0.182297 0.249283 1.19625)
(0 0 -0.753147)
(0 0 -0.861457)
(0 0 -0.861458)
(0 0 -0.753142)
(-0.182298 -0.249278 1.19625)
(0.20669 0.0564712 3.34553)
(0.183847 0.183849 3.75741)
)
;
    }
    walls
    {
        type            noSlip;
    }
    procBoundary1to0
    {
        type            processor;
        value           nonuniform List<vector> 
100
(
(-0.857891 -0.857891 2.12118)
(0.742148 -0.312582 2.02881)
(-0.472546 0.255855 1.34546)
(0.111018 -0.0321951 -0.657367)
(-0.224833 0.0151276 -0.832393)
(0.224822 0.0151311 -0.832389)
(-0.111027 -0.0321906 -0.657369)
(0.472515 0.255722 1.34546)
(-0.74214 -0.31258 2.02877)
(0.857889 -0.857891 2.12118)
(-0.312583 0.742151 2.02881)
(-0.63826 -0.638262 1.66291)
(-0.191023 -0.211984 0.691587)
(0.0497778 -0.159155 -0.771949)
(-0.0827076 -0.114104 -0.893546)
(0.0827006 -0.114107 -0.893545)
(-0.0497647 -0.159153 -0.771948)
(0.190995 -0.211984 0.691514)
(0.638259 -0.638261 1.66289)
(0.312594 0.742156 2.0288)
(0.255882 -0.472554 1.34546)
(-0.211984 -0.191028 0.691601)
(-0.0396636 -0.0396685 0.0872651)
(0.232892 -0.0504792 -0.455443)
(-0.0152538 -0.0555895 -0.786107)
(0.0152409 -0.0555935 -0.786102)
(-0.232906 -0.0504752 -0.455433)
(0.0396642 -0.0396915 0.0872818)
(0.211966 -0.19102 0.691573)
(-0.255826 -0.472534 1.34545)
(-0.0321956 0.111017 -0.657366)
(-0.159155 0.04978 -0.771948)
(-0.0504804 0.23289 -0.455442)
(0.0902907 0.0902901 -0.644115)
(0.00380148 0.0546447 -0.847666)
(-0.00380704 0.0546454 -0.847664)
(-0.0902964 0.0902954 -0.644111)
(0.0504794 0.232898 -0.455426)
(0.159152 0.0497768 -0.771945)
(0.0321932 0.111022 -0.657371)
(0.0151269 -0.224835 -0.832393)
(-0.114103 -0.0827084 -0.893547)
(-0.0555878 -0.0152572 -0.786106)
(0.0546469 0.00380013 -0.847665)
(-0.0140065 -0.0140088 -0.876913)
(0.0140002 -0.0140098 -0.876911)
(-0.0546536 0.00380111 -0.847661)
(0.0555865 -0.0152593 -0.786098)
(0.114102 -0.0827069 -0.893548)
(-0.0151282 -0.224834 -0.832387)
(0.0151323 0.224818 -0.832386)
(-0.114108 0.0826978 -0.893545)
(-0.055595 0.0152383 -0.786099)
(0.0546471 -0.00380871 -0.847662)
(-0.0140084 0.0139987 -0.87691)
(0.0140025 0.0140003 -0.876908)
(-0.0546538 -0.00380846 -0.847658)
(0.0555931 0.0152425 -0.786091)
(0.114106 0.0826979 -0.893545)
(-0.0151337 0.22482 -0.832381)
(-0.0321892 -0.11103 -0.657371)
(-0.159152 -0.0497589 -0.771948)
(-0.0504735 -0.23291 -0.455431)
(0.0902982 -0.0902992 -0.644109)
(0.00380304 -0.0546561 -0.847661)
(-0.00380724 -0.0546565 -0.847659)
(-0.0903025 -0.0903033 -0.644107)
(0.0504734 -0.232916 -0.455417)
(0.15915 -0.0497569 -0.771946)
(0.0321877 -0.111035 -0.657372)
(0.255675 0.472509 1.34545)
(-0.211977 0.190982 0.691477)
(-0.0397004 0.0396638 0.0872859)
(0.232902 0.0504776 -0.455417)
(-0.0152577 0.0555858 -0.786094)
(0.0152467 0.0555897 -0.78609)
(-0.232914 0.0504742 -0.45541)
(0.0396956 0.0396833 0.087303)
(0.211967 0.19098 0.691463)
(-0.25565 0.472499 1.34544)
(-0.312576 -0.742137 2.02876)
(-0.638256 0.638261 1.66288)
(-0.191017 0.211958 0.691566)
(0.0497781 0.159149 -0.771944)
(-0.0827075 0.114102 -0.893545)
(0.0827024 0.114104 -0.893543)
(-0.0497648 0.159148 -0.771945)
(0.190994 0.211967 0.691501)
(0.638257 0.638264 1.66288)
(0.312584 -0.742143 2.02875)
(-0.85789 0.857888 2.12118)
(0.742159 0.312599 2.02879)
(-0.472523 -0.255798 1.34545)
(0.111027 0.0321907 -0.657372)
(-0.224832 -0.0151295 -0.832384)
(0.224823 -0.0151333 -0.832381)
(-0.111035 0.0321868 -0.657371)
(0.472499 -0.255687 1.34545)
(-0.742151 0.312594 2.02876)
(0.857888 0.857888 2.12118)
)
;
    }
}


// ************************************************************************* //
