/*--------------------------------*- C++ -*----------------------------------*\
| =========                 |                                                 |
| \\      /  F ield         | OpenFOAM: The Open Source CFD Toolbox           |
|  \\    /   O peration     | Version:  2412                                  |
|   \\  /    A nd           | Website:  www.openfoam.com                      |
|    \\/     M anipulation  |                                                 |
\*---------------------------------------------------------------------------*/
FoamFile
{
    version     2.0;
    format      ascii;
    arch        "LSB;label=32;scalar=64";
    class       volScalarField;
    location    "0.76";
    object      p_rgh;
}
// * * * * * * * * * * * * * * * * * * * * * * * * * * * * * * * * * * * * * //

dimensions      [1 -1 -2 0 0 0 0];

internalField   nonuniform List<scalar> 
1000
(
308.875
26.2234
20.2285
12.479
11.5191
11.5191
12.4782
20.2274
26.223
308.889
26.2235
14.6403
13.0625
11.551
11.3954
11.3954
11.5506
13.0623
14.6402
26.2234
20.2288
13.0625
19.1291
12.0817
11.5581
11.5581
12.0817
19.1291
13.0625
20.2291
12.4791
11.551
12.0817
11.6797
11.3666
11.3666
11.6797
12.0817
11.5509
12.4788
11.5191
11.3954
11.5581
11.3666
11.4782
11.4782
11.3665
11.5581
11.3954
11.5191
11.5191
11.3954
11.5581
11.3666
11.4782
11.4782
11.3665
11.5581
11.3954
11.5191
12.4779
11.5505
12.0818
11.6797
11.3665
11.3665
11.6797
12.0819
11.5504
12.4778
20.2271
13.0623
19.129
12.0817
11.5581
11.5581
12.0817
19.1289
13.0623
20.2275
26.2229
14.6401
13.0625
11.5508
11.3953
11.3953
11.5505
13.0623
14.6401
26.2229
308.892
26.2234
20.2293
12.4787
11.5191
11.5191
12.4781
20.2283
26.2231
308.899
198.591
25.3017
26.2649
12.2152
11.4651
11.4651
12.2126
26.2644
25.3015
198.606
25.3017
14.9504
13.9144
11.4515
11.3367
11.3367
11.4511
13.9143
14.9504
25.3017
26.2649
13.9144
19.2439
11.7226
11.4552
11.4552
11.7226
19.2439
13.9143
26.265
12.2156
11.4515
11.7226
11.2988
11.3163
11.3163
11.2988
11.7227
11.4514
12.2145
11.4651
11.3367
11.4552
11.3163
11.406
11.406
11.3163
11.4552
11.3367
11.4651
11.4651
11.3367
11.4552
11.3163
11.406
11.406
11.3163
11.4552
11.3367
11.4651
12.2118
11.451
11.7227
11.2987
11.3163
11.3163
11.2987
11.7227
11.451
12.2115
26.2643
13.9142
19.2439
11.7226
11.4552
11.4552
11.7226
19.2437
13.9142
26.2644
25.3014
14.9504
13.9142
11.4513
11.3367
11.3367
11.451
13.9141
14.9504
25.3015
198.61
25.3017
26.265
12.2142
11.4651
11.4651
12.2122
26.2646
25.3016
198.617
317.424
23.6433
26.7436
11.8957
11.4286
11.4287
11.895
26.7431
23.6432
317.417
23.6433
14.6019
13.8688
11.36
11.435
11.4351
11.3598
13.8689
14.602
23.6433
26.7437
13.8687
15.8601
11.4608
11.4019
11.4019
11.461
15.8599
13.8687
26.7437
11.8958
11.36
11.4608
11.2667
11.2902
11.2902
11.2667
11.4608
11.3599
11.8955
11.4287
11.4351
11.4019
11.2902
11.3433
11.3433
11.2902
11.402
11.4352
11.4287
11.4287
11.4352
11.4019
11.2902
11.3433
11.3433
11.2902
11.4019
11.4353
11.4287
11.8948
11.3598
11.4611
11.2667
11.2902
11.2902
11.2667
11.461
11.3597
11.8947
26.743
13.869
15.8597
11.4608
11.402
11.402
11.4609
15.8598
13.8689
26.7431
23.6432
14.602
13.8686
11.3599
11.4352
11.4352
11.3598
13.8688
14.602
23.6432
317.415
23.6433
26.7438
11.8954
11.4287
11.4287
11.8949
26.7434
23.6433
317.412
364.445
22.8427
23.8949
11.8104
11.4983
11.4984
11.8114
23.8968
22.8428
364.439
22.8426
13.861
13.2461
11.3302
11.6724
11.6724
11.3304
13.2464
13.8611
22.8427
23.8947
13.246
13.1054
11.2688
11.3628
11.3628
11.2689
13.1053
13.2461
23.8946
11.8102
11.3302
11.2688
11.4399
11.4125
11.4125
11.4398
11.2688
11.3303
11.8106
11.4983
11.6724
11.3628
11.4125
11.2957
11.2957
11.4125
11.3628
11.6723
11.4985
11.4985
11.6724
11.3628
11.4125
11.2957
11.2957
11.4125
11.3628
11.6723
11.4987
11.8118
11.3305
11.2689
11.4398
11.4125
11.4125
11.4398
11.2689
11.3305
11.8119
23.8977
13.2466
13.1053
11.2688
11.3628
11.3628
11.2688
13.1054
13.2465
23.8974
22.8428
13.8612
13.246
11.3303
11.6723
11.6723
11.3304
13.2463
13.8613
22.8428
364.437
22.8427
23.8942
11.8107
11.4985
11.4986
11.8116
23.896
22.8428
364.434
309.694
21.4743
18.0019
11.8679
11.7448
11.7452
11.8688
18.0028
21.4745
309.67
21.4743
13.1366
12.6089
11.4095
11.6225
11.6225
11.4096
12.6092
13.1368
21.4744
18.0018
12.6088
12.0726
11.0975
11.3587
11.3587
11.0975
12.0726
12.6089
18.0017
11.8677
11.4095
11.0975
11.3742
11.4514
11.4514
11.3742
11.0974
11.4096
11.8681
11.7449
11.6225
11.3587
11.4514
11.322
11.322
11.4514
11.3587
11.6224
11.7454
11.7453
11.6225
11.3587
11.4514
11.322
11.3221
11.4513
11.3587
11.6224
11.7458
11.8691
11.4097
11.0975
11.3742
11.4514
11.4514
11.3742
11.0974
11.4097
11.8693
18.0033
12.6093
12.0726
11.0974
11.3587
11.3587
11.0974
12.0727
12.6093
18.0031
21.4746
13.1368
12.6089
11.4096
11.6225
11.6225
11.4097
12.6091
13.137
21.4746
309.664
21.4744
18.0016
11.8682
11.7454
11.7457
11.869
18.0024
21.4745
309.651
394.667
20.1439
15.3346
11.8504
11.5682
11.5676
11.8501
15.3347
20.1441
394.682
20.1439
12.5149
12.1373
11.2986
11.4805
11.4804
11.2984
12.1375
12.5151
20.1439
15.3346
12.1373
11.6824
11.0239
11.5187
11.5187
11.0239
11.6824
12.1373
15.3344
11.8504
11.2986
11.0239
11.3021
11.3919
11.3919
11.3021
11.0238
11.2983
11.8502
11.5682
11.4805
11.5187
11.3919
11.2822
11.2822
11.3918
11.5186
11.4802
11.5676
11.5674
11.4803
11.5187
11.3919
11.2822
11.2822
11.3919
11.5187
11.48
11.567
11.85
11.2983
11.0239
11.3021
11.3919
11.3919
11.3021
11.0238
11.2981
11.8499
15.3348
12.1376
11.6824
11.0238
11.5186
11.5186
11.0238
11.6825
12.1376
15.3347
20.1442
12.5151
12.1374
11.2983
11.4803
11.4801
11.2982
12.1375
12.5152
20.1442
394.686
20.144
15.3344
11.8502
11.5677
11.5672
11.85
15.3345
20.1441
394.694
499.546
19.2412
14.1071
11.5
11.1717
11.1717
11.4992
14.1071
19.2415
499.548
19.2411
11.9194
11.7385
10.8969
11.0477
11.0477
10.8969
11.7386
11.9195
19.2413
14.1071
11.7385
11.5259
11.1184
11.5308
11.5308
11.1185
11.5258
11.7385
14.107
11.5002
10.8969
11.1184
11.2284
11.3138
11.3138
11.2284
11.1184
10.8969
11.4997
11.1717
11.0477
11.5308
11.3138
11.0737
11.0737
11.3138
11.5308
11.0476
11.1717
11.1717
11.0476
11.5308
11.3138
11.0738
11.0738
11.3138
11.5308
11.0475
11.1717
11.4989
10.8969
11.1184
11.2284
11.3138
11.3138
11.2284
11.1184
10.8968
11.4987
14.1071
11.7387
11.5258
11.1185
11.5308
11.5308
11.1185
11.5259
11.7387
14.107
19.2416
11.9196
11.7386
10.8969
11.0476
11.0476
10.8969
11.7387
11.9197
19.2417
499.548
19.2413
14.107
11.4996
11.1717
11.1717
11.499
14.107
19.2416
499.549
518.201
18.6209
13.3203
11.2664
11.1051
11.1051
11.2664
13.3204
18.6212
518.203
18.6208
11.4304
11.3658
10.7641
10.9526
10.9526
10.7641
11.3658
11.4305
18.6209
13.3203
11.3657
11.47
10.9742
11.4758
11.4758
10.9741
11.4699
11.3658
13.3203
11.2664
10.7641
10.9743
11.1246
10.9862
10.9862
11.1246
10.9744
10.7641
11.2664
11.1051
10.9526
11.4758
10.9862
10.9437
10.9437
10.9861
11.4758
10.9527
11.1051
11.1051
10.9526
11.4758
10.9862
10.9437
10.9437
10.9862
11.4758
10.9527
11.1051
11.2664
10.7641
10.9741
11.1246
10.9862
10.9862
11.1246
10.9742
10.7641
11.2664
13.3205
11.3658
11.4699
10.9744
11.4758
11.4758
10.9743
11.4699
11.3658
13.3205
18.6213
11.4305
11.3658
10.7641
10.9527
10.9527
10.7641
11.3658
11.4306
18.6214
518.203
18.621
13.3203
11.2664
11.1051
11.1051
11.2664
13.3204
18.6213
518.204
526.196
17.8735
12.8507
11.3516
11.0274
11.0274
11.3518
12.8509
17.8739
526.196
17.8735
11.1369
11.1194
10.8214
10.9452
10.9453
10.8214
11.1194
11.137
17.8736
12.8506
11.1194
11.7049
10.912
11.2212
11.2212
10.912
11.7048
11.1194
12.8507
11.3516
10.8215
10.912
10.7869
10.7962
10.7963
10.7869
10.912
10.8216
11.3517
11.0274
10.9453
11.2212
10.7962
10.8441
10.8441
10.7962
11.2213
10.9457
11.0274
11.0274
10.9454
11.2212
10.7963
10.8441
10.8441
10.7963
11.2212
10.9458
11.0274
11.3518
10.8214
10.912
10.7869
10.7962
10.7963
10.7869
10.912
10.8216
11.3519
12.8509
11.1195
11.7048
10.9121
11.2213
11.2213
10.912
11.7047
11.1195
12.851
17.874
11.137
11.1194
10.8215
10.9456
10.9457
10.8215
11.1195
11.137
17.874
526.197
17.8736
12.8508
11.3517
11.0274
11.0274
11.3519
12.8509
17.8739
526.197
576.304
17.3461
12.6125
11.625
10.9294
10.9294
11.6253
12.6127
17.3463
576.305
17.346
10.953
11.0366
10.9448
10.8076
10.8076
10.9447
11.0367
10.953
17.3461
12.6124
11.0366
11.6791
10.8766
10.9302
10.9302
10.8766
11.679
11.0365
12.6126
11.625
10.9448
10.8766
10.629
10.7004
10.7004
10.629
10.8766
10.9449
11.6251
10.9294
10.8076
10.9302
10.7004
10.7616
10.7616
10.7004
10.9302
10.8077
10.9294
10.9295
10.8077
10.9302
10.7004
10.7616
10.7616
10.7004
10.9302
10.8078
10.9295
11.6255
10.9447
10.8766
10.629
10.7004
10.7004
10.629
10.8766
10.9448
11.6256
12.6128
11.0367
11.679
10.8766
10.9302
10.9302
10.8766
11.679
11.0366
12.6129
17.3465
10.9531
11.0365
10.9448
10.8077
10.8077
10.9448
11.0366
10.9531
17.3465
576.305
17.3462
12.6126
11.6251
10.9294
10.9294
11.6254
12.6128
17.3464
576.305
)
;

boundaryField
{
    bottom
    {
        type            fixedFluxPressure;
        gradient        nonuniform List<scalar> 0();
        value           nonuniform List<scalar> 0();
    }
    atmosphere
    {
        type            prghTotalPressure;
        p0              nonuniform List<scalar> 0();
        value           nonuniform List<scalar> 0();
    }
    walls
    {
        type            fixedFluxPressure;
        gradient        uniform 0;
        value           nonuniform List<scalar> 
400
(
308.875
26.2235
20.2288
12.4791
11.5191
11.5191
12.4779
20.2271
26.2229
308.892
198.591
25.3017
26.2649
12.2156
11.4651
11.4651
12.2118
26.2643
25.3014
198.61
317.424
23.6433
26.7437
11.8958
11.4287
11.4287
11.8948
26.743
23.6432
317.415
364.445
22.8426
23.8947
11.8102
11.4983
11.4985
11.8118
23.8977
22.8428
364.437
309.694
21.4743
18.0018
11.8677
11.7449
11.7453
11.8691
18.0033
21.4746
309.664
394.667
20.1439
15.3346
11.8504
11.5682
11.5674
11.85
15.3348
20.1442
394.686
499.546
19.2411
14.1071
11.5002
11.1717
11.1717
11.4989
14.1071
19.2416
499.548
518.201
18.6208
13.3203
11.2664
11.1051
11.1051
11.2664
13.3205
18.6213
518.203
526.196
17.8735
12.8506
11.3516
11.0274
11.0274
11.3518
12.8509
17.874
526.197
576.304
17.346
12.6124
11.625
10.9294
10.9295
11.6255
12.6128
17.3465
576.305
308.889
26.2234
20.2291
12.4788
11.5191
11.5191
12.4778
20.2275
26.2229
308.899
198.606
25.3017
26.265
12.2145
11.4651
11.4651
12.2115
26.2644
25.3015
198.617
317.417
23.6433
26.7437
11.8955
11.4287
11.4287
11.8947
26.7431
23.6432
317.412
364.439
22.8427
23.8946
11.8106
11.4985
11.4987
11.8119
23.8974
22.8428
364.434
309.67
21.4744
18.0017
11.8681
11.7454
11.7458
11.8693
18.0031
21.4746
309.651
394.682
20.1439
15.3344
11.8502
11.5676
11.567
11.8499
15.3347
20.1442
394.694
499.548
19.2413
14.107
11.4997
11.1717
11.1717
11.4987
14.107
19.2417
499.549
518.203
18.6209
13.3203
11.2664
11.1051
11.1051
11.2664
13.3205
18.6214
518.204
526.196
17.8736
12.8507
11.3517
11.0274
11.0274
11.3519
12.851
17.874
526.197
576.305
17.3461
12.6126
11.6251
10.9294
10.9295
11.6256
12.6129
17.3465
576.305
308.875
198.591
317.424
364.445
309.694
394.667
499.546
518.201
526.196
576.304
26.2234
25.3017
23.6433
22.8427
21.4743
20.1439
19.2412
18.6209
17.8735
17.3461
20.2285
26.2649
26.7436
23.8949
18.0019
15.3346
14.1071
13.3203
12.8507
12.6125
12.479
12.2152
11.8957
11.8104
11.8679
11.8504
11.5
11.2664
11.3516
11.625
11.5191
11.4651
11.4286
11.4983
11.7448
11.5682
11.1717
11.1051
11.0274
10.9294
11.5191
11.4651
11.4287
11.4984
11.7452
11.5676
11.1717
11.1051
11.0274
10.9294
12.4782
12.2126
11.895
11.8114
11.8688
11.8501
11.4992
11.2664
11.3518
11.6253
20.2274
26.2644
26.7431
23.8968
18.0028
15.3347
14.1071
13.3204
12.8509
12.6127
26.223
25.3015
23.6432
22.8428
21.4745
20.1441
19.2415
18.6212
17.8739
17.3463
308.889
198.606
317.417
364.439
309.67
394.682
499.548
518.203
526.196
576.305
308.892
198.61
317.415
364.437
309.664
394.686
499.548
518.203
526.197
576.305
26.2234
25.3017
23.6433
22.8427
21.4744
20.144
19.2413
18.621
17.8736
17.3462
20.2293
26.265
26.7438
23.8942
18.0016
15.3344
14.107
13.3203
12.8508
12.6126
12.4787
12.2142
11.8954
11.8107
11.8682
11.8502
11.4996
11.2664
11.3517
11.6251
11.5191
11.4651
11.4287
11.4985
11.7454
11.5677
11.1717
11.1051
11.0274
10.9294
11.5191
11.4651
11.4287
11.4986
11.7457
11.5672
11.1717
11.1051
11.0274
10.9294
12.4781
12.2122
11.8949
11.8116
11.869
11.85
11.499
11.2664
11.3519
11.6254
20.2283
26.2646
26.7434
23.896
18.0024
15.3345
14.107
13.3204
12.8509
12.6128
26.2231
25.3016
23.6433
22.8428
21.4745
20.1441
19.2416
18.6213
17.8739
17.3464
308.899
198.617
317.412
364.434
309.651
394.694
499.549
518.204
526.197
576.305
)
;
    }
    procBoundary0to1
    {
        type            processor;
        value           nonuniform List<scalar> 
100
(
599.204
17.0943
12.4841
11.751
10.8143
10.8143
11.7518
12.4844
17.0946
599.205
17.0943
10.9022
10.9844
10.7434
10.6321
10.6321
10.7434
10.9844
10.9023
17.0944
12.484
10.9844
11.4518
10.7938
10.7808
10.7808
10.7938
11.4518
10.9843
12.4842
11.7508
10.7433
10.7938
10.5628
10.6663
10.6663
10.5628
10.7939
10.7433
11.7509
10.8143
10.6321
10.7808
10.6663
10.6718
10.6718
10.6663
10.7808
10.632
10.8143
10.8143
10.632
10.7808
10.6663
10.6718
10.6718
10.6663
10.7808
10.632
10.8143
11.7522
10.7434
10.7938
10.5628
10.6663
10.6663
10.5628
10.7939
10.7433
11.7522
12.4845
10.9845
11.4518
10.7939
10.7808
10.7808
10.7939
11.4518
10.9844
12.4846
17.0947
10.9023
10.9843
10.7433
10.632
10.632
10.7433
10.9844
10.9024
17.0947
599.206
17.0944
12.4842
11.7511
10.8143
10.8143
11.7518
12.4845
17.0946
599.206
)
;
    }
    procBoundary0to2
    {
        type            processor;
        value           nonuniform List<scalar> 
100
(
293.996
25.9155
15.8783
12.3088
11.6929
11.6918
12.3111
15.8782
25.9151
294.008
25.9155
14.2703
12.1444
11.6327
11.4768
11.4768
11.6327
12.1444
14.2701
25.9153
15.8783
12.1444
18.2421
12.5602
11.7191
11.7191
12.5603
18.2419
12.1444
15.8784
12.3084
11.6327
12.5602
12.2513
11.4261
11.4261
12.2513
12.5602
11.6327
12.3094
11.6931
11.4768
11.7191
11.4261
11.5547
11.5548
11.426
11.7191
11.4768
11.6924
11.6916
11.4768
11.7192
11.4261
11.5548
11.5548
11.426
11.7191
11.4768
11.6912
12.3118
11.6326
12.5604
12.2513
11.426
11.426
12.2513
12.5604
11.6326
12.3121
15.8782
12.1444
18.2418
12.5602
11.7191
11.7191
12.5603
18.2414
12.1443
15.8783
25.915
14.2701
12.1444
11.6327
11.4768
11.4768
11.6326
12.1444
14.27
25.9149
294.012
25.9153
15.8784
12.3098
11.6922
11.6914
12.3116
15.8783
25.915
294.018
)
;
    }
}


// ************************************************************************* //
