/*--------------------------------*- C++ -*----------------------------------*\
| =========                 |                                                 |
| \\      /  F ield         | OpenFOAM: The Open Source CFD Toolbox           |
|  \\    /   O peration     | Version:  2412                                  |
|   \\  /    A nd           | Website:  www.openfoam.com                      |
|    \\/     M anipulation  |                                                 |
\*---------------------------------------------------------------------------*/
FoamFile
{
    version     2.0;
    format      ascii;
    arch        "LSB;label=32;scalar=64";
    class       volScalarField;
    location    "0.32";
    object      p;
}
// * * * * * * * * * * * * * * * * * * * * * * * * * * * * * * * * * * * * * //

dimensions      [1 -1 -2 0 0 0 0];

internalField   nonuniform List<scalar> 
1000
(
14.9934
15.0418
15.1285
15.2255
15.3021
15.3021
15.2255
15.1285
15.0418
14.9934
15.0418
15.0998
15.2046
15.3257
15.4263
15.4263
15.3257
15.2046
15.0998
15.0418
15.1285
15.2046
15.3455
15.516
15.6671
15.6671
15.516
15.3455
15.2046
15.1285
15.2255
15.3257
15.516
15.7603
15.996
15.996
15.7603
15.516
15.3257
15.2255
15.3021
15.4263
15.6671
15.996
16.3322
16.3322
15.996
15.6671
15.4263
15.3021
15.3021
15.4263
15.6671
15.996
16.3322
16.3322
15.996
15.6671
15.4263
15.3021
15.2255
15.3257
15.516
15.7603
15.996
15.996
15.7603
15.516
15.3257
15.2255
15.1285
15.2046
15.3455
15.516
15.6671
15.6671
15.516
15.3455
15.2046
15.1285
15.0418
15.0998
15.2046
15.3257
15.4263
15.4263
15.3257
15.2046
15.0998
15.0418
14.9934
15.0418
15.1285
15.2255
15.3021
15.3021
15.2255
15.1285
15.0418
14.9934
14.7245
14.7734
14.8617
14.9614
15.0413
15.0413
14.9614
14.8617
14.7734
14.7245
14.7734
14.8326
14.9402
15.0664
15.1738
15.1738
15.0664
14.9402
14.8326
14.7734
14.8617
14.9402
15.0861
15.267
15.432
15.432
15.267
15.0861
14.9402
14.8617
14.9614
15.0664
15.267
15.533
15.8016
15.8016
15.533
15.267
15.0664
14.9615
15.0413
15.1738
15.432
15.8016
16.1999
16.1999
15.8016
15.432
15.1738
15.0413
15.0413
15.1738
15.432
15.8016
16.1999
16.1999
15.8016
15.432
15.1738
15.0413
14.9614
15.0664
15.267
15.533
15.8016
15.8016
15.533
15.267
15.0664
14.9615
14.8617
14.9402
15.0861
15.267
15.432
15.432
15.267
15.0861
14.9402
14.8617
14.7734
14.8326
14.9402
15.0664
15.1738
15.1738
15.0664
14.9402
14.8326
14.7734
14.7245
14.7734
14.8617
14.9615
15.0413
15.0413
14.9615
14.8617
14.7734
14.7245
14.4299
14.4803
14.5717
14.6767
14.7631
14.7631
14.6767
14.5717
14.4803
14.4299
14.4803
14.5423
14.6552
14.7911
14.9115
14.9115
14.7911
14.6552
14.5423
14.4803
14.5717
14.6552
14.8112
15.0117
15.2037
15.2037
15.0117
14.8112
14.6552
14.5717
14.6767
14.7911
15.0117
15.3218
15.6596
15.6596
15.3218
15.0117
14.7911
14.6767
14.7631
14.9115
15.2037
15.6596
16.1944
16.1944
15.6597
15.2037
14.9115
14.7631
14.7631
14.9115
15.2037
15.6596
16.1944
16.1944
15.6597
15.2037
14.9115
14.7631
14.6767
14.7911
15.0117
15.3218
15.6597
15.6597
15.3218
15.0117
14.7911
14.6767
14.5717
14.6552
14.8112
15.0117
15.2037
15.2037
15.0117
14.8112
14.6552
14.5717
14.4803
14.5423
14.6552
14.7911
14.9115
14.9115
14.7911
14.6552
14.5423
14.4803
14.4299
14.4803
14.5717
14.6767
14.7631
14.7631
14.6767
14.5717
14.4803
14.4299
14.11
14.162
14.2571
14.3686
14.4639
14.4639
14.3686
14.2571
14.162
14.11
14.162
14.2272
14.3466
14.4956
14.6346
14.6346
14.4956
14.3466
14.2272
14.162
14.2571
14.3466
14.515
14.7426
14.9732
14.9732
14.7426
14.515
14.3466
14.2571
14.3686
14.4956
14.7426
15.1196
15.5699
15.5699
15.1196
14.7426
14.4956
14.3686
14.4639
14.6346
14.9732
15.5699
16.3428
16.3428
15.5699
14.9732
14.6346
14.4639
14.4639
14.6346
14.9732
15.5699
16.3428
16.3428
15.5699
14.9732
14.6346
14.4639
14.3686
14.4956
14.7426
15.1196
15.5699
15.5699
15.1196
14.7426
14.4956
14.3686
14.2571
14.3466
14.515
14.7426
14.9732
14.9732
14.7426
14.515
14.3466
14.2571
14.162
14.2272
14.3466
14.4956
14.6346
14.6346
14.4956
14.3466
14.2272
14.162
14.11
14.162
14.2571
14.3686
14.4639
14.4639
14.3686
14.2571
14.162
14.11
13.7633
13.8167
13.9149
14.033
14.138
14.138
14.033
13.9149
13.8167
13.7633
13.8167
13.8846
14.01
14.1736
14.335
14.335
14.1736
14.01
13.8846
13.8167
13.9149
14.01
14.1901
14.4496
14.722
14.722
14.4496
14.1901
14.01
13.9149
14.033
14.1736
14.4496
14.9115
15.5248
15.5248
14.9115
14.4496
14.1736
14.033
14.138
14.335
14.722
15.5248
16.6784
16.6784
15.5248
14.722
14.335
14.138
14.138
14.335
14.722
15.5248
16.6784
16.6784
15.5248
14.722
14.335
14.138
14.033
14.1736
14.4496
14.9115
15.5248
15.5248
14.9115
14.4496
14.1736
14.033
13.9149
14.01
14.1901
14.4496
14.722
14.722
14.4496
14.1901
14.01
13.9149
13.8167
13.8846
14.01
14.1736
14.335
14.335
14.1736
14.01
13.8846
13.8167
13.7633
13.8167
13.9149
14.033
14.138
14.138
14.033
13.9149
13.8167
13.7633
13.3882
13.4421
13.542
13.6648
13.778
13.778
13.6648
13.542
13.4421
13.3882
13.4421
13.5116
13.6401
13.8162
14.0001
14.0001
13.8162
13.6401
13.5116
13.4421
13.542
13.6401
13.8255
14.1084
14.4117
14.4117
14.1084
13.8255
13.6401
13.542
13.6648
13.8162
14.1084
14.6651
15.4688
15.4688
14.6651
14.1084
13.8162
13.6648
13.778
14.0001
14.4117
15.4688
17.1861
17.1861
15.4688
14.4117
14.0001
13.778
13.778
14.0001
14.4117
15.4688
17.1861
17.1861
15.4688
14.4117
14.0001
13.778
13.6648
13.8162
14.1084
14.6651
15.4688
15.4688
14.6651
14.1084
13.8162
13.6648
13.542
13.6401
13.8255
14.1084
14.4117
14.4117
14.1084
13.8255
13.6401
13.542
13.4421
13.5116
13.6401
13.8162
14.0001
14.0001
13.8162
13.6401
13.5116
13.4421
13.3882
13.4421
13.542
13.6648
13.778
13.778
13.6648
13.542
13.4421
13.3882
12.9838
13.0368
13.1357
13.2591
13.3757
13.3757
13.2591
13.1357
13.0368
12.9838
13.0368
13.1055
13.2315
13.413
13.6093
13.6093
13.413
13.2315
13.1055
13.0368
13.1357
13.2315
13.4103
13.6928
13.973
13.973
13.6928
13.4103
13.2315
13.1357
13.2591
13.413
13.6928
14.3005
15.2087
15.2087
14.3006
13.6928
13.413
13.2591
13.3757
13.6093
13.973
15.2087
17.4557
17.4557
15.2088
13.973
13.6093
13.3757
13.3757
13.6093
13.973
15.2087
17.4557
17.4557
15.2088
13.973
13.6093
13.3757
13.2591
13.413
13.6928
14.3006
15.2088
15.2088
14.3006
13.6928
13.413
13.2591
13.1357
13.2315
13.4103
13.6928
13.973
13.973
13.6928
13.4103
13.2315
13.1357
13.0368
13.1055
13.2315
13.413
13.6093
13.6093
13.413
13.2315
13.1055
13.0368
12.9838
13.0368
13.1357
13.2591
13.3757
13.3757
13.2591
13.1357
13.0368
12.9838
12.5498
12.6002
12.6948
12.8122
12.9247
12.9247
12.8122
12.6948
12.6002
12.5498
12.6002
12.6647
12.7803
12.9544
13.1199
13.1199
12.9544
12.7803
12.6647
12.6002
12.6948
12.7803
12.9383
13.1668
13.2942
13.2942
13.1668
12.9383
12.7803
12.6948
12.8122
12.9544
13.1668
13.6937
14.5797
14.5797
13.6937
13.1668
12.9544
12.8122
12.9247
13.1199
13.2942
14.5797
16.0545
16.0545
14.5798
13.2942
13.1199
12.9247
12.9247
13.1199
13.2942
14.5797
16.0545
16.0545
14.5798
13.2942
13.1199
12.9247
12.8122
12.9544
13.1668
13.6937
14.5798
14.5798
13.6937
13.1668
12.9544
12.8122
12.6948
12.7803
12.9383
13.1668
13.2942
13.2942
13.1668
12.9383
12.7803
12.6948
12.6002
12.6647
12.7803
12.9544
13.1199
13.1199
12.9544
12.7803
12.6647
12.6002
12.5498
12.6002
12.6948
12.8122
12.9247
12.9247
12.8122
12.6948
12.6002
12.5498
12.0867
12.1328
12.2207
12.3254
12.4296
12.4296
12.3254
12.2207
12.1328
12.0867
12.1328
12.1895
12.2871
12.4383
12.5173
12.5173
12.4383
12.2871
12.1895
12.1328
12.2207
12.2871
12.4164
12.497
12.3875
12.3875
12.497
12.4164
12.2871
12.2207
12.3254
12.4383
12.497
12.7971
13.3615
13.3615
12.7971
12.497
12.4383
12.3254
12.4296
12.5173
12.3875
13.3615
12.6565
12.6565
13.3615
12.3875
12.5173
12.4296
12.4296
12.5173
12.3875
13.3615
12.6565
12.6564
13.3615
12.3875
12.5173
12.4296
12.3254
12.4383
12.497
12.7971
13.3615
13.3615
12.7971
12.497
12.4383
12.3254
12.2207
12.2871
12.4164
12.497
12.3875
12.3875
12.497
12.4164
12.2871
12.2207
12.1328
12.1895
12.2871
12.4383
12.5173
12.5173
12.4383
12.2871
12.1895
12.1328
12.0867
12.1328
12.2207
12.3254
12.4296
12.4296
12.3254
12.2207
12.1328
12.0867
11.5956
11.6366
11.7181
11.8052
11.8971
11.8971
11.8052
11.7181
11.6366
11.5956
11.6366
11.6834
11.7598
11.8714
11.8451
11.8451
11.8714
11.7598
11.6834
11.6366
11.7181
11.7598
11.85
11.772
11.5372
11.5372
11.772
11.85
11.7598
11.7181
11.8052
11.8714
11.772
11.7452
11.6041
11.6041
11.7452
11.772
11.8714
11.8052
11.8971
11.8451
11.5372
11.6041
10.6046
10.6046
11.6039
11.5371
11.8451
11.8971
11.8971
11.8451
11.5372
11.6041
10.6046
10.6045
11.6039
11.5371
11.8451
11.8971
11.8052
11.8714
11.772
11.7452
11.6039
11.6039
11.7451
11.772
11.8714
11.8052
11.7181
11.7598
11.85
11.772
11.5371
11.5371
11.772
11.85
11.7598
11.7181
11.6366
11.6834
11.7598
11.8714
11.8451
11.8451
11.8714
11.7598
11.6834
11.6366
11.5956
11.6366
11.7181
11.8052
11.8971
11.8971
11.8052
11.7181
11.6366
11.5956
)
;

boundaryField
{
    bottom
    {
        type            calculated;
        value           nonuniform List<scalar> 
100
(
15.1161
15.1644
15.2511
15.3481
15.4247
15.4247
15.3481
15.2511
15.1644
15.1161
15.1644
15.2224
15.3273
15.4484
15.5489
15.5489
15.4484
15.3273
15.2224
15.1644
15.2511
15.3273
15.4681
15.6386
15.7897
15.7897
15.6386
15.4681
15.3273
15.2511
15.3481
15.4484
15.6386
15.8829
16.1187
16.1187
15.8829
15.6386
15.4484
15.3481
15.4247
15.5489
15.7897
16.1187
16.4548
16.4548
16.1187
15.7897
15.5489
15.4247
15.4247
15.5489
15.7897
16.1187
16.4548
16.4548
16.1187
15.7897
15.5489
15.4247
15.3481
15.4484
15.6386
15.8829
16.1187
16.1187
15.8829
15.6386
15.4484
15.3481
15.2511
15.3273
15.4681
15.6386
15.7897
15.7897
15.6386
15.4681
15.3273
15.2511
15.1644
15.2224
15.3273
15.4484
15.5489
15.5489
15.4484
15.3273
15.2224
15.1644
15.1161
15.1644
15.2511
15.3481
15.4247
15.4247
15.3481
15.2511
15.1644
15.1161
)
;
    }
    atmosphere
    {
        type            calculated;
        value           nonuniform List<scalar> 0();
    }
    walls
    {
        type            calculated;
        value           nonuniform List<scalar> 
400
(
14.9934
15.0418
15.1285
15.2255
15.3021
15.3021
15.2255
15.1285
15.0418
14.9934
14.7245
14.7734
14.8617
14.9614
15.0413
15.0413
14.9614
14.8617
14.7734
14.7245
14.4299
14.4803
14.5717
14.6767
14.7631
14.7631
14.6767
14.5717
14.4803
14.4299
14.11
14.162
14.2571
14.3686
14.4639
14.4639
14.3686
14.2571
14.162
14.11
13.7633
13.8167
13.9149
14.033
14.138
14.138
14.033
13.9149
13.8167
13.7633
13.3882
13.4421
13.542
13.6648
13.778
13.778
13.6648
13.542
13.4421
13.3882
12.9838
13.0368
13.1357
13.2591
13.3757
13.3757
13.2591
13.1357
13.0368
12.9838
12.5498
12.6002
12.6948
12.8122
12.9247
12.9247
12.8122
12.6948
12.6002
12.5498
12.0867
12.1328
12.2207
12.3254
12.4296
12.4296
12.3254
12.2207
12.1328
12.0867
11.5956
11.6366
11.7181
11.8052
11.8971
11.8971
11.8052
11.7181
11.6366
11.5956
14.9934
15.0418
15.1285
15.2255
15.3021
15.3021
15.2255
15.1285
15.0418
14.9934
14.7245
14.7734
14.8617
14.9615
15.0413
15.0413
14.9615
14.8617
14.7734
14.7245
14.4299
14.4803
14.5717
14.6767
14.7631
14.7631
14.6767
14.5717
14.4803
14.4299
14.11
14.162
14.2571
14.3686
14.4639
14.4639
14.3686
14.2571
14.162
14.11
13.7633
13.8167
13.9149
14.033
14.138
14.138
14.033
13.9149
13.8167
13.7633
13.3882
13.4421
13.542
13.6648
13.778
13.778
13.6648
13.542
13.4421
13.3882
12.9838
13.0368
13.1357
13.2591
13.3757
13.3757
13.2591
13.1357
13.0368
12.9838
12.5498
12.6002
12.6948
12.8122
12.9247
12.9247
12.8122
12.6948
12.6002
12.5498
12.0867
12.1328
12.2207
12.3254
12.4296
12.4296
12.3254
12.2207
12.1328
12.0867
11.5956
11.6366
11.7181
11.8052
11.8971
11.8971
11.8052
11.7181
11.6366
11.5956
14.9934
14.7245
14.4299
14.11
13.7633
13.3882
12.9838
12.5498
12.0867
11.5956
15.0418
14.7734
14.4803
14.162
13.8167
13.4421
13.0368
12.6002
12.1328
11.6366
15.1285
14.8617
14.5717
14.2571
13.9149
13.542
13.1357
12.6948
12.2207
11.7181
15.2255
14.9614
14.6767
14.3686
14.033
13.6648
13.2591
12.8122
12.3254
11.8052
15.3021
15.0413
14.7631
14.4639
14.138
13.778
13.3757
12.9247
12.4296
11.8971
15.3021
15.0413
14.7631
14.4639
14.138
13.778
13.3757
12.9247
12.4296
11.8971
15.2255
14.9614
14.6767
14.3686
14.033
13.6648
13.2591
12.8122
12.3254
11.8052
15.1285
14.8617
14.5717
14.2571
13.9149
13.542
13.1357
12.6948
12.2207
11.7181
15.0418
14.7734
14.4803
14.162
13.8167
13.4421
13.0368
12.6002
12.1328
11.6366
14.9934
14.7245
14.4299
14.11
13.7633
13.3882
12.9838
12.5498
12.0867
11.5956
14.9934
14.7245
14.4299
14.11
13.7633
13.3882
12.9838
12.5498
12.0867
11.5956
15.0418
14.7734
14.4803
14.162
13.8167
13.4421
13.0368
12.6002
12.1328
11.6366
15.1285
14.8617
14.5717
14.2571
13.9149
13.542
13.1357
12.6948
12.2207
11.7181
15.2255
14.9615
14.6767
14.3686
14.033
13.6648
13.2591
12.8122
12.3254
11.8052
15.3021
15.0413
14.7631
14.4639
14.138
13.778
13.3757
12.9247
12.4296
11.8971
15.3021
15.0413
14.7631
14.4639
14.138
13.778
13.3757
12.9247
12.4296
11.8971
15.2255
14.9615
14.6767
14.3686
14.033
13.6648
13.2591
12.8122
12.3254
11.8052
15.1285
14.8617
14.5717
14.2571
13.9149
13.542
13.1357
12.6948
12.2207
11.7181
15.0418
14.7734
14.4803
14.162
13.8167
13.4421
13.0368
12.6002
12.1328
11.6366
14.9934
14.7245
14.4299
14.11
13.7633
13.3882
12.9838
12.5498
12.0867
11.5956
)
;
    }
    procBoundary3to2
    {
        type            processor;
        value           nonuniform List<scalar> 
100
(
11.0782
11.1145
11.1939
11.2647
11.3567
11.3567
11.2647
11.1939
11.1145
11.0782
11.1145
11.152
11.2152
11.2779
11.2199
11.2199
11.2779
11.2152
11.152
11.1145
11.1939
11.2152
11.2794
11.1061
10.8941
10.8941
11.1061
11.2794
11.2152
11.1939
11.2647
11.2779
11.1061
10.8191
10.3772
10.3772
10.8191
11.1061
11.2779
11.2647
11.3567
11.2199
10.8941
10.3772
10.7016
10.7016
10.3771
10.8941
11.2199
11.3567
11.3567
11.2199
10.8941
10.3772
10.7016
10.7015
10.3771
10.8941
11.2199
11.3567
11.2647
11.2779
11.1061
10.8191
10.3771
10.3771
10.8191
11.1061
11.2779
11.2647
11.1939
11.2152
11.2794
11.1061
10.8941
10.8941
11.1061
11.2793
11.2152
11.1939
11.1145
11.152
11.2152
11.2779
11.2199
11.2199
11.2779
11.2152
11.152
11.1145
11.0782
11.1145
11.1939
11.2647
11.3567
11.3567
11.2647
11.1939
11.1145
11.0782
)
;
    }
}


// ************************************************************************* //
