/*--------------------------------*- C++ -*----------------------------------*\
| =========                 |                                                 |
| \\      /  F ield         | OpenFOAM: The Open Source CFD Toolbox           |
|  \\    /   O peration     | Version:  2412                                  |
|   \\  /    A nd           | Website:  www.openfoam.com                      |
|    \\/     M anipulation  |                                                 |
\*---------------------------------------------------------------------------*/
FoamFile
{
    version     2.0;
    format      ascii;
    arch        "LSB;label=32;scalar=64";
    class       surfaceScalarField;
    location    "0.32";
    object      phi;
}
// * * * * * * * * * * * * * * * * * * * * * * * * * * * * * * * * * * * * * //

dimensions      [0 3 -1 0 0 0 0];

oriented        oriented;

internalField   nonuniform List<scalar> 
2700
(
-3.91144e-05
-3.91144e-05
7.82289e-05
-6.64186e-05
-4.51232e-05
7.24274e-05
-7.13134e-05
-5.62339e-05
6.11287e-05
-4.84428e-05
-6.99902e-05
4.71195e-05
-9.45149e-11
-8.25516e-05
3.41089e-05
4.84426e-05
-8.25515e-05
3.41089e-05
7.13133e-05
-6.99902e-05
4.71195e-05
6.64186e-05
-5.6234e-05
6.11287e-05
3.91144e-05
-4.51233e-05
7.24274e-05
-3.91145e-05
7.82289e-05
-4.51232e-05
-6.64186e-05
7.24274e-05
-7.72042e-05
-7.72042e-05
6.4162e-05
-8.43489e-05
-9.76368e-05
4.85476e-05
-5.86212e-05
-0.000123391
2.76734e-05
-1.09718e-10
-0.000147632
6.45959e-06
5.8621e-05
-0.000147632
6.45965e-06
8.43487e-05
-0.000123391
2.76734e-05
7.72041e-05
-9.7637e-05
4.85476e-05
4.51232e-05
-7.72044e-05
6.4162e-05
-6.64188e-05
7.24274e-05
-5.62339e-05
-7.13134e-05
6.11287e-05
-9.76368e-05
-8.43489e-05
4.85476e-05
-0.000109623
-0.000109623
2.39724e-05
-7.85776e-05
-0.00014295
-1.14868e-05
-1.40655e-10
-0.000176227
-4.9983e-05
7.85772e-05
-0.000176227
-4.99829e-05
0.000109623
-0.00014295
-1.14869e-05
9.76367e-05
-0.000109623
2.39724e-05
5.62339e-05
-8.43491e-05
4.85476e-05
-7.13136e-05
6.11287e-05
-6.99902e-05
-4.84428e-05
4.71195e-05
-0.000123391
-5.86212e-05
2.76734e-05
-0.00014295
-7.85776e-05
-1.14868e-05
-0.000106509
-0.000106509
-7.28814e-05
-1.81627e-10
-0.000135318
-0.000147418
0.000106509
-0.000135318
-0.000147418
0.00014295
-0.000106509
-7.28817e-05
0.000123391
-7.85778e-05
-1.1487e-05
6.99902e-05
-5.86214e-05
2.76733e-05
-4.84429e-05
4.71195e-05
-8.25516e-05
-8.6858e-11
3.41089e-05
-0.000147632
-1.01629e-10
6.4596e-06
-0.000176227
-1.31984e-10
-4.9983e-05
-0.000135318
-1.72289e-10
-0.000147418
-2.26751e-10
-2.16743e-10
-0.000270635
0.000135317
-2.1635e-10
-0.000270635
0.000176227
-1.66868e-10
-0.000147419
0.000147632
-1.2544e-10
-4.99834e-05
8.25516e-05
-9.48898e-11
6.45939e-06
-7.9872e-11
3.41088e-05
-8.25516e-05
4.84426e-05
3.41089e-05
-0.000147632
5.8621e-05
6.45965e-06
-0.000176227
7.85773e-05
-4.99829e-05
-0.000135318
0.000106509
-0.000147418
-2.2643e-10
0.000135317
-0.000270635
0.000135317
0.000135317
-0.000270634
0.000176227
0.000106509
-0.000147419
0.000147632
7.85775e-05
-4.99833e-05
8.25516e-05
5.86211e-05
6.45944e-06
4.84427e-05
3.41088e-05
-6.99902e-05
7.13133e-05
4.71195e-05
-0.000123391
8.43487e-05
2.76734e-05
-0.00014295
0.000109623
-1.14869e-05
-0.000106509
0.00014295
-7.28817e-05
-1.76099e-10
0.000176227
-0.000147419
0.000106509
0.000176227
-0.000147419
0.00014295
0.00014295
-7.28821e-05
0.000123391
0.000109623
-1.14871e-05
6.99903e-05
8.43489e-05
2.76733e-05
7.13135e-05
4.71195e-05
-5.6234e-05
6.64186e-05
6.11287e-05
-9.7637e-05
7.72041e-05
4.85476e-05
-0.000109623
9.76367e-05
2.39724e-05
-7.85778e-05
0.000123391
-1.1487e-05
-1.34197e-10
0.000147632
-4.99834e-05
7.85775e-05
0.000147632
-4.99833e-05
0.000109623
0.000123391
-1.14871e-05
9.76369e-05
9.76369e-05
2.39723e-05
5.62339e-05
7.72043e-05
4.85476e-05
6.64187e-05
6.11287e-05
-4.51233e-05
3.91144e-05
7.24274e-05
-7.72044e-05
4.51232e-05
6.4162e-05
-8.43491e-05
5.62339e-05
4.85476e-05
-5.86214e-05
6.99902e-05
2.76733e-05
-1.02886e-10
8.25516e-05
6.45939e-06
5.86211e-05
8.25516e-05
6.45944e-06
8.43489e-05
6.99903e-05
2.76733e-05
7.72043e-05
5.62339e-05
4.85476e-05
4.51233e-05
4.51233e-05
6.4162e-05
3.91145e-05
7.24275e-05
-3.91145e-05
7.82289e-05
-6.64188e-05
7.24274e-05
-7.13136e-05
6.11287e-05
-4.84429e-05
4.71195e-05
-8.75935e-11
3.41088e-05
4.84427e-05
3.41088e-05
7.13135e-05
4.71195e-05
6.64187e-05
6.11287e-05
3.91145e-05
7.24275e-05
7.8229e-05
-4.10951e-05
-4.10951e-05
0.000160419
-6.9594e-05
-4.76861e-05
0.000148612
-7.49386e-05
-5.98615e-05
0.000126335
-5.1274e-05
-7.52296e-05
9.86845e-05
-9.27242e-11
-8.96212e-05
7.24562e-05
5.12738e-05
-8.96212e-05
7.24562e-05
7.49384e-05
-7.52297e-05
9.86845e-05
6.95939e-05
-5.98616e-05
0.000126335
4.10951e-05
-4.76862e-05
0.000148612
-4.10952e-05
0.000160419
-4.76861e-05
-6.9594e-05
0.000148612
-8.16304e-05
-8.16304e-05
0.000132051
-8.96395e-05
-0.000104277
0.000100973
-6.28211e-05
-0.000133786
5.94114e-05
-1.08084e-10
-0.000162596
1.66136e-05
6.28208e-05
-0.000162596
1.66137e-05
8.96394e-05
-0.000133786
5.94113e-05
8.16303e-05
-0.000104278
0.000100973
4.76861e-05
-8.16306e-05
0.000132051
-6.95941e-05
0.000148612
-5.98615e-05
-7.49386e-05
0.000126335
-0.000104277
-8.96395e-05
0.000100973
-0.00011817
-0.00011817
5.1758e-05
-8.58027e-05
-0.000157762
-1.98781e-05
-1.40699e-10
-0.000199275
-9.91071e-05
8.58022e-05
-0.000199275
-9.91069e-05
0.00011817
-0.000157763
-1.98784e-05
0.000104277
-0.00011817
5.17579e-05
5.98615e-05
-8.96397e-05
0.000100973
-7.49388e-05
0.000126335
-7.52296e-05
-5.1274e-05
9.86845e-05
-0.000133786
-6.28211e-05
5.94114e-05
-0.000157762
-8.58027e-05
-1.98781e-05
-0.000120013
-0.000120013
-0.000148381
-1.88084e-10
-0.000157134
-0.000309571
0.000120012
-0.000157134
-0.000309571
0.000157762
-0.000120013
-0.000148381
0.000133786
-8.58029e-05
-1.98785e-05
7.52296e-05
-6.28213e-05
5.94112e-05
-5.12741e-05
9.86845e-05
-8.96212e-05
-8.52086e-11
7.24562e-05
-0.000162596
-1.00137e-10
1.66136e-05
-0.000199275
-1.31965e-10
-9.91071e-05
-0.000157134
-1.78415e-10
-0.000309571
-2.45979e-10
-2.35317e-10
-0.000584902
0.000157133
-2.3417e-10
-0.000584901
0.000199274
-1.71834e-10
-0.000309573
0.000162596
-1.2547e-10
-9.9108e-05
8.96212e-05
-9.31153e-11
1.66131e-05
-7.78999e-11
7.2456e-05
-8.96212e-05
5.12738e-05
7.24562e-05
-0.000162596
6.28208e-05
1.66137e-05
-0.000199275
8.58023e-05
-9.91069e-05
-0.000157134
0.000120012
-0.000309571
-2.44879e-10
0.000157133
-0.000584901
0.000157133
0.000157133
-0.0005849
0.000199274
0.000120012
-0.000309573
0.000162596
8.58025e-05
-9.91078e-05
8.96212e-05
6.2821e-05
1.66133e-05
5.12739e-05
7.24561e-05
-7.52297e-05
7.49384e-05
9.86845e-05
-0.000133786
8.96394e-05
5.94113e-05
-0.000157763
0.00011817
-1.98784e-05
-0.000120013
0.000157762
-0.000148381
-1.81401e-10
0.000199274
-0.000309573
0.000120012
0.000199274
-0.000309573
0.000157762
0.000157762
-0.000148382
0.000133786
0.00011817
-1.98787e-05
7.52297e-05
8.96396e-05
5.94112e-05
7.49386e-05
9.86845e-05
-5.98616e-05
6.95939e-05
0.000126335
-0.000104278
8.16303e-05
0.000100973
-0.00011817
0.000104277
5.17579e-05
-8.58029e-05
0.000133786
-1.98785e-05
-1.34283e-10
0.000162596
-9.9108e-05
8.58025e-05
0.000162596
-9.91078e-05
0.00011817
0.000133786
-1.98787e-05
0.000104278
0.000104278
5.17578e-05
5.98616e-05
8.16305e-05
0.000100973
6.9594e-05
0.000126335
-4.76862e-05
4.10951e-05
0.000148612
-8.16306e-05
4.76861e-05
0.000132051
-8.96397e-05
5.98615e-05
0.000100973
-6.28213e-05
7.52296e-05
5.94112e-05
-1.00969e-10
8.96212e-05
1.66132e-05
6.2821e-05
8.96212e-05
1.66133e-05
8.96396e-05
7.52297e-05
5.94112e-05
8.16305e-05
5.98616e-05
0.000100973
4.76862e-05
4.76862e-05
0.000132051
4.10952e-05
0.000148613
-4.10952e-05
0.000160419
-6.95941e-05
0.000148612
-7.49388e-05
0.000126335
-5.12741e-05
9.86845e-05
-8.54694e-11
7.2456e-05
5.12739e-05
7.24561e-05
7.49386e-05
9.86845e-05
6.9594e-05
0.000126335
4.10952e-05
0.000148613
0.000160419
-4.38011e-05
-4.38011e-05
0.000248021
-7.47228e-05
-5.15208e-05
0.000231055
-8.13913e-05
-6.59207e-05
0.000198924
-5.63734e-05
-8.48772e-05
0.000158544
-8.71374e-11
-0.00010356
0.000119643
5.63732e-05
-0.00010356
0.000119643
8.13912e-05
-8.48773e-05
0.000158544
7.47227e-05
-6.59208e-05
0.000198924
4.38011e-05
-5.15209e-05
0.000231055
-4.38012e-05
0.000248022
-5.15208e-05
-7.47228e-05
0.000231055
-8.89366e-05
-8.89366e-05
0.000206882
-9.93155e-05
-0.000116257
0.000161688
-7.09688e-05
-0.000153675
9.98622e-05
-1.03726e-10
-0.000192474
3.45582e-05
7.09685e-05
-0.000192474
3.45584e-05
9.93154e-05
-0.000153675
9.98622e-05
8.89365e-05
-0.000116257
0.000161688
5.15208e-05
-8.89368e-05
0.000206882
-7.4723e-05
0.000231055
-6.59207e-05
-8.13913e-05
0.000198924
-0.000116257
-9.93155e-05
0.000161688
-0.000135021
-0.000135021
8.92853e-05
-0.000100627
-0.000188109
-1.98379e-05
-1.41453e-10
-0.000248218
-0.000143989
0.000100626
-0.000248218
-0.000143989
0.000135021
-0.000188109
-1.98383e-05
0.000116257
-0.000135021
8.92851e-05
6.59207e-05
-9.93158e-05
0.000161688
-8.13915e-05
0.000198924
-8.48772e-05
-5.63734e-05
0.000158544
-0.000153675
-7.09688e-05
9.98623e-05
-0.000188109
-0.000100627
-1.98379e-05
-0.000148911
-0.000148911
-0.000226777
-1.99153e-10
-0.000205397
-0.000501303
0.00014891
-0.000205396
-0.000501303
0.000188109
-0.000148911
-0.000226778
0.000153675
-0.000100627
-1.98385e-05
8.48772e-05
-7.0969e-05
9.9862e-05
-5.63736e-05
0.000158544
-0.00010356
-7.83047e-11
0.000119643
-0.000192474
-9.44679e-11
3.45582e-05
-0.000248218
-1.31468e-10
-0.000143989
-0.000205397
-1.88432e-10
-0.000501303
-2.8793e-10
-2.7616e-10
-0.000995694
0.000205395
-2.75182e-10
-0.000995693
0.000248218
-1.80918e-10
-0.000501307
0.000192474
-1.22927e-10
-0.000143991
0.000103561
-8.68863e-11
3.45576e-05
-7.06499e-11
0.000119643
-0.00010356
5.63732e-05
0.000119643
-0.000192474
7.09685e-05
3.45584e-05
-0.000248218
0.000100626
-0.000143989
-0.000205396
0.00014891
-0.000501303
-2.87026e-10
0.000205396
-0.000995693
0.000205395
0.000205395
-0.000995691
0.000248218
0.00014891
-0.000501306
0.000192474
0.000100627
-0.000143991
0.00010356
7.09688e-05
3.45578e-05
5.63734e-05
0.000119643
-8.48773e-05
8.13912e-05
0.000158544
-0.000153675
9.93154e-05
9.98622e-05
-0.000188109
0.000135021
-1.98383e-05
-0.000148911
0.000188109
-0.000226778
-1.91476e-10
0.000248218
-0.000501307
0.00014891
0.000248218
-0.000501306
0.000188109
0.000188109
-0.000226779
0.000153675
0.000135021
-1.98388e-05
8.48774e-05
9.93156e-05
9.9862e-05
8.13914e-05
0.000158544
-6.59208e-05
7.47227e-05
0.000198924
-0.000116257
8.89365e-05
0.000161688
-0.000135021
0.000116257
8.92851e-05
-0.000100627
0.000153675
-1.98385e-05
-1.32955e-10
0.000192474
-0.000143991
0.000100627
0.000192474
-0.000143991
0.000135021
0.000153675
-1.98388e-05
0.000116257
0.000116257
8.9285e-05
6.59208e-05
8.89367e-05
0.000161688
7.47229e-05
0.000198924
-5.15209e-05
4.38011e-05
0.000231055
-8.89368e-05
5.15208e-05
0.000206882
-9.93158e-05
6.59207e-05
0.000161688
-7.0969e-05
8.48772e-05
9.98621e-05
-9.59994e-11
0.000103561
3.45576e-05
7.09687e-05
0.00010356
3.45578e-05
9.93156e-05
8.48774e-05
9.9862e-05
8.89367e-05
6.59208e-05
0.000161688
5.15209e-05
5.15209e-05
0.000206882
4.38012e-05
0.000231055
-4.38012e-05
0.000248022
-7.4723e-05
0.000231055
-8.13915e-05
0.000198924
-5.63736e-05
0.000158544
-7.95585e-11
0.000119643
5.63734e-05
0.000119643
8.13914e-05
0.000158544
7.47229e-05
0.000198924
4.38012e-05
0.000231055
0.000248022
-4.79548e-05
-4.79548e-05
0.000343931
-8.23465e-05
-5.73618e-05
0.000322808
-9.09431e-05
-7.5119e-05
0.00028264
-6.40133e-05
-9.96354e-05
0.000231249
-7.91515e-11
-0.000125143
0.000180773
6.40131e-05
-0.000125143
0.000180773
9.0943e-05
-9.96355e-05
0.000231249
8.23464e-05
-7.51191e-05
0.00028264
4.79548e-05
-5.73619e-05
0.000322808
-4.79549e-05
0.000343931
-5.73618e-05
-8.23465e-05
0.000322808
-9.99489e-05
-9.99489e-05
0.000292056
-0.000113992
-0.000134347
0.00023496
-8.34271e-05
-0.000184499
0.00015416
-9.72565e-11
-0.000240196
6.6185e-05
8.34268e-05
-0.000240196
6.61852e-05
0.000113992
-0.000184499
0.00015416
9.99488e-05
-0.000134348
0.00023496
5.73618e-05
-9.99491e-05
0.000292056
-8.23466e-05
0.000322809
-7.5119e-05
-9.09431e-05
0.00028264
-0.000134347
-0.000113992
0.00023496
-0.000160897
-0.000160897
0.000142384
-0.000123729
-0.000237236
-4.26877e-06
-1.40162e-10
-0.000331345
-0.000176569
0.000123728
-0.000331345
-0.000176569
0.000160897
-0.000237237
-4.26921e-06
0.000134347
-0.000160897
0.000142384
7.5119e-05
-0.000113993
0.00023496
-9.09434e-05
0.00028264
-9.96354e-05
-6.40133e-05
0.000231249
-0.000184499
-8.34271e-05
0.00015416
-0.000237236
-0.000123729
-4.26877e-06
-0.000197333
-0.000197333
-0.000306582
-2.20647e-10
-0.000290789
-0.000739193
0.000197333
-0.000290789
-0.000739192
0.000237236
-0.000197334
-0.000306583
0.000184499
-0.000123729
-4.26952e-06
9.96355e-05
-8.34274e-05
0.00015416
-6.40135e-05
0.000231249
-0.000125143
-7.16705e-11
0.000180773
-0.000240196
-8.93039e-11
6.6185e-05
-0.000331345
-1.30843e-10
-0.000176569
-0.000290789
-2.09904e-10
-0.000739193
-3.77369e-10
-3.64915e-10
-0.00157727
0.000290787
-3.62434e-10
-0.00157727
0.000331345
-1.9962e-10
-0.000739198
0.000240197
-1.21648e-10
-0.000176572
0.000125143
-8.06451e-11
6.61842e-05
-6.31603e-11
0.000180772
-0.000125143
6.40131e-05
0.000180773
-0.000240196
8.34268e-05
6.61852e-05
-0.000331345
0.000123728
-0.000176569
-0.000290789
0.000197333
-0.000739192
-3.7491e-10
0.000290787
-0.00157727
0.000290787
0.000290787
-0.00157727
0.000331345
0.000197333
-0.000739197
0.000240197
0.000123729
-0.000176571
0.000125143
8.34271e-05
6.61844e-05
6.40133e-05
0.000180772
-9.96355e-05
9.0943e-05
0.000231249
-0.000184499
0.000113992
0.00015416
-0.000237237
0.000160897
-4.26919e-06
-0.000197334
0.000237236
-0.000306583
-2.10249e-10
0.000331345
-0.000739198
0.000197333
0.000331345
-0.000739197
0.000237236
0.000237236
-0.000306585
0.000184499
0.000160897
-4.26987e-06
9.96356e-05
0.000113992
0.00015416
9.09432e-05
0.00023125
-7.51191e-05
8.23464e-05
0.00028264
-0.000134348
9.99488e-05
0.00023496
-0.000160897
0.000134347
0.000142384
-0.000123729
0.000184499
-4.2695e-06
-1.31002e-10
0.000240197
-0.000176572
0.000123729
0.000240197
-0.000176571
0.000160897
0.000184499
-4.26986e-06
0.000134348
0.000134348
0.000142384
7.51191e-05
9.99491e-05
0.00023496
8.23466e-05
0.00028264
-5.73619e-05
4.79548e-05
0.000322809
-9.99491e-05
5.73618e-05
0.000292056
-0.000113993
7.5119e-05
0.00023496
-8.34274e-05
9.96355e-05
0.00015416
-8.84482e-11
0.000125143
6.61842e-05
8.34271e-05
0.000125143
6.61844e-05
0.000113992
9.96356e-05
0.00015416
9.9949e-05
7.51191e-05
0.00023496
5.73619e-05
5.73619e-05
0.000292057
4.79549e-05
0.000322809
-4.79549e-05
0.000343931
-8.23466e-05
0.000322809
-9.09434e-05
0.00028264
-6.40135e-05
0.000231249
-7.06977e-11
0.000180772
6.40133e-05
0.000180772
9.09432e-05
0.00023125
8.23466e-05
0.00028264
4.79549e-05
0.000322809
0.000343932
-5.31714e-05
-5.31714e-05
0.000450274
-9.19233e-05
-6.4744e-05
0.000426304
-0.000103072
-8.69013e-05
0.000380689
-7.38378e-05
-0.000119213
0.000321229
-6.62837e-11
-0.000154611
0.000261546
7.38376e-05
-0.000154611
0.000261546
0.000103072
-0.000119213
0.000321229
9.19233e-05
-8.69015e-05
0.000380689
5.31714e-05
-6.47441e-05
0.000426304
-5.31715e-05
0.000450274
-6.4744e-05
-9.19233e-05
0.000426304
-0.000114055
-0.000114055
0.000390678
-0.000133269
-0.000157963
0.000325236
-0.000100087
-0.000226913
0.000228677
-8.51434e-11
-0.000309113
0.000120601
0.000100086
-0.000309113
0.000120601
0.000133269
-0.000226913
0.000228677
0.000114055
-0.000157964
0.000325236
6.4744e-05
-0.000114055
0.000390678
-9.19235e-05
0.000426304
-8.69013e-05
-0.000103072
0.000380689
-0.000157963
-0.000133269
0.000325236
-0.000195903
-0.000195903
0.000218263
-0.000155467
-0.000309504
3.78873e-05
-1.37136e-10
-0.000463061
-0.000178089
0.000155467
-0.000463061
-0.000178088
0.000195902
-0.000309505
3.7887e-05
0.000157963
-0.000195903
0.000218263
8.69014e-05
-0.00013327
0.000325236
-0.000103072
0.00038069
-0.000119213
-7.38378e-05
0.000321229
-0.000226913
-0.000100087
0.000228677
-0.000309504
-0.000155467
3.78873e-05
-0.000272788
-0.000272788
-0.000380014
-2.55164e-10
-0.000444877
-0.00103017
0.000272787
-0.000444876
-0.00103016
0.000309504
-0.00027279
-0.000380016
0.000226913
-0.000155468
3.78865e-05
0.000119213
-0.000100087
0.000228677
-7.38381e-05
0.000321229
-0.000154611
-5.64941e-11
0.000261546
-0.000309113
-7.48096e-11
0.000120601
-0.000463061
-1.25627e-10
-0.000178089
-0.000444877
-2.43108e-10
-0.00103017
-5.91683e-10
-5.80437e-10
-0.00246702
0.000444874
-5.76704e-10
-0.00246702
0.000463061
-2.29933e-10
-0.00103017
0.000309114
-1.12191e-10
-0.000178092
0.000154611
-6.54418e-11
0.0001206
-4.72505e-11
0.000261546
-0.000154611
7.38376e-05
0.000261546
-0.000309113
0.000100086
0.000120601
-0.000463061
0.000155467
-0.000178088
-0.000444876
0.000272787
-0.00103016
-5.88061e-10
0.000444874
-0.00246702
0.000444874
0.000444874
-0.00246702
0.000463061
0.000272789
-0.00103017
0.000309114
0.000155467
-0.000178092
0.000154611
0.000100087
0.0001206
7.38379e-05
0.000261546
-0.000119213
0.000103072
0.000321229
-0.000226913
0.000133269
0.000228677
-0.000309505
0.000195902
3.7887e-05
-0.00027279
0.000309504
-0.000380016
-2.41786e-10
0.000463061
-0.00103017
0.000272789
0.000463061
-0.00103017
0.000309505
0.000309505
-0.000380018
0.000226913
0.000195903
3.78863e-05
0.000119214
0.000133269
0.000228677
0.000103072
0.000321229
-8.69015e-05
9.19233e-05
0.000380689
-0.000157964
0.000114055
0.000325236
-0.000195903
0.000157963
0.000218263
-0.000155468
0.000226913
3.78865e-05
-1.23697e-10
0.000309114
-0.000178092
0.000155467
0.000309114
-0.000178092
0.000195903
0.000226913
3.78863e-05
0.000157964
0.000157964
0.000218263
8.69015e-05
0.000114055
0.000325236
9.19235e-05
0.00038069
-6.47441e-05
5.31714e-05
0.000426304
-0.000114055
6.4744e-05
0.000390678
-0.00013327
8.69014e-05
0.000325236
-0.000100087
0.000119213
0.000228677
-7.55662e-11
0.000154611
0.0001206
0.000100087
0.000154611
0.0001206
0.000133269
0.000119214
0.000228677
0.000114055
8.69015e-05
0.000325236
6.47441e-05
6.47441e-05
0.000390679
5.31715e-05
0.000426305
-5.31715e-05
0.000450274
-9.19235e-05
0.000426304
-0.000103072
0.00038069
-7.38381e-05
0.000321229
-5.71507e-11
0.000261546
7.38379e-05
0.000261546
0.000103072
0.000321229
9.19235e-05
0.00038069
5.31715e-05
0.000426305
0.000450275
-5.91391e-05
-5.91391e-05
0.000568552
-0.000102928
-7.32841e-05
0.000543377
-0.000117152
-0.000100608
0.000495522
-8.53023e-05
-0.000142985
0.000432364
-4.94692e-11
-0.000191575
0.000367818
8.53021e-05
-0.000191575
0.000367818
0.000117152
-0.000142985
0.000432365
0.000102928
-0.000100608
0.000495522
5.91391e-05
-7.32842e-05
0.000543377
-5.91392e-05
0.000568553
-7.32841e-05
-0.000102928
0.000543377
-0.000130534
-0.000130534
0.000505177
-0.000156438
-0.000186087
0.00043662
-0.00012043
-0.000281162
0.000330846
-6.86447e-11
-0.000403132
0.000211728
0.00012043
-0.000403132
0.000211728
0.000156438
-0.000281163
0.000330846
0.000130534
-0.000186087
0.00043662
7.32841e-05
-0.000130534
0.000505178
-0.000102928
0.000543377
-0.000100608
-0.000117152
0.000495522
-0.000186087
-0.000156438
0.00043662
-0.000239172
-0.000239172
0.000324434
-0.000195161
-0.000410963
0.000123677
-1.25935e-10
-0.000669288
-0.000107093
0.00019516
-0.000669288
-0.000107092
0.000239172
-0.000410965
0.000123677
0.000186087
-0.000239173
0.000324434
0.000100608
-0.000156439
0.00043662
-0.000117152
0.000495522
-0.000142985
-8.53023e-05
0.000432364
-0.000281162
-0.00012043
0.000330846
-0.000410963
-0.000195161
0.000123677
-0.000389553
-0.000389553
-0.000422834
-3.41042e-10
-0.000700937
-0.00138807
0.000389552
-0.000700937
-0.00138807
0.000410963
-0.000389556
-0.000422836
0.000281163
-0.000195162
0.000123676
0.000142985
-0.000120431
0.000330846
-8.53026e-05
0.000432365
-0.000191575
-4.17758e-11
0.000367818
-0.000403132
-6.03388e-11
0.000211728
-0.000669288
-1.15418e-10
-0.000107093
-0.000700937
-3.30789e-10
-0.00138807
-1.12202e-09
-1.11929e-09
-0.0038689
0.000700934
-1.10981e-09
-0.00386889
0.000669289
-3.10629e-10
-0.00138809
0.000403133
-9.89462e-11
-0.000107098
0.000191575
-4.9107e-11
0.000211727
-3.14331e-11
0.000367818
-0.000191574
8.53021e-05
0.000367818
-0.000403132
0.00012043
0.000211728
-0.000669288
0.00019516
-0.000107092
-0.000700937
0.000389552
-0.00138807
-1.11265e-09
0.000700934
-0.00386889
0.000700933
0.000700933
-0.00386888
0.000669289
0.000389554
-0.00138808
0.000403133
0.000195161
-0.000107098
0.000191575
0.00012043
0.000211728
8.53024e-05
0.000367818
-0.000142985
0.000117152
0.000432365
-0.000281163
0.000156438
0.000330846
-0.000410965
0.000239172
0.000123677
-0.000389556
0.000410963
-0.000422836
-3.20752e-10
0.000669289
-0.00138809
0.000389554
0.000669289
-0.00138808
0.000410965
0.000410965
-0.000422839
0.000281163
0.000239173
0.000123676
0.000142985
0.000156439
0.000330847
0.000117152
0.000432365
-0.000100608
0.000102928
0.000495522
-0.000186087
0.000130534
0.00043662
-0.000239173
0.000186087
0.000324434
-0.000195162
0.000281163
0.000123676
-1.09425e-10
0.000403133
-0.000107098
0.000195161
0.000403133
-0.000107098
0.000239173
0.000281163
0.000123676
0.000186087
0.000186087
0.000324434
0.000100608
0.000130534
0.00043662
0.000102928
0.000495522
-7.32842e-05
5.91391e-05
0.000543377
-0.000130534
7.32841e-05
0.000505178
-0.000156439
0.000100608
0.00043662
-0.000120431
0.000142985
0.000330846
-5.71172e-11
0.000191575
0.000211727
0.00012043
0.000191575
0.000211728
0.000156439
0.000142985
0.000330847
0.000130534
0.000100608
0.00043662
7.32842e-05
7.32842e-05
0.000505178
5.91392e-05
0.000543378
-5.91392e-05
0.000568553
-0.000102928
0.000543377
-0.000117152
0.000495522
-8.53026e-05
0.000432365
-3.91564e-11
0.000367818
8.53024e-05
0.000367818
0.000117152
0.000432365
0.000102928
0.000495522
5.91392e-05
0.000543378
0.000568553
-6.54341e-05
-6.54341e-05
0.00069942
-0.000114566
-8.23453e-05
0.000674854
-0.000132157
-0.000115137
0.00062825
-9.74971e-05
-0.000169317
0.000567021
-2.58167e-11
-0.000233669
0.00050399
9.74969e-05
-0.000233669
0.00050399
0.000132157
-0.000169318
0.000567022
0.000114566
-0.000115138
0.000628251
6.54341e-05
-8.23454e-05
0.000674855
-6.54342e-05
0.000699421
-8.23453e-05
-0.000114566
0.000674854
-0.000148211
-0.000148211
0.000636909
-0.000181929
-0.000216606
0.000571806
-0.000142737
-0.000345868
0.000468204
-4.03428e-11
-0.000526657
0.000361979
0.000142737
-0.000526656
0.000361979
0.000181929
-0.000345868
0.000468205
0.000148211
-0.000216607
0.000571807
8.23453e-05
-0.000148211
0.000636909
-0.000114566
0.000674855
-0.000115137
-0.000132157
0.00062825
-0.000216606
-0.000181929
0.000571806
-0.000287479
-0.000287479
0.00046618
-0.00024202
-0.000545774
0.000278123
-1.12268e-10
-0.000956098
8.03287e-05
0.000242019
-0.000956097
8.03293e-05
0.000287479
-0.000545776
0.000278124
0.000216607
-0.00028748
0.00046618
0.000115138
-0.000181929
0.000571807
-0.000132158
0.000628251
-0.000169317
-9.74971e-05
0.000567021
-0.000345868
-0.000142737
0.000468204
-0.000545774
-0.00024202
0.000278123
-0.000545041
-0.000545041
-0.000424299
-5.21281e-10
-0.000893496
-0.00199571
0.000545039
-0.000893496
-0.00199571
0.000545774
-0.000545047
-0.0004243
0.000345868
-0.000242022
0.000278123
0.000169318
-0.000142737
0.000468205
-9.74974e-05
0.000567022
-0.000233669
-1.63287e-11
0.00050399
-0.000526657
-2.97095e-11
0.000361979
-0.000956098
-9.99498e-11
8.03287e-05
-0.000893496
-5.15594e-10
-0.00199571
-1.64703e-09
-1.65574e-09
-0.00565589
0.000893492
-1.76064e-09
-0.00565588
0.000956101
-4.95775e-10
-0.00199574
0.000526659
-7.44838e-11
8.03223e-05
0.00023367
-1.83011e-11
0.000361979
-6.05931e-12
0.000503991
-0.000233669
9.74969e-05
0.00050399
-0.000526656
0.000142737
0.000361979
-0.000956097
0.000242019
8.03294e-05
-0.000893496
0.000545039
-0.00199571
-1.75213e-09
0.000893492
-0.00565588
0.000893492
0.000893492
-0.00565587
0.0009561
0.000545045
-0.00199574
0.000526659
0.000242021
8.03229e-05
0.00023367
0.000142737
0.000361979
9.74973e-05
0.000503991
-0.000169318
0.000132157
0.000567022
-0.000345868
0.000181929
0.000468205
-0.000545776
0.000287479
0.000278124
-0.000545047
0.000545774
-0.0004243
-5.01291e-10
0.000956101
-0.00199574
0.000545045
0.0009561
-0.00199574
0.000545776
0.000545776
-0.000424301
0.000345869
0.00028748
0.000278124
0.000169318
0.000181929
0.000468206
0.000132158
0.000567022
-0.000115138
0.000114566
0.000628251
-0.000216607
0.000148211
0.000571807
-0.00028748
0.000216607
0.00046618
-0.000242022
0.000345868
0.000278123
-8.65997e-11
0.000526659
8.03224e-05
0.000242021
0.000526659
8.03229e-05
0.00028748
0.000345869
0.000278124
0.000216607
0.000216607
0.000466181
0.000115138
0.000148211
0.000571808
0.000114566
0.000628251
-8.23454e-05
6.54341e-05
0.000674855
-0.000148211
8.23453e-05
0.000636909
-0.000181929
0.000115138
0.000571807
-0.000142738
0.000169318
0.000468205
-2.83126e-11
0.00023367
0.000361979
0.000142737
0.00023367
0.000361979
0.000181929
0.000169318
0.000468206
0.000148211
0.000115138
0.000571808
8.23454e-05
8.23454e-05
0.00063691
6.54342e-05
0.000674855
-6.54342e-05
0.000699421
-0.000114566
0.000674855
-0.000132158
0.000628251
-9.74974e-05
0.000567022
-1.49472e-11
0.000503991
9.74973e-05
0.000503991
0.000132158
0.000567022
0.000114566
0.000628251
6.54342e-05
0.000674855
0.000699421
-7.16038e-05
-7.16038e-05
0.000842628
-0.000125958
-9.11313e-05
0.00082034
-0.000146725
-0.00012889
0.000777907
-0.00010914
-0.000195159
0.000724596
2.21398e-12
-0.000274598
0.000669448
0.00010914
-0.000274598
0.000669448
0.000146725
-0.000195159
0.000724596
0.000125958
-0.00012889
0.000777907
7.16038e-05
-9.11314e-05
0.00082034
-7.16039e-05
0.000842629
-9.11313e-05
-0.000125958
0.00082034
-0.000165429
-0.000165429
0.000785504
-0.000206766
-0.000246107
0.00073036
-0.000163192
-0.000416032
0.000645504
-5.03714e-12
-0.000660073
0.000584262
0.000163192
-0.000660073
0.000584262
0.000206766
-0.000416033
0.000645505
0.000165429
-0.000246108
0.000730361
9.11313e-05
-0.000165429
0.000785505
-0.000125958
0.000820341
-0.00012889
-0.000146725
0.000777907
-0.000246107
-0.000206766
0.00073036
-0.000334647
-0.000334647
0.00064326
-0.000290321
-0.000700826
0.000518591
-8.37724e-11
-0.00114961
0.00027954
0.00029032
-0.0011496
0.000279541
0.000334647
-0.00070083
0.000518595
0.000246107
-0.000334649
0.000643261
0.00012889
-0.000206766
0.000730361
-0.000146725
0.000777908
-0.000195159
-0.00010914
0.000724596
-0.000416032
-0.000163192
0.000645504
-0.000700826
-0.000290321
0.000518591
-0.000663875
-0.000663875
-0.0004982
-4.54475e-10
-0.000764723
-0.00304447
0.000663874
-0.000764722
-0.00304447
0.000700827
-0.000663887
-0.000498196
0.000416033
-0.000290325
0.000518592
0.000195159
-0.000163193
0.000645506
-0.00010914
0.000724597
-0.000274598
1.56089e-11
0.000669448
-0.000660073
6.10574e-12
0.000584262
-0.00114961
-7.52621e-11
0.00027954
-0.000764723
-4.5925e-10
-0.00304447
-3.76029e-10
-3.84805e-10
-0.00718533
0.000764725
-5.95553e-10
-0.00718532
0.00114962
-4.72429e-10
-0.00304452
0.000660079
-4.02143e-11
0.000279538
0.0002746
3.01195e-11
0.000584265
3.25443e-11
0.00066945
-0.000274598
0.00010914
0.000669448
-0.000660073
0.000163192
0.000584262
-0.0011496
0.00029032
0.000279541
-0.000764722
0.000663874
-0.00304447
-5.86523e-10
0.000764725
-0.00718532
0.000764724
0.000764724
-0.00718532
0.00114962
0.000663886
-0.00304452
0.000660079
0.000290324
0.000279539
0.0002746
0.000163193
0.000584266
0.00010914
0.00066945
-0.000195159
0.000146725
0.000724596
-0.000416033
0.000206766
0.000645505
-0.00070083
0.000334647
0.000518595
-0.000663887
0.000700827
-0.000498196
-4.67472e-10
0.00114962
-0.00304452
0.000663886
0.00114962
-0.00304452
0.000700831
0.000700831
-0.000498191
0.000416034
0.000334649
0.000518597
0.00019516
0.000206766
0.000645507
0.000146725
0.000724597
-0.00012889
0.000125958
0.000777907
-0.000246108
0.000165429
0.000730361
-0.000334649
0.000246107
0.000643261
-0.000290325
0.000416033
0.000518592
-4.81245e-11
0.000660079
0.000279538
0.000290324
0.000660079
0.000279539
0.000334649
0.000416034
0.000518597
0.000246108
0.000246108
0.000643263
0.00012889
0.000165429
0.000730362
0.000125958
0.000777908
-9.11314e-05
7.16038e-05
0.00082034
-0.000165429
9.11313e-05
0.000785505
-0.000206766
0.00012889
0.000730361
-0.000163193
0.000195159
0.000645506
1.34664e-11
0.0002746
0.000584265
0.000163193
0.0002746
0.000584266
0.000206766
0.00019516
0.000645507
0.000165429
0.00012889
0.000730362
9.11314e-05
9.11314e-05
0.000785506
7.16039e-05
0.000820341
-7.16039e-05
0.000842629
-0.000125958
0.000820341
-0.000146725
0.000777908
-0.00010914
0.000724597
1.95035e-11
0.00066945
0.00010914
0.00066945
0.000146725
0.000724597
0.000125958
0.000777908
7.16039e-05
0.000820341
0.000842629
-7.72265e-05
-7.72265e-05
0.000997081
-0.000136268
-9.87962e-05
0.000978178
-0.000159418
-0.000140061
0.000941118
-0.000119117
-0.00021616
0.000900455
5.17327e-11
-0.000309223
0.000859553
0.000119117
-0.000309222
0.000859553
0.000159418
-0.00021616
0.000900456
0.000136268
-0.000140061
0.000941118
7.72265e-05
-9.87962e-05
0.000978178
-7.72266e-05
0.000997082
-9.87962e-05
-0.000136268
0.000978178
-0.000180275
-0.000180275
0.000948462
-0.000226988
-0.000270315
0.000907327
-0.000177281
-0.000477974
0.000857612
8.40455e-11
-0.00075482
0.000852577
0.000177281
-0.000754819
0.000852577
0.000226988
-0.000477974
0.000857613
0.000180275
-0.000270316
0.000907328
9.87962e-05
-0.000180275
0.000948463
-0.000136268
0.000978178
-0.000140061
-0.000159418
0.000941118
-0.000270315
-0.000226988
0.000907327
-0.000372657
-0.000372657
0.000847943
-0.000321417
-0.000798536
0.000787913
1.62497e-11
-0.00104594
0.000249249
0.000321416
-0.00104594
0.000249248
0.000372656
-0.000798537
0.000787918
0.000270315
-0.000372659
0.000847945
0.000140061
-0.000226988
0.000907328
-0.000159418
0.000941119
-0.00021616
-0.000119117
0.000900455
-0.000477974
-0.000177281
0.000857612
-0.000798536
-0.000321417
0.000787913
-0.000631035
-0.000631035
-0.000833202
1.99114e-10
-0.000457614
-0.00426384
0.000631038
-0.00045761
-0.00426384
0.000798539
-0.000631038
-0.000833196
0.000477975
-0.00032142
0.000787917
0.00021616
-0.000177282
0.000857614
-0.000119117
0.000900456
-0.000309223
6.69647e-11
0.000859553
-0.00075482
1.00589e-10
0.000852577
-0.00104594
2.44212e-11
0.000249249
-0.000457614
1.83446e-10
-0.00426384
1.20959e-09
1.20181e-09
-0.00810056
0.000457628
1.08949e-09
-0.00810056
0.00104596
1.46903e-10
-0.00426389
0.000754824
8.56931e-11
0.000249255
0.000309224
1.22496e-10
0.000852584
8.2681e-11
0.000859556
-0.000309222
0.000119117
0.000859553
-0.000754819
0.000177281
0.000852577
-0.00104594
0.000321416
0.000249248
-0.00045761
0.000631038
-0.00426384
1.09718e-09
0.000457628
-0.00810056
0.000457625
0.000457625
-0.00810057
0.00104596
0.000631041
-0.00426389
0.000754824
0.00032142
0.000249255
0.000309223
0.000177282
0.000852584
0.000119118
0.000859556
-0.00021616
0.000159418
0.000900456
-0.000477974
0.000226988
0.000857613
-0.000798537
0.000372656
0.000787918
-0.000631038
0.000798539
-0.000833196
1.60989e-10
0.00104596
-0.00426389
0.000631041
0.00104596
-0.00426389
0.000798539
0.000798539
-0.000833189
0.000477975
0.000372658
0.000787923
0.00021616
0.000226988
0.000857616
0.000159418
0.000900457
-0.000140061
0.000136268
0.000941118
-0.000270316
0.000180275
0.000907328
-0.000372659
0.000270315
0.000847945
-0.00032142
0.000477975
0.000787917
7.84724e-11
0.000754824
0.000249255
0.00032142
0.000754824
0.000249255
0.000372658
0.000477975
0.000787923
0.000270316
0.000270316
0.000847947
0.000140061
0.000180275
0.000907329
0.000136268
0.000941119
-9.87962e-05
7.72265e-05
0.000978178
-0.000180275
9.87962e-05
0.000948463
-0.000226988
0.000140061
0.000907328
-0.000177282
0.00021616
0.000857614
1.06789e-10
0.000309224
0.000852584
0.000177282
0.000309223
0.000852584
0.000226988
0.00021616
0.000857616
0.000180275
0.000140061
0.000907329
9.87962e-05
9.87962e-05
0.000948464
7.72266e-05
0.000978179
-7.72266e-05
0.000997082
-0.000136268
0.000978178
-0.000159418
0.000941119
-0.000119117
0.000900456
6.75019e-11
0.000859556
0.000119117
0.000859556
0.000159418
0.000900457
0.000136268
0.000941119
7.72266e-05
0.000978179
0.000997082
-8.20412e-05
-8.20412e-05
-0.000144985
-0.000104701
-0.000169218
-0.000147308
-0.000126842
-0.000227711
9.70235e-11
-0.000324894
0.000126842
-0.000324894
0.000169218
-0.000227711
0.000144985
-0.000147308
8.20412e-05
-0.000104701
-8.20412e-05
-0.000104701
-0.000144985
-0.000191182
-0.000191182
-0.000238539
-0.00028524
-0.00018106
-0.000508261
1.38135e-10
-0.00075359
0.00018106
-0.000753589
0.000238539
-0.000508261
0.000191182
-0.00028524
0.000104701
-0.000191182
-0.000144985
-0.000147308
-0.000169218
-0.00028524
-0.000238539
-0.000390031
-0.000390031
-0.000316582
-0.000769766
1.29621e-10
-0.000739762
0.000316583
-0.000739762
0.00039003
-0.000769761
0.00028524
-0.00039003
0.000147308
-0.000238539
-0.000169218
-0.000227711
-0.000126842
-0.000508261
-0.00018106
-0.000769766
-0.000316582
-0.000468268
-0.000468268
4.54724e-10
-0.000176404
0.000468271
-0.000176403
0.000769766
-0.000468255
0.000508261
-0.00031658
0.000227711
-0.000181059
-0.000126842
-0.000324894
1.10936e-10
-0.00075359
1.51973e-10
-0.000739762
1.31293e-10
-0.000176404
4.43651e-10
5.75356e-10
5.70287e-10
0.000176404
6.12433e-10
0.00073975
3.38682e-10
0.000753584
2.24097e-10
0.000324893
1.78354e-10
1.24416e-10
-0.000324894
0.000126842
-0.000753589
0.00018106
-0.000739762
0.000316583
-0.000176403
0.000468271
6.17298e-10
0.000176404
0.000176403
0.000176403
0.00073975
0.000468256
0.000753584
0.000316581
0.000324893
0.000181059
0.000126842
-0.000227711
0.000169218
-0.000508261
0.000238539
-0.000769761
0.00039003
-0.000468255
0.000769766
3.49615e-10
0.00073975
0.000468256
0.00073975
0.000769759
0.000769759
0.00050826
0.000390029
0.000227711
0.000238539
0.000169218
-0.000147308
0.000144985
-0.00028524
0.000191182
-0.00039003
0.00028524
-0.00031658
0.000508261
2.21914e-10
0.000753584
0.000316581
0.000753584
0.000390029
0.00050826
0.00028524
0.00028524
0.000147308
0.000191182
0.000144985
-0.000104701
8.20412e-05
-0.000191182
0.000104701
-0.000238539
0.000147308
-0.000181059
0.000227711
1.64986e-10
0.000324893
0.000181059
0.000324893
0.000238539
0.000227711
0.000191182
0.000147308
0.000104701
0.000104701
8.20412e-05
-8.20412e-05
-0.000144985
-0.000169218
-0.000126842
1.10422e-10
0.000126842
0.000169218
0.000144985
8.20412e-05
)
;

boundaryField
{
    bottom
    {
        type            calculated;
        value           uniform 0;
    }
    atmosphere
    {
        type            calculated;
        value           nonuniform List<scalar> 0();
    }
    walls
    {
        type            calculated;
        value           uniform 0;
    }
    procBoundary3to2
    {
        type            processor;
        value           nonuniform List<scalar> 
100
(
0.00116116
0.00114582
0.00111266
0.00108579
0.00105761
0.00105761
0.00108579
0.00111266
0.00114582
0.00116116
0.00114582
0.00112143
0.00109262
0.00108068
0.00110021
0.00110021
0.00108068
0.00109262
0.00112143
0.00114582
0.00111266
0.00109262
0.00105752
0.000975969
-8.11611e-05
-8.11622e-05
0.000975972
0.00105753
0.00109262
0.00111266
0.00108579
0.00108068
0.000975969
-0.0014362
-0.00529546
-0.00529546
-0.0014362
0.000975972
0.00108068
0.00108579
0.00105761
0.00110021
-8.11611e-05
-0.00529546
-0.00845337
-0.00845337
-0.0052955
-8.1159e-05
0.00110022
0.00105761
0.00105761
0.00110021
-8.11621e-05
-0.00529546
-0.00845337
-0.00845337
-0.0052955
-8.11594e-05
0.00110022
0.00105761
0.00108579
0.00108068
0.000975972
-0.0014362
-0.0052955
-0.0052955
-0.0014362
0.000975973
0.00108069
0.00108579
0.00111266
0.00109262
0.00105753
0.000975972
-8.11589e-05
-8.11594e-05
0.000975973
0.00105753
0.00109262
0.00111266
0.00114582
0.00112143
0.00109262
0.00108068
0.00110022
0.00110022
0.00108069
0.00109262
0.00112143
0.00114582
0.00116116
0.00114582
0.00111266
0.00108579
0.00105761
0.00105761
0.00108579
0.00111266
0.00114582
0.00116116
)
;
    }
}


// ************************************************************************* //
