/*--------------------------------*- C++ -*----------------------------------*\
| =========                 |                                                 |
| \\      /  F ield         | OpenFOAM: The Open Source CFD Toolbox           |
|  \\    /   O peration     | Version:  2412                                  |
|   \\  /    A nd           | Website:  www.openfoam.com                      |
|    \\/     M anipulation  |                                                 |
\*---------------------------------------------------------------------------*/
FoamFile
{
    version     2.0;
    format      ascii;
    arch        "LSB;label=32;scalar=64";
    class       volScalarField;
    location    "0.43";
    object      p;
}
// * * * * * * * * * * * * * * * * * * * * * * * * * * * * * * * * * * * * * //

dimensions      [1 -1 -2 0 0 0 0];

internalField   nonuniform List<scalar> 
1000
(
2.58547
1.73212
1.47977
0.304782
0.317366
0.317347
0.304762
1.47976
1.73211
2.58546
1.73213
0.883182
0.499095
-1.62728
-1.09751
-1.09753
-1.6273
0.499085
0.883163
1.73211
1.47978
0.499096
0.505694
-0.617359
-0.640837
-0.640836
-0.617372
0.505696
0.49909
1.47977
0.304791
-1.62727
-0.617353
-0.673513
-0.125842
-0.125851
-0.673542
-0.617371
-1.62728
0.304777
0.317377
-1.09747
-0.64083
-0.125843
0.229122
0.229119
-0.125849
-0.640839
-1.09749
0.317362
0.317346
-1.09751
-0.640832
-0.125855
0.229119
0.229117
-0.12586
-0.640839
-1.09752
0.317335
0.30476
-1.62729
-0.617372
-0.673545
-0.125848
-0.125856
-0.673571
-0.617386
-1.6273
0.304752
1.47976
0.499079
0.505692
-0.617379
-0.640847
-0.640844
-0.617388
0.505697
0.499078
1.47975
1.73211
0.883158
0.499086
-1.62729
-1.09752
-1.09754
-1.6273
0.49908
0.883139
1.7321
2.58545
1.73211
1.47976
0.304767
0.31735
0.317334
0.304752
1.47975
1.7321
2.58544
1.9302
1.26472
1.00069
-0.0593289
-0.36304
-0.363067
-0.0593557
1.00068
1.26471
1.93019
1.26472
0.498637
0.157677
-1.89203
-1.65319
-1.65328
-1.89207
0.157659
0.498622
1.26471
1.00069
0.15768
0.104539
-0.595933
-0.767534
-0.767533
-0.595958
0.104533
0.157669
1.00068
-0.0593171
-1.89201
-0.595926
-0.617645
-0.346398
-0.346415
-0.617673
-0.595958
-1.89203
-0.0593318
-0.363022
-1.65312
-0.767526
-0.346401
-0.162575
-0.162578
-0.346405
-0.767535
-1.65315
-0.363039
-0.363068
-1.65327
-0.76753
-0.346423
-0.162579
-0.162581
-0.346425
-0.767537
-1.65328
-0.363078
-0.0593567
-1.89206
-0.595958
-0.617676
-0.346404
-0.346419
-0.617701
-0.595987
-1.89208
-0.0593657
1.00067
0.157654
0.104528
-0.595967
-0.767544
-0.767541
-0.595989
0.104524
0.157647
1.00067
1.26471
0.498619
0.157663
-1.89205
-1.65322
-1.6533
-1.89208
0.15765
0.498605
1.2647
1.93019
1.26471
1.00068
-0.0593445
-0.363057
-0.363079
-0.0593661
1.00067
1.2647
1.93018
1.46537
0.922794
0.655709
-0.302466
-0.783995
-0.784023
-0.302499
0.655696
0.922782
1.46536
0.922796
0.222846
-0.108649
-1.84676
-2.16065
-2.16096
-1.84684
-0.108671
0.222833
0.922787
0.655712
-0.108646
-0.172631
-0.675802
-0.883254
-0.883257
-0.675842
-0.172644
-0.108659
0.655704
-0.302453
-1.84672
-0.675795
-0.496115
-0.633788
-0.633809
-0.496137
-0.67583
-1.84675
-0.302466
-0.783977
-2.16055
-0.883251
-0.633792
-0.4728
-0.472802
-0.633796
-0.883258
-2.16062
-0.783988
-0.784025
-2.16103
-0.883262
-0.633823
-0.472803
-0.472805
-0.633824
-0.883267
-2.16105
-0.78403
-0.302501
-1.84684
-0.675844
-0.496141
-0.633793
-0.633811
-0.496159
-0.675876
-1.84685
-0.302508
0.655694
-0.108678
-0.172648
-0.675839
-0.883262
-0.883263
-0.675876
-0.172659
-0.108686
0.655688
0.92278
0.22283
-0.108664
-1.84679
-2.16072
-2.16098
-1.84685
-0.108682
0.222819
0.922773
1.46536
0.922783
0.655699
-0.30248
-0.784006
-0.78403
-0.302508
0.655688
0.922773
1.46535
1.16565
0.700878
0.434129
-0.414373
-0.954981
-0.955018
-0.414408
0.43412
0.700868
1.16565
0.700879
0.0516026
-0.288819
-1.86335
-2.76439
-2.76475
-1.86348
-0.288831
0.0515928
0.700873
0.43413
-0.288819
-0.383719
-0.8849
-1.10347
-1.10344
-0.884944
-0.383729
-0.288829
0.434125
-0.414362
-1.86332
-0.884895
-0.689682
-0.993835
-0.993838
-0.689696
-0.884904
-1.86335
-0.41437
-0.954968
-2.76434
-1.10348
-0.993844
-0.630927
-0.630925
-0.993844
-1.10347
-2.76442
-0.954976
-0.955028
-2.7649
-1.10345
-0.993853
-0.630926
-0.630923
-0.993852
-1.10344
-2.76492
-0.95503
-0.414411
-1.86351
-0.884947
-0.6897
-0.993835
-0.993838
-0.689709
-0.884954
-1.86352
-0.414415
0.434118
-0.288837
-0.383732
-0.884909
-1.10347
-1.10344
-0.884952
-0.38374
-0.288844
0.434113
0.700867
0.0515902
-0.28883
-1.86338
-2.76446
-2.76477
-1.86349
-0.28884
0.0515821
0.700862
1.16565
0.700871
0.434122
-0.414382
-0.954989
-0.95502
-0.414412
0.434114
0.700862
1.16564
1.00924
0.603576
0.346161
-0.417141
-0.935824
-0.935827
-0.417161
0.346159
0.60357
1.00923
0.603577
0.0117348
-0.372277
-1.85941
-3.13069
-3.13081
-1.85943
-0.37226
0.0117319
0.603575
0.34616
-0.372282
-0.59471
-1.63614
-1.26235
-1.26223
-1.63615
-0.594711
-0.372284
0.346158
-0.417134
-1.8594
-1.63615
-1.71741
-1.38088
-1.38087
-1.7174
-1.63609
-1.8594
-0.417135
-0.935823
-3.13075
-1.26237
-1.3809
-0.667799
-0.667794
-1.38088
-1.26235
-3.13077
-0.935823
-0.935833
-3.13092
-1.26222
-1.38088
-0.667793
-0.667787
-1.38087
-1.2622
-3.13092
-0.935831
-0.417162
-1.85943
-1.63616
-1.71741
-1.38087
-1.38086
-1.7174
-1.6361
-1.85943
-0.417161
0.346159
-0.372255
-0.594712
-1.63609
-1.26232
-1.26222
-1.6361
-0.594713
-0.372259
0.346157
0.60357
0.0117319
-0.37228
-1.85941
-3.13071
-3.13081
-1.85943
-0.372264
0.011729
0.603568
1.00923
0.603575
0.346158
-0.417142
-0.935823
-0.935826
-0.41716
0.346157
0.603569
1.00923
0.975652
0.62358
0.390871
-0.28929
-0.727144
-0.7271
-0.289293
0.390879
0.623579
0.975651
0.623582
0.102047
-0.305934
-1.62456
-2.71651
-2.71584
-1.62447
-0.305881
0.102053
0.623584
0.390869
-0.305942
-0.673145
-2.29896
-1.26745
-1.26729
-2.29894
-0.673145
-0.305932
0.390871
-0.289289
-1.62458
-2.29897
-2.47145
-1.51946
-1.51944
-2.47144
-2.29894
-1.62456
-0.289286
-0.727156
-2.71664
-1.26749
-1.51947
-0.570698
-0.57069
-1.51945
-1.26746
-2.71647
-0.727143
-0.727092
-2.71562
-1.26725
-1.51944
-0.570689
-0.570682
-1.51942
-1.26724
-2.71555
-0.727085
-0.289291
-1.62444
-2.29893
-2.47143
-1.51944
-1.51942
-2.47142
-2.2989
-1.62443
-0.289288
0.390881
-0.305862
-0.673146
-2.29893
-1.26742
-1.26727
-2.2989
-0.673146
-0.30586
0.390881
0.62358
0.102056
-0.305924
-1.62454
-2.71634
-2.71576
-1.62446
-0.305878
0.10206
0.623582
0.975652
0.623586
0.390873
-0.289286
-0.727131
-0.727093
-0.289289
0.390879
0.623583
0.97565
1.04227
0.747223
0.55838
-0.00425907
-0.336382
-0.336297
-0.00425382
0.558391
0.747224
1.04227
0.747224
0.3168
-0.0653215
-1.08011
-1.80225
-1.80175
-1.08004
-0.0652859
0.316807
0.747229
0.558377
-0.0653264
-0.442613
-1.92777
-0.954841
-0.954827
-1.92774
-0.442618
-0.0653176
0.558381
-0.00426057
-1.08013
-1.92778
-2.07344
-1.21669
-1.21669
-2.07345
-1.92778
-1.08013
-0.00425715
-0.336398
-1.80232
-0.954851
-1.2167
-0.38495
-0.384947
-1.21669
-0.954852
-1.80221
-0.336378
-0.336271
-1.80156
-0.954852
-1.21669
-0.384948
-0.384946
-1.21669
-0.954853
-1.80152
-0.336263
-0.0042507
-1.08003
-1.92773
-2.07344
-1.21668
-1.21668
-2.07344
-1.92773
-1.08003
-0.00424871
0.558394
-0.0652719
-0.442619
-1.92777
-0.95484
-0.954827
-1.92774
-0.442623
-0.065269
0.558396
0.747226
0.316811
-0.0653118
-1.0801
-1.80214
-1.8017
-1.08005
-0.0652815
0.316816
0.74723
1.04227
0.747231
0.558384
-0.0042543
-0.336362
-0.336288
-0.00425029
0.558393
0.747231
1.04227
1.18369
0.951113
0.820782
0.401008
0.170012
0.170013
0.401012
0.82079
0.951116
1.18369
0.951113
0.628148
0.322499
-0.318426
-0.732503
-0.732606
-0.318422
0.322497
0.628152
0.951118
0.82078
0.322501
0.0764615
-1.04887
-0.275913
-0.275901
-1.04883
0.0764588
0.322503
0.820784
0.401006
-0.318431
-1.04888
-1.31283
-0.413665
-0.413685
-1.31284
-1.04887
-0.318432
0.401009
0.17001
-0.732474
-0.275917
-0.413664
0.184963
0.184956
-0.41365
-0.275904
-0.732504
0.170008
0.170013
-0.732625
-0.275913
-0.413683
0.184954
0.184948
-0.413671
-0.275902
-0.732642
0.170011
0.401013
-0.318419
-1.04882
-1.31283
-0.41365
-0.413672
-1.31283
-1.04882
-0.318423
0.401015
0.820793
0.322498
0.0764588
-1.04886
-0.275899
-0.275889
-1.04882
0.0764563
0.3225
0.820795
0.951117
0.628155
0.322504
-0.318427
-0.732532
-0.732622
-0.318424
0.322501
0.628158
0.951121
1.1837
0.95112
0.820787
0.401013
0.170011
0.170012
0.401015
0.820793
0.951121
1.1837
1.37173
1.20262
1.1344
0.854275
0.738726
0.73871
0.854284
1.1344
1.20263
1.37173
1.20262
0.990328
0.791842
0.482306
0.372587
0.37245
0.482306
0.791832
0.990332
1.20263
1.1344
0.791846
0.697358
-0.0222999
0.577092
0.577101
-0.0222708
0.697363
0.791848
1.1344
0.854272
0.482306
-0.0223032
-0.237493
0.530085
0.530055
-0.237478
-0.0222909
0.482311
0.854278
0.738728
0.37262
0.577087
0.530088
1.1243
1.12429
0.53011
0.577107
0.372585
0.738725
0.738707
0.37242
0.57711
0.53006
1.12429
1.12428
0.530081
0.577126
0.372402
0.738705
0.854287
0.482308
-0.0222631
-0.237478
0.530108
0.530077
-0.237462
-0.0222533
0.482313
0.854291
1.13441
0.791831
0.697366
-0.0222852
0.577113
0.577118
-0.0222585
0.697369
0.791834
1.13441
1.20263
0.990335
0.791847
0.482313
0.372553
0.372434
0.482312
0.791837
0.990338
1.20263
1.37174
1.20263
1.1344
0.854282
0.738724
0.73871
0.85429
1.13441
1.20263
1.37174
1.57739
1.46705
1.45274
1.29422
1.26392
1.26393
1.29424
1.45275
1.46706
1.5774
1.46705
1.35227
1.25726
1.19029
1.28384
1.2838
1.19031
1.25727
1.35228
1.46705
1.45274
1.25726
1.26558
0.936533
1.37964
1.37963
0.936558
1.26559
1.25727
1.45274
1.29422
1.19029
0.936528
0.838382
1.40672
1.40672
0.838409
0.936543
1.1903
1.29423
1.26392
1.28386
1.37964
1.40672
1.81165
1.81164
1.40674
1.37965
1.28385
1.26393
1.26393
1.28379
1.37962
1.40672
1.81164
1.81164
1.40673
1.37963
1.28379
1.26394
1.29424
1.19032
0.936563
0.83841
1.40674
1.40673
0.838431
0.936575
1.19033
1.29425
1.45275
1.25727
1.26559
0.936549
1.37965
1.37964
0.936571
1.2656
1.25728
1.45275
1.46706
1.35228
1.25727
1.19031
1.28384
1.28381
1.19033
1.25728
1.35229
1.46706
1.5774
1.46706
1.45275
1.29423
1.26393
1.26394
1.29425
1.45275
1.46706
1.5774
)
;

boundaryField
{
    bottom
    {
        type            calculated;
        value           nonuniform List<scalar> 0();
    }
    atmosphere
    {
        type            calculated;
        value           nonuniform List<scalar> 0();
    }
    walls
    {
        type            calculated;
        value           nonuniform List<scalar> 
400
(
2.58547
1.73213
1.47978
0.304791
0.317377
0.317346
0.30476
1.47976
1.73211
2.58545
1.9302
1.26472
1.00069
-0.0593171
-0.363022
-0.363068
-0.0593567
1.00067
1.26471
1.93019
1.46537
0.922796
0.655712
-0.302453
-0.783977
-0.784025
-0.302501
0.655694
0.92278
1.46536
1.16565
0.700879
0.43413
-0.414362
-0.954968
-0.955028
-0.414411
0.434118
0.700867
1.16565
1.00924
0.603577
0.34616
-0.417134
-0.935823
-0.935833
-0.417162
0.346159
0.60357
1.00923
0.975652
0.623582
0.390869
-0.289289
-0.727156
-0.727092
-0.289291
0.390881
0.62358
0.975652
1.04227
0.747224
0.558377
-0.00426057
-0.336398
-0.336271
-0.0042507
0.558394
0.747226
1.04227
1.18369
0.951113
0.82078
0.401006
0.17001
0.170013
0.401013
0.820793
0.951117
1.1837
1.37173
1.20262
1.1344
0.854272
0.738728
0.738707
0.854287
1.13441
1.20263
1.37174
1.57739
1.46705
1.45274
1.29422
1.26392
1.26393
1.29424
1.45275
1.46706
1.5774
2.58546
1.73211
1.47977
0.304777
0.317362
0.317335
0.304752
1.47975
1.7321
2.58544
1.93019
1.26471
1.00068
-0.0593318
-0.363039
-0.363078
-0.0593657
1.00067
1.2647
1.93018
1.46536
0.922787
0.655704
-0.302466
-0.783988
-0.78403
-0.302508
0.655688
0.922773
1.46535
1.16565
0.700873
0.434125
-0.41437
-0.954976
-0.95503
-0.414415
0.434113
0.700862
1.16564
1.00923
0.603575
0.346158
-0.417135
-0.935823
-0.935831
-0.417161
0.346157
0.603568
1.00923
0.975651
0.623584
0.390871
-0.289286
-0.727143
-0.727085
-0.289288
0.390881
0.623582
0.97565
1.04227
0.747229
0.558381
-0.00425715
-0.336378
-0.336263
-0.00424871
0.558396
0.74723
1.04227
1.18369
0.951118
0.820784
0.401009
0.170008
0.170011
0.401015
0.820795
0.951121
1.1837
1.37173
1.20263
1.1344
0.854278
0.738725
0.738705
0.854291
1.13441
1.20263
1.37174
1.5774
1.46705
1.45274
1.29423
1.26393
1.26394
1.29425
1.45275
1.46706
1.5774
2.58547
1.9302
1.46537
1.16565
1.00924
0.975652
1.04227
1.18369
1.37173
1.57739
1.73212
1.26472
0.922794
0.700878
0.603576
0.62358
0.747223
0.951113
1.20262
1.46705
1.47977
1.00069
0.655709
0.434129
0.346161
0.390871
0.55838
0.820782
1.1344
1.45274
0.304782
-0.0593289
-0.302466
-0.414373
-0.417141
-0.28929
-0.00425907
0.401008
0.854275
1.29422
0.317366
-0.36304
-0.783995
-0.954981
-0.935824
-0.727144
-0.336382
0.170012
0.738726
1.26392
0.317347
-0.363067
-0.784023
-0.955018
-0.935827
-0.7271
-0.336297
0.170013
0.73871
1.26393
0.304762
-0.0593557
-0.302499
-0.414408
-0.417161
-0.289293
-0.00425382
0.401012
0.854284
1.29424
1.47976
1.00068
0.655696
0.43412
0.346159
0.390879
0.558391
0.82079
1.1344
1.45275
1.73211
1.26471
0.922782
0.700868
0.60357
0.623579
0.747224
0.951116
1.20263
1.46706
2.58546
1.93019
1.46536
1.16565
1.00923
0.975651
1.04227
1.18369
1.37173
1.5774
2.58545
1.93019
1.46536
1.16565
1.00923
0.975652
1.04227
1.1837
1.37174
1.5774
1.73211
1.26471
0.922783
0.700871
0.603575
0.623586
0.747231
0.95112
1.20263
1.46706
1.47976
1.00068
0.655699
0.434122
0.346158
0.390873
0.558384
0.820787
1.1344
1.45275
0.304767
-0.0593445
-0.30248
-0.414382
-0.417142
-0.289286
-0.0042543
0.401013
0.854282
1.29423
0.31735
-0.363057
-0.784006
-0.954989
-0.935823
-0.727131
-0.336362
0.170011
0.738724
1.26393
0.317334
-0.363079
-0.78403
-0.95502
-0.935826
-0.727093
-0.336288
0.170012
0.73871
1.26394
0.304752
-0.0593661
-0.302508
-0.414412
-0.41716
-0.289289
-0.00425029
0.401015
0.85429
1.29425
1.47975
1.00067
0.655688
0.434114
0.346157
0.390879
0.558393
0.820793
1.13441
1.45275
1.7321
1.2647
0.922773
0.700862
0.603569
0.623583
0.747231
0.951121
1.20263
1.46706
2.58544
1.93018
1.46535
1.16564
1.00923
0.97565
1.04227
1.1837
1.37174
1.5774
)
;
    }
    procBoundary2to0
    {
        type            processor;
        value           nonuniform List<scalar> 
100
(
1.77623
1.7154
1.73921
1.67651
1.68239
1.6824
1.67652
1.73922
1.71541
1.77624
1.7154
1.6759
1.65465
1.74132
1.91603
1.91604
1.74134
1.65466
1.67591
1.71541
1.73921
1.65465
1.71507
1.64451
1.9888
1.9888
1.64454
1.71508
1.65466
1.73922
1.6765
1.74131
1.64451
1.66864
2.07152
2.07153
1.66866
1.64452
1.74133
1.67651
1.68239
1.91603
1.9888
2.07152
2.28383
2.28383
2.07153
1.98881
1.91604
1.6824
1.6824
1.91604
1.9888
2.07153
2.28383
2.28382
2.07153
1.9888
1.91606
1.68241
1.67652
1.74135
1.64454
1.66866
2.07153
2.07154
1.66867
1.64455
1.74136
1.67653
1.73922
1.65467
1.71508
1.64452
1.98881
1.9888
1.64454
1.71509
1.65467
1.73923
1.71541
1.67591
1.65466
1.74133
1.91605
1.91606
1.74135
1.65467
1.67592
1.71542
1.77624
1.71541
1.73922
1.67652
1.6824
1.68241
1.67653
1.73923
1.71542
1.77625
)
;
    }
    procBoundary2to3
    {
        type            processor;
        value           nonuniform List<scalar> 
100
(
3.46872
2.34332
2.06856
0.755997
1.17419
1.17418
0.755979
2.06855
2.34331
3.46871
2.34333
1.37543
0.891831
-1.03232
-0.404512
-0.404524
-1.03234
0.891821
1.37541
2.34332
2.06856
0.891833
1.01486
-0.868183
-0.275252
-0.275254
-0.868189
1.01486
0.891825
2.06855
0.756002
-1.03231
-0.86818
-0.876602
0.0561416
0.0561307
-0.876646
-0.86818
-1.03231
0.755988
1.1742
-0.404501
-0.275247
0.0561401
0.778412
0.77841
0.0561251
-0.275259
-0.404503
1.17418
1.17417
-0.404519
-0.275252
0.0561268
0.77841
0.778408
0.056113
-0.275261
-0.404517
1.17416
0.755976
-1.03235
-0.868191
-0.876649
0.0561254
0.0561155
-0.876692
-0.868186
-1.03234
0.755969
2.06854
0.891818
1.01486
-0.868186
-0.275265
-0.275265
-0.868186
1.01487
0.891813
2.06853
2.34331
1.37541
0.891821
-1.03232
-0.404515
-0.404525
-1.03233
0.891813
1.3754
2.3433
3.46871
2.34331
2.06854
0.755982
1.17418
1.17416
0.75597
2.06853
2.3433
3.4687
)
;
    }
}


// ************************************************************************* //
