/*--------------------------------*- C++ -*----------------------------------*\
| =========                 |                                                 |
| \\      /  F ield         | OpenFOAM: The Open Source CFD Toolbox           |
|  \\    /   O peration     | Version:  2412                                  |
|   \\  /    A nd           | Website:  www.openfoam.com                      |
|    \\/     M anipulation  |                                                 |
\*---------------------------------------------------------------------------*/
FoamFile
{
    version     2.0;
    format      ascii;
    arch        "LSB;label=32;scalar=64";
    class       volScalarField;
    location    "0.43";
    object      p_rgh;
}
// * * * * * * * * * * * * * * * * * * * * * * * * * * * * * * * * * * * * * //

dimensions      [1 -1 -2 0 0 0 0];

internalField   nonuniform List<scalar> 
1000
(
5.1607
4.30946
4.07814
3.06264
3.9628
3.96278
3.06262
4.07813
4.30944
5.16069
4.30946
3.49542
3.38433
3.09727
13.3184
13.3184
3.09724
3.38432
3.4954
4.30945
4.07815
3.38433
4.28699
10.2689
3.54386
3.54386
10.2689
4.28698
3.38432
4.07813
3.06265
3.09728
10.2689
4.91264
3.48271
3.4827
4.91262
10.2689
3.09727
3.06264
3.96281
13.3184
3.54387
3.4827
3.00488
3.00488
3.48271
3.54387
13.3184
3.96279
3.96277
13.3184
3.54386
3.4827
3.00488
3.00488
3.4827
3.54386
13.3184
3.96276
3.06262
3.09724
10.2689
4.91262
3.48271
3.4827
4.9126
10.2688
3.09724
3.06261
4.07813
3.38431
4.28698
10.2689
3.54386
3.54386
10.2688
4.28697
3.38431
4.07812
4.30944
3.4954
3.38432
3.09726
13.3184
13.3184
3.09724
3.38431
3.49538
4.30943
5.16069
4.30944
4.07813
3.06263
3.96278
3.96276
3.06261
4.07812
4.30943
5.16068
4.75072
4.08795
3.8505
2.99138
3.78774
3.78771
2.99136
3.85048
4.08794
4.75071
4.08795
3.36457
3.33293
3.22643
14.0761
14.076
3.2264
3.33291
3.36456
4.08794
3.8505
3.33293
4.22381
11.144
3.36044
3.36045
11.144
4.22381
3.33292
3.85049
2.9914
3.22646
11.144
8.46533
3.78164
3.78165
8.46522
11.1441
3.22645
2.99138
3.78776
14.0758
3.36045
3.78164
2.90327
2.90327
3.78164
3.36045
14.0758
3.78774
3.78771
14.0756
3.36045
3.78164
2.90327
2.90327
3.78164
3.36045
14.0757
3.7877
2.99136
3.22641
11.144
8.46522
3.78165
3.78165
8.46513
11.1441
3.22641
2.99135
3.85048
3.3329
4.2238
11.1441
3.36044
3.36045
11.1441
4.2238
3.33289
3.85047
4.08793
3.36455
3.33291
3.22642
14.0761
14.076
3.2264
3.3329
3.36454
4.08792
4.75071
4.08793
3.85048
2.99137
3.78772
3.7877
2.99134
3.85047
4.08792
4.7507
4.53117
3.99175
3.7548
3.0298
3.79705
3.79702
3.02977
3.75479
3.99174
4.53116
3.99175
3.33961
3.33436
3.55059
14.3925
14.3953
3.55052
3.33433
3.33959
3.99174
3.75481
3.33436
4.28127
7.23408
3.7605
3.7605
7.23428
4.28126
3.33435
3.7548
3.02981
3.55063
7.23409
18.0631
4.13533
4.13535
18.0629
7.23427
3.55061
3.0298
3.79707
14.3922
3.76051
4.13533
2.89405
2.89405
4.13534
3.76051
14.3926
3.79705
3.79702
14.3967
3.76049
4.13533
2.89405
2.89405
4.13534
3.76049
14.3966
3.79701
3.02977
3.55052
7.23428
18.0629
4.13534
4.13536
18.0627
7.23446
3.55051
3.02976
3.75479
3.33433
4.28125
7.23426
3.7605
3.7605
7.23445
4.28125
3.33432
3.75478
3.99173
3.33959
3.33434
3.55057
14.3928
14.3953
3.55051
3.33432
3.33958
3.99173
4.53116
3.99174
3.75479
3.02979
3.79703
3.79701
3.02976
3.75478
3.99173
4.53115
4.47672
4.01537
3.78023
3.18451
3.98703
3.98699
3.18448
3.78022
4.01537
4.47671
4.01538
3.41659
3.40859
3.7769
15.1898
15.1894
3.77678
3.40858
3.41658
4.01537
3.78023
3.40859
4.37489
10.5924
4.27761
4.27754
10.5923
4.37489
3.40858
3.78023
3.18452
3.77693
10.5924
20.6463
4.15755
4.15759
20.6461
10.5919
3.77691
3.18451
3.98704
15.1908
4.27763
4.15754
3.05412
3.05413
4.15755
4.2776
15.1907
3.98703
3.98698
15.1903
4.2775
4.15757
3.05413
3.05413
4.15758
4.27749
15.1902
3.98698
3.18448
3.77675
10.5923
20.6461
4.15756
4.1576
20.646
10.5918
3.77675
3.18447
3.78022
3.40857
4.37488
10.5919
4.27759
4.27753
10.5918
4.37488
3.40857
3.78022
4.01536
3.41657
3.40858
3.77688
15.1897
15.1894
3.77677
3.40857
3.41657
4.01536
4.47671
4.01537
3.78023
3.1845
3.98702
3.98699
3.18447
3.78022
4.01536
4.47671
4.56556
4.16345
3.93826
3.43116
4.32066
4.3206
3.43114
3.93825
4.16345
4.56555
4.16346
3.62277
3.56857
3.89829
16.1534
16.1533
3.89809
3.56859
3.62276
4.16345
3.93826
3.56857
4.4299
15.7775
4.97443
4.97422
15.7773
4.4299
3.56857
3.93825
3.43117
3.89831
15.7775
21.1997
4.09767
4.09771
21.1996
15.777
3.89828
3.43117
4.32067
16.1544
4.97444
4.09766
3.44781
3.44782
4.09767
4.97438
16.1543
4.32066
4.32057
16.1542
4.97413
4.09771
3.44782
3.44783
4.09772
4.9741
16.1542
4.32057
3.43114
3.89801
15.7773
21.1996
4.09768
4.09772
21.1995
15.7768
3.89801
3.43114
3.93825
3.5686
4.4299
15.777
4.97436
4.97419
15.7769
4.42991
3.5686
3.93825
4.16345
3.62276
3.56857
3.89826
16.1534
16.1533
3.89809
3.56859
3.62276
4.16345
4.56555
4.16345
3.93825
3.43116
4.32065
4.3206
3.43114
3.93825
4.16345
4.56555
4.77722
4.42872
4.22807
3.79785
4.79917
4.79925
3.79784
4.22808
4.42871
4.77722
4.42872
3.95736
3.86733
4.18431
13.6052
13.5872
4.18437
3.86739
3.95736
4.42872
4.22807
3.86732
4.59737
11.6012
6.6058
6.60573
11.6011
4.59737
3.86733
4.22807
3.79785
4.1843
11.6012
22.023
4.46897
4.46902
22.0229
11.6017
4.18431
3.79786
4.79915
13.6067
6.60571
4.46897
4.33113
4.33114
4.46898
6.6057
13.6028
4.79916
4.79926
13.5794
6.60577
4.46903
4.33113
4.33114
4.46904
6.60574
13.5782
4.79927
3.79784
4.1844
11.6011
22.0229
4.46899
4.46903
22.0228
11.6016
4.18441
3.79784
4.22808
3.86741
4.59737
11.6017
6.60578
6.6057
11.6016
4.59737
3.86742
4.22808
4.42872
3.95737
3.86734
4.18432
13.6014
13.5858
4.18438
3.8674
3.95737
4.42872
4.77722
4.42872
4.22807
3.79785
4.79918
4.79925
3.79785
4.22808
4.42872
4.77722
5.08909
4.79752
4.63994
4.32273
5.44367
5.44378
4.32273
4.63995
4.79752
5.08909
4.79752
4.41497
4.32683
4.78618
12.6622
12.6725
4.78635
4.32687
4.41498
4.79753
4.63994
4.32683
5.05284
7.67034
10.9622
10.9628
7.67027
5.05284
4.32684
4.63994
4.32273
4.78613
7.67033
19.2215
5.80507
5.80507
19.2218
7.67039
4.78615
4.32273
5.44365
12.6602
10.962
5.80506
6.05985
6.05986
5.80508
10.9622
12.6626
5.44367
5.4438
12.6757
10.9632
5.80507
6.05985
6.05986
5.80508
10.9633
12.6766
5.44381
4.32274
4.7864
7.67027
19.2218
5.80509
5.80508
19.2221
7.67033
4.78639
4.32274
4.63995
4.32689
5.05283
7.6704
10.9624
10.9628
7.67034
5.05283
4.32689
4.63995
4.79752
4.41498
4.32685
4.78619
12.6646
12.6735
4.78634
4.32688
4.41498
4.79753
5.08909
4.79753
4.63994
4.32273
5.44369
5.44378
4.32274
4.63995
4.79753
5.08909
5.47575
5.2465
5.14606
4.96554
6.18581
6.18581
4.96555
5.14607
5.24651
5.47576
5.2465
4.96818
4.92678
5.56322
10.446
10.4528
5.56332
4.92678
4.96818
5.24651
5.14606
4.92678
5.68858
7.42071
13.1383
13.1383
7.42062
5.68857
4.92679
5.14606
4.96554
5.56319
7.42072
8.28573
9.64767
9.64752
8.28597
7.42065
5.56319
4.96554
6.18581
10.4447
13.1384
9.64766
9.94391
9.9439
9.64771
13.1385
10.4465
6.18581
6.18581
10.4551
13.1384
9.64751
9.94389
9.94389
9.64756
13.1385
10.4558
6.1858
4.96556
5.56335
7.42062
8.28594
9.64772
9.64757
8.28616
7.42056
5.56334
4.96556
5.14607
4.92678
5.68857
7.42064
13.1384
13.1384
7.42056
5.68857
4.92678
5.14607
5.24651
4.96818
4.92679
5.56322
10.4477
10.4536
5.56331
4.92678
4.96819
5.24651
5.47576
5.24651
5.14606
4.96555
6.18581
6.1858
4.96556
5.14607
5.24651
5.47576
5.90903
5.74306
5.70295
5.64743
6.98653
6.98665
5.64744
5.70295
5.74307
5.90904
5.74306
5.57157
5.6094
6.41807
8.54169
8.54107
6.41815
5.60939
5.57157
5.74307
5.70295
5.6094
6.36843
8.07868
14.6565
14.6567
8.07875
6.36843
5.6094
5.70295
5.64742
6.41805
8.07869
7.18605
14.5436
14.5438
7.18605
8.07863
6.41807
5.64743
6.9865
8.54182
14.6565
14.5436
9.24952
9.24946
14.5437
14.6566
8.54169
6.98652
6.98669
8.54089
14.6567
14.5438
9.24948
9.24942
14.5438
14.6568
8.54083
6.98669
5.64744
6.41818
8.07876
7.18607
14.5437
14.5438
7.18601
8.0787
6.41819
5.64745
5.70296
5.60938
6.36843
8.07863
14.6566
14.6568
8.0787
6.36842
5.60938
5.70296
5.74307
5.57157
5.6094
6.41809
8.54156
8.54102
6.41817
5.60939
5.57158
5.74307
5.90904
5.74307
5.70295
5.64743
6.98655
6.98665
5.64744
5.70296
5.74307
5.90904
6.35993
6.2525
6.26431
6.31419
7.59343
7.59348
6.3142
6.26432
6.25251
6.35994
6.2525
6.17445
6.28825
7.15977
8.96826
8.96752
7.1598
6.28826
6.17445
6.25251
6.26431
6.28825
7.00807
8.68558
10.6135
10.6141
8.68561
7.00807
6.28826
6.26432
6.31418
7.15976
8.68556
8.67552
9.69953
9.69938
8.67552
8.68561
7.15978
6.31419
7.59341
8.96843
10.6134
9.6995
7.36833
7.36832
9.69947
10.6134
8.96812
7.59345
7.59349
8.96733
10.6138
9.69935
7.36832
7.36831
9.69933
10.6138
8.9671
7.59352
6.3142
7.15981
8.68561
8.67555
9.69952
9.69937
8.67549
8.68565
7.15982
6.31421
6.26432
6.28826
7.00807
8.68562
10.6135
10.6142
8.68565
7.00807
6.28827
6.26433
6.25251
6.17446
6.28826
7.15979
8.96796
8.96731
7.15982
6.28827
6.17446
6.25251
6.35994
6.25251
6.26432
6.3142
7.59347
7.59351
6.31421
6.26433
6.25251
6.35994
)
;

boundaryField
{
    bottom
    {
        type            fixedFluxPressure;
        gradient        nonuniform List<scalar> 0();
        value           nonuniform List<scalar> 0();
    }
    atmosphere
    {
        type            prghTotalPressure;
        p0              nonuniform List<scalar> 0();
        value           nonuniform List<scalar> 0();
    }
    walls
    {
        type            fixedFluxPressure;
        gradient        uniform 0;
        value           nonuniform List<scalar> 
400
(
5.1607
4.30946
4.07815
3.06265
3.96281
3.96277
3.06262
4.07813
4.30944
5.16069
4.75072
4.08795
3.8505
2.9914
3.78776
3.78771
2.99136
3.85048
4.08793
4.75071
4.53117
3.99175
3.75481
3.02981
3.79707
3.79702
3.02977
3.75479
3.99173
4.53116
4.47672
4.01538
3.78023
3.18452
3.98704
3.98698
3.18448
3.78022
4.01536
4.47671
4.56556
4.16346
3.93826
3.43117
4.32067
4.32057
3.43114
3.93825
4.16345
4.56555
4.77722
4.42872
4.22807
3.79785
4.79915
4.79926
3.79784
4.22808
4.42872
4.77722
5.08909
4.79752
4.63994
4.32273
5.44365
5.4438
4.32274
4.63995
4.79752
5.08909
5.47575
5.2465
5.14606
4.96554
6.18581
6.18581
4.96556
5.14607
5.24651
5.47576
5.90903
5.74306
5.70295
5.64742
6.9865
6.98669
5.64744
5.70296
5.74307
5.90904
6.35993
6.2525
6.26431
6.31418
7.59341
7.59349
6.3142
6.26432
6.25251
6.35994
5.16069
4.30945
4.07813
3.06264
3.96279
3.96276
3.06261
4.07812
4.30943
5.16068
4.75071
4.08794
3.85049
2.99138
3.78774
3.7877
2.99135
3.85047
4.08792
4.7507
4.53116
3.99174
3.7548
3.0298
3.79705
3.79701
3.02976
3.75478
3.99173
4.53115
4.47671
4.01537
3.78023
3.18451
3.98703
3.98698
3.18447
3.78022
4.01536
4.47671
4.56555
4.16345
3.93825
3.43117
4.32066
4.32057
3.43114
3.93825
4.16345
4.56555
4.77722
4.42872
4.22807
3.79786
4.79916
4.79927
3.79784
4.22808
4.42872
4.77722
5.08909
4.79753
4.63994
4.32273
5.44367
5.44381
4.32274
4.63995
4.79753
5.08909
5.47576
5.24651
5.14606
4.96554
6.18581
6.1858
4.96556
5.14607
5.24651
5.47576
5.90904
5.74307
5.70295
5.64743
6.98652
6.98669
5.64745
5.70296
5.74307
5.90904
6.35994
6.25251
6.26432
6.31419
7.59345
7.59352
6.31421
6.26433
6.25251
6.35994
5.1607
4.75072
4.53117
4.47672
4.56556
4.77722
5.08909
5.47575
5.90903
6.35993
4.30946
4.08795
3.99175
4.01537
4.16345
4.42872
4.79752
5.2465
5.74306
6.2525
4.07814
3.8505
3.7548
3.78023
3.93826
4.22807
4.63994
5.14606
5.70295
6.26431
3.06264
2.99138
3.0298
3.18451
3.43116
3.79785
4.32273
4.96554
5.64743
6.31419
3.9628
3.78774
3.79705
3.98703
4.32066
4.79917
5.44367
6.18581
6.98653
7.59343
3.96278
3.78771
3.79702
3.98699
4.3206
4.79925
5.44378
6.18581
6.98665
7.59348
3.06262
2.99136
3.02977
3.18448
3.43114
3.79784
4.32273
4.96555
5.64744
6.3142
4.07813
3.85048
3.75479
3.78022
3.93825
4.22808
4.63995
5.14607
5.70295
6.26432
4.30944
4.08794
3.99174
4.01537
4.16345
4.42871
4.79752
5.24651
5.74307
6.25251
5.16069
4.75071
4.53116
4.47671
4.56555
4.77722
5.08909
5.47576
5.90904
6.35994
5.16069
4.75071
4.53116
4.47671
4.56555
4.77722
5.08909
5.47576
5.90904
6.35994
4.30944
4.08793
3.99174
4.01537
4.16345
4.42872
4.79753
5.24651
5.74307
6.25251
4.07813
3.85048
3.75479
3.78023
3.93825
4.22807
4.63994
5.14606
5.70295
6.26432
3.06263
2.99137
3.02979
3.1845
3.43116
3.79785
4.32273
4.96555
5.64743
6.3142
3.96278
3.78772
3.79703
3.98702
4.32065
4.79918
5.44369
6.18581
6.98655
7.59347
3.96276
3.7877
3.79701
3.98699
4.3206
4.79925
5.44378
6.1858
6.98665
7.59351
3.06261
2.99134
3.02976
3.18447
3.43114
3.79785
4.32274
4.96556
5.64744
6.31421
4.07812
3.85047
3.75478
3.78022
3.93825
4.22808
4.63995
5.14607
5.70296
6.26433
4.30943
4.08792
3.99173
4.01536
4.16345
4.42872
4.79753
5.24651
5.74307
6.25251
5.16068
4.7507
4.53115
4.47671
4.56555
4.77722
5.08909
5.47576
5.90904
6.35994
)
;
    }
    procBoundary2to0
    {
        type            processor;
        value           nonuniform List<scalar> 
100
(
6.80401
6.74585
6.79368
6.92363
8.18251
8.18249
6.92364
6.79369
6.74586
6.80402
6.74585
6.73891
6.89962
7.7802
9.56332
9.56343
7.7802
6.89963
6.73892
6.74585
6.79368
6.89962
7.55587
9.18588
9.11791
9.1179
9.18591
7.55587
6.89962
6.79368
6.92363
7.7802
9.18587
9.36861
8.19122
8.19125
9.36856
9.18589
7.7802
6.92364
8.18252
9.56331
9.11792
8.19123
7.56622
7.56621
8.19118
9.11785
9.56323
8.18253
8.18247
9.56345
9.11791
8.19127
7.56621
7.56621
8.19122
9.11784
9.56336
8.18249
6.92365
7.7802
9.1859
9.36858
8.19118
8.19121
9.36853
9.18592
7.7802
6.92365
6.79369
6.89963
7.55588
9.18589
9.11784
9.11782
9.18593
7.55588
6.89964
6.79369
6.74586
6.73893
6.89963
7.78021
9.56324
9.56334
7.78021
6.89964
6.73893
6.74586
6.80402
6.74586
6.79369
6.92364
8.18252
8.1825
6.92365
6.79369
6.74586
6.80402
)
;
    }
    procBoundary2to3
    {
        type            processor;
        value           nonuniform List<scalar> 
100
(
5.79869
4.67471
4.4146
3.21433
4.27066
4.27064
3.21431
4.41459
4.6747
5.79867
4.67472
3.73125
3.46687
3.11116
12.6385
12.6384
3.11113
3.46685
3.73123
4.67471
4.41461
3.46687
4.40807
8.92074
7.71725
7.71725
8.9207
4.40807
3.46686
4.41459
3.21434
3.11116
8.92074
5.48736
3.55686
3.55685
5.4874
8.92073
3.11116
3.21432
4.27067
12.6385
7.71725
3.55686
3.28768
3.28768
3.55685
7.71726
12.6384
4.27064
4.27063
12.6384
7.71725
3.55685
3.28767
3.28767
3.55684
7.71726
12.6384
4.27062
3.21431
3.11111
8.9207
5.48739
3.55685
3.55684
5.48744
8.9207
3.11111
3.2143
4.41458
3.46685
4.40806
8.92072
7.71725
7.71726
8.9207
4.40806
3.46684
4.41457
4.6747
3.73122
3.46685
3.11115
12.6384
12.6384
3.11112
3.46684
3.73121
4.67469
5.79867
4.6747
4.41459
3.21432
4.27064
4.27062
3.2143
4.41458
4.67469
5.79866
)
;
    }
}


// ************************************************************************* //
