/*--------------------------------*- C++ -*----------------------------------*\
| =========                 |                                                 |
| \\      /  F ield         | OpenFOAM: The Open Source CFD Toolbox           |
|  \\    /   O peration     | Version:  2412                                  |
|   \\  /    A nd           | Website:  www.openfoam.com                      |
|    \\/     M anipulation  |                                                 |
\*---------------------------------------------------------------------------*/
FoamFile
{
    version     2.0;
    format      ascii;
    arch        "LSB;label=32;scalar=64";
    class       volVectorField;
    location    "0.43";
    object      U;
}
// * * * * * * * * * * * * * * * * * * * * * * * * * * * * * * * * * * * * * //

dimensions      [0 1 -1 0 0 0 0];

internalField   nonuniform List<vector> 
1000
(
(0.0812488 0.0812488 2.61637)
(0.0388925 0.0855573 2.5364)
(-0.0165792 0.124082 2.58062)
(-0.303739 0.0781313 2.48478)
(-0.29929 -0.161276 1.63101)
(0.299291 -0.161275 1.63101)
(0.303739 0.07813 2.48478)
(0.0165788 0.124082 2.58061)
(-0.0388927 0.0855573 2.5364)
(-0.081249 0.081249 2.61637)
(0.0855573 0.0388926 2.5364)
(0.0774142 0.0774144 2.44553)
(-0.0412323 0.117901 2.31385)
(-0.311246 0.176215 0.334822)
(0.05808 0.00942926 -2.59848)
(-0.0580798 0.00942992 -2.59848)
(0.311245 0.176215 0.334828)
(0.0412336 0.117899 2.31385)
(-0.0774143 0.0774141 2.44552)
(-0.0855573 0.0388929 2.5364)
(0.124082 -0.0165789 2.58062)
(0.1179 -0.0412319 2.31385)
(0.246672 0.246672 1.30995)
(-0.0132207 0.115958 -1.82274)
(0.212887 -0.398505 -3.61355)
(-0.212887 -0.398505 -3.61355)
(0.0132213 0.115956 -1.82274)
(-0.24667 0.24667 1.30996)
(-0.117898 -0.0412329 2.31385)
(-0.124082 -0.0165783 2.58061)
(0.0781314 -0.303738 2.48478)
(0.176215 -0.311246 0.334823)
(0.115958 -0.0132207 -1.82274)
(0.0507571 0.0507572 -1.94995)
(0.262496 -0.16861 -3.69501)
(-0.262495 -0.16861 -3.69501)
(-0.0507585 0.0507597 -1.94993)
(-0.115954 -0.0132196 -1.82274)
(-0.176213 -0.311247 0.334821)
(-0.0781291 -0.303737 2.48478)
(-0.161276 -0.29929 1.63101)
(0.00942906 0.0580801 -2.59848)
(-0.398506 0.212887 -3.61355)
(-0.16861 0.262496 -3.69501)
(0.0303653 0.0303656 -4.76072)
(-0.0303687 0.0303661 -4.76072)
(0.168608 0.262497 -3.69501)
(0.398506 0.212887 -3.61355)
(-0.00942975 0.05808 -2.59848)
(0.161276 -0.29929 1.63101)
(-0.161276 0.299291 1.63101)
(0.00942969 -0.0580795 -2.59848)
(-0.398506 -0.212887 -3.61355)
(-0.16861 -0.262496 -3.69501)
(0.0303661 -0.030369 -4.76072)
(-0.0303695 -0.0303695 -4.76072)
(0.168607 -0.262497 -3.695)
(0.398506 -0.212887 -3.61355)
(-0.00943027 -0.0580795 -2.59848)
(0.161276 0.29929 1.63102)
(0.0781298 0.303738 2.48478)
(0.176215 0.311245 0.33483)
(0.115956 0.0132213 -1.82274)
(0.0507596 -0.0507587 -1.94993)
(0.262497 0.168608 -3.69501)
(-0.262497 0.168608 -3.695)
(-0.0507608 -0.0507608 -1.94992)
(-0.115952 0.0132203 -1.82274)
(-0.176212 0.311246 0.334827)
(-0.0781275 0.303737 2.48477)
(0.124082 0.0165784 2.58061)
(0.117899 0.0412334 2.31385)
(0.24667 -0.24667 1.30996)
(-0.0132196 -0.115955 -1.82274)
(0.212887 0.398506 -3.61355)
(-0.212887 0.398505 -3.61355)
(0.0132203 -0.115952 -1.82274)
(-0.246667 -0.246667 1.30996)
(-0.117896 0.0412347 2.31385)
(-0.124082 0.0165784 2.58061)
(0.0855572 -0.0388929 2.5364)
(0.077414 -0.0774146 2.44552)
(-0.0412332 -0.117898 2.31385)
(-0.311246 -0.176213 0.334821)
(0.05808 -0.00942995 -2.59848)
(-0.0580797 -0.00943051 -2.59848)
(0.311246 -0.176213 0.334825)
(0.0412349 -0.117896 2.31385)
(-0.0774138 -0.077414 2.44552)
(-0.085557 -0.0388926 2.5364)
(0.081249 -0.0812491 2.61636)
(0.0388927 -0.0855573 2.5364)
(-0.0165784 -0.124082 2.58061)
(-0.303738 -0.078129 2.48478)
(-0.29929 0.161276 1.63101)
(0.29929 0.161276 1.63101)
(0.303738 -0.0781277 2.48477)
(0.0165787 -0.124082 2.58061)
(-0.0388925 -0.0855571 2.5364)
(-0.081249 -0.0812491 2.61636)
(0.0695573 0.0695573 2.55293)
(0.0413651 0.0734072 2.51896)
(0.0208944 0.117784 2.5791)
(-0.223842 0.108795 2.48113)
(-0.234632 -0.127644 1.51974)
(0.234631 -0.127642 1.51974)
(0.223842 0.108794 2.48113)
(-0.0208947 0.117784 2.5791)
(-0.041365 0.0734071 2.51896)
(-0.0695574 0.0695575 2.55292)
(0.0734072 0.0413653 2.51896)
(0.0818226 0.0818228 2.50756)
(0.0365634 0.136822 2.35886)
(-0.185874 0.193955 0.36391)
(0.106866 0.0210746 -2.56612)
(-0.106866 0.0210764 -2.56612)
(0.185871 0.193954 0.363911)
(-0.0365619 0.13682 2.35886)
(-0.0818224 0.0818222 2.50756)
(-0.0734071 0.0413652 2.51896)
(0.117784 0.0208947 2.5791)
(0.136822 0.0365637 2.35887)
(0.264392 0.264392 1.34745)
(0.0367818 0.0119951 -1.77242)
(0.207387 -0.454044 -3.51116)
(-0.207386 -0.454045 -3.51116)
(-0.0367805 0.0119932 -1.77242)
(-0.264388 0.264389 1.34746)
(-0.136819 0.0365629 2.35886)
(-0.117783 0.020895 2.5791)
(0.108795 -0.223842 2.48113)
(0.193955 -0.185874 0.363911)
(0.0119951 0.0367818 -1.77242)
(-0.0351665 -0.0351664 -2.03343)
(0.242281 -0.120735 -3.743)
(-0.242283 -0.120735 -3.74299)
(0.0351646 -0.0351651 -2.03342)
(-0.0119924 0.0367825 -1.77242)
(-0.193956 -0.185875 0.363909)
(-0.108793 -0.223841 2.48113)
(-0.127644 -0.234631 1.51974)
(0.0210738 0.106865 -2.56612)
(-0.454045 0.207387 -3.51116)
(-0.120735 0.242281 -3.743)
(0.0211674 0.0211677 -4.82085)
(-0.0211714 0.0211694 -4.82085)
(0.120733 0.242282 -3.74299)
(0.454046 0.207387 -3.51116)
(-0.0210753 0.106866 -2.56612)
(0.127644 -0.234631 1.51974)
(-0.127642 0.234631 1.51974)
(0.0210763 -0.106865 -2.56611)
(-0.454047 -0.207386 -3.51116)
(-0.120735 -0.242283 -3.743)
(0.0211695 -0.0211718 -4.82085)
(-0.0211734 -0.0211734 -4.82085)
(0.120734 -0.242284 -3.74299)
(0.454048 -0.207385 -3.51116)
(-0.0210775 -0.106865 -2.56612)
(0.127642 0.234631 1.51974)
(0.108793 0.223842 2.48113)
(0.193954 0.18587 0.363912)
(0.0119929 -0.0367806 -1.77242)
(-0.0351652 0.0351646 -2.03342)
(0.242282 0.120734 -3.743)
(-0.242284 0.120734 -3.74299)
(0.0351636 0.0351636 -2.0334)
(-0.0119898 -0.0367811 -1.77242)
(-0.193954 0.185871 0.363909)
(-0.108791 0.223841 2.48113)
(0.117784 -0.020895 2.5791)
(0.13682 -0.0365621 2.35887)
(0.264389 -0.264389 1.34746)
(0.0367825 -0.0119924 -1.77242)
(0.207387 0.454045 -3.51116)
(-0.207385 0.454045 -3.51116)
(-0.036781 -0.0119901 -1.77242)
(-0.264385 -0.264386 1.34746)
(-0.136816 -0.0365611 2.35886)
(-0.117783 -0.0208949 2.57909)
(0.073407 -0.0413652 2.51896)
(0.081822 -0.0818227 2.50756)
(0.0365626 -0.136819 2.35886)
(-0.185875 -0.193956 0.363908)
(0.106866 -0.0210761 -2.56612)
(-0.106865 -0.0210776 -2.56612)
(0.185872 -0.193954 0.363908)
(-0.0365609 -0.136817 2.35886)
(-0.0818215 -0.0818218 2.50756)
(-0.0734067 -0.0413648 2.51896)
(0.0695574 -0.0695575 2.55292)
(0.0413651 -0.0734071 2.51896)
(0.0208948 -0.117783 2.5791)
(-0.223842 -0.108793 2.48113)
(-0.234632 0.127643 1.51974)
(0.234631 0.127642 1.51974)
(0.223842 -0.108792 2.48113)
(-0.0208946 -0.117783 2.57909)
(-0.0413646 -0.0734068 2.51896)
(-0.0695574 -0.0695574 2.55292)
(0.0669054 0.0669054 2.48909)
(0.0558223 0.0743699 2.48719)
(0.0652225 0.120686 2.55534)
(-0.136975 0.147849 2.45171)
(-0.174743 -0.0828232 1.44273)
(0.174743 -0.0828161 1.44273)
(0.136974 0.147849 2.45171)
(-0.0652229 0.120686 2.55533)
(-0.0558219 0.0743696 2.48718)
(-0.0669054 0.0669055 2.48909)
(0.0743699 0.0558225 2.48719)
(0.102064 0.102065 2.52405)
(0.118941 0.161353 2.3751)
(-0.068932 0.215924 0.429608)
(0.147128 0.0552867 -2.46883)
(-0.147129 0.0552926 -2.46883)
(0.068924 0.215924 0.429613)
(-0.11894 0.16135 2.3751)
(-0.102064 0.102064 2.52405)
(-0.0743697 0.0558223 2.48718)
(0.120686 0.0652228 2.55534)
(0.161352 0.118941 2.3751)
(0.278989 0.278989 1.37447)
(0.0752207 -0.0865207 -1.69339)
(0.182349 -0.472554 -3.42309)
(-0.182348 -0.472556 -3.42309)
(-0.0752194 -0.0865207 -1.6934)
(-0.278987 0.278989 1.37447)
(-0.16135 0.118941 2.3751)
(-0.120686 0.0652234 2.55534)
(0.147849 -0.136974 2.45171)
(0.215923 -0.0689319 0.429608)
(-0.0865209 0.0752207 -1.69339)
(-0.0905229 -0.0905228 -2.14851)
(0.183483 -0.0632792 -3.82893)
(-0.183488 -0.0632796 -3.82893)
(0.0905209 -0.0905225 -2.1485)
(0.086521 0.0752218 -1.69339)
(-0.215926 -0.068931 0.429607)
(-0.147848 -0.136974 2.45171)
(-0.0828235 -0.174743 1.44273)
(0.0552849 0.147128 -2.46883)
(-0.472555 0.18235 -3.42309)
(-0.0632791 0.183483 -3.82893)
(0.000705493 0.000705968 -4.8618)
(-0.000709654 0.000708635 -4.8618)
(0.0632773 0.183484 -3.82893)
(0.472556 0.18235 -3.42309)
(-0.0552874 0.147128 -2.46883)
(0.0828223 -0.174743 1.44273)
(-0.0828121 0.174742 1.44274)
(0.0552938 -0.14713 -2.46882)
(-0.47256 -0.182348 -3.42309)
(-0.0632797 -0.183488 -3.82893)
(0.000708886 -0.000710129 -4.8618)
(-0.000712875 -0.000712651 -4.8618)
(0.063278 -0.183489 -3.82892)
(0.47256 -0.182348 -3.42309)
(-0.0552953 -0.14713 -2.46883)
(0.0828123 0.174743 1.44274)
(0.147849 0.136973 2.45171)
(0.215924 0.068919 0.429616)
(-0.0865212 -0.0752195 -1.6934)
(-0.0905227 0.0905209 -2.1485)
(0.183484 0.0632774 -3.82893)
(-0.183488 0.0632779 -3.82892)
(0.0905209 0.0905209 -2.14849)
(0.0865217 -0.0752204 -1.69339)
(-0.215927 0.0689196 0.429614)
(-0.147848 0.136973 2.45171)
(0.120687 -0.0652234 2.55533)
(0.16135 -0.118941 2.3751)
(0.278989 -0.278987 1.37447)
(0.0752218 0.0865209 -1.69339)
(0.18235 0.472554 -3.42309)
(-0.182348 0.472556 -3.42309)
(-0.0752203 0.0865213 -1.69339)
(-0.278986 -0.278986 1.37448)
(-0.161347 -0.118941 2.3751)
(-0.120686 -0.0652237 2.55533)
(0.0743696 -0.0558221 2.48718)
(0.102064 -0.102064 2.52405)
(0.118941 -0.16135 2.3751)
(-0.0689314 -0.215927 0.429607)
(0.147128 -0.0552891 -2.46883)
(-0.147129 -0.0552942 -2.46883)
(0.0689245 -0.215927 0.429611)
(-0.11894 -0.161348 2.3751)
(-0.102063 -0.102063 2.52405)
(-0.0743693 -0.0558217 2.48718)
(0.0669054 -0.0669055 2.48909)
(0.0558221 -0.0743697 2.48718)
(0.0652232 -0.120686 2.55534)
(-0.136974 -0.147848 2.45171)
(-0.174744 0.0828222 1.44273)
(0.174743 0.0828163 1.44274)
(0.136974 -0.147847 2.45171)
(-0.0652233 -0.120686 2.55533)
(-0.0558215 -0.0743693 2.48718)
(-0.0669053 -0.0669054 2.48909)
(0.0701391 0.0701391 2.41635)
(0.0769289 0.0836938 2.43542)
(0.116375 0.131811 2.50665)
(-0.0443656 0.194083 2.40047)
(-0.124333 -0.0195288 1.37743)
(0.124332 -0.0195151 1.37743)
(0.0443646 0.194086 2.40046)
(-0.116376 0.131811 2.50665)
(-0.0769283 0.0836935 2.43542)
(-0.0701391 0.0701391 2.41635)
(0.0836938 0.0769292 2.43542)
(0.132216 0.132217 2.50574)
(0.199735 0.189944 2.36331)
(0.0566688 0.243843 0.514799)
(0.186698 0.119752 -2.32323)
(-0.186709 0.119767 -2.32322)
(-0.0566796 0.243845 0.514794)
(-0.199737 0.189943 2.36331)
(-0.132215 0.132216 2.50574)
(-0.0836935 0.076929 2.43542)
(0.131811 0.116375 2.50665)
(0.189944 0.199735 2.36331)
(0.300362 0.300362 1.40487)
(0.0844175 -0.105856 -1.58499)
(0.127087 -0.377967 -3.34501)
(-0.127089 -0.377956 -3.34501)
(-0.0844179 -0.105857 -1.58499)
(-0.300361 0.300363 1.40487)
(-0.189942 0.199735 2.36331)
(-0.131811 0.116376 2.50665)
(0.194083 -0.0443647 2.40047)
(0.243843 0.0566707 0.514801)
(-0.105857 0.0844176 -1.58499)
(-0.115986 -0.115985 -2.29505)
(0.127659 0.00390889 -3.92937)
(-0.127667 0.00390803 -3.92937)
(0.115984 -0.115986 -2.29504)
(0.105858 0.0844202 -1.58499)
(-0.243846 0.0566729 0.514797)
(-0.194083 -0.0443646 2.40046)
(-0.0195274 -0.124332 1.37743)
(0.119751 0.186697 -2.32323)
(-0.377972 0.127087 -3.34501)
(0.00390932 0.127659 -3.92937)
(-0.00985992 -0.00985936 -4.88209)
(0.00985595 -0.00985625 -4.88209)
(-0.00391037 0.12766 -3.92937)
(0.377971 0.127092 -3.34501)
(-0.119755 0.186697 -2.32323)
(0.0195249 -0.124332 1.37743)
(-0.019506 0.124331 1.37743)
(0.119774 -0.186713 -2.32321)
(-0.377956 -0.127089 -3.34501)
(0.00390802 -0.127667 -3.92937)
(-0.00985583 0.0098554 -4.88209)
(0.00985213 0.00985253 -4.88209)
(-0.00390903 -0.127668 -3.92936)
(0.377956 -0.127093 -3.34501)
(-0.119775 -0.186712 -2.32321)
(0.0195058 0.124332 1.37743)
(0.194088 0.0443631 2.40046)
(0.243845 -0.056688 0.514792)
(-0.105857 -0.0844179 -1.58499)
(-0.115986 0.115984 -2.29504)
(0.127661 -0.00390997 -3.92937)
(-0.127667 -0.00390907 -3.92936)
(0.115984 0.115984 -2.29503)
(0.105859 -0.0844203 -1.58499)
(-0.243849 -0.0566883 0.514789)
(-0.194087 0.0443632 2.40046)
(0.131811 -0.116376 2.50665)
(0.189943 -0.19974 2.3633)
(0.300363 -0.300362 1.40487)
(0.0844201 0.105858 -1.58499)
(0.127092 0.377966 -3.34501)
(-0.127093 0.377956 -3.34501)
(-0.0844203 0.105859 -1.58499)
(-0.300362 -0.300363 1.40487)
(-0.189941 -0.199739 2.3633)
(-0.13181 -0.116377 2.50665)
(0.0836934 -0.0769285 2.43542)
(0.132216 -0.132216 2.50573)
(0.199735 -0.189942 2.36331)
(0.0566708 -0.243846 0.514796)
(0.186698 -0.119756 -2.32323)
(-0.186708 -0.119768 -2.32322)
(-0.05668 -0.243849 0.514791)
(-0.199737 -0.189941 2.36331)
(-0.132215 -0.132215 2.50573)
(-0.083693 -0.0769281 2.43542)
(0.070139 -0.0701391 2.41635)
(0.0769287 -0.0836935 2.43542)
(0.116376 -0.131811 2.50665)
(-0.0443654 -0.194083 2.40046)
(-0.124333 0.0195264 1.37743)
(0.124332 0.0195147 1.37743)
(0.0443647 -0.194085 2.40046)
(-0.116376 -0.13181 2.50665)
(-0.076928 -0.0836931 2.43542)
(-0.0701389 -0.070139 2.41634)
(0.0774234 0.0774234 2.32962)
(0.101282 0.0980351 2.36067)
(0.165419 0.14936 2.42969)
(0.0396705 0.246699 2.32779)
(-0.0808393 0.0722522 1.29662)
(0.0808358 0.0722505 1.29661)
(-0.0396694 0.246696 2.32779)
(-0.16542 0.149359 2.42969)
(-0.101281 0.0980344 2.36067)
(-0.0774233 0.0774232 2.32961)
(0.0980351 0.101283 2.36067)
(0.168475 0.168476 2.4524)
(0.281657 0.226901 2.32219)
(0.196703 0.30819 0.630825)
(0.220373 0.208993 -2.15089)
(-0.220392 0.209007 -2.15087)
(-0.196696 0.308195 0.630836)
(-0.281657 0.2269 2.32218)
(-0.168472 0.168475 2.4524)
(-0.0980345 0.101282 2.36067)
(0.149361 0.16542 2.42969)
(0.2269 0.281657 2.32219)
(0.351373 0.351373 1.44451)
(0.112236 -0.0446058 -1.44146)
(0.0890226 -0.144043 -3.2812)
(-0.0890236 -0.144026 -3.2812)
(-0.112237 -0.044605 -1.44145)
(-0.351373 0.351374 1.44451)
(-0.226899 0.281657 2.32219)
(-0.14936 0.16542 2.42969)
(0.246699 0.0396719 2.32779)
(0.30819 0.196706 0.630825)
(-0.044606 0.112237 -1.44146)
(-0.127174 -0.127174 -2.39823)
(0.0774255 0.0840257 -3.99735)
(-0.077433 0.0840246 -3.99735)
(0.127172 -0.127174 -2.39823)
(0.0446072 0.112237 -1.44145)
(-0.30819 0.196707 0.630826)
(-0.246699 0.0396715 2.32779)
(0.072255 -0.0808393 1.29662)
(0.208996 0.220369 -2.15088)
(-0.144047 0.0890232 -3.2812)
(0.0840268 0.0774249 -3.99736)
(-0.00726582 -0.00726534 -4.87145)
(0.00726257 -0.00726053 -4.87145)
(-0.0840275 0.0774265 -3.99735)
(0.144045 0.0890257 -3.2812)
(-0.208999 0.22037 -2.15088)
(-0.0722552 -0.0808397 1.29662)
(0.0722528 0.0808343 1.29661)
(0.209017 -0.220398 -2.15086)
(-0.144019 -0.0890226 -3.2812)
(0.0840245 -0.0774334 -3.99735)
(-0.00725914 0.00726218 -4.87145)
(0.00725637 0.00725779 -4.87145)
(-0.0840254 -0.0774342 -3.99734)
(0.14402 -0.089025 -3.28119)
(-0.209018 -0.220396 -2.15086)
(-0.0722532 0.0808354 1.29661)
(0.246696 -0.0396706 2.32778)
(0.308195 -0.196697 0.630842)
(-0.0446045 -0.112237 -1.44145)
(-0.127174 0.127172 -2.39823)
(0.0774271 -0.0840265 -3.99735)
(-0.0774339 -0.0840255 -3.99734)
(0.127172 0.127173 -2.39822)
(0.0446061 -0.112236 -1.44145)
(-0.308196 -0.196699 0.630841)
(-0.246696 -0.0396702 2.32778)
(0.149358 -0.16542 2.42969)
(0.2269 -0.281658 2.32218)
(0.351375 -0.351373 1.44451)
(0.112237 0.044607 -1.44145)
(0.0890252 0.144042 -3.2812)
(-0.0890261 0.144026 -3.28119)
(-0.112237 0.0446066 -1.44145)
(-0.351374 -0.351374 1.44451)
(-0.226899 -0.281657 2.32218)
(-0.149358 -0.165421 2.42969)
(0.0980343 -0.101281 2.36067)
(0.168475 -0.168472 2.4524)
(0.281657 -0.2269 2.32219)
(0.196703 -0.308191 0.630826)
(0.220374 -0.208997 -2.15089)
(-0.22039 -0.209008 -2.15087)
(-0.196697 -0.308195 0.630835)
(-0.281657 -0.226899 2.32218)
(-0.168472 -0.168472 2.4524)
(-0.0980337 -0.101281 2.36066)
(0.0774231 -0.0774233 2.32961)
(0.101282 -0.0980344 2.36067)
(0.16542 -0.14936 2.42969)
(0.0396702 -0.246698 2.32779)
(-0.0808397 -0.0722526 1.29662)
(0.0808368 -0.0722509 1.29661)
(-0.0396692 -0.246696 2.32778)
(-0.165421 -0.149358 2.42969)
(-0.101281 -0.0980338 2.36066)
(-0.077423 -0.0774231 2.32961)
(0.0859483 0.0859483 2.22651)
(0.126161 0.11435 2.2625)
(0.209952 0.171249 2.32395)
(0.110612 0.293603 2.22488)
(-0.0464019 0.15163 1.19696)
(0.0463928 0.151575 1.19694)
(-0.110606 0.293591 2.22488)
(-0.209952 0.171245 2.32395)
(-0.126159 0.114349 2.2625)
(-0.0859482 0.0859479 2.22651)
(0.11435 0.126161 2.2625)
(0.206826 0.206827 2.36509)
(0.358553 0.272299 2.24681)
(0.313083 0.418311 0.743595)
(0.245898 0.306789 -1.96724)
(-0.245923 0.306798 -1.96725)
(-0.313022 0.418315 0.743584)
(-0.358543 0.2723 2.2468)
(-0.206821 0.206826 2.36509)
(-0.114349 0.126161 2.2625)
(0.171249 0.209952 2.32395)
(0.272298 0.358554 2.24681)
(0.444851 0.444852 1.47293)
(0.195996 0.114418 -1.23868)
(0.111078 0.0907898 -3.20675)
(-0.111074 0.0907978 -3.20675)
(-0.195997 0.11442 -1.23867)
(-0.444851 0.444855 1.47293)
(-0.272298 0.358553 2.2468)
(-0.171248 0.209953 2.32395)
(0.293605 0.110613 2.22488)
(0.418311 0.313091 0.743596)
(0.114417 0.195996 -1.23868)
(-0.0701244 -0.0701245 -2.41335)
(0.0782908 0.161108 -4.01269)
(-0.0782942 0.161106 -4.01268)
(0.0701269 -0.0701274 -2.41335)
(-0.114412 0.195993 -1.23868)
(-0.418311 0.313078 0.743594)
(-0.293603 0.110612 2.22488)
(0.151637 -0.0464038 1.19696)
(0.306794 0.245891 -1.96723)
(0.0907889 0.111079 -3.20675)
(0.16111 0.0782903 -4.01269)
(0.0498918 0.0498919 -4.81564)
(-0.0498925 0.0498935 -4.81564)
(-0.16111 0.0782907 -4.01269)
(-0.0907898 0.111078 -3.20675)
(-0.306796 0.245893 -1.96723)
(-0.151624 -0.0464042 1.19696)
(0.151553 0.0463904 1.19694)
(0.306808 -0.245929 -1.96724)
(0.0908047 -0.111071 -3.20674)
(0.161105 -0.0782944 -4.01268)
(0.0498941 -0.0498923 -4.81564)
(-0.0498947 -0.0498938 -4.81564)
(-0.161106 -0.0782945 -4.01268)
(-0.0908038 -0.111072 -3.20674)
(-0.306808 -0.245926 -1.96724)
(-0.151548 0.0463924 1.19694)
(0.293587 -0.110605 2.22488)
(0.418316 -0.312999 0.74358)
(0.114421 -0.195996 -1.23867)
(-0.0701274 0.0701271 -2.41335)
(0.0782914 -0.161109 -4.01269)
(-0.0782944 -0.161107 -4.01268)
(0.0701296 0.0701297 -2.41334)
(-0.114416 -0.195994 -1.23867)
(-0.418316 -0.312995 0.743579)
(-0.293587 -0.110605 2.22488)
(0.171243 -0.209952 2.32395)
(0.2723 -0.35854 2.2468)
(0.444856 -0.444851 1.47293)
(0.195993 -0.114413 -1.23868)
(0.111077 -0.0907905 -3.20675)
(-0.111074 -0.090797 -3.20675)
(-0.195994 -0.114415 -1.23867)
(-0.444855 -0.444853 1.47293)
(-0.2723 -0.358541 2.2468)
(-0.171243 -0.209953 2.32395)
(0.114349 -0.126159 2.2625)
(0.206826 -0.20682 2.36509)
(0.358552 -0.272298 2.2468)
(0.31307 -0.418311 0.743593)
(0.245899 -0.306791 -1.96724)
(-0.24592 -0.306799 -1.96725)
(-0.313017 -0.418315 0.743583)
(-0.358544 -0.272299 2.2468)
(-0.206821 -0.20682 2.36509)
(-0.114348 -0.126159 2.2625)
(0.0859478 -0.0859481 2.22651)
(0.126161 -0.114349 2.2625)
(0.209953 -0.171248 2.32395)
(0.11061 -0.293601 2.22488)
(-0.0464022 -0.151618 1.19696)
(0.0463946 -0.15157 1.19694)
(-0.110606 -0.29359 2.22488)
(-0.209953 -0.171244 2.32395)
(-0.12616 -0.114348 2.2625)
(-0.0859477 -0.0859478 2.22651)
(0.0945874 0.0945873 2.10723)
(0.1486 0.129367 2.14282)
(0.246456 0.192738 2.19169)
(0.165268 0.332095 2.08719)
(-0.0209768 0.219993 1.08135)
(0.0209657 0.219943 1.08135)
(-0.165258 0.332083 2.08719)
(-0.246456 0.192735 2.19169)
(-0.148599 0.129366 2.14282)
(-0.0945872 0.094587 2.10723)
(0.129367 0.148601 2.14282)
(0.242876 0.242877 2.24602)
(0.422554 0.318 2.13584)
(0.406685 0.525595 0.819981)
(0.263304 0.382716 -1.80107)
(-0.263279 0.382643 -1.80115)
(-0.40663 0.525596 0.819966)
(-0.422543 0.318002 2.13585)
(-0.242872 0.242877 2.24602)
(-0.129366 0.148601 2.14282)
(0.192739 0.246456 2.19169)
(0.317999 0.422556 2.13584)
(0.537697 0.537698 1.46283)
(0.314714 0.326622 -0.999377)
(0.175148 0.268025 -3.08809)
(-0.175145 0.268011 -3.08809)
(-0.314718 0.326622 -0.999369)
(-0.537697 0.537702 1.46283)
(-0.318 0.422555 2.13585)
(-0.192738 0.246457 2.19169)
(0.332097 0.16527 2.08719)
(0.525595 0.406692 0.819984)
(0.326622 0.314713 -0.999378)
(0.104808 0.104808 -2.34333)
(0.130082 0.246247 -3.94263)
(-0.130082 0.246244 -3.94262)
(-0.104806 0.104805 -2.34332)
(-0.32662 0.314714 -0.999375)
(-0.525596 0.40668 0.819985)
(-0.332096 0.165268 2.08719)
(0.219999 -0.02098 1.08135)
(0.382729 0.263307 -1.80105)
(0.268027 0.175149 -3.08809)
(0.246249 0.130082 -3.94263)
(0.111658 0.111658 -4.69487)
(-0.111658 0.111658 -4.69487)
(-0.246249 0.130082 -3.94262)
(-0.268024 0.17515 -3.08809)
(-0.38271 0.263302 -1.80106)
(-0.219986 -0.0209805 1.08135)
(0.219923 0.0209635 1.08136)
(0.38262 -0.263269 -1.80117)
(0.268011 -0.175145 -3.08809)
(0.246243 -0.130082 -3.94262)
(0.111659 -0.111657 -4.69487)
(-0.111658 -0.111658 -4.69487)
(-0.246244 -0.130082 -3.94262)
(-0.268009 -0.175146 -3.08809)
(-0.382612 -0.263268 -1.80118)
(-0.219917 0.0209659 1.08136)
(0.332079 -0.165255 2.08719)
(0.525596 -0.40661 0.819963)
(0.326622 -0.31472 -0.999366)
(0.104805 -0.104806 -2.34332)
(0.130082 -0.246248 -3.94262)
(-0.130083 -0.246245 -3.94262)
(-0.104804 -0.104804 -2.34332)
(-0.32662 -0.31472 -0.999365)
(-0.525598 -0.406606 0.819965)
(-0.332079 -0.165254 2.08719)
(0.192734 -0.246456 2.19169)
(0.318002 -0.422539 2.13585)
(0.537703 -0.537697 1.46283)
(0.314715 -0.32662 -0.999374)
(0.175149 -0.268022 -3.08809)
(-0.175146 -0.268009 -3.08809)
(-0.314718 -0.326619 -0.999367)
(-0.537702 -0.537701 1.46284)
(-0.318003 -0.422541 2.13585)
(-0.192733 -0.246457 2.1917)
(0.129366 -0.148598 2.14282)
(0.242876 -0.24287 2.24603)
(0.422554 -0.318 2.13585)
(0.406673 -0.525596 0.819981)
(0.263298 -0.382697 -1.80108)
(-0.263277 -0.382635 -1.80116)
(-0.406626 -0.525598 0.819968)
(-0.422544 -0.318003 2.13585)
(-0.242872 -0.24287 2.24603)
(-0.129365 -0.148599 2.14282)
(0.0945869 -0.0945871 2.10723)
(0.148601 -0.129366 2.14282)
(0.246458 -0.192738 2.19169)
(0.165266 -0.332094 2.08719)
(-0.0209773 -0.21998 1.08135)
(0.0209679 -0.219937 1.08136)
(-0.165257 -0.332083 2.08719)
(-0.246457 -0.192735 2.1917)
(-0.148599 -0.129365 2.14282)
(-0.0945867 -0.0945868 2.10723)
(0.101961 0.101961 1.97399)
(0.166165 0.141185 2.00556)
(0.272036 0.21023 2.03821)
(0.204158 0.355603 1.92133)
(-0.0022218 0.286135 0.948978)
(0.00221668 0.286151 0.949003)
(-0.204151 0.355601 1.92133)
(-0.272036 0.210229 2.03822)
(-0.166164 0.141184 2.00556)
(-0.101961 0.101961 1.97399)
(0.141185 0.166166 2.00556)
(0.272055 0.272055 2.10174)
(0.466415 0.352153 1.99908)
(0.48292 0.603323 0.858694)
(0.275643 0.454198 -1.62387)
(-0.275615 0.454164 -1.62393)
(-0.482924 0.603322 0.858694)
(-0.466412 0.352156 1.99909)
(-0.272053 0.272055 2.10175)
(-0.141184 0.166166 2.00556)
(0.21023 0.272036 2.03821)
(0.352153 0.466416 1.99908)
(0.602211 0.602211 1.41378)
(0.408638 0.494746 -0.800791)
(0.233007 0.391659 -2.92814)
(-0.233007 0.39164 -2.92816)
(-0.408646 0.494744 -0.80078)
(-0.60221 0.602213 1.41379)
(-0.352154 0.466417 1.99908)
(-0.21023 0.272037 2.03821)
(0.355604 0.204159 1.92133)
(0.603323 0.482919 0.858695)
(0.494747 0.408636 -0.800792)
(0.303893 0.303893 -2.21097)
(0.188941 0.321445 -3.79163)
(-0.18894 0.321444 -3.79163)
(-0.303894 0.303893 -2.21096)
(-0.494746 0.408639 -0.800789)
(-0.603325 0.48292 0.858699)
(-0.355604 0.204158 1.92133)
(0.286132 -0.00222326 0.948973)
(0.454205 0.275651 -1.62386)
(0.391662 0.233008 -2.92814)
(0.321445 0.188941 -3.79163)
(0.159301 0.159301 -4.46704)
(-0.159301 0.159301 -4.46704)
(-0.321447 0.18894 -3.79163)
(-0.391658 0.233008 -2.92814)
(-0.454196 0.275651 -1.62387)
(-0.286134 -0.00222304 0.948982)
(0.286156 0.00221573 0.949011)
(0.454154 -0.275607 -1.62394)
(0.391639 -0.233008 -2.92815)
(0.321443 -0.18894 -3.79163)
(0.159301 -0.159301 -4.46704)
(-0.159301 -0.159301 -4.46704)
(-0.321445 -0.18894 -3.79162)
(-0.391637 -0.233008 -2.92815)
(-0.45415 -0.275611 -1.62395)
(-0.286155 0.00221649 0.949016)
(0.3556 -0.204149 1.92133)
(0.603321 -0.482926 0.858695)
(0.494743 -0.408648 -0.800779)
(0.303893 -0.303894 -2.21096)
(0.18894 -0.321446 -3.79163)
(-0.188941 -0.321445 -3.79162)
(-0.303894 -0.303894 -2.21096)
(-0.494743 -0.40865 -0.800777)
(-0.603323 -0.482927 0.858699)
(-0.3556 -0.204149 1.92133)
(0.210229 -0.272036 2.03822)
(0.352156 -0.466411 1.99909)
(0.602214 -0.60221 1.41379)
(0.408641 -0.494746 -0.800788)
(0.233008 -0.391655 -2.92815)
(-0.233007 -0.391638 -2.92816)
(-0.408647 -0.494744 -0.800778)
(-0.602212 -0.602212 1.41379)
(-0.352158 -0.466412 1.9991)
(-0.210229 -0.272036 2.03822)
(0.141184 -0.166164 2.00556)
(0.272055 -0.272053 2.10175)
(0.466417 -0.352155 1.99908)
(0.482921 -0.603325 0.858698)
(0.275643 -0.45419 -1.62389)
(-0.275619 -0.45416 -1.62394)
(-0.482925 -0.603324 0.858698)
(-0.466414 -0.352157 1.99909)
(-0.272054 -0.272053 2.10175)
(-0.141184 -0.166165 2.00556)
(0.101961 -0.101961 1.97399)
(0.166166 -0.141184 2.00556)
(0.272037 -0.21023 2.03821)
(0.204157 -0.355604 1.92133)
(-0.0022216 -0.286137 0.948987)
(0.00221739 -0.28615 0.949009)
(-0.204151 -0.355601 1.92133)
(-0.272037 -0.21023 2.03822)
(-0.166165 -0.141184 2.00556)
(-0.101961 -0.101961 1.97399)
(0.107207 0.107207 1.83066)
(0.17728 0.148362 1.85617)
(0.286055 0.220342 1.87152)
(0.227638 0.360837 1.7393)
(0.00973114 0.31267 0.800278)
(-0.00973012 0.312704 0.800295)
(-0.227638 0.36084 1.7393)
(-0.286055 0.220344 1.87152)
(-0.177279 0.148362 1.85617)
(-0.107207 0.107207 1.83066)
(0.148362 0.17728 1.85617)
(0.290433 0.290433 1.94089)
(0.48695 0.369358 1.84524)
(0.518376 0.650293 0.860722)
(0.269084 0.493628 -1.44695)
(-0.269077 0.493644 -1.44699)
(-0.51841 0.650291 0.860724)
(-0.486951 0.36936 1.84525)
(-0.290435 0.290434 1.94089)
(-0.148362 0.17728 1.85617)
(0.220342 0.286055 1.87152)
(0.369358 0.486949 1.84524)
(0.637256 0.637256 1.34016)
(0.466417 0.609838 -0.627475)
(0.267576 0.472895 -2.72953)
(-0.267575 0.472885 -2.72955)
(-0.466423 0.609835 -0.627473)
(-0.637254 0.637256 1.34017)
(-0.369359 0.48695 1.84525)
(-0.220342 0.286056 1.87152)
(0.360836 0.227638 1.7393)
(0.650294 0.51837 0.860722)
(0.609838 0.466415 -0.627475)
(0.423616 0.423617 -2.01962)
(0.240947 0.36296 -3.57131)
(-0.240947 0.362958 -3.57131)
(-0.42362 0.423619 -2.01961)
(-0.609839 0.466418 -0.627472)
(-0.650294 0.51838 0.860725)
(-0.360837 0.227639 1.7393)
(0.312663 0.00973142 0.800275)
(0.493625 0.269087 -1.44694)
(0.472897 0.267576 -2.72953)
(0.36296 0.240947 -3.57131)
(0.186288 0.186288 -4.21721)
(-0.186289 0.186288 -4.21721)
(-0.362961 0.240946 -3.57131)
(-0.472895 0.267576 -2.72953)
(-0.493631 0.269092 -1.44695)
(-0.312672 0.00973251 0.800282)
(0.312715 -0.00972978 0.8003)
(0.493648 -0.269075 -1.447)
(0.472884 -0.267575 -2.72955)
(0.362959 -0.240947 -3.57131)
(0.186288 -0.186288 -4.21721)
(-0.186289 -0.186288 -4.21721)
(-0.36296 -0.240947 -3.57131)
(-0.472883 -0.267575 -2.72955)
(-0.493652 -0.269081 -1.44701)
(-0.31272 -0.00973078 0.800304)
(0.360841 -0.227637 1.7393)
(0.65029 -0.51842 0.860725)
(0.609835 -0.466424 -0.627472)
(0.423619 -0.42362 -2.01961)
(0.240946 -0.362961 -3.57131)
(-0.240947 -0.362959 -3.57131)
(-0.423622 -0.423622 -2.01961)
(-0.609836 -0.466426 -0.627469)
(-0.650291 -0.518425 0.860727)
(-0.360841 -0.227638 1.7393)
(0.220345 -0.286055 1.87152)
(0.36936 -0.486952 1.84525)
(0.637256 -0.637254 1.34017)
(0.46642 -0.609839 -0.627471)
(0.267576 -0.472893 -2.72954)
(-0.267575 -0.472884 -2.72955)
(-0.466425 -0.609836 -0.62747)
(-0.637254 -0.637254 1.34017)
(-0.369362 -0.486953 1.84526)
(-0.220345 -0.286056 1.87152)
(0.148362 -0.177279 1.85617)
(0.290434 -0.290435 1.94089)
(0.486951 -0.36936 1.84525)
(0.518387 -0.650294 0.860725)
(0.269089 -0.493634 -1.44696)
(-0.269083 -0.493648 -1.447)
(-0.518415 -0.650292 0.860726)
(-0.486953 -0.369361 1.84525)
(-0.290436 -0.290436 1.94089)
(-0.148362 -0.17728 1.85617)
(0.107207 -0.107207 1.83066)
(0.17728 -0.148362 1.85617)
(0.286056 -0.220343 1.87152)
(0.227639 -0.360838 1.7393)
(0.00973221 -0.312679 0.800286)
(-0.00973113 -0.312709 0.8003)
(-0.227639 -0.36084 1.7393)
(-0.286056 -0.220344 1.87152)
(-0.17728 -0.148362 1.85617)
(-0.107207 -0.107207 1.83066)
(0.109885 0.109885 1.68198)
(0.181768 0.150549 1.70116)
(0.289591 0.222024 1.70058)
(0.237514 0.348539 1.55283)
(0.0141128 0.304667 0.653259)
(-0.0141111 0.304691 0.653261)
(-0.237516 0.348543 1.55283)
(-0.289591 0.222026 1.70058)
(-0.181768 0.150549 1.70117)
(-0.109885 0.109885 1.68198)
(0.150549 0.181768 1.70116)
(0.296958 0.296958 1.77363)
(0.48682 0.371209 1.68779)
(0.504844 0.66851 0.845601)
(0.245224 0.48361 -1.29873)
(-0.245221 0.483616 -1.29874)
(-0.504866 0.668509 0.845601)
(-0.486822 0.37121 1.68779)
(-0.29696 0.296959 1.77363)
(-0.150549 0.181768 1.70117)
(0.222024 0.289591 1.70058)
(0.371209 0.486819 1.68779)
(0.650441 0.65044 1.25704)
(0.495367 0.66317 -0.472141)
(0.278647 0.506943 -2.51745)
(-0.278646 0.506941 -2.51745)
(-0.495374 0.663169 -0.472137)
(-0.65044 0.650438 1.25704)
(-0.37121 0.48682 1.68779)
(-0.222025 0.289591 1.70058)
(0.348539 0.237514 1.55283)
(0.66851 0.504838 0.845602)
(0.663171 0.495366 -0.472142)
(0.479539 0.479539 -1.80555)
(0.265268 0.380489 -3.31324)
(-0.265269 0.380486 -3.31324)
(-0.479541 0.479539 -1.80555)
(-0.663171 0.495367 -0.47214)
(-0.668508 0.504848 0.845602)
(-0.348539 0.237515 1.55283)
(0.304661 0.0141131 0.653259)
(0.483608 0.245225 -1.29873)
(0.506943 0.278646 -2.51745)
(0.380489 0.265268 -3.31324)
(0.204773 0.204773 -3.93927)
(-0.204774 0.204773 -3.93927)
(-0.380489 0.265268 -3.31324)
(-0.506944 0.278646 -2.51745)
(-0.483613 0.245226 -1.29873)
(-0.304671 0.0141143 0.653262)
(0.304697 -0.0141106 0.653261)
(0.483616 -0.24522 -1.29875)
(0.50694 -0.278646 -2.51745)
(0.380487 -0.265269 -3.31324)
(0.204773 -0.204774 -3.93927)
(-0.204774 -0.204773 -3.93927)
(-0.380487 -0.265269 -3.31324)
(-0.506941 -0.278646 -2.51745)
(-0.483621 -0.245222 -1.29874)
(-0.304703 -0.0141118 0.653264)
(0.348543 -0.237516 1.55283)
(0.668509 -0.504872 0.845601)
(0.663169 -0.495375 -0.472137)
(0.47954 -0.479541 -1.80555)
(0.265268 -0.380489 -3.31324)
(-0.265269 -0.380487 -3.31324)
(-0.479541 -0.479541 -1.80555)
(-0.663169 -0.495375 -0.472135)
(-0.668507 -0.504878 0.845602)
(-0.348544 -0.237517 1.55283)
(0.222027 -0.289591 1.70058)
(0.37121 -0.486823 1.68779)
(0.650438 -0.65044 1.25704)
(0.495368 -0.663171 -0.472139)
(0.278647 -0.506944 -2.51745)
(-0.278646 -0.506941 -2.51745)
(-0.495375 -0.663169 -0.472135)
(-0.650437 -0.650438 1.25704)
(-0.371211 -0.486823 1.68779)
(-0.222027 -0.289591 1.70058)
(0.15055 -0.181768 1.70117)
(0.296959 -0.29696 1.77363)
(0.48682 -0.37121 1.68779)
(0.504853 -0.668508 0.845602)
(0.245225 -0.483615 -1.29873)
(-0.245223 -0.483621 -1.29874)
(-0.504872 -0.668507 0.845602)
(-0.486823 -0.371211 1.68779)
(-0.296961 -0.296961 1.77363)
(-0.150549 -0.181768 1.70117)
(0.109886 -0.109885 1.68198)
(0.181769 -0.150549 1.70117)
(0.289591 -0.222025 1.70058)
(0.237516 -0.34854 1.55283)
(0.0141139 -0.304676 0.653262)
(-0.0141123 -0.304697 0.653264)
(-0.237517 -0.348543 1.55283)
(-0.289591 -0.222027 1.70058)
(-0.181769 -0.150549 1.70117)
(-0.109886 -0.109885 1.68198)
)
;

boundaryField
{
    bottom
    {
        type            noSlip;
    }
    atmosphere
    {
        type            pressureInletOutletVelocity;
        value           nonuniform List<vector> 0();
    }
    walls
    {
        type            noSlip;
    }
    procBoundary2to0
    {
        type            processor;
        value           nonuniform List<vector> 
100
(
(0.10999 0.10999 1.5326)
(0.180559 0.148367 1.54637)
(0.284306 0.217453 1.53267)
(0.237571 0.325065 1.37151)
(0.0158462 0.289435 0.523415)
(-0.0158455 0.289444 0.523412)
(-0.237573 0.325066 1.37151)
(-0.284306 0.217454 1.53267)
(-0.180559 0.148367 1.54637)
(-0.10999 0.10999 1.5326)
(0.148367 0.180559 1.54637)
(0.294237 0.294237 1.60813)
(0.471537 0.36219 1.53625)
(0.483897 0.654937 0.82165)
(0.219712 0.462314 -1.17136)
(-0.219713 0.462315 -1.17137)
(-0.483906 0.654936 0.821649)
(-0.471539 0.36219 1.53624)
(-0.294238 0.294237 1.60813)
(-0.148367 0.180559 1.54637)
(0.217453 0.284306 1.53267)
(0.36219 0.471537 1.53625)
(0.633927 0.633927 1.17216)
(0.504479 0.679611 -0.330706)
(0.275862 0.506009 -2.31159)
(-0.275862 0.506008 -2.3116)
(-0.504484 0.679609 -0.330706)
(-0.633927 0.633925 1.17216)
(-0.36219 0.471537 1.53625)
(-0.217453 0.284306 1.53267)
(0.325064 0.237571 1.37151)
(0.654937 0.483894 0.82165)
(0.679611 0.504479 -0.330706)
(0.509413 0.509412 -1.59549)
(0.273812 0.379171 -3.05704)
(-0.273813 0.379169 -3.05704)
(-0.509413 0.509412 -1.59549)
(-0.679611 0.504479 -0.330706)
(-0.654936 0.483898 0.821651)
(-0.325064 0.237572 1.37151)
(0.289433 0.0158465 0.523416)
(0.462314 0.219713 -1.17136)
(0.50601 0.275861 -2.31159)
(0.379172 0.273812 -3.05704)
(0.216117 0.216117 -3.65178)
(-0.216117 0.216117 -3.65178)
(-0.379172 0.273812 -3.05703)
(-0.50601 0.275861 -2.31159)
(-0.462315 0.219711 -1.17136)
(-0.289437 0.0158471 0.523416)
(0.289446 -0.0158453 0.523411)
(0.462315 -0.219713 -1.17137)
(0.506008 -0.275862 -2.3116)
(0.37917 -0.273813 -3.05704)
(0.216117 -0.216117 -3.65178)
(-0.216117 -0.216116 -3.65178)
(-0.37917 -0.273812 -3.05704)
(-0.506008 -0.275861 -2.31159)
(-0.462316 -0.219712 -1.17136)
(-0.289449 -0.0158458 0.523411)
(0.325067 -0.237573 1.37151)
(0.654936 -0.483908 0.821649)
(0.67961 -0.504484 -0.330705)
(0.509412 -0.509413 -1.59549)
(0.273812 -0.379172 -3.05703)
(-0.273812 -0.37917 -3.05704)
(-0.509412 -0.509412 -1.59549)
(-0.67961 -0.504484 -0.330705)
(-0.654935 -0.483911 0.82165)
(-0.325067 -0.237574 1.37151)
(0.217455 -0.284306 1.53267)
(0.36219 -0.471539 1.53624)
(0.633925 -0.633927 1.17216)
(0.50448 -0.679611 -0.330706)
(0.275862 -0.50601 -2.31159)
(-0.275861 -0.506009 -2.31159)
(-0.504484 -0.679609 -0.330706)
(-0.633925 -0.633925 1.17216)
(-0.36219 -0.471539 1.53624)
(-0.217455 -0.284306 1.53267)
(0.148367 -0.180559 1.54637)
(0.294238 -0.294239 1.60813)
(0.471537 -0.36219 1.53625)
(0.483901 -0.654936 0.821651)
(0.219711 -0.462315 -1.17136)
(-0.219712 -0.462316 -1.17136)
(-0.483909 -0.654935 0.82165)
(-0.471539 -0.36219 1.53624)
(-0.294239 -0.294239 1.60813)
(-0.148367 -0.180559 1.54637)
(0.10999 -0.10999 1.5326)
(0.180559 -0.148367 1.54637)
(0.284306 -0.217454 1.53267)
(0.237572 -0.325064 1.37151)
(0.0158468 -0.289439 0.523415)
(-0.0158461 -0.289447 0.523412)
(-0.237573 -0.325066 1.37151)
(-0.284306 -0.217455 1.53267)
(-0.180559 -0.148367 1.54637)
(-0.10999 -0.10999 1.5326)
)
;
    }
    procBoundary2to3
    {
        type            processor;
        value           nonuniform List<vector> 
100
(
(0.108337 0.108337 2.69432)
(0.0570989 0.118607 2.54775)
(-0.0342555 0.159091 2.56411)
(-0.372176 0.0902753 2.46138)
(-0.364297 -0.181637 1.77046)
(0.364299 -0.181637 1.77046)
(0.372176 0.0902755 2.46138)
(0.0342549 0.159091 2.5641)
(-0.0570996 0.118607 2.54775)
(-0.108338 0.108338 2.69432)
(0.118607 0.0570991 2.54775)
(0.100279 0.100279 2.34216)
(-0.0907095 0.108884 2.22803)
(-0.451727 0.155453 0.343835)
(0.00430117 0.00772351 -2.55589)
(-0.00430046 0.00772387 -2.55588)
(0.451727 0.155453 0.343838)
(0.0907093 0.108884 2.22803)
(-0.10028 0.100279 2.34216)
(-0.118607 0.0570999 2.54775)
(0.159091 -0.0342553 2.56411)
(0.108884 -0.0907092 2.22803)
(0.213308 0.213308 1.27066)
(-0.0650908 0.193893 -1.84374)
(0.177194 -0.31295 -3.70064)
(-0.177194 -0.312949 -3.70064)
(0.0650903 0.193891 -1.84373)
(-0.213307 0.213307 1.27067)
(-0.108883 -0.0907092 2.22803)
(-0.159091 -0.0342539 2.5641)
(0.0902753 -0.372176 2.46138)
(0.155453 -0.451727 0.343835)
(0.193893 -0.0650908 -1.84374)
(0.124025 0.124025 -1.9005)
(0.255348 -0.159502 -3.68276)
(-0.255347 -0.159501 -3.68275)
(-0.124026 0.124029 -1.90049)
(-0.19389 -0.065089 -1.84373)
(-0.15545 -0.451728 0.343833)
(-0.0902739 -0.372175 2.46138)
(-0.181637 -0.364297 1.77046)
(0.00772346 0.00430132 -2.55589)
(-0.31295 0.177194 -3.70064)
(-0.159502 0.255348 -3.68276)
(-0.00303307 -0.00303287 -4.68154)
(0.00303165 -0.00303445 -4.68154)
(0.1595 0.25535 -3.68275)
(0.312951 0.177195 -3.70064)
(-0.00772397 0.00430119 -2.55589)
(0.181637 -0.364296 1.77046)
(-0.181637 0.364299 1.77046)
(0.00772371 -0.00430007 -2.55588)
(-0.312949 -0.177194 -3.70064)
(-0.159501 -0.255347 -3.68275)
(-0.0030344 0.00303142 -4.68154)
(0.003033 0.00303301 -4.68154)
(0.159498 -0.255349 -3.68274)
(0.31295 -0.177194 -3.70064)
(-0.00772412 -0.00429999 -2.55588)
(0.181637 0.364298 1.77046)
(0.0902757 0.372176 2.46138)
(0.155453 0.451727 0.343839)
(0.193891 0.0650903 -1.84373)
(0.124029 -0.124026 -1.90049)
(0.25535 0.1595 -3.68275)
(-0.255349 0.159498 -3.68274)
(-0.12403 -0.124031 -1.90047)
(-0.193887 0.0650886 -1.84373)
(-0.155451 0.451727 0.343836)
(-0.0902739 0.372175 2.46137)
(0.159091 0.0342545 2.5641)
(0.108884 0.0907088 2.22803)
(0.213307 -0.213307 1.27067)
(-0.065089 -0.19389 -1.84373)
(0.177195 0.31295 -3.70064)
(-0.177194 0.312949 -3.70064)
(0.0650886 -0.193888 -1.84373)
(-0.213305 -0.213305 1.27068)
(-0.108883 0.0907095 2.22803)
(-0.159091 0.034254 2.5641)
(0.118607 -0.0570998 2.54775)
(0.100279 -0.10028 2.34216)
(-0.0907095 -0.108883 2.22803)
(-0.451728 -0.15545 0.343833)
(0.00430104 -0.00772401 -2.55589)
(-0.00430036 -0.00772427 -2.55588)
(0.451727 -0.155451 0.343835)
(0.09071 -0.108883 2.22803)
(-0.100279 -0.10028 2.34216)
(-0.118607 -0.0570999 2.54775)
(0.108338 -0.108338 2.69432)
(0.0570998 -0.118608 2.54775)
(-0.0342541 -0.159091 2.5641)
(-0.372175 -0.0902739 2.46138)
(-0.364297 0.181637 1.77046)
(0.364298 0.181637 1.77046)
(0.372175 -0.0902738 2.46137)
(0.0342543 -0.159091 2.5641)
(-0.0570998 -0.118607 2.54775)
(-0.108338 -0.108338 2.69432)
)
;
    }
}


// ************************************************************************* //
