/*--------------------------------*- C++ -*----------------------------------*\
| =========                 |                                                 |
| \\      /  F ield         | OpenFOAM: The Open Source CFD Toolbox           |
|  \\    /   O peration     | Version:  2412                                  |
|   \\  /    A nd           | Website:  www.openfoam.com                      |
|    \\/     M anipulation  |                                                 |
\*---------------------------------------------------------------------------*/
FoamFile
{
    version     2.0;
    format      ascii;
    arch        "LSB;label=32;scalar=64";
    class       volScalarField;
    location    "0.82";
    object      p;
}
// * * * * * * * * * * * * * * * * * * * * * * * * * * * * * * * * * * * * * //

dimensions      [1 -1 -2 0 0 0 0];

internalField   nonuniform List<scalar> 
4000
(
179.552
114.457
79.651
56.3265
52.2075
52.2076
56.3264
79.6509
114.457
179.552
114.457
63.1176
41.512
23.8124
21.93
21.93
23.8122
41.5119
63.117
114.457
79.651
41.512
43.5315
31.2691
27.6412
27.6412
31.269
43.5315
41.512
79.651
56.3265
23.8126
31.269
21.209
19.9422
19.9419
21.2087
31.2688
23.8126
56.3264
52.2075
21.93
27.6411
19.9424
19.8094
19.8094
19.9423
27.6409
21.93
52.2076
52.2076
21.9298
27.641
19.9418
19.8094
19.8094
19.9417
27.6408
21.9298
52.2076
56.3265
23.8125
31.2689
21.2085
19.9422
19.9419
21.2083
31.2686
23.8126
56.3264
79.6509
41.512
43.5315
31.2687
27.6408
27.6408
31.2686
43.5315
41.512
79.6509
114.457
63.1168
41.512
23.8125
21.9301
21.9301
23.8123
41.512
63.1162
114.457
179.552
114.457
79.651
56.3264
52.2077
52.2077
56.3264
79.6509
114.457
179.551
128.647
58.2202
41.4466
33.3884
23.7489
23.7489
33.3885
41.4464
58.2198
128.646
58.2202
9.74462
17.0385
9.77776
8.86304
8.86325
9.77755
17.0385
9.74421
58.2199
41.4467
17.0386
32.4489
23.9061
18.0564
18.0567
23.9061
32.4489
17.0386
41.4467
33.3883
9.77784
23.9061
17.0608
16.0649
16.0648
17.0607
23.9059
9.77777
33.3883
23.7489
8.86292
18.0564
16.0651
15.5964
15.5963
16.0652
18.0563
8.86278
23.7489
23.7489
8.86316
18.0567
16.0649
15.5961
15.5961
16.065
18.0567
8.86295
23.7489
33.3886
9.77754
23.9061
17.0607
16.065
16.065
17.0606
23.9059
9.77749
33.3886
41.4464
17.0384
32.4489
23.9059
18.0564
18.0566
23.9059
32.4489
17.0385
41.4464
58.2197
9.74395
17.0387
9.77767
8.86273
8.86288
9.77749
17.0386
9.7435
58.2194
128.646
58.2198
41.4467
33.3883
23.749
23.7489
33.3885
41.4465
58.2194
128.645
78.688
34.4827
31.9857
20.7105
16.5504
16.5504
20.7107
31.9858
34.4823
78.6877
34.4827
8.12972
13.7574
8.76774
9.12528
9.1251
8.76777
13.7574
8.12908
34.4824
31.9857
13.7575
23.5761
17.2644
14.0376
14.0378
17.2645
23.5763
13.7576
31.9859
20.7104
8.76772
17.2642
15.9131
16.6
16.5998
15.913
17.2642
8.76776
20.7105
16.5504
9.12539
14.0376
16.6002
15.6946
15.6946
16.6004
14.0376
9.12534
16.5506
16.5505
9.12502
14.0379
16.5997
15.6945
15.6946
16.5998
14.0379
9.12497
16.5505
20.7108
8.76774
17.2645
15.9131
16.6004
16.6001
15.9131
17.2645
8.76776
20.7108
31.9859
13.7574
23.5764
17.2642
14.0376
14.0378
17.2644
23.5766
13.7575
31.986
34.4822
8.12875
13.7576
8.76778
9.12526
9.12506
8.7678
13.7576
8.12807
34.4818
78.6875
34.4822
31.986
20.7107
16.5506
16.5506
20.7109
31.9861
34.4819
78.6871
47.5278
20.9371
21.4252
16.1605
13.8958
13.8957
16.1605
21.4252
20.9368
47.5274
20.9371
6.60392
10.6582
7.54631
9.3139
9.31376
7.54631
10.6581
6.60321
20.9369
21.4252
10.6583
14.4632
10.7984
13.2879
13.2881
10.7985
14.4633
10.6585
21.4253
16.1605
7.54635
10.7984
14.6694
15.2216
15.2213
14.6696
10.7985
7.54641
16.1604
13.8958
9.31401
13.2879
15.2218
14.7192
14.7189
15.2219
13.288
9.31404
13.8958
13.8957
9.31375
13.2881
15.2212
14.7186
14.7184
15.2213
13.2882
9.31379
13.8957
16.1605
7.54631
10.7985
14.6699
15.2218
15.2215
14.67
10.7986
7.54639
16.1605
21.4252
10.6581
14.4634
10.7986
13.2881
13.2883
10.7986
14.4635
10.6584
21.4253
20.9366
6.60281
10.6587
7.54643
9.314
9.31387
7.54644
10.6586
6.60204
20.9364
47.5272
20.9368
21.4254
16.1605
13.8957
13.8957
16.1605
21.4254
20.9364
47.5268
30.8788
16.3449
19.5915
14.4876
14.2911
14.2911
14.4876
19.5916
16.3448
30.8788
16.345
6.39646
11.0458
8.14334
10.248
10.2478
8.14333
11.0457
6.39607
16.345
19.5916
11.0458
13.7137
11.5726
12.825
12.8249
11.5726
13.7138
11.0459
19.5918
14.4876
8.14336
11.5725
14.1921
14.6099
14.6096
14.1921
11.5725
8.14341
14.4876
14.2911
10.2482
12.825
14.61
13.7014
13.701
14.6099
12.8249
10.2482
14.2911
14.291
10.2478
12.8247
14.6095
13.7005
13.7002
14.6095
12.8247
10.2479
14.2911
14.4877
8.14334
11.5726
14.1922
14.6098
14.6095
14.1922
11.5726
8.1434
14.4877
19.5917
11.0457
13.7138
11.5726
12.8248
12.8247
11.5727
13.7138
11.0458
19.5918
16.3448
6.39585
11.046
8.14347
10.2483
10.2481
8.14346
11.0459
6.39545
16.3447
30.8788
16.3449
19.5918
14.4877
14.2912
14.2912
14.4877
19.5919
16.3447
30.8787
21.1928
13.3401
15.9181
13.2343
13.0746
13.0746
13.2344
15.9181
13.3401
21.1928
13.3402
5.81251
10.6812
8.74986
10.6269
10.6266
8.74969
10.6811
5.81228
13.3402
15.9181
10.6812
13.0928
10.8351
12.0324
12.0323
10.835
13.0928
10.6812
15.9182
13.2342
8.74992
10.8351
13.0165
13.596
13.5961
13.0166
10.835
8.74993
13.2342
13.0745
10.627
12.0324
13.5959
12.7587
12.7586
13.5957
12.0325
10.627
13.0745
13.0745
10.6265
12.0323
13.596
12.7585
12.7584
13.5958
12.0323
10.6266
13.0745
13.2344
8.74967
10.835
13.0165
13.5955
13.5956
13.0166
10.8349
8.7497
13.2344
15.9182
10.6811
13.0928
10.835
12.0325
12.0324
10.835
13.0928
10.6811
15.9182
13.34
5.81216
10.6813
8.74997
10.627
10.6267
8.74983
10.6812
5.81196
13.34
21.1928
13.3402
15.9182
13.2343
13.0745
13.0745
13.2344
15.9182
13.3401
21.1927
18.7993
12.0975
15.7202
13.0271
13.0012
13.0012
13.0271
15.7202
12.0974
18.7993
12.0976
5.6809
10.9215
9.3675
10.9173
10.9172
9.36732
10.9214
5.6807
12.0977
15.7203
10.9215
12.7423
10.8525
11.7195
11.7195
10.8524
12.7422
10.9214
15.7204
13.027
9.36754
10.8525
11.6613
12.3383
12.3386
11.6614
10.8524
9.36749
13.0271
13.0012
10.9174
11.7195
12.3382
12.0822
12.0822
12.3382
11.7195
10.9173
13.0012
13.0012
10.9172
11.7195
12.3386
12.0823
12.0823
12.3385
11.7196
10.9171
13.0012
13.0271
9.36726
10.8524
11.6614
12.3381
12.3383
11.6615
10.8523
9.36725
13.0272
15.7203
10.9215
12.7421
10.8524
11.7196
11.7196
10.8524
12.7421
10.9214
15.7203
12.0974
5.68059
10.9214
9.36746
10.9172
10.9171
9.36731
10.9214
5.6804
12.0974
18.7992
12.0976
15.7204
13.0272
13.0013
13.0013
13.0272
15.7204
12.0974
18.7992
14.3166
10.6094
14.441
12.1573
11.8727
11.8727
12.1573
14.441
10.6094
14.3166
10.6095
5.89126
10.7548
9.52709
10.5825
10.5824
9.52692
10.7548
5.89108
10.6096
14.4409
10.7546
12.2577
10.4232
11.1232
11.1233
10.4232
12.2575
10.7545
14.4409
12.1573
9.52714
10.4231
10.6078
11.1736
11.1738
10.6078
10.4231
9.52706
12.1573
11.8728
10.5825
11.1232
11.1736
11.398
11.3981
11.1736
11.1232
10.5825
11.8728
11.8727
10.5824
11.1233
11.1739
11.3982
11.3982
11.1739
11.1232
10.5823
11.8727
12.1572
9.52684
10.4231
10.6078
11.1737
11.1738
10.6078
10.4231
9.52682
12.1573
14.441
10.7547
12.2574
10.4232
11.1232
11.1232
10.4232
12.2573
10.7546
14.4409
10.6094
5.89095
10.7545
9.52697
10.5824
10.5823
9.52685
10.7545
5.89071
10.6094
14.3165
10.6096
14.4409
12.1573
11.8728
11.8727
12.1573
14.4409
10.6095
14.3164
15.5387
10.9031
14.2575
11.8605
11.4719
11.4719
11.8606
14.2575
10.9029
15.5387
10.9034
4.80638
9.38376
9.59754
10.2398
10.2398
9.59739
9.3836
4.8061
10.9038
14.2575
9.38393
11.444
9.86524
10.6415
10.6416
9.86525
11.4438
9.38398
14.2575
11.8605
9.59758
9.8651
10.1153
10.4654
10.4655
10.1154
9.8651
9.59752
11.8606
11.4719
10.2398
10.6415
10.4654
10.8471
10.8471
10.4654
10.6415
10.2398
11.4719
11.4719
10.2398
10.6416
10.4656
10.8472
10.8472
10.4656
10.6415
10.2398
11.4719
11.8606
9.59732
9.86516
10.1155
10.4655
10.4655
10.1156
9.86519
9.59729
11.8607
14.2574
9.38358
11.4435
9.86528
10.6415
10.6416
9.8653
11.4432
9.38354
14.2574
10.9031
4.80599
9.38382
9.59742
10.2397
10.2397
9.5973
9.3836
4.80579
10.9034
15.5387
10.9037
14.2575
11.8606
11.472
11.472
11.8607
14.2574
10.9035
15.5387
15.0985
9.36075
12.2753
11.2725
10.67
10.67
11.2726
12.2754
9.3609
15.0985
9.36078
6.32685
8.62719
9.47933
9.81156
9.81164
9.4793
8.62717
6.32669
9.36083
12.2752
8.62707
10.3824
9.48717
10.1967
10.1969
9.48719
10.3823
8.62689
12.2751
11.2725
9.47931
9.48709
9.80227
10.0633
10.0633
9.80247
9.4871
9.47926
11.2726
10.67
9.81155
10.1967
10.0633
10.3793
10.3794
10.0633
10.1967
9.81156
10.67
10.67
9.81167
10.1969
10.0634
10.3794
10.3794
10.0634
10.1969
9.81166
10.67
11.2726
9.47928
9.48715
9.80262
10.0633
10.0634
9.80275
9.48716
9.47925
11.2727
12.2753
8.62709
10.3822
9.4872
10.1968
10.197
9.48721
10.382
8.62696
12.2752
9.36091
6.32665
8.62691
9.47923
9.81158
9.81164
9.47923
8.62694
6.32656
9.36082
15.0985
9.36079
12.2751
11.2727
10.67
10.6701
11.2727
12.2752
9.36078
15.0985
13.2588
8.32364
11.2485
10.5527
10.0309
10.0309
10.5528
11.2484
8.32368
13.2588
8.32371
7.54274
8.72271
9.44098
9.49522
9.49527
9.44105
8.72268
7.54269
8.32372
11.2485
8.72271
9.74437
9.53079
9.89012
9.89029
9.53085
9.74427
8.72273
11.2484
10.5527
9.44097
9.5307
9.42424
9.7411
9.74116
9.42432
9.53074
9.44101
10.5528
10.031
9.49523
9.89013
9.74108
9.95236
9.9524
9.74106
9.89018
9.49526
10.031
10.0309
9.49529
9.89035
9.7412
9.95244
9.95247
9.74117
9.89038
9.49531
10.0309
10.5528
9.44108
9.53085
9.42441
9.74111
9.74117
9.42448
9.53089
9.44111
10.5528
11.2484
8.72265
9.74423
9.53085
9.89023
9.89037
9.53091
9.74413
8.72266
11.2484
8.32372
7.54268
8.72274
9.44103
9.49528
9.49531
9.4411
8.72273
7.54267
8.3237
13.2588
8.3237
11.2485
10.5529
10.031
10.0309
10.5529
11.2484
8.32369
13.2588
11.5376
8.05182
10.5182
9.94402
9.42194
9.42194
9.94398
10.5182
8.05188
11.5376
8.05189
7.50472
8.19038
9.17673
8.98749
8.98751
9.17676
8.19042
7.5047
8.05188
10.5181
8.19021
9.34216
9.55172
9.60902
9.609
9.5517
9.34209
8.19016
10.5181
9.94403
9.17672
9.55165
8.79495
9.33681
9.33686
8.7951
9.55168
9.17674
9.94409
9.42196
8.98749
9.60902
9.33679
9.53452
9.53455
9.33678
9.60903
8.9875
9.42197
9.42195
8.98752
9.60899
9.33688
9.53458
9.53461
9.33687
9.609
8.98751
9.42196
9.94397
9.17678
9.55166
8.79519
9.33681
9.33686
8.7953
9.55171
9.17681
9.94399
10.5182
8.19028
9.34205
9.55178
9.60905
9.60904
9.55176
9.34196
8.19018
10.5181
8.05193
7.5047
8.19023
9.17677
8.98751
8.98752
9.17681
8.19021
7.50469
8.0519
11.5375
8.05185
10.5181
9.94412
9.42196
9.42195
9.94405
10.5181
8.05187
11.5375
11.7853
7.87449
9.89034
9.26876
9.04251
9.04258
9.26872
9.89035
7.87454
11.7853
7.87454
7.6611
8.26924
8.60673
8.62984
8.62988
8.60679
8.26926
7.66108
7.87451
9.8903
8.26913
9.13547
9.29516
9.23825
9.2382
9.29504
9.13532
8.26907
9.8902
9.26878
8.60673
9.29511
8.22719
8.94486
8.9449
8.22718
9.29512
8.60672
9.26881
9.04249
8.62985
9.23826
8.94483
9.11308
9.1131
8.94483
9.23825
8.62986
9.04251
9.04259
8.62993
9.23818
8.9449
9.11312
9.11314
8.9449
9.23819
8.62993
9.0426
9.26871
8.60682
9.29498
8.22719
8.94484
8.94488
8.22722
9.29504
8.60682
9.26873
9.89033
8.26918
9.13526
9.29518
9.23824
9.23821
9.29509
9.13515
8.26913
9.89027
7.87459
7.66108
8.26913
8.60672
8.62983
8.62987
8.60678
8.26914
7.66107
7.87457
11.7853
7.87448
9.89021
9.26882
9.04252
9.04258
9.26876
9.89024
7.87453
11.7852
12.6203
7.8022
9.41858
8.73285
8.65249
8.65254
8.73286
9.41858
7.80222
12.6202
7.80226
7.50905
8.03517
8.02849
8.55183
8.55186
8.02856
8.03517
7.50904
7.80223
9.41858
8.03507
9.03384
8.85273
8.8501
8.85007
8.85271
9.03364
8.03501
9.41847
8.73282
8.02848
8.85269
8.14645
8.57597
8.57599
8.14632
8.85268
8.02846
8.73284
8.65247
8.55182
8.85011
8.57595
8.65929
8.65932
8.57594
8.85012
8.55179
8.6525
8.65254
8.55188
8.85006
8.57599
8.65933
8.65935
8.57597
8.85007
8.55185
8.65256
8.73286
8.0286
8.85267
8.14629
8.57593
8.57595
8.14626
8.85268
8.02859
8.73289
9.4186
8.03511
9.03356
8.85272
8.8501
8.85008
8.85271
9.03342
8.03503
9.41851
7.80226
7.50903
8.03505
8.02846
8.55178
8.55182
8.02854
8.03504
7.50901
7.80223
12.6201
7.80219
9.41843
8.73284
8.65252
8.65257
8.73287
9.41846
7.8022
12.62
8.99458
7.66794
8.68499
8.1558
8.32507
8.32515
8.15581
8.68494
7.66792
8.9945
7.66799
7.458
7.82245
7.79442
8.2071
8.20711
7.79442
7.82249
7.45798
7.66798
8.68503
7.8224
8.61309
8.24926
8.3938
8.3938
8.24929
8.61292
7.82232
8.68493
8.15576
7.79439
8.24924
8.10371
8.16827
8.16828
8.10354
8.24923
7.79432
8.15575
8.32504
8.20708
8.39381
8.16827
8.20111
8.20113
8.16825
8.39381
8.20704
8.32507
8.32514
8.20709
8.39381
8.16829
8.20112
8.20113
8.16826
8.39381
8.20705
8.32515
8.15578
7.79441
8.24928
8.10349
8.16824
8.16825
8.10342
8.24928
7.79436
8.15579
8.68494
7.82247
8.61287
8.24927
8.39379
8.39381
8.24931
8.61274
7.82237
8.68486
7.66795
7.45797
7.82233
7.79433
8.20706
8.20707
7.79435
7.82234
7.45795
7.66793
8.99447
7.66795
8.68489
8.1558
8.32509
8.32515
8.15583
8.68484
7.66792
8.99439
8.37707
7.4185
8.07406
7.69329
7.87582
7.87588
7.6934
8.07397
7.41846
8.37709
7.41855
7.3634
7.51116
7.64495
7.77182
7.7718
7.64492
7.51123
7.36336
7.41856
8.07409
7.51113
7.87725
7.59959
7.82019
7.82025
7.59969
7.87713
7.51108
8.07401
7.69323
7.64494
7.5996
7.84536
7.72399
7.72398
7.84532
7.59966
7.64489
7.69326
7.8758
7.77182
7.82019
7.72399
7.77177
7.77177
7.72399
7.82016
7.77178
7.87582
7.87588
7.77179
7.82028
7.72399
7.77177
7.77177
7.72399
7.82025
7.77175
7.87589
7.69339
7.6449
7.59975
7.84531
7.72399
7.72399
7.8453
7.5998
7.64487
7.69338
8.07395
7.51124
7.8771
7.59967
7.82016
7.82023
7.59977
7.87705
7.51114
8.07392
7.41849
7.36335
7.51108
7.64491
7.77178
7.77176
7.64489
7.5111
7.36331
7.41849
8.37708
7.41854
8.07398
7.69331
7.87586
7.87592
7.6934
8.07392
7.41849
8.37705
7.91587
7.12158
7.53841
7.27174
7.4025
7.40246
7.2719
7.53833
7.12159
7.91591
7.12161
7.11042
7.14364
7.30302
7.33599
7.33597
7.30299
7.1437
7.1104
7.12163
7.53842
7.14363
7.12869
7.02381
7.24215
7.24224
7.02392
7.12864
7.14361
7.5384
7.27171
7.30304
7.02381
7.49062
7.30916
7.30915
7.49069
7.02385
7.30305
7.27178
7.40253
7.336
7.24214
7.30917
7.35879
7.35879
7.3092
7.24212
7.33597
7.4025
7.40247
7.33597
7.24227
7.30916
7.35879
7.35879
7.30919
7.24223
7.33595
7.40245
7.27193
7.303
7.02399
7.49072
7.30921
7.3092
7.49077
7.02403
7.30301
7.27193
7.53831
7.14372
7.12863
7.02386
7.24211
7.2422
7.02398
7.12865
7.14365
7.53833
7.1216
7.11039
7.1436
7.30304
7.33597
7.33595
7.30302
7.14362
7.11035
7.12158
7.91589
7.12161
7.5384
7.27181
7.40249
7.40245
7.27192
7.53836
7.12158
7.91582
8.07367
6.80976
6.99696
6.82565
6.95115
6.95114
6.82576
6.99676
6.80973
8.07373
6.80979
6.78534
6.76212
6.92764
6.95541
6.95543
6.92759
6.76218
6.78531
6.80978
6.99703
6.76213
6.60886
6.52489
6.79379
6.79388
6.52492
6.60886
6.76211
6.99697
6.82565
6.92765
6.5249
7.11631
6.89698
6.89698
7.11648
6.52489
6.92764
6.82571
6.95118
6.95542
6.79378
6.89699
6.94745
6.94745
6.89705
6.79377
6.95542
6.95115
6.95116
6.95545
6.79391
6.89699
6.94745
6.94745
6.89705
6.79388
6.95544
6.95114
6.8258
6.9276
6.52496
7.11653
6.89707
6.89707
7.11663
6.52496
6.92759
6.8258
6.99674
6.7622
6.60887
6.52487
6.79377
6.79385
6.52493
6.60889
6.76216
6.99674
6.80972
6.7853
6.7621
6.92763
6.95541
6.95543
6.9276
6.76212
6.78527
6.80969
8.07368
6.80976
6.99692
6.82571
6.95113
6.95111
6.82577
6.99676
6.8097
8.07362
6.96391
6.29741
6.59934
6.38758
6.57565
6.5757
6.38763
6.59935
6.29737
6.96388
6.29742
6.39062
6.37292
6.55228
6.59714
6.59715
6.55216
6.37294
6.39056
6.2974
6.59936
6.37293
6.23235
6.11464
6.45244
6.45248
6.1146
6.23235
6.37291
6.59934
6.38758
6.5523
6.11465
6.70048
6.51212
6.51211
6.70062
6.11461
6.55224
6.3876
6.57565
6.59715
6.45244
6.51213
6.58619
6.58619
6.51213
6.45243
6.59713
6.57566
6.57571
6.59716
6.4525
6.51211
6.58619
6.58619
6.51212
6.45247
6.59715
6.57571
6.38765
6.55214
6.1146
6.70065
6.51213
6.51213
6.70074
6.11458
6.55212
6.38767
6.59936
6.37296
6.23235
6.11459
6.45242
6.45245
6.11457
6.23233
6.37294
6.59935
6.29737
6.39055
6.37289
6.55223
6.59713
6.59714
6.55214
6.37292
6.3905
6.29734
6.96393
6.29739
6.59933
6.38761
6.57567
6.57571
6.38765
6.59933
6.29735
6.96397
6.43137
5.79438
6.33079
5.98568
6.24028
6.24033
5.98561
6.33083
5.79433
6.43152
5.79439
5.98607
6.02132
6.21978
6.26044
6.26046
6.21967
6.02132
5.98602
5.79434
6.33079
6.02134
5.99179
5.82399
6.16216
6.16216
5.82395
5.99175
6.0213
6.3308
5.98569
6.21979
5.82401
6.27972
6.16894
6.16892
6.27978
5.82397
6.21973
5.98567
6.24028
6.26045
6.16216
6.16894
6.24955
6.24955
6.16892
6.16213
6.26043
6.24028
6.24034
6.26046
6.16217
6.16892
6.24954
6.24954
6.16891
6.16213
6.26045
6.24033
5.98559
6.21965
5.82395
6.27979
6.16892
6.16891
6.27983
5.82393
6.21962
5.9856
6.33084
6.02133
5.99173
5.82395
6.16212
6.16212
5.82392
5.99165
6.02132
6.33084
5.79432
5.98601
6.02129
6.21971
6.26043
6.26044
6.21964
6.0213
5.98597
5.79428
6.43159
5.79432
6.3308
5.98566
6.24029
6.24032
5.98561
6.33083
5.79428
6.43166
8.12317
5.39819
6.21474
5.73376
5.95652
5.95655
5.73363
6.21473
5.39816
8.1225
5.3982
5.6083
5.66601
5.9149
5.9335
5.93351
5.91483
5.66602
5.6083
5.39817
6.21474
5.66602
5.94082
5.57309
5.90004
5.90003
5.57308
5.94076
5.66599
6.2147
5.73379
5.91491
5.57312
5.87124
5.8472
5.84718
5.87128
5.5731
5.91487
5.73374
5.95652
5.9335
5.90005
5.8472
5.92639
5.92638
5.84718
5.90002
5.93349
5.95652
5.95655
5.93352
5.90003
5.84718
5.92638
5.92637
5.84717
5.9
5.93351
5.95655
5.7336
5.91481
5.57308
5.87129
5.84717
5.84717
5.8713
5.57307
5.9148
5.73358
6.21473
5.66602
5.94072
5.57308
5.9
5.89999
5.57306
5.94062
5.66601
6.2147
5.39816
5.6083
5.66598
5.91486
5.93349
5.9335
5.91481
5.666
5.60829
5.39813
8.12232
5.39816
6.21469
5.73372
5.95651
5.95654
5.73361
6.21469
5.39812
8.1221
7.8774
4.93366
5.99918
5.55937
5.66878
5.66878
5.55932
5.99917
4.93367
7.87749
4.93367
5.26306
5.24792
5.59991
5.6027
5.60271
5.5999
5.24792
5.26307
4.93366
5.99918
5.24793
5.84968
5.32577
5.63782
5.63782
5.32577
5.84967
5.2479
5.99916
5.55937
5.59991
5.32578
5.51173
5.54212
5.54211
5.51174
5.32577
5.59991
5.55936
5.66879
5.6027
5.63783
5.54212
5.62079
5.62079
5.54211
5.6378
5.60269
5.66878
5.66879
5.60272
5.63781
5.54211
5.62079
5.62078
5.5421
5.63778
5.60271
5.66879
5.55931
5.59989
5.32577
5.51174
5.5421
5.5421
5.51173
5.32575
5.59989
5.5593
5.99917
5.24792
5.84965
5.32576
5.63779
5.63777
5.32575
5.84958
5.2479
5.99916
4.93368
5.26307
5.24789
5.59991
5.60268
5.6027
5.59989
5.2479
5.26307
4.93365
7.87752
4.93365
5.99915
5.55936
5.66877
5.66878
5.55931
5.99914
4.93363
7.87751
7.36163
4.51452
5.66778
5.43117
5.37039
5.37038
5.4312
5.66778
4.51452
7.36176
4.51453
4.88119
4.8263
5.29919
5.27227
5.27228
5.29922
4.82631
4.88122
4.51453
5.66778
4.8263
5.59385
5.0902
5.35827
5.35826
5.09016
5.59385
4.82626
5.66777
5.43117
5.29919
5.09021
5.19135
5.23786
5.23785
5.19133
5.09018
5.29921
5.43119
5.3704
5.27227
5.35827
5.23786
5.31515
5.31515
5.23784
5.35825
5.27225
5.37039
5.37039
5.27229
5.35825
5.23785
5.31515
5.31514
5.23783
5.35823
5.27227
5.37038
5.43121
5.29923
5.09014
5.19132
5.23783
5.23783
5.1913
5.09011
5.29923
5.43121
5.66778
4.8263
5.59384
5.09016
5.35824
5.35823
5.09012
5.5938
4.82627
5.66777
4.51453
4.88122
4.82625
5.29921
5.27225
5.27226
5.29923
4.82626
4.88124
4.51452
7.3618
4.51451
5.66776
5.43119
5.37038
5.37037
5.4312
5.66775
4.5145
7.36186
7.02973
4.19946
5.30879
5.25333
5.06765
5.06762
5.25336
5.3088
4.19946
7.02992
4.19947
4.50655
4.49189
4.98975
4.94854
4.94854
4.98975
4.4919
4.50657
4.19947
5.3088
4.49188
5.20746
4.85311
5.06799
5.06798
4.85303
5.20745
4.49184
5.30879
5.25332
4.98975
4.85312
4.89236
4.93465
4.93464
4.89232
4.85307
4.98975
5.25334
5.06766
4.94854
5.06799
4.93465
5.00763
5.00763
4.93463
5.06798
4.94852
5.06764
5.06762
4.94854
5.06797
4.93464
5.00763
5.00763
4.93462
5.06795
4.94853
5.06761
5.25339
4.98975
4.85301
4.89231
4.93462
4.93462
4.89228
4.85297
4.98975
5.25339
5.30881
4.49192
5.20744
4.85305
5.06798
5.06796
4.85298
5.20742
4.49187
5.3088
4.19947
4.50658
4.4918
4.98975
4.94852
4.94852
4.98975
4.49182
4.50659
4.19947
7.02997
4.19946
5.30878
5.25334
5.06763
5.06761
5.25336
5.30878
4.19946
7.03008
7.39481
3.9421
4.937
4.9197
4.76393
4.76392
4.91972
4.93703
3.9421
7.39479
3.94212
4.14352
4.28747
4.65135
4.6417
4.64171
4.65134
4.28747
4.14354
3.94212
4.937
4.28748
4.79007
4.597
4.77253
4.77254
4.59696
4.79007
4.28744
4.937
4.9197
4.65135
4.597
4.59204
4.63156
4.63155
4.59201
4.59697
4.65134
4.9197
4.76394
4.64171
4.77254
4.63156
4.70219
4.7022
4.63154
4.77254
4.6417
4.76393
4.76392
4.64172
4.77253
4.63155
4.70219
4.70219
4.63154
4.77253
4.64171
4.76392
4.91974
4.65134
4.59696
4.592
4.63154
4.63154
4.59198
4.59693
4.65134
4.91973
4.93705
4.28749
4.79006
4.59695
4.77255
4.77254
4.59692
4.79004
4.28745
4.93704
3.9421
4.14355
4.2874
4.65134
4.64169
4.6417
4.65133
4.2874
4.14356
3.9421
7.39479
3.94212
4.93699
4.91968
4.76392
4.76391
4.9197
4.93701
3.94211
7.3948
5.76059
3.69774
4.53315
4.47449
4.44815
4.44816
4.47453
4.53315
3.69773
5.7605
3.69775
3.79082
4.14518
4.32751
4.34815
4.34816
4.32751
4.14517
3.79084
3.69776
4.53316
4.14519
4.38715
4.32031
4.46935
4.46937
4.3203
4.38717
4.14517
4.53315
4.47449
4.32751
4.32031
4.28079
4.32884
4.32883
4.28076
4.32028
4.32751
4.47449
4.44816
4.34815
4.46936
4.32884
4.39881
4.39881
4.32883
4.46937
4.34816
4.44816
4.44817
4.34817
4.46937
4.32883
4.39881
4.39881
4.32882
4.46938
4.34818
4.44817
4.47455
4.32751
4.32032
4.28075
4.32883
4.32883
4.28073
4.32029
4.32751
4.47455
4.53315
4.14518
4.38718
4.32026
4.46937
4.46938
4.32026
4.3872
4.14517
4.53314
3.69772
3.79084
4.14515
4.3275
4.34816
4.34817
4.3275
4.14514
3.79085
3.69774
5.76048
3.69777
4.53315
4.47448
4.44816
4.44816
4.47451
4.53314
3.69776
5.76044
4.57019
3.41399
4.16391
4.09449
4.13395
4.13396
4.09451
4.16391
3.41399
4.57021
3.414
3.46665
3.94102
4.01803
4.05107
4.05108
4.01802
3.94103
3.46666
3.41401
4.16391
3.94103
4.05241
4.01489
4.16511
4.16512
4.01489
4.05243
3.94104
4.16391
4.09449
4.01803
4.01489
3.96557
4.0296
4.0296
3.96555
4.01485
4.01803
4.0945
4.13396
4.05107
4.16511
4.0296
4.09838
4.09839
4.0296
4.16512
4.05109
4.13396
4.13397
4.05109
4.16513
4.02959
4.09839
4.09839
4.02959
4.16513
4.0511
4.13397
4.09451
4.01802
4.0149
3.96555
4.0296
4.0296
3.96554
4.01487
4.01802
4.09452
4.16391
3.94105
4.05244
4.01482
4.16512
4.16513
4.01482
4.05246
3.94105
4.16391
3.41399
3.46667
3.94103
4.01803
4.05108
4.05109
4.01802
3.94104
3.46667
3.414
4.57021
3.41402
4.16391
4.0945
4.13395
4.13396
4.09451
4.16391
3.41402
4.57022
5.6652
3.13565
3.89809
3.85159
3.83438
3.83438
3.85158
3.89808
3.13566
5.66518
3.13566
3.1454
3.67622
3.70166
3.74822
3.74823
3.70165
3.67625
3.1454
3.13567
3.8981
3.67623
3.78226
3.68801
3.86349
3.86351
3.68801
3.78227
3.67626
3.8981
3.85159
3.70166
3.68801
3.66226
3.73169
3.73168
3.66225
3.68796
3.70166
3.8516
3.83438
3.74822
3.86349
3.73169
3.79811
3.79811
3.73168
3.86349
3.74822
3.83438
3.83439
3.74823
3.86352
3.73168
3.79811
3.79811
3.73168
3.86351
3.74823
3.83439
3.85157
3.70164
3.68802
3.66225
3.73169
3.73168
3.66224
3.68798
3.70164
3.85158
3.89807
3.67626
3.78228
3.68794
3.86349
3.8635
3.68794
3.78229
3.67628
3.89808
3.13566
3.14541
3.67627
3.70166
3.74823
3.74823
3.70165
3.67629
3.14542
3.13567
5.66517
3.13568
3.8981
3.85161
3.83438
3.83439
3.8516
3.89809
3.13569
5.66516
5.25455
2.8903
3.62399
3.63162
3.54199
3.54199
3.6316
3.62398
2.8903
5.25454
2.8903
2.82124
3.38478
3.36863
3.44401
3.44402
3.36862
3.3848
2.82125
2.89031
3.624
3.38479
3.56012
3.36865
3.56563
3.56564
3.36865
3.56012
3.38482
3.624
3.63162
3.36864
3.36866
3.36197
3.43376
3.43376
3.36197
3.36866
3.36863
3.63162
3.54199
3.44401
3.56563
3.43376
3.49771
3.49771
3.43376
3.56563
3.44401
3.54199
3.54199
3.44402
3.56565
3.43376
3.49771
3.49771
3.43376
3.56565
3.44402
3.54199
3.63159
3.36861
3.36864
3.36197
3.43376
3.43376
3.36197
3.36865
3.36861
3.63159
3.62397
3.38479
3.56012
3.36867
3.56563
3.56564
3.36867
3.56012
3.38482
3.62398
2.8903
2.82126
3.38484
3.36863
3.44402
3.44402
3.36862
3.38485
2.82127
2.89031
5.25454
2.89032
3.62401
3.63162
3.54199
3.54199
3.63161
3.624
2.89032
5.25454
4.69168
2.6977
3.35185
3.32171
3.2432
3.24321
3.32167
3.35186
2.69771
4.6917
2.69769
2.56241
3.08952
3.03185
3.13947
3.13947
3.03184
3.08953
2.56243
2.6977
3.35185
3.08952
3.39494
3.09531
3.27105
3.27105
3.0953
3.39493
3.08954
3.35185
3.32171
3.03185
3.09532
3.06573
3.13645
3.13646
3.06573
3.09537
3.03185
3.32169
3.2432
3.13946
3.27105
3.13645
3.19565
3.19565
3.13645
3.27105
3.13947
3.2432
3.24321
3.13947
3.27106
3.13646
3.19565
3.19565
3.13646
3.27106
3.13947
3.24321
3.32165
3.03183
3.09529
3.06573
3.13645
3.13646
3.06572
3.09533
3.03183
3.32164
3.35186
3.08952
3.39493
3.0954
3.27106
3.27106
3.09538
3.39492
3.08954
3.35186
2.69771
2.56244
3.08956
3.03185
3.13947
3.13947
3.03184
3.08956
2.56245
2.69771
4.6917
2.6977
3.35186
3.3217
3.2432
3.24321
3.32167
3.35187
2.69771
4.69172
4.45325
2.47006
3.07101
2.96828
2.93354
2.93354
2.96823
3.07102
2.47007
4.45324
2.47005
2.32795
2.80216
2.7278
2.83445
2.83446
2.7278
2.80218
2.32796
2.47006
3.07101
2.80215
3.24148
2.86034
2.97354
2.97354
2.86034
3.24147
2.80217
3.07101
2.96828
2.7278
2.86035
2.7734
2.83783
2.83783
2.7734
2.8604
2.7278
2.96827
2.93354
2.83445
2.97354
2.83782
2.89064
2.89064
2.83783
2.97355
2.83445
2.93354
2.93354
2.83446
2.97355
2.83783
2.89064
2.89065
2.83784
2.97356
2.83446
2.93355
2.9682
2.72779
2.86034
2.7734
2.83783
2.83783
2.7734
2.86038
2.7278
2.9682
3.07102
2.80219
3.24146
2.86042
2.97355
2.97356
2.86041
3.24146
2.8022
3.07103
2.47007
2.32796
2.80217
2.72781
2.83446
2.83446
2.7278
2.8022
2.32797
2.47007
4.45323
2.47006
3.07101
2.96827
2.93354
2.93355
2.96823
3.07103
2.47007
4.45322
4.31384
2.20896
2.722
2.63625
2.61698
2.61698
2.63622
2.72201
2.20897
4.31386
2.20895
2.07868
2.51751
2.43786
2.5275
2.5275
2.43787
2.51755
2.0787
2.20895
2.722
2.5175
2.97194
2.59457
2.66411
2.66411
2.59457
2.97194
2.51751
2.72201
2.63626
2.43786
2.59457
2.47532
2.53321
2.53321
2.47532
2.5946
2.43787
2.63625
2.61697
2.5275
2.66411
2.5332
2.58127
2.58127
2.53321
2.66412
2.5275
2.61698
2.61698
2.5275
2.66411
2.53321
2.58127
2.58127
2.53321
2.66412
2.5275
2.61699
2.63621
2.43787
2.59457
2.47532
2.53321
2.53321
2.47532
2.59459
2.43787
2.63621
2.72201
2.51756
2.97194
2.59462
2.66412
2.66413
2.59462
2.97194
2.51756
2.72202
2.20897
2.07871
2.5175
2.43787
2.5275
2.52751
2.43788
2.51754
2.07872
2.20897
4.31387
2.20896
2.72201
2.63625
2.61698
2.61699
2.63623
2.72202
2.20897
4.31389
3.81112
1.93791
2.36899
2.3093
2.29662
2.29663
2.3093
2.36902
1.93793
3.81115
1.93791
1.82703
2.24455
2.14152
2.21846
2.21845
2.14154
2.24457
1.82705
1.93791
2.36898
2.24454
2.61219
2.29223
2.34392
2.34392
2.29223
2.61218
2.24454
2.36899
2.3093
2.14152
2.29224
2.17413
2.22397
2.22397
2.17413
2.29225
2.14153
2.3093
2.29662
2.21846
2.34392
2.22397
2.26958
2.26958
2.22397
2.34393
2.21846
2.29663
2.29663
2.21845
2.34393
2.22397
2.26958
2.26959
2.22397
2.34393
2.21846
2.29663
2.30931
2.14155
2.29223
2.17413
2.22397
2.22397
2.17414
2.29225
2.14155
2.30931
2.36903
2.24459
2.61218
2.29226
2.34394
2.34394
2.29226
2.61218
2.24458
2.36903
1.93793
1.82706
2.24453
2.14154
2.21846
2.21846
2.14155
2.24455
1.82707
1.93793
3.81116
1.93791
2.36899
2.30931
2.29663
2.29663
2.30931
2.36902
1.93793
3.81119
3.40677
1.64864
2.04514
1.97177
1.97348
1.97349
1.97179
2.04518
1.64865
3.40679
1.64864
1.55409
1.95437
1.84099
1.9051
1.90509
1.84101
1.95435
1.5541
1.64863
2.04513
1.95437
2.25485
1.97328
2.01657
2.01657
1.97328
2.25483
1.95435
2.04514
1.97177
1.84099
1.97328
1.86364
1.91087
1.91087
1.86364
1.97328
1.841
1.97177
1.97348
1.9051
2.01657
1.91087
1.95269
1.95269
1.91087
2.01658
1.9051
1.97349
1.97349
1.90509
2.01658
1.91087
1.95269
1.95269
1.91087
2.01658
1.90509
1.97349
1.9718
1.84101
1.97327
1.86365
1.91087
1.91087
1.86365
1.97328
1.84102
1.9718
2.0452
1.95435
2.25483
1.97329
2.01659
2.01659
1.97329
2.25483
1.95434
2.04521
1.64865
1.55411
1.95434
1.841
1.9051
1.90509
1.84101
1.95432
1.55412
1.64864
3.4068
1.64863
2.04515
1.97178
1.97349
1.97349
1.97179
2.04518
1.64864
3.40683
3.05213
1.34831
1.71103
1.62561
1.6488
1.6488
1.62561
1.71105
1.34831
3.05212
1.3483
1.273
1.59752
1.53655
1.58688
1.58687
1.53656
1.59745
1.273
1.34828
1.71102
1.59753
1.85905
1.63854
1.68525
1.68525
1.63854
1.85904
1.5975
1.71103
1.6256
1.53655
1.63854
1.55547
1.59596
1.59596
1.55548
1.63853
1.53656
1.62561
1.6488
1.58688
1.68525
1.59596
1.63422
1.63422
1.59596
1.68526
1.58688
1.6488
1.64881
1.58687
1.68525
1.59596
1.63422
1.63422
1.59596
1.68526
1.58687
1.64881
1.62561
1.53656
1.63853
1.55548
1.59596
1.59596
1.55548
1.63853
1.53656
1.62561
1.71106
1.59743
1.85903
1.63853
1.68526
1.68526
1.63853
1.85903
1.59742
1.71107
1.3483
1.273
1.59748
1.53656
1.58688
1.58688
1.53656
1.59743
1.27299
1.34829
3.05212
1.34827
1.71103
1.62561
1.64881
1.64881
1.62561
1.71105
1.34828
3.05213
2.52633
1.0255
1.35028
1.29343
1.32527
1.32527
1.29343
1.35028
1.0255
2.52628
1.0255
0.961272
1.15832
1.21799
1.26243
1.26242
1.21799
1.15825
0.961263
1.02548
1.35028
1.15833
1.43346
1.29984
1.35216
1.35216
1.29983
1.43344
1.1583
1.35028
1.29343
1.21799
1.29984
1.24522
1.28026
1.28025
1.24523
1.29983
1.21799
1.29343
1.32527
1.26244
1.35216
1.28026
1.31604
1.31604
1.28026
1.35217
1.26244
1.32527
1.32527
1.26242
1.35216
1.28025
1.31604
1.31604
1.28026
1.35217
1.26242
1.32527
1.29343
1.21799
1.29983
1.24523
1.28026
1.28026
1.24523
1.29982
1.21799
1.29343
1.35028
1.15822
1.43344
1.29983
1.35217
1.35217
1.29982
1.43343
1.15821
1.35028
1.0255
0.961261
1.15829
1.21799
1.26244
1.26243
1.21799
1.15823
0.961247
1.02547
2.52626
1.02547
1.35028
1.29343
1.32527
1.32527
1.29343
1.35028
1.02546
2.52625
2.15013
0.709566
1.02256
0.974557
1.00444
1.00444
0.974558
1.02255
0.709567
2.1501
0.709561
0.671327
0.756028
0.893385
0.941027
0.941019
0.893381
0.755974
0.671319
0.709549
1.02256
0.756039
1.04397
0.967657
1.02175
1.02175
0.967653
1.04397
0.75602
1.02256
0.974556
0.893385
0.967655
0.930666
0.964333
0.96433
0.930668
0.967645
0.893383
0.974558
1.00444
0.941029
1.02175
0.964334
0.996279
0.996279
0.964335
1.02175
0.941029
1.00444
1.00444
0.941017
1.02175
0.96433
0.996279
0.996279
0.964332
1.02175
0.941019
1.00444
0.974559
0.89338
0.967651
0.930669
0.964335
0.964333
0.930669
0.967643
0.893377
0.974561
1.02255
0.755954
1.04397
0.967642
1.02175
1.02175
0.967641
1.04398
0.755947
1.02255
0.709571
0.671319
0.756011
0.893383
0.941029
0.941023
0.893379
0.755966
0.671299
0.709548
2.15009
0.709546
1.02256
0.974562
1.00444
1.00444
0.974563
1.02256
0.709538
2.15009
2.38839
0.429375
0.747344
0.665192
0.687469
0.687468
0.665198
0.747336
0.429379
2.38843
0.429372
0.363729
0.39947
0.54409
0.621139
0.621133
0.544086
0.399439
0.363726
0.429365
0.747347
0.399477
0.678204
0.641996
0.695837
0.695836
0.641993
0.678205
0.399471
0.747351
0.66519
0.54409
0.641994
0.618767
0.649492
0.64949
0.618767
0.641987
0.544085
0.665193
0.687471
0.621141
0.695837
0.649493
0.678077
0.678077
0.649494
0.695839
0.621143
0.687473
0.687467
0.621131
0.695836
0.64949
0.678077
0.678077
0.649492
0.695838
0.621134
0.68747
0.6652
0.544085
0.641992
0.618768
0.649494
0.649493
0.618768
0.641986
0.54408
0.6652
0.747332
0.399422
0.678206
0.641984
0.69584
0.695839
0.641984
0.678209
0.399422
0.747336
0.429384
0.363726
0.399465
0.544085
0.621143
0.621138
0.544081
0.399439
0.363709
0.429367
2.38847
0.429363
0.747353
0.665197
0.687474
0.687473
0.665201
0.747346
0.429358
2.38845
1.17519
0.191193
0.488351
0.338191
0.366916
0.366914
0.338196
0.488345
0.191183
1.17521
0.191191
0.14401
0.191175
0.207724
0.313972
0.313968
0.207722
0.19116
0.144017
0.191177
0.488355
0.191179
0.40251
0.335252
0.378507
0.378506
0.335252
0.402513
0.19118
0.48836
0.338189
0.207723
0.33525
0.307317
0.337349
0.337348
0.307317
0.335246
0.207719
0.338189
0.366917
0.313975
0.378507
0.33735
0.361718
0.361718
0.33735
0.378508
0.31398
0.36692
0.366914
0.313967
0.378506
0.337348
0.361718
0.361718
0.337348
0.378507
0.313971
0.366917
0.338199
0.20772
0.335251
0.307318
0.337351
0.337349
0.307318
0.335248
0.207717
0.338197
0.488342
0.191151
0.402513
0.335245
0.378509
0.378509
0.335246
0.402517
0.191154
0.488347
0.191181
0.144023
0.191178
0.207718
0.313981
0.313975
0.207718
0.191164
0.144011
0.191174
1.17522
0.191168
0.488363
0.338191
0.366921
0.366919
0.338195
0.488357
0.191166
1.17521
1.56632
0.0321658
0.238311
-0.0528131
0.0391668
0.0391651
-0.0528091
0.238299
0.0321584
1.56633
0.0321661
-0.128116
0.108729
-0.0517499
0.0157803
0.0157791
-0.0517508
0.108729
-0.128099
0.0321614
0.238315
0.108731
0.199276
0.0419931
0.062641
0.0626406
0.0419942
0.199277
0.108738
0.238322
-0.0528151
-0.0517502
0.0419921
0.00450463
0.0282091
0.0282084
0.0045049
0.0419909
-0.0517513
-0.0528163
0.039168
0.0157816
0.0626414
0.0282097
0.0464353
0.0464351
0.0282104
0.0626419
0.0157841
0.0391698
0.0391644
0.0157791
0.0626405
0.0282084
0.0464349
0.0464348
0.028209
0.0626411
0.0157811
0.0391665
-0.052807
-0.0517504
0.0419952
0.00450542
0.0282107
0.0282099
0.00450555
0.0419933
-0.0517515
-0.0528091
0.238296
0.108732
0.199278
0.0419909
0.0626421
0.0626417
0.0419917
0.199279
0.108737
0.238303
0.0321549
-0.12809
0.108742
-0.0517515
0.0157853
0.0157832
-0.0517525
0.108739
-0.128088
0.0321586
1.56633
0.0321564
0.238324
-0.0528167
0.0391705
0.0391687
-0.0528129
0.238312
0.0321573
1.56634
)
;

boundaryField
{
    bottom
    {
        type            calculated;
        value           nonuniform List<scalar> 
100
(
209.032
143.937
108.837
75.1802
71.0215
71.0217
75.1802
108.837
143.936
209.031
143.937
92.595
58.0277
30.5123
28.9128
28.9126
30.5123
58.0277
92.5942
143.936
108.837
58.0277
50.6449
34.3931
31.2191
31.2189
34.3928
50.6449
58.0277
108.837
75.1802
30.5122
34.3931
23.8356
22.8036
22.803
23.835
34.3927
30.5123
75.1801
71.0215
28.9128
31.2192
22.8035
22.8872
22.8872
22.8034
31.2188
28.9129
71.0217
71.0217
28.9128
31.2191
22.8032
22.8872
22.8872
22.803
31.2187
28.9128
71.0218
75.1801
30.5119
34.3929
23.8352
22.8036
22.8029
23.8347
34.3925
30.5121
75.1801
108.837
58.0276
50.6449
34.3928
31.2189
31.2187
34.3926
50.6449
58.0277
108.837
143.936
92.5944
58.0277
30.5123
28.9128
28.9126
30.5123
58.0277
92.5936
143.936
209.031
143.936
108.837
75.1801
71.0216
71.0217
75.1801
108.836
143.936
209.031
)
;
    }
    atmosphere
    {
        type            calculated;
        value           nonuniform List<scalar> 
100
(
0
0
0
-0.19808
-0.120439
-0.120442
-0.198072
0
0
0
0
0
0
-0.199486
-0.142595
-0.142598
-0.199486
0
0
0
0
0
-0.0259102
-0.117277
-0.0997531
-0.0997536
-0.117274
-0.0259086
0
0
-0.198078
-0.199486
-0.117276
-0.148626
-0.127177
-0.127178
-0.148625
-0.117277
-0.199485
-0.19808
-0.12044
-0.142596
-0.0997534
-0.127177
-0.110989
-0.110989
-0.127176
-0.0997524
-0.142593
-0.120437
-0.120441
-0.142597
-0.0997535
-0.127178
-0.110989
-0.110989
-0.127176
-0.0997526
-0.142595
-0.120438
-0.198074
-0.199486
-0.117275
-0.148625
-0.127176
-0.127177
-0.148625
-0.117276
-0.199486
-0.198077
0
0
-0.0259091
-0.117277
-0.0997526
-0.099753
-0.117275
-0.025908
0
0
0
0
0
-0.199486
-0.142594
-0.142596
-0.199486
0
0
0
0
0
0
-0.19808
-0.120438
-0.12044
-0.198074
0
0
0
)
;
    }
    walls
    {
        type            calculated;
        value           nonuniform List<scalar> 
1600
(
179.552
114.457
79.651
56.3265
52.2075
52.2076
56.3265
79.6509
114.457
179.552
128.647
58.2202
41.4467
33.3883
23.7489
23.7489
33.3886
41.4464
58.2197
128.646
78.688
34.4827
31.9857
20.7104
16.5504
16.5505
20.7108
31.9859
34.4822
78.6875
47.5278
20.9371
21.4252
16.1605
13.8958
13.8957
16.1605
21.4252
20.9366
47.5272
30.8788
16.345
19.5916
14.4876
14.2911
14.291
14.4877
19.5917
16.3448
30.8788
21.1928
13.3402
15.9181
13.2342
13.0745
13.0745
13.2344
15.9182
13.34
21.1928
18.7993
12.0976
15.7203
13.027
13.0012
13.0012
13.0271
15.7203
12.0974
18.7992
14.3166
10.6095
14.4409
12.1573
11.8728
11.8727
12.1572
14.441
10.6094
14.3165
15.5387
10.9034
14.2575
11.8605
11.4719
11.4719
11.8606
14.2574
10.9031
15.5387
15.0985
9.36078
12.2752
11.2725
10.67
10.67
11.2726
12.2753
9.36091
15.0985
13.2588
8.32371
11.2485
10.5527
10.031
10.0309
10.5528
11.2484
8.32372
13.2588
11.5376
8.05189
10.5181
9.94403
9.42196
9.42195
9.94397
10.5182
8.05193
11.5375
11.7853
7.87454
9.8903
9.26878
9.04249
9.04259
9.26871
9.89033
7.87459
11.7853
12.6203
7.80226
9.41858
8.73282
8.65247
8.65254
8.73286
9.4186
7.80226
12.6201
8.99458
7.66799
8.68503
8.15576
8.32504
8.32514
8.15578
8.68494
7.66795
8.99447
8.37707
7.41855
8.07409
7.69323
7.8758
7.87588
7.69339
8.07395
7.41849
8.37708
7.91587
7.12161
7.53842
7.27171
7.40253
7.40247
7.27193
7.53831
7.1216
7.91589
8.07367
6.80979
6.99703
6.82565
6.95118
6.95116
6.8258
6.99674
6.80972
8.07368
6.96391
6.29742
6.59936
6.38758
6.57565
6.57571
6.38765
6.59936
6.29737
6.96393
6.43137
5.79439
6.33079
5.98569
6.24028
6.24034
5.98559
6.33084
5.79432
6.43159
8.12317
5.3982
6.21474
5.73379
5.95652
5.95655
5.7336
6.21473
5.39816
8.12232
7.8774
4.93367
5.99918
5.55937
5.66879
5.66879
5.55931
5.99917
4.93368
7.87752
7.36163
4.51453
5.66778
5.43117
5.3704
5.37039
5.43121
5.66778
4.51453
7.3618
7.02973
4.19947
5.3088
5.25332
5.06766
5.06762
5.25339
5.30881
4.19947
7.02997
7.39481
3.94212
4.937
4.9197
4.76394
4.76392
4.91974
4.93705
3.9421
7.39479
5.76059
3.69775
4.53316
4.47449
4.44816
4.44817
4.47455
4.53315
3.69772
5.76048
4.57019
3.414
4.16391
4.09449
4.13396
4.13397
4.09451
4.16391
3.41399
4.57021
5.6652
3.13566
3.8981
3.85159
3.83438
3.83439
3.85157
3.89807
3.13566
5.66517
5.25455
2.8903
3.624
3.63162
3.54199
3.54199
3.63159
3.62397
2.8903
5.25454
4.69168
2.69769
3.35185
3.32171
3.2432
3.24321
3.32165
3.35186
2.69771
4.6917
4.45325
2.47005
3.07101
2.96828
2.93354
2.93354
2.9682
3.07102
2.47007
4.45323
4.31384
2.20895
2.722
2.63626
2.61697
2.61698
2.63621
2.72201
2.20897
4.31387
3.81112
1.93791
2.36898
2.3093
2.29662
2.29663
2.30931
2.36903
1.93793
3.81116
3.40677
1.64864
2.04513
1.97177
1.97348
1.97349
1.9718
2.0452
1.64865
3.4068
3.05213
1.3483
1.71102
1.6256
1.6488
1.64881
1.62561
1.71106
1.3483
3.05212
2.52633
1.0255
1.35028
1.29343
1.32527
1.32527
1.29343
1.35028
1.0255
2.52626
2.15013
0.709561
1.02256
0.974556
1.00444
1.00444
0.974559
1.02255
0.709571
2.15009
2.38839
0.429372
0.747347
0.66519
0.687471
0.687467
0.6652
0.747332
0.429384
2.38847
1.17519
0.191191
0.488355
0.338189
0.366917
0.366914
0.338199
0.488342
0.191181
1.17522
1.56632
0.0321661
0.238315
-0.0528151
0.039168
0.0391644
-0.052807
0.238296
0.0321549
1.56633
179.552
114.457
79.651
56.3264
52.2076
52.2076
56.3264
79.6509
114.457
179.551
128.646
58.2199
41.4467
33.3883
23.7489
23.7489
33.3886
41.4464
58.2194
128.645
78.6877
34.4824
31.9859
20.7105
16.5506
16.5505
20.7108
31.986
34.4818
78.6871
47.5274
20.9369
21.4253
16.1604
13.8958
13.8957
16.1605
21.4253
20.9364
47.5268
30.8788
16.345
19.5918
14.4876
14.2911
14.2911
14.4877
19.5918
16.3447
30.8787
21.1928
13.3402
15.9182
13.2342
13.0745
13.0745
13.2344
15.9182
13.34
21.1927
18.7993
12.0977
15.7204
13.0271
13.0012
13.0012
13.0272
15.7203
12.0974
18.7992
14.3166
10.6096
14.4409
12.1573
11.8728
11.8727
12.1573
14.4409
10.6094
14.3164
15.5387
10.9038
14.2575
11.8606
11.4719
11.4719
11.8607
14.2574
10.9034
15.5387
15.0985
9.36083
12.2751
11.2726
10.67
10.67
11.2727
12.2752
9.36082
15.0985
13.2588
8.32372
11.2484
10.5528
10.031
10.0309
10.5528
11.2484
8.3237
13.2588
11.5376
8.05188
10.5181
9.94409
9.42197
9.42196
9.94399
10.5181
8.0519
11.5375
11.7853
7.87451
9.8902
9.26881
9.04251
9.0426
9.26873
9.89027
7.87457
11.7852
12.6202
7.80223
9.41847
8.73284
8.6525
8.65256
8.73289
9.41851
7.80223
12.62
8.9945
7.66798
8.68493
8.15575
8.32507
8.32515
8.15579
8.68486
7.66793
8.99439
8.37709
7.41856
8.07401
7.69326
7.87582
7.87589
7.69338
8.07392
7.41849
8.37705
7.91591
7.12163
7.5384
7.27178
7.4025
7.40245
7.27193
7.53833
7.12158
7.91582
8.07373
6.80978
6.99697
6.82571
6.95115
6.95114
6.8258
6.99674
6.80969
8.07362
6.96388
6.2974
6.59934
6.3876
6.57566
6.57571
6.38767
6.59935
6.29734
6.96397
6.43152
5.79434
6.3308
5.98567
6.24028
6.24033
5.9856
6.33084
5.79428
6.43166
8.1225
5.39817
6.2147
5.73374
5.95652
5.95655
5.73358
6.2147
5.39813
8.1221
7.87749
4.93366
5.99916
5.55936
5.66878
5.66879
5.5593
5.99916
4.93365
7.87751
7.36176
4.51453
5.66777
5.43119
5.37039
5.37038
5.43121
5.66777
4.51452
7.36186
7.02992
4.19947
5.30879
5.25334
5.06764
5.06761
5.25339
5.3088
4.19947
7.03008
7.39479
3.94212
4.937
4.9197
4.76393
4.76392
4.91973
4.93704
3.9421
7.3948
5.7605
3.69776
4.53315
4.47449
4.44816
4.44817
4.47455
4.53314
3.69774
5.76044
4.57021
3.41401
4.16391
4.0945
4.13396
4.13397
4.09452
4.16391
3.414
4.57022
5.66518
3.13567
3.8981
3.8516
3.83438
3.83439
3.85158
3.89808
3.13567
5.66516
5.25454
2.89031
3.624
3.63162
3.54199
3.54199
3.63159
3.62398
2.89031
5.25454
4.6917
2.6977
3.35185
3.32169
3.2432
3.24321
3.32164
3.35186
2.69771
4.69172
4.45324
2.47006
3.07101
2.96827
2.93354
2.93355
2.9682
3.07103
2.47007
4.45322
4.31386
2.20895
2.72201
2.63625
2.61698
2.61699
2.63621
2.72202
2.20897
4.31389
3.81115
1.93791
2.36899
2.3093
2.29663
2.29663
2.30931
2.36903
1.93793
3.81119
3.40679
1.64863
2.04514
1.97177
1.97349
1.97349
1.9718
2.04521
1.64864
3.40683
3.05212
1.34828
1.71103
1.62561
1.6488
1.64881
1.62561
1.71107
1.34829
3.05213
2.52628
1.02548
1.35028
1.29343
1.32527
1.32527
1.29343
1.35028
1.02547
2.52625
2.1501
0.709549
1.02256
0.974558
1.00444
1.00444
0.974561
1.02255
0.709548
2.15009
2.38843
0.429365
0.747351
0.665193
0.687473
0.68747
0.6652
0.747336
0.429367
2.38845
1.17521
0.191177
0.48836
0.338189
0.36692
0.366917
0.338197
0.488347
0.191174
1.17521
1.56633
0.0321614
0.238322
-0.0528163
0.0391698
0.0391665
-0.0528091
0.238303
0.0321586
1.56634
179.552
128.647
78.688
47.5278
30.8788
21.1928
18.7993
14.3166
15.5387
15.0985
13.2588
11.5376
11.7853
12.6203
8.99458
8.37707
7.91587
8.07367
6.96391
6.43137
114.457
58.2202
34.4827
20.9371
16.3449
13.3401
12.0975
10.6094
10.9031
9.36075
8.32364
8.05182
7.87449
7.8022
7.66794
7.4185
7.12158
6.80976
6.29741
5.79438
79.651
41.4466
31.9857
21.4252
19.5915
15.9181
15.7202
14.441
14.2575
12.2753
11.2485
10.5182
9.89034
9.41858
8.68499
8.07406
7.53841
6.99696
6.59934
6.33079
56.3265
33.3884
20.7105
16.1605
14.4876
13.2343
13.0271
12.1573
11.8605
11.2725
10.5527
9.94402
9.26876
8.73285
8.1558
7.69329
7.27174
6.82565
6.38758
5.98568
52.2075
23.7489
16.5504
13.8958
14.2911
13.0746
13.0012
11.8727
11.4719
10.67
10.0309
9.42194
9.04251
8.65249
8.32507
7.87582
7.4025
6.95115
6.57565
6.24028
52.2076
23.7489
16.5504
13.8957
14.2911
13.0746
13.0012
11.8727
11.4719
10.67
10.0309
9.42194
9.04258
8.65254
8.32515
7.87588
7.40246
6.95114
6.5757
6.24033
56.3264
33.3885
20.7107
16.1605
14.4876
13.2344
13.0271
12.1573
11.8606
11.2726
10.5528
9.94398
9.26872
8.73286
8.15581
7.6934
7.2719
6.82576
6.38763
5.98561
79.6509
41.4464
31.9858
21.4252
19.5916
15.9181
15.7202
14.441
14.2575
12.2754
11.2484
10.5182
9.89035
9.41858
8.68494
8.07397
7.53833
6.99676
6.59935
6.33083
114.457
58.2198
34.4823
20.9368
16.3448
13.3401
12.0974
10.6094
10.9029
9.3609
8.32368
8.05188
7.87454
7.80222
7.66792
7.41846
7.12159
6.80973
6.29737
5.79433
179.552
128.646
78.6877
47.5274
30.8788
21.1928
18.7993
14.3166
15.5387
15.0985
13.2588
11.5376
11.7853
12.6202
8.9945
8.37709
7.91591
8.07373
6.96388
6.43152
8.12317
7.8774
7.36163
7.02973
7.39481
5.76059
4.57019
5.6652
5.25455
4.69168
4.45325
4.31384
3.81112
3.40677
3.05213
2.52633
2.15013
2.38839
1.17519
1.56632
5.39819
4.93366
4.51452
4.19946
3.9421
3.69774
3.41399
3.13565
2.8903
2.6977
2.47006
2.20896
1.93791
1.64864
1.34831
1.0255
0.709566
0.429375
0.191193
0.0321658
6.21474
5.99918
5.66778
5.30879
4.937
4.53315
4.16391
3.89809
3.62399
3.35185
3.07101
2.722
2.36899
2.04514
1.71103
1.35028
1.02256
0.747344
0.488351
0.238311
5.73376
5.55937
5.43117
5.25333
4.9197
4.47449
4.09449
3.85159
3.63162
3.32171
2.96828
2.63625
2.3093
1.97177
1.62561
1.29343
0.974557
0.665192
0.338191
-0.0528131
5.95652
5.66878
5.37039
5.06765
4.76393
4.44815
4.13395
3.83438
3.54199
3.2432
2.93354
2.61698
2.29662
1.97348
1.6488
1.32527
1.00444
0.687469
0.366916
0.0391668
5.95655
5.66878
5.37038
5.06762
4.76392
4.44816
4.13396
3.83438
3.54199
3.24321
2.93354
2.61698
2.29663
1.97349
1.6488
1.32527
1.00444
0.687468
0.366914
0.0391651
5.73363
5.55932
5.4312
5.25336
4.91972
4.47453
4.09451
3.85158
3.6316
3.32167
2.96823
2.63622
2.3093
1.97179
1.62561
1.29343
0.974558
0.665198
0.338196
-0.0528091
6.21473
5.99917
5.66778
5.3088
4.93703
4.53315
4.16391
3.89808
3.62398
3.35186
3.07102
2.72201
2.36902
2.04518
1.71105
1.35028
1.02255
0.747336
0.488345
0.238299
5.39816
4.93367
4.51452
4.19946
3.9421
3.69773
3.41399
3.13566
2.8903
2.69771
2.47007
2.20897
1.93793
1.64865
1.34831
1.0255
0.709567
0.429379
0.191183
0.0321584
8.1225
7.87749
7.36176
7.02992
7.39479
5.7605
4.57021
5.66518
5.25454
4.6917
4.45324
4.31386
3.81115
3.40679
3.05212
2.52628
2.1501
2.38843
1.17521
1.56633
179.552
128.646
78.6875
47.5272
30.8788
21.1928
18.7992
14.3165
15.5387
15.0985
13.2588
11.5375
11.7853
12.6201
8.99447
8.37708
7.91589
8.07368
6.96393
6.43159
114.457
58.2198
34.4822
20.9368
16.3449
13.3402
12.0976
10.6096
10.9037
9.36079
8.3237
8.05185
7.87448
7.80219
7.66795
7.41854
7.12161
6.80976
6.29739
5.79432
79.651
41.4467
31.986
21.4254
19.5918
15.9182
15.7204
14.4409
14.2575
12.2751
11.2485
10.5181
9.89021
9.41843
8.68489
8.07398
7.5384
6.99692
6.59933
6.3308
56.3264
33.3883
20.7107
16.1605
14.4877
13.2343
13.0272
12.1573
11.8606
11.2727
10.5529
9.94412
9.26882
8.73284
8.1558
7.69331
7.27181
6.82571
6.38761
5.98566
52.2077
23.749
16.5506
13.8957
14.2912
13.0745
13.0013
11.8728
11.472
10.67
10.031
9.42196
9.04252
8.65252
8.32509
7.87586
7.40249
6.95113
6.57567
6.24029
52.2077
23.7489
16.5506
13.8957
14.2912
13.0745
13.0013
11.8727
11.472
10.6701
10.0309
9.42195
9.04258
8.65257
8.32515
7.87592
7.40245
6.95111
6.57571
6.24032
56.3264
33.3885
20.7109
16.1605
14.4877
13.2344
13.0272
12.1573
11.8607
11.2727
10.5529
9.94405
9.26876
8.73287
8.15583
7.6934
7.27192
6.82577
6.38765
5.98561
79.6509
41.4465
31.9861
21.4254
19.5919
15.9182
15.7204
14.4409
14.2574
12.2752
11.2484
10.5181
9.89024
9.41846
8.68484
8.07392
7.53836
6.99676
6.59933
6.33083
114.457
58.2194
34.4819
20.9364
16.3447
13.3401
12.0974
10.6095
10.9035
9.36078
8.32369
8.05187
7.87453
7.8022
7.66792
7.41849
7.12158
6.8097
6.29735
5.79428
179.551
128.645
78.6871
47.5268
30.8787
21.1927
18.7992
14.3164
15.5387
15.0985
13.2588
11.5375
11.7852
12.62
8.99439
8.37705
7.91582
8.07362
6.96397
6.43166
8.12232
7.87752
7.3618
7.02997
7.39479
5.76048
4.57021
5.66517
5.25454
4.6917
4.45323
4.31387
3.81116
3.4068
3.05212
2.52626
2.15009
2.38847
1.17522
1.56633
5.39816
4.93365
4.51451
4.19946
3.94212
3.69777
3.41402
3.13568
2.89032
2.6977
2.47006
2.20896
1.93791
1.64863
1.34827
1.02547
0.709546
0.429363
0.191168
0.0321564
6.21469
5.99915
5.66776
5.30878
4.93699
4.53315
4.16391
3.8981
3.62401
3.35186
3.07101
2.72201
2.36899
2.04515
1.71103
1.35028
1.02256
0.747353
0.488363
0.238324
5.73372
5.55936
5.43119
5.25334
4.91968
4.47448
4.0945
3.85161
3.63162
3.3217
2.96827
2.63625
2.30931
1.97178
1.62561
1.29343
0.974562
0.665197
0.338191
-0.0528167
5.95651
5.66877
5.37038
5.06763
4.76392
4.44816
4.13395
3.83438
3.54199
3.2432
2.93354
2.61698
2.29663
1.97349
1.64881
1.32527
1.00444
0.687474
0.366921
0.0391705
5.95654
5.66878
5.37037
5.06761
4.76391
4.44816
4.13396
3.83439
3.54199
3.24321
2.93355
2.61699
2.29663
1.97349
1.64881
1.32527
1.00444
0.687473
0.366919
0.0391687
5.73361
5.55931
5.4312
5.25336
4.9197
4.47451
4.09451
3.8516
3.63161
3.32167
2.96823
2.63623
2.30931
1.97179
1.62561
1.29343
0.974563
0.665201
0.338195
-0.0528129
6.21469
5.99914
5.66775
5.30878
4.93701
4.53314
4.16391
3.89809
3.624
3.35187
3.07103
2.72202
2.36902
2.04518
1.71105
1.35028
1.02256
0.747346
0.488357
0.238312
5.39812
4.93363
4.5145
4.19946
3.94211
3.69776
3.41402
3.13569
2.89032
2.69771
2.47007
2.20897
1.93793
1.64864
1.34828
1.02546
0.709538
0.429358
0.191166
0.0321573
8.1221
7.87751
7.36186
7.03008
7.3948
5.76044
4.57022
5.66516
5.25454
4.69172
4.45322
4.31389
3.81119
3.40683
3.05213
2.52625
2.15009
2.38845
1.17521
1.56634
)
;
    }
}


// ************************************************************************* //
