/*--------------------------------*- C++ -*----------------------------------*\
| =========                 |                                                 |
| \\      /  F ield         | OpenFOAM: The Open Source CFD Toolbox           |
|  \\    /   O peration     | Version:  2412                                  |
|   \\  /    A nd           | Website:  www.openfoam.com                      |
|    \\/     M anipulation  |                                                 |
\*---------------------------------------------------------------------------*/
FoamFile
{
    version     2.0;
    format      ascii;
    arch        "LSB;label=32;scalar=64";
    class       volScalarField;
    location    "0.33";
    object      p;
}
// * * * * * * * * * * * * * * * * * * * * * * * * * * * * * * * * * * * * * //

dimensions      [1 -1 -2 0 0 0 0];

internalField   nonuniform List<scalar> 
1000
(
1.17366
1.15165
1.13198
1.13758
1.05571
1.05571
1.13758
1.13198
1.15165
1.17366
1.15165
1.14929
1.11278
1.17333
1.17933
1.17933
1.17333
1.11278
1.14929
1.15165
1.13198
1.11278
1.09006
1.17933
1.29833
1.29833
1.17933
1.09006
1.11278
1.13198
1.13758
1.17332
1.17933
1.30314
1.40171
1.40171
1.30314
1.17933
1.17333
1.13758
1.05571
1.17933
1.29833
1.40171
1.51872
1.51872
1.40171
1.29833
1.17933
1.05571
1.05571
1.17933
1.29833
1.40171
1.51872
1.51872
1.40171
1.29833
1.17933
1.05571
1.13758
1.17332
1.17933
1.30314
1.40171
1.40171
1.30314
1.17933
1.17332
1.13758
1.13198
1.11278
1.09006
1.17933
1.29833
1.29833
1.17933
1.09006
1.11278
1.13198
1.15165
1.14929
1.11278
1.17332
1.17933
1.17933
1.17332
1.11278
1.14929
1.15165
1.17365
1.15165
1.13198
1.13758
1.05571
1.05571
1.13758
1.13198
1.15165
1.17365
1.12542
1.12482
1.12543
1.16392
1.11633
1.11633
1.16392
1.12543
1.12482
1.12542
1.12482
1.14391
1.1506
1.23464
1.31284
1.31284
1.23464
1.1506
1.14391
1.12482
1.12543
1.1506
1.15527
1.30618
1.43416
1.43416
1.30618
1.15527
1.1506
1.12543
1.16392
1.23464
1.30618
1.45695
1.55762
1.55762
1.45695
1.30618
1.23464
1.16392
1.11633
1.31284
1.43416
1.55762
1.65744
1.65744
1.55762
1.43416
1.31284
1.11633
1.11633
1.31284
1.43416
1.55762
1.65744
1.65744
1.55762
1.43416
1.31284
1.11633
1.16392
1.23464
1.30618
1.45695
1.55762
1.55762
1.45695
1.30618
1.23464
1.16392
1.12543
1.1506
1.15527
1.30618
1.43416
1.43416
1.30618
1.15527
1.1506
1.12543
1.12482
1.14391
1.1506
1.23464
1.31284
1.31284
1.23464
1.1506
1.14391
1.12482
1.12542
1.12482
1.12543
1.16392
1.11633
1.11633
1.16392
1.12543
1.12482
1.12542
1.0585
1.07217
1.08551
1.14058
1.11545
1.11545
1.14058
1.08551
1.07217
1.0585
1.07217
1.1031
1.13603
1.22603
1.33505
1.33505
1.22603
1.13603
1.1031
1.07217
1.08551
1.13603
1.15687
1.3233
1.45645
1.45645
1.3233
1.15687
1.13603
1.08551
1.14058
1.22603
1.3233
1.47363
1.60513
1.60513
1.47363
1.3233
1.22603
1.14058
1.11545
1.33505
1.45645
1.60513
1.68911
1.68911
1.60513
1.45645
1.33505
1.11545
1.11545
1.33505
1.45645
1.60513
1.68911
1.68911
1.60513
1.45645
1.33505
1.11545
1.14058
1.22603
1.3233
1.47363
1.60513
1.60513
1.47363
1.3233
1.22603
1.14058
1.08551
1.13603
1.15687
1.3233
1.45645
1.45645
1.3233
1.15687
1.13603
1.08551
1.07217
1.1031
1.13603
1.22603
1.33505
1.33505
1.22603
1.13603
1.1031
1.07217
1.0585
1.07217
1.08551
1.14058
1.11545
1.11545
1.14058
1.08551
1.07217
1.0585
0.970326
0.992323
1.01281
1.07321
1.06149
1.06149
1.07321
1.01281
0.992324
0.970327
0.992323
1.02846
1.07506
1.16312
1.27564
1.27564
1.16312
1.07506
1.02846
0.992324
1.01281
1.07506
1.10581
1.27706
1.38934
1.38934
1.27706
1.10581
1.07506
1.01281
1.07321
1.16312
1.27706
1.42011
1.55263
1.55263
1.42011
1.27706
1.16312
1.07321
1.06149
1.27564
1.38934
1.55263
1.62199
1.62199
1.55263
1.38934
1.27564
1.06149
1.06149
1.27564
1.38934
1.55263
1.62199
1.62199
1.55263
1.38934
1.27564
1.06149
1.07321
1.16312
1.27706
1.42011
1.55263
1.55263
1.42011
1.27706
1.16312
1.07321
1.01281
1.07506
1.10581
1.27706
1.38934
1.38934
1.27706
1.10581
1.07506
1.01281
0.992323
1.02846
1.07506
1.16312
1.27564
1.27564
1.16312
1.07506
1.02846
0.992323
0.970326
0.992323
1.01281
1.07321
1.06149
1.06149
1.07321
1.01281
0.992323
0.970326
0.861625
0.88711
0.910698
0.969018
0.963842
0.963842
0.969018
0.910698
0.88711
0.861625
0.88711
0.923869
0.975168
1.05473
1.15602
1.15602
1.05473
0.975168
0.923869
0.88711
0.910698
0.975168
1.01252
1.17473
1.25705
1.25705
1.17473
1.01252
0.975168
0.910698
0.969018
1.05473
1.17473
1.30592
1.41696
1.41696
1.30592
1.17473
1.05473
0.969018
0.963841
1.15602
1.25705
1.41696
1.47048
1.47048
1.41696
1.25705
1.15602
0.963841
0.963841
1.15602
1.25705
1.41696
1.47048
1.47048
1.41696
1.25705
1.15602
0.963841
0.969018
1.05473
1.17473
1.30592
1.41696
1.41696
1.30592
1.17473
1.05473
0.969018
0.910698
0.975168
1.01252
1.17473
1.25705
1.25705
1.17473
1.01252
0.975168
0.910698
0.887109
0.923868
0.975168
1.05473
1.15602
1.15602
1.05473
0.975168
0.923868
0.887109
0.861625
0.887109
0.910698
0.969018
0.963841
0.963841
0.969018
0.910698
0.887109
0.861625
0.732734
0.758089
0.781349
0.833328
0.832388
0.832388
0.833328
0.781349
0.758089
0.732734
0.758089
0.791924
0.841673
0.909902
0.992745
0.992745
0.909902
0.841673
0.791924
0.758089
0.781349
0.841673
0.879736
1.02271
1.08051
1.08051
1.02271
0.879736
0.841673
0.781349
0.833328
0.909902
1.02271
1.15141
1.22548
1.22548
1.15141
1.02271
0.909902
0.833328
0.832387
0.992745
1.08051
1.22548
1.25788
1.25788
1.22548
1.08051
0.992745
0.832387
0.832387
0.992745
1.08051
1.22548
1.25788
1.25788
1.22548
1.08051
0.992745
0.832387
0.833327
0.909901
1.02271
1.15141
1.22548
1.22548
1.15141
1.02271
0.909901
0.833327
0.781348
0.841672
0.879736
1.02271
1.08051
1.08051
1.02271
0.879736
0.841672
0.781348
0.758089
0.791924
0.841672
0.909901
0.992745
0.992745
0.909901
0.841672
0.791924
0.758089
0.732734
0.758089
0.781348
0.833327
0.832387
0.832387
0.833327
0.781348
0.758089
0.732734
0.589197
0.611401
0.632016
0.673635
0.674925
0.674925
0.673635
0.632016
0.611401
0.589198
0.611401
0.640398
0.683307
0.73758
0.799173
0.799173
0.73758
0.683307
0.640398
0.611401
0.632016
0.683307
0.717983
0.834001
0.875067
0.875067
0.834001
0.717983
0.683307
0.632016
0.673635
0.73758
0.834001
0.949128
0.992411
0.992411
0.949128
0.834001
0.73758
0.673635
0.674925
0.799173
0.875067
0.992411
0.999877
0.999877
0.992411
0.875067
0.799173
0.674925
0.674925
0.799173
0.875067
0.992411
0.999877
0.999877
0.992411
0.875067
0.799173
0.674925
0.673634
0.737579
0.834001
0.949128
0.992411
0.992411
0.949128
0.834001
0.737579
0.673634
0.632016
0.683307
0.717983
0.834001
0.875067
0.875067
0.834001
0.717983
0.683307
0.632016
0.611401
0.640398
0.683307
0.737579
0.799173
0.799173
0.737579
0.683307
0.640398
0.611401
0.589197
0.611401
0.632016
0.673634
0.674925
0.674925
0.673634
0.632016
0.611401
0.589197
0.428202
0.44605
0.462433
0.494307
0.501396
0.501396
0.494307
0.462433
0.44605
0.428202
0.44605
0.46821
0.501811
0.543245
0.587074
0.587074
0.543245
0.501811
0.46821
0.44605
0.462433
0.501811
0.526059
0.614916
0.640232
0.640232
0.614916
0.52606
0.501811
0.462433
0.494307
0.543245
0.614916
0.705566
0.722593
0.722593
0.705566
0.614916
0.543245
0.494307
0.501396
0.587074
0.640232
0.722593
0.706286
0.706286
0.722593
0.640232
0.587074
0.501396
0.501396
0.587074
0.640232
0.722593
0.706286
0.706286
0.722593
0.640232
0.587074
0.501396
0.494307
0.543245
0.614916
0.705566
0.722593
0.722593
0.705566
0.614916
0.543244
0.494307
0.462433
0.501811
0.526059
0.614916
0.640232
0.640232
0.614916
0.526059
0.501811
0.462433
0.446049
0.46821
0.501811
0.543244
0.587074
0.587074
0.543244
0.501811
0.46821
0.446049
0.428202
0.446049
0.462433
0.494307
0.501396
0.501396
0.494307
0.462433
0.446049
0.428202
0.265428
0.276168
0.286692
0.303497
0.308269
0.308269
0.303497
0.286692
0.276168
0.265428
0.276168
0.290736
0.31062
0.333611
0.357263
0.357263
0.333611
0.31062
0.290736
0.276168
0.286692
0.31062
0.329289
0.373625
0.391603
0.391603
0.373625
0.329289
0.31062
0.286692
0.303497
0.333611
0.373625
0.429503
0.430278
0.430278
0.429503
0.373625
0.333611
0.303497
0.308269
0.357263
0.391603
0.430278
0.389818
0.389818
0.430279
0.391603
0.357263
0.308269
0.308269
0.357263
0.391603
0.430278
0.389818
0.389818
0.430278
0.391603
0.357263
0.308269
0.303497
0.333611
0.373625
0.429503
0.430278
0.430278
0.429503
0.373625
0.333611
0.303497
0.286692
0.31062
0.329289
0.373625
0.391603
0.391603
0.373625
0.329289
0.31062
0.286692
0.276168
0.290735
0.31062
0.333611
0.357263
0.357263
0.333611
0.31062
0.290735
0.276168
0.265427
0.276168
0.286692
0.303497
0.308269
0.308269
0.303497
0.286692
0.276168
0.265427
0.0810003
0.0864273
0.0927339
0.102891
0.112095
0.112095
0.102891
0.0927339
0.0864273
0.0810004
0.0864273
0.0932798
0.103712
0.115494
0.130225
0.130225
0.115494
0.103712
0.0932798
0.0864273
0.0927339
0.103712
0.1085
0.13733
0.138901
0.138901
0.13733
0.1085
0.103712
0.0927339
0.102891
0.115494
0.13733
0.170552
0.112932
0.112932
0.170552
0.13733
0.115494
0.102891
0.112095
0.130225
0.138901
0.112932
0.0500168
0.0500168
0.112932
0.138901
0.130225
0.112095
0.112095
0.130225
0.138901
0.112932
0.0500168
0.0500168
0.112932
0.138901
0.130225
0.112095
0.102891
0.115494
0.13733
0.170552
0.112932
0.112932
0.170552
0.13733
0.115494
0.102891
0.0927338
0.103712
0.1085
0.13733
0.138901
0.138901
0.13733
0.1085
0.103712
0.0927338
0.0864273
0.0932797
0.103712
0.115494
0.130225
0.130225
0.115494
0.103712
0.0932797
0.0864273
0.0810003
0.0864273
0.0927338
0.102891
0.112095
0.112095
0.102891
0.0927338
0.0864273
0.0810003
)
;

boundaryField
{
    bottom
    {
        type            calculated;
        value           nonuniform List<scalar> 0();
    }
    atmosphere
    {
        type            calculated;
        value           nonuniform List<scalar> 
100
(
0
0
0
0
-0.00014885
-0.000148848
0
0
0
0
0
0
0
0
-0.00602679
-0.00602682
0
0
0
0
0
0
0
0
-0.0208125
-0.0208126
0
0
0
0
0
0
0
-0.00350777
-0.0703817
-0.0703817
-0.00350776
0
0
0
-0.000148849
-0.00602682
-0.0208126
-0.0703817
-0.145209
-0.145209
-0.0703816
-0.0208125
-0.00602678
-0.00014885
-0.000148849
-0.00602682
-0.0208126
-0.0703817
-0.145209
-0.145209
-0.0703816
-0.0208125
-0.00602678
-0.00014885
0
0
0
-0.00350776
-0.0703816
-0.0703817
-0.00350776
0
0
0
0
0
0
0
-0.0208125
-0.0208126
0
0
0
0
0
0
0
0
-0.00602678
-0.00602681
0
0
0
0
0
0
0
0
-0.00014885
-0.000148849
0
0
0
0
)
;
    }
    walls
    {
        type            calculated;
        value           nonuniform List<scalar> 
400
(
1.17366
1.15165
1.13198
1.13758
1.05571
1.05571
1.13758
1.13198
1.15165
1.17365
1.12542
1.12482
1.12543
1.16392
1.11633
1.11633
1.16392
1.12543
1.12482
1.12542
1.0585
1.07217
1.08551
1.14058
1.11545
1.11545
1.14058
1.08551
1.07217
1.0585
0.970326
0.992323
1.01281
1.07321
1.06149
1.06149
1.07321
1.01281
0.992323
0.970326
0.861625
0.88711
0.910698
0.969018
0.963841
0.963841
0.969018
0.910698
0.887109
0.861625
0.732734
0.758089
0.781349
0.833328
0.832387
0.832387
0.833327
0.781348
0.758089
0.732734
0.589197
0.611401
0.632016
0.673635
0.674925
0.674925
0.673634
0.632016
0.611401
0.589197
0.428202
0.44605
0.462433
0.494307
0.501396
0.501396
0.494307
0.462433
0.446049
0.428202
0.265428
0.276168
0.286692
0.303497
0.308269
0.308269
0.303497
0.286692
0.276168
0.265427
0.0810003
0.0864273
0.0927339
0.102891
0.112095
0.112095
0.102891
0.0927338
0.0864273
0.0810003
1.17366
1.15165
1.13198
1.13758
1.05571
1.05571
1.13758
1.13198
1.15165
1.17365
1.12542
1.12482
1.12543
1.16392
1.11633
1.11633
1.16392
1.12543
1.12482
1.12542
1.0585
1.07217
1.08551
1.14058
1.11545
1.11545
1.14058
1.08551
1.07217
1.0585
0.970327
0.992324
1.01281
1.07321
1.06149
1.06149
1.07321
1.01281
0.992323
0.970326
0.861625
0.88711
0.910698
0.969018
0.963841
0.963841
0.969018
0.910698
0.887109
0.861625
0.732734
0.758089
0.781349
0.833328
0.832387
0.832387
0.833327
0.781348
0.758089
0.732734
0.589198
0.611401
0.632016
0.673635
0.674925
0.674925
0.673634
0.632016
0.611401
0.589197
0.428202
0.44605
0.462433
0.494307
0.501396
0.501396
0.494307
0.462433
0.446049
0.428202
0.265428
0.276168
0.286692
0.303497
0.308269
0.308269
0.303497
0.286692
0.276168
0.265427
0.0810004
0.0864273
0.0927339
0.102891
0.112095
0.112095
0.102891
0.0927338
0.0864273
0.0810003
1.17366
1.12542
1.0585
0.970326
0.861625
0.732734
0.589197
0.428202
0.265428
0.0810003
1.15165
1.12482
1.07217
0.992323
0.88711
0.758089
0.611401
0.44605
0.276168
0.0864273
1.13198
1.12543
1.08551
1.01281
0.910698
0.781349
0.632016
0.462433
0.286692
0.0927339
1.13758
1.16392
1.14058
1.07321
0.969018
0.833328
0.673635
0.494307
0.303497
0.102891
1.05571
1.11633
1.11545
1.06149
0.963842
0.832388
0.674925
0.501396
0.308269
0.112095
1.05571
1.11633
1.11545
1.06149
0.963842
0.832388
0.674925
0.501396
0.308269
0.112095
1.13758
1.16392
1.14058
1.07321
0.969018
0.833328
0.673635
0.494307
0.303497
0.102891
1.13198
1.12543
1.08551
1.01281
0.910698
0.781349
0.632016
0.462433
0.286692
0.0927339
1.15165
1.12482
1.07217
0.992324
0.88711
0.758089
0.611401
0.44605
0.276168
0.0864273
1.17366
1.12542
1.0585
0.970327
0.861625
0.732734
0.589198
0.428202
0.265428
0.0810004
1.17365
1.12542
1.0585
0.970326
0.861625
0.732734
0.589197
0.428202
0.265427
0.0810003
1.15165
1.12482
1.07217
0.992323
0.887109
0.758089
0.611401
0.446049
0.276168
0.0864273
1.13198
1.12543
1.08551
1.01281
0.910698
0.781348
0.632016
0.462433
0.286692
0.0927338
1.13758
1.16392
1.14058
1.07321
0.969018
0.833327
0.673634
0.494307
0.303497
0.102891
1.05571
1.11633
1.11545
1.06149
0.963841
0.832387
0.674925
0.501396
0.308269
0.112095
1.05571
1.11633
1.11545
1.06149
0.963841
0.832387
0.674925
0.501396
0.308269
0.112095
1.13758
1.16392
1.14058
1.07321
0.969018
0.833327
0.673634
0.494307
0.303497
0.102891
1.13198
1.12543
1.08551
1.01281
0.910698
0.781348
0.632016
0.462433
0.286692
0.0927338
1.15165
1.12482
1.07217
0.992323
0.887109
0.758089
0.611401
0.446049
0.276168
0.0864273
1.17365
1.12542
1.0585
0.970326
0.861625
0.732734
0.589197
0.428202
0.265427
0.0810003
)
;
    }
    procBoundary1to0
    {
        type            processor;
        value           nonuniform List<scalar> 
100
(
1.20889
1.15777
1.10845
1.06138
0.926852
0.926852
1.06138
1.10845
1.15777
1.20889
1.15777
1.12166
1.02454
1.02727
0.899799
0.899799
1.02727
1.02454
1.12166
1.15777
1.10845
1.02454
0.958478
0.924932
1.02794
1.02794
0.924932
0.958478
1.02454
1.10845
1.06138
1.02727
0.924931
0.964432
1.09691
1.09691
0.964432
0.924933
1.02727
1.06138
0.926851
0.899798
1.02794
1.09691
1.23425
1.23425
1.09691
1.02794
0.8998
0.926851
0.926851
0.899798
1.02794
1.09691
1.23425
1.23425
1.09691
1.02794
0.8998
0.926851
1.06138
1.02727
0.924931
0.964432
1.09691
1.09691
0.964431
0.924932
1.02727
1.06138
1.10845
1.02454
0.958477
0.924932
1.02794
1.02794
0.924932
0.958478
1.02454
1.10845
1.15777
1.12166
1.02454
1.02727
0.899799
0.899799
1.02727
1.02454
1.12166
1.15777
1.20889
1.15777
1.10845
1.06138
0.926851
0.926851
1.06138
1.10845
1.15777
1.20889
)
;
    }
}


// ************************************************************************* //
