/*--------------------------------*- C++ -*----------------------------------*\
| =========                 |                                                 |
| \\      /  F ield         | OpenFOAM: The Open Source CFD Toolbox           |
|  \\    /   O peration     | Version:  2412                                  |
|   \\  /    A nd           | Website:  www.openfoam.com                      |
|    \\/     M anipulation  |                                                 |
\*---------------------------------------------------------------------------*/
FoamFile
{
    version     2.0;
    format      ascii;
    arch        "LSB;label=32;scalar=64";
    class       volScalarField;
    location    "0.49";
    object      p_rgh;
}
// * * * * * * * * * * * * * * * * * * * * * * * * * * * * * * * * * * * * * //

dimensions      [1 -1 -2 0 0 0 0];

internalField   nonuniform List<scalar> 
1000
(
11.7493
-2.0228
0.317477
-2.23688
-0.941127
-0.94123
-2.23689
0.317468
-2.02274
11.7494
-2.0228
-5.2054
-3.66608
-4.51671
4.5127
4.51213
-4.51685
-3.66617
-5.20547
-2.0228
0.317483
-3.66605
1.07633
-0.307079
8.62503
8.625
-0.30723
1.07629
-3.66605
0.317496
-2.23688
-4.51669
-0.307082
7.27282
7.3576
7.35895
7.27266
-0.307376
-4.51671
-2.23688
-0.941104
4.51278
8.62511
7.35773
5.31734
5.31817
7.358
8.62511
4.51265
-0.941116
-0.941258
4.51195
8.62505
7.35948
5.3184
5.31908
7.35959
8.62506
4.5119
-0.941254
-2.2369
-4.5169
-0.307277
7.27261
7.35791
7.35911
7.27249
-0.307558
-4.51689
-2.2369
0.31746
-3.66619
1.07627
-0.307382
8.62503
8.625
-0.307519
1.07625
-3.66618
0.317469
-2.02276
-5.20551
-3.66608
-4.51675
4.51256
4.51207
-4.51686
-3.66616
-5.20556
-2.02276
11.7494
-2.02281
0.317484
-2.23689
-0.941143
-0.941233
-2.23689
0.317471
-2.02276
11.7494
6.89963
-4.90566
-0.986145
-2.28784
-0.16164
-0.161774
-2.28785
-0.986184
-4.90565
6.89961
-4.90566
-3.65202
-2.36402
-2.88296
3.40821
3.40749
-2.88303
-2.36414
-3.65208
-4.90564
-0.986137
-2.36399
0.799406
3.9999
9.10864
9.10938
3.99983
0.799379
-2.364
-0.98612
-2.28784
-2.88297
3.99992
3.95421
2.94211
2.94333
3.95451
3.99954
-2.88296
-2.28783
-0.16161
3.40832
9.1087
2.94225
2.55668
2.55679
2.94237
9.10889
3.40815
-0.161628
-0.161808
3.40725
9.10963
2.94379
2.55682
2.55691
2.94378
9.10976
3.40719
-0.161806
-2.28786
-2.88307
3.99983
3.95451
2.94224
2.94333
3.95471
3.99947
-2.88304
-2.28785
-0.986192
-2.36417
0.799361
3.99952
9.10883
9.1095
3.99946
0.799349
-2.36416
-0.986177
-4.90566
-3.65211
-2.36404
-2.88297
3.40804
3.40741
-2.88302
-2.36414
-3.65215
-4.90565
6.8996
-4.90565
-0.986133
-2.28784
-0.161661
-0.161779
-2.28785
-0.986174
-4.90565
6.89957
3.11445
-6.87111
-2.09781
-1.90276
0.887591
0.887564
-1.90278
-2.09787
-6.87111
3.11445
-6.87111
-3.32506
-1.81655
-1.35874
2.08367
2.08337
-1.35851
-1.81664
-3.32509
-6.87108
-2.0978
-1.81652
0.829314
5.72057
4.2104
4.21177
5.72052
0.829319
-1.81654
-2.09778
-1.90277
-1.35884
5.72059
0.83746
1.94665
1.94692
0.837409
5.72022
-1.35878
-1.90275
0.887576
2.08378
4.21047
1.94668
2.59091
2.59091
1.9467
4.21084
2.0837
0.88757
0.887546
2.08332
4.21223
1.94702
2.5909
2.5909
1.94701
4.21248
2.08329
0.887543
-1.90279
-1.35849
5.72054
0.837382
1.94667
1.94691
0.83733
5.72018
-1.35845
-1.90277
-2.09787
-1.81667
0.82931
5.7202
4.21078
4.21202
5.72016
0.829319
-1.81667
-2.09785
-6.87112
-3.3251
-1.81657
-1.35869
2.08359
2.08333
-1.35849
-1.81665
-3.32513
-6.8711
3.11445
-6.87108
-2.09779
-1.90275
0.887581
0.887556
-1.90277
-2.09785
-6.8711
3.11443
2.27272
-5.60306
-1.7857
-0.385948
2.23862
2.2391
-0.385966
-1.78575
-5.60307
2.27273
-5.60306
-2.27056
-0.847832
0.376363
2.75882
2.75969
0.376441
-0.847884
-2.27056
-5.60304
-1.7857
-0.847821
1.2662
4.69667
3.01401
3.01445
4.69637
1.26622
-0.847845
-1.78568
-0.385957
0.376325
4.69665
1.69713
2.39405
2.39418
1.69705
4.69712
0.376336
-0.385949
2.23838
2.75868
3.01398
2.39405
3.19425
3.19425
2.39406
3.01406
2.7588
2.23845
2.23914
2.75999
3.01457
2.39421
3.19426
3.19427
2.39421
3.0146
2.75998
2.23913
-0.385971
0.376456
4.69624
1.69704
2.39406
2.39417
1.69697
4.69675
0.376461
-0.38596
-1.78575
-0.847895
1.26622
4.69711
3.01409
3.01447
4.69685
1.26622
-0.847908
-1.78573
-5.60308
-2.27056
-0.84786
0.376364
2.75893
2.75969
0.376438
-0.847902
-2.27057
-5.60306
2.27273
-5.60304
-1.78568
-0.385946
2.23868
2.23909
-0.385961
-1.78573
-5.60306
2.27275
5.41728
-1.43086
0.408545
1.56484
3.96132
3.9616
1.56487
0.408543
-1.43084
5.41728
-1.43086
0.46384
1.10167
2.37732
4.09011
4.09262
2.37724
1.1017
0.463855
-1.43086
0.408532
1.10166
2.48649
3.53877
3.63367
3.63405
3.53861
2.48652
1.10165
0.408542
1.5648
2.37734
3.53878
2.95285
3.35626
3.35631
2.95279
3.53872
2.37731
1.56481
3.96136
4.0895
3.63358
3.35626
3.99662
3.99664
3.35626
3.63364
4.08996
3.96142
3.96179
4.0933
3.63415
3.35633
3.99665
3.99666
3.35632
3.63415
4.09338
3.9618
1.56487
2.37721
3.53858
2.95279
3.35626
3.3563
2.95273
3.53855
2.3772
1.56487
0.408549
1.10171
2.48654
3.53871
3.63372
3.63405
3.53858
2.48655
1.1017
0.408565
-1.43084
0.463866
1.10166
2.37729
4.09055
4.09271
2.37722
1.10169
0.463881
-1.43083
5.41728
-1.43086
0.408554
1.56484
3.96137
3.96161
1.56487
0.408558
-1.43083
5.41732
10.5943
3.63862
3.11401
3.45648
5.37297
5.37113
3.45648
3.11401
3.63866
10.5942
3.63862
4.30497
3.5231
4.26341
5.73953
5.74007
4.26326
3.52318
4.30499
3.63861
3.114
3.52308
4.1081
4.89887
4.70198
4.70226
4.89878
4.10812
3.52308
3.114
3.45647
4.26345
4.89889
4.28895
4.47212
4.47215
4.28892
4.89884
4.26342
3.45647
5.37355
5.73928
4.70189
4.47212
4.8971
4.89712
4.47212
4.70194
5.73963
5.37324
5.37075
5.74009
4.70231
4.47216
4.89713
4.89714
4.47216
4.70232
5.74036
5.37072
3.45648
4.26324
4.89876
4.28893
4.47213
4.47215
4.28893
4.89872
4.26324
3.45648
3.11402
3.52319
4.10814
4.89881
4.70203
4.70227
4.89874
4.10815
3.52319
3.11403
3.63866
4.305
3.5231
4.26338
5.73986
5.74034
4.26326
3.52317
4.30503
3.63867
10.5942
3.63861
3.114
3.45648
5.37268
5.37109
3.45648
3.11402
3.63867
10.5943
12.9384
7.36874
5.33386
5.04939
6.39944
6.39805
5.04936
5.33386
7.36876
12.9383
7.36874
7.33577
5.5861
5.77735
6.96733
6.96397
5.77728
5.58615
7.33578
7.36872
5.33386
5.58609
5.50614
6.24873
5.87721
5.87672
6.24871
5.50614
5.58609
5.33385
5.0494
5.77737
6.24874
6.25067
5.70909
5.70904
6.25069
6.24871
5.77736
5.04938
6.39978
6.96807
5.87729
5.7091
5.7996
5.79961
5.70909
5.87717
6.96733
6.39946
6.39766
6.96294
5.87655
5.70905
5.79961
5.79962
5.70906
5.8765
6.96273
6.39755
5.04935
5.77726
6.24871
6.25072
5.70909
5.70906
6.25079
6.24868
5.77726
5.04935
5.33385
5.58616
5.50614
6.2487
5.8771
5.87667
6.24867
5.50615
5.58616
5.33385
7.36876
7.33578
5.5861
5.77734
6.96662
6.96374
5.77728
5.58615
7.3358
7.36875
12.9383
7.36872
5.33385
5.04937
6.39913
6.39793
5.04935
5.33385
7.36875
12.9383
11.8482
8.90636
6.77105
6.21866
7.46525
7.46619
6.21863
6.77104
8.90635
11.8482
8.90636
8.57685
6.88702
6.85057
7.64814
7.64774
6.85055
6.88702
8.57684
8.90634
6.77105
6.88701
6.56785
7.62349
6.89229
6.89174
7.62355
6.56785
6.88701
6.77103
6.21866
6.85058
7.62347
7.78308
6.96829
6.96821
7.7831
7.62345
6.85057
6.21864
7.46492
7.64818
6.89243
6.96833
6.72719
6.72719
6.96832
6.89224
7.64769
7.46502
7.46636
7.64756
6.8916
6.96822
6.72719
6.7272
6.96825
6.89149
7.64716
7.46632
6.21862
6.85055
7.62358
7.78313
6.96829
6.96824
7.78311
7.62355
6.85054
6.21861
6.77104
6.88702
6.56785
7.62348
6.8921
6.89164
7.62353
6.56785
6.88702
6.77102
8.90635
8.57684
6.88701
6.85056
7.64767
7.64733
6.85054
6.88701
8.57683
8.90633
11.8482
8.90633
6.77103
6.21864
7.46535
7.46615
6.21862
6.77102
8.90633
11.8482
10.4076
9.08933
7.52474
7.07796
8.34918
8.35028
7.07796
7.52474
9.08932
10.4076
9.08933
8.81206
7.64659
7.63562
8.1605
8.16222
7.63564
7.64658
8.81205
9.08931
7.52474
7.64659
7.38676
8.54041
7.65216
7.65219
8.54049
7.38676
7.64658
7.52473
7.07795
7.63563
8.54039
8.83483
7.98018
7.98012
8.83486
8.54038
7.63561
7.07794
8.34898
8.15992
7.65215
7.98021
7.48165
7.48164
7.98019
7.65219
8.15989
8.34925
8.35068
8.16256
7.6522
7.98012
7.48163
7.48162
7.98013
7.65223
8.16229
8.35079
7.07795
7.63564
8.54052
8.83488
7.98014
7.98011
8.83487
8.5405
7.63563
7.07794
7.52474
7.64657
7.38676
8.54041
7.65219
7.65222
8.54048
7.38677
7.64657
7.52472
9.08932
8.81205
7.64658
7.63561
8.16046
8.16195
7.63563
7.64657
8.81203
9.0893
10.4076
9.08931
7.52473
7.07794
8.34944
8.35039
7.07794
7.52473
9.0893
10.4076
9.78864
9.08882
8.01493
7.72277
8.80475
8.80478
7.72278
8.01494
9.08881
9.78863
9.08882
8.91462
8.15917
8.20477
8.56957
8.57092
8.20483
8.15916
8.91462
9.0888
8.01493
8.15918
8.0176
8.99313
8.32261
8.32268
8.99323
8.0176
8.15917
8.01492
7.72277
8.20476
8.9931
9.66504
8.33274
8.33273
9.66507
8.99314
8.20474
7.72276
8.80477
8.56908
8.32258
8.33274
8.0357
8.0357
8.33272
8.32263
8.56945
8.80487
8.80482
8.57117
8.3227
8.33271
8.03569
8.03569
8.33269
8.32274
8.57134
8.80491
7.72279
8.20483
8.9932
9.6651
8.33272
8.33271
9.66509
8.99324
8.20481
7.72278
8.01494
8.15916
8.0176
8.99317
8.32264
8.32271
8.99326
8.0176
8.15915
8.01492
9.08881
8.91461
8.15916
8.20475
8.56989
8.57105
8.2048
8.15915
8.9146
9.08879
9.78863
9.0888
8.01492
7.72276
8.80484
8.80486
7.72278
8.01492
9.08879
9.78861
)
;

boundaryField
{
    bottom
    {
        type            fixedFluxPressure;
        gradient        nonuniform List<scalar> 0();
        value           nonuniform List<scalar> 0();
    }
    atmosphere
    {
        type            prghTotalPressure;
        p0              nonuniform List<scalar> 0();
        value           nonuniform List<scalar> 0();
    }
    walls
    {
        type            fixedFluxPressure;
        gradient        uniform 0;
        value           nonuniform List<scalar> 
400
(
11.7493
-2.0228
0.317483
-2.23688
-0.941104
-0.941258
-2.2369
0.31746
-2.02276
11.7494
6.89963
-4.90566
-0.986137
-2.28784
-0.16161
-0.161808
-2.28786
-0.986192
-4.90566
6.8996
3.11445
-6.87111
-2.0978
-1.90277
0.887576
0.887546
-1.90279
-2.09787
-6.87112
3.11445
2.27272
-5.60306
-1.7857
-0.385957
2.23838
2.23914
-0.385971
-1.78575
-5.60308
2.27273
5.41728
-1.43086
0.408532
1.5648
3.96136
3.96179
1.56487
0.408549
-1.43084
5.41728
10.5943
3.63862
3.114
3.45647
5.37355
5.37075
3.45648
3.11402
3.63866
10.5942
12.9384
7.36874
5.33386
5.0494
6.39978
6.39766
5.04935
5.33385
7.36876
12.9383
11.8482
8.90636
6.77105
6.21866
7.46492
7.46636
6.21862
6.77104
8.90635
11.8482
10.4076
9.08933
7.52474
7.07795
8.34898
8.35068
7.07795
7.52474
9.08932
10.4076
9.78864
9.08882
8.01493
7.72277
8.80477
8.80482
7.72279
8.01494
9.08881
9.78863
11.7494
-2.0228
0.317496
-2.23688
-0.941116
-0.941254
-2.2369
0.317469
-2.02276
11.7494
6.89961
-4.90564
-0.98612
-2.28783
-0.161628
-0.161806
-2.28785
-0.986177
-4.90565
6.89957
3.11445
-6.87108
-2.09778
-1.90275
0.88757
0.887543
-1.90277
-2.09785
-6.8711
3.11443
2.27273
-5.60304
-1.78568
-0.385949
2.23845
2.23913
-0.38596
-1.78573
-5.60306
2.27275
5.41728
-1.43086
0.408542
1.56481
3.96142
3.9618
1.56487
0.408565
-1.43083
5.41732
10.5942
3.63861
3.114
3.45647
5.37324
5.37072
3.45648
3.11403
3.63867
10.5943
12.9383
7.36872
5.33385
5.04938
6.39946
6.39755
5.04935
5.33385
7.36875
12.9383
11.8482
8.90634
6.77103
6.21864
7.46502
7.46632
6.21861
6.77102
8.90633
11.8482
10.4076
9.08931
7.52473
7.07794
8.34925
8.35079
7.07794
7.52472
9.0893
10.4076
9.78863
9.0888
8.01492
7.72276
8.80487
8.80491
7.72278
8.01492
9.08879
9.78861
11.7493
6.89963
3.11445
2.27272
5.41728
10.5943
12.9384
11.8482
10.4076
9.78864
-2.0228
-4.90566
-6.87111
-5.60306
-1.43086
3.63862
7.36874
8.90636
9.08933
9.08882
0.317477
-0.986145
-2.09781
-1.7857
0.408545
3.11401
5.33386
6.77105
7.52474
8.01493
-2.23688
-2.28784
-1.90276
-0.385948
1.56484
3.45648
5.04939
6.21866
7.07796
7.72277
-0.941127
-0.16164
0.887591
2.23862
3.96132
5.37297
6.39944
7.46525
8.34918
8.80475
-0.94123
-0.161774
0.887564
2.2391
3.9616
5.37113
6.39805
7.46619
8.35028
8.80478
-2.23689
-2.28785
-1.90278
-0.385966
1.56487
3.45648
5.04936
6.21863
7.07796
7.72278
0.317468
-0.986184
-2.09787
-1.78575
0.408543
3.11401
5.33386
6.77104
7.52474
8.01494
-2.02274
-4.90565
-6.87111
-5.60307
-1.43084
3.63866
7.36876
8.90635
9.08932
9.08881
11.7494
6.89961
3.11445
2.27273
5.41728
10.5942
12.9383
11.8482
10.4076
9.78863
11.7494
6.8996
3.11445
2.27273
5.41728
10.5942
12.9383
11.8482
10.4076
9.78863
-2.02281
-4.90565
-6.87108
-5.60304
-1.43086
3.63861
7.36872
8.90633
9.08931
9.0888
0.317484
-0.986133
-2.09779
-1.78568
0.408554
3.114
5.33385
6.77103
7.52473
8.01492
-2.23689
-2.28784
-1.90275
-0.385946
1.56484
3.45648
5.04937
6.21864
7.07794
7.72276
-0.941143
-0.161661
0.887581
2.23868
3.96137
5.37268
6.39913
7.46535
8.34944
8.80484
-0.941233
-0.161779
0.887556
2.23909
3.96161
5.37109
6.39793
7.46615
8.35039
8.80486
-2.23689
-2.28785
-1.90277
-0.385961
1.56487
3.45648
5.04935
6.21862
7.07794
7.72278
0.317471
-0.986174
-2.09785
-1.78573
0.408558
3.11402
5.33385
6.77102
7.52473
8.01492
-2.02276
-4.90565
-6.8711
-5.60306
-1.43083
3.63867
7.36875
8.90633
9.0893
9.08879
11.7494
6.89957
3.11443
2.27275
5.41732
10.5943
12.9383
11.8482
10.4076
9.78861
)
;
    }
    procBoundary2to0
    {
        type            processor;
        value           nonuniform List<scalar> 
100
(
9.55514
9.13234
8.37762
8.21102
9.2408
9.24043
8.21103
8.37762
9.13234
9.55514
9.13234
9.02209
8.52518
8.61372
9.45603
9.45465
8.61373
8.52517
9.02209
9.13233
8.37761
8.52518
8.47612
9.42804
9.34504
9.34495
9.42808
8.47611
8.52517
8.37761
8.21102
8.61372
9.42804
9.89377
8.69625
8.69623
9.8936
9.42804
8.61371
8.21101
9.24089
9.45659
9.34505
8.69625
8.55667
8.55666
8.69623
9.34525
9.45695
9.24085
9.24033
9.4545
9.34492
8.69621
8.55666
8.55666
8.69621
9.34512
9.45503
9.24034
8.21103
8.61372
9.4281
9.8935
8.69623
8.69622
9.89353
9.42805
8.61371
8.21102
8.37761
8.52517
8.47611
9.42806
9.34521
9.34512
9.42805
8.4761
8.52516
8.3776
9.13234
9.02208
8.52517
8.61371
9.45637
9.45516
8.61372
8.52516
9.02208
9.13232
9.55514
9.13233
8.37761
8.21102
9.24077
9.24045
8.21102
8.3776
9.13232
9.55512
)
;
    }
    procBoundary2to3
    {
        type            processor;
        value           nonuniform List<scalar> 
100
(
17.9405
0.85462
1.24866
-2.38608
-1.5012
-1.50123
-2.38609
1.24868
0.854683
17.9407
0.854619
-9.71691
-5.4699
-7.58061
0.924019
0.923888
-7.58073
-5.4699
-9.71697
0.854621
1.24866
-5.46989
1.59665
-2.34641
7.55693
7.55509
-2.34638
1.59663
-5.46987
1.24867
-2.38609
-7.58059
-2.34641
5.62298
4.8092
4.80807
5.62303
-2.34639
-7.58061
-2.38609
-1.5012
0.92407
7.55709
4.80914
8.30568
8.30539
4.80902
7.55666
0.92406
-1.5012
-1.50125
0.92388
7.55456
4.80769
8.30532
8.30505
4.80769
7.55435
0.923892
-1.50124
-2.3861
-7.58077
-2.34639
5.62303
4.80906
4.80805
5.62308
-2.34637
-7.58077
-2.38611
1.24867
-5.46991
1.59661
-2.3464
7.5565
7.55486
-2.34637
1.59659
-5.4699
1.24868
0.854676
-9.717
-5.46988
-7.58064
0.924005
0.923895
-7.58074
-5.46989
-9.71705
0.854668
17.9406
0.854614
1.24867
-2.3861
-1.50121
-1.50124
-2.3861
1.24868
0.854668
17.9408
)
;
    }
}


// ************************************************************************* //
