/*--------------------------------*- C++ -*----------------------------------*\
| =========                 |                                                 |
| \\      /  F ield         | OpenFOAM: The Open Source CFD Toolbox           |
|  \\    /   O peration     | Version:  2412                                  |
|   \\  /    A nd           | Website:  www.openfoam.com                      |
|    \\/     M anipulation  |                                                 |
\*---------------------------------------------------------------------------*/
FoamFile
{
    version     2.0;
    format      ascii;
    arch        "LSB;label=32;scalar=64";
    class       volScalarField;
    location    "0.11";
    object      p;
}
// * * * * * * * * * * * * * * * * * * * * * * * * * * * * * * * * * * * * * //

dimensions      [1 -1 -2 0 0 0 0];

internalField   nonuniform List<scalar> 
1000
(
8.68038
8.68164
8.6839
8.68609
8.68773
8.68773
8.68609
8.6839
8.68164
8.68038
8.68164
8.68301
8.68551
8.68792
8.68978
8.68978
8.68792
8.68551
8.68301
8.68164
8.6839
8.68551
8.68846
8.69134
8.69362
8.69362
8.69134
8.68846
8.68551
8.6839
8.68609
8.68792
8.69134
8.69468
8.69742
8.69742
8.69468
8.69134
8.68792
8.68609
8.68773
8.68978
8.69362
8.69742
8.7006
8.7006
8.69742
8.69362
8.68978
8.68773
8.68773
8.68978
8.69362
8.69742
8.7006
8.7006
8.69742
8.69362
8.68978
8.68773
8.68609
8.68792
8.69134
8.69468
8.69742
8.69742
8.69468
8.69134
8.68792
8.68609
8.6839
8.68551
8.68846
8.69134
8.69362
8.69362
8.69134
8.68846
8.68551
8.6839
8.68164
8.68301
8.68551
8.68792
8.68978
8.68978
8.68792
8.68551
8.68301
8.68164
8.68038
8.68164
8.6839
8.68609
8.68773
8.68773
8.68609
8.6839
8.68164
8.68038
8.43257
8.43416
8.43706
8.43987
8.44202
8.44202
8.43987
8.43706
8.43416
8.43257
8.43416
8.43592
8.43915
8.44229
8.44477
8.44477
8.44229
8.43915
8.43592
8.43416
8.43706
8.43915
8.44305
8.44687
8.44999
8.44999
8.44687
8.44305
8.43915
8.43706
8.43987
8.44229
8.44687
8.45139
8.45524
8.45524
8.45139
8.44687
8.44229
8.43987
8.44202
8.44477
8.44999
8.45524
8.45983
8.45983
8.45524
8.44999
8.44477
8.44202
8.44202
8.44477
8.44999
8.45524
8.45983
8.45983
8.45524
8.44999
8.44477
8.44202
8.43987
8.44229
8.44687
8.45139
8.45524
8.45524
8.45139
8.44687
8.44229
8.43987
8.43706
8.43915
8.44305
8.44687
8.44999
8.44999
8.44687
8.44305
8.43915
8.43706
8.43416
8.43592
8.43915
8.44229
8.44477
8.44477
8.44229
8.43915
8.43592
8.43416
8.43257
8.43416
8.43706
8.43987
8.44202
8.44202
8.43987
8.43706
8.43416
8.43257
8.184
8.18601
8.1897
8.19328
8.1961
8.1961
8.19328
8.1897
8.18601
8.184
8.18601
8.18825
8.19241
8.19648
8.19979
8.19979
8.19648
8.19241
8.18825
8.18601
8.1897
8.19241
8.19752
8.20259
8.20689
8.20689
8.20259
8.19752
8.19241
8.1897
8.19328
8.19648
8.20259
8.20871
8.21416
8.21416
8.20871
8.20259
8.19648
8.19328
8.1961
8.19979
8.20689
8.21416
8.22084
8.22084
8.21416
8.20689
8.19979
8.1961
8.1961
8.19979
8.20689
8.21416
8.22084
8.22084
8.21416
8.20689
8.19979
8.1961
8.19328
8.19648
8.20259
8.20871
8.21416
8.21416
8.20871
8.20259
8.19648
8.19328
8.1897
8.19241
8.19752
8.20259
8.20689
8.20689
8.20259
8.19752
8.19241
8.1897
8.18601
8.18825
8.19241
8.19648
8.19979
8.19979
8.19648
8.19241
8.18825
8.18601
8.184
8.18601
8.1897
8.19328
8.1961
8.1961
8.19328
8.1897
8.18601
8.184
7.93447
7.93698
7.94164
7.94619
7.94987
7.94987
7.94619
7.94164
7.93698
7.93447
7.93698
7.93982
7.94515
7.95039
7.95481
7.95481
7.95039
7.94515
7.93982
7.93698
7.94164
7.94515
7.95182
7.95854
7.96446
7.96446
7.95854
7.95182
7.94515
7.94164
7.94619
7.95039
7.95854
7.96682
7.97457
7.97457
7.96682
7.95854
7.95039
7.94618
7.94987
7.95481
7.96446
7.97457
7.98439
7.98439
7.97457
7.96446
7.95481
7.94987
7.94987
7.95481
7.96446
7.97457
7.98439
7.98439
7.97457
7.96446
7.95481
7.94987
7.94618
7.95039
7.95854
7.96682
7.97457
7.97457
7.96682
7.95854
7.95039
7.94618
7.94164
7.94515
7.95182
7.95854
7.96446
7.96446
7.95854
7.95182
7.94515
7.94164
7.93698
7.93982
7.94515
7.95039
7.95481
7.95481
7.95039
7.94515
7.93982
7.93698
7.93447
7.93698
7.94164
7.94618
7.94987
7.94987
7.94618
7.94164
7.93698
7.93447
7.68374
7.68685
7.69266
7.6984
7.70318
7.70318
7.6984
7.69266
7.68685
7.68374
7.68685
7.69041
7.69717
7.7039
7.70979
7.70979
7.7039
7.69717
7.69041
7.68685
7.69266
7.69717
7.70583
7.7147
7.72287
7.72287
7.7147
7.70583
7.69717
7.69266
7.6984
7.7039
7.7147
7.72591
7.73701
7.73701
7.72591
7.7147
7.7039
7.6984
7.70318
7.70979
7.72287
7.73701
7.7516
7.7516
7.73701
7.72287
7.70979
7.70318
7.70318
7.70979
7.72287
7.73701
7.7516
7.7516
7.73701
7.72287
7.70979
7.70318
7.6984
7.7039
7.7147
7.72591
7.73701
7.73701
7.72591
7.7147
7.7039
7.6984
7.69266
7.69717
7.70583
7.7147
7.72287
7.72287
7.7147
7.70583
7.69717
7.69266
7.68685
7.69041
7.69717
7.7039
7.70979
7.70979
7.7039
7.69717
7.69041
7.68685
7.68374
7.68685
7.69266
7.6984
7.70318
7.70318
7.6984
7.69266
7.68685
7.68374
7.4315
7.43531
7.44249
7.44966
7.45582
7.45582
7.44966
7.44249
7.43531
7.4315
7.43531
7.43975
7.44824
7.45681
7.46464
7.46464
7.45681
7.44824
7.43975
7.43531
7.44249
7.44824
7.45937
7.47106
7.48231
7.48231
7.47106
7.45937
7.44824
7.44249
7.44966
7.45681
7.47106
7.48621
7.50219
7.50219
7.48621
7.47106
7.45681
7.44966
7.45582
7.46464
7.48231
7.50219
7.52412
7.52412
7.50219
7.48231
7.46464
7.45582
7.45582
7.46464
7.48231
7.50219
7.52412
7.52412
7.50219
7.48231
7.46464
7.45582
7.44966
7.45681
7.47106
7.48621
7.50219
7.50219
7.48621
7.47106
7.45681
7.44966
7.44249
7.44824
7.45937
7.47106
7.48231
7.48231
7.47106
7.45937
7.44824
7.44249
7.43531
7.43975
7.44824
7.45681
7.46464
7.46464
7.45681
7.44824
7.43975
7.43531
7.43149
7.43531
7.44249
7.44966
7.45582
7.45582
7.44966
7.44249
7.43531
7.43149
7.17739
7.18202
7.19077
7.19964
7.2075
7.2075
7.19964
7.19077
7.18202
7.17739
7.18202
7.18748
7.19803
7.20885
7.21921
7.21921
7.20885
7.19803
7.18748
7.18202
7.19077
7.19803
7.21217
7.22748
7.24295
7.24295
7.22748
7.21217
7.19803
7.19077
7.19964
7.20885
7.22748
7.24792
7.27105
7.27105
7.24792
7.22748
7.20885
7.19964
7.2075
7.21921
7.24295
7.27105
7.30438
7.30438
7.27105
7.24295
7.21921
7.2075
7.2075
7.21921
7.24295
7.27105
7.30438
7.30438
7.27105
7.24295
7.21921
7.2075
7.19964
7.20885
7.22748
7.24792
7.27105
7.27105
7.24792
7.22748
7.20885
7.19964
7.19077
7.19803
7.21217
7.22748
7.24295
7.24295
7.22748
7.21217
7.19803
7.19077
7.18202
7.18748
7.19803
7.20885
7.21921
7.21921
7.20885
7.19803
7.18748
7.18202
7.17739
7.18202
7.19077
7.19964
7.2075
7.2075
7.19964
7.19077
7.18202
7.17739
6.92102
6.92655
6.93704
6.94789
6.9578
6.9578
6.94789
6.93704
6.92655
6.92102
6.92655
6.93318
6.94609
6.95963
6.97324
6.97324
6.95963
6.94609
6.93318
6.92655
6.93704
6.94609
6.96381
6.98373
7.00487
7.00487
6.98373
6.96381
6.94609
6.93704
6.94789
6.95963
6.98373
7.01119
7.0448
7.0448
7.01119
6.98373
6.95963
6.94789
6.9578
6.97324
7.00487
7.0448
7.09601
7.09601
7.0448
7.00487
6.97324
6.9578
6.9578
6.97324
7.00487
7.0448
7.09601
7.09601
7.0448
7.00487
6.97324
6.9578
6.94789
6.95963
6.98373
7.01119
7.0448
7.0448
7.01119
6.98373
6.95963
6.94789
6.93704
6.94609
6.96381
6.98373
7.00487
7.00487
6.98373
6.96381
6.94609
6.93704
6.92655
6.93318
6.94609
6.95963
6.97324
6.97324
6.95963
6.94609
6.93318
6.92655
6.92102
6.92655
6.93704
6.94789
6.9578
6.9578
6.94789
6.93704
6.92655
6.92102
6.66191
6.66842
6.68075
6.69382
6.70612
6.70612
6.69382
6.68075
6.66842
6.66191
6.66842
6.67635
6.69188
6.7086
6.72633
6.72633
6.7086
6.69188
6.67635
6.66842
6.68075
6.69188
6.71363
6.73932
6.76793
6.76793
6.73932
6.71363
6.69188
6.68075
6.69382
6.7086
6.73932
6.77597
6.82493
6.82493
6.77597
6.73932
6.7086
6.69382
6.70612
6.72633
6.76793
6.82493
6.90439
6.90439
6.82493
6.76793
6.72633
6.70612
6.70612
6.72633
6.76793
6.82493
6.90439
6.90439
6.82493
6.76793
6.72633
6.70612
6.69382
6.7086
6.73932
6.77597
6.82493
6.82493
6.77597
6.73932
6.7086
6.69382
6.68075
6.69188
6.71363
6.73932
6.76793
6.76793
6.73932
6.71363
6.69188
6.68075
6.66842
6.67635
6.69188
6.7086
6.72633
6.72633
6.7086
6.69188
6.67635
6.66842
6.66191
6.66842
6.68075
6.69382
6.70612
6.70612
6.69382
6.68075
6.66842
6.66191
6.39958
6.40709
6.42124
6.43672
6.45167
6.45167
6.43672
6.42124
6.40709
6.39957
6.40709
6.4164
6.43468
6.45498
6.47781
6.47781
6.45498
6.43468
6.4164
6.40709
6.42124
6.43468
6.46069
6.49338
6.53147
6.53147
6.49338
6.46069
6.43468
6.42124
6.43672
6.45498
6.49338
6.54178
6.61305
6.61305
6.54178
6.49338
6.45498
6.43672
6.45167
6.47781
6.53147
6.61305
6.73735
6.73735
6.61305
6.53147
6.47781
6.45167
6.45167
6.47781
6.53147
6.61305
6.73735
6.73735
6.61305
6.53147
6.47781
6.45167
6.43672
6.45498
6.49338
6.54178
6.61305
6.61305
6.54178
6.49338
6.45498
6.43672
6.42124
6.43468
6.46069
6.49338
6.53147
6.53147
6.49338
6.46069
6.43468
6.42124
6.40709
6.41639
6.43468
6.45498
6.47781
6.47781
6.45498
6.43468
6.41639
6.40709
6.39957
6.40709
6.42124
6.43672
6.45167
6.45167
6.43672
6.42124
6.40709
6.39957
)
;

boundaryField
{
    bottom
    {
        type            calculated;
        value           nonuniform List<scalar> 0();
    }
    atmosphere
    {
        type            calculated;
        value           nonuniform List<scalar> 0();
    }
    walls
    {
        type            calculated;
        value           nonuniform List<scalar> 
400
(
8.68038
8.68164
8.6839
8.68609
8.68773
8.68773
8.68609
8.6839
8.68164
8.68038
8.43257
8.43416
8.43706
8.43987
8.44202
8.44202
8.43987
8.43706
8.43416
8.43257
8.184
8.18601
8.1897
8.19328
8.1961
8.1961
8.19328
8.1897
8.18601
8.184
7.93447
7.93698
7.94164
7.94619
7.94987
7.94987
7.94618
7.94164
7.93698
7.93447
7.68374
7.68685
7.69266
7.6984
7.70318
7.70318
7.6984
7.69266
7.68685
7.68374
7.4315
7.43531
7.44249
7.44966
7.45582
7.45582
7.44966
7.44249
7.43531
7.43149
7.17739
7.18202
7.19077
7.19964
7.2075
7.2075
7.19964
7.19077
7.18202
7.17739
6.92102
6.92655
6.93704
6.94789
6.9578
6.9578
6.94789
6.93704
6.92655
6.92102
6.66191
6.66842
6.68075
6.69382
6.70612
6.70612
6.69382
6.68075
6.66842
6.66191
6.39958
6.40709
6.42124
6.43672
6.45167
6.45167
6.43672
6.42124
6.40709
6.39957
8.68038
8.68164
8.6839
8.68609
8.68773
8.68773
8.68609
8.6839
8.68164
8.68038
8.43257
8.43416
8.43706
8.43987
8.44202
8.44202
8.43987
8.43706
8.43416
8.43257
8.184
8.18601
8.1897
8.19328
8.1961
8.1961
8.19328
8.1897
8.18601
8.184
7.93447
7.93698
7.94164
7.94618
7.94987
7.94987
7.94618
7.94164
7.93698
7.93447
7.68374
7.68685
7.69266
7.6984
7.70318
7.70318
7.6984
7.69266
7.68685
7.68374
7.4315
7.43531
7.44249
7.44966
7.45582
7.45582
7.44966
7.44249
7.43531
7.43149
7.17739
7.18202
7.19077
7.19964
7.2075
7.2075
7.19964
7.19077
7.18202
7.17739
6.92102
6.92655
6.93704
6.94789
6.9578
6.9578
6.94789
6.93704
6.92655
6.92102
6.66191
6.66842
6.68075
6.69382
6.70612
6.70612
6.69382
6.68075
6.66842
6.66191
6.39957
6.40709
6.42124
6.43672
6.45167
6.45167
6.43672
6.42124
6.40709
6.39957
8.68038
8.43257
8.184
7.93447
7.68374
7.4315
7.17739
6.92102
6.66191
6.39958
8.68164
8.43416
8.18601
7.93698
7.68685
7.43531
7.18202
6.92655
6.66842
6.40709
8.6839
8.43706
8.1897
7.94164
7.69266
7.44249
7.19077
6.93704
6.68075
6.42124
8.68609
8.43987
8.19328
7.94619
7.6984
7.44966
7.19964
6.94789
6.69382
6.43672
8.68773
8.44202
8.1961
7.94987
7.70318
7.45582
7.2075
6.9578
6.70612
6.45167
8.68773
8.44202
8.1961
7.94987
7.70318
7.45582
7.2075
6.9578
6.70612
6.45167
8.68609
8.43987
8.19328
7.94619
7.6984
7.44966
7.19964
6.94789
6.69382
6.43672
8.6839
8.43706
8.1897
7.94164
7.69266
7.44249
7.19077
6.93704
6.68075
6.42124
8.68164
8.43416
8.18601
7.93698
7.68685
7.43531
7.18202
6.92655
6.66842
6.40709
8.68038
8.43257
8.184
7.93447
7.68374
7.4315
7.17739
6.92102
6.66191
6.39957
8.68038
8.43257
8.184
7.93447
7.68374
7.43149
7.17739
6.92102
6.66191
6.39957
8.68164
8.43416
8.18601
7.93698
7.68685
7.43531
7.18202
6.92655
6.66842
6.40709
8.6839
8.43706
8.1897
7.94164
7.69266
7.44249
7.19077
6.93704
6.68075
6.42124
8.68609
8.43987
8.19328
7.94618
7.6984
7.44966
7.19964
6.94789
6.69382
6.43672
8.68773
8.44202
8.1961
7.94987
7.70318
7.45582
7.2075
6.9578
6.70612
6.45167
8.68773
8.44202
8.1961
7.94987
7.70318
7.45582
7.2075
6.9578
6.70612
6.45167
8.68609
8.43987
8.19328
7.94618
7.6984
7.44966
7.19964
6.94789
6.69382
6.43672
8.6839
8.43706
8.1897
7.94164
7.69266
7.44249
7.19077
6.93704
6.68075
6.42124
8.68164
8.43416
8.18601
7.93698
7.68685
7.43531
7.18202
6.92655
6.66842
6.40709
8.68038
8.43257
8.184
7.93447
7.68374
7.43149
7.17739
6.92102
6.66191
6.39957
)
;
    }
    procBoundary2to0
    {
        type            processor;
        value           nonuniform List<scalar> 
100
(
6.1335
6.142
6.15776
6.1757
6.19333
6.19333
6.1757
6.15776
6.142
6.1335
6.142
6.15267
6.17362
6.19777
6.2266
6.2266
6.19777
6.17362
6.15267
6.142
6.15776
6.17362
6.20361
6.24457
6.2937
6.2937
6.24457
6.20361
6.17362
6.15776
6.1757
6.19777
6.24457
6.30731
6.41043
6.41043
6.30731
6.24457
6.19777
6.1757
6.19333
6.2266
6.2937
6.41043
6.60601
6.60601
6.41043
6.2937
6.2266
6.19333
6.19333
6.2266
6.2937
6.41043
6.60601
6.60601
6.41043
6.2937
6.2266
6.19333
6.1757
6.19776
6.24457
6.30731
6.41043
6.41043
6.30731
6.24457
6.19776
6.1757
6.15776
6.17362
6.20361
6.24457
6.2937
6.2937
6.24457
6.20361
6.17362
6.15776
6.142
6.15267
6.17362
6.19776
6.2266
6.2266
6.19776
6.17362
6.15267
6.142
6.13349
6.142
6.15776
6.1757
6.19333
6.19333
6.1757
6.15776
6.142
6.13349
)
;
    }
    procBoundary2to3
    {
        type            processor;
        value           nonuniform List<scalar> 
100
(
8.9276
8.92858
8.93035
8.93204
8.93329
8.93329
8.93204
8.93035
8.92858
8.9276
8.92858
8.92965
8.93157
8.93343
8.93482
8.93482
8.93343
8.93157
8.92965
8.92858
8.93035
8.93157
8.93381
8.93597
8.93764
8.93764
8.93597
8.93381
8.93157
8.93035
8.93204
8.93343
8.93597
8.93845
8.94041
8.94041
8.93845
8.93597
8.93343
8.93204
8.93329
8.93482
8.93764
8.94041
8.94264
8.94264
8.94041
8.93764
8.93481
8.93329
8.93329
8.93482
8.93764
8.94041
8.94264
8.94264
8.94041
8.93764
8.93481
8.93329
8.93204
8.93343
8.93597
8.93845
8.94041
8.94041
8.93845
8.93597
8.93343
8.93204
8.93035
8.93157
8.93381
8.93597
8.93764
8.93764
8.93597
8.93381
8.93157
8.93035
8.92858
8.92965
8.93157
8.93343
8.93481
8.93481
8.93343
8.93157
8.92965
8.92858
8.9276
8.92858
8.93035
8.93204
8.93329
8.93329
8.93204
8.93035
8.92858
8.9276
)
;
    }
}


// ************************************************************************* //
