/*--------------------------------*- C++ -*----------------------------------*\
| =========                 |                                                 |
| \\      /  F ield         | OpenFOAM: The Open Source CFD Toolbox           |
|  \\    /   O peration     | Version:  2412                                  |
|   \\  /    A nd           | Website:  www.openfoam.com                      |
|    \\/     M anipulation  |                                                 |
\*---------------------------------------------------------------------------*/
FoamFile
{
    version     2.0;
    format      ascii;
    arch        "LSB;label=32;scalar=64";
    class       surfaceScalarField;
    location    "0.22";
    object      phi;
}
// * * * * * * * * * * * * * * * * * * * * * * * * * * * * * * * * * * * * * //

dimensions      [0 3 -1 0 0 0 0];

oriented        oriented;

internalField   nonuniform List<scalar> 
2700
(
-2.24488e-06
-2.24488e-06
4.48977e-06
-3.69358e-06
-2.36689e-06
3.8156e-06
-3.74349e-06
-2.57889e-06
2.62881e-06
-2.38077e-06
-2.79703e-06
1.43432e-06
-6.28113e-12
-2.95576e-06
5.75003e-07
2.38076e-06
-2.95576e-06
5.75003e-07
3.74348e-06
-2.79703e-06
1.43432e-06
3.69357e-06
-2.5789e-06
2.62881e-06
2.24488e-06
-2.36689e-06
3.8156e-06
-2.24488e-06
4.48977e-06
-2.36689e-06
-3.69358e-06
3.8156e-06
-3.89904e-06
-3.89904e-06
3.06431e-06
-3.95986e-06
-4.25716e-06
1.7391e-06
-2.52638e-06
-4.62703e-06
3.96528e-07
-6.5175e-12
-4.89741e-06
-5.84713e-07
2.52636e-06
-4.89741e-06
-5.84714e-07
3.95985e-06
-4.62703e-06
3.96526e-07
3.89904e-06
-4.25717e-06
1.73909e-06
2.36689e-06
-3.89904e-06
3.06431e-06
-3.69358e-06
3.81559e-06
-2.5789e-06
-3.74349e-06
2.62881e-06
-4.25717e-06
-3.95986e-06
1.7391e-06
-4.33875e-06
-4.33875e-06
1.63175e-07
-2.78108e-06
-4.73129e-06
-1.4534e-06
-6.57044e-12
-5.02204e-06
-2.65643e-06
2.78106e-06
-5.02204e-06
-2.65643e-06
4.33874e-06
-4.73129e-06
-1.45341e-06
4.25716e-06
-4.33875e-06
1.63172e-07
2.57889e-06
-3.95986e-06
1.73909e-06
-3.74349e-06
2.62881e-06
-2.79703e-06
-2.38077e-06
1.43432e-06
-4.62703e-06
-2.52637e-06
3.96528e-07
-4.73129e-06
-2.78107e-06
-1.4534e-06
-3.04809e-06
-3.04809e-06
-3.3664e-06
-7.03071e-12
-3.24714e-06
-4.82297e-06
3.04808e-06
-3.24714e-06
-4.82297e-06
4.73128e-06
-3.04809e-06
-3.3664e-06
4.62703e-06
-2.78107e-06
-1.45341e-06
2.79703e-06
-2.52637e-06
3.96524e-07
-2.38077e-06
1.43432e-06
-2.95576e-06
-2.21583e-12
5.75003e-07
-4.89741e-06
-2.32819e-12
-5.84714e-07
-5.02204e-06
-2.55735e-12
-2.65643e-06
-3.24714e-06
-2.88561e-12
-4.82297e-06
-6.8755e-12
-2.95919e-12
-6.49426e-06
3.24713e-06
-2.97615e-12
-6.49426e-06
5.02203e-06
-2.66376e-12
-4.82298e-06
4.8974e-06
-2.36862e-12
-2.65644e-06
2.95576e-06
-2.0616e-12
-5.84718e-07
-1.8923e-12
5.74998e-07
-2.95576e-06
2.38077e-06
5.75003e-07
-4.89741e-06
2.52637e-06
-5.84713e-07
-5.02204e-06
2.78107e-06
-2.65643e-06
-3.24714e-06
3.04808e-06
-4.82297e-06
-7.09565e-12
3.24713e-06
-6.49426e-06
3.24713e-06
3.24713e-06
-6.49426e-06
5.02203e-06
3.04808e-06
-4.82298e-06
4.8974e-06
2.78107e-06
-2.65644e-06
2.95576e-06
2.52637e-06
-5.84718e-07
2.38077e-06
5.74998e-07
-2.79703e-06
3.74348e-06
1.43432e-06
-4.62703e-06
3.95985e-06
3.96526e-07
-4.73129e-06
4.33874e-06
-1.4534e-06
-3.04809e-06
4.73129e-06
-3.3664e-06
-6.57741e-12
5.02203e-06
-4.82298e-06
3.04808e-06
5.02203e-06
-4.82298e-06
4.73128e-06
4.73129e-06
-3.36641e-06
4.62703e-06
4.33874e-06
-1.45341e-06
2.79703e-06
3.95986e-06
3.96522e-07
3.74349e-06
1.43432e-06
-2.5789e-06
3.69358e-06
2.62881e-06
-4.25717e-06
3.89904e-06
1.73909e-06
-4.33875e-06
4.25716e-06
1.63174e-07
-2.78108e-06
4.62703e-06
-1.45341e-06
-6.55861e-12
4.89741e-06
-2.65644e-06
2.78107e-06
4.89741e-06
-2.65644e-06
4.33874e-06
4.62703e-06
-1.45341e-06
4.25716e-06
4.25716e-06
1.6317e-07
2.57889e-06
3.89904e-06
1.73909e-06
3.69358e-06
2.62881e-06
-2.36689e-06
2.24488e-06
3.8156e-06
-3.89904e-06
2.36689e-06
3.06431e-06
-3.95986e-06
2.57889e-06
1.73909e-06
-2.52638e-06
2.79703e-06
3.96525e-07
-6.08381e-12
2.95576e-06
-5.84717e-07
2.52637e-06
2.95576e-06
-5.84717e-07
3.95985e-06
2.79703e-06
3.96523e-07
3.89904e-06
2.5789e-06
1.73909e-06
2.36689e-06
2.36689e-06
3.06431e-06
2.24488e-06
3.81559e-06
-2.24488e-06
4.48977e-06
-3.69358e-06
3.8156e-06
-3.74349e-06
2.62881e-06
-2.38078e-06
1.43432e-06
-6.02761e-12
5.75e-07
2.38076e-06
5.74999e-07
3.74348e-06
1.43432e-06
3.69358e-06
2.62881e-06
2.24488e-06
3.81559e-06
4.48977e-06
-2.40808e-06
-2.40808e-06
9.30593e-06
-3.96587e-06
-2.54792e-06
7.92132e-06
-4.02625e-06
-2.79195e-06
5.48115e-06
-2.56811e-06
-3.04451e-06
3.02071e-06
-6.55667e-12
-3.23141e-06
1.23832e-06
2.5681e-06
-3.23141e-06
1.23832e-06
4.02624e-06
-3.04451e-06
3.0207e-06
3.96586e-06
-2.79195e-06
5.48115e-06
2.40807e-06
-2.54792e-06
7.92131e-06
-2.40808e-06
9.30593e-06
-2.54792e-06
-3.96587e-06
7.92132e-06
-4.20239e-06
-4.20239e-06
6.37328e-06
-4.27648e-06
-4.61666e-06
3.6379e-06
-2.73776e-06
-5.0474e-06
8.60711e-07
-6.79022e-12
-5.36768e-06
-1.18618e-06
2.73775e-06
-5.36768e-06
-1.18618e-06
4.27647e-06
-5.0474e-06
8.60707e-07
4.20239e-06
-4.61666e-06
3.63789e-06
2.54791e-06
-4.20239e-06
6.37327e-06
-3.96587e-06
7.92131e-06
-2.79195e-06
-4.02625e-06
5.48115e-06
-4.61666e-06
-4.27647e-06
3.6379e-06
-4.71802e-06
-4.71802e-06
3.65915e-07
-3.03723e-06
-5.17907e-06
-3.00251e-06
-6.84966e-12
-5.52717e-06
-5.53416e-06
3.03722e-06
-5.52717e-06
-5.53416e-06
4.71801e-06
-5.17907e-06
-3.00252e-06
4.61665e-06
-4.71802e-06
3.65908e-07
2.79195e-06
-4.27648e-06
3.63789e-06
-4.02625e-06
5.48114e-06
-3.04451e-06
-2.56811e-06
3.02071e-06
-5.0474e-06
-2.73776e-06
8.60711e-07
-5.17907e-06
-3.03723e-06
-3.00251e-06
-3.35438e-06
-3.35438e-06
-7.01577e-06
-7.33018e-12
-3.5957e-06
-1.01088e-05
3.35437e-06
-3.5957e-06
-1.01088e-05
5.17906e-06
-3.35438e-06
-7.01578e-06
5.04739e-06
-3.03723e-06
-3.00252e-06
3.04451e-06
-2.73776e-06
8.60702e-07
-2.56811e-06
3.0207e-06
-3.23141e-06
-2.98124e-12
1.23832e-06
-5.36769e-06
-3.01758e-12
-1.18618e-06
-5.52718e-06
-3.23172e-12
-5.53416e-06
-3.5957e-06
-3.54197e-12
-1.01088e-05
-7.21708e-12
-3.62943e-12
-1.36856e-05
3.59569e-06
-3.69205e-12
-1.36856e-05
5.52716e-06
-3.29075e-12
-1.01088e-05
5.36768e-06
-3.09584e-12
-5.53417e-06
3.23141e-06
-2.6595e-12
-1.18619e-06
-2.69765e-12
1.23831e-06
-3.23141e-06
2.5681e-06
1.23832e-06
-5.36769e-06
2.73775e-06
-1.18618e-06
-5.52718e-06
3.03722e-06
-5.53416e-06
-3.5957e-06
3.35437e-06
-1.01088e-05
-7.4579e-12
3.59569e-06
-1.36856e-05
3.59569e-06
3.59569e-06
-1.36856e-05
5.52717e-06
3.35437e-06
-1.01088e-05
5.36768e-06
3.03722e-06
-5.53417e-06
3.23141e-06
2.73775e-06
-1.18619e-06
2.5681e-06
1.23831e-06
-3.04451e-06
4.02624e-06
3.02071e-06
-5.0474e-06
4.27647e-06
8.60707e-07
-5.17907e-06
4.71801e-06
-3.00252e-06
-3.35438e-06
5.17907e-06
-7.01578e-06
-6.87353e-12
5.52717e-06
-1.01088e-05
3.35437e-06
5.52717e-06
-1.01088e-05
5.17906e-06
5.17907e-06
-7.01579e-06
5.04739e-06
4.71802e-06
-3.00252e-06
3.04451e-06
4.27647e-06
8.60698e-07
4.02624e-06
3.0207e-06
-2.79195e-06
3.96587e-06
5.48115e-06
-4.61666e-06
4.20239e-06
3.63789e-06
-4.71802e-06
4.61665e-06
3.65912e-07
-3.03723e-06
5.0474e-06
-3.00252e-06
-6.81127e-12
5.36768e-06
-5.53416e-06
3.03722e-06
5.36768e-06
-5.53417e-06
4.71801e-06
5.0474e-06
-3.00252e-06
4.61665e-06
4.61665e-06
3.65905e-07
2.79195e-06
4.20239e-06
3.63789e-06
3.96587e-06
5.48114e-06
-2.54792e-06
2.40807e-06
7.92132e-06
-4.20239e-06
2.54792e-06
6.37327e-06
-4.27648e-06
2.79195e-06
3.63789e-06
-2.73776e-06
3.04451e-06
8.60704e-07
-6.28001e-12
3.23141e-06
-1.18619e-06
2.73775e-06
3.23141e-06
-1.18619e-06
4.27647e-06
3.04451e-06
8.607e-07
4.20239e-06
2.79195e-06
3.63789e-06
2.54791e-06
2.54792e-06
6.37326e-06
2.40808e-06
7.92131e-06
-2.40808e-06
9.30593e-06
-3.96587e-06
7.92132e-06
-4.02625e-06
5.48115e-06
-2.56811e-06
3.0207e-06
-6.23156e-12
1.23831e-06
2.5681e-06
1.23831e-06
4.02624e-06
3.0207e-06
3.96587e-06
5.48114e-06
2.40807e-06
7.92131e-06
9.30593e-06
-2.73174e-06
-2.73174e-06
1.47694e-05
-4.50993e-06
-2.90956e-06
1.26091e-05
-4.59437e-06
-3.2224e-06
8.788e-06
-2.9458e-06
-3.54952e-06
4.92166e-06
-6.65434e-12
-3.79776e-06
2.0903e-06
2.94578e-06
-3.79776e-06
2.0903e-06
4.59436e-06
-3.54952e-06
4.92165e-06
4.50993e-06
-3.2224e-06
8.78799e-06
2.73174e-06
-2.90957e-06
1.26091e-05
-2.73174e-06
1.47694e-05
-2.90957e-06
-4.50993e-06
1.26091e-05
-4.81221e-06
-4.81221e-06
1.01786e-05
-4.91746e-06
-5.3466e-06
5.86736e-06
-3.16808e-06
-5.90852e-06
1.47034e-06
-6.93757e-12
-6.33751e-06
-1.8145e-06
3.16807e-06
-6.33751e-06
-1.8145e-06
4.91745e-06
-5.90852e-06
1.47034e-06
4.8122e-06
-5.34661e-06
5.86735e-06
2.90956e-06
-4.81221e-06
1.01786e-05
-4.50993e-06
1.26091e-05
-3.2224e-06
-4.59437e-06
8.78799e-06
-5.34661e-06
-4.91746e-06
5.86736e-06
-5.49359e-06
-5.49358e-06
6.59886e-07
-3.56447e-06
-6.10288e-06
-4.73726e-06
-7.0636e-12
-6.57728e-06
-8.85885e-06
3.56446e-06
-6.57728e-06
-8.85885e-06
5.49358e-06
-6.10288e-06
-4.73727e-06
5.3466e-06
-5.49359e-06
6.59875e-07
3.22239e-06
-4.91746e-06
5.86735e-06
-4.59437e-06
8.78798e-06
-3.54952e-06
-2.94579e-06
4.92166e-06
-5.90852e-06
-3.16808e-06
1.47034e-06
-6.10288e-06
-3.56447e-06
-4.73726e-06
-3.99135e-06
-3.99134e-06
-1.12388e-05
-7.6074e-12
-4.32687e-06
-1.63505e-05
3.99133e-06
-4.32687e-06
-1.63505e-05
6.10287e-06
-3.99134e-06
-1.12388e-05
5.90851e-06
-3.56447e-06
-4.73727e-06
3.54952e-06
-3.16808e-06
1.47033e-06
-2.94579e-06
4.92164e-06
-3.79776e-06
-1.22761e-12
2.0903e-06
-6.33751e-06
-1.42538e-12
-1.8145e-06
-6.57728e-06
-1.75737e-12
-8.85885e-06
-4.32687e-06
-2.21255e-12
-1.63506e-05
-7.47827e-12
-2.37879e-12
-2.23394e-05
4.32686e-06
-2.36158e-12
-2.23394e-05
6.57727e-06
-2.02645e-12
-1.63506e-05
6.33751e-06
-1.52836e-12
-8.85886e-06
3.79776e-06
-1.24869e-12
-1.81451e-06
-8.87811e-13
2.09028e-06
-3.79776e-06
2.94579e-06
2.0903e-06
-6.33751e-06
3.16807e-06
-1.8145e-06
-6.57728e-06
3.56446e-06
-8.85884e-06
-4.32687e-06
3.99134e-06
-1.63505e-05
-7.69436e-12
4.32686e-06
-2.23394e-05
4.32686e-06
4.32686e-06
-2.23394e-05
6.57727e-06
3.99134e-06
-1.63506e-05
6.33751e-06
3.56446e-06
-8.85886e-06
3.79776e-06
3.16808e-06
-1.81451e-06
2.94579e-06
2.09028e-06
-3.54952e-06
4.59437e-06
4.92165e-06
-5.90852e-06
4.91745e-06
1.47034e-06
-6.10288e-06
5.49358e-06
-4.73726e-06
-3.99135e-06
6.10287e-06
-1.12388e-05
-7.12278e-12
6.57728e-06
-1.63506e-05
3.99133e-06
6.57728e-06
-1.63506e-05
6.10287e-06
6.10287e-06
-1.12389e-05
5.90851e-06
5.49358e-06
-4.73728e-06
3.54952e-06
4.91746e-06
1.47032e-06
4.59437e-06
4.92164e-06
-3.2224e-06
4.50993e-06
8.78799e-06
-5.34661e-06
4.81221e-06
5.86736e-06
-5.49359e-06
5.3466e-06
6.59881e-07
-3.56447e-06
5.90851e-06
-4.73726e-06
-7.05342e-12
6.33751e-06
-8.85885e-06
3.56446e-06
6.33751e-06
-8.85886e-06
5.49358e-06
5.90852e-06
-4.73727e-06
5.3466e-06
5.3466e-06
6.59871e-07
3.22239e-06
4.81221e-06
5.86735e-06
4.50993e-06
8.78798e-06
-2.90957e-06
2.73174e-06
1.26091e-05
-4.81221e-06
2.90957e-06
1.01786e-05
-4.91746e-06
3.2224e-06
5.86736e-06
-3.16808e-06
3.54952e-06
1.47033e-06
-6.51361e-12
3.79776e-06
-1.81451e-06
3.16807e-06
3.79776e-06
-1.81451e-06
4.91745e-06
3.54952e-06
1.47033e-06
4.81221e-06
3.2224e-06
5.86735e-06
2.90956e-06
2.90957e-06
1.01786e-05
2.73175e-06
1.26091e-05
-2.73175e-06
1.47694e-05
-4.50994e-06
1.26091e-05
-4.59438e-06
8.78799e-06
-2.9458e-06
4.92165e-06
-6.42362e-12
2.09029e-06
2.94578e-06
2.09029e-06
4.59437e-06
4.92164e-06
4.50993e-06
8.78798e-06
2.73174e-06
1.26091e-05
1.47694e-05
-3.23867e-06
-3.23867e-06
2.12468e-05
-5.36288e-06
-3.47932e-06
1.82126e-05
-5.48844e-06
-3.90643e-06
1.282e-05
-3.54375e-06
-4.35861e-06
7.33558e-06
-7.29517e-12
-4.7121e-06
3.25867e-06
3.54373e-06
-4.7121e-06
3.25867e-06
5.48843e-06
-4.35861e-06
7.33558e-06
5.36288e-06
-3.90644e-06
1.282e-05
3.23866e-06
-3.47932e-06
1.82126e-05
-3.23867e-06
2.12468e-05
-3.47932e-06
-5.36288e-06
1.82126e-05
-5.77448e-06
-5.77448e-06
1.47689e-05
-5.93387e-06
-6.50981e-06
8.63013e-06
-3.85551e-06
-7.29374e-06
2.32713e-06
-7.57009e-12
-7.91122e-06
-2.47088e-06
3.8555e-06
-7.91122e-06
-2.47088e-06
5.93386e-06
-7.29375e-06
2.32713e-06
5.77448e-06
-6.50981e-06
8.63012e-06
3.47931e-06
-5.77449e-06
1.47689e-05
-5.36288e-06
1.82126e-05
-3.90644e-06
-5.48844e-06
1.282e-05
-6.50981e-06
-5.93387e-06
8.63013e-06
-6.73783e-06
-6.73783e-06
1.11593e-06
-4.41805e-06
-7.60171e-06
-6.74906e-06
-7.73091e-12
-8.29901e-06
-1.28891e-05
4.41803e-06
-8.29901e-06
-1.28891e-05
6.73781e-06
-7.60172e-06
-6.74907e-06
6.5098e-06
-6.73783e-06
1.11592e-06
3.90643e-06
-5.93387e-06
8.63011e-06
-5.48844e-06
1.282e-05
-4.35861e-06
-3.54375e-06
7.33559e-06
-7.29375e-06
-3.85551e-06
2.32713e-06
-7.60172e-06
-4.41805e-06
-6.74905e-06
-5.03657e-06
-5.03657e-06
-1.63691e-05
-8.31905e-12
-5.54126e-06
-2.41449e-05
5.03655e-06
-5.54126e-06
-2.41449e-05
7.6017e-06
-5.03657e-06
-1.63691e-05
7.29374e-06
-4.41805e-06
-6.74907e-06
4.35861e-06
-3.85551e-06
2.32711e-06
-3.54375e-06
7.33556e-06
-4.7121e-06
-4.20907e-12
3.25867e-06
-7.91122e-06
-4.2349e-12
-2.47088e-06
-8.29901e-06
-4.51136e-12
-1.28891e-05
-5.54126e-06
-4.92111e-12
-2.41449e-05
-8.37594e-12
-5.13741e-12
-3.34219e-05
5.54124e-06
-5.22952e-12
-3.34219e-05
8.299e-06
-4.64086e-12
-2.41449e-05
7.91121e-06
-4.39392e-12
-1.28891e-05
4.7121e-06
-3.75555e-12
-2.4709e-06
-3.91844e-12
3.25865e-06
-4.7121e-06
3.54374e-06
3.25867e-06
-7.91122e-06
3.8555e-06
-2.47088e-06
-8.29902e-06
4.41804e-06
-1.28891e-05
-5.54126e-06
5.03656e-06
-2.41449e-05
-8.61249e-12
5.54125e-06
-3.34219e-05
5.54124e-06
5.54125e-06
-3.34219e-05
8.299e-06
5.03656e-06
-2.41449e-05
7.91121e-06
4.41804e-06
-1.28891e-05
4.7121e-06
3.8555e-06
-2.4709e-06
3.54374e-06
3.25865e-06
-4.35861e-06
5.48843e-06
7.33558e-06
-7.29375e-06
5.93386e-06
2.32713e-06
-7.60172e-06
6.73782e-06
-6.74907e-06
-5.03657e-06
7.60171e-06
-1.63691e-05
-7.85302e-12
8.29901e-06
-2.41449e-05
5.03655e-06
8.29901e-06
-2.41449e-05
7.60171e-06
7.60171e-06
-1.63691e-05
7.29374e-06
6.73782e-06
-6.74908e-06
4.35861e-06
5.93386e-06
2.32711e-06
5.48844e-06
7.33556e-06
-3.90644e-06
5.36288e-06
1.282e-05
-6.50981e-06
5.77448e-06
8.63012e-06
-6.73783e-06
6.5098e-06
1.11592e-06
-4.41805e-06
7.29374e-06
-6.74907e-06
-7.62424e-12
7.91121e-06
-1.28891e-05
4.41803e-06
7.91121e-06
-1.28891e-05
6.73782e-06
7.29374e-06
-6.74908e-06
6.5098e-06
6.5098e-06
1.11591e-06
3.90643e-06
5.77448e-06
8.63011e-06
5.36288e-06
1.282e-05
-3.47932e-06
3.23866e-06
1.82126e-05
-5.77449e-06
3.47932e-06
1.47689e-05
-5.93387e-06
3.90643e-06
8.63012e-06
-3.85552e-06
4.35861e-06
2.32712e-06
-6.93995e-12
4.7121e-06
-2.47089e-06
3.8555e-06
4.7121e-06
-2.4709e-06
5.93386e-06
4.35861e-06
2.32711e-06
5.77448e-06
3.90643e-06
8.63011e-06
3.47931e-06
3.47932e-06
1.47689e-05
3.23867e-06
1.82126e-05
-3.23867e-06
2.12468e-05
-5.36288e-06
1.82126e-05
-5.48844e-06
1.282e-05
-3.54375e-06
7.33557e-06
-6.85061e-12
3.25866e-06
3.54374e-06
3.25865e-06
5.48843e-06
7.33557e-06
5.36288e-06
1.282e-05
3.23866e-06
1.82126e-05
2.12468e-05
-3.95246e-06
-3.95246e-06
2.91517e-05
-6.56781e-06
-4.28844e-06
2.51164e-05
-6.75922e-06
-4.89072e-06
1.79021e-05
-4.4005e-06
-5.53691e-06
1.05138e-05
-7.50474e-12
-6.05838e-06
4.91657e-06
4.40049e-06
-6.05838e-06
4.91657e-06
6.7592e-06
-5.53691e-06
1.05138e-05
6.56781e-06
-4.89072e-06
1.79021e-05
3.95246e-06
-4.28844e-06
2.51164e-05
-3.95246e-06
2.91517e-05
-4.28844e-06
-6.56781e-06
2.51164e-05
-7.14661e-06
-7.14661e-06
2.04853e-05
-7.3941e-06
-8.19172e-06
1.21786e-05
-4.85315e-06
-9.32353e-06
3.57282e-06
-7.872e-12
-1.02453e-05
-3.13705e-06
4.85313e-06
-1.02453e-05
-3.13705e-06
7.39409e-06
-9.32353e-06
3.57281e-06
7.1466e-06
-8.19172e-06
1.21786e-05
4.28844e-06
-7.14661e-06
2.04852e-05
-6.56781e-06
2.51164e-05
-4.89072e-06
-6.75921e-06
1.79021e-05
-8.19172e-06
-7.3941e-06
1.21786e-05
-8.55463e-06
-8.55463e-06
1.84176e-06
-5.67994e-06
-9.82488e-06
-9.12239e-06
-8.19612e-12
-1.08907e-05
-1.79236e-05
5.67992e-06
-1.08907e-05
-1.79236e-05
8.55462e-06
-9.82488e-06
-9.1224e-06
8.19171e-06
-8.55463e-06
1.84174e-06
4.89072e-06
-7.3941e-06
1.21786e-05
-6.75921e-06
1.79021e-05
-5.53691e-06
-4.4005e-06
1.05138e-05
-9.32353e-06
-4.85314e-06
3.57282e-06
-9.82488e-06
-5.67994e-06
-9.12239e-06
-6.61118e-06
-6.61118e-06
-2.27965e-05
-8.93881e-12
-7.40196e-06
-3.42448e-05
6.61117e-06
-7.40196e-06
-3.42448e-05
9.82487e-06
-6.61118e-06
-2.27965e-05
9.32353e-06
-5.67994e-06
-9.12241e-06
5.5369e-06
-4.85315e-06
3.57279e-06
-4.4005e-06
1.05138e-05
-6.05838e-06
-7.23823e-13
4.91657e-06
-1.02453e-05
-1.0673e-12
-3.13705e-06
-1.08907e-05
-1.61544e-12
-1.79236e-05
-7.40196e-06
-2.32456e-12
-3.42448e-05
-8.96753e-12
-2.69479e-12
-4.82258e-05
7.40194e-06
-2.60898e-12
-4.82258e-05
1.08907e-05
-2.11586e-12
-3.42448e-05
1.02453e-05
-1.31503e-12
-1.79237e-05
6.05838e-06
-9.3495e-13
-3.13708e-06
-2.84929e-13
4.91653e-06
-6.05838e-06
4.40049e-06
4.91657e-06
-1.02453e-05
4.85314e-06
-3.13705e-06
-1.08907e-05
5.67993e-06
-1.79236e-05
-7.40196e-06
6.61117e-06
-3.42448e-05
-9.13082e-12
7.40195e-06
-4.82258e-05
7.40194e-06
7.40195e-06
-4.82258e-05
1.08907e-05
6.61117e-06
-3.42448e-05
1.02453e-05
5.67993e-06
-1.79237e-05
6.05838e-06
4.85314e-06
-3.13708e-06
4.4005e-06
4.91654e-06
-5.53691e-06
6.75921e-06
1.05138e-05
-9.32354e-06
7.39409e-06
3.57281e-06
-9.82489e-06
8.55463e-06
-9.1224e-06
-6.61119e-06
9.82488e-06
-2.27965e-05
-8.37837e-12
1.08907e-05
-3.42448e-05
6.61117e-06
1.08907e-05
-3.42448e-05
9.82487e-06
9.82488e-06
-2.27965e-05
9.32353e-06
8.55463e-06
-9.12242e-06
5.5369e-06
7.3941e-06
3.57279e-06
6.75922e-06
1.05137e-05
-4.89073e-06
6.56781e-06
1.79021e-05
-8.19172e-06
7.14661e-06
1.21786e-05
-8.55464e-06
8.19172e-06
1.84175e-06
-5.67994e-06
9.32353e-06
-9.1224e-06
-8.1475e-12
1.02453e-05
-1.79237e-05
5.67993e-06
1.02453e-05
-1.79237e-05
8.55462e-06
9.32353e-06
-9.12242e-06
8.19172e-06
8.19172e-06
1.84173e-06
4.89072e-06
7.14661e-06
1.21786e-05
6.56781e-06
1.79021e-05
-4.28844e-06
3.95246e-06
2.51164e-05
-7.14661e-06
4.28844e-06
2.04853e-05
-7.3941e-06
4.89072e-06
1.21786e-05
-4.85315e-06
5.53691e-06
3.5728e-06
-7.42891e-12
6.05838e-06
-3.13707e-06
4.85314e-06
6.05838e-06
-3.13708e-06
7.39409e-06
5.53691e-06
3.57279e-06
7.14661e-06
4.89073e-06
1.21786e-05
4.28844e-06
4.28844e-06
2.04852e-05
3.95246e-06
2.51164e-05
-3.95246e-06
2.91517e-05
-6.56782e-06
2.51164e-05
-6.75922e-06
1.79021e-05
-4.4005e-06
1.05138e-05
-7.26862e-12
4.91655e-06
4.40049e-06
4.91655e-06
6.75921e-06
1.05138e-05
6.56781e-06
1.79021e-05
3.95246e-06
2.51164e-05
2.91517e-05
-4.90503e-06
-4.90503e-06
3.89618e-05
-8.1821e-06
-5.37984e-06
3.37733e-05
-8.47524e-06
-6.24009e-06
2.44354e-05
-5.56947e-06
-7.17692e-06
1.47849e-05
-8.55013e-12
-7.95878e-06
7.30589e-06
5.56945e-06
-7.95878e-06
7.30589e-06
8.47522e-06
-7.17692e-06
1.47849e-05
8.18209e-06
-6.2401e-06
2.44354e-05
4.90503e-06
-5.37984e-06
3.37733e-05
-4.90503e-06
3.89618e-05
-5.37984e-06
-8.1821e-06
3.37733e-05
-9.00672e-06
-9.00672e-06
2.7739e-05
-9.39332e-06
-1.05119e-05
1.6837e-05
-6.23704e-06
-1.21713e-05
5.41089e-06
-8.91907e-12
-1.35717e-05
-3.7612e-06
6.23703e-06
-1.35717e-05
-3.7612e-06
9.39331e-06
-1.21713e-05
5.41088e-06
9.00672e-06
-1.05119e-05
1.6837e-05
5.37984e-06
-9.00673e-06
2.7739e-05
-8.1821e-06
3.37733e-05
-6.24009e-06
-8.47524e-06
2.44354e-05
-1.05119e-05
-9.39332e-06
1.6837e-05
-1.10935e-05
-1.10935e-05
3.00506e-06
-7.47166e-06
-1.29946e-05
-1.19209e-05
-9.30853e-12
-1.46573e-05
-2.43096e-05
7.47164e-06
-1.46573e-05
-2.43096e-05
1.10935e-05
-1.29946e-05
-1.19209e-05
1.05119e-05
-1.10935e-05
3.00504e-06
6.24009e-06
-9.39333e-06
1.6837e-05
-8.47524e-06
2.44354e-05
-7.17692e-06
-5.56947e-06
1.47849e-05
-1.21713e-05
-6.23704e-06
5.41089e-06
-1.29946e-05
-7.47166e-06
-1.19209e-05
-8.90163e-06
-8.90163e-06
-3.09825e-05
-1.01611e-11
-1.01684e-05
-4.76353e-05
8.90161e-06
-1.01684e-05
-4.76353e-05
1.29946e-05
-8.90163e-06
-3.09825e-05
1.21713e-05
-7.47166e-06
-1.19209e-05
7.17691e-06
-6.23704e-06
5.41086e-06
-5.56947e-06
1.47849e-05
-7.95878e-06
-5.50673e-12
7.30589e-06
-1.35717e-05
-5.56831e-12
-3.7612e-06
-1.46573e-05
-5.99506e-12
-2.43096e-05
-1.01684e-05
-6.68776e-12
-4.76353e-05
-1.06626e-11
-7.27922e-12
-6.85626e-05
1.01684e-05
-7.38953e-12
-6.85626e-05
1.46573e-05
-6.42524e-12
-4.76353e-05
1.35716e-05
-5.87864e-12
-2.43096e-05
7.95877e-06
-4.9417e-12
-3.76124e-06
-5.15282e-12
7.30585e-06
-7.95878e-06
5.56946e-06
7.30589e-06
-1.35717e-05
6.23703e-06
-3.76119e-06
-1.46573e-05
7.47164e-06
-2.43096e-05
-1.01685e-05
8.90161e-06
-4.76353e-05
-1.08925e-11
1.01684e-05
-6.85626e-05
1.01684e-05
1.01684e-05
-6.85626e-05
1.46573e-05
8.90161e-06
-4.76353e-05
1.35716e-05
7.47165e-06
-2.43096e-05
7.95877e-06
6.23703e-06
-3.76123e-06
5.56946e-06
7.30586e-06
-7.17692e-06
8.47523e-06
1.47849e-05
-1.21713e-05
9.39331e-06
5.41088e-06
-1.29946e-05
1.10935e-05
-1.19209e-05
-8.90163e-06
1.29946e-05
-3.09825e-05
-9.72036e-12
1.46573e-05
-4.76353e-05
8.90161e-06
1.46573e-05
-4.76353e-05
1.29946e-05
1.29946e-05
-3.09825e-05
1.21713e-05
1.10935e-05
-1.1921e-05
7.17691e-06
9.39332e-06
5.41085e-06
8.47523e-06
1.47849e-05
-6.2401e-06
8.18209e-06
2.44354e-05
-1.05119e-05
9.00672e-06
1.6837e-05
-1.10935e-05
1.05119e-05
3.00505e-06
-7.47166e-06
1.21713e-05
-1.19209e-05
-9.13249e-12
1.35716e-05
-2.43096e-05
7.47164e-06
1.35717e-05
-2.43096e-05
1.10935e-05
1.21713e-05
-1.1921e-05
1.05119e-05
1.05119e-05
3.00503e-06
6.24009e-06
9.00672e-06
1.6837e-05
8.18209e-06
2.44353e-05
-5.37984e-06
4.90503e-06
3.37733e-05
-9.00673e-06
5.37984e-06
2.7739e-05
-9.39333e-06
6.24009e-06
1.6837e-05
-6.23705e-06
7.17691e-06
5.41087e-06
-8.15702e-12
7.95877e-06
-3.76123e-06
6.23703e-06
7.95877e-06
-3.76123e-06
9.39331e-06
7.17692e-06
5.41085e-06
9.00672e-06
6.24009e-06
1.6837e-05
5.37984e-06
5.37984e-06
2.7739e-05
4.90503e-06
3.37733e-05
-4.90503e-06
3.89618e-05
-8.1821e-06
3.37733e-05
-8.47524e-06
2.44354e-05
-5.56947e-06
1.47849e-05
-7.97865e-12
7.30587e-06
5.56946e-06
7.30586e-06
8.47523e-06
1.47849e-05
8.18209e-06
2.44353e-05
4.90503e-06
3.37733e-05
3.89618e-05
-6.13484e-06
-6.13484e-06
5.12315e-05
-1.02761e-05
-6.80741e-06
4.4722e-05
-1.07231e-05
-8.03891e-06
3.29213e-05
-7.12006e-06
-9.40334e-06
2.05852e-05
-8.8089e-12
-1.05834e-05
1.07693e-05
7.12004e-06
-1.05834e-05
1.07693e-05
1.07231e-05
-9.40335e-06
2.05852e-05
1.02761e-05
-8.03891e-06
3.29213e-05
6.13484e-06
-6.80741e-06
4.4722e-05
-6.13485e-06
5.12315e-05
-6.80741e-06
-1.02761e-05
4.4722e-05
-1.14544e-05
-1.14544e-05
3.7033e-05
-1.20568e-05
-1.36287e-05
2.30293e-05
-8.11056e-06
-1.60756e-05
8.13687e-06
-9.34705e-12
-1.82208e-05
-4.23438e-06
8.11054e-06
-1.82208e-05
-4.23438e-06
1.20568e-05
-1.60756e-05
8.13685e-06
1.14544e-05
-1.36287e-05
2.30293e-05
6.8074e-06
-1.14544e-05
3.70329e-05
-1.02761e-05
4.4722e-05
-8.03891e-06
-1.07231e-05
3.29213e-05
-1.36287e-05
-1.20568e-05
2.30293e-05
-1.45602e-05
-1.45602e-05
4.86805e-06
-9.96575e-06
-1.74301e-05
-1.51608e-05
-1.00919e-11
-2.00554e-05
-3.24407e-05
9.96573e-06
-2.00554e-05
-3.24407e-05
1.45602e-05
-1.74301e-05
-1.51608e-05
1.36287e-05
-1.45602e-05
4.86802e-06
8.0389e-06
-1.20568e-05
2.30293e-05
-1.07231e-05
3.29213e-05
-9.40335e-06
-7.12005e-06
2.05852e-05
-1.60756e-05
-8.11055e-06
8.13687e-06
-1.74301e-05
-9.96574e-06
-1.51608e-05
-1.21861e-05
-1.21861e-05
-4.14705e-05
-1.12418e-11
-1.42444e-05
-6.56324e-05
1.21861e-05
-1.42444e-05
-6.56324e-05
1.74301e-05
-1.21861e-05
-4.14705e-05
1.60756e-05
-9.96575e-06
-1.51609e-05
9.40334e-06
-8.11056e-06
8.13683e-06
-7.12005e-06
2.05852e-05
-1.05834e-05
-4.06348e-13
1.07693e-05
-1.82208e-05
-9.80592e-13
-4.23438e-06
-2.00554e-05
-1.92785e-12
-3.24407e-05
-1.42444e-05
-3.0831e-12
-6.56324e-05
-1.16442e-11
-3.86722e-12
-9.70514e-05
1.42443e-05
-3.61812e-12
-9.70514e-05
2.00554e-05
-2.70018e-12
-6.56325e-05
1.82208e-05
-1.4692e-12
-3.24408e-05
1.05834e-05
-8.69602e-13
-4.23443e-06
2.22356e-13
1.07692e-05
-1.05834e-05
7.12005e-06
1.07693e-05
-1.82208e-05
8.11055e-06
-4.23438e-06
-2.00554e-05
9.96574e-06
-3.24407e-05
-1.42444e-05
1.21861e-05
-6.56324e-05
-1.16338e-11
1.42444e-05
-9.70513e-05
1.42443e-05
1.42444e-05
-9.70513e-05
2.00554e-05
1.21861e-05
-6.56325e-05
1.82208e-05
9.96574e-06
-3.24407e-05
1.05834e-05
8.11055e-06
-4.23443e-06
7.12005e-06
1.07692e-05
-9.40335e-06
1.07231e-05
2.05852e-05
-1.60756e-05
1.20568e-05
8.13685e-06
-1.74301e-05
1.45602e-05
-1.51608e-05
-1.21861e-05
1.74301e-05
-4.14705e-05
-1.04655e-11
2.00554e-05
-6.56325e-05
1.21861e-05
2.00554e-05
-6.56325e-05
1.74301e-05
1.74301e-05
-4.14705e-05
1.60756e-05
1.45602e-05
-1.51609e-05
9.40334e-06
1.20568e-05
8.13681e-06
1.07231e-05
2.05852e-05
-8.03891e-06
1.02761e-05
3.29213e-05
-1.36287e-05
1.14544e-05
2.30293e-05
-1.45602e-05
1.36287e-05
4.86804e-06
-9.96575e-06
1.60756e-05
-1.51608e-05
-9.93168e-12
1.82208e-05
-3.24407e-05
9.96573e-06
1.82208e-05
-3.24407e-05
1.45602e-05
1.60756e-05
-1.51609e-05
1.36287e-05
1.36287e-05
4.86801e-06
8.03891e-06
1.14544e-05
2.30293e-05
1.02761e-05
3.29213e-05
-6.80741e-06
6.13484e-06
4.4722e-05
-1.14544e-05
6.80741e-06
3.7033e-05
-1.20568e-05
8.03891e-06
2.30293e-05
-8.11056e-06
9.40335e-06
8.13684e-06
-8.8902e-12
1.05834e-05
-4.23442e-06
8.11054e-06
1.05834e-05
-4.23442e-06
1.20568e-05
9.40335e-06
8.13682e-06
1.14544e-05
8.03891e-06
2.30293e-05
6.80741e-06
6.80741e-06
3.70329e-05
6.13485e-06
4.4722e-05
-6.13485e-06
5.12315e-05
-1.02761e-05
4.4722e-05
-1.07231e-05
3.29213e-05
-7.12006e-06
2.05852e-05
-8.59472e-12
1.07692e-05
7.12004e-06
1.07692e-05
1.07231e-05
2.05852e-05
1.02761e-05
3.29213e-05
6.13484e-06
4.4722e-05
5.12314e-05
-7.68489e-06
-7.6849e-06
6.66013e-05
-1.293e-05
-8.63439e-06
5.86015e-05
-1.3606e-05
-1.03914e-05
4.39888e-05
-9.13822e-06
-1.23777e-05
2.84951e-05
-1.02242e-11
-1.41622e-05
1.57932e-05
9.1382e-06
-1.41622e-05
1.57932e-05
1.3606e-05
-1.23777e-05
2.84951e-05
1.293e-05
-1.03914e-05
4.39888e-05
7.68489e-06
-8.63439e-06
5.86015e-05
-7.6849e-06
6.66013e-05
-8.63439e-06
-1.293e-05
5.86015e-05
-1.46092e-05
-1.46092e-05
4.89826e-05
-1.55425e-05
-1.77425e-05
3.13137e-05
-1.06096e-05
-2.13543e-05
1.21805e-05
-1.0829e-11
-2.46535e-05
-4.35267e-06
1.06096e-05
-2.46534e-05
-4.35267e-06
1.55425e-05
-2.13543e-05
1.21805e-05
1.46092e-05
-1.77425e-05
3.13137e-05
8.63439e-06
-1.46092e-05
4.89826e-05
-1.293e-05
5.86015e-05
-1.03914e-05
-1.3606e-05
4.39888e-05
-1.77425e-05
-1.55425e-05
3.13137e-05
-1.92282e-05
-1.92282e-05
7.83938e-06
-1.34012e-05
-2.35807e-05
-1.87614e-05
-1.15607e-11
-2.77612e-05
-4.27341e-05
1.34011e-05
-2.77612e-05
-4.27341e-05
1.92282e-05
-2.35807e-05
-1.87614e-05
1.77425e-05
-1.92282e-05
7.83935e-06
1.03914e-05
-1.55425e-05
3.13137e-05
-1.3606e-05
4.39888e-05
-1.23777e-05
-9.13822e-06
2.84951e-05
-2.13543e-05
-1.06096e-05
1.21805e-05
-2.35807e-05
-1.34012e-05
-1.87614e-05
-1.68748e-05
-1.68748e-05
-5.48823e-05
-1.29784e-11
-2.02555e-05
-9.00129e-05
1.68747e-05
-2.02555e-05
-9.00129e-05
2.35807e-05
-1.68748e-05
-5.48824e-05
2.13543e-05
-1.34012e-05
-1.87614e-05
1.23777e-05
-1.06096e-05
1.21804e-05
-9.13822e-06
2.84951e-05
-1.41622e-05
-6.59715e-12
1.57932e-05
-2.46535e-05
-6.79107e-12
-4.35267e-06
-2.77612e-05
-7.47149e-12
-4.27341e-05
-2.02555e-05
-8.70265e-12
-9.00129e-05
-1.45175e-11
-1.01692e-11
-0.000137562
2.02554e-05
-1.02499e-11
-0.000137562
2.77612e-05
-8.51494e-12
-9.0013e-05
2.46534e-05
-7.2947e-12
-4.27341e-05
1.41622e-05
-5.97078e-12
-4.35274e-06
-6.15006e-12
1.57932e-05
-1.41622e-05
9.1382e-06
1.57933e-05
-2.46534e-05
1.06096e-05
-4.35266e-06
-2.77612e-05
1.34011e-05
-4.27341e-05
-2.02555e-05
1.68748e-05
-9.00129e-05
-1.46736e-11
2.02554e-05
-0.000137562
2.02554e-05
2.02554e-05
-0.000137562
2.77612e-05
1.68748e-05
-9.0013e-05
2.46534e-05
1.34011e-05
-4.27341e-05
1.41622e-05
1.06096e-05
-4.35272e-06
9.1382e-06
1.57932e-05
-1.23777e-05
1.3606e-05
2.84951e-05
-2.13543e-05
1.55425e-05
1.21805e-05
-2.35807e-05
1.92282e-05
-1.87614e-05
-1.68748e-05
2.35807e-05
-5.48824e-05
-1.26624e-11
2.77612e-05
-9.0013e-05
1.68748e-05
2.77612e-05
-9.0013e-05
2.35807e-05
2.35807e-05
-5.48824e-05
2.13543e-05
1.92282e-05
-1.87615e-05
1.23777e-05
1.55425e-05
1.21804e-05
1.3606e-05
2.84951e-05
-1.03914e-05
1.293e-05
4.39888e-05
-1.77425e-05
1.46092e-05
3.13137e-05
-1.92282e-05
1.77425e-05
7.83936e-06
-1.34012e-05
2.13543e-05
-1.87614e-05
-1.13272e-11
2.46534e-05
-4.27341e-05
1.34011e-05
2.46534e-05
-4.27341e-05
1.92282e-05
2.13543e-05
-1.87615e-05
1.77425e-05
1.77425e-05
7.83933e-06
1.03914e-05
1.46092e-05
3.13137e-05
1.293e-05
4.39888e-05
-8.63439e-06
7.68489e-06
5.86015e-05
-1.46092e-05
8.63439e-06
4.89826e-05
-1.55425e-05
1.03914e-05
3.13137e-05
-1.06096e-05
1.23777e-05
1.21805e-05
-9.89502e-12
1.41622e-05
-4.35272e-06
1.06096e-05
1.41622e-05
-4.35272e-06
1.55425e-05
1.23777e-05
1.21804e-05
1.46092e-05
1.03914e-05
3.13137e-05
8.63439e-06
8.63439e-06
4.89826e-05
7.6849e-06
5.86015e-05
-7.6849e-06
6.66013e-05
-1.293e-05
5.86015e-05
-1.3606e-05
4.39888e-05
-9.13822e-06
2.84951e-05
-9.57044e-12
1.57932e-05
9.1382e-06
1.57932e-05
1.3606e-05
2.84951e-05
1.293e-05
4.39888e-05
7.68489e-06
5.86015e-05
6.66013e-05
-9.5995e-06
-9.5995e-06
8.58003e-05
-1.62289e-05
-1.0931e-05
7.61618e-05
-1.72402e-05
-1.34204e-05
5.84206e-05
-1.17257e-05
-1.63024e-05
3.9283e-05
-1.03568e-11
-1.89983e-05
2.30658e-05
1.17257e-05
-1.89983e-05
2.30658e-05
1.72402e-05
-1.63024e-05
3.9283e-05
1.62289e-05
-1.34204e-05
5.84206e-05
9.5995e-06
-1.0931e-05
7.61618e-05
-9.59951e-06
8.58003e-05
-1.0931e-05
-1.62289e-05
7.61618e-05
-1.86079e-05
-1.86079e-05
6.43365e-05
-2.00424e-05
-2.30971e-05
4.24248e-05
-1.39079e-05
-2.842e-05
1.81636e-05
-1.11714e-11
-3.35027e-05
-3.75615e-06
1.39079e-05
-3.35027e-05
-3.75614e-06
2.00424e-05
-2.842e-05
1.81636e-05
1.86079e-05
-2.30971e-05
4.24248e-05
1.0931e-05
-1.86079e-05
6.43365e-05
-1.62289e-05
7.61618e-05
-1.34204e-05
-1.72402e-05
5.84206e-05
-2.30971e-05
-2.00424e-05
4.24248e-05
-2.54525e-05
-2.54525e-05
1.25503e-05
-1.81023e-05
-3.20722e-05
-2.24594e-05
-1.27284e-11
-3.8777e-05
-5.55621e-05
1.81023e-05
-3.8777e-05
-5.55621e-05
2.54525e-05
-3.20722e-05
-2.24594e-05
2.30971e-05
-2.54525e-05
1.25503e-05
1.34204e-05
-2.00424e-05
4.24248e-05
-1.72402e-05
5.84205e-05
-1.63024e-05
-1.17257e-05
3.9283e-05
-2.842e-05
-1.39079e-05
1.81636e-05
-3.20722e-05
-1.81023e-05
-2.24594e-05
-2.35699e-05
-2.35699e-05
-7.18868e-05
-1.46442e-11
-2.91766e-05
-0.000123183
2.35699e-05
-2.91766e-05
-0.000123183
3.20722e-05
-2.35699e-05
-7.18869e-05
2.842e-05
-1.81024e-05
-2.24594e-05
1.63024e-05
-1.39079e-05
1.81636e-05
-1.17257e-05
3.9283e-05
-1.89983e-05
-1.13621e-13
2.30658e-05
-3.35027e-05
-1.14561e-12
-3.75614e-06
-3.8777e-05
-2.73454e-12
-5.55621e-05
-2.91766e-05
-4.64183e-12
-0.000123183
-1.59792e-11
-6.3973e-12
-0.000195915
2.91766e-05
-5.72652e-12
-0.000195915
3.8777e-05
-3.75318e-12
-0.000123183
3.35027e-05
-1.96821e-12
-5.55622e-05
1.89983e-05
-9.12136e-13
-3.75622e-06
6.42769e-13
2.30658e-05
-1.89983e-05
1.17257e-05
2.30658e-05
-3.35027e-05
1.39079e-05
-3.75613e-06
-3.8777e-05
1.81023e-05
-5.55621e-05
-2.91766e-05
2.35699e-05
-0.000123183
-1.54914e-11
2.91766e-05
-0.000195915
2.91766e-05
2.91766e-05
-0.000195915
3.8777e-05
2.35699e-05
-0.000123183
3.35027e-05
1.81023e-05
-5.55622e-05
1.89983e-05
1.39079e-05
-3.75621e-06
1.17257e-05
2.30658e-05
-1.63024e-05
1.72402e-05
3.9283e-05
-2.842e-05
2.00424e-05
1.81636e-05
-3.20722e-05
2.54525e-05
-2.24594e-05
-2.35699e-05
3.20722e-05
-7.18869e-05
-1.33021e-11
3.8777e-05
-0.000123183
2.35699e-05
3.8777e-05
-0.000123183
3.20722e-05
3.20722e-05
-7.1887e-05
2.842e-05
2.54525e-05
-2.24595e-05
1.63024e-05
2.00424e-05
1.81636e-05
1.72402e-05
3.9283e-05
-1.34204e-05
1.62289e-05
5.84206e-05
-2.30971e-05
1.86079e-05
4.24248e-05
-2.54525e-05
2.30971e-05
1.25503e-05
-1.81024e-05
2.842e-05
-2.24594e-05
-1.22704e-11
3.35027e-05
-5.55622e-05
1.81023e-05
3.35027e-05
-5.55622e-05
2.54525e-05
2.842e-05
-2.24595e-05
2.30971e-05
2.30971e-05
1.25502e-05
1.34204e-05
1.86079e-05
4.24248e-05
1.62289e-05
5.84205e-05
-1.0931e-05
9.5995e-06
7.61618e-05
-1.86079e-05
1.0931e-05
6.43365e-05
-2.00424e-05
1.34204e-05
4.24248e-05
-1.39079e-05
1.63024e-05
1.81636e-05
-1.07114e-11
1.89983e-05
-3.75621e-06
1.39079e-05
1.89983e-05
-3.7562e-06
2.00424e-05
1.63024e-05
1.81636e-05
1.86079e-05
1.34204e-05
4.24248e-05
1.0931e-05
1.0931e-05
6.43364e-05
9.59951e-06
7.61618e-05
-9.59951e-06
8.58003e-05
-1.62289e-05
7.61618e-05
-1.72402e-05
5.84206e-05
-1.17257e-05
3.9283e-05
-1.01575e-11
2.30658e-05
1.17257e-05
2.30658e-05
1.72402e-05
3.9283e-05
1.62289e-05
5.84205e-05
9.5995e-06
7.61618e-05
8.58003e-05
-1.19191e-05
-1.19191e-05
-2.02538e-05
-1.37689e-05
-2.17475e-05
-1.72622e-05
-1.49965e-05
-2.14215e-05
-1.21023e-11
-2.54831e-05
1.49965e-05
-2.54831e-05
2.17475e-05
-2.14215e-05
2.02538e-05
-1.72622e-05
1.19191e-05
-1.37689e-05
-1.19191e-05
-1.37689e-05
-2.02538e-05
-2.35964e-05
-2.35964e-05
-2.57805e-05
-2.99749e-05
-1.82227e-05
-3.77946e-05
-1.30619e-11
-4.56263e-05
1.82227e-05
-4.56263e-05
2.57805e-05
-3.77946e-05
2.35964e-05
-2.99749e-05
1.37689e-05
-2.35964e-05
-2.02538e-05
-1.72622e-05
-2.17475e-05
-2.99749e-05
-2.57805e-05
-3.36813e-05
-3.36813e-05
-2.45006e-05
-4.37694e-05
-1.42323e-11
-5.45945e-05
2.45006e-05
-5.45945e-05
3.36813e-05
-4.37694e-05
2.99749e-05
-3.36813e-05
1.72622e-05
-2.57805e-05
-2.17475e-05
-2.14215e-05
-1.49965e-05
-3.77946e-05
-1.82227e-05
-4.37694e-05
-2.45006e-05
-3.31557e-05
-3.31557e-05
-1.67522e-11
-4.25403e-05
3.31556e-05
-4.25403e-05
4.37694e-05
-3.31557e-05
3.77946e-05
-2.45006e-05
2.14215e-05
-1.82227e-05
-1.49965e-05
-2.54831e-05
-6.97291e-12
-4.56263e-05
-7.47542e-12
-5.45945e-05
-8.37925e-12
-4.25403e-05
-1.05697e-11
-2.10036e-11
-1.44574e-11
4.25402e-05
-1.44689e-11
5.45945e-05
-1.07608e-11
4.56263e-05
-8.09583e-12
2.54831e-05
-6.36646e-12
-6.37242e-12
-2.54831e-05
1.49965e-05
-4.56263e-05
1.82227e-05
-5.45945e-05
2.45006e-05
-4.25403e-05
3.31556e-05
-2.10267e-11
4.25403e-05
4.25402e-05
4.25402e-05
5.45945e-05
3.31557e-05
4.56263e-05
2.45006e-05
2.54831e-05
1.82227e-05
1.49965e-05
-2.14215e-05
2.17475e-05
-3.77946e-05
2.57805e-05
-4.37694e-05
3.36813e-05
-3.31557e-05
4.37694e-05
-1.686e-11
5.45945e-05
3.31556e-05
5.45945e-05
4.37694e-05
4.37694e-05
3.77946e-05
3.36813e-05
2.14215e-05
2.57805e-05
2.17475e-05
-1.72622e-05
2.02538e-05
-2.99749e-05
2.35964e-05
-3.36813e-05
2.99749e-05
-2.45006e-05
3.77946e-05
-1.39181e-11
4.56263e-05
2.45006e-05
4.56263e-05
3.36813e-05
3.77946e-05
2.99749e-05
2.99749e-05
1.72622e-05
2.35964e-05
2.02538e-05
-1.37689e-05
1.19191e-05
-2.35964e-05
1.37689e-05
-2.57805e-05
1.72622e-05
-1.82227e-05
2.14215e-05
-1.18039e-11
2.54831e-05
1.82227e-05
2.54831e-05
2.57805e-05
2.14215e-05
2.35964e-05
1.72622e-05
1.37689e-05
1.37689e-05
1.19191e-05
-1.19191e-05
-2.02538e-05
-2.17475e-05
-1.49965e-05
-1.12876e-11
1.49965e-05
2.17475e-05
2.02538e-05
1.19191e-05
)
;

boundaryField
{
    bottom
    {
        type            calculated;
        value           uniform 0;
    }
    atmosphere
    {
        type            calculated;
        value           nonuniform List<scalar> 0();
    }
    walls
    {
        type            calculated;
        value           uniform 0;
    }
    procBoundary3to2
    {
        type            processor;
        value           nonuniform List<scalar> 
100
(
0.000109638
9.82655e-05
7.71765e-05
5.39535e-05
3.35524e-05
3.35524e-05
5.39535e-05
7.71765e-05
9.82655e-05
0.000109638
9.82655e-05
8.39915e-05
5.73217e-05
2.6979e-05
-1.83558e-06
-1.83557e-06
2.6979e-05
5.73216e-05
8.39915e-05
9.82655e-05
7.71765e-05
5.73217e-05
1.99631e-05
-2.56652e-05
-7.10945e-05
-7.10945e-05
-2.56653e-05
1.99631e-05
5.73216e-05
7.71765e-05
5.39535e-05
2.6979e-05
-2.56652e-05
-9.31143e-05
-0.000168393
-0.000168393
-9.31144e-05
-2.56653e-05
2.69789e-05
5.39535e-05
3.35524e-05
-1.83558e-06
-7.10945e-05
-0.000168393
-0.000280996
-0.000280996
-0.000168393
-7.10947e-05
-1.83568e-06
3.35523e-05
3.35524e-05
-1.83555e-06
-7.10945e-05
-0.000168393
-0.000280996
-0.000280996
-0.000168393
-7.10946e-05
-1.83565e-06
3.35524e-05
5.39535e-05
2.6979e-05
-2.56653e-05
-9.31144e-05
-0.000168393
-0.000168393
-9.31144e-05
-2.56654e-05
2.69789e-05
5.39534e-05
7.71765e-05
5.73217e-05
1.99631e-05
-2.56653e-05
-7.10946e-05
-7.10946e-05
-2.56653e-05
1.9963e-05
5.73216e-05
7.71765e-05
9.82655e-05
8.39915e-05
5.73216e-05
2.69789e-05
-1.83566e-06
-1.83565e-06
2.69789e-05
5.73216e-05
8.39915e-05
9.82655e-05
0.000109638
9.82655e-05
7.71765e-05
5.39535e-05
3.35523e-05
3.35524e-05
5.39535e-05
7.71765e-05
9.82655e-05
0.000109638
)
;
    }
}


// ************************************************************************* //
