/*--------------------------------*- C++ -*----------------------------------*\
| =========                 |                                                 |
| \\      /  F ield         | OpenFOAM: The Open Source CFD Toolbox           |
|  \\    /   O peration     | Version:  2412                                  |
|   \\  /    A nd           | Website:  www.openfoam.com                      |
|    \\/     M anipulation  |                                                 |
\*---------------------------------------------------------------------------*/
FoamFile
{
    version     2.0;
    format      ascii;
    arch        "LSB;label=32;scalar=64";
    class       volScalarField;
    location    "0.71";
    object      p_rgh;
}
// * * * * * * * * * * * * * * * * * * * * * * * * * * * * * * * * * * * * * //

dimensions      [1 -1 -2 0 0 0 0];

internalField   nonuniform List<scalar> 
1000
(
172.362
17.1416
12.0509
11.922
11.0254
11.0254
11.9222
12.0511
17.1417
172.361
17.1416
11.9918
11.7498
11.1147
11.0971
11.0971
11.1147
11.7499
11.9918
17.1416
12.0509
11.7498
11.6827
10.9739
11.0999
11.0999
10.9739
11.6827
11.7498
12.051
11.922
11.1147
10.9739
10.7778
10.8164
10.8164
10.7778
10.9739
11.1146
11.922
11.0254
11.0971
11.0999
10.8164
10.856
10.856
10.8164
11.0999
11.0973
11.0254
11.0254
11.0972
11.0999
10.8164
10.856
10.856
10.8164
11.0999
11.0974
11.0254
11.9224
11.1146
10.974
10.7778
10.8164
10.8164
10.7778
10.974
11.1146
11.9224
12.0512
11.7499
11.6827
10.9739
11.0999
11.0999
10.974
11.6828
11.75
12.0512
17.1416
11.9918
11.7499
11.1147
11.0973
11.0973
11.1146
11.7499
11.9918
17.1417
172.361
17.1417
12.051
11.922
11.0254
11.0254
11.9222
12.0512
17.1418
172.361
80.064
15.9617
11.7231
11.7201
10.7968
10.7967
11.7203
11.7233
15.9617
80.0639
15.9617
12.082
12.0039
10.9066
10.7095
10.7095
10.9067
12.0039
12.082
15.9618
11.7231
12.0039
11.4327
10.7872
10.7745
10.7745
10.7872
11.4327
12.004
11.7232
11.7201
10.9066
10.7872
10.631
10.6902
10.6902
10.631
10.7872
10.9066
11.7201
10.7968
10.7095
10.7745
10.6902
10.6908
10.6908
10.6902
10.7745
10.7095
10.7968
10.7967
10.7095
10.7745
10.6902
10.6908
10.6908
10.6902
10.7745
10.7095
10.7968
11.7205
10.9067
10.7872
10.631
10.6902
10.6902
10.631
10.7872
10.9067
11.7205
11.7234
12.0039
11.4327
10.7872
10.7745
10.7745
10.7872
11.4327
12.0039
11.7235
15.9617
12.082
12.004
10.9066
10.7095
10.7095
10.9067
12.0039
12.082
15.9618
80.0636
15.9619
11.7233
11.7201
10.7968
10.7968
11.7203
11.7234
15.9619
80.0637
42.7574
14.6162
11.3195
11.4914
10.559
10.559
11.4922
11.3197
14.6161
42.7574
14.6162
11.872
11.8958
10.7554
10.4894
10.4894
10.7554
11.8957
11.8719
14.6163
11.3195
11.8959
11.11
10.5877
10.5589
10.5589
10.5877
11.11
11.8959
11.3196
11.4913
10.7554
10.5877
10.5019
10.6145
10.6145
10.5019
10.5877
10.7554
11.4914
10.559
10.4894
10.5589
10.6145
10.5232
10.5232
10.6145
10.559
10.4894
10.559
10.559
10.4894
10.5589
10.6145
10.5232
10.5232
10.6145
10.5589
10.4894
10.559
11.4924
10.7554
10.5877
10.5019
10.6145
10.6145
10.5019
10.5877
10.7554
11.4924
11.3198
11.8957
11.11
10.5877
10.559
10.559
10.5877
11.11
11.8957
11.3198
14.616
11.8718
11.8959
10.7554
10.4894
10.4894
10.7554
11.8958
11.8717
14.6161
42.7573
14.6163
11.3197
11.4916
10.559
10.559
11.4922
11.3198
14.6163
42.7574
26.0261
13.2353
10.9293
11.4801
10.3309
10.3309
11.4797
10.9294
13.2352
26.0261
13.2353
11.6844
11.8203
10.6026
10.2945
10.2945
10.6026
11.8203
11.6843
13.2354
10.9293
11.8203
10.8005
10.3937
10.3631
10.3631
10.3938
10.8005
11.8204
10.9294
11.4802
10.6026
10.3937
10.4652
10.4921
10.4921
10.4652
10.3937
10.6026
11.4801
10.3309
10.2945
10.3631
10.4921
10.3432
10.3432
10.4921
10.3631
10.2945
10.3309
10.3309
10.2945
10.3631
10.4921
10.3432
10.3432
10.4921
10.3631
10.2945
10.3309
11.4796
10.6026
10.3938
10.4652
10.4921
10.4921
10.4652
10.3938
10.6026
11.4796
10.9294
11.8203
10.8005
10.3937
10.3631
10.3631
10.3938
10.8005
11.8203
10.9295
13.2351
11.6842
11.8204
10.6026
10.2945
10.2945
10.6026
11.8204
11.6841
13.2352
26.0261
13.2353
10.9295
11.4801
10.3309
10.3309
11.4798
10.9295
13.2353
26.0262
17.7501
11.864
12.0731
11.3022
10.1191
10.1191
11.302
12.0734
11.8639
17.7502
11.864
11.4214
11.8288
10.4169
10.095
10.095
10.4168
11.8287
11.4213
11.864
12.0731
11.8288
10.5558
10.2241
10.1954
10.1954
10.2241
10.5558
11.8287
12.0733
11.3023
10.4169
10.2241
10.3105
10.1947
10.1947
10.3105
10.2241
10.4169
11.3022
10.1191
10.095
10.1954
10.1947
10.1642
10.1642
10.1947
10.1954
10.0951
10.1192
10.1191
10.095
10.1954
10.1946
10.1642
10.1642
10.1947
10.1954
10.095
10.1191
11.302
10.4168
10.2241
10.3105
10.1947
10.1947
10.3105
10.2241
10.4168
11.302
12.0736
11.8287
10.5558
10.2241
10.1954
10.1954
10.2241
10.5558
11.8286
12.0738
11.8639
11.4212
11.8287
10.4169
10.0951
10.0951
10.4168
11.8287
11.421
11.8639
17.7502
11.864
12.0735
11.3022
10.1192
10.1192
11.3021
12.0737
11.864
17.7503
13.2049
11.1858
16.0447
11.1357
9.9435
9.9435
11.1357
16.0449
11.1858
13.205
11.1857
12.2216
11.7494
10.2055
9.90364
9.90364
10.2055
11.7494
12.222
11.1857
16.0446
11.7494
10.3936
10.0459
9.99848
9.99848
10.0459
10.3936
11.7494
16.0448
11.1356
10.2055
10.0459
10.1444
9.9798
9.9798
10.1444
10.0459
10.2055
11.1357
9.94351
9.90364
9.99848
9.9798
9.99619
9.99619
9.9798
9.99849
9.90365
9.94351
9.9435
9.90364
9.99848
9.9798
9.99619
9.99619
9.9798
9.99849
9.90364
9.94351
11.1357
10.2055
10.0459
10.1444
9.9798
9.9798
10.1444
10.0459
10.2055
11.1357
16.045
11.7494
10.3936
10.0459
9.99849
9.99849
10.0459
10.3936
11.7494
16.0451
11.1858
12.2223
11.7494
10.2055
9.90366
9.90365
10.2055
11.7495
12.2227
11.1858
13.205
11.1858
16.0449
11.1357
9.94352
9.94351
11.1357
16.0451
11.1858
13.2051
11.449
11.0299
16.4011
11.0628
9.80274
9.80274
11.0628
16.401
11.0299
11.449
11.0299
11.9496
11.9669
9.98789
9.73679
9.73679
9.98788
11.9669
11.9496
11.0299
16.4011
11.967
10.341
9.82858
9.81269
9.81269
9.82858
10.341
11.967
16.4011
11.0628
9.98789
9.82858
9.85963
9.82081
9.82081
9.85963
9.82858
9.98789
11.0628
9.80274
9.73679
9.81269
9.82081
9.84321
9.84321
9.82081
9.81269
9.7368
9.80275
9.80274
9.73679
9.81269
9.82081
9.84321
9.84321
9.82081
9.81269
9.7368
9.80274
11.0628
9.98788
9.82858
9.85963
9.82081
9.82081
9.85963
9.82858
9.98788
11.0628
16.401
11.967
10.341
9.82858
9.8127
9.8127
9.82857
10.341
11.967
16.4011
11.0299
11.9495
11.967
9.98789
9.7368
9.7368
9.98789
11.967
11.9495
11.0299
11.449
11.0299
16.4011
11.0627
9.80275
9.80275
11.0628
16.4011
11.0299
11.4491
11.3875
11.0032
16.6145
10.7731
9.66766
9.66766
10.7731
16.6144
11.0032
11.3875
11.0032
10.8473
12.4209
9.77999
9.60555
9.60555
9.77998
12.4209
10.8473
11.0032
16.6145
12.4209
10.3283
9.66175
9.67508
9.67508
9.66175
10.3283
12.4209
16.6145
10.7731
9.77999
9.66175
9.64306
9.67922
9.67922
9.64306
9.66175
9.77999
10.7731
9.66766
9.60555
9.67508
9.67922
9.70438
9.70438
9.67922
9.67508
9.60555
9.66766
9.66766
9.60555
9.67508
9.67922
9.70438
9.70438
9.67922
9.67508
9.60555
9.66766
10.7731
9.77998
9.66175
9.64306
9.67922
9.67922
9.64306
9.66175
9.77998
10.7731
16.6144
12.4209
10.3283
9.66175
9.67508
9.67508
9.66175
10.3283
12.4209
16.6145
11.0032
10.8473
12.4209
9.77999
9.60555
9.60555
9.77998
12.4209
10.8473
11.0032
11.3875
11.0032
16.6145
10.7731
9.66766
9.66766
10.7731
16.6145
11.0032
11.3875
17.2437
11.8328
17.0522
10.3738
9.54216
9.54216
10.3738
17.0522
11.8331
17.2437
11.8327
11.6677
12.7844
9.659
9.50714
9.50713
9.65899
12.7844
11.6677
11.8327
17.0522
12.7844
10.2956
9.5646
9.56476
9.56476
9.5646
10.2956
12.7844
17.0522
10.3738
9.659
9.5646
9.51858
9.55422
9.55422
9.51858
9.5646
9.659
10.3738
9.54216
9.50714
9.56476
9.55422
9.57548
9.57548
9.55422
9.56476
9.50714
9.54216
9.54216
9.50713
9.56476
9.55422
9.57548
9.57548
9.55422
9.56476
9.50713
9.54216
10.3738
9.65899
9.5646
9.51858
9.55422
9.55422
9.51858
9.5646
9.65899
10.3738
17.0521
12.7844
10.2956
9.5646
9.56476
9.56476
9.5646
10.2956
12.7844
17.0522
11.8334
11.6677
12.7844
9.65899
9.50714
9.50714
9.65899
12.7844
11.6677
11.8332
17.2437
11.8329
17.0522
10.3738
9.54216
9.54216
10.3738
17.0522
11.833
17.2436
34.6825
16.8743
15.3637
9.93023
9.42978
9.42978
9.93022
15.3637
16.875
34.6823
16.8742
13.6592
11.7496
9.52986
9.40959
9.40959
9.52985
11.7496
13.6591
16.8743
15.3637
11.7496
10.0239
9.48115
9.46243
9.46243
9.48115
10.0239
11.7496
15.3637
9.93023
9.52986
9.48115
9.4252
9.44093
9.44093
9.4252
9.48115
9.52985
9.93022
9.42978
9.40959
9.46243
9.44093
9.45031
9.45031
9.44093
9.46243
9.40959
9.42977
9.42978
9.40959
9.46243
9.44093
9.45031
9.45031
9.44093
9.46243
9.40959
9.42977
9.93022
9.52984
9.48115
9.4252
9.44093
9.44093
9.4252
9.48114
9.52984
9.93022
15.3638
11.7495
10.0239
9.48115
9.46243
9.46243
9.48114
10.0239
11.7495
15.3638
16.8755
13.6591
11.7495
9.52984
9.40959
9.40959
9.52983
11.7495
13.6591
16.8753
34.6822
16.8745
15.3637
9.93021
9.42977
9.42977
9.93021
15.3637
16.875
34.6819
)
;

boundaryField
{
    bottom
    {
        type            fixedFluxPressure;
        gradient        nonuniform List<scalar> 0();
        value           nonuniform List<scalar> 0();
    }
    atmosphere
    {
        type            prghTotalPressure;
        p0              uniform 0;
        value           nonuniform List<scalar> 
100
(
34.887
17.2917
15.6344
9.48821
9.36006
9.36006
9.4882
15.6344
17.293
34.8867
17.2918
14.321
9.79838
9.33235
9.33892
9.33892
9.33234
9.79837
14.3209
17.2921
15.6344
9.79838
9.63204
9.40787
9.39892
9.39891
9.40787
9.63203
9.79837
15.6344
9.48821
9.33235
9.40787
9.3705
9.38181
9.38181
9.3705
9.40787
9.33234
9.48819
9.36006
9.33892
9.39892
9.38181
9.38603
9.38603
9.38181
9.39891
9.33891
9.36006
9.36006
9.33892
9.39892
9.38181
9.38603
9.38603
9.38181
9.39891
9.33891
9.36006
9.4882
9.33235
9.40787
9.3705
9.38181
9.38181
9.3705
9.40786
9.33234
9.48819
15.6344
9.79837
9.63203
9.40787
9.39891
9.39891
9.40787
9.63203
9.79837
15.6344
17.2926
14.321
9.79837
9.33234
9.33891
9.33891
9.33234
9.79837
14.3209
17.2925
34.8868
17.2918
15.6344
9.4882
9.36006
9.36006
9.4882
15.6344
17.2928
34.8864
)
;
    }
    walls
    {
        type            fixedFluxPressure;
        gradient        uniform 0;
        value           nonuniform List<scalar> 
400
(
172.362
17.1416
12.0509
11.922
11.0254
11.0254
11.9224
12.0512
17.1416
172.361
80.064
15.9617
11.7231
11.7201
10.7968
10.7967
11.7205
11.7234
15.9617
80.0636
42.7574
14.6162
11.3195
11.4913
10.559
10.559
11.4924
11.3198
14.616
42.7573
26.0261
13.2353
10.9293
11.4802
10.3309
10.3309
11.4796
10.9294
13.2351
26.0261
17.7501
11.864
12.0731
11.3023
10.1191
10.1191
11.302
12.0736
11.8639
17.7502
13.2049
11.1857
16.0446
11.1356
9.94351
9.9435
11.1357
16.045
11.1858
13.205
11.449
11.0299
16.4011
11.0628
9.80274
9.80274
11.0628
16.401
11.0299
11.449
11.3875
11.0032
16.6145
10.7731
9.66766
9.66766
10.7731
16.6144
11.0032
11.3875
17.2437
11.8327
17.0522
10.3738
9.54216
9.54216
10.3738
17.0521
11.8334
17.2437
34.6825
16.8742
15.3637
9.93023
9.42978
9.42978
9.93022
15.3638
16.8755
34.6822
172.361
17.1416
12.051
11.922
11.0254
11.0254
11.9224
12.0512
17.1417
172.361
80.0639
15.9618
11.7232
11.7201
10.7968
10.7968
11.7205
11.7235
15.9618
80.0637
42.7574
14.6163
11.3196
11.4914
10.559
10.559
11.4924
11.3198
14.6161
42.7574
26.0261
13.2354
10.9294
11.4801
10.3309
10.3309
11.4796
10.9295
13.2352
26.0262
17.7502
11.864
12.0733
11.3022
10.1192
10.1191
11.302
12.0738
11.8639
17.7503
13.205
11.1857
16.0448
11.1357
9.94351
9.94351
11.1357
16.0451
11.1858
13.2051
11.449
11.0299
16.4011
11.0628
9.80275
9.80274
11.0628
16.4011
11.0299
11.4491
11.3875
11.0032
16.6145
10.7731
9.66766
9.66766
10.7731
16.6145
11.0032
11.3875
17.2437
11.8327
17.0522
10.3738
9.54216
9.54216
10.3738
17.0522
11.8332
17.2436
34.6823
16.8743
15.3637
9.93022
9.42977
9.42977
9.93022
15.3638
16.8753
34.6819
172.362
80.064
42.7574
26.0261
17.7501
13.2049
11.449
11.3875
17.2437
34.6825
17.1416
15.9617
14.6162
13.2353
11.864
11.1858
11.0299
11.0032
11.8328
16.8743
12.0509
11.7231
11.3195
10.9293
12.0731
16.0447
16.4011
16.6145
17.0522
15.3637
11.922
11.7201
11.4914
11.4801
11.3022
11.1357
11.0628
10.7731
10.3738
9.93023
11.0254
10.7968
10.559
10.3309
10.1191
9.9435
9.80274
9.66766
9.54216
9.42978
11.0254
10.7967
10.559
10.3309
10.1191
9.9435
9.80274
9.66766
9.54216
9.42978
11.9222
11.7203
11.4922
11.4797
11.302
11.1357
11.0628
10.7731
10.3738
9.93022
12.0511
11.7233
11.3197
10.9294
12.0734
16.0449
16.401
16.6144
17.0522
15.3637
17.1417
15.9617
14.6161
13.2352
11.8639
11.1858
11.0299
11.0032
11.8331
16.875
172.361
80.0639
42.7574
26.0261
17.7502
13.205
11.449
11.3875
17.2437
34.6823
172.361
80.0636
42.7573
26.0261
17.7502
13.205
11.449
11.3875
17.2437
34.6822
17.1417
15.9619
14.6163
13.2353
11.864
11.1858
11.0299
11.0032
11.8329
16.8745
12.051
11.7233
11.3197
10.9295
12.0735
16.0449
16.4011
16.6145
17.0522
15.3637
11.922
11.7201
11.4916
11.4801
11.3022
11.1357
11.0627
10.7731
10.3738
9.93021
11.0254
10.7968
10.559
10.3309
10.1192
9.94352
9.80275
9.66766
9.54216
9.42977
11.0254
10.7968
10.559
10.3309
10.1192
9.94351
9.80275
9.66766
9.54216
9.42977
11.9222
11.7203
11.4922
11.4798
11.3021
11.1357
11.0628
10.7731
10.3738
9.93021
12.0512
11.7234
11.3198
10.9295
12.0737
16.0451
16.4011
16.6145
17.0522
15.3637
17.1418
15.9619
14.6163
13.2353
11.864
11.1858
11.0299
11.0032
11.833
16.875
172.361
80.0637
42.7574
26.0262
17.7503
13.2051
11.4491
11.3875
17.2436
34.6819
)
;
    }
    procBoundary1to0
    {
        type            processor;
        value           nonuniform List<scalar> 
100
(
427.192
18.1984
12.2557
11.6706
11.2212
11.2212
11.6704
12.2559
18.1986
427.19
18.1984
11.8937
11.4914
11.214
11.1399
11.1399
11.2139
11.4915
11.8937
18.1985
12.2556
11.4914
11.9044
11.1425
11.5817
11.5817
11.1425
11.9044
11.4914
12.2558
11.6705
11.214
11.1425
11.0728
11.0241
11.0241
11.0728
11.1425
11.2141
11.6706
11.2212
11.1399
11.5817
11.0241
11.033
11.033
11.024
11.5817
11.1401
11.2212
11.2212
11.14
11.5817
11.0241
11.033
11.033
11.024
11.5817
11.1402
11.2212
11.6701
11.2139
11.1425
11.0728
11.024
11.024
11.0728
11.1425
11.214
11.6702
12.256
11.4915
11.9044
11.1425
11.5817
11.5817
11.1425
11.9045
11.4916
12.2561
18.1986
11.8937
11.4914
11.214
11.1401
11.1401
11.214
11.4915
11.8937
18.1987
427.188
18.1986
12.2558
11.6707
11.2212
11.2212
11.6705
12.256
18.1987
427.189
)
;
    }
}


// ************************************************************************* //
