/*--------------------------------*- C++ -*----------------------------------*\
| =========                 |                                                 |
| \\      /  F ield         | OpenFOAM: The Open Source CFD Toolbox           |
|  \\    /   O peration     | Version:  2412                                  |
|   \\  /    A nd           | Website:  www.openfoam.com                      |
|    \\/     M anipulation  |                                                 |
\*---------------------------------------------------------------------------*/
FoamFile
{
    version     2.0;
    format      ascii;
    arch        "LSB;label=32;scalar=64";
    class       volScalarField;
    location    "0.73";
    object      p;
}
// * * * * * * * * * * * * * * * * * * * * * * * * * * * * * * * * * * * * * //

dimensions      [1 -1 -2 0 0 0 0];

internalField   nonuniform List<scalar> 
1000
(
9.39275
5.92882
6.9469
6.86349
6.78667
6.7867
6.86341
6.94704
5.92876
9.39292
5.92883
5.8604
5.97712
6.58078
6.59792
6.59793
6.58065
5.97712
5.86038
5.92882
6.94688
5.97714
6.78551
6.50224
6.74998
6.74997
6.50212
6.7855
5.9771
6.94694
6.86351
6.58081
6.50226
6.52196
6.60187
6.60184
6.52193
6.5022
6.58076
6.8635
6.78667
6.59793
6.74998
6.60187
6.73299
6.73299
6.60183
6.74998
6.59792
6.78671
6.78671
6.59794
6.74997
6.60183
6.73298
6.73297
6.60181
6.74997
6.59793
6.78674
6.86341
6.58062
6.5021
6.52192
6.60182
6.60181
6.5219
6.50208
6.58062
6.86342
6.9471
5.97713
6.7855
6.50215
6.74997
6.74997
6.50207
6.7855
5.97711
6.94712
5.92873
5.86036
5.97705
6.58073
6.5979
6.59791
6.58063
5.97705
5.86035
5.92875
9.39296
5.92881
6.94694
6.86347
6.7867
6.78672
6.86341
6.94706
5.92877
9.39307
7.97072
5.60676
6.55939
6.38828
6.45171
6.45174
6.38803
6.55939
5.60671
7.9708
5.60677
5.52724
5.85087
6.24002
6.28357
6.28358
6.24001
5.85086
5.52725
5.60675
6.5594
5.85088
6.41552
6.24441
6.44968
6.44969
6.2444
6.41554
5.85085
6.55941
6.38832
6.24003
6.24441
6.18357
6.29102
6.291
6.18351
6.24437
6.24002
6.38826
6.45172
6.28358
6.44969
6.29102
6.40303
6.40302
6.291
6.4497
6.28358
6.45176
6.45176
6.28359
6.44969
6.29099
6.40302
6.40302
6.29097
6.4497
6.28358
6.45179
6.38797
6.24001
6.24442
6.18349
6.29099
6.29098
6.18345
6.24439
6.24002
6.38798
6.5594
5.85086
6.41555
6.24433
6.4497
6.4497
6.24434
6.41558
5.85084
6.55941
5.60669
5.52724
5.85081
6.24001
6.28356
6.28357
6.24
5.8508
5.52725
5.60669
7.97081
5.60674
6.55939
6.38821
6.45175
6.45177
6.38802
6.5594
5.60671
7.97086
7.22573
5.24377
6.24215
6.02143
6.13151
6.13151
6.02137
6.24213
5.24375
7.22563
5.24377
5.20581
5.67553
5.90402
5.97487
5.97488
5.90405
5.6755
5.20583
5.24377
6.24216
5.67555
6.16378
5.93106
6.15914
6.15914
5.93107
6.16382
5.67552
6.24217
6.02145
5.90402
5.93105
5.88324
5.97989
5.97987
5.8832
5.93099
5.90403
6.02145
6.13152
5.97488
6.15914
5.97989
6.07719
6.07718
5.97987
6.15915
5.97489
6.13154
6.13151
5.97489
6.15915
5.97987
6.07718
6.07718
5.97986
6.15916
5.97489
6.13154
6.02135
5.90406
5.93109
5.88319
5.97987
5.97986
5.88317
5.93105
5.90407
6.02138
6.24212
5.67549
6.16384
5.93095
6.15914
6.15915
5.93098
6.16389
5.67548
6.24215
5.24374
5.20582
5.67549
5.90402
5.97487
5.97488
5.90405
5.67547
5.20584
5.24375
7.22559
5.24376
6.24216
6.02144
6.13153
6.13153
6.0214
6.24214
5.24375
7.22555
7.92015
4.89986
6.00418
5.84147
5.83545
5.83544
5.84162
6.00423
4.89985
7.92023
4.89986
4.88659
5.43938
5.5764
5.66707
5.66708
5.5764
5.43937
4.8866
4.89986
6.00418
5.4394
5.95889
5.58758
5.86081
5.86082
5.58756
5.95891
5.4394
6.00421
5.84145
5.5764
5.58758
5.56229
5.66284
5.66283
5.56227
5.58752
5.5764
5.84153
5.83546
5.66708
5.86081
5.66284
5.75677
5.75677
5.66283
5.86081
5.66708
5.83548
5.83546
5.66708
5.86083
5.66283
5.75677
5.75677
5.66282
5.86083
5.66709
5.83548
5.84165
5.57639
5.58757
5.56226
5.66282
5.66282
5.56225
5.58753
5.57639
5.84169
6.00425
5.43935
5.95892
5.58748
5.8608
5.86081
5.58747
5.95895
5.43937
6.00428
4.89984
4.8866
5.4394
5.57639
5.66708
5.66708
5.57639
5.43938
4.88661
4.89986
7.92025
4.89986
6.00422
5.84155
5.83547
5.83547
5.84167
6.00426
4.89986
7.92031
7.35702
4.62035
5.77679
5.66925
5.53972
5.53972
5.66929
5.77689
4.62034
7.35707
4.62035
4.60602
5.22345
5.22191
5.348
5.348
5.2219
5.22348
4.60604
4.62036
5.77678
5.22345
5.72913
5.26768
5.55498
5.55499
5.26767
5.72913
5.22349
5.77683
5.66925
5.22191
5.26769
5.22504
5.33871
5.33871
5.22502
5.26769
5.2219
5.66926
5.53973
5.348
5.55498
5.33871
5.43314
5.43314
5.3387
5.55498
5.34801
5.53974
5.53972
5.34801
5.555
5.33871
5.43314
5.43314
5.3387
5.555
5.34801
5.53974
5.66928
5.22189
5.26767
5.22502
5.3387
5.3387
5.22501
5.26767
5.22188
5.6693
5.77692
5.22348
5.72913
5.26769
5.55497
5.55499
5.26768
5.72915
5.2235
5.77694
4.62033
4.60604
5.22352
5.2219
5.348
5.34801
5.22189
5.22353
4.60606
4.62035
7.35708
4.62036
5.77684
5.66927
5.53973
5.53973
5.66931
5.77692
4.62035
7.35712
6.6365
4.42021
5.51693
5.32709
5.20804
5.20803
5.32701
5.51696
4.42018
6.63646
4.42021
4.29647
5.01001
4.81394
5.01184
5.01185
4.81392
5.01004
4.2965
4.42022
5.51693
5.01001
5.50395
4.97737
5.24403
5.24404
4.97736
5.50394
5.01005
5.51694
5.3271
4.81394
4.9774
4.87888
5.00609
5.00609
4.87888
4.97746
4.81393
5.32706
5.20804
5.01184
5.24403
5.00608
5.10022
5.10023
5.00608
5.24404
5.01184
5.20804
5.20804
5.01185
5.24405
5.0061
5.10023
5.10023
5.00609
5.24406
5.01185
5.20804
5.32698
4.81392
4.97734
4.87888
5.00608
5.00608
4.87887
4.9774
4.81392
5.32697
5.51697
5.01004
5.50393
4.97749
5.24405
5.24406
4.97747
5.50394
5.01007
5.51697
4.42017
4.29651
5.01007
4.81393
5.01184
5.01185
4.81393
5.0101
4.29653
4.42018
6.63645
4.42021
5.51694
5.32705
5.20803
5.20803
5.327
5.51696
4.42019
6.63643
6.56918
4.26474
5.16702
4.88198
4.85595
4.85596
4.88192
5.16697
4.26471
6.56912
4.26475
3.9869
4.71915
4.41509
4.67067
4.67068
4.41509
4.71918
3.98694
4.26475
5.16704
4.71914
5.29551
4.70352
4.91546
4.91547
4.70351
5.29551
4.71919
5.167
4.88199
4.41509
4.70354
4.5361
4.6686
4.66861
4.5361
4.70363
4.41511
4.88197
4.85595
4.67067
4.91546
4.6686
4.75711
4.75712
4.6686
4.91548
4.67068
4.85596
4.85597
4.67069
4.91548
4.66862
4.75712
4.75713
4.66862
4.91549
4.6707
4.85598
4.88189
4.41509
4.7035
4.5361
4.6686
4.66861
4.5361
4.70357
4.41511
4.88189
5.16695
4.71919
5.29551
4.70366
4.91549
4.91549
4.70363
5.29552
4.71923
5.16694
4.2647
3.98695
4.71921
4.41511
4.67068
4.67069
4.41511
4.71924
3.98697
4.2647
6.5691
4.26474
5.16698
4.88196
4.85596
4.85597
4.88191
5.16694
4.26471
6.56905
6.40961
4.00892
4.7989
4.47905
4.50322
4.50323
4.47905
4.79892
4.00892
6.40962
4.00893
3.75944
4.43548
4.0811
4.33534
4.33535
4.0811
4.43553
3.75948
4.00893
4.7989
4.43548
5.08556
4.43369
4.57119
4.5712
4.4337
5.08556
4.43552
4.79891
4.47905
4.0811
4.4337
4.20253
4.32569
4.3257
4.20254
4.43376
4.08112
4.47906
4.50322
4.33534
4.57119
4.32568
4.40698
4.40698
4.32569
4.57121
4.33536
4.50324
4.50324
4.33535
4.5712
4.3257
4.40698
4.40699
4.3257
4.57122
4.33538
4.50325
4.47905
4.0811
4.43369
4.20254
4.32569
4.3257
4.20254
4.43374
4.08112
4.47906
4.79893
4.43555
5.08555
4.43378
4.57122
4.57122
4.43378
5.08555
4.43559
4.79894
4.00892
3.75949
4.43552
4.08112
4.33536
4.33537
4.08113
4.43557
3.75952
4.00893
6.40961
4.00893
4.7989
4.47906
4.50324
4.50325
4.47907
4.79892
4.00893
6.40961
6.0493
3.70038
4.4726
4.10676
4.14452
4.14454
4.10676
4.47265
3.70037
6.04935
3.70039
3.50881
4.13099
3.78967
3.99876
3.99877
3.78968
4.13104
3.50886
3.70039
4.47259
4.13098
4.71871
4.12385
4.20043
4.20044
4.12387
4.71874
4.13101
4.47262
4.10676
3.78967
4.12386
3.87107
3.97751
3.97752
3.87108
4.1239
3.78969
4.10677
4.14452
3.99876
4.20043
3.97751
4.05002
4.05002
3.97752
4.20045
3.99879
4.14454
4.14454
3.99877
4.20044
3.97752
4.05003
4.05003
3.97753
4.20046
3.9988
4.14456
4.10675
3.78969
4.12387
3.87108
3.97752
3.97752
3.87109
4.12391
3.7897
4.10677
4.47267
4.13106
4.71875
4.12391
4.20046
4.20047
4.12393
4.71879
4.13109
4.47269
3.70037
3.50887
4.13101
3.78969
3.99878
3.99879
3.7897
4.13107
3.50891
3.70037
6.04936
3.70038
4.47262
4.10677
4.14454
4.14455
4.10678
4.47267
3.70038
6.04939
5.55403
3.37588
4.12188
3.73114
3.77324
3.77325
3.73115
4.12193
3.37588
5.55409
3.37588
3.25283
3.7931
3.48898
3.64947
3.64947
3.489
3.79313
3.25287
3.37589
4.12187
3.79309
4.18091
3.76232
3.81546
3.81547
3.76234
4.181
3.7931
4.1219
3.73114
3.48897
3.76232
3.53664
3.6238
3.6238
3.53666
3.76235
3.48899
3.73115
3.77324
3.64947
3.81546
3.6238
3.68508
3.68508
3.62381
3.81548
3.64949
3.77325
3.77325
3.64948
3.81547
3.62381
3.68508
3.68509
3.62381
3.81549
3.64949
3.77327
3.73116
3.48901
3.76234
3.53666
3.6238
3.62381
3.53667
3.76237
3.48902
3.73117
4.12196
3.79315
4.18102
3.76237
3.81549
3.81549
3.76238
4.18111
3.79317
4.12198
3.37588
3.25289
3.7931
3.489
3.64949
3.64949
3.48902
3.79314
3.25293
3.37588
5.5541
3.37589
4.12191
3.73116
3.77325
3.77326
3.73117
4.12196
3.37589
5.55415
)
;

boundaryField
{
    bottom
    {
        type            calculated;
        value           nonuniform List<scalar> 0();
    }
    atmosphere
    {
        type            calculated;
        value           nonuniform List<scalar> 0();
    }
    walls
    {
        type            calculated;
        value           nonuniform List<scalar> 
400
(
9.39275
5.92883
6.94688
6.86351
6.78667
6.78671
6.86341
6.9471
5.92873
9.39296
7.97072
5.60677
6.5594
6.38832
6.45172
6.45176
6.38797
6.5594
5.60669
7.97081
7.22573
5.24377
6.24216
6.02145
6.13152
6.13151
6.02135
6.24212
5.24374
7.22559
7.92015
4.89986
6.00418
5.84145
5.83546
5.83546
5.84165
6.00425
4.89984
7.92025
7.35702
4.62035
5.77678
5.66925
5.53973
5.53972
5.66928
5.77692
4.62033
7.35708
6.6365
4.42021
5.51693
5.3271
5.20804
5.20804
5.32698
5.51697
4.42017
6.63645
6.56918
4.26475
5.16704
4.88199
4.85595
4.85597
4.88189
5.16695
4.2647
6.5691
6.40961
4.00893
4.7989
4.47905
4.50322
4.50324
4.47905
4.79893
4.00892
6.40961
6.0493
3.70039
4.47259
4.10676
4.14452
4.14454
4.10675
4.47267
3.70037
6.04936
5.55403
3.37588
4.12187
3.73114
3.77324
3.77325
3.73116
4.12196
3.37588
5.5541
9.39292
5.92882
6.94694
6.8635
6.78671
6.78674
6.86342
6.94712
5.92875
9.39307
7.9708
5.60675
6.55941
6.38826
6.45176
6.45179
6.38798
6.55941
5.60669
7.97086
7.22563
5.24377
6.24217
6.02145
6.13154
6.13154
6.02138
6.24215
5.24375
7.22555
7.92023
4.89986
6.00421
5.84153
5.83548
5.83548
5.84169
6.00428
4.89986
7.92031
7.35707
4.62036
5.77683
5.66926
5.53974
5.53974
5.6693
5.77694
4.62035
7.35712
6.63646
4.42022
5.51694
5.32706
5.20804
5.20804
5.32697
5.51697
4.42018
6.63643
6.56912
4.26475
5.167
4.88197
4.85596
4.85598
4.88189
5.16694
4.2647
6.56905
6.40962
4.00893
4.79891
4.47906
4.50324
4.50325
4.47906
4.79894
4.00893
6.40961
6.04935
3.70039
4.47262
4.10677
4.14454
4.14456
4.10677
4.47269
3.70037
6.04939
5.55409
3.37589
4.1219
3.73115
3.77325
3.77327
3.73117
4.12198
3.37588
5.55415
9.39275
7.97072
7.22573
7.92015
7.35702
6.6365
6.56918
6.40961
6.0493
5.55403
5.92882
5.60676
5.24377
4.89986
4.62035
4.42021
4.26474
4.00892
3.70038
3.37588
6.9469
6.55939
6.24215
6.00418
5.77679
5.51693
5.16702
4.7989
4.4726
4.12188
6.86349
6.38828
6.02143
5.84147
5.66925
5.32709
4.88198
4.47905
4.10676
3.73114
6.78667
6.45171
6.13151
5.83545
5.53972
5.20804
4.85595
4.50322
4.14452
3.77324
6.7867
6.45174
6.13151
5.83544
5.53972
5.20803
4.85596
4.50323
4.14454
3.77325
6.86341
6.38803
6.02137
5.84162
5.66929
5.32701
4.88192
4.47905
4.10676
3.73115
6.94704
6.55939
6.24213
6.00423
5.77689
5.51696
5.16697
4.79892
4.47265
4.12193
5.92876
5.60671
5.24375
4.89985
4.62034
4.42018
4.26471
4.00892
3.70037
3.37588
9.39292
7.9708
7.22563
7.92023
7.35707
6.63646
6.56912
6.40962
6.04935
5.55409
9.39296
7.97081
7.22559
7.92025
7.35708
6.63645
6.5691
6.40961
6.04936
5.5541
5.92881
5.60674
5.24376
4.89986
4.62036
4.42021
4.26474
4.00893
3.70038
3.37589
6.94694
6.55939
6.24216
6.00422
5.77684
5.51694
5.16698
4.7989
4.47262
4.12191
6.86347
6.38821
6.02144
5.84155
5.66927
5.32705
4.88196
4.47906
4.10677
3.73116
6.7867
6.45175
6.13153
5.83547
5.53973
5.20803
4.85596
4.50324
4.14454
3.77325
6.78672
6.45177
6.13153
5.83547
5.53973
5.20803
4.85597
4.50325
4.14455
3.77326
6.86341
6.38802
6.0214
5.84167
5.66931
5.327
4.88191
4.47907
4.10678
3.73117
6.94706
6.5594
6.24214
6.00426
5.77692
5.51696
5.16694
4.79892
4.47267
4.12196
5.92877
5.60671
5.24375
4.89986
4.62035
4.42019
4.26471
4.00893
3.70038
3.37589
9.39307
7.97086
7.22555
7.92031
7.35712
6.63643
6.56905
6.40961
6.04939
5.55415
)
;
    }
    procBoundary0to1
    {
        type            processor;
        value           nonuniform List<scalar> 
100
(
5.74622
3.02437
3.78678
3.33226
3.39072
3.39072
3.33228
3.78684
3.02439
5.7463
3.02437
2.99852
3.48706
3.16507
3.28962
3.28961
3.1651
3.48704
2.99857
3.02438
3.78677
3.48706
3.77909
3.38351
3.42947
3.42948
3.38352
3.77906
3.48706
3.78679
3.33226
3.16506
3.38351
3.19553
3.26336
3.26337
3.19554
3.38352
3.16508
3.33227
3.39072
3.28962
3.42948
3.26337
3.31243
3.31243
3.26337
3.42949
3.28963
3.39073
3.39073
3.28961
3.42948
3.26337
3.31243
3.31243
3.26338
3.4295
3.28962
3.39074
3.33229
3.16511
3.38352
3.19554
3.26337
3.26337
3.19555
3.38353
3.16512
3.3323
3.78687
3.48705
3.77906
3.38353
3.42949
3.4295
3.38354
3.77903
3.48705
3.78688
3.02439
2.99859
3.48705
3.16508
3.28963
3.28962
3.16511
3.48704
2.99862
3.0244
5.74634
3.02439
3.7868
3.33228
3.39073
3.39074
3.3323
3.78686
3.0244
5.7464
)
;
    }
    procBoundary0to2
    {
        type            processor;
        value           nonuniform List<scalar> 
100
(
9.46793
6.27476
7.34016
7.23094
7.13078
7.13077
7.23122
7.34033
6.27472
9.46797
6.27478
6.20071
6.23188
6.89658
6.92436
6.92436
6.89635
6.23191
6.20066
6.27479
7.34013
6.23189
7.26305
6.73881
7.09359
7.09357
6.73861
7.26303
6.23183
7.34019
7.2309
6.89663
6.73884
6.93913
6.92112
6.92109
6.93911
6.73875
6.89653
7.23104
7.13079
6.92437
7.09359
6.92112
7.07338
7.07337
6.92107
7.09357
6.92434
7.1308
7.13077
6.92438
7.09357
6.92107
7.07336
7.07335
6.92104
7.09355
6.92435
7.13079
7.23132
6.89629
6.73856
6.93911
6.92106
6.92104
6.93912
6.73853
6.89626
7.23135
7.3404
6.23194
7.26302
6.73869
7.09355
7.09355
6.73855
7.26301
6.2319
7.3404
6.2747
6.20064
6.23177
6.89648
6.92431
6.9243
6.8963
6.23181
6.20062
6.27473
9.46798
6.27479
7.34019
7.23106
7.13079
7.13079
7.23127
7.34033
6.27475
9.46802
)
;
    }
}


// ************************************************************************* //
