/*--------------------------------*- C++ -*----------------------------------*\
| =========                 |                                                 |
| \\      /  F ield         | OpenFOAM: The Open Source CFD Toolbox           |
|  \\    /   O peration     | Version:  2412                                  |
|   \\  /    A nd           | Website:  www.openfoam.com                      |
|    \\/     M anipulation  |                                                 |
\*---------------------------------------------------------------------------*/
FoamFile
{
    version     2.0;
    format      ascii;
    arch        "LSB;label=32;scalar=64";
    class       surfaceScalarField;
    location    "0.36";
    object      phi;
}
// * * * * * * * * * * * * * * * * * * * * * * * * * * * * * * * * * * * * * //

dimensions      [0 3 -1 0 0 0 0];

oriented        oriented;

internalField   nonuniform List<scalar> 
2700
(
0.000129211
0.000129211
0.00171241
0.000207258
0.000186433
0.00169407
0.000240919
0.000238981
0.00161508
0.000138675
0.000382347
0.00131066
-1.09631e-10
0.000337129
0.000645562
-0.000138675
0.000337129
0.000645562
-0.000240919
0.000382347
0.00131066
-0.000207258
0.000238981
0.00161508
-0.000129211
0.000186433
0.00169407
0.000129211
0.00171241
0.000186433
0.000207258
0.00169407
0.00032092
0.00032092
0.00171247
0.000398496
0.000439112
0.00171369
0.000308751
0.000631271
0.00115676
-8.14469e-11
0.000442769
-0.0013162
-0.000308751
0.000442769
-0.0013162
-0.000398496
0.000631271
0.00115676
-0.00032092
0.000439112
0.00171369
-0.000186433
0.00032092
0.00171247
0.000207258
0.00169407
0.000238981
0.000240919
0.00161508
0.000439112
0.000398496
0.00171369
0.000545884
0.000545884
0.00145304
0.000449488
0.000625277
0.00026456
-1.80451e-11
0.000456649
-0.00267826
-0.000449488
0.000456649
-0.00267826
-0.000545884
0.000625277
0.00026456
-0.000439112
0.000545884
0.00145304
-0.000238981
0.000398496
0.00171369
0.000240919
0.00161508
0.000382347
0.000138675
0.00131066
0.000631271
0.000308751
0.00115676
0.000625277
0.000449488
0.00026456
0.000467208
0.000467208
-0.00152688
7.13649e-11
0.000352568
-0.00377872
-0.000467208
0.000352568
-0.00377872
-0.000625277
0.000467208
-0.00152688
-0.000631271
0.000449488
0.00026456
-0.000382347
0.000308751
0.00115676
0.000138675
0.00131066
0.000337129
-1.25517e-10
0.000645562
0.000442769
-1.24518e-10
-0.0013162
0.000456649
-3.60691e-11
-0.00267826
0.000352568
1.06259e-10
-0.00377872
3.76333e-11
-2.62281e-11
-0.00460545
-0.000352568
-2.54771e-11
-0.00460545
-0.00045665
1.01767e-10
-0.00377872
-0.000442769
-4.86286e-11
-0.00267826
-0.000337129
-1.26783e-10
-0.0013162
-1.18804e-10
0.000645563
0.000337129
-0.000138675
0.000645562
0.000442769
-0.000308751
-0.0013162
0.000456649
-0.000449488
-0.00267826
0.000352568
-0.000467208
-0.00377872
3.81733e-11
-0.000352568
-0.00460545
-0.000352568
-0.000352568
-0.00460545
-0.00045665
-0.000467208
-0.00377872
-0.000442769
-0.000449488
-0.00267826
-0.000337129
-0.000308751
-0.0013162
-0.000138675
0.000645563
0.000382347
-0.000240919
0.00131066
0.000631271
-0.000398496
0.00115676
0.000625277
-0.000545884
0.00026456
0.000467208
-0.000625277
-0.00152688
6.58391e-11
-0.00045665
-0.00377872
-0.000467208
-0.00045665
-0.00377872
-0.000625277
-0.000625277
-0.00152688
-0.000631271
-0.000545884
0.00026456
-0.000382347
-0.000398496
0.00115676
-0.000240919
0.00131066
0.000238981
-0.000207258
0.00161508
0.000439112
-0.00032092
0.00171369
0.000545884
-0.000439112
0.00145304
0.000449488
-0.000631271
0.00026456
-3.15221e-11
-0.000442769
-0.00267826
-0.000449488
-0.000442769
-0.00267826
-0.000545884
-0.000631271
0.00026456
-0.000439112
-0.000439112
0.00145304
-0.000238981
-0.00032092
0.00171369
-0.000207258
0.00161508
0.000186433
-0.000129211
0.00169407
0.00032092
-0.000186433
0.00171247
0.000398496
-0.000238981
0.00171369
0.000308751
-0.000382347
0.00115676
-8.40371e-11
-0.000337129
-0.0013162
-0.000308751
-0.000337129
-0.0013162
-0.000398496
-0.000382347
0.00115676
-0.00032092
-0.000238981
0.00171369
-0.000186433
-0.000186433
0.00171247
-0.000129211
0.00169407
0.000129211
0.00171241
0.000207258
0.00169407
0.000240919
0.00161508
0.000138675
0.00131066
-1.03025e-10
0.000645563
-0.000138675
0.000645563
-0.000240919
0.00131066
-0.000207258
0.00161508
-0.000129211
0.00169407
0.00171241
0.000117922
0.000117922
0.00147657
0.000189035
0.00016887
0.00145408
0.00021928
0.000214603
0.00137023
0.000130957
0.000331707
0.00106728
-9.85095e-11
0.000292054
0.000484465
-0.000130957
0.000292054
0.000484465
-0.00021928
0.000331707
0.00106728
-0.000189035
0.000214603
0.00137023
-0.000117922
0.00016887
0.00145408
0.000117922
0.00147657
0.00016887
0.000189035
0.00145408
0.000290117
0.000290117
0.00146998
0.000361471
0.000392989
0.00146395
0.000279172
0.000567286
0.00100348
-5.94123e-11
0.000393384
-0.00113836
-0.000279172
0.000393384
-0.00113836
-0.000361471
0.000567286
0.00100348
-0.000290117
0.000392989
0.00146395
-0.00016887
0.000290116
0.00146998
0.000189035
0.00145408
0.000214603
0.00021928
0.00137023
0.000392989
0.000361471
0.00146395
0.000493203
0.000493204
0.00125261
0.000413296
0.000586767
0.000324987
-3.00748e-11
0.000423159
-0.00229474
-0.000413296
0.000423159
-0.00229474
-0.000493204
0.000586767
0.000324987
-0.000392989
0.000493203
0.00125261
-0.000214603
0.000361471
0.00146395
0.00021928
0.00137023
0.000331707
0.000130957
0.00106728
0.000567286
0.000279172
0.00100348
0.000586767
0.000413296
0.000324987
0.000441337
0.000441337
-0.00123602
5.69123e-12
0.000334127
-0.00324836
-0.000441337
0.000334127
-0.00324836
-0.000586767
0.000441337
-0.00123602
-0.000567286
0.000413296
0.000324987
-0.000331707
0.000279172
0.00100348
0.000130957
0.00106728
0.000292054
-1.19285e-10
0.000484465
0.000393384
-1.11194e-10
-0.00113836
0.000423159
-6.26091e-11
-0.00229473
0.000334127
7.2842e-11
-0.00324836
1.33384e-11
-4.31746e-11
-0.0039372
-0.000334127
-4.15019e-11
-0.0039372
-0.000423159
7.37918e-11
-0.00324836
-0.000393384
-7.28923e-11
-0.00229473
-0.000292054
-1.14678e-10
-0.00113836
-1.15e-10
0.000484466
0.000292054
-0.000130957
0.000484465
0.000393384
-0.000279172
-0.00113836
0.000423159
-0.000413296
-0.00229473
0.000334127
-0.000441337
-0.00324836
1.48679e-11
-0.000334127
-0.0039372
-0.000334127
-0.000334128
-0.0039372
-0.000423159
-0.000441337
-0.00324836
-0.000393384
-0.000413296
-0.00229473
-0.000292054
-0.000279172
-0.00113836
-0.000130957
0.000484466
0.000331707
-0.00021928
0.00106728
0.000567286
-0.000361471
0.00100348
0.000586767
-0.000493204
0.000324987
0.000441337
-0.000586767
-0.00123602
5.59452e-12
-0.000423159
-0.00324836
-0.000441337
-0.000423159
-0.00324836
-0.000586767
-0.000586766
-0.00123602
-0.000567286
-0.000493203
0.000324987
-0.000331707
-0.000361471
0.00100348
-0.00021928
0.00106728
0.000214603
-0.000189035
0.00137023
0.000392989
-0.000290117
0.00146395
0.000493203
-0.000392989
0.00125261
0.000413296
-0.000567286
0.000324987
-4.0156e-11
-0.000393384
-0.00229473
-0.000413296
-0.000393384
-0.00229473
-0.000493203
-0.000567286
0.000324987
-0.000392989
-0.000392989
0.00125261
-0.000214603
-0.000290116
0.00146395
-0.000189035
0.00137023
0.00016887
-0.000117922
0.00145408
0.000290116
-0.00016887
0.00146998
0.000361471
-0.000214603
0.00146395
0.000279172
-0.000331707
0.00100348
-6.30753e-11
-0.000292054
-0.00113836
-0.000279172
-0.000292054
-0.00113836
-0.000361471
-0.000331707
0.00100348
-0.000290116
-0.000214603
0.00146395
-0.00016887
-0.00016887
0.00146998
-0.000117922
0.00145408
0.000117922
0.00147657
0.000189035
0.00145408
0.00021928
0.00137023
0.000130957
0.00106728
-9.41764e-11
0.000484466
-0.000130957
0.000484466
-0.00021928
0.00106728
-0.000189035
0.00137023
-0.000117922
0.00145408
0.00147657
0.000106315
0.000106315
0.00126394
0.000170647
0.000150866
0.00123888
0.000197878
0.00019139
0.00115161
0.000123768
0.000284629
0.000856759
-8.83274e-11
0.000250895
0.000357338
-0.000123768
0.000250895
0.000357338
-0.000197878
0.000284629
0.000856759
-0.000170648
0.000191389
0.00115161
-0.000106315
0.000150866
0.00123888
0.000106315
0.00126394
0.000150866
0.000170647
0.00123888
0.00025979
0.00025979
0.00125213
0.000326008
0.000349896
0.00123923
0.000252554
0.000505166
0.000856398
-4.74877e-11
0.000346546
-0.000981457
-0.000252554
0.000346546
-0.000981457
-0.000326008
0.000505166
0.000856399
-0.00025979
0.000349896
0.00123923
-0.000150866
0.00025979
0.00125213
0.000170647
0.00123888
0.00019139
0.000197878
0.00115161
0.000349896
0.000326008
0.00123923
0.00044067
0.00044067
0.00107106
0.000374065
0.000548455
0.000348303
-2.03218e-11
0.000386124
-0.00196025
-0.000374065
0.000386124
-0.00196025
-0.000440671
0.000548455
0.000348303
-0.000349897
0.00044067
0.00107106
-0.00019139
0.000326008
0.00123923
0.000197878
0.00115161
0.000284629
0.000123768
0.000856759
0.000505166
0.000252554
0.000856398
0.000548455
0.000374065
0.000348303
0.00041554
0.00041554
-0.000970185
1.61615e-11
0.000309488
-0.00275618
-0.00041554
0.000309488
-0.00275618
-0.000548455
0.00041554
-0.000970185
-0.000505166
0.000374065
0.000348303
-0.000284629
0.000252554
0.000856399
0.000123768
0.000856759
0.000250895
-1.10951e-10
0.000357338
0.000346546
-1.10194e-10
-0.000981457
0.000386124
-5.36102e-11
-0.00196025
0.000309488
1.01516e-10
-0.00275618
2.18954e-12
-5.04592e-11
-0.00331822
-0.000309488
-4.83042e-11
-0.00331822
-0.000386124
1.03014e-10
-0.00275618
-0.000346546
-6.35065e-11
-0.00196025
-0.000250895
-1.13757e-10
-0.000981457
-1.08911e-10
0.000357339
0.000250895
-0.000123768
0.000357338
0.000346546
-0.000252554
-0.000981457
0.000386124
-0.000374065
-0.00196025
0.000309488
-0.00041554
-0.00275618
4.06769e-12
-0.000309488
-0.00331822
-0.000309488
-0.000309488
-0.00331822
-0.000386124
-0.00041554
-0.00275618
-0.000346546
-0.000374065
-0.00196025
-0.000250895
-0.000252554
-0.000981457
-0.000123768
0.000357339
0.000284629
-0.000197878
0.000856759
0.000505166
-0.000326008
0.000856399
0.000548455
-0.000440671
0.000348303
0.00041554
-0.000548455
-0.000970185
1.62212e-11
-0.000386124
-0.00275618
-0.00041554
-0.000386124
-0.00275618
-0.000548455
-0.000548455
-0.000970185
-0.000505166
-0.00044067
0.000348303
-0.000284629
-0.000326008
0.000856399
-0.000197878
0.00085676
0.000191389
-0.000170648
0.00115161
0.000349896
-0.00025979
0.00123923
0.00044067
-0.000349897
0.00107106
0.000374065
-0.000505166
0.000348303
-2.97491e-11
-0.000346546
-0.00196025
-0.000374065
-0.000346546
-0.00196025
-0.00044067
-0.000505166
0.000348303
-0.000349896
-0.000349896
0.00107106
-0.000191389
-0.00025979
0.00123923
-0.000170647
0.00115161
0.000150866
-0.000106315
0.00123888
0.00025979
-0.000150866
0.00125213
0.000326008
-0.000191389
0.00123923
0.000252554
-0.000284629
0.000856399
-5.08731e-11
-0.000250895
-0.000981456
-0.000252554
-0.000250895
-0.000981456
-0.000326008
-0.000284629
0.000856399
-0.00025979
-0.000191389
0.00123923
-0.000150866
-0.000150866
0.00125213
-0.000106315
0.00123888
0.000106315
0.00126394
0.000170647
0.00123888
0.000197878
0.00115161
0.000123768
0.000856759
-8.6106e-11
0.000357339
-0.000123768
0.000357339
-0.000197878
0.00085676
-0.000170647
0.00115161
-0.000106315
0.00123888
0.00126394
9.48603e-05
9.48603e-05
0.00107422
0.000152713
0.000132695
0.00104834
0.000177312
0.000170236
0.000956779
0.000117642
0.000240446
0.000675983
-7.5502e-11
0.000216899
0.000258081
-0.000117642
0.000216899
0.000258081
-0.000177312
0.000240446
0.000675983
-0.000152713
0.000170236
0.000956779
-9.48603e-05
0.000132695
0.00104834
9.48602e-05
0.00107422
0.000132695
0.000152713
0.00104834
0.000229888
0.000229888
0.00105774
0.000292043
0.000310277
0.00103703
0.000229337
0.000440062
0.000719487
-4.81927e-11
0.000304794
-0.000840014
-0.000229337
0.000304794
-0.000840014
-0.000292043
0.000440062
0.000719488
-0.000229889
0.000310277
0.00103703
-0.000132695
0.000229888
0.00105774
0.000152713
0.00104834
0.000170236
0.000177312
0.000956779
0.000310277
0.000292043
0.00103703
0.000390966
0.000390966
0.000909683
0.000338614
0.000499801
0.000340916
-2.51488e-11
0.000345372
-0.00166221
-0.000338614
0.000345372
-0.00166221
-0.000390966
0.000499801
0.000340916
-0.000310277
0.000390966
0.000909683
-0.000170236
0.000292043
0.00103703
0.000177312
0.000956779
0.000240446
0.000117642
0.000675983
0.000440062
0.000229337
0.000719487
0.000499801
0.000338614
0.000340916
0.000384561
0.000384561
-0.000739705
1.73927e-12
0.000279686
-0.00230593
-0.000384561
0.000279686
-0.00230593
-0.000499801
0.000384561
-0.000739705
-0.000440062
0.000338614
0.000340916
-0.000240446
0.000229337
0.000719488
0.000117641
0.000675984
0.000216899
-9.92953e-11
0.000258081
0.000304794
-1.19367e-10
-0.000840014
0.000345372
-3.09986e-11
-0.00166221
0.000279686
1.0159e-10
-0.00230593
-2.0397e-11
-6.64171e-11
-0.00275885
-0.000279686
-6.43065e-11
-0.00275885
-0.000345372
1.04653e-10
-0.00230593
-0.000304794
-3.75805e-11
-0.00166221
-0.000216899
-1.21725e-10
-0.000840014
-9.91027e-11
0.000258081
0.000216899
-0.000117642
0.000258081
0.000304794
-0.000229337
-0.000840015
0.000345372
-0.000338614
-0.00166221
0.000279686
-0.000384561
-0.00230593
-1.78628e-11
-0.000279686
-0.00275885
-0.000279686
-0.000279686
-0.00275885
-0.000345372
-0.000384561
-0.00230593
-0.000304794
-0.000338614
-0.00166221
-0.000216899
-0.000229337
-0.000840014
-0.000117642
0.000258081
0.000240446
-0.000177312
0.000675983
0.000440062
-0.000292043
0.000719488
0.000499801
-0.000390966
0.000340916
0.000384561
-0.000499801
-0.000739705
3.22416e-12
-0.000345372
-0.00230593
-0.000384561
-0.000345372
-0.00230593
-0.000499801
-0.000499801
-0.000739705
-0.000440062
-0.000390966
0.000340916
-0.000240446
-0.000292043
0.000719488
-0.000177312
0.000675984
0.000170236
-0.000152713
0.000956779
0.000310277
-0.000229888
0.00103703
0.000390966
-0.000310277
0.000909683
0.000338614
-0.000440062
0.000340916
-3.1246e-11
-0.000304794
-0.00166221
-0.000338614
-0.000304794
-0.00166221
-0.000390966
-0.000440062
0.000340916
-0.000310277
-0.000310277
0.000909683
-0.000170236
-0.000229888
0.00103703
-0.000152713
0.00095678
0.000132695
-9.48603e-05
0.00104834
0.000229888
-0.000132695
0.00105774
0.000292043
-0.000170236
0.00103703
0.000229337
-0.000240446
0.000719488
-4.98963e-11
-0.000216899
-0.000840014
-0.000229337
-0.000216899
-0.000840014
-0.000292043
-0.000240446
0.000719488
-0.000229888
-0.000170236
0.00103703
-0.000132695
-0.000132695
0.00105774
-9.48603e-05
0.00104834
9.48602e-05
0.00107422
0.000152713
0.00104834
0.000177312
0.000956779
0.000117641
0.000675984
-7.47716e-11
0.000258081
-0.000117642
0.000258081
-0.000177312
0.000675984
-0.000152713
0.00095678
-9.48603e-05
0.00104834
0.00107422
8.38242e-05
8.38242e-05
0.000906569
0.000135696
0.000114566
0.000881899
0.000157949
0.000150616
0.00078391
0.000112022
0.00019978
0.000522131
-5.98245e-11
0.000193047
0.000177056
-0.000112022
0.000193047
0.000177056
-0.000157949
0.00019978
0.000522131
-0.000135696
0.000150616
0.000783911
-8.38242e-05
0.000114566
0.000881899
8.38242e-05
0.000906569
0.000114566
0.000135696
0.000881899
0.00020052
0.00020052
0.000885835
0.000259743
0.00027345
0.000854974
0.000209319
0.000374582
0.000595109
-4.77325e-11
0.000268474
-0.000706123
-0.000209319
0.000268474
-0.000706123
-0.000259743
0.000374582
0.00059511
-0.00020052
0.00027345
0.000854974
-0.000114566
0.00020052
0.000885835
0.000135696
0.000881899
0.000150616
0.000157949
0.00078391
0.00027345
0.000259743
0.000854974
0.000346475
0.000346475
0.000763631
0.000303934
0.000442401
0.000315638
-3.19101e-11
0.000304205
-0.00139401
-0.000303934
0.000304205
-0.00139401
-0.000346476
0.000442402
0.000315638
-0.00027345
0.000346475
0.000763632
-0.000150616
0.000259743
0.000854974
0.000157949
0.000783911
0.000199779
0.000112022
0.000522131
0.000374582
0.000209319
0.000595109
0.000442401
0.000303934
0.000315638
0.00035046
0.00035046
-0.000555822
1.35529e-11
0.000246887
-0.00189816
-0.00035046
0.000246887
-0.00189816
-0.000442401
0.00035046
-0.000555822
-0.000374582
0.000303934
0.000315638
-0.00019978
0.000209319
0.00059511
0.000112022
0.000522131
0.000193047
-8.40836e-11
0.000177056
0.000268474
-1.20477e-10
-0.000706123
0.000304205
4.6471e-12
-0.00139401
0.000246887
1.11615e-10
-0.00189816
-2.94367e-11
-7.36007e-11
-0.00226508
-0.000246887
-7.1801e-11
-0.00226508
-0.000304205
1.1362e-10
-0.00189816
-0.000268474
2.21252e-12
-0.00139401
-0.000193047
-1.2195e-10
-0.000706122
-8.42597e-11
0.000177057
0.000193047
-0.000112022
0.000177056
0.000268474
-0.000209319
-0.000706123
0.000304205
-0.000303934
-0.00139401
0.000246887
-0.00035046
-0.00189816
-2.71e-11
-0.000246887
-0.00226508
-0.000246887
-0.000246887
-0.00226508
-0.000304205
-0.00035046
-0.00189816
-0.000268474
-0.000303934
-0.00139401
-0.000193047
-0.000209319
-0.000706123
-0.000112022
0.000177057
0.00019978
-0.000157949
0.000522131
0.000374582
-0.000259743
0.000595109
0.000442402
-0.000346476
0.000315638
0.00035046
-0.000442401
-0.000555822
1.35289e-11
-0.000304205
-0.00189816
-0.00035046
-0.000304205
-0.00189816
-0.000442402
-0.000442402
-0.000555822
-0.000374582
-0.000346475
0.000315638
-0.00019978
-0.000259743
0.00059511
-0.000157949
0.000522132
0.000150616
-0.000135696
0.000783911
0.00027345
-0.00020052
0.000854974
0.000346475
-0.00027345
0.000763632
0.000303934
-0.000374582
0.000315638
-3.44831e-11
-0.000268474
-0.00139401
-0.000303934
-0.000268474
-0.00139401
-0.000346475
-0.000374582
0.000315638
-0.00027345
-0.00027345
0.000763632
-0.000150616
-0.00020052
0.000854974
-0.000135696
0.000783911
0.000114566
-8.38242e-05
0.000881899
0.00020052
-0.000114566
0.000885835
0.000259743
-0.000150616
0.000854974
0.000209319
-0.00019978
0.00059511
-4.80454e-11
-0.000193047
-0.000706122
-0.000209319
-0.000193047
-0.000706122
-0.000259743
-0.00019978
0.00059511
-0.00020052
-0.000150616
0.000854974
-0.000114566
-0.000114566
0.000885836
-8.38242e-05
0.000881899
8.38242e-05
0.000906569
0.000135696
0.000881899
0.000157949
0.000783911
0.000112022
0.000522132
-5.92965e-11
0.000177057
-0.000112022
0.000177057
-0.000157949
0.000522132
-0.000135696
0.000783911
-8.38242e-05
0.000881899
0.000906569
7.31989e-05
7.3199e-05
0.000760171
0.000120215
9.7123e-05
0.00073776
0.000139947
0.000130722
0.000633456
0.000104708
0.000161785
0.000395585
-4.19487e-11
0.000178843
0.00010292
-0.000104708
0.000178843
0.00010292
-0.000139947
0.000161785
0.000395585
-0.000120215
0.000130722
0.000633456
-7.3199e-05
9.7123e-05
0.00073776
7.31989e-05
0.000760171
9.7123e-05
0.000120215
0.00073776
0.00017121
0.00017121
0.00073766
0.000227413
0.000237548
0.000691945
0.000190272
0.000306793
0.000487242
-4.37218e-11
0.000240247
-0.000577254
-0.000190272
0.000240247
-0.000577254
-0.000227413
0.000306793
0.000487242
-0.00017121
0.000237548
0.000691945
-9.7123e-05
0.00017121
0.000737661
0.000120215
0.00073776
0.000130722
0.000139947
0.000633456
0.000237548
0.000227413
0.000691945
0.000304845
0.000304845
0.000629037
0.000268548
0.000380759
0.000277969
-1.82211e-11
0.000264562
-0.00114978
-0.000268548
0.000264562
-0.00114978
-0.000304845
0.000380759
0.000277969
-0.000237548
0.000304845
0.000629037
-0.000130722
0.000227413
0.000691945
0.000139947
0.000633456
0.000161785
0.000104708
0.000395585
0.000306793
0.000190272
0.000487242
0.000380759
0.000268548
0.000277969
0.000316013
0.000316013
-0.000426328
2.90536e-12
0.000212047
-0.00152963
-0.000316013
0.000212047
-0.00152963
-0.000380759
0.000316013
-0.000426329
-0.000306793
0.000268548
0.000277969
-0.000161785
0.000190272
0.000487243
0.000104707
0.000395586
0.000178843
-6.38088e-11
0.00010292
0.000240247
-1.08671e-10
-0.000577254
0.000264563
4.55496e-11
-0.00114978
0.000212047
9.20405e-11
-0.00152963
-3.04095e-11
-7.27995e-11
-0.00184098
-0.000212047
-7.13774e-11
-0.00184098
-0.000264563
9.44273e-11
-0.00152963
-0.000240247
4.4488e-11
-0.00114977
-0.000178844
-1.09842e-10
-0.000577253
-6.39792e-11
0.000102921
0.000178843
-0.000104708
0.00010292
0.000240247
-0.000190272
-0.000577254
0.000264562
-0.000268548
-0.00114978
0.000212047
-0.000316013
-0.00152963
-2.83925e-11
-0.000212047
-0.00184098
-0.000212047
-0.000212047
-0.00184098
-0.000264562
-0.000316013
-0.00152963
-0.000240247
-0.000268548
-0.00114978
-0.000178843
-0.000190272
-0.000577254
-0.000104708
0.000102921
0.000161785
-0.000139947
0.000395585
0.000306793
-0.000227413
0.000487242
0.000380759
-0.000304845
0.000277969
0.000316013
-0.000380759
-0.000426329
3.29307e-12
-0.000264563
-0.00152963
-0.000316013
-0.000264563
-0.00152963
-0.00038076
-0.000380759
-0.000426329
-0.000306794
-0.000304845
0.000277969
-0.000161785
-0.000227413
0.000487243
-0.000139947
0.000395586
0.000130722
-0.000120215
0.000633456
0.000237548
-0.00017121
0.000691945
0.000304845
-0.000237548
0.000629037
0.000268548
-0.000306793
0.000277969
-1.95588e-11
-0.000240247
-0.00114977
-0.000268548
-0.000240247
-0.00114978
-0.000304845
-0.000306794
0.000277969
-0.000237548
-0.000237548
0.000629037
-0.000130722
-0.00017121
0.000691946
-0.000120215
0.000633456
9.7123e-05
-7.3199e-05
0.00073776
0.00017121
-9.7123e-05
0.000737661
0.000227413
-0.000130722
0.000691945
0.000190272
-0.000161785
0.000487243
-4.33982e-11
-0.000178844
-0.000577253
-0.000190272
-0.000178844
-0.000577253
-0.000227413
-0.000161785
0.000487243
-0.00017121
-0.000130722
0.000691946
-9.7123e-05
-9.7123e-05
0.000737661
-7.31989e-05
0.00073776
7.31989e-05
0.000760171
0.000120215
0.00073776
0.000139947
0.000633456
0.000104707
0.000395586
-4.13531e-11
0.000102921
-0.000104708
0.000102921
-0.000139947
0.000395586
-0.000120215
0.000633456
-7.3199e-05
0.00073776
0.000760171
6.32422e-05
6.32422e-05
0.000633687
0.000106638
8.07652e-05
0.000613599
0.000125037
0.000109469
0.000505589
9.6754e-05
0.00012616
0.000297708
-2.94142e-11
0.000167959
3.17155e-05
-9.6754e-05
0.000167959
3.17155e-05
-0.000125037
0.00012616
0.000297708
-0.000106638
0.000109469
0.000505589
-6.32422e-05
8.07652e-05
0.000613599
6.32422e-05
0.000633687
8.07652e-05
0.000106638
0.000613599
0.000142904
0.000142904
0.000613382
0.0001961
0.000199748
0.00054847
0.000170009
0.000239694
0.000399801
-3.34965e-11
0.000223333
-0.00046262
-0.000170009
0.000223333
-0.00046262
-0.0001961
0.000239694
0.000399801
-0.000142904
0.000199748
0.00054847
-8.07652e-05
0.000142904
0.000613382
0.000106638
0.000613599
0.000109469
0.000125037
0.000505589
0.000199748
0.0001961
0.00054847
0.000264075
0.000264075
0.000500382
0.000229507
0.000318803
0.000233428
3.27719e-12
0.00022396
-0.000920896
-0.000229507
0.00022396
-0.000920896
-0.000264075
0.000318803
0.000233429
-0.000199748
0.000264075
0.000500382
-0.000109469
0.0001961
0.00054847
0.000125037
0.000505589
0.00012616
9.6754e-05
0.000297708
0.000239694
0.000170009
0.000399801
0.000318803
0.000229507
0.000233428
0.000275441
0.000275441
-0.000339606
1.69325e-12
0.000172679
-0.0012029
-0.000275441
0.000172678
-0.0012029
-0.000318803
0.000275441
-0.000339606
-0.000239694
0.000229507
0.000233429
-0.00012616
0.000170009
0.000399801
9.6754e-05
0.000297708
0.000167959
-4.96392e-11
3.17154e-05
0.000223333
-7.81988e-11
-0.000462619
0.00022396
8.62182e-11
-0.000920895
0.000172679
6.90088e-11
-0.0012029
-2.74968e-11
-6.32523e-11
-0.00149562
-0.000172679
-6.21349e-11
-0.00149562
-0.00022396
7.11817e-11
-0.0012029
-0.000223333
8.62938e-11
-0.000920895
-0.000167959
-7.93835e-11
-0.000462619
-4.94986e-11
3.17156e-05
0.000167959
-9.6754e-05
3.17155e-05
0.000223333
-0.000170009
-0.00046262
0.00022396
-0.000229507
-0.000920896
0.000172679
-0.000275441
-0.0012029
-2.58168e-11
-0.000172679
-0.00149562
-0.000172679
-0.000172679
-0.00149562
-0.00022396
-0.000275441
-0.0012029
-0.000223333
-0.000229507
-0.000920896
-0.000167959
-0.000170009
-0.00046262
-9.6754e-05
3.17157e-05
0.00012616
-0.000125037
0.000297708
0.000239694
-0.0001961
0.000399801
0.000318803
-0.000264075
0.000233429
0.000275441
-0.000318803
-0.000339606
2.18419e-12
-0.00022396
-0.0012029
-0.000275441
-0.00022396
-0.0012029
-0.000318803
-0.000318803
-0.000339606
-0.000239694
-0.000264075
0.000233429
-0.00012616
-0.0001961
0.000399801
-0.000125037
0.000297708
0.000109469
-0.000106638
0.000505589
0.000199748
-0.000142904
0.00054847
0.000264075
-0.000199748
0.000500382
0.000229507
-0.000239694
0.000233428
2.50853e-12
-0.000223333
-0.000920895
-0.000229507
-0.000223333
-0.000920895
-0.000264075
-0.000239694
0.000233429
-0.000199748
-0.000199748
0.000500382
-0.000109469
-0.000142904
0.000548471
-0.000106638
0.000505589
8.07652e-05
-6.32422e-05
0.000613599
0.000142904
-8.07652e-05
0.000613382
0.0001961
-0.000109469
0.00054847
0.000170009
-0.00012616
0.000399801
-3.32052e-11
-0.000167959
-0.000462619
-0.000170009
-0.000167959
-0.000462619
-0.000196101
-0.00012616
0.000399801
-0.000142904
-0.000109469
0.000548471
-8.07652e-05
-8.07652e-05
0.000613383
-6.32422e-05
0.000613599
6.32422e-05
0.000633687
0.000106638
0.000613599
0.000125037
0.000505589
9.6754e-05
0.000297708
-2.86385e-11
3.17157e-05
-9.6754e-05
3.17157e-05
-0.000125037
0.000297708
-0.000106638
0.000505589
-6.32422e-05
0.000613599
0.000633687
5.33948e-05
5.33948e-05
0.000526897
9.24652e-05
6.57775e-05
0.000508751
0.000107211
9.10492e-05
0.000399794
8.21355e-05
9.56874e-05
0.000227096
-2.13025e-11
0.000158945
-4.50946e-05
-8.21355e-05
0.000158945
-4.50945e-05
-0.000107211
9.56874e-05
0.000227096
-9.24653e-05
9.10492e-05
0.000399794
-5.33948e-05
6.57775e-05
0.000508751
5.33948e-05
0.000526897
6.57775e-05
9.24653e-05
0.000508751
0.00011612
0.00011612
0.000512697
0.000163927
0.000162853
0.00042886
0.000141179
0.000183026
0.00033521
-1.80855e-11
0.000212374
-0.000374869
-0.000141179
0.000212374
-0.000374869
-0.000163927
0.000183026
0.00033521
-0.00011612
0.000162853
0.000428861
-6.57775e-05
0.00011612
0.000512697
9.24653e-05
0.000508751
9.10492e-05
0.000107211
0.000399794
0.000162853
0.000163927
0.00042886
0.000220027
0.000220028
0.000386032
0.000186094
0.000260891
0.000189496
1.63201e-11
0.000177513
-0.00069994
-0.000186094
0.000177513
-0.00069994
-0.000220027
0.000260891
0.000189497
-0.000162853
0.000220028
0.000386032
-9.10492e-05
0.000163927
0.000428861
0.000107211
0.000399794
9.56874e-05
8.21355e-05
0.000227096
0.000183026
0.000141179
0.00033521
0.000260891
0.000186094
0.000189497
0.000224472
0.000224472
-0.000266768
-2.9354e-12
0.000128221
-0.000929141
-0.000224472
0.000128221
-0.000929141
-0.000260891
0.000224472
-0.000266768
-0.000183026
0.000186094
0.000189497
-9.56875e-05
0.000141179
0.00033521
8.21355e-05
0.000227096
0.000158946
-4.19275e-11
-4.50946e-05
0.000212374
-2.40322e-11
-0.000374869
0.000177513
1.00375e-10
-0.00069994
0.000128221
3.8913e-11
-0.000929141
-2.22908e-11
-4.6132e-11
-0.00123918
-0.000128221
-4.51774e-11
-0.00123918
-0.000177513
4.06965e-11
-0.00092914
-0.000212374
1.01384e-10
-0.00069994
-0.000158946
-2.47704e-11
-0.000374869
-4.17206e-11
-4.50945e-05
0.000158945
-8.21355e-05
-4.50945e-05
0.000212374
-0.000141179
-0.000374869
0.000177513
-0.000186094
-0.00069994
0.000128221
-0.000224472
-0.000929141
-2.08972e-11
-0.000128222
-0.00123918
-0.000128221
-0.000128221
-0.00123918
-0.000177513
-0.000224472
-0.000929141
-0.000212374
-0.000186094
-0.00069994
-0.000158946
-0.000141179
-0.000374869
-8.21355e-05
-4.50943e-05
9.56874e-05
-0.000107211
0.000227096
0.000183026
-0.000163927
0.00033521
0.000260891
-0.000220027
0.000189497
0.000224472
-0.000260891
-0.000266768
-2.27086e-12
-0.000177513
-0.00092914
-0.000224472
-0.000177513
-0.00092914
-0.000260891
-0.000260891
-0.000266768
-0.000183026
-0.000220028
0.000189497
-9.56875e-05
-0.000163927
0.00033521
-0.000107211
0.000227096
9.10492e-05
-9.24653e-05
0.000399794
0.000162853
-0.00011612
0.000428861
0.000220028
-0.000162853
0.000386032
0.000186094
-0.000183026
0.000189497
1.59981e-11
-0.000212374
-0.00069994
-0.000186094
-0.000212374
-0.00069994
-0.000220028
-0.000183026
0.000189497
-0.000162853
-0.000162853
0.000386032
-9.10492e-05
-0.00011612
0.000428861
-9.24653e-05
0.000399794
6.57775e-05
-5.33948e-05
0.000508751
0.00011612
-6.57775e-05
0.000512697
0.000163927
-9.10492e-05
0.000428861
0.000141179
-9.56875e-05
0.00033521
-1.8049e-11
-0.000158946
-0.000374869
-0.000141179
-0.000158946
-0.000374869
-0.000163927
-9.56875e-05
0.00033521
-0.00011612
-9.10492e-05
0.000428861
-6.57775e-05
-6.57775e-05
0.000512697
-5.33948e-05
0.000508751
5.33948e-05
0.000526897
9.24653e-05
0.000508751
0.000107211
0.000399794
8.21355e-05
0.000227096
-2.04776e-11
-4.50944e-05
-8.21355e-05
-4.50944e-05
-0.000107211
0.000227096
-9.24653e-05
0.000399794
-5.33948e-05
0.000508751
0.000526897
4.63277e-05
4.63277e-05
0.000434241
8.05525e-05
5.51488e-05
0.000419377
9.48411e-05
7.84867e-05
0.000307019
7.20778e-05
7.99477e-05
0.000169912
-1.76333e-11
0.000138332
-0.000111349
-7.20778e-05
0.000138332
-0.000111349
-9.48411e-05
7.99477e-05
0.000169912
-8.05525e-05
7.84867e-05
0.000307019
-4.63277e-05
5.51488e-05
0.000419377
4.63277e-05
0.000434242
5.51488e-05
8.05525e-05
0.000419377
0.000100394
0.000100394
0.000422207
0.000144349
0.000131196
0.000332196
0.000108751
0.000169827
0.00028093
-4.48642e-12
0.000175782
-0.000303568
-0.000108751
0.000175782
-0.000303568
-0.000144349
0.000169827
0.00028093
-0.000100394
0.000131196
0.000332196
-5.51488e-05
0.000100394
0.000422207
8.05525e-05
0.000419377
7.84867e-05
9.48411e-05
0.000307019
0.000131196
0.000144349
0.000332195
0.000198869
0.000198869
0.000250686
0.000161622
0.000226451
0.000170119
1.32759e-11
0.000119224
-0.000481761
-0.000161622
0.000119224
-0.000481761
-0.000198869
0.000226451
0.000170119
-0.000131196
0.000198869
0.000250686
-7.84867e-05
0.000144349
0.000332196
9.48411e-05
0.000307019
7.99477e-05
7.20778e-05
0.000169912
0.000169827
0.000108751
0.00028093
0.000226451
0.000161622
0.000170119
0.000159605
0.000159605
-0.000133077
-7.1167e-12
8.10354e-05
-0.000731347
-0.000159606
8.10354e-05
-0.000731347
-0.000226451
0.000159605
-0.000133077
-0.000169827
0.000161622
0.000170119
-7.99478e-05
0.000108751
0.00028093
7.20778e-05
0.000169912
0.000138332
-4.97952e-11
-0.000111349
0.000175782
2.23378e-11
-0.000303568
0.000119224
6.64408e-11
-0.00048176
8.10355e-05
1.71134e-11
-0.000731346
-1.46012e-11
-2.58789e-11
-0.00107711
-8.10355e-05
-2.51217e-11
-0.00107711
-0.000119224
1.8653e-11
-0.000731346
-0.000175782
6.75659e-11
-0.00048176
-0.000138333
2.31458e-11
-0.000303568
-5.0204e-11
-0.000111349
0.000138332
-7.20778e-05
-0.000111349
0.000175782
-0.000108751
-0.000303568
0.000119224
-0.000161622
-0.000481761
8.10354e-05
-0.000159606
-0.000731347
-1.35719e-11
-8.10356e-05
-0.00107711
-8.10355e-05
-8.10355e-05
-0.00107711
-0.000119224
-0.000159606
-0.000731347
-0.000175782
-0.000161622
-0.000481761
-0.000138332
-0.000108751
-0.000303568
-7.20779e-05
-0.000111349
7.99477e-05
-9.48411e-05
0.000169912
0.000169827
-0.000144349
0.00028093
0.000226451
-0.000198869
0.000170119
0.000159605
-0.000226451
-0.000133077
-6.18127e-12
-0.000119224
-0.000731346
-0.000159606
-0.000119224
-0.000731346
-0.000226451
-0.000226451
-0.000133077
-0.000169827
-0.000198869
0.00017012
-7.99478e-05
-0.000144349
0.00028093
-9.48411e-05
0.000169912
7.84867e-05
-8.05525e-05
0.000307019
0.000131196
-0.000100394
0.000332196
0.000198869
-0.000131196
0.000250686
0.000161622
-0.000169827
0.000170119
1.33695e-11
-0.000175782
-0.00048176
-0.000161622
-0.000175782
-0.00048176
-0.000198869
-0.000169827
0.00017012
-0.000131196
-0.000131196
0.000250687
-7.84867e-05
-0.000100394
0.000332196
-8.05525e-05
0.000307019
5.51488e-05
-4.63277e-05
0.000419377
0.000100394
-5.51488e-05
0.000422207
0.000144349
-7.84867e-05
0.000332196
0.000108751
-7.99478e-05
0.00028093
-3.73629e-12
-0.000138333
-0.000303568
-0.000108751
-0.000138333
-0.000303568
-0.000144349
-7.99478e-05
0.00028093
-0.000100394
-7.84867e-05
0.000332196
-5.51488e-05
-5.51488e-05
0.000422207
-4.63277e-05
0.000419378
4.63277e-05
0.000434242
8.05525e-05
0.000419377
9.48411e-05
0.000307019
7.20778e-05
0.000169912
-1.72615e-11
-0.000111349
-7.20779e-05
-0.000111349
-9.48411e-05
0.000169912
-8.05525e-05
0.000307019
-4.63277e-05
0.000419378
0.000434242
3.16192e-05
3.16192e-05
5.41415e-05
3.47848e-05
5.55293e-05
5.61013e-05
3.40994e-05
5.16833e-05
-7.18049e-12
5.03405e-05
-3.40994e-05
5.03405e-05
-5.55293e-05
5.16833e-05
-5.41415e-05
5.61013e-05
-3.16192e-05
3.47848e-05
3.16192e-05
3.47848e-05
5.41415e-05
6.51432e-05
6.51432e-05
8.82417e-05
8.48994e-05
5.00498e-05
0.000115832
1.10035e-13
5.17703e-05
-5.00498e-05
5.17703e-05
-8.82417e-05
0.000115832
-6.51432e-05
8.48994e-05
-3.47848e-05
6.51432e-05
5.41415e-05
5.61013e-05
5.55293e-05
8.48994e-05
8.82417e-05
0.000134651
0.000134651
0.000107723
0.000131333
4.31539e-12
4.10524e-05
-0.000107723
4.10524e-05
-0.000134651
0.000131333
-8.48994e-05
0.000134651
-5.61013e-05
8.82418e-05
5.55293e-05
5.16833e-05
3.40994e-05
0.000115832
5.00498e-05
0.000131333
0.000107723
7.11987e-05
7.11986e-05
-3.92554e-12
3.08094e-05
-7.11987e-05
3.08094e-05
-0.000131333
7.11987e-05
-0.000115832
0.000107723
-5.16834e-05
5.00498e-05
3.40994e-05
5.03405e-05
-2.64949e-11
5.17704e-05
1.55297e-11
4.10524e-05
1.60831e-11
3.08094e-05
5.71405e-12
-4.95255e-12
-7.20923e-12
-3.08095e-05
-6.94098e-12
-4.10524e-05
6.52753e-12
-5.17704e-05
1.57599e-11
-5.03406e-05
1.58931e-11
-2.69707e-11
5.03405e-05
-3.40994e-05
5.17703e-05
-5.00498e-05
4.10524e-05
-0.000107723
3.08094e-05
-7.11987e-05
-4.60743e-12
-3.08095e-05
-3.08094e-05
-3.08095e-05
-4.10524e-05
-7.11987e-05
-5.17703e-05
-0.000107723
-5.03405e-05
-5.00498e-05
-3.40994e-05
5.16833e-05
-5.55293e-05
0.000115832
-8.82417e-05
0.000131333
-0.000134651
7.11987e-05
-0.000131333
-3.29713e-12
-4.10524e-05
-7.11987e-05
-4.10524e-05
-0.000131333
-0.000131333
-0.000115832
-0.000134651
-5.16833e-05
-8.82417e-05
-5.55293e-05
5.61013e-05
-5.41415e-05
8.48994e-05
-6.51432e-05
0.000134651
-8.48994e-05
0.000107723
-0.000115832
3.7331e-12
-5.17704e-05
-0.000107723
-5.17704e-05
-0.000134651
-0.000115832
-8.48994e-05
-8.48994e-05
-5.61013e-05
-6.51433e-05
-5.41415e-05
3.47848e-05
-3.16192e-05
6.51432e-05
-3.47848e-05
8.82418e-05
-5.61013e-05
5.00498e-05
-5.16833e-05
2.7548e-13
-5.03406e-05
-5.00498e-05
-5.03405e-05
-8.82418e-05
-5.16833e-05
-6.51433e-05
-5.61013e-05
-3.47848e-05
-3.47848e-05
-3.16192e-05
3.16192e-05
5.41415e-05
5.55293e-05
3.40994e-05
-7.26679e-12
-3.40994e-05
-5.55293e-05
-5.41415e-05
-3.16192e-05
)
;

boundaryField
{
    bottom
    {
        type            calculated;
        value           nonuniform List<scalar> 0();
    }
    atmosphere
    {
        type            calculated;
        value           nonuniform List<scalar> 
100
(
0.000371003
0.00036207
0.000249529
0.000139658
-0.00012759
-0.00012759
0.000139658
0.00024953
0.00036207
0.000371003
0.00036207
0.00036149
0.000280299
0.000254973
-0.000254948
-0.000254948
0.000254973
0.000280299
0.00036149
0.00036207
0.000249529
0.000280299
0.000151183
0.000181546
-0.00036332
-0.00036332
0.000181547
0.000151183
0.000280299
0.00024953
0.000139658
0.000254973
0.000181546
-1.2808e-05
-0.000649905
-0.000649905
-1.28077e-05
0.000181547
0.000254973
0.000139658
-0.00012759
-0.000254948
-0.00036332
-0.000649905
-0.00101549
-0.00101549
-0.000649905
-0.000363319
-0.000254948
-0.00012759
-0.00012759
-0.000254948
-0.00036332
-0.000649905
-0.00101549
-0.00101549
-0.000649905
-0.000363319
-0.000254948
-0.00012759
0.000139658
0.000254973
0.000181546
-1.28078e-05
-0.000649905
-0.000649905
-1.28075e-05
0.000181547
0.000254973
0.000139658
0.00024953
0.000280299
0.000151183
0.000181547
-0.000363319
-0.00036332
0.000181547
0.000151184
0.000280299
0.00024953
0.00036207
0.00036149
0.000280299
0.000254973
-0.000254948
-0.000254948
0.000254973
0.000280299
0.000361491
0.00036207
0.000371003
0.00036207
0.00024953
0.000139658
-0.00012759
-0.00012759
0.000139658
0.00024953
0.00036207
0.000371003
)
;
    }
    walls
    {
        type            calculated;
        value           uniform 0;
    }
    procBoundary1to0
    {
        type            processor;
        value           nonuniform List<scalar> 
100
(
-0.00197084
-0.00195855
-0.00188772
-0.00159077
-0.000844016
-0.000844016
-0.00159077
-0.00188772
-0.00195855
-0.00197084
-0.00195855
-0.00198145
-0.0019914
-0.00131594
0.00151931
0.00151931
-0.00131594
-0.0019914
-0.00198145
-0.00195855
-0.00188772
-0.0019914
-0.00166658
-0.000162169
0.00311386
0.00311386
-0.000162169
-0.00166658
-0.0019914
-0.00188772
-0.00159076
-0.00131594
-0.000162169
0.00184301
0.00435001
0.00435001
0.00184301
-0.00016217
-0.00131594
-0.00159077
-0.000844016
0.00151931
0.00311386
0.00435001
0.00531059
0.00531059
0.00435001
0.00311386
0.00151931
-0.000844017
-0.000844016
0.00151931
0.00311386
0.00435001
0.00531059
0.00531059
0.00435001
0.00311386
0.00151931
-0.000844017
-0.00159077
-0.00131594
-0.000162169
0.00184301
0.00435001
0.00435001
0.00184301
-0.000162169
-0.00131594
-0.00159077
-0.00188772
-0.0019914
-0.00166658
-0.00016217
0.00311386
0.00311386
-0.000162169
-0.00166658
-0.0019914
-0.00188772
-0.00195855
-0.00198145
-0.0019914
-0.00131594
0.00151931
0.00151931
-0.00131594
-0.0019914
-0.00198145
-0.00195855
-0.00197084
-0.00195855
-0.00188772
-0.00159077
-0.000844017
-0.000844017
-0.00159077
-0.00188772
-0.00195855
-0.00197084
)
;
    }
}


// ************************************************************************* //
