/*--------------------------------*- C++ -*----------------------------------*\
| =========                 |                                                 |
| \\      /  F ield         | OpenFOAM: The Open Source CFD Toolbox           |
|  \\    /   O peration     | Version:  2412                                  |
|   \\  /    A nd           | Website:  www.openfoam.com                      |
|    \\/     M anipulation  |                                                 |
\*---------------------------------------------------------------------------*/
FoamFile
{
    version     2.0;
    format      ascii;
    arch        "LSB;label=32;scalar=64";
    class       volScalarField;
    location    "0.58";
    object      p;
}
// * * * * * * * * * * * * * * * * * * * * * * * * * * * * * * * * * * * * * //

dimensions      [1 -1 -2 0 0 0 0];

internalField   nonuniform List<scalar> 
1000
(
-0.647419
-4.11505
-2.25776
-2.5887
-1.44703
-1.44679
-2.58621
-2.25638
-4.11402
-0.647176
-4.11526
-3.73036
-2.20788
-2.46047
-1.40612
-1.40619
-2.46122
-2.20799
-3.73023
-4.11493
-2.25809
-2.20794
-0.59422
-1.08333
-0.640552
-0.6406
-1.08334
-0.594134
-2.20795
-2.25764
-2.58929
-2.46053
-1.08344
-1.35311
-0.772091
-0.772127
-1.35313
-1.08348
-2.46079
-2.58848
-1.44734
-1.40637
-0.640732
-0.77219
-0.374057
-0.374101
-0.772207
-0.640751
-1.40641
-1.44735
-1.44705
-1.40655
-0.640896
-0.772331
-0.374245
-0.374283
-0.772327
-0.640893
-1.40657
-1.4471
-2.58577
-2.46189
-1.0837
-1.35343
-0.772415
-0.772428
-1.35343
-1.08371
-2.46197
-2.58552
-2.25635
-2.20845
-0.594495
-1.08385
-0.641067
-0.641097
-1.08383
-0.594388
-2.20841
-2.25622
-4.11411
-3.73063
-2.20837
-2.46132
-1.40678
-1.40683
-2.46194
-2.20845
-3.73052
-4.11398
-0.647528
-4.11524
-2.25788
-2.58854
-1.44771
-1.4475
-2.58644
-2.25672
-4.11434
-0.647326
-1.71171
-5.30929
-3.2495
-3.34816
-1.8899
-1.88954
-3.34755
-3.2488
-5.30885
-1.71132
-5.30941
-4.53582
-3.13909
-2.87247
-1.73236
-1.73241
-2.87271
-3.13918
-4.53575
-5.30931
-3.24973
-3.13915
-2.04702
-1.56278
-1.04261
-1.04262
-1.5628
-2.04698
-3.13916
-3.24952
-3.34845
-2.87259
-1.56287
-1.52418
-0.970733
-0.970754
-1.52419
-1.56291
-2.87269
-3.34829
-1.89021
-1.73257
-1.04277
-0.970816
-0.585435
-0.585459
-0.970816
-1.04278
-1.73261
-1.89021
-1.88974
-1.7327
-1.04287
-0.970925
-0.585568
-0.585587
-0.970913
-1.04286
-1.73272
-1.88982
-3.34772
-2.87314
-1.56311
-1.52445
-0.970988
-0.970995
-1.52444
-1.56313
-2.87318
-3.3477
-3.24895
-3.13957
-2.0473
-1.56322
-1.04303
-1.04303
-1.56321
-2.04725
-3.13955
-3.2489
-5.3091
-4.53611
-3.13952
-2.87306
-1.73291
-1.73294
-2.87325
-3.13958
-4.53605
-5.30908
-1.71156
-5.30964
-3.24979
-3.34855
-1.89046
-1.89016
-3.34804
-3.24919
-5.30925
-1.71129
-2.49318
-6.603
-4.21539
-3.92323
-2.11624
-2.11589
-3.92322
-4.21526
-6.6029
-2.49304
-6.60306
-5.84558
-4.17251
-3.21187
-1.9749
-1.97495
-3.21198
-4.17259
-5.84556
-6.60311
-4.2155
-4.17256
-2.90108
-1.91469
-1.29479
-1.29478
-1.91469
-2.90105
-4.17255
-4.21553
-3.92339
-3.21199
-1.91476
-1.60973
-1.05718
-1.0572
-1.60973
-1.91478
-3.21203
-3.92349
-2.11654
-1.97507
-1.29493
-1.05725
-0.685201
-0.685208
-1.05724
-1.29494
-1.97507
-2.1167
-2.11608
-1.97519
-1.295
-1.05734
-0.685286
-0.685288
-1.05733
-1.29499
-1.97518
-2.11632
-3.92354
-3.21231
-1.91495
-1.60994
-1.05739
-1.0574
-1.60993
-1.91495
-3.21232
-3.92362
-4.21557
-4.17293
-2.90133
-1.91504
-1.29515
-1.29513
-1.91502
-2.9013
-4.17291
-4.2156
-6.60323
-5.84589
-4.17286
-3.21232
-1.97533
-1.97537
-3.2124
-4.17293
-5.84585
-6.60331
-2.49333
-6.60346
-4.21583
-3.92378
-2.11688
-2.11659
-3.92376
-4.21571
-6.60337
-2.49325
-2.43199
-7.86874
-5.15976
-3.99923
-2.20155
-2.20143
-3.99912
-5.15967
-7.86864
-2.43199
-7.8688
-7.58523
-5.13073
-3.28971
-2.07725
-2.07729
-3.28974
-5.13079
-7.58523
-7.8689
-5.15984
-5.13077
-3.17469
-2.02944
-1.35604
-1.35603
-2.02942
-3.17466
-5.13075
-5.15986
-3.99939
-3.2898
-2.02949
-1.55902
-1.01851
-1.01851
-1.55902
-2.02949
-3.2898
-3.99949
-2.20169
-2.07738
-1.35615
-1.01856
-0.679966
-0.679971
-1.01855
-1.35612
-2.07729
-2.20135
-2.20157
-2.07749
-1.35621
-1.01863
-0.680035
-0.680035
-1.01861
-1.35617
-2.0774
-2.20126
-3.99935
-3.28999
-2.02964
-1.55919
-1.01867
-1.01867
-1.55917
-2.02962
-3.28997
-3.99946
-5.15994
-5.13107
-3.1749
-2.02971
-1.3563
-1.35629
-2.02968
-3.17488
-5.13104
-5.15999
-7.86892
-7.58552
-5.13102
-3.29004
-2.07752
-2.07755
-3.29006
-5.13107
-7.5855
-7.86907
-2.43228
-7.8692
-5.16013
-3.9997
-2.20159
-2.20149
-3.9996
-5.16008
-7.86914
-2.43233
-2.51313
-8.99232
-5.99503
-3.65524
-1.98259
-1.98275
-3.65516
-5.99492
-8.99218
-2.51328
-8.99239
-9.31736
-6.17201
-3.06969
-1.87909
-1.87911
-3.06968
-6.17203
-9.31734
-8.99257
-5.99509
-6.17204
-3.17463
-1.86935
-1.21992
-1.21992
-1.86933
-3.17461
-6.17201
-5.99509
-3.65536
-3.06976
-1.86939
-1.34964
-0.853987
-0.853988
-1.34963
-1.86937
-3.06972
-3.65532
-1.98259
-1.87918
-1.22
-0.854033
-0.563999
-0.563997
-0.854012
-1.21996
-1.87904
-1.98191
-1.98287
-1.87927
-1.22006
-0.854087
-0.564047
-0.56404
-0.854062
-1.22001
-1.87911
-1.98217
-3.65534
-3.06988
-1.8695
-1.34977
-0.854113
-0.85411
-1.34975
-1.86947
-3.06983
-3.65531
-5.99513
-6.17226
-3.17481
-1.86955
-1.22011
-1.22011
-1.86952
-3.17478
-6.17222
-5.99517
-8.99241
-9.3176
-6.17225
-3.06992
-1.87924
-1.87925
-3.06991
-6.17226
-9.31751
-8.99269
-2.51355
-8.99284
-5.99534
-3.65552
-1.98221
-1.98233
-3.65544
-5.99526
-8.99278
-2.51387
-2.85275
-8.14332
-5.84925
-2.87908
-1.37895
-1.37898
-2.87903
-5.84916
-8.14312
-2.85281
-8.1434
-10.1447
-6.60854
-2.51878
-1.289
-1.28898
-2.51875
-6.60851
-10.1446
-8.14374
-5.84931
-6.60856
-2.83577
-1.41031
-0.874735
-0.874735
-1.41029
-2.83574
-6.60853
-5.8493
-2.87917
-2.51884
-1.41035
-0.978262
-0.565989
-0.565986
-0.978243
-1.41031
-2.51878
-2.87908
-1.37901
-1.28908
-0.874804
-0.566026
-0.347748
-0.347745
-0.566002
-0.874758
-1.28894
-1.37873
-1.3791
-1.2891
-0.87485
-0.566067
-0.347789
-0.347784
-0.566041
-0.874796
-1.28896
-1.3788
-2.87918
-2.51892
-1.41043
-0.978365
-0.566088
-0.566081
-0.978337
-1.41039
-2.51885
-2.8791
-5.84934
-6.60871
-2.83591
-1.41047
-0.874884
-0.874877
-1.41043
-2.83587
-6.60864
-5.84935
-8.14334
-10.1448
-6.60873
-2.51895
-1.28911
-1.28909
-2.51892
-6.60867
-10.1444
-8.14386
-2.85301
-8.14398
-5.84951
-2.87926
-1.37892
-1.37894
-2.8792
-5.84943
-8.14395
-2.85319
0.245527
-4.60891
-3.98753
-1.72056
-0.621165
-0.621145
-1.7205
-3.98743
-4.60876
0.245613
-4.60896
-6.17339
-4.34432
-1.48844
-0.522114
-0.522105
-1.4884
-4.34425
-6.17328
-4.609
-3.98758
-4.34434
-1.7064
-0.721189
-0.366915
-0.366911
-0.721163
-1.70636
-4.3443
-3.98755
-1.72063
-1.48849
-0.721219
-0.493948
-0.193556
-0.193551
-0.493928
-0.721184
-1.48843
-1.72056
-0.621249
-0.522187
-0.366972
-0.193586
-0.0707991
-0.0707951
-0.193565
-0.366927
-0.52211
-0.621155
-0.621255
-0.52221
-0.367003
-0.193619
-0.070831
-0.0708252
-0.193594
-0.366952
-0.522124
-0.621157
-1.72063
-1.48854
-0.721286
-0.494029
-0.193635
-0.193628
-0.494001
-0.72124
-1.48847
-1.72056
-3.98759
-4.34441
-1.7065
-0.721311
-0.367032
-0.367021
-0.721274
-1.70644
-4.34431
-3.98755
-4.60891
-6.17345
-4.34446
-1.48857
-0.522237
-0.522219
-1.48853
-4.34433
-6.17323
-4.60897
0.245475
-4.60918
-3.98772
-1.72071
-0.621292
-0.621266
-1.72064
-3.98761
-4.60903
0.245575
6.42904
1.09784
-0.943595
-0.411883
0.0708794
0.0708913
-0.411834
-0.943507
1.09799
6.4292
1.09781
0.187734
-1.04678
-0.291549
0.164744
0.164748
-0.291516
-1.04672
0.187831
1.09786
-0.943633
-1.0468
-0.266371
-0.0471779
0.128449
0.128451
-0.0471561
-0.266337
-1.04676
-0.943586
-0.411939
-0.291592
-0.0472024
-0.0170599
0.166502
0.166507
-0.0170411
-0.0471717
-0.291539
-0.411882
0.0708059
0.164679
0.1284
0.166476
0.210567
0.210572
0.166495
0.128431
0.164728
0.0708699
0.0707931
0.164654
0.128372
0.16645
0.210542
0.210547
0.166472
0.128409
0.164709
0.0708611
-0.411944
-0.291626
-0.047259
-0.0171249
0.166437
0.166444
-0.0171001
-0.0472197
-0.29156
-0.411879
-0.943632
-1.04685
-0.266458
-0.0472779
0.128346
0.128354
-0.0472472
-0.266402
-1.04676
-0.943562
1.09787
0.187701
-1.04689
-0.291657
0.164624
0.164635
-0.29161
-1.04678
0.187863
1.09795
6.4291
1.09773
-0.943724
-0.412007
0.0707576
0.0707746
-0.411948
-0.943609
1.09791
6.42933
10.3817
4.6704
1.23614
0.634011
0.611468
0.611476
0.634047
1.2362
4.67049
10.3818
4.67038
3.55043
1.03731
0.648897
0.670224
0.670228
0.648922
1.03735
3.55048
4.67041
1.23611
1.03729
0.670012
0.47827
0.51184
0.511843
0.478288
0.670038
1.03732
1.23615
0.633965
0.648861
0.47825
0.390502
0.466512
0.466515
0.390518
0.478276
0.648899
0.634008
0.611405
0.670169
0.511799
0.466489
0.459038
0.459042
0.466506
0.511825
0.670206
0.611451
0.611393
0.670149
0.511776
0.466468
0.459017
0.459022
0.466486
0.511807
0.67019
0.611441
0.633952
0.648827
0.478201
0.390448
0.466457
0.466463
0.39047
0.478234
0.648874
0.634002
1.2361
1.03724
0.669935
0.478186
0.511755
0.511762
0.478211
0.669974
1.0373
1.23615
4.67038
3.55036
1.03721
0.648799
0.670119
0.670128
0.648833
1.03728
3.55043
4.67043
10.3817
4.67029
1.23603
0.633902
0.611357
0.611369
0.633947
1.23611
4.67041
10.3818
9.14049
5.20153
2.25063
1.22834
0.988062
0.988068
1.22837
2.25066
5.20157
9.14052
5.20152
4.06836
1.91259
1.16597
1.01501
1.01502
1.16599
1.91262
4.06837
5.20153
2.2506
1.91258
1.16236
0.846709
0.7896
0.789602
0.846722
1.16237
1.9126
2.25062
1.22831
1.16594
0.846692
0.702147
0.701296
0.701299
0.702161
0.846712
1.16597
1.22834
0.98801
1.01497
0.789565
0.701277
0.660321
0.660325
0.701291
0.789587
1.015
0.988048
0.987999
1.01495
0.789547
0.70126
0.660304
0.660309
0.701275
0.789572
1.01498
0.988038
1.22829
1.16591
0.84665
0.702102
0.70125
0.701255
0.702119
0.846675
1.16594
1.22832
2.25057
1.91252
1.16229
0.846638
0.789528
0.789534
0.846657
1.16232
1.91255
2.2506
5.20148
4.06827
1.9125
1.16588
1.01492
1.01493
1.1659
1.91254
4.06829
5.20149
9.14043
5.20143
2.25052
1.22825
0.987969
0.987977
1.22828
2.25057
5.20147
9.14046
)
;

boundaryField
{
    bottom
    {
        type            calculated;
        value           nonuniform List<scalar> 0();
    }
    atmosphere
    {
        type            calculated;
        value           nonuniform List<scalar> 0();
    }
    walls
    {
        type            calculated;
        value           nonuniform List<scalar> 
400
(
-0.647419
-4.11526
-2.25809
-2.58929
-1.44734
-1.44705
-2.58577
-2.25635
-4.11411
-0.647528
-1.71171
-5.30941
-3.24973
-3.34845
-1.89021
-1.88974
-3.34772
-3.24895
-5.3091
-1.71156
-2.49318
-6.60306
-4.2155
-3.92339
-2.11654
-2.11608
-3.92354
-4.21557
-6.60323
-2.49333
-2.43199
-7.8688
-5.15984
-3.99939
-2.20169
-2.20157
-3.99935
-5.15994
-7.86892
-2.43228
-2.51313
-8.99239
-5.99509
-3.65536
-1.98259
-1.98287
-3.65534
-5.99513
-8.99241
-2.51355
-2.85275
-8.1434
-5.84931
-2.87917
-1.37901
-1.3791
-2.87918
-5.84934
-8.14334
-2.85301
0.245527
-4.60896
-3.98758
-1.72063
-0.621249
-0.621255
-1.72063
-3.98759
-4.60891
0.245475
6.42904
1.09781
-0.943633
-0.411939
0.0708059
0.0707931
-0.411944
-0.943632
1.09787
6.4291
10.3817
4.67038
1.23611
0.633965
0.611405
0.611393
0.633952
1.2361
4.67038
10.3817
9.14049
5.20152
2.2506
1.22831
0.98801
0.987999
1.22829
2.25057
5.20148
9.14043
-0.647176
-4.11493
-2.25764
-2.58848
-1.44735
-1.4471
-2.58552
-2.25622
-4.11398
-0.647326
-1.71132
-5.30931
-3.24952
-3.34829
-1.89021
-1.88982
-3.3477
-3.2489
-5.30908
-1.71129
-2.49304
-6.60311
-4.21553
-3.92349
-2.1167
-2.11632
-3.92362
-4.2156
-6.60331
-2.49325
-2.43199
-7.8689
-5.15986
-3.99949
-2.20135
-2.20126
-3.99946
-5.15999
-7.86907
-2.43233
-2.51328
-8.99257
-5.99509
-3.65532
-1.98191
-1.98217
-3.65531
-5.99517
-8.99269
-2.51387
-2.85281
-8.14374
-5.8493
-2.87908
-1.37873
-1.3788
-2.8791
-5.84935
-8.14386
-2.85319
0.245613
-4.609
-3.98755
-1.72056
-0.621155
-0.621157
-1.72056
-3.98755
-4.60897
0.245575
6.4292
1.09786
-0.943586
-0.411882
0.0708699
0.0708611
-0.411879
-0.943562
1.09795
6.42933
10.3818
4.67041
1.23615
0.634008
0.611451
0.611441
0.634002
1.23615
4.67043
10.3818
9.14052
5.20153
2.25062
1.22834
0.988048
0.988038
1.22832
2.2506
5.20149
9.14046
-0.647419
-1.71171
-2.49318
-2.43199
-2.51313
-2.85275
0.245527
6.42904
10.3817
9.14049
-4.11505
-5.30929
-6.603
-7.86874
-8.99232
-8.14332
-4.60891
1.09784
4.6704
5.20153
-2.25776
-3.2495
-4.21539
-5.15976
-5.99503
-5.84925
-3.98753
-0.943595
1.23614
2.25063
-2.5887
-3.34816
-3.92323
-3.99923
-3.65524
-2.87908
-1.72056
-0.411883
0.634011
1.22834
-1.44703
-1.8899
-2.11624
-2.20155
-1.98259
-1.37895
-0.621165
0.0708794
0.611468
0.988062
-1.44679
-1.88954
-2.11589
-2.20143
-1.98275
-1.37898
-0.621145
0.0708913
0.611476
0.988068
-2.58621
-3.34755
-3.92322
-3.99912
-3.65516
-2.87903
-1.7205
-0.411834
0.634047
1.22837
-2.25638
-3.2488
-4.21526
-5.15967
-5.99492
-5.84916
-3.98743
-0.943507
1.2362
2.25066
-4.11402
-5.30885
-6.6029
-7.86864
-8.99218
-8.14312
-4.60876
1.09799
4.67049
5.20157
-0.647176
-1.71132
-2.49304
-2.43199
-2.51328
-2.85281
0.245613
6.4292
10.3818
9.14052
-0.647528
-1.71156
-2.49333
-2.43228
-2.51355
-2.85301
0.245475
6.4291
10.3817
9.14043
-4.11524
-5.30964
-6.60346
-7.8692
-8.99284
-8.14398
-4.60918
1.09773
4.67029
5.20143
-2.25788
-3.24979
-4.21583
-5.16013
-5.99534
-5.84951
-3.98772
-0.943724
1.23603
2.25052
-2.58854
-3.34855
-3.92378
-3.9997
-3.65552
-2.87926
-1.72071
-0.412007
0.633902
1.22825
-1.44771
-1.89046
-2.11688
-2.20159
-1.98221
-1.37892
-0.621292
0.0707576
0.611357
0.987969
-1.4475
-1.89016
-2.11659
-2.20149
-1.98233
-1.37894
-0.621266
0.0707746
0.611369
0.987977
-2.58644
-3.34804
-3.92376
-3.9996
-3.65544
-2.8792
-1.72064
-0.411948
0.633947
1.22828
-2.25672
-3.24919
-4.21571
-5.16008
-5.99526
-5.84943
-3.98761
-0.943609
1.23611
2.25057
-4.11434
-5.30925
-6.60337
-7.86914
-8.99278
-8.14395
-4.60903
1.09791
4.67041
5.20147
-0.647326
-1.71129
-2.49325
-2.43233
-2.51387
-2.85319
0.245575
6.42933
10.3818
9.14046
)
;
    }
    procBoundary0to1
    {
        type            processor;
        value           nonuniform List<scalar> 
100
(
6.71677
4.54306
2.43435
1.49767
1.20997
1.20998
1.49769
2.43438
4.54308
6.71678
4.54305
3.71855
2.11033
1.39865
1.20679
1.20679
1.39866
2.11035
3.71855
4.54306
2.43434
2.11032
1.3979
1.07096
0.970681
0.970683
1.07097
1.39791
2.11034
2.43435
1.49764
1.39863
1.07095
0.907152
0.862509
0.862512
0.907162
1.07096
1.39864
1.49766
1.20993
1.20675
0.970652
0.862493
0.804913
0.804916
0.862504
0.970669
1.20678
1.20996
1.20992
1.20674
0.970638
0.862479
0.804898
0.804902
0.862491
0.970657
1.20676
1.20995
1.49762
1.39859
1.07091
0.907114
0.86247
0.862474
0.907127
1.07093
1.39862
1.49764
2.4343
2.11027
1.39784
1.0709
0.970621
0.970625
1.07091
1.39786
2.11029
2.43432
4.543
3.71847
2.11025
1.39857
1.20672
1.20672
1.39859
2.11027
3.71848
4.543
6.7167
4.54297
2.43426
1.49759
1.20989
1.2099
1.49761
2.43429
4.54299
6.71672
)
;
    }
    procBoundary0to2
    {
        type            processor;
        value           nonuniform List<scalar> 
100
(
0.629286
-3.01252
-1.34407
-1.76589
-0.86328
-0.863386
-1.76511
-1.34468
-3.01143
0.629061
-3.01276
-2.98099
-1.48651
-2.05777
-1.01912
-1.01926
-2.0581
-1.48681
-2.98085
-3.01244
-1.34418
-1.48658
0.454067
-0.574199
-0.162376
-0.162463
-0.574279
0.454053
-1.48666
-1.34447
-1.7663
-2.05792
-0.574313
-1.11071
-0.46916
-0.469208
-1.11076
-0.574393
-2.05804
-1.7661
-0.863644
-1.01942
-0.162592
-0.469279
-0.0545193
-0.0545603
-0.469314
-0.162633
-1.01949
-0.863825
-0.863864
-1.0197
-0.162826
-0.469468
-0.0547261
-0.0547683
-0.469479
-0.162834
-1.01973
-0.864018
-1.76534
-2.05866
-0.574713
-1.11111
-0.469574
-0.4696
-1.11112
-0.574735
-2.05866
-1.76527
-1.3454
-1.4874
0.4536
-0.574842
-0.163011
-0.163071
-0.574867
0.453661
-1.48737
-1.34547
-3.01157
-2.98131
-1.48719
-2.05859
-1.01994
-1.02004
-2.05883
-1.48739
-2.98114
-3.01142
0.628491
-3.0128
-1.34505
-1.76648
-0.864292
-0.864384
-1.76578
-1.34546
-3.01182
0.628441
)
;
    }
}


// ************************************************************************* //
