/*--------------------------------*- C++ -*----------------------------------*\
| =========                 |                                                 |
| \\      /  F ield         | OpenFOAM: The Open Source CFD Toolbox           |
|  \\    /   O peration     | Version:  2412                                  |
|   \\  /    A nd           | Website:  www.openfoam.com                      |
|    \\/     M anipulation  |                                                 |
\*---------------------------------------------------------------------------*/
FoamFile
{
    version     2.0;
    format      ascii;
    arch        "LSB;label=32;scalar=64";
    class       volScalarField;
    location    "0.89";
    object      p;
}
// * * * * * * * * * * * * * * * * * * * * * * * * * * * * * * * * * * * * * //

dimensions      [1 -1 -2 0 0 0 0];

internalField   nonuniform List<scalar> 
1000
(
3.57618
2.22933
2.82843
2.81811
2.78432
2.78433
2.81805
2.82844
2.22933
3.57623
2.22933
2.18171
2.65688
2.66457
2.72328
2.72329
2.66456
2.65689
2.18171
2.22933
2.82843
2.65688
2.81383
2.68494
2.82474
2.82475
2.68492
2.8138
2.6569
2.82844
2.81812
2.66457
2.68495
2.67135
2.72043
2.72043
2.67136
2.68499
2.66458
2.81812
2.78432
2.72328
2.82474
2.72043
2.76424
2.76425
2.72043
2.82475
2.72329
2.78432
2.78433
2.72328
2.82475
2.72043
2.76425
2.76425
2.72043
2.82476
2.72329
2.78433
2.81801
2.66455
2.6849
2.67136
2.72043
2.72043
2.67136
2.68494
2.66456
2.81803
2.82844
2.65688
2.81379
2.68502
2.82476
2.82476
2.68499
2.81376
2.6569
2.82845
2.22933
2.18171
2.65691
2.66459
2.7233
2.7233
2.66458
2.65692
2.18171
2.22933
3.57624
2.22934
2.82845
2.81812
2.78433
2.78434
2.81807
2.82845
2.22934
3.57627
4.31133
2.01623
2.56901
2.54492
2.49285
2.49285
2.5449
2.56903
2.01624
4.31133
2.01622
1.93556
2.3824
2.36515
2.42832
2.42832
2.36515
2.38241
1.93557
2.01622
2.56901
2.3824
2.6393
2.40047
2.52792
2.52792
2.40046
2.63929
2.38242
2.56902
2.54492
2.36515
2.40048
2.3832
2.42675
2.42675
2.38321
2.40052
2.36516
2.54493
2.49285
2.42832
2.52792
2.42675
2.47006
2.47007
2.42675
2.52793
2.42833
2.49286
2.49285
2.42832
2.52792
2.42675
2.47007
2.47007
2.42676
2.52793
2.42833
2.49286
2.54489
2.36515
2.40045
2.38321
2.42675
2.42676
2.38321
2.40049
2.36516
2.5449
2.56904
2.3824
2.63929
2.40055
2.52794
2.52794
2.40054
2.63929
2.38242
2.56905
2.01624
1.93557
2.38243
2.36517
2.42833
2.42834
2.36517
2.38243
1.93558
2.01624
4.31133
2.01623
2.56903
2.54494
2.49287
2.49287
2.54492
2.56905
2.01624
4.31134
3.90141
1.7814
2.27643
2.20531
2.19381
2.19381
2.20533
2.27646
1.78142
3.90146
1.78139
1.68712
2.08268
2.07211
2.1325
2.1325
2.07212
2.08268
1.68713
1.78139
2.27643
2.08267
2.44505
2.14668
2.23065
2.23065
2.14668
2.44506
2.08268
2.27644
2.20531
2.07211
2.14669
2.09497
2.13522
2.13523
2.09498
2.14673
2.07212
2.20532
2.19381
2.1325
2.23065
2.13522
2.17493
2.17493
2.13522
2.23067
2.1325
2.19382
2.19381
2.1325
2.23066
2.13523
2.17493
2.17493
2.13523
2.23067
2.1325
2.19382
2.20534
2.07213
2.14668
2.09498
2.13523
2.13523
2.09499
2.14671
2.07213
2.20534
2.27647
2.08269
2.44507
2.14675
2.23067
2.23068
2.14674
2.44508
2.08269
2.27648
1.78142
1.68714
2.08268
2.07213
2.13251
2.13251
2.07214
2.08269
1.68714
1.78142
3.90148
1.7814
2.27645
2.20533
2.19382
2.19382
2.20534
2.27648
1.78142
3.90151
3.25823
1.53181
1.97427
1.84559
1.89108
1.89108
1.84561
1.9743
1.53182
3.25827
1.5318
1.41997
1.78039
1.78277
1.83741
1.83741
1.78278
1.78039
1.41998
1.5318
1.97427
1.78038
2.16238
1.86859
1.92784
1.92784
1.8686
2.16238
1.78038
1.97428
1.84559
1.78277
1.8686
1.80709
1.84205
1.84205
1.8071
1.86862
1.78278
1.8456
1.89108
1.83741
1.92784
1.84205
1.87874
1.87874
1.84205
1.92785
1.83741
1.89109
1.89108
1.83741
1.92784
1.84206
1.87875
1.87875
1.84206
1.92785
1.83741
1.89109
1.84562
1.78278
1.86859
1.8071
1.84205
1.84206
1.8071
1.86862
1.78279
1.84562
1.97431
1.7804
2.16239
1.86864
1.92786
1.92786
1.86863
2.16239
1.7804
1.97432
1.53183
1.41999
1.78038
1.78279
1.83742
1.83742
1.78279
1.78039
1.41999
1.53183
3.25829
1.53181
1.97429
1.8456
1.89109
1.89109
1.84562
1.97431
1.53182
3.25831
2.87952
1.26702
1.69537
1.52816
1.59087
1.59087
1.52816
1.69539
1.26703
2.8795
1.26702
1.15559
1.47257
1.49645
1.5422
1.5422
1.49646
1.47256
1.15559
1.26701
1.69537
1.47256
1.83273
1.5678
1.62376
1.62376
1.5678
1.83273
1.47255
1.69538
1.52816
1.49645
1.5678
1.51865
1.54852
1.54852
1.51865
1.56781
1.49646
1.52817
1.59087
1.54221
1.62376
1.54852
1.58178
1.58179
1.54852
1.62377
1.54221
1.59087
1.59087
1.5422
1.62376
1.54852
1.58179
1.58179
1.54852
1.62377
1.54221
1.59087
1.52817
1.49647
1.5678
1.51866
1.54852
1.54852
1.51866
1.56781
1.49647
1.52818
1.6954
1.47256
1.83273
1.56782
1.62378
1.62378
1.56782
1.83272
1.47256
1.69541
1.26703
1.1556
1.47255
1.49647
1.54221
1.54221
1.49648
1.47255
1.1556
1.26702
2.87949
1.26701
1.69539
1.52818
1.59088
1.59088
1.52818
1.6954
1.26702
2.87951
2.66676
0.997156
1.41535
1.24771
1.29315
1.29315
1.24772
1.41536
0.997155
2.66675
0.997153
0.884331
1.13111
1.20724
1.24393
1.24392
1.20724
1.13109
0.884332
0.997144
1.41534
1.13111
1.46323
1.26166
1.31771
1.31771
1.26166
1.46322
1.1311
1.41535
1.24771
1.20724
1.26166
1.22892
1.25417
1.25417
1.22892
1.26166
1.20724
1.24772
1.29315
1.24393
1.31771
1.25417
1.28461
1.28461
1.25417
1.31771
1.24393
1.29315
1.29315
1.24392
1.31771
1.25418
1.28461
1.28462
1.25418
1.31771
1.24393
1.29315
1.24772
1.20725
1.26165
1.22892
1.25418
1.25418
1.22892
1.26166
1.20725
1.24773
1.41536
1.13108
1.46321
1.26167
1.31772
1.31772
1.26167
1.4632
1.13108
1.41537
0.997154
0.884335
1.13109
1.20725
1.24393
1.24393
1.20725
1.13108
0.884331
0.997146
2.66675
0.997142
1.41536
1.24773
1.29316
1.29315
1.24773
1.41536
0.997142
2.66676
2.17485
0.748318
1.10046
0.962164
0.993463
0.993461
0.962167
1.10047
0.748314
2.17481
0.748316
0.66215
0.799881
0.915013
0.946176
0.946172
0.915014
0.799847
0.662156
0.748307
1.10046
0.799887
1.07874
0.957696
1.01035
1.01035
0.957696
1.07873
0.799874
1.10047
0.962162
0.915012
0.957696
0.937483
0.959692
0.959692
0.937486
0.957697
0.915014
0.962165
0.993464
0.946177
1.01035
0.959692
0.986234
0.986235
0.959693
1.01035
0.946178
0.993467
0.993461
0.946171
1.01035
0.959692
0.986236
0.986237
0.959694
1.01035
0.946174
0.993465
0.962166
0.915014
0.957695
0.937487
0.959693
0.959694
0.937489
0.957697
0.915016
0.962171
1.10047
0.799836
1.07872
0.9577
1.01036
1.01036
0.9577
1.07872
0.799834
1.10047
0.748313
0.662162
0.799866
0.915016
0.946179
0.946177
0.915018
0.799842
0.662161
0.748302
2.17479
0.748305
1.10047
0.962168
0.993469
0.993468
0.962173
1.10047
0.748299
2.17478
1.59163
0.475438
0.786719
0.656442
0.693826
0.693825
0.656444
0.786723
0.475438
1.59159
0.475436
0.4554
0.496682
0.607696
0.649711
0.649706
0.607698
0.496648
0.455412
0.475432
0.786718
0.496689
0.727678
0.657338
0.706044
0.706043
0.657337
0.727674
0.496676
0.78672
0.65644
0.607696
0.657337
0.644966
0.665817
0.665817
0.644967
0.657335
0.607696
0.656439
0.693826
0.649712
0.706044
0.665818
0.689319
0.689319
0.665818
0.706046
0.649712
0.693829
0.693825
0.649705
0.706043
0.665817
0.689319
0.68932
0.665818
0.706045
0.649707
0.693827
0.656442
0.607698
0.657336
0.644968
0.665818
0.665818
0.644969
0.657336
0.607698
0.656444
0.786724
0.496632
0.727669
0.657336
0.706047
0.706047
0.657336
0.727671
0.496632
0.786725
0.475439
0.455418
0.496668
0.607699
0.649712
0.649709
0.6077
0.496645
0.455422
0.475428
1.59157
0.475432
0.786721
0.65644
0.69383
0.69383
0.656446
0.786725
0.475425
1.59155
1.2515
0.301373
0.453115
0.332552
0.391991
0.391989
0.332555
0.453125
0.301371
1.25154
0.301369
0.363722
0.280403
0.305764
0.358432
0.358428
0.305766
0.280382
0.363741
0.301358
0.453113
0.280407
0.387824
0.363429
0.404256
0.404256
0.363429
0.387824
0.280399
0.453117
0.332551
0.305764
0.363429
0.352845
0.372988
0.372987
0.352847
0.363427
0.305766
0.332553
0.391991
0.358432
0.404256
0.372989
0.393097
0.393097
0.372989
0.404257
0.358432
0.391992
0.391989
0.358427
0.404255
0.372988
0.393097
0.393098
0.372988
0.404257
0.358428
0.391991
0.332555
0.305767
0.363429
0.352847
0.372989
0.372989
0.352848
0.363428
0.305766
0.332556
0.453129
0.280372
0.387821
0.363428
0.404258
0.404258
0.363428
0.387825
0.280371
0.453131
0.301371
0.363749
0.280395
0.305768
0.358433
0.35843
0.305768
0.28038
0.36376
0.30136
1.25158
0.301351
0.453119
0.332557
0.391993
0.391993
0.332559
0.453129
0.301352
1.25158
1.15782
0.0109919
0.266023
0.0945158
0.105958
0.105957
0.0945224
0.266032
0.0109882
1.15779
0.0109899
-0.0802054
0.0783627
0.0209972
0.0710793
0.0710771
0.0209992
0.0783566
-0.0802122
0.0109813
0.266023
0.0783641
0.21544
0.0929744
0.115879
0.115878
0.092975
0.215441
0.0783621
0.26603
0.0945152
0.020997
0.0929738
0.0632922
0.0830697
0.083069
0.0632931
0.0929734
0.020999
0.0945199
0.105958
0.0710801
0.115879
0.0830701
0.0996269
0.0996269
0.0830704
0.115879
0.0710803
0.105959
0.105957
0.0710763
0.115878
0.0830689
0.0996268
0.0996268
0.0830695
0.115879
0.0710773
0.105959
0.0945257
0.0210007
0.0929753
0.0632938
0.0830704
0.0830699
0.0632941
0.0929745
0.021001
0.0945261
0.266037
0.0783553
0.215442
0.0929736
0.11588
0.115879
0.0929741
0.215444
0.0783543
0.266042
0.0109852
-0.0802171
0.0783606
0.0209996
0.0710802
0.0710786
0.0209999
0.0783548
-0.0802156
0.0109843
1.15777
0.0109742
0.266033
0.0945232
0.10596
0.10596
0.0945258
0.26604
0.0109787
1.15777
)
;

boundaryField
{
    bottom
    {
        type            calculated;
        value           nonuniform List<scalar> 0();
    }
    atmosphere
    {
        type            calculated;
        value           nonuniform List<scalar> 
100
(
0
0
0
-0.0544677
-0.0500559
-0.050058
-0.0544567
0
0
0
0
0
0
-0.127759
-0.0756222
-0.0756257
-0.127757
0
0
0
0
0
-0.00316428
-0.055899
-0.0382118
-0.0382124
-0.0558975
-0.00316349
0
0
-0.0544664
-0.127759
-0.0558984
-0.081186
-0.0627151
-0.0627163
-0.0811849
-0.0558998
-0.127757
-0.0544642
-0.0500565
-0.075623
-0.038212
-0.0627155
-0.0479749
-0.0479751
-0.0627149
-0.0382116
-0.0756221
-0.0500547
-0.0500576
-0.0756249
-0.0382122
-0.0627162
-0.047975
-0.0479752
-0.0627155
-0.0382117
-0.0756236
-0.0500556
-0.0544597
-0.127757
-0.0558977
-0.0811853
-0.0627149
-0.0627159
-0.0811847
-0.0558992
-0.127757
-0.0544601
0
0
-0.00316372
-0.0558997
-0.0382117
-0.038212
-0.0558985
-0.00316314
0
0
0
0
0
-0.127757
-0.0756221
-0.0756249
-0.127757
0
0
0
0
0
0
-0.0544657
-0.0500551
-0.0500567
-0.0544577
0
0
0
)
;
    }
    walls
    {
        type            calculated;
        value           nonuniform List<scalar> 
400
(
3.57618
2.22933
2.82843
2.81812
2.78432
2.78433
2.81801
2.82844
2.22933
3.57624
4.31133
2.01622
2.56901
2.54492
2.49285
2.49285
2.54489
2.56904
2.01624
4.31133
3.90141
1.78139
2.27643
2.20531
2.19381
2.19381
2.20534
2.27647
1.78142
3.90148
3.25823
1.5318
1.97427
1.84559
1.89108
1.89108
1.84562
1.97431
1.53183
3.25829
2.87952
1.26702
1.69537
1.52816
1.59087
1.59087
1.52817
1.6954
1.26703
2.87949
2.66676
0.997153
1.41534
1.24771
1.29315
1.29315
1.24772
1.41536
0.997154
2.66675
2.17485
0.748316
1.10046
0.962162
0.993464
0.993461
0.962166
1.10047
0.748313
2.17479
1.59163
0.475436
0.786718
0.65644
0.693826
0.693825
0.656442
0.786724
0.475439
1.59157
1.2515
0.301369
0.453113
0.332551
0.391991
0.391989
0.332555
0.453129
0.301371
1.25158
1.15782
0.0109899
0.266023
0.0945152
0.105958
0.105957
0.0945257
0.266037
0.0109852
1.15777
3.57623
2.22933
2.82844
2.81812
2.78432
2.78433
2.81803
2.82845
2.22933
3.57627
4.31133
2.01622
2.56902
2.54493
2.49286
2.49286
2.5449
2.56905
2.01624
4.31134
3.90146
1.78139
2.27644
2.20532
2.19382
2.19382
2.20534
2.27648
1.78142
3.90151
3.25827
1.5318
1.97428
1.8456
1.89109
1.89109
1.84562
1.97432
1.53183
3.25831
2.8795
1.26701
1.69538
1.52817
1.59087
1.59087
1.52818
1.69541
1.26702
2.87951
2.66675
0.997144
1.41535
1.24772
1.29315
1.29315
1.24773
1.41537
0.997146
2.66676
2.17481
0.748307
1.10047
0.962165
0.993467
0.993465
0.962171
1.10047
0.748302
2.17478
1.59159
0.475432
0.78672
0.656439
0.693829
0.693827
0.656444
0.786725
0.475428
1.59155
1.25154
0.301358
0.453117
0.332553
0.391992
0.391991
0.332556
0.453131
0.30136
1.25158
1.15779
0.0109813
0.26603
0.0945199
0.105959
0.105959
0.0945261
0.266042
0.0109843
1.15777
3.57618
4.31133
3.90141
3.25823
2.87952
2.66676
2.17485
1.59163
1.2515
1.15782
2.22933
2.01623
1.7814
1.53181
1.26702
0.997156
0.748318
0.475438
0.301373
0.0109919
2.82843
2.56901
2.27643
1.97427
1.69537
1.41535
1.10046
0.786719
0.453115
0.266023
2.81811
2.54492
2.20531
1.84559
1.52816
1.24771
0.962164
0.656442
0.332552
0.0945158
2.78432
2.49285
2.19381
1.89108
1.59087
1.29315
0.993463
0.693826
0.391991
0.105958
2.78433
2.49285
2.19381
1.89108
1.59087
1.29315
0.993461
0.693825
0.391989
0.105957
2.81805
2.5449
2.20533
1.84561
1.52816
1.24772
0.962167
0.656444
0.332555
0.0945224
2.82844
2.56903
2.27646
1.9743
1.69539
1.41536
1.10047
0.786723
0.453125
0.266032
2.22933
2.01624
1.78142
1.53182
1.26703
0.997155
0.748314
0.475438
0.301371
0.0109882
3.57623
4.31133
3.90146
3.25827
2.8795
2.66675
2.17481
1.59159
1.25154
1.15779
3.57624
4.31133
3.90148
3.25829
2.87949
2.66675
2.17479
1.59157
1.25158
1.15777
2.22934
2.01623
1.7814
1.53181
1.26701
0.997142
0.748305
0.475432
0.301351
0.0109742
2.82845
2.56903
2.27645
1.97429
1.69539
1.41536
1.10047
0.786721
0.453119
0.266033
2.81812
2.54494
2.20533
1.8456
1.52818
1.24773
0.962168
0.65644
0.332557
0.0945232
2.78433
2.49287
2.19382
1.89109
1.59088
1.29316
0.993469
0.69383
0.391993
0.10596
2.78434
2.49287
2.19382
1.89109
1.59088
1.29315
0.993468
0.69383
0.391993
0.10596
2.81807
2.54492
2.20534
1.84562
1.52818
1.24773
0.962173
0.656446
0.332559
0.0945258
2.82845
2.56905
2.27648
1.97431
1.6954
1.41536
1.10047
0.786725
0.453129
0.26604
2.22934
2.01624
1.78142
1.53182
1.26702
0.997142
0.748299
0.475425
0.301352
0.0109787
3.57627
4.31134
3.90151
3.25831
2.87951
2.66676
2.17478
1.59155
1.25158
1.15777
)
;
    }
    procBoundary1to0
    {
        type            processor;
        value           nonuniform List<scalar> 
100
(
4.51077
2.47918
3.14669
3.04663
3.07739
3.0774
3.04657
3.1467
2.47917
4.51078
2.47918
2.45387
2.92978
2.9644
3.01817
3.01818
2.96439
2.92979
2.45386
2.47919
3.14669
2.92979
3.03355
3.00228
3.11756
3.11757
3.00227
3.03355
2.9298
3.1467
3.04663
2.9644
3.00228
2.96403
3.01344
3.01344
2.96403
3.00228
2.96441
3.04663
3.07738
3.01817
3.11756
3.01344
3.05787
3.05788
3.01344
3.11757
3.01818
3.07739
3.0774
3.01818
3.11758
3.01344
3.05788
3.05788
3.01344
3.11758
3.01818
3.07741
3.04653
2.96438
3.00227
2.96403
3.01344
3.01344
2.96403
3.00227
2.96438
3.04654
3.14669
2.9298
3.03355
3.00228
3.11758
3.11758
3.00227
3.03355
2.92981
3.1467
2.47916
2.45386
2.92981
2.96441
3.01819
3.01819
2.9644
2.92982
2.45385
2.47917
4.51079
2.47921
3.14671
3.04664
3.0774
3.07741
3.04659
3.14672
2.4792
4.51082
)
;
    }
}


// ************************************************************************* //
