/*--------------------------------*- C++ -*----------------------------------*\
| =========                 |                                                 |
| \\      /  F ield         | OpenFOAM: The Open Source CFD Toolbox           |
|  \\    /   O peration     | Version:  2412                                  |
|   \\  /    A nd           | Website:  www.openfoam.com                      |
|    \\/     M anipulation  |                                                 |
\*---------------------------------------------------------------------------*/
FoamFile
{
    version     2.0;
    format      ascii;
    arch        "LSB;label=32;scalar=64";
    class       volVectorField;
    location    "0.23";
    object      U;
}
// * * * * * * * * * * * * * * * * * * * * * * * * * * * * * * * * * * * * * //

dimensions      [0 1 -1 0 0 0 0];

internalField   nonuniform List<vector> 
1000
(
(0.00365381 0.00365381 0.750718)
(-0.0301432 0.00843319 0.782231)
(-0.0202603 -0.00533271 0.83843)
(-0.0885853 0.0155583 0.919562)
(-0.114789 -0.204776 0.914972)
(0.114789 -0.204776 0.914972)
(0.0885853 0.0155582 0.919562)
(0.0202603 -0.00533275 0.83843)
(0.0301432 0.00843317 0.782231)
(-0.00365381 0.0036538 0.750718)
(0.00843318 -0.0301432 0.782231)
(-0.0403825 -0.0403825 0.828096)
(-0.0209822 -0.0455553 0.917016)
(-0.256932 -0.0228437 0.838998)
(-0.186471 -0.150132 -0.377416)
(0.186471 -0.150132 -0.377416)
(0.256932 -0.0228436 0.838998)
(0.0209822 -0.0455553 0.917016)
(0.0403825 -0.0403825 0.828096)
(-0.00843318 -0.0301432 0.782231)
(-0.00533272 -0.0202603 0.83843)
(-0.0455553 -0.0209821 0.917016)
(0.00165761 0.00165773 0.927917)
(-0.160948 0.1659 -0.216196)
(-0.015076 -0.251853 -1.87912)
(0.015076 -0.251853 -1.87912)
(0.160948 0.1659 -0.216197)
(-0.00165764 0.0016575 0.927917)
(0.0455553 -0.0209822 0.917016)
(0.00533272 -0.0202604 0.83843)
(0.0155583 -0.0885853 0.919562)
(-0.0228436 -0.256932 0.838998)
(0.1659 -0.160948 -0.216197)
(0.00972943 0.00972936 -1.08111)
(0.0142969 -0.301455 -2.23208)
(-0.0142969 -0.301455 -2.23208)
(-0.00972933 0.00972988 -1.08111)
(-0.1659 -0.160948 -0.216197)
(0.0228438 -0.256932 0.838998)
(-0.0155582 -0.0885853 0.919562)
(-0.204776 -0.114789 0.914972)
(-0.150132 -0.186471 -0.377416)
(-0.251853 -0.015076 -1.87912)
(-0.301455 0.0142969 -2.23208)
(0.10091 0.10091 -2.53288)
(-0.10091 0.10091 -2.53288)
(0.301455 0.014297 -2.23208)
(0.251853 -0.015076 -1.87912)
(0.150132 -0.186471 -0.377416)
(0.204776 -0.114789 0.914972)
(-0.204776 0.114789 0.914972)
(-0.150132 0.186471 -0.377416)
(-0.251853 0.0150761 -1.87912)
(-0.301455 -0.0142969 -2.23208)
(0.10091 -0.10091 -2.53288)
(-0.10091 -0.10091 -2.53288)
(0.301455 -0.0142969 -2.23208)
(0.251853 0.015076 -1.87912)
(0.150132 0.186471 -0.377416)
(0.204776 0.114789 0.914972)
(0.0155582 0.0885853 0.919562)
(-0.0228436 0.256932 0.838998)
(0.1659 0.160948 -0.216197)
(0.00972989 -0.0097294 -1.08111)
(0.014297 0.301455 -2.23208)
(-0.014297 0.301455 -2.23208)
(-0.00972979 -0.00972992 -1.08111)
(-0.165899 0.160948 -0.216197)
(0.0228438 0.256932 0.838998)
(-0.0155582 0.0885853 0.919562)
(-0.00533276 0.0202603 0.83843)
(-0.0455553 0.0209822 0.917016)
(0.00165743 -0.0016577 0.927917)
(-0.160948 -0.1659 -0.216197)
(-0.015076 0.251853 -1.87912)
(0.015076 0.251853 -1.87912)
(0.160948 -0.165899 -0.216197)
(-0.00165746 -0.00165748 0.927917)
(0.0455554 0.0209823 0.917016)
(0.00533276 0.0202603 0.83843)
(0.00843316 0.0301432 0.782231)
(-0.0403825 0.0403825 0.828096)
(-0.0209823 0.0455553 0.917016)
(-0.256932 0.0228438 0.838998)
(-0.186471 0.150132 -0.377416)
(0.186471 0.150132 -0.377416)
(0.256932 0.0228438 0.838998)
(0.0209823 0.0455554 0.917016)
(0.0403825 0.0403825 0.828096)
(-0.00843316 0.0301433 0.782231)
(0.00365379 -0.00365382 0.750718)
(-0.0301432 -0.00843319 0.782231)
(-0.0202604 0.00533271 0.83843)
(-0.0885853 -0.0155582 0.919562)
(-0.114789 0.204776 0.914972)
(0.114789 0.204776 0.914972)
(0.0885853 -0.0155582 0.919562)
(0.0202604 0.00533275 0.83843)
(0.0301432 -0.00843317 0.782231)
(-0.0036538 -0.00365381 0.750718)
(0.0119307 0.0119307 0.756325)
(-0.00773036 0.0200033 0.787716)
(0.016974 0.0172335 0.852294)
(-0.0443736 0.0508848 0.930177)
(-0.09251 -0.119386 0.939888)
(0.09251 -0.119386 0.939888)
(0.0443736 0.0508848 0.930177)
(-0.016974 0.0172334 0.852294)
(0.00773037 0.0200032 0.787716)
(-0.0119307 0.0119306 0.756325)
(0.0200033 -0.00773034 0.787716)
(-0.00309133 -0.00309131 0.83459)
(0.0397132 0.0244277 0.948416)
(-0.15595 0.124644 0.825696)
(-0.0968975 -0.0553 -0.439823)
(0.0968975 -0.0553 -0.439823)
(0.15595 0.124644 0.825696)
(-0.0397131 0.0244277 0.948416)
(0.00309135 -0.00309132 0.83459)
(-0.0200033 -0.00773035 0.787716)
(0.0172334 0.016974 0.852294)
(0.0244277 0.0397132 0.948416)
(0.14925 0.14925 0.965245)
(-0.0235225 0.238301 -0.145507)
(0.0540691 -0.255029 -1.83735)
(-0.0540691 -0.255029 -1.83735)
(0.0235225 0.238301 -0.145508)
(-0.14925 0.14925 0.965245)
(-0.0244277 0.0397131 0.948416)
(-0.0172334 0.0169739 0.852294)
(0.0508848 -0.0443735 0.930177)
(0.124644 -0.15595 0.825696)
(0.238301 -0.0235224 -0.145507)
(-0.00491086 -0.00491096 -1.01918)
(0.135083 -0.277649 -2.34763)
(-0.135082 -0.277649 -2.34763)
(0.00491107 -0.00491126 -1.01918)
(-0.238301 -0.0235225 -0.145508)
(-0.124644 -0.15595 0.825696)
(-0.0508848 -0.0443736 0.930177)
(-0.119386 -0.09251 0.939888)
(-0.0553 -0.0968975 -0.439823)
(-0.255029 0.0540691 -1.83735)
(-0.277649 0.135083 -2.34763)
(0.127208 0.127208 -2.56254)
(-0.127208 0.127208 -2.56254)
(0.277649 0.135083 -2.34763)
(0.255029 0.0540692 -1.83735)
(0.0553001 -0.0968975 -0.439823)
(0.119386 -0.09251 0.939888)
(-0.119386 0.09251 0.939888)
(-0.0552999 0.0968975 -0.439823)
(-0.255029 -0.0540692 -1.83735)
(-0.277649 -0.135082 -2.34763)
(0.127208 -0.127208 -2.56254)
(-0.127208 -0.127208 -2.56254)
(0.277649 -0.135082 -2.34763)
(0.255029 -0.0540692 -1.83735)
(0.0553 0.0968975 -0.439823)
(0.119386 0.09251 0.939888)
(0.0508848 0.0443735 0.930177)
(0.124644 0.15595 0.825696)
(0.238301 0.0235225 -0.145508)
(-0.00491121 0.00491101 -1.01918)
(0.135083 0.277649 -2.34763)
(-0.135082 0.277649 -2.34763)
(0.00491141 0.0049113 -1.01919)
(-0.238301 0.0235226 -0.145508)
(-0.124644 0.15595 0.825696)
(-0.0508847 0.0443736 0.930177)
(0.0172334 -0.016974 0.852294)
(0.0244277 -0.0397132 0.948416)
(0.149249 -0.14925 0.965245)
(-0.0235226 -0.238301 -0.145508)
(0.0540692 0.255029 -1.83735)
(-0.0540692 0.255029 -1.83735)
(0.0235226 -0.238301 -0.145508)
(-0.149249 -0.149249 0.965245)
(-0.0244277 -0.0397131 0.948416)
(-0.0172334 -0.016974 0.852294)
(0.0200032 0.00773036 0.787716)
(-0.00309133 0.00309135 0.83459)
(0.0397131 -0.0244277 0.948416)
(-0.15595 -0.124644 0.825696)
(-0.0968975 0.0553001 -0.439823)
(0.0968975 0.0553001 -0.439823)
(0.15595 -0.124644 0.825696)
(-0.0397131 -0.0244277 0.948416)
(0.00309135 0.00309136 0.83459)
(-0.0200032 0.00773037 0.787716)
(0.0119306 -0.0119307 0.756325)
(-0.00773036 -0.0200033 0.787716)
(0.0169739 -0.0172334 0.852294)
(-0.0443736 -0.0508848 0.930177)
(-0.09251 0.119386 0.939888)
(0.09251 0.119386 0.939888)
(0.0443736 -0.0508847 0.930177)
(-0.0169739 -0.0172334 0.852294)
(0.00773037 -0.0200032 0.787716)
(-0.0119306 -0.0119306 0.756325)
(0.0198341 0.0198341 0.74617)
(0.0160639 0.0306613 0.772625)
(0.0532194 0.0420022 0.83603)
(0.00528522 0.0829668 0.894695)
(-0.064003 0.00290215 0.932896)
(0.064003 0.00290214 0.932896)
(-0.00528524 0.0829668 0.894695)
(-0.0532194 0.0420022 0.83603)
(-0.0160639 0.0306613 0.772625)
(-0.0198341 0.0198341 0.74617)
(0.0306613 0.0160639 0.772625)
(0.0379533 0.0379533 0.812416)
(0.10094 0.0907704 0.93216)
(-0.00837178 0.258014 0.79647)
(-0.0039549 0.0579545 -0.40383)
(0.00395493 0.0579545 -0.40383)
(0.00837176 0.258014 0.79647)
(-0.10094 0.0907704 0.93216)
(-0.0379533 0.0379533 0.812416)
(-0.0306613 0.0160639 0.772625)
(0.0420022 0.0532194 0.83603)
(0.0907704 0.10094 0.93216)
(0.273302 0.273302 0.95213)
(0.1426 0.335458 -0.0595298)
(0.165586 -0.192346 -1.75372)
(-0.165586 -0.192346 -1.75372)
(-0.1426 0.335458 -0.0595299)
(-0.273301 0.273301 0.95213)
(-0.0907704 0.10094 0.93216)
(-0.0420022 0.0532194 0.83603)
(0.0829669 0.00528528 0.894695)
(0.258014 -0.00837165 0.79647)
(0.335458 0.1426 -0.0595298)
(0.0587379 0.0587378 -0.976348)
(0.249329 -0.00136997 -2.39221)
(-0.249329 -0.00136995 -2.39221)
(-0.0587375 0.0587375 -0.976349)
(-0.335458 0.1426 -0.0595302)
(-0.258014 -0.00837172 0.79647)
(-0.0829668 0.00528525 0.894695)
(0.00290223 -0.064003 0.932896)
(0.0579545 -0.0039549 -0.40383)
(-0.192346 0.165586 -1.75372)
(-0.00136997 0.249329 -2.39221)
(0.0626997 0.0626997 -2.62242)
(-0.0626996 0.0626997 -2.62242)
(0.00137007 0.249329 -2.39221)
(0.192346 0.165586 -1.75372)
(-0.0579544 -0.00395486 -0.40383)
(-0.0029022 -0.064003 0.932896)
(0.00290216 0.0640029 0.932896)
(0.0579546 0.00395491 -0.40383)
(-0.192346 -0.165586 -1.75372)
(-0.00136988 -0.249329 -2.39221)
(0.0626997 -0.0626997 -2.62242)
(-0.0626997 -0.0626997 -2.62242)
(0.00136999 -0.249329 -2.39221)
(0.192346 -0.165586 -1.75372)
(-0.0579545 0.00395487 -0.40383)
(-0.00290212 0.0640029 0.932896)
(0.0829668 -0.00528526 0.894695)
(0.258014 0.00837173 0.79647)
(0.335458 -0.1426 -0.0595299)
(0.0587376 -0.0587376 -0.976349)
(0.249329 0.00137011 -2.39221)
(-0.249329 0.00137009 -2.39221)
(-0.0587372 -0.0587372 -0.976349)
(-0.335458 -0.1426 -0.0595302)
(-0.258014 0.0083718 0.79647)
(-0.0829668 -0.00528523 0.894695)
(0.0420021 -0.0532195 0.83603)
(0.0907704 -0.10094 0.93216)
(0.273301 -0.273302 0.95213)
(0.1426 -0.335458 -0.0595303)
(0.165586 0.192346 -1.75372)
(-0.165586 0.192346 -1.75372)
(-0.1426 -0.335458 -0.0595304)
(-0.273301 -0.273301 0.95213)
(-0.0907704 -0.10094 0.93216)
(-0.0420022 -0.0532194 0.83603)
(0.0306613 -0.0160639 0.772625)
(0.0379533 -0.0379532 0.812416)
(0.10094 -0.0907704 0.93216)
(-0.00837182 -0.258014 0.79647)
(-0.00395486 -0.0579544 -0.40383)
(0.00395489 -0.0579544 -0.40383)
(0.0083718 -0.258014 0.79647)
(-0.10094 -0.0907704 0.93216)
(-0.0379533 -0.0379532 0.812416)
(-0.0306613 -0.0160639 0.772625)
(0.0198341 -0.0198341 0.74617)
(0.0160639 -0.0306613 0.772625)
(0.0532194 -0.0420022 0.83603)
(0.00528522 -0.0829668 0.894695)
(-0.064003 -0.00290215 0.932896)
(0.064003 -0.00290214 0.932896)
(-0.00528523 -0.0829668 0.894695)
(-0.0532194 -0.0420022 0.83603)
(-0.0160639 -0.0306613 0.772625)
(-0.0198341 -0.0198341 0.74617)
(0.0261387 0.0261387 0.720478)
(0.0371517 0.0368886 0.738392)
(0.0818195 0.0624748 0.791938)
(0.0514692 0.103012 0.820873)
(-0.0312647 0.120201 0.876426)
(0.0312647 0.120201 0.876426)
(-0.0514692 0.103012 0.820873)
(-0.0818195 0.0624748 0.791938)
(-0.0371517 0.0368886 0.738392)
(-0.0261387 0.0261387 0.720478)
(0.0368886 0.0371517 0.738392)
(0.0740007 0.0740007 0.763599)
(0.144939 0.145957 0.869201)
(0.1351 0.346341 0.729443)
(0.075147 0.190896 -0.327697)
(-0.075147 0.190896 -0.327697)
(-0.1351 0.346341 0.729443)
(-0.144939 0.145957 0.869202)
(-0.0740007 0.0740007 0.763599)
(-0.0368886 0.0371517 0.738392)
(0.0624748 0.0818195 0.791938)
(0.145957 0.144939 0.869201)
(0.347724 0.347724 0.894246)
(0.320174 0.414381 0.0213425)
(0.260143 0.104898 -1.64351)
(-0.260143 0.104898 -1.64351)
(-0.320174 0.414381 0.0213425)
(-0.347724 0.347724 0.894246)
(-0.145957 0.144939 0.869202)
(-0.0624749 0.0818195 0.791938)
(0.103012 0.0514692 0.820873)
(0.346341 0.1351 0.729443)
(0.414381 0.320174 0.0213424)
(0.111718 0.111718 -0.93121)
(0.290296 0.209487 -2.31267)
(-0.290296 0.209487 -2.31267)
(-0.111718 0.111718 -0.93121)
(-0.414381 0.320174 0.0213421)
(-0.346341 0.1351 0.729443)
(-0.103012 0.0514692 0.820873)
(0.120201 -0.0312646 0.876426)
(0.190896 0.075147 -0.327697)
(0.104898 0.260144 -1.64351)
(0.209487 0.290296 -2.31267)
(0.0768422 0.0768422 -2.53856)
(-0.0768422 0.0768421 -2.53856)
(-0.209487 0.290296 -2.31267)
(-0.104898 0.260144 -1.64351)
(-0.190896 0.0751471 -0.327697)
(-0.120201 -0.0312646 0.876426)
(0.120201 0.0312646 0.876426)
(0.190896 -0.0751471 -0.327697)
(0.104898 -0.260144 -1.64351)
(0.209487 -0.290296 -2.31267)
(0.0768422 -0.0768422 -2.53856)
(-0.0768421 -0.0768422 -2.53856)
(-0.209487 -0.290296 -2.31267)
(-0.104898 -0.260144 -1.64351)
(-0.190896 -0.0751471 -0.327697)
(-0.120201 0.0312646 0.876426)
(0.103012 -0.0514692 0.820873)
(0.346341 -0.1351 0.729443)
(0.414381 -0.320174 0.0213426)
(0.111718 -0.111718 -0.93121)
(0.290296 -0.209487 -2.31267)
(-0.290296 -0.209487 -2.31267)
(-0.111718 -0.111718 -0.931211)
(-0.414381 -0.320174 0.0213423)
(-0.346341 -0.1351 0.729443)
(-0.103012 -0.0514692 0.820873)
(0.0624748 -0.0818195 0.791938)
(0.145957 -0.144939 0.869202)
(0.347724 -0.347725 0.894246)
(0.320174 -0.414381 0.021342)
(0.260144 -0.104898 -1.64351)
(-0.260144 -0.104898 -1.64351)
(-0.320174 -0.414381 0.021342)
(-0.347724 -0.347725 0.894246)
(-0.145957 -0.144939 0.869202)
(-0.0624748 -0.0818195 0.791938)
(0.0368886 -0.0371517 0.738392)
(0.0740007 -0.0740007 0.763599)
(0.144939 -0.145957 0.869202)
(0.1351 -0.346341 0.729443)
(0.0751472 -0.190896 -0.327697)
(-0.0751471 -0.190896 -0.327697)
(-0.1351 -0.346341 0.729443)
(-0.144939 -0.145957 0.869202)
(-0.0740007 -0.0740007 0.763599)
(-0.0368886 -0.0371517 0.738392)
(0.0261387 -0.0261387 0.720478)
(0.0371517 -0.0368886 0.738392)
(0.0818195 -0.0624749 0.791938)
(0.0514692 -0.103012 0.820873)
(-0.0312646 -0.120201 0.876426)
(0.0312646 -0.120201 0.876426)
(-0.0514692 -0.103012 0.820873)
(-0.0818195 -0.0624749 0.791938)
(-0.0371517 -0.0368886 0.738392)
(-0.0261387 -0.0261387 0.720478)
(0.0293985 0.0293985 0.683119)
(0.0526761 0.0390622 0.690112)
(0.0990093 0.0744232 0.727566)
(0.0838373 0.103018 0.723765)
(-0.00252597 0.203982 0.77779)
(0.00252598 0.203982 0.77779)
(-0.0838373 0.103019 0.723766)
(-0.0990093 0.0744232 0.727566)
(-0.0526761 0.0390622 0.690112)
(-0.0293985 0.0293985 0.683119)
(0.0390622 0.0526762 0.690112)
(0.0987302 0.0987303 0.698424)
(0.163567 0.180298 0.768762)
(0.229072 0.386475 0.640901)
(0.12602 0.294467 -0.259677)
(-0.12602 0.294467 -0.259677)
(-0.229072 0.386475 0.640901)
(-0.163567 0.180298 0.768762)
(-0.0987302 0.0987303 0.698424)
(-0.0390622 0.0526762 0.690112)
(0.0744232 0.0990093 0.727566)
(0.180298 0.163567 0.768762)
(0.386579 0.386579 0.794819)
(0.424538 0.408844 0.106613)
(0.321931 0.345547 -1.46734)
(-0.321931 0.345547 -1.46734)
(-0.424538 0.408845 0.106613)
(-0.386579 0.386579 0.794819)
(-0.180298 0.163567 0.768762)
(-0.0744232 0.0990093 0.727566)
(0.103018 0.0838374 0.723765)
(0.386475 0.229072 0.640901)
(0.408844 0.424538 0.106613)
(0.165126 0.165126 -0.884986)
(0.30358 0.299901 -2.16692)
(-0.30358 0.299901 -2.16692)
(-0.165126 0.165127 -0.884986)
(-0.408844 0.424538 0.106612)
(-0.386475 0.229072 0.640901)
(-0.103018 0.0838374 0.723766)
(0.203982 -0.00252597 0.77779)
(0.294468 0.12602 -0.259677)
(0.345548 0.321931 -1.46734)
(0.299901 0.30358 -2.16692)
(0.122124 0.122123 -2.33247)
(-0.122123 0.122123 -2.33247)
(-0.299901 0.30358 -2.16692)
(-0.345548 0.321931 -1.46734)
(-0.294467 0.12602 -0.259677)
(-0.203982 -0.00252597 0.77779)
(0.203982 0.00252593 0.77779)
(0.294467 -0.12602 -0.259677)
(0.345547 -0.321931 -1.46734)
(0.299901 -0.30358 -2.16692)
(0.122123 -0.122124 -2.33247)
(-0.122123 -0.122123 -2.33247)
(-0.299901 -0.30358 -2.16692)
(-0.345548 -0.321931 -1.46734)
(-0.294467 -0.12602 -0.259677)
(-0.203982 0.00252593 0.77779)
(0.103019 -0.0838373 0.723765)
(0.386475 -0.229072 0.640901)
(0.408845 -0.424538 0.106613)
(0.165127 -0.165126 -0.884986)
(0.30358 -0.299901 -2.16692)
(-0.30358 -0.299901 -2.16692)
(-0.165126 -0.165126 -0.884987)
(-0.408845 -0.424538 0.106613)
(-0.386475 -0.229072 0.640901)
(-0.103019 -0.0838373 0.723766)
(0.0744232 -0.0990093 0.727566)
(0.180298 -0.163567 0.768762)
(0.386579 -0.386579 0.794819)
(0.424538 -0.408844 0.106612)
(0.321931 -0.345548 -1.46734)
(-0.321931 -0.345548 -1.46734)
(-0.424538 -0.408844 0.106612)
(-0.386579 -0.386579 0.794819)
(-0.180298 -0.163567 0.768762)
(-0.0744232 -0.0990093 0.727566)
(0.0390622 -0.0526761 0.690112)
(0.0987303 -0.0987302 0.698424)
(0.163567 -0.180298 0.768762)
(0.229072 -0.386475 0.640901)
(0.12602 -0.294468 -0.259677)
(-0.12602 -0.294468 -0.259677)
(-0.229072 -0.386475 0.640901)
(-0.163567 -0.180298 0.768762)
(-0.0987303 -0.0987302 0.698424)
(-0.0390622 -0.0526762 0.690112)
(0.0293985 -0.0293985 0.683119)
(0.0526762 -0.0390622 0.690112)
(0.0990093 -0.0744232 0.727566)
(0.0838373 -0.103018 0.723766)
(-0.00252593 -0.203982 0.77779)
(0.00252594 -0.203982 0.77779)
(-0.0838374 -0.103019 0.723766)
(-0.0990093 -0.0744232 0.727566)
(-0.0526762 -0.0390622 0.690112)
(-0.0293985 -0.0293985 0.683119)
(0.0296704 0.0296704 0.638485)
(0.0609357 0.0369657 0.634624)
(0.10349 0.0751991 0.652736)
(0.0990664 0.0925679 0.622291)
(0.0192219 0.231121 0.657784)
(-0.0192219 0.231121 0.657784)
(-0.0990664 0.0925679 0.622291)
(-0.10349 0.0751991 0.652736)
(-0.0609357 0.0369657 0.634624)
(-0.0296704 0.0296704 0.638485)
(0.0369657 0.0609357 0.634624)
(0.108048 0.108048 0.629047)
(0.160344 0.190438 0.65497)
(0.264943 0.360762 0.556431)
(0.143494 0.342053 -0.203613)
(-0.143494 0.342053 -0.203613)
(-0.264943 0.360762 0.556431)
(-0.160344 0.190438 0.65497)
(-0.108048 0.108048 0.629047)
(-0.0369657 0.0609357 0.634624)
(0.0751991 0.10349 0.652736)
(0.190438 0.160344 0.65497)
(0.356222 0.356222 0.673254)
(0.447767 0.37897 0.158581)
(0.33211 0.446911 -1.25998)
(-0.33211 0.446911 -1.25998)
(-0.447767 0.37897 0.158581)
(-0.356222 0.356222 0.673254)
(-0.190438 0.160344 0.65497)
(-0.0751992 0.10349 0.652736)
(0.0925678 0.0990665 0.622291)
(0.360762 0.264943 0.556431)
(0.37897 0.447767 0.158581)
(0.294003 0.294003 -0.845812)
(0.307162 0.367661 -1.96963)
(-0.307162 0.367661 -1.96963)
(-0.294003 0.294003 -0.845812)
(-0.37897 0.447767 0.158581)
(-0.360762 0.264943 0.556431)
(-0.0925679 0.0990665 0.622291)
(0.231121 0.0192219 0.657784)
(0.342054 0.143494 -0.203613)
(0.446911 0.33211 -1.25998)
(0.367661 0.307162 -1.96963)
(0.137719 0.137719 -2.10948)
(-0.137719 0.137719 -2.10948)
(-0.367661 0.307162 -1.96963)
(-0.446911 0.33211 -1.25998)
(-0.342054 0.143494 -0.203613)
(-0.231121 0.0192219 0.657785)
(0.231121 -0.0192219 0.657784)
(0.342053 -0.143494 -0.203613)
(0.446911 -0.33211 -1.25998)
(0.367661 -0.307162 -1.96963)
(0.137719 -0.137719 -2.10948)
(-0.137719 -0.137719 -2.10948)
(-0.367661 -0.307162 -1.96963)
(-0.446911 -0.33211 -1.25998)
(-0.342053 -0.143494 -0.203613)
(-0.231121 -0.0192219 0.657784)
(0.0925679 -0.0990664 0.622291)
(0.360762 -0.264943 0.556431)
(0.378971 -0.447767 0.158581)
(0.294003 -0.294003 -0.845812)
(0.307162 -0.367661 -1.96963)
(-0.307162 -0.367661 -1.96963)
(-0.294003 -0.294003 -0.845813)
(-0.378971 -0.447767 0.158581)
(-0.360762 -0.264943 0.556431)
(-0.0925679 -0.0990664 0.622291)
(0.0751991 -0.10349 0.652736)
(0.190438 -0.160344 0.65497)
(0.356222 -0.356222 0.673254)
(0.447767 -0.37897 0.15858)
(0.33211 -0.446911 -1.25998)
(-0.33211 -0.446911 -1.25998)
(-0.447767 -0.37897 0.158581)
(-0.356223 -0.356222 0.673254)
(-0.190438 -0.160344 0.65497)
(-0.0751992 -0.10349 0.652736)
(0.0369657 -0.0609357 0.634624)
(0.108048 -0.108048 0.629047)
(0.160344 -0.190438 0.65497)
(0.264943 -0.360762 0.556431)
(0.143494 -0.342054 -0.203613)
(-0.143494 -0.342054 -0.203613)
(-0.264943 -0.360762 0.556431)
(-0.160344 -0.190438 0.65497)
(-0.108048 -0.108048 0.629047)
(-0.0369658 -0.0609357 0.634624)
(0.0296704 -0.0296704 0.638485)
(0.0609357 -0.0369658 0.634624)
(0.10349 -0.0751992 0.652736)
(0.0990665 -0.0925679 0.622291)
(0.0192219 -0.231121 0.657785)
(-0.0192219 -0.231121 0.657784)
(-0.0990665 -0.0925679 0.622291)
(-0.10349 -0.0751992 0.652736)
(-0.0609357 -0.0369658 0.634624)
(-0.0296704 -0.0296704 0.638485)
(0.0270798 0.0270798 0.593114)
(0.0611183 0.0322779 0.580388)
(0.0967353 0.0680814 0.579407)
(0.100401 0.0800463 0.534118)
(0.0304958 0.217986 0.541254)
(-0.0304958 0.217986 0.541254)
(-0.100401 0.0800464 0.534118)
(-0.0967353 0.0680814 0.579407)
(-0.0611183 0.0322779 0.580388)
(-0.0270798 0.0270798 0.593114)
(0.0322779 0.0611183 0.580388)
(0.103923 0.103923 0.566733)
(0.145467 0.180243 0.554355)
(0.257463 0.313101 0.483889)
(0.141051 0.36114 -0.148438)
(-0.141051 0.361139 -0.148438)
(-0.257463 0.313101 0.483889)
(-0.145467 0.180243 0.554355)
(-0.103923 0.103923 0.566733)
(-0.0322779 0.0611184 0.580388)
(0.0680814 0.0967353 0.579407)
(0.180243 0.145467 0.554355)
(0.300878 0.300878 0.55106)
(0.420698 0.352182 0.14749)
(0.293458 0.474647 -1.07766)
(-0.293458 0.474647 -1.07766)
(-0.420698 0.352182 0.14749)
(-0.300878 0.300879 0.55106)
(-0.180243 0.145467 0.554355)
(-0.0680814 0.0967354 0.579407)
(0.0800463 0.100401 0.534118)
(0.313101 0.257463 0.483889)
(0.352182 0.420699 0.14749)
(0.454663 0.454663 -0.816328)
(0.280129 0.39948 -1.70262)
(-0.280128 0.39948 -1.70262)
(-0.454663 0.454664 -0.816329)
(-0.352182 0.420699 0.14749)
(-0.313101 0.257463 0.483889)
(-0.0800463 0.100401 0.534118)
(0.217987 0.0304958 0.541254)
(0.36114 0.141051 -0.148438)
(0.474647 0.293458 -1.07766)
(0.39948 0.280129 -1.70262)
(0.137485 0.137485 -1.84162)
(-0.137485 0.137485 -1.84162)
(-0.39948 0.280129 -1.70262)
(-0.474647 0.293458 -1.07766)
(-0.36114 0.141051 -0.148438)
(-0.217987 0.0304958 0.541254)
(0.217986 -0.0304959 0.541254)
(0.361139 -0.141051 -0.148438)
(0.474647 -0.293458 -1.07766)
(0.39948 -0.280128 -1.70262)
(0.137485 -0.137485 -1.84162)
(-0.137485 -0.137485 -1.84162)
(-0.39948 -0.280128 -1.70262)
(-0.474647 -0.293458 -1.07766)
(-0.361139 -0.141051 -0.148438)
(-0.217987 -0.0304958 0.541254)
(0.0800464 -0.100401 0.534118)
(0.313101 -0.257463 0.483889)
(0.352182 -0.420698 0.14749)
(0.454664 -0.454663 -0.816329)
(0.280129 -0.39948 -1.70262)
(-0.280128 -0.39948 -1.70262)
(-0.454664 -0.454664 -0.816329)
(-0.352182 -0.420698 0.14749)
(-0.313101 -0.257463 0.483889)
(-0.0800464 -0.100401 0.534118)
(0.0680814 -0.0967354 0.579407)
(0.180243 -0.145467 0.554355)
(0.300879 -0.300878 0.55106)
(0.420699 -0.352182 0.14749)
(0.293458 -0.474647 -1.07766)
(-0.293458 -0.474647 -1.07766)
(-0.420698 -0.352182 0.14749)
(-0.300879 -0.300878 0.55106)
(-0.180243 -0.145467 0.554355)
(-0.0680814 -0.0967354 0.579407)
(0.0322779 -0.0611183 0.580388)
(0.103923 -0.103923 0.566733)
(0.145467 -0.180243 0.554355)
(0.257463 -0.313101 0.483889)
(0.141051 -0.36114 -0.148438)
(-0.141051 -0.36114 -0.148438)
(-0.257463 -0.313101 0.483889)
(-0.145467 -0.180243 0.554355)
(-0.103923 -0.103923 0.566733)
(-0.032278 -0.0611183 0.580388)
(0.0270798 -0.0270798 0.593114)
(0.0611184 -0.032278 0.580388)
(0.0967354 -0.0680814 0.579407)
(0.100401 -0.0800463 0.534118)
(0.0304958 -0.217987 0.541254)
(-0.0304958 -0.217987 0.541254)
(-0.100401 -0.0800464 0.534118)
(-0.0967354 -0.0680814 0.579407)
(-0.0611184 -0.032278 0.580388)
(-0.0270798 -0.0270798 0.593114)
(0.0226501 0.0226501 0.549846)
(0.0554377 0.0267423 0.530209)
(0.0835565 0.0562445 0.509414)
(0.0931888 0.0689738 0.454403)
(0.0362742 0.182922 0.428084)
(-0.0362742 0.182922 0.428084)
(-0.0931888 0.0689739 0.454403)
(-0.0835565 0.0562445 0.509414)
(-0.0554377 0.0267423 0.530209)
(-0.0226501 0.0226501 0.549846)
(0.0267423 0.0554377 0.530209)
(0.0906867 0.0906867 0.508485)
(0.126092 0.160868 0.465198)
(0.226613 0.258706 0.410794)
(0.12738 0.370144 -0.123165)
(-0.12738 0.370144 -0.123165)
(-0.226613 0.258706 0.410794)
(-0.126092 0.160868 0.465198)
(-0.0906867 0.0906868 0.508485)
(-0.0267423 0.0554377 0.530209)
(0.0562445 0.0835565 0.509414)
(0.160868 0.126092 0.465198)
(0.241727 0.241727 0.433273)
(0.386723 0.352905 0.0883808)
(0.208634 0.47626 -0.923388)
(-0.208634 0.47626 -0.923388)
(-0.386723 0.352905 0.0883808)
(-0.241727 0.241727 0.433273)
(-0.160868 0.126092 0.465198)
(-0.0562445 0.0835565 0.509414)
(0.0689738 0.0931889 0.454403)
(0.258706 0.226613 0.410794)
(0.352905 0.386723 0.0883808)
(0.498947 0.498947 -0.765209)
(0.210722 0.347527 -1.4302)
(-0.210722 0.347527 -1.4302)
(-0.498947 0.498948 -0.765209)
(-0.352905 0.386723 0.0883806)
(-0.258706 0.226613 0.410794)
(-0.0689738 0.0931889 0.454403)
(0.182922 0.0362742 0.428084)
(0.370145 0.12738 -0.123165)
(0.47626 0.208634 -0.923387)
(0.347527 0.210722 -1.4302)
(0.119104 0.119104 -1.57518)
(-0.119104 0.119104 -1.57518)
(-0.347527 0.210722 -1.4302)
(-0.47626 0.208634 -0.923387)
(-0.370145 0.12738 -0.123165)
(-0.182922 0.0362742 0.428084)
(0.182922 -0.0362743 0.428084)
(0.370144 -0.12738 -0.123165)
(0.47626 -0.208634 -0.923388)
(0.347527 -0.210722 -1.4302)
(0.119104 -0.119104 -1.57518)
(-0.119104 -0.119104 -1.57518)
(-0.347527 -0.210722 -1.4302)
(-0.47626 -0.208634 -0.923388)
(-0.370144 -0.12738 -0.123165)
(-0.182922 -0.0362743 0.428084)
(0.0689738 -0.0931888 0.454403)
(0.258706 -0.226613 0.410794)
(0.352905 -0.386723 0.0883808)
(0.498947 -0.498947 -0.765209)
(0.210722 -0.347527 -1.4302)
(-0.210722 -0.347527 -1.4302)
(-0.498947 -0.498947 -0.76521)
(-0.352905 -0.386723 0.0883807)
(-0.258706 -0.226613 0.410794)
(-0.0689739 -0.0931888 0.454403)
(0.0562446 -0.0835565 0.509414)
(0.160868 -0.126092 0.465198)
(0.241727 -0.241727 0.433273)
(0.386723 -0.352905 0.0883806)
(0.208634 -0.47626 -0.923387)
(-0.208634 -0.47626 -0.923387)
(-0.386723 -0.352905 0.0883806)
(-0.241727 -0.241727 0.433273)
(-0.160868 -0.126092 0.465198)
(-0.0562446 -0.0835565 0.509414)
(0.0267423 -0.0554377 0.530209)
(0.0906868 -0.0906867 0.508485)
(0.126092 -0.160868 0.465198)
(0.226613 -0.258706 0.410794)
(0.12738 -0.370145 -0.123165)
(-0.12738 -0.370145 -0.123165)
(-0.226613 -0.258706 0.410794)
(-0.126092 -0.160868 0.465198)
(-0.0906868 -0.0906867 0.508485)
(-0.0267423 -0.0554377 0.530209)
(0.0226501 -0.0226501 0.549846)
(0.0554377 -0.0267423 0.530209)
(0.0835565 -0.0562445 0.509414)
(0.0931889 -0.0689738 0.454403)
(0.0362743 -0.182922 0.428084)
(-0.0362743 -0.182922 0.428084)
(-0.0931889 -0.0689738 0.454403)
(-0.0835565 -0.0562446 0.509414)
(-0.0554377 -0.0267423 0.530209)
(-0.0226501 -0.0226501 0.549846)
(0.0169231 0.0169231 0.516497)
(0.0425173 0.0190314 0.491743)
(0.0640289 0.0413658 0.456293)
(0.0746616 0.0532793 0.391508)
(0.0314584 0.138923 0.332158)
(-0.0314584 0.138923 0.332158)
(-0.0746616 0.0532794 0.391508)
(-0.0640289 0.0413659 0.456293)
(-0.0425173 0.0190314 0.491743)
(-0.0169231 0.0169232 0.516497)
(0.0190314 0.0425173 0.491743)
(0.0684137 0.0684137 0.465798)
(0.0979222 0.125182 0.396334)
(0.178426 0.200016 0.343575)
(0.0927048 0.367672 -0.107939)
(-0.0927048 0.367672 -0.107939)
(-0.178426 0.200016 0.343575)
(-0.0979223 0.125182 0.396334)
(-0.0684137 0.0684137 0.465798)
(-0.0190314 0.0425173 0.491743)
(0.0413658 0.0640289 0.456293)
(0.125182 0.0979222 0.396334)
(0.180369 0.180369 0.34309)
(0.357572 0.343533 0.0234993)
(0.110794 0.337436 -0.765827)
(-0.110794 0.337436 -0.765827)
(-0.357572 0.343533 0.0234993)
(-0.180369 0.180369 0.34309)
(-0.125182 0.0979223 0.396334)
(-0.0413658 0.0640289 0.456293)
(0.0532793 0.0746617 0.391508)
(0.200016 0.178427 0.343575)
(0.343533 0.357572 0.0234994)
(0.416439 0.416439 -0.666842)
(0.132044 0.224613 -1.17269)
(-0.132044 0.224613 -1.17269)
(-0.416439 0.416439 -0.666843)
(-0.343533 0.357572 0.0234992)
(-0.200016 0.178427 0.343575)
(-0.0532793 0.0746617 0.391508)
(0.138923 0.0314584 0.332158)
(0.367672 0.0927049 -0.107939)
(0.337436 0.110794 -0.765826)
(0.224613 0.132044 -1.17269)
(0.0795503 0.0795502 -1.36896)
(-0.0795503 0.0795502 -1.36896)
(-0.224613 0.132044 -1.17269)
(-0.337436 0.110794 -0.765826)
(-0.367672 0.0927049 -0.107939)
(-0.138923 0.0314584 0.332158)
(0.138923 -0.0314584 0.332158)
(0.367672 -0.0927049 -0.107939)
(0.337436 -0.110794 -0.765827)
(0.224613 -0.132044 -1.17269)
(0.0795502 -0.0795503 -1.36896)
(-0.0795502 -0.0795503 -1.36896)
(-0.224613 -0.132044 -1.17269)
(-0.337436 -0.110794 -0.765827)
(-0.367672 -0.0927049 -0.107939)
(-0.138923 -0.0314584 0.332158)
(0.0532793 -0.0746616 0.391508)
(0.200016 -0.178426 0.343575)
(0.343533 -0.357572 0.0234994)
(0.416439 -0.416439 -0.666842)
(0.132044 -0.224613 -1.17269)
(-0.132044 -0.224613 -1.17269)
(-0.416439 -0.416439 -0.666843)
(-0.343533 -0.357572 0.0234992)
(-0.200016 -0.178426 0.343575)
(-0.0532794 -0.0746616 0.391508)
(0.0413659 -0.0640289 0.456293)
(0.125182 -0.0979223 0.396334)
(0.180369 -0.180369 0.34309)
(0.357572 -0.343533 0.0234992)
(0.110794 -0.337436 -0.765826)
(-0.110794 -0.337436 -0.765826)
(-0.357572 -0.343533 0.0234992)
(-0.180369 -0.180369 0.34309)
(-0.125182 -0.0979223 0.396334)
(-0.0413659 -0.0640289 0.456293)
(0.0190314 -0.0425173 0.491743)
(0.0684137 -0.0684137 0.465798)
(0.0979223 -0.125182 0.396334)
(0.178427 -0.200016 0.343575)
(0.0927049 -0.367672 -0.107939)
(-0.0927049 -0.367672 -0.107939)
(-0.178427 -0.200016 0.343575)
(-0.0979223 -0.125182 0.396334)
(-0.0684137 -0.0684137 0.465798)
(-0.0190314 -0.0425173 0.491743)
(0.0169232 -0.0169232 0.516497)
(0.0425173 -0.0190314 0.491743)
(0.0640289 -0.0413658 0.456293)
(0.0746617 -0.0532793 0.391508)
(0.0314584 -0.138923 0.332158)
(-0.0314584 -0.138923 0.332158)
(-0.0746617 -0.0532793 0.391508)
(-0.0640289 -0.0413659 0.456293)
(-0.0425173 -0.0190314 0.491743)
(-0.0169232 -0.0169232 0.516497)
(0.00810717 0.00810718 0.487778)
(0.0227113 0.00956308 0.459734)
(0.0331778 0.0170753 0.406421)
(0.0424289 0.0310396 0.338288)
(0.0224806 0.0560202 0.226849)
(-0.0224806 0.0560202 0.226849)
(-0.0424289 0.0310396 0.338288)
(-0.0331778 0.0170753 0.406421)
(-0.0227113 0.00956308 0.459734)
(-0.00810718 0.00810718 0.487778)
(0.00956308 0.0227113 0.459734)
(0.0320183 0.0320183 0.423668)
(0.0534358 0.0720733 0.3376)
(0.0832144 0.0866097 0.266336)
(0.0219963 0.225001 -0.08711)
(-0.0219963 0.225001 -0.08711)
(-0.0832144 0.0866097 0.266336)
(-0.0534358 0.0720733 0.3376)
(-0.0320183 0.0320183 0.423668)
(-0.00956308 0.0227113 0.459734)
(0.0170753 0.0331778 0.406421)
(0.0720733 0.0534358 0.3376)
(0.0786834 0.0786835 0.200782)
(0.231041 0.230234 0.00869644)
(0.0271555 0.11306 -0.593876)
(-0.0271555 0.11306 -0.593876)
(-0.231041 0.230234 0.00869643)
(-0.0786835 0.0786835 0.200782)
(-0.0720733 0.0534358 0.3376)
(-0.0170753 0.0331779 0.406421)
(0.0310396 0.0424289 0.338288)
(0.0866097 0.0832145 0.266336)
(0.230234 0.231041 0.00869646)
(0.139433 0.139433 -0.536614)
(0.0497156 0.0775361 -1.0288)
(-0.0497155 0.0775361 -1.0288)
(-0.139433 0.139433 -0.536614)
(-0.230234 0.231041 0.00869636)
(-0.0866097 0.0832145 0.266336)
(-0.0310396 0.0424289 0.338288)
(0.0560202 0.0224806 0.226849)
(0.225001 0.0219964 -0.0871098)
(0.11306 0.0271555 -0.593875)
(0.0775361 0.0497156 -1.0288)
(0.0267797 0.0267797 -1.265)
(-0.0267797 0.0267797 -1.265)
(-0.0775361 0.0497156 -1.0288)
(-0.11306 0.0271555 -0.593875)
(-0.225001 0.0219964 -0.0871098)
(-0.0560202 0.0224806 0.226849)
(0.0560202 -0.0224806 0.226849)
(0.225001 -0.0219963 -0.08711)
(0.11306 -0.0271555 -0.593876)
(0.0775361 -0.0497155 -1.0288)
(0.0267797 -0.0267797 -1.265)
(-0.0267797 -0.0267797 -1.265)
(-0.0775361 -0.0497155 -1.0288)
(-0.11306 -0.0271555 -0.593876)
(-0.225001 -0.0219963 -0.0871101)
(-0.0560202 -0.0224806 0.226849)
(0.0310396 -0.0424289 0.338288)
(0.0866097 -0.0832144 0.266336)
(0.230234 -0.231041 0.00869648)
(0.139433 -0.139433 -0.536614)
(0.0497155 -0.0775361 -1.0288)
(-0.0497155 -0.0775361 -1.0288)
(-0.139433 -0.139433 -0.536614)
(-0.230234 -0.231041 0.00869638)
(-0.0866097 -0.0832145 0.266336)
(-0.0310396 -0.0424289 0.338288)
(0.0170753 -0.0331778 0.406421)
(0.0720733 -0.0534358 0.3376)
(0.0786835 -0.0786834 0.200782)
(0.231041 -0.230234 0.00869636)
(0.0271555 -0.11306 -0.593875)
(-0.0271555 -0.11306 -0.593875)
(-0.231041 -0.230234 0.00869636)
(-0.0786835 -0.0786835 0.200782)
(-0.0720733 -0.0534358 0.3376)
(-0.0170753 -0.0331779 0.406421)
(0.00956308 -0.0227113 0.459734)
(0.0320183 -0.0320183 0.423668)
(0.0534358 -0.0720733 0.3376)
(0.0832145 -0.0866097 0.266336)
(0.0219964 -0.225001 -0.0871098)
(-0.0219964 -0.225001 -0.0871098)
(-0.0832145 -0.0866097 0.266336)
(-0.0534358 -0.0720733 0.3376)
(-0.0320183 -0.0320183 0.423668)
(-0.00956308 -0.0227113 0.459734)
(0.00810718 -0.00810718 0.487778)
(0.0227113 -0.00956308 0.459734)
(0.0331779 -0.0170753 0.406421)
(0.0424289 -0.0310396 0.338288)
(0.0224806 -0.0560202 0.226849)
(-0.0224806 -0.0560202 0.226849)
(-0.0424289 -0.0310396 0.338288)
(-0.0331779 -0.0170753 0.406421)
(-0.0227113 -0.00956308 0.459734)
(-0.00810718 -0.00810718 0.487778)
)
;

boundaryField
{
    bottom
    {
        type            noSlip;
    }
    atmosphere
    {
        type            pressureInletOutletVelocity;
        value           nonuniform List<vector> 
100
(
(0.00810717 0.00810718 0.487778)
(0.00956308 0.0227113 0.459734)
(0.0170753 0.0331778 0.406421)
(0.0310396 0.0424289 0.338288)
(0.0560202 0.0224806 0.226849)
(0.0560202 -0.0224806 0.226849)
(0.0310396 -0.0424289 0.338288)
(0.0170753 -0.0331778 0.406421)
(0.00956308 -0.0227113 0.459734)
(0.00810718 -0.00810718 0.487778)
(0.0227113 0.00956308 0.459734)
(0.0320183 0.0320183 0.423668)
(0.0720733 0.0534358 0.3376)
(0.0866097 0.0832145 0.266336)
(0 0 -0.0871098)
(0 0 -0.08711)
(0.0866097 -0.0832144 0.266336)
(0.0720733 -0.0534358 0.3376)
(0.0320183 -0.0320183 0.423668)
(0.0227113 -0.00956308 0.459734)
(0.0331778 0.0170753 0.406421)
(0.0534358 0.0720733 0.3376)
(0.0786834 0.0786835 0.200782)
(0.230234 0.231041 0.00869646)
(0 0 -0.593875)
(0 0 -0.593876)
(0.230234 -0.231041 0.00869648)
(0.0786835 -0.0786834 0.200782)
(0.0534358 -0.0720733 0.3376)
(0.0331779 -0.0170753 0.406421)
(0.0424289 0.0310396 0.338288)
(0.0832144 0.0866097 0.266336)
(0.231041 0.230234 0.00869644)
(0 0 -0.536614)
(0 0 -1.0288)
(0 0 -1.0288)
(0 0 -0.536614)
(0.231041 -0.230234 0.00869636)
(0.0832145 -0.0866097 0.266336)
(0.0424289 -0.0310396 0.338288)
(0.0224806 0.0560202 0.226849)
(0 0 -0.08711)
(0 0 -0.593876)
(0 0 -1.0288)
(0 0 -1.265)
(0 0 -1.265)
(0 0 -1.0288)
(0 0 -0.593875)
(0 0 -0.0871098)
(0.0224806 -0.0560202 0.226849)
(-0.0224806 0.0560202 0.226849)
(0 0 -0.08711)
(0 0 -0.593876)
(0 0 -1.0288)
(0 0 -1.265)
(0 0 -1.265)
(0 0 -1.0288)
(0 0 -0.593875)
(0 0 -0.0871098)
(-0.0224806 -0.0560202 0.226849)
(-0.0424289 0.0310396 0.338288)
(-0.0832144 0.0866097 0.266336)
(-0.231041 0.230234 0.00869643)
(0 0 -0.536614)
(0 0 -1.0288)
(0 0 -1.0288)
(0 0 -0.536614)
(-0.231041 -0.230234 0.00869636)
(-0.0832145 -0.0866097 0.266336)
(-0.0424289 -0.0310396 0.338288)
(-0.0331778 0.0170753 0.406421)
(-0.0534358 0.0720733 0.3376)
(-0.0786835 0.0786835 0.200782)
(-0.230234 0.231041 0.00869636)
(0 0 -0.593875)
(0 0 -0.593876)
(-0.230234 -0.231041 0.00869638)
(-0.0786835 -0.0786835 0.200782)
(-0.0534358 -0.0720733 0.3376)
(-0.0331779 -0.0170753 0.406421)
(-0.0227113 0.00956308 0.459734)
(-0.0320183 0.0320183 0.423668)
(-0.0720733 0.0534358 0.3376)
(-0.0866097 0.0832145 0.266336)
(0 0 -0.0871098)
(0 0 -0.0871101)
(-0.0866097 -0.0832145 0.266336)
(-0.0720733 -0.0534358 0.3376)
(-0.0320183 -0.0320183 0.423668)
(-0.0227113 -0.00956308 0.459734)
(-0.00810718 0.00810718 0.487778)
(-0.00956308 0.0227113 0.459734)
(-0.0170753 0.0331779 0.406421)
(-0.0310396 0.0424289 0.338288)
(-0.0560202 0.0224806 0.226849)
(-0.0560202 -0.0224806 0.226849)
(-0.0310396 -0.0424289 0.338288)
(-0.0170753 -0.0331779 0.406421)
(-0.00956308 -0.0227113 0.459734)
(-0.00810718 -0.00810718 0.487778)
)
;
    }
    walls
    {
        type            noSlip;
    }
    procBoundary1to0
    {
        type            processor;
        value           nonuniform List<vector> 
100
(
(-0.00365228 -0.00365228 0.731202)
(-0.0490785 -0.00188654 0.758774)
(-0.0515763 -0.0225201 0.79959)
(-0.116496 -0.0114471 0.870097)
(-0.120775 -0.231061 0.854256)
(0.120775 -0.231061 0.854256)
(0.116496 -0.0114471 0.870097)
(0.0515763 -0.0225201 0.79959)
(0.0490785 -0.00188656 0.758774)
(0.00365229 -0.00365229 0.731202)
(-0.00188654 -0.0490785 0.758774)
(-0.0689191 -0.0689191 0.797042)
(-0.0662216 -0.10648 0.85431)
(-0.292204 -0.145135 0.821451)
(-0.238985 -0.272771 -0.213342)
(0.238985 -0.272771 -0.213342)
(0.292203 -0.145135 0.821451)
(0.0662216 -0.10648 0.85431)
(0.0689191 -0.0689191 0.797042)
(0.00188655 -0.0490785 0.758774)
(-0.0225201 -0.0515763 0.79959)
(-0.10648 -0.0662216 0.85431)
(-0.1271 -0.1271 0.86112)
(-0.288675 0.107404 -0.169045)
(-0.0582648 -0.185862 -1.84997)
(0.0582649 -0.185862 -1.84997)
(0.288675 0.107403 -0.169045)
(0.1271 -0.1271 0.86112)
(0.10648 -0.0662217 0.85431)
(0.0225201 -0.0515763 0.79959)
(-0.0114471 -0.116496 0.870097)
(-0.145135 -0.292203 0.821451)
(0.107403 -0.288675 -0.169045)
(0.0343228 0.0343228 -1.17529)
(-0.0279507 -0.282866 -2.17852)
(0.0279507 -0.282866 -2.17852)
(-0.0343229 0.034324 -1.17529)
(-0.107403 -0.288675 -0.169045)
(0.145136 -0.292203 0.821451)
(0.0114471 -0.116496 0.870097)
(-0.231061 -0.120775 0.854256)
(-0.272771 -0.238985 -0.213342)
(-0.185862 -0.0582649 -1.84997)
(-0.282866 -0.0279507 -2.17852)
(-0.000841007 -0.000841002 -2.32577)
(0.000841047 -0.000840997 -2.32577)
(0.282866 -0.0279506 -2.17852)
(0.185862 -0.0582649 -1.84997)
(0.272771 -0.238985 -0.213342)
(0.231061 -0.120775 0.854256)
(-0.231061 0.120775 0.854256)
(-0.272771 0.238985 -0.213342)
(-0.185862 0.0582649 -1.84997)
(-0.282866 0.0279507 -2.17852)
(-0.00084099 0.000841044 -2.32577)
(0.000841029 0.000841039 -2.32577)
(0.282866 0.0279506 -2.17852)
(0.185862 0.0582649 -1.84997)
(0.272771 0.238985 -0.213342)
(0.231061 0.120775 0.854256)
(-0.0114471 0.116496 0.870097)
(-0.145135 0.292203 0.821451)
(0.107403 0.288675 -0.169045)
(0.0343239 -0.034323 -1.17529)
(-0.0279506 0.282866 -2.17852)
(0.0279506 0.282866 -2.17852)
(-0.0343241 -0.0343242 -1.17529)
(-0.107403 0.288675 -0.169045)
(0.145136 0.292203 0.821451)
(0.0114471 0.116496 0.870097)
(-0.0225201 0.0515762 0.79959)
(-0.10648 0.0662216 0.85431)
(-0.1271 0.1271 0.86112)
(-0.288675 -0.107403 -0.169045)
(-0.0582649 0.185862 -1.84997)
(0.058265 0.185862 -1.84997)
(0.288675 -0.107403 -0.169045)
(0.1271 0.1271 0.86112)
(0.10648 0.0662217 0.85431)
(0.0225201 0.0515763 0.79959)
(-0.00188656 0.0490785 0.758774)
(-0.0689191 0.0689191 0.797042)
(-0.0662217 0.10648 0.85431)
(-0.292204 0.145136 0.821451)
(-0.238985 0.272771 -0.213341)
(0.238985 0.272771 -0.213341)
(0.292203 0.145136 0.821451)
(0.0662217 0.10648 0.85431)
(0.0689191 0.0689192 0.797042)
(0.00188657 0.0490785 0.758774)
(-0.0036523 0.00365228 0.731202)
(-0.0490785 0.00188655 0.758774)
(-0.0515763 0.0225201 0.79959)
(-0.116496 0.0114471 0.870097)
(-0.120775 0.231061 0.854256)
(0.120775 0.231061 0.854256)
(0.116496 0.0114471 0.870097)
(0.0515763 0.0225201 0.79959)
(0.0490785 0.00188656 0.758774)
(0.0036523 0.0036523 0.731202)
)
;
    }
}


// ************************************************************************* //
