/*--------------------------------*- C++ -*----------------------------------*\
| =========                 |                                                 |
| \\      /  F ield         | OpenFOAM: The Open Source CFD Toolbox           |
|  \\    /   O peration     | Version:  2412                                  |
|   \\  /    A nd           | Website:  www.openfoam.com                      |
|    \\/     M anipulation  |                                                 |
\*---------------------------------------------------------------------------*/
FoamFile
{
    version     2.0;
    format      ascii;
    arch        "LSB;label=32;scalar=64";
    class       volScalarField;
    location    "0.25";
    object      p_rgh;
}
// * * * * * * * * * * * * * * * * * * * * * * * * * * * * * * * * * * * * * //

dimensions      [1 -1 -2 0 0 0 0];

internalField   nonuniform List<scalar> 
1000
(
11.9954
12.0146
12.0856
12.1284
12.2507
12.2507
12.1284
12.0856
12.0146
11.9954
12.0146
12.036
12.1227
12.193
12.5628
12.5628
12.193
12.1227
12.036
12.0146
12.0856
12.1227
12.327
12.7939
14.3388
14.3388
12.7939
12.327
12.1227
12.0856
12.1284
12.193
12.7939
15.3287
39.7716
39.7716
15.3287
12.7939
12.193
12.1284
12.2507
12.5628
14.3388
39.7716
2844.2
2844.2
39.7716
14.3388
12.5628
12.2507
12.2507
12.5628
14.3388
39.7716
2844.2
2844.2
39.7716
14.3388
12.5628
12.2507
12.1284
12.193
12.7939
15.3287
39.7716
39.7716
15.3287
12.7939
12.193
12.1284
12.0856
12.1227
12.327
12.7939
14.3388
14.3388
12.7939
12.327
12.1227
12.0856
12.0146
12.036
12.1227
12.193
12.5628
12.5628
12.193
12.1227
12.036
12.0146
11.9954
12.0146
12.0856
12.1284
12.2507
12.2507
12.1284
12.0856
12.0146
11.9954
11.7834
11.8016
11.8886
11.935
12.1108
12.1108
11.935
11.8886
11.8015
11.7834
11.8015
11.8214
11.9417
12.0145
12.4885
12.4885
12.0145
11.9417
11.8214
11.8015
11.8886
11.9417
12.2417
12.8483
14.9171
14.9171
12.8483
12.2417
11.9417
11.8886
11.935
12.0145
12.8483
16.2413
59.4557
59.4557
16.2413
12.8483
12.0145
11.935
12.1108
12.4885
14.9171
59.4557
5047.6
5047.6
59.4557
14.9171
12.4885
12.1108
12.1108
12.4885
14.9171
59.4557
5047.6
5047.6
59.4557
14.9171
12.4885
12.1108
11.935
12.0145
12.8483
16.2413
59.4557
59.4557
16.2413
12.8483
12.0145
11.935
11.8886
11.9417
12.2417
12.8483
14.9171
14.9171
12.8483
12.2417
11.9417
11.8886
11.8015
11.8214
11.9417
12.0145
12.4885
12.4885
12.0145
11.9417
11.8214
11.8015
11.7834
11.8015
11.8886
11.935
12.1108
12.1108
11.935
11.8886
11.8015
11.7834
11.5532
11.5676
11.6656
11.7087
11.9315
11.9315
11.7087
11.6656
11.5676
11.5532
11.5676
11.582
11.73
11.7975
12.3961
12.3961
11.7975
11.73
11.582
11.5676
11.6656
11.73
12.0983
12.8679
16.3024
16.3024
12.8679
12.0983
11.73
11.6656
11.7087
11.7975
12.8679
17.7416
94.5093
94.5093
17.7416
12.8679
11.7975
11.7087
11.9315
12.3961
16.3024
94.5094
5282.09
5282.09
94.5094
16.3024
12.3961
11.9315
11.9315
12.3961
16.3024
94.5093
5282.09
5282.09
94.5093
16.3024
12.3961
11.9315
11.7087
11.7975
12.8679
17.7416
94.5094
94.5094
17.7416
12.8679
11.7975
11.7087
11.6656
11.73
12.0983
12.8679
16.3024
16.3024
12.8679
12.0983
11.73
11.6656
11.5676
11.582
11.73
11.7975
12.3961
12.3961
11.7975
11.73
11.582
11.5676
11.5532
11.5676
11.6656
11.7087
11.9315
11.9315
11.7087
11.6656
11.5676
11.5532
11.3037
11.3105
11.4088
11.4404
11.6937
11.6937
11.4404
11.4088
11.3105
11.3037
11.3105
11.315
11.4788
11.5477
12.4269
12.4269
11.5477
11.4788
11.315
11.3105
11.4088
11.4788
11.8827
12.9589
18.8469
18.8469
12.9589
11.8827
11.4788
11.4088
11.4404
11.5477
12.9589
20.0064
144.615
144.615
20.0064
12.9589
11.5477
11.4404
11.6937
12.4269
18.8469
144.615
5515.48
5515.48
144.615
18.8469
12.4269
11.6937
11.6937
12.4269
18.8469
144.615
5515.48
5515.48
144.615
18.8469
12.4269
11.6937
11.4404
11.5477
12.9589
20.0064
144.615
144.615
20.0064
12.9589
11.5477
11.4404
11.4088
11.4788
11.8827
12.9589
18.8469
18.8469
12.9589
11.8827
11.4788
11.4088
11.3105
11.315
11.4788
11.5477
12.4269
12.4269
11.5477
11.4788
11.315
11.3105
11.3037
11.3105
11.4088
11.4404
11.6937
11.6937
11.4404
11.4088
11.3105
11.3037
11.0363
11.0309
11.1153
11.1259
11.409
11.409
11.1259
11.1153
11.0309
11.0363
11.0309
11.0199
11.1859
11.2711
12.6749
12.6749
11.2711
11.1859
11.0199
11.0309
11.1153
11.1859
11.6215
13.2425
23.1485
23.1485
13.2425
11.6215
11.1859
11.1153
11.1259
11.2711
13.2425
23.6718
213.244
213.244
23.6718
13.2425
11.2711
11.1259
11.409
12.6749
23.1485
213.245
5735.88
5735.88
213.245
23.1485
12.6749
11.409
11.409
12.6749
23.1485
213.244
5735.88
5735.88
213.244
23.1485
12.6749
11.409
11.1259
11.2711
13.2425
23.6718
213.245
213.244
23.6719
13.2425
11.2711
11.1259
11.1153
11.1859
11.6215
13.2425
23.1485
23.1485
13.2425
11.6215
11.1859
11.1153
11.0309
11.0199
11.1859
11.2711
12.6749
12.6749
11.2711
11.1859
11.0199
11.0309
11.0363
11.0309
11.1153
11.1259
11.409
11.409
11.1259
11.1153
11.0309
11.0363
10.7554
10.7322
10.7865
10.7606
11.0861
11.0861
10.7606
10.7865
10.7322
10.7554
10.7322
10.6976
10.8498
10.9604
13.1937
13.1937
10.9604
10.8498
10.6976
10.7322
10.7865
10.8498
11.3291
13.8074
31.9627
31.9627
13.8074
11.3291
10.8498
10.7865
10.7606
10.9604
13.8074
29.0664
319.307
319.307
29.0664
13.8074
10.9604
10.7606
11.0861
13.1937
31.9627
319.307
5858.92
5858.92
319.307
31.9627
13.1937
11.0861
11.0861
13.1937
31.9627
319.307
5858.92
5858.92
319.307
31.9627
13.1937
11.0861
10.7606
10.9604
13.8074
29.0664
319.307
319.307
29.0664
13.8074
10.9604
10.7606
10.7865
10.8498
11.3291
13.8074
31.9627
31.9627
13.8074
11.3291
10.8498
10.7865
10.7322
10.6976
10.8498
10.9604
13.1937
13.1937
10.9604
10.8498
10.6976
10.7322
10.7554
10.7322
10.7865
10.7606
11.0861
11.0861
10.7606
10.7865
10.7322
10.7554
10.4689
10.4223
10.4282
10.3426
10.7124
10.7124
10.3426
10.4282
10.4223
10.4689
10.4223
10.3538
10.4658
10.6191
14.1455
14.1455
10.6191
10.4658
10.3538
10.4223
10.4282
10.4658
10.9894
14.7505
51.989
51.989
14.7505
10.9894
10.4658
10.4282
10.3426
10.6191
14.7505
34.2483
485.965
485.965
34.2483
14.7505
10.6191
10.3426
10.7124
14.1455
51.989
485.965
5672.49
5672.49
485.965
51.989
14.1455
10.7124
10.7124
14.1455
51.989
485.965
5672.49
5672.49
485.965
51.989
14.1455
10.7124
10.3426
10.6191
14.7505
34.2483
485.965
485.965
34.2483
14.7505
10.6191
10.3426
10.4282
10.4658
10.9894
14.7505
51.989
51.989
14.7505
10.9894
10.4658
10.4282
10.4223
10.3538
10.4658
10.6191
14.1455
14.1455
10.6191
10.4658
10.3538
10.4223
10.4689
10.4223
10.4282
10.3426
10.7124
10.7124
10.3426
10.4282
10.4223
10.4689
10.1889
10.1141
10.0558
9.89293
10.3076
10.3076
9.89293
10.0558
10.1141
10.1889
10.1141
10.0041
10.0409
10.2645
15.8947
15.8947
10.2645
10.0409
10.0041
10.1141
10.0558
10.0409
10.6027
16.0959
87.618
87.618
16.0959
10.6027
10.0409
10.0558
9.89293
10.2645
16.0959
34.8401
654.708
654.708
34.8401
16.0959
10.2645
9.89293
10.3076
15.8947
87.6181
654.708
3485.78
3485.78
654.708
87.618
15.8947
10.3076
10.3076
15.8947
87.618
654.708
3485.78
3485.78
654.708
87.618
15.8947
10.3076
9.89293
10.2645
16.0959
34.8401
654.708
654.708
34.84
16.0959
10.2645
9.89293
10.0558
10.0409
10.6026
16.0959
87.618
87.618
16.0959
10.6026
10.0409
10.0558
10.1141
10.0041
10.0409
10.2645
15.8947
15.8947
10.2645
10.0409
10.0041
10.1141
10.1889
10.1141
10.0558
9.89293
10.3076
10.3076
9.89293
10.0558
10.1141
10.1889
9.93056
9.82701
9.69937
9.45987
9.95163
9.95163
9.45987
9.69937
9.82701
9.93056
9.82701
9.6756
9.60433
9.94286
18.5993
18.5993
9.94286
9.60433
9.6756
9.82701
9.69937
9.60433
10.2103
17.3591
130.212
130.212
17.3591
10.2103
9.60433
9.69937
9.45987
9.94286
17.3591
29.7272
465.034
465.034
29.7271
17.3591
9.94286
9.45987
9.95163
18.5993
130.212
465.034
137.49
137.49
465.034
130.212
18.5993
9.95163
9.95163
18.5993
130.212
465.034
137.49
137.49
465.034
130.212
18.5993
9.95163
9.45987
9.94286
17.3591
29.7271
465.034
465.034
29.727
17.3591
9.94286
9.45987
9.69937
9.60433
10.2103
17.3591
130.212
130.212
17.3591
10.2103
9.60433
9.69937
9.82701
9.6756
9.60433
9.94286
18.5993
18.5993
9.94286
9.60433
9.6756
9.82701
9.93056
9.82701
9.69937
9.45987
9.95163
9.95163
9.45987
9.69937
9.82701
9.93056
9.7111
9.58467
9.40423
9.10887
9.68032
9.68032
9.10887
9.40423
9.58467
9.7111
9.58467
9.39975
9.22372
9.74794
21.593
21.593
9.74795
9.22372
9.39975
9.58467
9.40423
9.22372
9.8291
17.2979
137.994
137.994
17.2979
9.8291
9.22372
9.40423
9.10887
9.74794
17.2979
24.6908
88.9792
88.9792
24.6908
17.2979
9.74794
9.10887
9.68032
21.593
137.994
88.9791
12.7521
12.7521
88.9792
137.994
21.593
9.68032
9.68032
21.593
137.994
88.9792
12.7521
12.7521
88.9792
137.994
21.593
9.68032
9.10887
9.74794
17.2979
24.6908
88.9792
88.9792
24.6908
17.2979
9.74794
9.10887
9.40423
9.22372
9.8291
17.2979
137.994
137.994
17.2979
9.8291
9.22372
9.40423
9.58467
9.39975
9.22372
9.74794
21.593
21.593
9.74794
9.22372
9.39975
9.58467
9.7111
9.58467
9.40423
9.10887
9.68032
9.68032
9.10887
9.40423
9.58467
9.7111
)
;

boundaryField
{
    bottom
    {
        type            fixedFluxPressure;
        gradient        nonuniform List<scalar> 0();
        value           nonuniform List<scalar> 0();
    }
    atmosphere
    {
        type            prghTotalPressure;
        p0              nonuniform List<scalar> 0();
        value           nonuniform List<scalar> 0();
    }
    walls
    {
        type            fixedFluxPressure;
        gradient        uniform 0;
        value           nonuniform List<scalar> 
400
(
11.9954
12.0146
12.0856
12.1284
12.2507
12.2507
12.1284
12.0856
12.0146
11.9954
11.7834
11.8015
11.8886
11.935
12.1108
12.1108
11.935
11.8886
11.8015
11.7834
11.5532
11.5676
11.6656
11.7087
11.9315
11.9315
11.7087
11.6656
11.5676
11.5532
11.3037
11.3105
11.4088
11.4404
11.6937
11.6937
11.4404
11.4088
11.3105
11.3037
11.0363
11.0309
11.1153
11.1259
11.409
11.409
11.1259
11.1153
11.0309
11.0363
10.7554
10.7322
10.7865
10.7606
11.0861
11.0861
10.7606
10.7865
10.7322
10.7554
10.4689
10.4223
10.4282
10.3426
10.7124
10.7124
10.3426
10.4282
10.4223
10.4689
10.1889
10.1141
10.0558
9.89293
10.3076
10.3076
9.89293
10.0558
10.1141
10.1889
9.93056
9.82701
9.69937
9.45987
9.95163
9.95163
9.45987
9.69937
9.82701
9.93056
9.7111
9.58467
9.40423
9.10887
9.68032
9.68032
9.10887
9.40423
9.58467
9.7111
11.9954
12.0146
12.0856
12.1284
12.2507
12.2507
12.1284
12.0856
12.0146
11.9954
11.7834
11.8015
11.8886
11.935
12.1108
12.1108
11.935
11.8886
11.8015
11.7834
11.5532
11.5676
11.6656
11.7087
11.9315
11.9315
11.7087
11.6656
11.5676
11.5532
11.3037
11.3105
11.4088
11.4404
11.6937
11.6937
11.4404
11.4088
11.3105
11.3037
11.0363
11.0309
11.1153
11.1259
11.409
11.409
11.1259
11.1153
11.0309
11.0363
10.7554
10.7322
10.7865
10.7606
11.0861
11.0861
10.7606
10.7865
10.7322
10.7554
10.4689
10.4223
10.4282
10.3426
10.7124
10.7124
10.3426
10.4282
10.4223
10.4689
10.1889
10.1141
10.0558
9.89293
10.3076
10.3076
9.89293
10.0558
10.1141
10.1889
9.93056
9.82701
9.69937
9.45987
9.95163
9.95163
9.45987
9.69937
9.82701
9.93056
9.7111
9.58467
9.40423
9.10887
9.68032
9.68032
9.10887
9.40423
9.58467
9.7111
11.9954
11.7834
11.5532
11.3037
11.0363
10.7554
10.4689
10.1889
9.93056
9.7111
12.0146
11.8016
11.5676
11.3105
11.0309
10.7322
10.4223
10.1141
9.82701
9.58467
12.0856
11.8886
11.6656
11.4088
11.1153
10.7865
10.4282
10.0558
9.69937
9.40423
12.1284
11.935
11.7087
11.4404
11.1259
10.7606
10.3426
9.89293
9.45987
9.10887
12.2507
12.1108
11.9315
11.6937
11.409
11.0861
10.7124
10.3076
9.95163
9.68032
12.2507
12.1108
11.9315
11.6937
11.409
11.0861
10.7124
10.3076
9.95163
9.68032
12.1284
11.935
11.7087
11.4404
11.1259
10.7606
10.3426
9.89293
9.45987
9.10887
12.0856
11.8886
11.6656
11.4088
11.1153
10.7865
10.4282
10.0558
9.69937
9.40423
12.0146
11.8015
11.5676
11.3105
11.0309
10.7322
10.4223
10.1141
9.82701
9.58467
11.9954
11.7834
11.5532
11.3037
11.0363
10.7554
10.4689
10.1889
9.93056
9.7111
11.9954
11.7834
11.5532
11.3037
11.0363
10.7554
10.4689
10.1889
9.93056
9.7111
12.0146
11.8015
11.5676
11.3105
11.0309
10.7322
10.4223
10.1141
9.82701
9.58467
12.0856
11.8886
11.6656
11.4088
11.1153
10.7865
10.4282
10.0558
9.69937
9.40423
12.1284
11.935
11.7087
11.4404
11.1259
10.7606
10.3426
9.89293
9.45987
9.10887
12.2507
12.1108
11.9315
11.6937
11.409
11.0861
10.7124
10.3076
9.95163
9.68032
12.2507
12.1108
11.9315
11.6937
11.409
11.0861
10.7124
10.3076
9.95163
9.68032
12.1284
11.935
11.7087
11.4404
11.1259
10.7606
10.3426
9.89293
9.45987
9.10887
12.0856
11.8886
11.6656
11.4088
11.1153
10.7865
10.4282
10.0558
9.69937
9.40423
12.0146
11.8015
11.5676
11.3105
11.0309
10.7322
10.4223
10.1141
9.82701
9.58467
11.9954
11.7834
11.5532
11.3037
11.0363
10.7554
10.4689
10.1889
9.93056
9.7111
)
;
    }
    procBoundary0to1
    {
        type            processor;
        value           nonuniform List<scalar> 
100
(
9.54172
9.40955
9.203
8.90947
9.46514
9.46514
8.90947
9.203
9.40955
9.54172
9.40955
9.21846
8.96098
9.60417
22.8054
22.8054
9.60417
8.96098
9.21846
9.40955
9.203
8.96098
9.5147
15.7206
83.6956
83.6956
15.7206
9.5147
8.96098
9.203
8.90947
9.60417
15.7206
21.6673
20.3393
20.3393
21.6674
15.7206
9.60417
8.90947
9.46514
22.8054
83.6956
20.3393
8.08843
8.08843
20.3393
83.6956
22.8054
9.46514
9.46514
22.8054
83.6956
20.3393
8.08843
8.08843
20.3393
83.6956
22.8054
9.46514
8.90946
9.60417
15.7206
21.6674
20.3393
20.3393
21.6674
15.7206
9.60417
8.90947
9.203
8.96098
9.5147
15.7206
83.6956
83.6956
15.7206
9.5147
8.96098
9.203
9.40954
9.21846
8.96098
9.60417
22.8054
22.8054
9.60417
8.96098
9.21846
9.40954
9.54172
9.40954
9.203
8.90947
9.46514
9.46514
8.90947
9.203
9.40954
9.54172
)
;
    }
    procBoundary0to2
    {
        type            processor;
        value           nonuniform List<scalar> 
100
(
12.1913
12.2105
12.2661
12.3037
12.3823
12.3823
12.3037
12.2661
12.2105
12.1913
12.2105
12.2314
12.2877
12.3467
12.5929
12.5929
12.3467
12.2877
12.2314
12.2105
12.2661
12.2877
12.4029
12.7244
13.9828
13.9828
12.7244
12.4029
12.2877
12.2661
12.3037
12.3467
12.7244
14.7578
29.3762
29.3762
14.7578
12.7244
12.3467
12.3037
12.3823
12.5929
13.9828
29.3763
736.243
736.243
29.3763
13.9828
12.5928
12.3823
12.3823
12.5929
13.9828
29.3762
736.243
736.243
29.3762
13.9828
12.5928
12.3823
12.3037
12.3467
12.7244
14.7578
29.3763
29.3762
14.7578
12.7244
12.3467
12.3037
12.2661
12.2877
12.4029
12.7244
13.9828
13.9828
12.7244
12.4029
12.2877
12.2661
12.2105
12.2314
12.2877
12.3467
12.5928
12.5928
12.3467
12.2877
12.2314
12.2105
12.1913
12.2105
12.2661
12.3037
12.3823
12.3823
12.3037
12.2661
12.2105
12.1913
)
;
    }
}


// ************************************************************************* //
