/*--------------------------------*- C++ -*----------------------------------*\
| =========                 |                                                 |
| \\      /  F ield         | OpenFOAM: The Open Source CFD Toolbox           |
|  \\    /   O peration     | Version:  2412                                  |
|   \\  /    A nd           | Website:  www.openfoam.com                      |
|    \\/     M anipulation  |                                                 |
\*---------------------------------------------------------------------------*/
FoamFile
{
    version     2.0;
    format      ascii;
    arch        "LSB;label=32;scalar=64";
    class       volVectorField;
    location    "0.28";
    object      U;
}
// * * * * * * * * * * * * * * * * * * * * * * * * * * * * * * * * * * * * * //

dimensions      [0 1 -1 0 0 0 0];

internalField   nonuniform List<vector> 
1000
(
(-0.0323235 -0.0323235 0.758125)
(-0.107143 -0.0400242 0.76055)
(-0.140178 -0.0618419 0.740266)
(-0.16409 -0.0730696 0.742971)
(-0.100058 -0.133875 0.681804)
(0.100058 -0.133875 0.681804)
(0.16409 -0.0730698 0.74297)
(0.140178 -0.061842 0.740266)
(0.107143 -0.0400243 0.76055)
(0.0323234 -0.0323235 0.758125)
(-0.0400242 -0.107143 0.76055)
(-0.136481 -0.136481 0.757086)
(-0.173907 -0.209486 0.720296)
(-0.230617 -0.294087 0.716987)
(-0.157912 -0.47945 0.389531)
(0.157912 -0.47945 0.389531)
(0.230617 -0.294087 0.716987)
(0.173907 -0.209486 0.720296)
(0.136481 -0.136481 0.757085)
(0.0400242 -0.107143 0.76055)
(-0.0618419 -0.140178 0.740266)
(-0.209486 -0.173907 0.720296)
(-0.291768 -0.291768 0.601569)
(-0.389056 -0.240659 0.0522593)
(-0.229434 -0.136063 -1.28489)
(0.229433 -0.136063 -1.28489)
(0.389056 -0.240661 0.0522602)
(0.291769 -0.291769 0.601569)
(0.209486 -0.173907 0.720296)
(0.0618419 -0.140178 0.740266)
(-0.0730696 -0.16409 0.742971)
(-0.294087 -0.230617 0.716987)
(-0.240659 -0.389056 0.0522592)
(-0.00515195 -0.00515189 -1.37006)
(-0.0205445 0.0305204 -2.57596)
(0.0205444 0.0305203 -2.57596)
(0.00515164 -0.00515223 -1.37006)
(0.240661 -0.389058 0.0522595)
(0.294087 -0.230618 0.716987)
(0.0730698 -0.16409 0.74297)
(-0.133875 -0.100058 0.681804)
(-0.47945 -0.157912 0.389531)
(-0.136063 -0.229434 -1.28489)
(0.0305203 -0.0205445 -2.57596)
(-5.32713e-05 -5.32698e-05 -2.64069)
(5.32619e-05 -5.32702e-05 -2.64069)
(-0.0305204 -0.0205445 -2.57596)
(0.136063 -0.229435 -1.28489)
(0.47945 -0.157912 0.389531)
(0.133875 -0.100058 0.681803)
(-0.133875 0.100058 0.681804)
(-0.47945 0.157912 0.389531)
(-0.136063 0.229433 -1.28489)
(0.0305203 0.0205443 -2.57596)
(-5.32709e-05 5.32606e-05 -2.64069)
(5.32614e-05 5.32608e-05 -2.64069)
(-0.0305204 0.0205443 -2.57596)
(0.136063 0.229434 -1.28489)
(0.47945 0.157912 0.389531)
(0.133875 0.100058 0.681803)
(-0.0730698 0.16409 0.74297)
(-0.294087 0.230617 0.716987)
(-0.240661 0.389056 0.0522603)
(-0.00515224 0.00515166 -1.37006)
(-0.0205445 -0.0305204 -2.57596)
(0.0205443 -0.0305204 -2.57596)
(0.00515193 0.005152 -1.37006)
(0.240663 0.389058 0.0522605)
(0.294088 0.230617 0.716986)
(0.0730699 0.16409 0.74297)
(-0.061842 0.140178 0.740266)
(-0.209486 0.173907 0.720296)
(-0.291769 0.291769 0.601569)
(-0.389058 0.240661 0.0522595)
(-0.229435 0.136063 -1.28489)
(0.229434 0.136063 -1.28489)
(0.389058 0.240662 0.0522605)
(0.29177 0.29177 0.601568)
(0.209486 0.173907 0.720296)
(0.061842 0.140178 0.740266)
(-0.0400243 0.107143 0.76055)
(-0.136481 0.136481 0.757085)
(-0.173907 0.209486 0.720296)
(-0.230618 0.294087 0.716987)
(-0.157912 0.47945 0.389531)
(0.157912 0.47945 0.389531)
(0.230617 0.294088 0.716986)
(0.173907 0.209486 0.720296)
(0.136481 0.136481 0.757085)
(0.0400243 0.107143 0.76055)
(-0.0323235 0.0323234 0.758125)
(-0.107143 0.0400242 0.76055)
(-0.140178 0.0618419 0.740266)
(-0.16409 0.0730698 0.74297)
(-0.100058 0.133875 0.681803)
(0.100058 0.133875 0.681803)
(0.16409 0.0730699 0.74297)
(0.140178 0.061842 0.740266)
(0.107143 0.0400243 0.76055)
(0.0323235 0.0323235 0.758124)
(-0.0314189 -0.0314189 0.82735)
(-0.111043 -0.0391988 0.834577)
(-0.144393 -0.0663678 0.821986)
(-0.178983 -0.0768171 0.833302)
(-0.117408 -0.177342 0.771818)
(0.117408 -0.177342 0.771818)
(0.178983 -0.0768172 0.833302)
(0.144393 -0.0663679 0.821985)
(0.111043 -0.0391989 0.834577)
(0.0314189 -0.0314189 0.82735)
(-0.0391988 -0.111043 0.834577)
(-0.145839 -0.145839 0.83541)
(-0.184435 -0.231936 0.80454)
(-0.279397 -0.336745 0.785017)
(-0.210222 -0.535141 0.277408)
(0.210222 -0.535141 0.277408)
(0.279397 -0.336745 0.785017)
(0.184435 -0.231936 0.80454)
(0.145839 -0.145839 0.83541)
(0.0391988 -0.111043 0.834577)
(-0.0663678 -0.144393 0.821986)
(-0.231936 -0.184435 0.80454)
(-0.332145 -0.332145 0.689378)
(-0.455676 -0.209562 -0.0485511)
(-0.229098 -0.062533 -1.58579)
(0.229098 -0.0625331 -1.58579)
(0.455676 -0.209563 -0.0485504)
(0.332146 -0.332146 0.689378)
(0.231936 -0.184435 0.80454)
(0.0663678 -0.144393 0.821985)
(-0.0768171 -0.178983 0.833302)
(-0.336745 -0.279397 0.785017)
(-0.209562 -0.455676 -0.0485512)
(0.00037183 0.000371889 -1.45602)
(-0.0282513 0.00724424 -2.60133)
(0.0282513 0.00724425 -2.60133)
(-0.000371908 0.000371649 -1.45602)
(0.209563 -0.455677 -0.0485507)
(0.336745 -0.279398 0.785017)
(0.0768173 -0.178983 0.833302)
(-0.177342 -0.117408 0.771818)
(-0.535141 -0.210222 0.277408)
(-0.062533 -0.229098 -1.58579)
(0.00724423 -0.0282513 -2.60133)
(-0.0102153 -0.0102153 -2.63323)
(0.0102153 -0.0102153 -2.63323)
(-0.00724423 -0.0282514 -2.60133)
(0.062533 -0.229099 -1.58579)
(0.535142 -0.210222 0.277408)
(0.177343 -0.117408 0.771817)
(-0.177342 0.117408 0.771818)
(-0.535141 0.210222 0.277408)
(-0.0625331 0.229098 -1.58579)
(0.00724425 0.0282513 -2.60133)
(-0.0102153 0.0102153 -2.63323)
(0.0102153 0.0102153 -2.63323)
(-0.00724425 0.0282513 -2.60133)
(0.0625331 0.229098 -1.58579)
(0.535143 0.210222 0.277409)
(0.177343 0.117408 0.771817)
(-0.0768172 0.178983 0.833302)
(-0.336745 0.279397 0.785017)
(-0.209563 0.455676 -0.0485504)
(0.00037164 -0.000371902 -1.45602)
(-0.0282514 -0.00724424 -2.60133)
(0.0282514 -0.00724425 -2.60133)
(-0.000371718 -0.000371661 -1.45602)
(0.209565 0.455677 -0.0485499)
(0.336746 0.279398 0.785017)
(0.0768174 0.178983 0.833302)
(-0.0663679 0.144393 0.821985)
(-0.231936 0.184435 0.80454)
(-0.332146 0.332146 0.689378)
(-0.455677 0.209563 -0.0485507)
(-0.229098 0.062533 -1.58579)
(0.229098 0.0625331 -1.58579)
(0.455677 0.209565 -0.0485499)
(0.332147 0.332147 0.689378)
(0.231936 0.184435 0.80454)
(0.0663679 0.144393 0.821985)
(-0.0391989 0.111043 0.834577)
(-0.145839 0.145839 0.83541)
(-0.184435 0.231936 0.80454)
(-0.279398 0.336745 0.785017)
(-0.210222 0.535142 0.277408)
(0.210222 0.535143 0.277408)
(0.279398 0.336746 0.785017)
(0.184435 0.231936 0.80454)
(0.145839 0.145839 0.83541)
(0.0391989 0.111043 0.834577)
(-0.0314189 0.0314189 0.82735)
(-0.111043 0.0391988 0.834577)
(-0.144393 0.0663678 0.821985)
(-0.178983 0.0768173 0.833302)
(-0.117408 0.177343 0.771817)
(0.117408 0.177343 0.771817)
(0.178983 0.0768174 0.833302)
(0.144393 0.0663679 0.821985)
(0.111043 0.0391989 0.834577)
(0.0314189 0.0314189 0.82735)
(-0.0290274 -0.0290274 0.896859)
(-0.110932 -0.0366814 0.911105)
(-0.143171 -0.06896 0.912573)
(-0.190965 -0.0809855 0.939268)
(-0.136852 -0.239764 0.883452)
(0.136852 -0.239764 0.883452)
(0.190965 -0.0809856 0.939268)
(0.143171 -0.0689601 0.912573)
(0.110932 -0.0366814 0.911104)
(0.0290274 -0.0290274 0.896859)
(-0.0366814 -0.110932 0.911105)
(-0.150797 -0.150797 0.920017)
(-0.192191 -0.244369 0.905128)
(-0.341769 -0.36855 0.859058)
(-0.270475 -0.54106 0.0917265)
(0.270475 -0.54106 0.0917265)
(0.341769 -0.36855 0.859058)
(0.192192 -0.244369 0.905128)
(0.150797 -0.150797 0.920017)
(0.0366814 -0.110932 0.911104)
(-0.06896 -0.143171 0.912573)
(-0.244369 -0.192191 0.905128)
(-0.357802 -0.357802 0.800881)
(-0.495342 -0.150287 -0.177998)
(-0.166941 -0.0347531 -1.93166)
(0.166941 -0.0347531 -1.93166)
(0.495342 -0.150288 -0.177998)
(0.357802 -0.357803 0.800881)
(0.244369 -0.192192 0.905128)
(0.06896 -0.143171 0.912573)
(-0.0809855 -0.190965 0.939268)
(-0.36855 -0.341769 0.859058)
(-0.150287 -0.495342 -0.177998)
(0.00897605 0.0089761 -1.52393)
(-0.0385856 -0.0494449 -2.61517)
(0.0385857 -0.0494448 -2.61517)
(-0.00897598 0.00897594 -1.52393)
(0.150288 -0.495343 -0.177998)
(0.36855 -0.34177 0.859058)
(0.0809857 -0.190965 0.939269)
(-0.239764 -0.136852 0.883452)
(-0.54106 -0.270475 0.0917264)
(-0.0347531 -0.166941 -1.93166)
(-0.0494449 -0.0385856 -2.61517)
(-0.0213397 -0.0213397 -2.64516)
(0.0213397 -0.0213397 -2.64516)
(0.0494449 -0.0385857 -2.61517)
(0.0347531 -0.166941 -1.93166)
(0.541061 -0.270475 0.0917262)
(0.239764 -0.136852 0.883452)
(-0.239764 0.136852 0.883452)
(-0.54106 0.270475 0.0917266)
(-0.0347531 0.166941 -1.93166)
(-0.0494448 0.0385857 -2.61517)
(-0.0213397 0.0213397 -2.64516)
(0.0213397 0.0213397 -2.64516)
(0.0494449 0.0385857 -2.61517)
(0.0347531 0.166941 -1.93166)
(0.541062 0.270475 0.0917264)
(0.239764 0.136852 0.883452)
(-0.0809856 0.190965 0.939268)
(-0.36855 0.341769 0.859058)
(-0.150288 0.495342 -0.177998)
(0.00897592 -0.00897598 -1.52393)
(-0.0385857 0.0494449 -2.61517)
(0.0385857 0.0494449 -2.61517)
(-0.00897586 -0.00897582 -1.52393)
(0.150289 0.495343 -0.177998)
(0.368551 0.34177 0.859058)
(0.0809858 0.190965 0.939269)
(-0.0689601 0.143171 0.912573)
(-0.244369 0.192192 0.905128)
(-0.357803 0.357802 0.800881)
(-0.495343 0.150288 -0.177998)
(-0.166941 0.0347531 -1.93166)
(0.166941 0.0347531 -1.93166)
(0.495343 0.150289 -0.177998)
(0.357803 0.357803 0.800881)
(0.24437 0.192192 0.905128)
(0.0689601 0.143171 0.912573)
(-0.0366814 0.110932 0.911104)
(-0.150797 0.150797 0.920017)
(-0.192192 0.244369 0.905128)
(-0.34177 0.36855 0.859058)
(-0.270475 0.541061 0.0917263)
(0.270475 0.541062 0.0917263)
(0.34177 0.368551 0.859058)
(0.192192 0.24437 0.905128)
(0.150797 0.150797 0.920017)
(0.0366814 0.110932 0.911104)
(-0.0290274 0.0290274 0.896859)
(-0.110932 0.0366814 0.911104)
(-0.143171 0.0689601 0.912573)
(-0.190965 0.0809857 0.939269)
(-0.136852 0.239764 0.883452)
(0.136852 0.239764 0.883452)
(0.190965 0.0809858 0.939269)
(0.143171 0.0689601 0.912573)
(0.110932 0.0366814 0.911104)
(0.0290274 0.0290274 0.896859)
(-0.0245446 -0.0245446 0.963361)
(-0.104721 -0.031387 0.986659)
(-0.132945 -0.0670037 1.00825)
(-0.196266 -0.0816224 1.05813)
(-0.15604 -0.312311 1.00298)
(0.15604 -0.312311 1.00298)
(0.196266 -0.0816224 1.05813)
(0.132945 -0.0670038 1.00825)
(0.104721 -0.031387 0.986659)
(0.0245446 -0.0245446 0.963361)
(-0.031387 -0.104721 0.986659)
(-0.147146 -0.147146 1.00863)
(-0.190646 -0.23624 1.01985)
(-0.406868 -0.362938 0.927687)
(-0.314592 -0.454661 -0.171413)
(0.314592 -0.454661 -0.171413)
(0.406868 -0.362938 0.927688)
(0.190646 -0.23624 1.01985)
(0.147146 -0.147146 1.00863)
(0.031387 -0.104721 0.986659)
(-0.0670037 -0.132945 1.00825)
(-0.23624 -0.190646 1.01985)
(-0.345127 -0.345127 0.921019)
(-0.456389 -0.062491 -0.3496)
(-0.0896997 -0.0601885 -2.19723)
(0.0896998 -0.0601885 -2.19723)
(0.456389 -0.0624909 -0.349599)
(0.345127 -0.345127 0.921019)
(0.23624 -0.190646 1.01985)
(0.0670037 -0.132945 1.00825)
(-0.0816224 -0.196266 1.05813)
(-0.362938 -0.406868 0.927687)
(-0.062491 -0.456389 -0.3496)
(0.0234213 0.0234213 -1.54569)
(-0.0435902 -0.167918 -2.62666)
(0.0435902 -0.167918 -2.62666)
(-0.0234212 0.0234213 -1.54569)
(0.0624909 -0.456389 -0.3496)
(0.362938 -0.406868 0.927688)
(0.0816224 -0.196266 1.05813)
(-0.312311 -0.15604 1.00298)
(-0.454661 -0.314592 -0.171413)
(-0.0601885 -0.0896997 -2.19723)
(-0.167918 -0.0435902 -2.62666)
(-0.0241202 -0.0241202 -2.7)
(0.0241202 -0.0241202 -2.7)
(0.167918 -0.0435902 -2.62666)
(0.0601884 -0.0896997 -2.19723)
(0.454661 -0.314592 -0.171414)
(0.312311 -0.15604 1.00299)
(-0.312311 0.15604 1.00298)
(-0.454661 0.314592 -0.171413)
(-0.0601884 0.0896998 -2.19723)
(-0.167918 0.0435903 -2.62666)
(-0.0241202 0.0241202 -2.7)
(0.0241202 0.0241202 -2.7)
(0.167918 0.0435903 -2.62666)
(0.0601884 0.0896998 -2.19723)
(0.454661 0.314592 -0.171413)
(0.312311 0.156041 1.00299)
(-0.0816224 0.196266 1.05813)
(-0.362938 0.406868 0.927688)
(-0.062491 0.456389 -0.349599)
(0.0234213 -0.0234212 -1.54569)
(-0.0435902 0.167918 -2.62666)
(0.0435903 0.167918 -2.62666)
(-0.0234212 -0.0234211 -1.54569)
(0.0624909 0.456389 -0.349599)
(0.362939 0.406868 0.927688)
(0.0816224 0.196266 1.05813)
(-0.0670038 0.132945 1.00825)
(-0.23624 0.190646 1.01985)
(-0.345127 0.345127 0.921019)
(-0.456389 0.062491 -0.3496)
(-0.0896998 0.0601884 -2.19723)
(0.0896998 0.0601884 -2.19723)
(0.456389 0.0624909 -0.349599)
(0.345127 0.345127 0.92102)
(0.23624 0.190646 1.01985)
(0.0670038 0.132945 1.00825)
(-0.0313871 0.104721 0.986659)
(-0.147146 0.147146 1.00863)
(-0.190646 0.23624 1.01985)
(-0.406868 0.362938 0.927688)
(-0.314592 0.454661 -0.171413)
(0.314592 0.454661 -0.171413)
(0.406868 0.362939 0.927688)
(0.190646 0.23624 1.01985)
(0.147146 0.147146 1.00863)
(0.031387 0.104721 0.986659)
(-0.0245446 0.0245446 0.963361)
(-0.104721 0.031387 0.986659)
(-0.132945 0.0670037 1.00825)
(-0.196266 0.0816224 1.05813)
(-0.15604 0.312311 1.00299)
(0.15604 0.312311 1.00299)
(0.196266 0.0816224 1.05813)
(0.132945 0.0670038 1.00825)
(0.104721 0.031387 0.986659)
(0.0245446 0.0245446 0.963361)
(-0.0174715 -0.0174715 1.02227)
(-0.0906635 -0.0220893 1.05588)
(-0.111241 -0.0575919 1.10137)
(-0.190136 -0.0721931 1.17856)
(-0.169341 -0.361 1.10795)
(0.169341 -0.361 1.10795)
(0.190136 -0.072193 1.17856)
(0.111241 -0.0575919 1.10137)
(0.0906635 -0.0220893 1.05588)
(0.0174715 -0.0174715 1.02227)
(-0.0220893 -0.0906635 1.05588)
(-0.131028 -0.131028 1.09575)
(-0.169949 -0.196914 1.1396)
(-0.446469 -0.296459 0.973857)
(-0.308836 -0.303362 -0.473672)
(0.308836 -0.303362 -0.473672)
(0.446469 -0.296459 0.973857)
(0.169949 -0.196914 1.1396)
(0.131028 -0.131028 1.09575)
(0.0220893 -0.0906635 1.05588)
(-0.0575919 -0.111241 1.10137)
(-0.196914 -0.169949 1.1396)
(-0.273998 -0.273998 1.01654)
(-0.341195 0.0193351 -0.523687)
(-0.0458261 -0.164264 -2.33558)
(0.0458261 -0.164264 -2.33558)
(0.341195 0.0193362 -0.523687)
(0.273998 -0.273998 1.01654)
(0.196914 -0.169949 1.1396)
(0.0575918 -0.111241 1.10137)
(-0.0721931 -0.190136 1.17856)
(-0.296459 -0.446469 0.973856)
(0.0193351 -0.341195 -0.523687)
(0.0190323 0.0190323 -1.52051)
(-0.032879 -0.267225 -2.64227)
(0.032879 -0.267225 -2.64227)
(-0.0190325 0.0190327 -1.52051)
(-0.0193361 -0.341195 -0.523688)
(0.296458 -0.446469 0.973857)
(0.0721929 -0.190136 1.17856)
(-0.361 -0.169341 1.10795)
(-0.303362 -0.308835 -0.473672)
(-0.164264 -0.0458261 -2.33558)
(-0.267225 -0.032879 -2.64227)
(0.00198032 0.00198032 -2.81083)
(-0.00198033 0.00198035 -2.81083)
(0.267226 -0.0328789 -2.64227)
(0.164264 -0.045826 -2.33558)
(0.303362 -0.308835 -0.473673)
(0.361 -0.169341 1.10795)
(-0.361 0.169341 1.10795)
(-0.303362 0.308836 -0.473672)
(-0.164264 0.0458261 -2.33558)
(-0.267225 0.032879 -2.64227)
(0.00198037 -0.00198033 -2.81083)
(-0.00198038 -0.00198036 -2.81083)
(0.267226 0.032879 -2.64227)
(0.164263 0.0458261 -2.33558)
(0.303362 0.308836 -0.473672)
(0.361 0.169341 1.10795)
(-0.072193 0.190136 1.17856)
(-0.296459 0.446469 0.973857)
(0.0193362 0.341195 -0.523687)
(0.0190327 -0.0190325 -1.52051)
(-0.0328789 0.267226 -2.64227)
(0.032879 0.267225 -2.64227)
(-0.0190329 -0.0190329 -1.52051)
(-0.0193372 0.341195 -0.523687)
(0.296458 0.446469 0.973857)
(0.0721928 0.190136 1.17856)
(-0.0575919 0.111241 1.10137)
(-0.196914 0.169949 1.1396)
(-0.273998 0.273998 1.01654)
(-0.341195 -0.0193361 -0.523688)
(-0.0458261 0.164264 -2.33558)
(0.0458261 0.164263 -2.33558)
(0.341195 -0.0193372 -0.523687)
(0.273998 0.273998 1.01654)
(0.196914 0.169949 1.1396)
(0.0575918 0.111241 1.10137)
(-0.0220893 0.0906635 1.05588)
(-0.131028 0.131028 1.09575)
(-0.169949 0.196914 1.1396)
(-0.446469 0.296458 0.973857)
(-0.308835 0.303362 -0.473672)
(0.308836 0.303362 -0.473672)
(0.446469 0.296458 0.973857)
(0.169949 0.196914 1.1396)
(0.131028 0.131028 1.09575)
(0.0220892 0.0906635 1.05588)
(-0.0174715 0.0174715 1.02227)
(-0.0906635 0.0220893 1.05588)
(-0.111241 0.0575918 1.10137)
(-0.190136 0.0721929 1.17856)
(-0.169341 0.361 1.10795)
(0.169341 0.361 1.10795)
(0.190136 0.0721928 1.17856)
(0.111241 0.0575919 1.10137)
(0.0906635 0.0220893 1.05588)
(0.0174715 0.0174715 1.02227)
(-0.0075137 -0.00751369 1.06806)
(-0.0681761 -0.00803778 1.11143)
(-0.0751131 -0.0388857 1.17894)
(-0.16436 -0.0424103 1.28116)
(-0.169894 -0.336916 1.1733)
(0.169894 -0.336916 1.1733)
(0.16436 -0.0424101 1.28116)
(0.0751131 -0.0388857 1.17894)
(0.0681762 -0.00803776 1.11143)
(0.00751368 -0.00751369 1.06806)
(-0.00803778 -0.0681761 1.11143)
(-0.0997504 -0.0997504 1.17109)
(-0.120231 -0.125019 1.24747)
(-0.418065 -0.166496 0.990941)
(-0.246516 -0.166731 -0.733669)
(0.246516 -0.166731 -0.733669)
(0.418065 -0.166495 0.990941)
(0.120231 -0.125019 1.24747)
(0.0997504 -0.0997503 1.17109)
(0.00803774 -0.0681761 1.11143)
(-0.0388857 -0.0751131 1.17894)
(-0.125019 -0.120231 1.24747)
(-0.142022 -0.142022 1.07119)
(-0.214163 0.0990847 -0.627082)
(-0.0186248 -0.2292 -2.38588)
(0.0186249 -0.2292 -2.38588)
(0.214163 0.099086 -0.627082)
(0.142022 -0.142022 1.07119)
(0.125019 -0.120231 1.24747)
(0.0388857 -0.075113 1.17894)
(-0.0424103 -0.16436 1.28116)
(-0.166496 -0.418065 0.990941)
(0.0990847 -0.214163 -0.627082)
(-0.0423833 -0.0423833 -1.48985)
(0.0212019 -0.282438 -2.70119)
(-0.021202 -0.282438 -2.70119)
(0.0423826 -0.0423823 -1.48985)
(-0.099086 -0.214163 -0.627082)
(0.166495 -0.418065 0.990941)
(0.04241 -0.16436 1.28116)
(-0.336916 -0.169894 1.1733)
(-0.166731 -0.246516 -0.733669)
(-0.2292 -0.0186248 -2.38588)
(-0.282438 0.021202 -2.70119)
(0.0816024 0.0816024 -2.99671)
(-0.0816025 0.0816024 -2.99671)
(0.282438 0.0212021 -2.70119)
(0.2292 -0.0186248 -2.38588)
(0.166731 -0.246516 -0.733669)
(0.336916 -0.169894 1.1733)
(-0.336916 0.169894 1.1733)
(-0.166731 0.246516 -0.733669)
(-0.2292 0.0186249 -2.38588)
(-0.282438 -0.021202 -2.70119)
(0.0816025 -0.0816025 -2.99671)
(-0.0816026 -0.0816025 -2.99671)
(0.282438 -0.0212022 -2.70119)
(0.2292 0.0186248 -2.38588)
(0.166731 0.246516 -0.733669)
(0.336916 0.169894 1.1733)
(-0.0424101 0.16436 1.28116)
(-0.166495 0.418065 0.990941)
(0.099086 0.214163 -0.627082)
(-0.0423824 0.0423826 -1.48985)
(0.0212021 0.282438 -2.70119)
(-0.0212022 0.282438 -2.70119)
(0.0423817 0.0423817 -1.48985)
(-0.0990873 0.214163 -0.627082)
(0.166495 0.418065 0.990942)
(0.0424099 0.16436 1.28116)
(-0.0388857 0.0751131 1.17894)
(-0.125019 0.120231 1.24747)
(-0.142022 0.142022 1.07119)
(-0.214163 -0.099086 -0.627082)
(-0.0186248 0.2292 -2.38588)
(0.0186248 0.2292 -2.38588)
(0.214163 -0.0990873 -0.627082)
(0.142022 0.142022 1.07119)
(0.125019 0.120231 1.24747)
(0.0388856 0.075113 1.17894)
(-0.00803776 0.0681761 1.11143)
(-0.0997503 0.0997504 1.17109)
(-0.120231 0.125019 1.24747)
(-0.418065 0.166495 0.990941)
(-0.246516 0.166731 -0.733669)
(0.246516 0.166731 -0.733669)
(0.418065 0.166495 0.990942)
(0.120231 0.125019 1.24747)
(0.0997503 0.0997503 1.17109)
(0.00803772 0.0681761 1.11143)
(-0.0075137 0.00751368 1.06806)
(-0.0681761 0.00803775 1.11143)
(-0.075113 0.0388856 1.17894)
(-0.16436 0.04241 1.28116)
(-0.169894 0.336916 1.1733)
(0.169894 0.336916 1.1733)
(0.16436 0.0424099 1.28116)
(0.075113 0.0388856 1.17894)
(0.0681761 0.00803772 1.11143)
(0.00751368 0.00751368 1.06806)
(0.0039567 0.00395671 1.09538)
(-0.0390994 0.00847883 1.14567)
(-0.0263839 -0.0116612 1.22714)
(-0.116454 0.00725893 1.34271)
(-0.154191 -0.252773 1.2001)
(0.154191 -0.252773 1.2001)
(0.116454 0.00725901 1.34271)
(0.0263839 -0.0116612 1.22714)
(0.0390995 0.00847885 1.14567)
(-0.00395672 0.00395671 1.09538)
(0.00847883 -0.0390994 1.14567)
(-0.0551309 -0.0551309 1.22178)
(-0.0437287 -0.0360071 1.32321)
(-0.324667 0.00571389 0.981566)
(-0.158682 -0.0815917 -0.899368)
(0.158682 -0.0815917 -0.899368)
(0.324667 0.00571402 0.981566)
(0.0437287 -0.036007 1.32321)
(0.0551309 -0.0551308 1.22178)
(-0.00847886 -0.0390994 1.14567)
(-0.0116612 -0.0263839 1.22714)
(-0.0360071 -0.0437287 1.32321)
(0.0326422 0.0326423 1.10423)
(-0.108073 0.196386 -0.626627)
(0.036841 -0.238413 -2.38014)
(-0.0368411 -0.238413 -2.38014)
(0.108073 0.196386 -0.626627)
(-0.0326424 0.0326428 1.10423)
(0.0360071 -0.0437284 1.32321)
(0.0116612 -0.0263837 1.22714)
(0.00725893 -0.116453 1.34271)
(0.00571395 -0.324667 0.981566)
(0.196386 -0.108073 -0.626627)
(-0.0698284 -0.0698284 -1.43101)
(0.143089 -0.283645 -2.81482)
(-0.14309 -0.283645 -2.81482)
(0.0698279 -0.0698274 -1.43101)
(-0.196387 -0.108073 -0.626627)
(-0.00571433 -0.324666 0.981566)
(-0.00725919 -0.116453 1.34271)
(-0.252773 -0.154191 1.2001)
(-0.0815916 -0.158682 -0.899368)
(-0.238413 0.0368411 -2.38014)
(-0.283645 0.143089 -2.81482)
(0.0972812 0.0972812 -3.03446)
(-0.0972814 0.0972812 -3.03446)
(0.283645 0.143089 -2.81482)
(0.238413 0.0368412 -2.38014)
(0.0815913 -0.158682 -0.899368)
(0.252773 -0.154191 1.2001)
(-0.252773 0.154191 1.2001)
(-0.0815916 0.158682 -0.899368)
(-0.238413 -0.0368411 -2.38014)
(-0.283645 -0.14309 -2.81482)
(0.0972813 -0.0972814 -3.03446)
(-0.0972814 -0.0972814 -3.03446)
(0.283645 -0.14309 -2.81482)
(0.238413 -0.0368412 -2.38014)
(0.0815913 0.158682 -0.899368)
(0.252773 0.154191 1.2001)
(0.00725901 0.116454 1.34271)
(0.00571404 0.324667 0.981566)
(0.196386 0.108073 -0.626627)
(-0.0698274 0.0698278 -1.43101)
(0.143089 0.283645 -2.81482)
(-0.14309 0.283645 -2.81482)
(0.069827 0.0698269 -1.431)
(-0.196387 0.108073 -0.626627)
(-0.00571443 0.324666 0.981566)
(-0.00725928 0.116453 1.34271)
(-0.0116612 0.0263839 1.22714)
(-0.036007 0.0437287 1.32321)
(0.0326428 -0.0326424 1.10423)
(-0.108073 -0.196387 -0.626627)
(0.0368412 0.238413 -2.38014)
(-0.0368412 0.238413 -2.38014)
(0.108073 -0.196387 -0.626627)
(-0.032643 -0.0326429 1.10423)
(0.036007 0.0437283 1.32321)
(0.0116611 0.0263838 1.22714)
(0.00847885 0.0390995 1.14567)
(-0.0551308 0.0551309 1.22178)
(-0.0437284 0.0360071 1.32321)
(-0.324666 -0.00571431 0.981566)
(-0.158682 0.0815914 -0.899368)
(0.158682 0.0815913 -0.899368)
(0.324666 -0.00571445 0.981566)
(0.0437283 0.036007 1.32321)
(0.0551308 0.0551308 1.22178)
(-0.00847889 0.0390994 1.14567)
(0.00395671 -0.00395672 1.09538)
(-0.0390994 -0.00847886 1.14567)
(-0.0263838 0.0116612 1.22714)
(-0.116453 -0.00725919 1.34271)
(-0.154191 0.252773 1.2001)
(0.154191 0.252773 1.2001)
(0.116453 -0.00725927 1.34271)
(0.0263838 0.0116611 1.22714)
(0.0390994 -0.00847889 1.14567)
(-0.00395673 -0.00395673 1.09538)
(0.0172855 0.0172855 1.10128)
(-0.00653075 0.0283352 1.15265)
(0.0284267 0.0207848 1.23819)
(-0.05497 0.068428 1.34886)
(-0.127857 -0.134098 1.19717)
(0.127857 -0.134098 1.19717)
(0.0549701 0.068428 1.34886)
(-0.0284267 0.0207848 1.23819)
(0.00653077 0.0283352 1.15265)
(-0.0172855 0.0172855 1.10128)
(0.0283352 -0.00653074 1.15265)
(-0.00356135 -0.00356134 1.23488)
(0.0514344 0.0489301 1.35389)
(-0.17892 0.173404 0.949719)
(-0.0698259 -0.0134821 -0.953771)
(0.0698258 -0.0134821 -0.953771)
(0.17892 0.173404 0.949719)
(-0.0514344 0.0489302 1.35389)
(0.00356136 -0.00356127 1.23488)
(-0.0283352 -0.00653068 1.15265)
(0.0207847 0.0284267 1.23819)
(0.0489301 0.0514345 1.35389)
(0.205889 0.205889 1.1214)
(-0.00920012 0.304257 -0.531164)
(0.136877 -0.228468 -2.32487)
(-0.136877 -0.228468 -2.32487)
(0.00920007 0.304256 -0.531164)
(-0.205889 0.205889 1.1214)
(-0.0489302 0.0514347 1.35389)
(-0.0207848 0.0284268 1.23819)
(0.068428 -0.05497 1.34886)
(0.173404 -0.17892 0.949719)
(0.304257 -0.00920003 -0.531164)
(-0.0306375 -0.0306376 -1.40793)
(0.225128 -0.192796 -2.86296)
(-0.225129 -0.192796 -2.86296)
(0.0306374 -0.0306371 -1.40793)
(-0.304257 -0.0091996 -0.531164)
(-0.173404 -0.178919 0.949719)
(-0.0684282 -0.0549698 1.34886)
(-0.134098 -0.127857 1.19717)
(-0.0134821 -0.0698259 -0.953771)
(-0.228468 0.136877 -2.32487)
(-0.192796 0.225128 -2.86296)
(0.0143905 0.0143905 -3.1563)
(-0.0143908 0.0143906 -3.1563)
(0.192796 0.225128 -2.86296)
(0.228468 0.136877 -2.32487)
(0.0134815 -0.0698258 -0.953771)
(0.134098 -0.127857 1.19717)
(-0.134098 0.127857 1.19717)
(-0.013482 0.0698258 -0.953771)
(-0.228468 -0.136877 -2.32487)
(-0.192796 -0.225129 -2.86296)
(0.0143906 -0.0143908 -3.1563)
(-0.0143909 -0.0143909 -3.1563)
(0.192796 -0.225129 -2.86296)
(0.228468 -0.136877 -2.32487)
(0.0134815 0.0698257 -0.953771)
(0.134098 0.127857 1.19717)
(0.068428 0.0549701 1.34886)
(0.173404 0.17892 0.949719)
(0.304256 0.00920003 -0.531164)
(-0.0306371 0.0306374 -1.40793)
(0.225128 0.192796 -2.86296)
(-0.225129 0.192796 -2.86296)
(0.030637 0.0306369 -1.40793)
(-0.304256 0.0091996 -0.531164)
(-0.173404 0.178919 0.949719)
(-0.0684281 0.0549698 1.34886)
(0.0207848 -0.0284267 1.23819)
(0.0489302 -0.0514344 1.35389)
(0.205889 -0.205889 1.1214)
(-0.00919966 -0.304257 -0.531164)
(0.136877 0.228468 -2.32487)
(-0.136877 0.228468 -2.32487)
(0.00919961 -0.304256 -0.531164)
(-0.205889 -0.205889 1.1214)
(-0.0489303 -0.0514346 1.35389)
(-0.0207848 -0.0284268 1.23819)
(0.0283352 0.00653077 1.15265)
(-0.00356127 0.00356135 1.23488)
(0.0514347 -0.0489302 1.35389)
(-0.178919 -0.173404 0.949719)
(-0.0698258 0.0134815 -0.953771)
(0.0698257 0.0134815 -0.953771)
(0.178919 -0.173404 0.949719)
(-0.0514346 -0.0489302 1.35389)
(0.00356127 0.00356128 1.23488)
(-0.0283352 0.00653072 1.15265)
(0.0172855 -0.0172855 1.10128)
(-0.00653069 -0.0283352 1.15265)
(0.0284268 -0.0207848 1.23819)
(-0.0549698 -0.0684282 1.34886)
(-0.127857 0.134098 1.19717)
(0.127857 0.134098 1.19717)
(0.0549698 -0.0684281 1.34886)
(-0.0284268 -0.0207848 1.23819)
(0.00653071 -0.0283352 1.15265)
(-0.0172856 -0.0172855 1.10128)
(0.0302997 0.0302997 1.08364)
(0.0265559 0.0475675 1.13054)
(0.0808944 0.0539521 1.21183)
(0.00901135 0.125564 1.3022)
(-0.0991869 -0.00629793 1.17596)
(0.0991868 -0.00629792 1.17596)
(-0.00901134 0.125564 1.3022)
(-0.0808944 0.0539521 1.21183)
(-0.0265559 0.0475675 1.13054)
(-0.0302997 0.0302997 1.08364)
(0.0475675 0.026556 1.13054)
(0.0496563 0.0496563 1.20816)
(0.142901 0.120623 1.32608)
(-0.0233525 0.312753 0.917528)
(0.0136027 0.0794781 -0.936459)
(-0.0136029 0.0794781 -0.936459)
(0.0233524 0.312753 0.917528)
(-0.1429 0.120623 1.32608)
(-0.0496563 0.0496563 1.20816)
(-0.0475675 0.026556 1.13054)
(0.0539521 0.0808945 1.21183)
(0.120623 0.142901 1.32608)
(0.343112 0.343112 1.11117)
(0.113716 0.384137 -0.437045)
(0.25454 -0.139519 -2.23707)
(-0.254541 -0.139519 -2.23707)
(-0.113716 0.384136 -0.437046)
(-0.343112 0.343112 1.11117)
(-0.120623 0.142901 1.32608)
(-0.0539521 0.0808945 1.21183)
(0.125564 0.00901139 1.3022)
(0.312753 -0.0233524 0.917528)
(0.384137 0.113716 -0.437045)
(0.0643172 0.0643172 -1.37453)
(0.256133 -0.0118186 -2.84275)
(-0.256134 -0.0118187 -2.84275)
(-0.064317 0.0643169 -1.37453)
(-0.384136 0.113716 -0.437045)
(-0.312753 -0.023352 0.917528)
(-0.125564 0.00901158 1.3022)
(-0.00629788 -0.0991868 1.17596)
(0.0794781 0.0136028 -0.936459)
(-0.139519 0.254541 -2.23707)
(-0.0118186 0.256133 -2.84275)
(-0.00178567 -0.00178566 -3.20815)
(0.00178542 -0.00178559 -3.20815)
(0.0118184 0.256134 -2.84275)
(0.139519 0.254541 -2.23707)
(-0.0794787 0.0136028 -0.936459)
(0.00629769 -0.0991867 1.17596)
(-0.00629789 0.0991868 1.17596)
(0.0794781 -0.0136029 -0.936459)
(-0.139519 -0.254541 -2.23707)
(-0.0118186 -0.256134 -2.84275)
(-0.00178554 0.00178536 -3.20815)
(0.00178529 0.0017853 -3.20815)
(0.0118184 -0.256134 -2.84275)
(0.139519 -0.254541 -2.23707)
(-0.0794787 -0.0136029 -0.936459)
(0.0062977 0.0991866 1.17596)
(0.125564 -0.00901135 1.3022)
(0.312753 0.0233524 0.917528)
(0.384136 -0.113716 -0.437046)
(0.0643169 -0.064317 -1.37453)
(0.256134 0.0118185 -2.84275)
(-0.256134 0.0118185 -2.84275)
(-0.0643167 -0.0643168 -1.37452)
(-0.384135 -0.113716 -0.437045)
(-0.312753 0.023352 0.917528)
(-0.125564 -0.00901154 1.3022)
(0.0539521 -0.0808944 1.21183)
(0.120623 -0.1429 1.32608)
(0.343112 -0.343112 1.11117)
(0.113716 -0.384136 -0.437045)
(0.254541 0.139519 -2.23707)
(-0.254541 0.139519 -2.23707)
(-0.113716 -0.384135 -0.437045)
(-0.343112 -0.343112 1.11117)
(-0.120623 -0.1429 1.32608)
(-0.0539521 -0.0808945 1.21183)
(0.0475675 -0.0265559 1.13054)
(0.0496563 -0.0496563 1.20816)
(0.142901 -0.120623 1.32608)
(-0.0233521 -0.312753 0.917528)
(0.0136027 -0.0794786 -0.936459)
(-0.0136029 -0.0794786 -0.936459)
(0.023352 -0.312753 0.917528)
(-0.1429 -0.120623 1.32608)
(-0.0496563 -0.0496563 1.20816)
(-0.0475675 -0.026556 1.13054)
(0.0302997 -0.0302997 1.08364)
(0.026556 -0.0475675 1.13054)
(0.0808945 -0.0539521 1.21183)
(0.00901156 -0.125564 1.3022)
(-0.0991867 0.00629771 1.17596)
(0.0991866 0.0062977 1.17596)
(-0.00901155 -0.125564 1.3022)
(-0.0808945 -0.0539521 1.21183)
(-0.026556 -0.0475675 1.13054)
(-0.0302997 -0.0302997 1.08364)
(0.0415952 0.0415952 1.04299)
(0.0565991 0.0642314 1.08168)
(0.124251 0.0842328 1.15236)
(0.0673479 0.167362 1.21485)
(-0.0681164 0.114952 1.10968)
(0.0681163 0.114952 1.10968)
(-0.0673479 0.167362 1.21485)
(-0.124251 0.0842327 1.15236)
(-0.0565991 0.0642314 1.08168)
(-0.0415952 0.0415952 1.04299)
(0.0642314 0.0565991 1.08168)
(0.0987498 0.0987498 1.14632)
(0.214668 0.179115 1.26193)
(0.126365 0.419008 0.869745)
(0.0914159 0.187815 -0.876702)
(-0.091416 0.187815 -0.876702)
(-0.126365 0.419008 0.869745)
(-0.214668 0.179115 1.26193)
(-0.0987497 0.0987498 1.14632)
(-0.0642314 0.0565991 1.08168)
(0.0842328 0.124252 1.15236)
(0.179115 0.214669 1.26193)
(0.438932 0.438932 1.07263)
(0.242557 0.456358 -0.326166)
(0.313851 0.146116 -2.11008)
(-0.313851 0.146116 -2.11008)
(-0.242557 0.456357 -0.326167)
(-0.438932 0.438932 1.07263)
(-0.179115 0.214668 1.26193)
(-0.0842327 0.124252 1.15236)
(0.167362 0.067348 1.21485)
(0.419008 0.126366 0.869745)
(0.456358 0.242557 -0.326166)
(0.172599 0.172599 -1.30704)
(0.283602 0.119609 -2.75406)
(-0.283602 0.119609 -2.75406)
(-0.172599 0.172598 -1.30704)
(-0.456357 0.242557 -0.326166)
(-0.419008 0.126366 0.869745)
(-0.167362 0.067348 1.21485)
(0.114952 -0.0681164 1.10968)
(0.187815 0.091416 -0.876702)
(0.146116 0.313851 -2.11008)
(0.11961 0.283602 -2.75406)
(0.083169 0.083169 -3.18503)
(-0.0831691 0.083169 -3.18503)
(-0.11961 0.283602 -2.75406)
(-0.146116 0.313851 -2.11008)
(-0.187815 0.0914158 -0.876702)
(-0.114952 -0.0681163 1.10968)
(0.114952 0.0681163 1.10968)
(0.187815 -0.0914161 -0.876702)
(0.146116 -0.313851 -2.11008)
(0.11961 -0.283603 -2.75406)
(0.0831691 -0.0831692 -3.18503)
(-0.0831692 -0.0831692 -3.18503)
(-0.11961 -0.283603 -2.75406)
(-0.146116 -0.313851 -2.11008)
(-0.187815 -0.0914159 -0.876702)
(-0.114952 0.0681162 1.10968)
(0.167362 -0.0673479 1.21485)
(0.419008 -0.126366 0.869745)
(0.456357 -0.242557 -0.326167)
(0.172598 -0.172599 -1.30704)
(0.283602 -0.11961 -2.75406)
(-0.283603 -0.11961 -2.75406)
(-0.172598 -0.172598 -1.30704)
(-0.456356 -0.242557 -0.326166)
(-0.419008 -0.126366 0.869745)
(-0.167361 -0.067348 1.21485)
(0.0842327 -0.124251 1.15236)
(0.179115 -0.214668 1.26193)
(0.438932 -0.438932 1.07263)
(0.242557 -0.456357 -0.326166)
(0.313851 -0.146116 -2.11008)
(-0.313851 -0.146116 -2.11008)
(-0.242557 -0.456356 -0.326166)
(-0.438932 -0.438932 1.07263)
(-0.179115 -0.214668 1.26192)
(-0.0842327 -0.124251 1.15236)
(0.0642314 -0.0565991 1.08168)
(0.0987498 -0.0987497 1.14632)
(0.214668 -0.179115 1.26193)
(0.126366 -0.419008 0.869745)
(0.0914158 -0.187815 -0.876702)
(-0.0914159 -0.187815 -0.876702)
(-0.126366 -0.419008 0.869745)
(-0.214668 -0.179115 1.26192)
(-0.0987498 -0.0987497 1.14632)
(-0.0642313 -0.0565991 1.08168)
(0.0415952 -0.0415952 1.04299)
(0.0565991 -0.0642314 1.08168)
(0.124252 -0.0842327 1.15236)
(0.067348 -0.167362 1.21485)
(-0.0681163 -0.114952 1.10968)
(0.0681162 -0.114952 1.10968)
(-0.067348 -0.167361 1.21485)
(-0.124251 -0.0842327 1.15236)
(-0.0565991 -0.0642313 1.08168)
(-0.0415952 -0.0415952 1.04299)
)
;

boundaryField
{
    bottom
    {
        type            noSlip;
    }
    atmosphere
    {
        type            pressureInletOutletVelocity;
        value           nonuniform List<vector> 0();
    }
    walls
    {
        type            noSlip;
    }
    procBoundary0to1
    {
        type            processor;
        value           nonuniform List<vector> 
100
(
(0.0502433 0.0502433 0.983264)
(0.0811066 0.0738075 1.01098)
(0.155872 0.106825 1.06727)
(0.114296 0.189667 1.09871)
(-0.0383407 0.209412 1.00567)
(0.0383407 0.209412 1.00567)
(-0.114296 0.189667 1.09871)
(-0.155872 0.106825 1.06727)
(-0.0811066 0.0738075 1.01098)
(-0.0502433 0.0502432 0.983264)
(0.0738075 0.0811067 1.01098)
(0.137933 0.137933 1.05696)
(0.262245 0.222476 1.16071)
(0.244002 0.492177 0.803852)
(0.157913 0.292349 -0.800775)
(-0.157913 0.292349 -0.800775)
(-0.244002 0.492177 0.803852)
(-0.262245 0.222476 1.16071)
(-0.137933 0.137933 1.05696)
(-0.0738075 0.0811067 1.01098)
(0.106825 0.155872 1.06727)
(0.222476 0.262245 1.16071)
(0.500668 0.500668 1.00451)
(0.355957 0.519865 -0.21316)
(0.352404 0.33674 -1.92828)
(-0.352404 0.33674 -1.92828)
(-0.355957 0.519865 -0.21316)
(-0.500668 0.500668 1.00451)
(-0.222476 0.262245 1.16071)
(-0.106825 0.155872 1.06727)
(0.189667 0.114296 1.09871)
(0.492178 0.244002 0.803852)
(0.519865 0.355958 -0.21316)
(0.263906 0.263906 -1.21756)
(0.308313 0.23521 -2.58918)
(-0.308313 0.23521 -2.58918)
(-0.263906 0.263906 -1.21756)
(-0.519865 0.355957 -0.21316)
(-0.492177 0.244001 0.803852)
(-0.189667 0.114296 1.09871)
(0.209412 -0.0383407 1.00567)
(0.292349 0.157913 -0.800775)
(0.33674 0.352404 -1.92828)
(0.235211 0.308313 -2.58918)
(0.152445 0.152445 -3.00815)
(-0.152445 0.152445 -3.00815)
(-0.235211 0.308313 -2.58918)
(-0.33674 0.352404 -1.92828)
(-0.292349 0.157913 -0.800775)
(-0.209412 -0.0383407 1.00567)
(0.209412 0.0383406 1.00567)
(0.292349 -0.157913 -0.800775)
(0.33674 -0.352404 -1.92828)
(0.235211 -0.308313 -2.58918)
(0.152445 -0.152445 -3.00815)
(-0.152445 -0.152445 -3.00815)
(-0.235211 -0.308313 -2.58918)
(-0.33674 -0.352404 -1.92828)
(-0.292349 -0.157913 -0.800775)
(-0.209412 0.0383406 1.00567)
(0.189667 -0.114296 1.09871)
(0.492177 -0.244002 0.803852)
(0.519865 -0.355957 -0.21316)
(0.263906 -0.263906 -1.21756)
(0.308313 -0.23521 -2.58918)
(-0.308313 -0.23521 -2.58918)
(-0.263905 -0.263905 -1.21756)
(-0.519864 -0.355957 -0.21316)
(-0.492177 -0.244001 0.803852)
(-0.189667 -0.114296 1.09871)
(0.106825 -0.155872 1.06727)
(0.222476 -0.262245 1.16071)
(0.500668 -0.500668 1.00451)
(0.355957 -0.519865 -0.21316)
(0.352404 -0.33674 -1.92828)
(-0.352404 -0.33674 -1.92828)
(-0.355957 -0.519864 -0.21316)
(-0.500667 -0.500667 1.00451)
(-0.222476 -0.262245 1.16071)
(-0.106825 -0.155871 1.06727)
(0.0738075 -0.0811066 1.01098)
(0.137933 -0.137933 1.05696)
(0.262245 -0.222476 1.16071)
(0.244001 -0.492177 0.803852)
(0.157913 -0.292349 -0.800775)
(-0.157913 -0.292349 -0.800775)
(-0.244001 -0.492177 0.803852)
(-0.262245 -0.222476 1.16071)
(-0.137933 -0.137933 1.05696)
(-0.0738074 -0.0811066 1.01098)
(0.0502432 -0.0502433 0.983264)
(0.0811067 -0.0738075 1.01098)
(0.155872 -0.106825 1.06727)
(0.114296 -0.189667 1.09871)
(-0.0383407 -0.209412 1.00567)
(0.0383406 -0.209412 1.00567)
(-0.114296 -0.189667 1.09871)
(-0.155871 -0.106825 1.06727)
(-0.0811066 -0.0738074 1.01098)
(-0.0502432 -0.0502432 0.983264)
)
;
    }
    procBoundary0to2
    {
        type            processor;
        value           nonuniform List<vector> 
100
(
(-0.0323037 -0.0323037 0.691129)
(-0.10127 -0.0399314 0.690673)
(-0.133557 -0.0571455 0.668359)
(-0.148526 -0.0709868 0.667047)
(-0.084982 -0.108581 0.612316)
(0.0849822 -0.108581 0.612315)
(0.148526 -0.0709869 0.667047)
(0.133556 -0.0571455 0.668359)
(0.10127 -0.0399314 0.690673)
(0.0323037 -0.0323037 0.691129)
(-0.0399314 -0.10127 0.690673)
(-0.126035 -0.126035 0.685341)
(-0.164277 -0.184231 0.650352)
(-0.196958 -0.254336 0.65561)
(-0.119895 -0.40356 0.444164)
(0.119895 -0.40356 0.444164)
(0.196958 -0.254335 0.655609)
(0.164277 -0.184231 0.650352)
(0.126035 -0.126034 0.685341)
(0.0399314 -0.10127 0.690673)
(-0.0571455 -0.133557 0.668359)
(-0.184231 -0.164277 0.650352)
(-0.252726 -0.252726 0.541938)
(-0.314804 -0.262291 0.134176)
(-0.182444 -0.221578 -0.992005)
(0.182443 -0.221577 -0.992005)
(0.314805 -0.262291 0.134178)
(0.252726 -0.252726 0.541938)
(0.184231 -0.164277 0.650351)
(0.0571454 -0.133556 0.668359)
(-0.0709868 -0.148526 0.667047)
(-0.254336 -0.196958 0.65561)
(-0.262291 -0.314804 0.134176)
(-0.0255487 -0.0255487 -1.27962)
(-0.0201635 0.0794064 -2.52897)
(0.0201633 0.0794063 -2.52897)
(0.0255485 -0.0255483 -1.27961)
(0.262291 -0.314802 0.134177)
(0.254336 -0.196958 0.655609)
(0.0709869 -0.148525 0.667047)
(-0.108581 -0.084982 0.612316)
(-0.40356 -0.119895 0.444164)
(-0.221577 -0.182444 -0.992005)
(0.0794063 -0.0201635 -2.52897)
(0.00657555 0.00657556 -2.66147)
(-0.00657557 0.00657555 -2.66147)
(-0.0794064 -0.0201635 -2.52897)
(0.221576 -0.182445 -0.992003)
(0.403558 -0.119895 0.444164)
(0.10858 -0.0849817 0.612315)
(-0.108581 0.0849822 0.612315)
(-0.40356 0.119895 0.444164)
(-0.221577 0.182443 -0.992005)
(0.0794063 0.0201633 -2.52897)
(0.00657555 -0.00657557 -2.66147)
(-0.00657556 -0.00657556 -2.66147)
(-0.0794063 0.0201633 -2.52897)
(0.221576 0.182445 -0.992002)
(0.403558 0.119895 0.444164)
(0.10858 0.0849819 0.612315)
(-0.0709868 0.148526 0.667047)
(-0.254335 0.196958 0.655609)
(-0.262291 0.314805 0.134178)
(-0.0255483 0.0255485 -1.27961)
(-0.0201635 -0.0794064 -2.52897)
(0.0201633 -0.0794063 -2.52897)
(0.0255481 0.0255481 -1.27961)
(0.262291 0.314803 0.134178)
(0.254335 0.196958 0.655608)
(0.0709869 0.148525 0.667046)
(-0.0571455 0.133556 0.668359)
(-0.184231 0.164277 0.650352)
(-0.252726 0.252726 0.541938)
(-0.314802 0.262291 0.134177)
(-0.182445 0.221576 -0.992003)
(0.182445 0.221576 -0.992002)
(0.314803 0.262291 0.134178)
(0.252726 0.252726 0.541937)
(0.184231 0.164277 0.650351)
(0.0571454 0.133556 0.668359)
(-0.0399314 0.10127 0.690673)
(-0.126034 0.126035 0.685341)
(-0.164277 0.184231 0.650351)
(-0.196958 0.254336 0.655609)
(-0.119895 0.403558 0.444164)
(0.119895 0.403558 0.444164)
(0.196958 0.254335 0.655608)
(0.164277 0.184231 0.650351)
(0.126035 0.126035 0.685341)
(0.0399314 0.10127 0.690673)
(-0.0323037 0.0323037 0.691129)
(-0.10127 0.0399314 0.690673)
(-0.133556 0.0571454 0.668359)
(-0.148525 0.0709869 0.667047)
(-0.0849817 0.10858 0.612315)
(0.0849819 0.10858 0.612315)
(0.148525 0.0709869 0.667046)
(0.133556 0.0571454 0.668359)
(0.10127 0.0399314 0.690673)
(0.0323037 0.0323037 0.691129)
)
;
    }
}


// ************************************************************************* //
