/*--------------------------------*- C++ -*----------------------------------*\
| =========                 |                                                 |
| \\      /  F ield         | OpenFOAM: The Open Source CFD Toolbox           |
|  \\    /   O peration     | Version:  2412                                  |
|   \\  /    A nd           | Website:  www.openfoam.com                      |
|    \\/     M anipulation  |                                                 |
\*---------------------------------------------------------------------------*/
FoamFile
{
    version     2.0;
    format      ascii;
    arch        "LSB;label=32;scalar=64";
    class       volScalarField;
    location    "0.11";
    object      p;
}
// * * * * * * * * * * * * * * * * * * * * * * * * * * * * * * * * * * * * * //

dimensions      [1 -1 -2 0 0 0 0];

internalField   nonuniform List<scalar> 
1000
(
3.21416
3.22425
3.24783
3.26641
3.3119
3.3119
3.26641
3.24783
3.22425
3.21416
3.22425
3.23678
3.26067
3.29757
3.32348
3.32348
3.29757
3.26067
3.23678
3.22425
3.24783
3.26067
3.34217
3.33887
3.70173
3.70173
3.33887
3.34217
3.26067
3.24783
3.2664
3.29757
3.33887
3.56187
3.49462
3.49462
3.56187
3.33887
3.29757
3.2664
3.3119
3.32348
3.70173
3.49462
-0.712853
-0.71285
3.49462
3.70173
3.32348
3.3119
3.3119
3.32348
3.70173
3.49462
-0.71285
-0.712845
3.49462
3.70173
3.32348
3.3119
3.2664
3.29757
3.33887
3.56187
3.49462
3.49462
3.56187
3.33887
3.29757
3.2664
3.24783
3.26067
3.34217
3.33887
3.70173
3.70173
3.33887
3.34217
3.26067
3.24783
3.22425
3.23678
3.26067
3.29757
3.32348
3.32348
3.29757
3.26067
3.23678
3.22425
3.21416
3.22425
3.24783
3.2664
3.3119
3.3119
3.2664
3.24783
3.22425
3.21416
2.89551
2.90464
2.93063
2.94531
2.99592
2.99592
2.94531
2.93063
2.90464
2.89551
2.90464
2.91454
2.93959
2.96175
2.96364
2.96364
2.96175
2.93959
2.91454
2.90464
2.93063
2.93959
3.02993
2.99999
3.42832
3.42832
2.99999
3.02993
2.93959
2.93063
2.94531
2.96175
2.99999
3.13588
2.79425
2.79425
3.13588
2.99999
2.96175
2.94531
2.99592
2.96364
3.42832
2.79425
4.32592
4.32592
2.79425
3.42832
2.96364
2.99592
2.99592
2.96364
3.42832
2.79425
4.32592
4.32592
2.79425
3.42832
2.96364
2.99592
2.94531
2.96175
2.99999
3.13588
2.79425
2.79425
3.13588
2.99999
2.96175
2.94531
2.93063
2.93959
3.02993
2.99999
3.42832
3.42832
2.99999
3.02993
2.93959
2.93063
2.90464
2.91454
2.93959
2.96175
2.96364
2.96364
2.96175
2.93959
2.91454
2.90464
2.89551
2.90464
2.93063
2.94531
2.99592
2.99592
2.94531
2.93063
2.90464
2.89551
2.57128
2.579
2.60538
2.61445
2.65783
2.65783
2.61445
2.60538
2.579
2.57128
2.579
2.58633
2.60853
2.62205
2.63696
2.63696
2.62205
2.60853
2.58633
2.579
2.60538
2.60853
2.68083
2.61914
2.77458
2.77458
2.61914
2.68083
2.60853
2.60538
2.61445
2.62205
2.61914
2.64369
2.59108
2.59108
2.64369
2.61914
2.62205
2.61445
2.65783
2.63696
2.77458
2.59108
6.11394
6.11394
2.59108
2.77458
2.63696
2.65783
2.65783
2.63696
2.77458
2.59108
6.11394
6.11393
2.59108
2.77458
2.63696
2.65783
2.61445
2.62205
2.61914
2.64369
2.59108
2.59108
2.64369
2.61914
2.62205
2.61445
2.60538
2.60853
2.68083
2.61914
2.77458
2.77458
2.61914
2.68083
2.60853
2.60538
2.579
2.58633
2.60853
2.62205
2.63696
2.63696
2.62205
2.60853
2.58633
2.579
2.57128
2.579
2.60538
2.61445
2.65783
2.65783
2.61445
2.60538
2.579
2.57128
2.24227
2.2495
2.27445
2.28304
2.31757
2.31757
2.28304
2.27445
2.2495
2.24227
2.2495
2.25397
2.28106
2.27347
2.31255
2.31255
2.27347
2.28106
2.25397
2.2495
2.27445
2.28106
2.32782
2.28564
2.14791
2.14791
2.28564
2.32782
2.28106
2.27445
2.28304
2.27347
2.28564
1.9652
2.37108
2.37108
1.9652
2.28564
2.27347
2.28304
2.31757
2.31255
2.14791
2.37108
2.57108
2.57108
2.37108
2.14791
2.31255
2.31757
2.31757
2.31255
2.14791
2.37108
2.57108
2.57108
2.37108
2.14791
2.31255
2.31757
2.28304
2.27347
2.28564
1.9652
2.37108
2.37108
1.9652
2.28564
2.27347
2.28304
2.27444
2.28106
2.32782
2.28564
2.14791
2.14791
2.28564
2.32782
2.28106
2.27444
2.2495
2.25397
2.28105
2.27347
2.31255
2.31255
2.27347
2.28105
2.25397
2.2495
2.24227
2.2495
2.27444
2.28304
2.31757
2.31757
2.28304
2.27444
2.2495
2.24227
1.9082
1.91472
1.93989
1.94836
1.98389
1.98389
1.94836
1.93989
1.91472
1.9082
1.91472
1.91806
1.94581
1.94256
1.97194
1.97194
1.94256
1.94581
1.91806
1.91472
1.93989
1.94581
2.01146
1.99611
2.05698
2.05698
1.99611
2.01146
1.94581
1.93989
1.94836
1.94256
1.99611
1.80641
2.27269
2.27269
1.80641
1.99611
1.94256
1.94836
1.98389
1.97194
2.05698
2.27269
3.72368
3.72368
2.27269
2.05698
1.97194
1.98389
1.98389
1.97194
2.05698
2.27269
3.72368
3.72368
2.27269
2.05698
1.97194
1.98389
1.94836
1.94256
1.99611
1.80641
2.27269
2.27269
1.80641
1.99611
1.94256
1.94836
1.93989
1.94581
2.01146
1.99611
2.05698
2.05698
1.99611
2.01146
1.94581
1.93989
1.91471
1.91806
1.94581
1.94256
1.97194
1.97194
1.94256
1.94581
1.91806
1.91471
1.9082
1.91471
1.93989
1.94836
1.98389
1.98389
1.94836
1.93989
1.91471
1.9082
1.57054
1.57687
1.60533
1.61614
1.67392
1.67392
1.61614
1.60533
1.57687
1.57054
1.57687
1.58187
1.61654
1.63192
1.69599
1.69599
1.63192
1.61654
1.58186
1.57687
1.60533
1.61654
1.72001
1.74491
2.12932
2.12932
1.74491
1.72001
1.61654
1.60533
1.61614
1.63192
1.74491
1.88589
1.93744
1.93744
1.88589
1.74491
1.63192
1.61614
1.67392
1.69599
2.12932
1.93744
2.41165
2.41165
1.93744
2.12932
1.69598
1.67392
1.67392
1.69599
2.12932
1.93744
2.41165
2.41165
1.93744
2.12932
1.69599
1.67392
1.61614
1.63192
1.74491
1.88589
1.93744
1.93744
1.88589
1.74491
1.63192
1.61614
1.60533
1.61654
1.72001
1.74491
2.12932
2.12932
1.74491
1.72001
1.61654
1.60533
1.57687
1.58186
1.61654
1.63192
1.69598
1.69598
1.63192
1.61654
1.58186
1.57687
1.57054
1.57687
1.60533
1.61614
1.67392
1.67392
1.61614
1.60533
1.57687
1.57054
1.22743
1.23266
1.25962
1.26812
1.33507
1.33507
1.26812
1.25962
1.23266
1.22743
1.23266
1.23692
1.26913
1.28407
1.35795
1.35795
1.28407
1.26913
1.23692
1.23266
1.25962
1.26913
1.38219
1.38282
2.08295
2.08295
1.38282
1.38219
1.26913
1.25962
1.26812
1.28407
1.38282
1.59755
1.10691
1.10691
1.59755
1.38282
1.28407
1.26812
1.33507
1.35795
2.08295
1.10691
-1.53919
-1.5392
1.10691
2.08295
1.35795
1.33507
1.33507
1.35795
2.08295
1.10691
-1.5392
-1.5392
1.10691
2.08295
1.35795
1.33507
1.26812
1.28407
1.38282
1.59755
1.10691
1.10691
1.59755
1.38282
1.28407
1.26812
1.25962
1.26913
1.38219
1.38282
2.08295
2.08295
1.38282
1.38219
1.26913
1.25962
1.23266
1.23692
1.26913
1.28407
1.35795
1.35795
1.28407
1.26913
1.23692
1.23266
1.22743
1.23266
1.25962
1.26812
1.33507
1.33507
1.26812
1.25962
1.23266
1.22743
0.880235
0.883638
0.90577
0.908061
0.964991
0.964991
0.908061
0.90577
0.883638
0.880235
0.883638
0.886152
0.907794
0.918534
0.982712
0.982712
0.918534
0.907794
0.886152
0.883638
0.90577
0.907794
0.995546
0.917712
1.41506
1.41506
0.917712
0.995546
0.907794
0.90577
0.908061
0.918534
0.917712
1.05195
0.428489
0.428488
1.05195
0.917712
0.918534
0.908061
0.964991
0.982713
1.41506
0.42849
60.6044
60.6044
0.42849
1.41506
0.982712
0.964991
0.964991
0.982713
1.41506
0.428489
60.6044
60.6044
0.428488
1.41506
0.982712
0.964991
0.908061
0.918534
0.917712
1.05195
0.42849
0.428489
1.05195
0.917712
0.918534
0.908061
0.90577
0.907794
0.995546
0.917712
1.41506
1.41506
0.917712
0.995546
0.907794
0.90577
0.883638
0.886152
0.907794
0.918534
0.982712
0.982712
0.918534
0.907794
0.886152
0.883637
0.880235
0.883637
0.905769
0.908061
0.964991
0.964991
0.908061
0.905769
0.883637
0.880235
0.529353
0.531226
0.543702
0.543407
0.559154
0.559154
0.543407
0.543702
0.531226
0.529353
0.531227
0.531882
0.543356
0.534317
0.569764
0.569764
0.534317
0.543356
0.531882
0.531226
0.543702
0.543356
0.551928
0.523928
0.0408297
0.0408298
0.523928
0.551928
0.543356
0.543702
0.543407
0.534317
0.523928
0.200615
0.725987
0.725987
0.200615
0.523928
0.534317
0.543407
0.559154
0.569764
0.0408296
0.725986
2.52358
2.52358
0.725985
0.0408292
0.569764
0.559154
0.559154
0.569764
0.0408299
0.725987
2.52358
2.52358
0.725986
0.0408295
0.569764
0.559154
0.543407
0.534317
0.523928
0.200615
0.725985
0.725986
0.200615
0.523928
0.534316
0.543407
0.543702
0.543356
0.551928
0.523928
0.0408289
0.040829
0.523928
0.551928
0.543356
0.543701
0.531226
0.531881
0.543356
0.534316
0.569764
0.569764
0.534316
0.543356
0.531881
0.531226
0.529353
0.531226
0.543701
0.543407
0.559154
0.559154
0.543407
0.543701
0.531226
0.529353
0.175662
0.175545
0.174126
0.171156
0.151518
0.151518
0.171156
0.174126
0.175545
0.175662
0.175545
0.173078
0.171768
0.150633
0.119855
0.119855
0.150633
0.171768
0.173078
0.175545
0.174126
0.171768
0.130143
0.112112
-0.173053
-0.173053
0.112112
0.130143
0.171768
0.174126
0.171156
0.150633
0.112112
-0.140821
-0.0680911
-0.0680911
-0.140821
0.112112
0.150633
0.171156
0.151518
0.119855
-0.173053
-0.068091
-0.684446
-0.684446
-0.0680908
-0.173053
0.119855
0.151518
0.151518
0.119855
-0.173053
-0.0680911
-0.684446
-0.684445
-0.0680909
-0.173053
0.119855
0.151518
0.171156
0.150633
0.112112
-0.140821
-0.0680908
-0.0680908
-0.140821
0.112112
0.150633
0.171156
0.174126
0.171768
0.130143
0.112112
-0.173053
-0.173053
0.112112
0.130143
0.171768
0.174126
0.175545
0.173078
0.171768
0.150633
0.119855
0.119855
0.150633
0.171768
0.173078
0.175545
0.175662
0.175545
0.174126
0.171156
0.151518
0.151518
0.171156
0.174126
0.175545
0.175662
)
;

boundaryField
{
    bottom
    {
        type            calculated;
        value           nonuniform List<scalar> 0();
    }
    atmosphere
    {
        type            calculated;
        value           nonuniform List<scalar> 
100
(
0
0
0
0
0
0
0
0
0
0
0
0
0
0
0
0
0
0
0
0
0
0
0
0
-0.0193787
-0.0193787
0
0
0
0
0
0
0
-0.0229516
-0.655632
-0.655632
-0.0229515
0
0
0
0
0
-0.0193787
-0.655632
-0.994493
-0.994493
-0.655632
-0.0193787
0
0
0
0
-0.0193787
-0.655632
-0.994493
-0.994493
-0.655632
-0.0193787
0
0
0
0
0
-0.0229516
-0.655632
-0.655632
-0.0229516
0
0
0
0
0
0
0
-0.0193787
-0.0193787
0
0
0
0
0
0
0
0
0
0
0
0
0
0
0
0
0
0
0
0
0
0
0
0
)
;
    }
    walls
    {
        type            calculated;
        value           nonuniform List<scalar> 
400
(
3.21416
3.22425
3.24783
3.2664
3.3119
3.3119
3.2664
3.24783
3.22425
3.21416
2.89551
2.90464
2.93063
2.94531
2.99592
2.99592
2.94531
2.93063
2.90464
2.89551
2.57128
2.579
2.60538
2.61445
2.65783
2.65783
2.61445
2.60538
2.579
2.57128
2.24227
2.2495
2.27445
2.28304
2.31757
2.31757
2.28304
2.27444
2.2495
2.24227
1.9082
1.91472
1.93989
1.94836
1.98389
1.98389
1.94836
1.93989
1.91471
1.9082
1.57054
1.57687
1.60533
1.61614
1.67392
1.67392
1.61614
1.60533
1.57687
1.57054
1.22743
1.23266
1.25962
1.26812
1.33507
1.33507
1.26812
1.25962
1.23266
1.22743
0.880235
0.883638
0.90577
0.908061
0.964991
0.964991
0.908061
0.90577
0.883638
0.880235
0.529353
0.531227
0.543702
0.543407
0.559154
0.559154
0.543407
0.543702
0.531226
0.529353
0.175662
0.175545
0.174126
0.171156
0.151518
0.151518
0.171156
0.174126
0.175545
0.175662
3.21416
3.22425
3.24783
3.2664
3.3119
3.3119
3.2664
3.24783
3.22425
3.21416
2.89551
2.90464
2.93063
2.94531
2.99592
2.99592
2.94531
2.93063
2.90464
2.89551
2.57128
2.579
2.60538
2.61445
2.65783
2.65783
2.61445
2.60538
2.579
2.57128
2.24227
2.2495
2.27445
2.28304
2.31757
2.31757
2.28304
2.27444
2.2495
2.24227
1.9082
1.91472
1.93989
1.94836
1.98389
1.98389
1.94836
1.93989
1.91471
1.9082
1.57054
1.57687
1.60533
1.61614
1.67392
1.67392
1.61614
1.60533
1.57687
1.57054
1.22743
1.23266
1.25962
1.26812
1.33507
1.33507
1.26812
1.25962
1.23266
1.22743
0.880235
0.883638
0.90577
0.908061
0.964991
0.964991
0.908061
0.90577
0.883637
0.880235
0.529353
0.531226
0.543702
0.543407
0.559154
0.559154
0.543407
0.543701
0.531226
0.529353
0.175662
0.175545
0.174126
0.171156
0.151518
0.151518
0.171156
0.174126
0.175545
0.175662
3.21416
2.89551
2.57128
2.24227
1.9082
1.57054
1.22743
0.880235
0.529353
0.175662
3.22425
2.90464
2.579
2.2495
1.91472
1.57687
1.23266
0.883638
0.531226
0.175545
3.24783
2.93063
2.60538
2.27445
1.93989
1.60533
1.25962
0.90577
0.543702
0.174126
3.26641
2.94531
2.61445
2.28304
1.94836
1.61614
1.26812
0.908061
0.543407
0.171156
3.3119
2.99592
2.65783
2.31757
1.98389
1.67392
1.33507
0.964991
0.559154
0.151518
3.3119
2.99592
2.65783
2.31757
1.98389
1.67392
1.33507
0.964991
0.559154
0.151518
3.26641
2.94531
2.61445
2.28304
1.94836
1.61614
1.26812
0.908061
0.543407
0.171156
3.24783
2.93063
2.60538
2.27445
1.93989
1.60533
1.25962
0.90577
0.543702
0.174126
3.22425
2.90464
2.579
2.2495
1.91472
1.57687
1.23266
0.883638
0.531226
0.175545
3.21416
2.89551
2.57128
2.24227
1.9082
1.57054
1.22743
0.880235
0.529353
0.175662
3.21416
2.89551
2.57128
2.24227
1.9082
1.57054
1.22743
0.880235
0.529353
0.175662
3.22425
2.90464
2.579
2.2495
1.91471
1.57687
1.23266
0.883637
0.531226
0.175545
3.24783
2.93063
2.60538
2.27444
1.93989
1.60533
1.25962
0.905769
0.543701
0.174126
3.2664
2.94531
2.61445
2.28304
1.94836
1.61614
1.26812
0.908061
0.543407
0.171156
3.3119
2.99592
2.65783
2.31757
1.98389
1.67392
1.33507
0.964991
0.559154
0.151518
3.3119
2.99592
2.65783
2.31757
1.98389
1.67392
1.33507
0.964991
0.559154
0.151518
3.2664
2.94531
2.61445
2.28304
1.94836
1.61614
1.26812
0.908061
0.543407
0.171156
3.24783
2.93063
2.60538
2.27444
1.93989
1.60533
1.25962
0.905769
0.543701
0.174126
3.22425
2.90464
2.579
2.2495
1.91471
1.57687
1.23266
0.883637
0.531226
0.175545
3.21416
2.89551
2.57128
2.24227
1.9082
1.57054
1.22743
0.880235
0.529353
0.175662
)
;
    }
    procBoundary1to0
    {
        type            processor;
        value           nonuniform List<scalar> 
100
(
3.52751
3.53819
3.55717
3.57838
3.60593
3.60593
3.57838
3.55717
3.53819
3.52751
3.53819
3.55183
3.57383
3.61385
3.64436
3.64436
3.61385
3.57383
3.55183
3.53819
3.55717
3.57383
3.61725
3.64936
3.75953
3.75953
3.64936
3.61725
3.57383
3.55717
3.57838
3.61385
3.64936
3.90223
4.07127
4.07127
3.90223
3.64936
3.61385
3.57838
3.60593
3.64436
3.75953
4.07127
2.78497
2.78497
4.07127
3.75953
3.64436
3.60593
3.60593
3.64436
3.75953
4.07127
2.78497
2.78497
4.07127
3.75953
3.64436
3.60593
3.57838
3.61385
3.64936
3.90223
4.07127
4.07127
3.90223
3.64936
3.61385
3.57838
3.55717
3.57383
3.61725
3.64936
3.75953
3.75953
3.64936
3.61725
3.57383
3.55717
3.53819
3.55183
3.57383
3.61384
3.64436
3.64436
3.61384
3.57383
3.55183
3.53819
3.52751
3.53819
3.55717
3.57838
3.60593
3.60593
3.57838
3.55717
3.53819
3.52751
)
;
    }
}


// ************************************************************************* //
