/*--------------------------------*- C++ -*----------------------------------*\
| =========                 |                                                 |
| \\      /  F ield         | OpenFOAM: The Open Source CFD Toolbox           |
|  \\    /   O peration     | Version:  2412                                  |
|   \\  /    A nd           | Website:  www.openfoam.com                      |
|    \\/     M anipulation  |                                                 |
\*---------------------------------------------------------------------------*/
FoamFile
{
    version     2.0;
    format      ascii;
    arch        "LSB;label=32;scalar=64";
    class       volScalarField;
    location    "0.13";
    object      p_rgh;
}
// * * * * * * * * * * * * * * * * * * * * * * * * * * * * * * * * * * * * * //

dimensions      [1 -1 -2 0 0 0 0];

internalField   nonuniform List<scalar> 
1000
(
11.5773
11.5792
11.5827
11.5861
11.5887
11.5887
11.5861
11.5827
11.5792
11.5773
11.5792
11.5813
11.5852
11.589
11.592
11.592
11.589
11.5852
11.5813
11.5792
11.5827
11.5852
11.5899
11.5945
11.5983
11.5983
11.5945
11.5899
11.5852
11.5827
11.5861
11.589
11.5945
11.6001
11.6047
11.6047
11.6001
11.5945
11.589
11.5861
11.5887
11.592
11.5983
11.6047
11.6103
11.6103
11.6047
11.5983
11.592
11.5887
11.5887
11.592
11.5983
11.6047
11.6103
11.6103
11.6047
11.5983
11.592
11.5887
11.5861
11.589
11.5945
11.6001
11.6047
11.6047
11.6001
11.5945
11.589
11.5861
11.5827
11.5852
11.5899
11.5945
11.5983
11.5983
11.5945
11.5899
11.5852
11.5827
11.5792
11.5813
11.5852
11.589
11.592
11.592
11.589
11.5852
11.5813
11.5792
11.5773
11.5792
11.5827
11.5861
11.5887
11.5887
11.5861
11.5827
11.5792
11.5773
11.5733
11.5757
11.5801
11.5845
11.5878
11.5878
11.5845
11.5801
11.5757
11.5733
11.5757
11.5784
11.5834
11.5884
11.5923
11.5923
11.5884
11.5834
11.5784
11.5757
11.5801
11.5834
11.5895
11.5957
11.6009
11.6009
11.5957
11.5895
11.5834
11.5801
11.5845
11.5884
11.5957
11.6032
11.6098
11.6098
11.6032
11.5957
11.5884
11.5845
11.5878
11.5923
11.6009
11.6098
11.6178
11.6178
11.6098
11.6009
11.5923
11.5878
11.5878
11.5923
11.6009
11.6098
11.6178
11.6178
11.6098
11.6009
11.5923
11.5878
11.5845
11.5884
11.5957
11.6032
11.6098
11.6098
11.6032
11.5957
11.5884
11.5845
11.5801
11.5834
11.5895
11.5957
11.6009
11.6009
11.5957
11.5895
11.5834
11.5801
11.5757
11.5784
11.5834
11.5884
11.5923
11.5923
11.5884
11.5834
11.5784
11.5757
11.5733
11.5757
11.5801
11.5845
11.5878
11.5878
11.5845
11.5801
11.5757
11.5733
11.5681
11.5712
11.5767
11.5822
11.5866
11.5866
11.5822
11.5767
11.5712
11.5681
11.5712
11.5746
11.581
11.5874
11.5926
11.5926
11.5874
11.581
11.5746
11.5712
11.5767
11.581
11.5889
11.5971
11.6042
11.6042
11.5971
11.5889
11.581
11.5767
11.5822
11.5874
11.5971
11.6073
11.6167
11.6167
11.6073
11.5971
11.5874
11.5822
11.5866
11.5926
11.6042
11.6167
11.6285
11.6285
11.6167
11.6042
11.5926
11.5866
11.5866
11.5926
11.6042
11.6167
11.6285
11.6285
11.6167
11.6042
11.5926
11.5866
11.5822
11.5874
11.5971
11.6073
11.6167
11.6167
11.6073
11.5971
11.5874
11.5822
11.5767
11.581
11.5889
11.5971
11.6042
11.6042
11.5971
11.5889
11.581
11.5767
11.5712
11.5746
11.581
11.5874
11.5926
11.5926
11.5874
11.581
11.5746
11.5712
11.5681
11.5712
11.5767
11.5822
11.5866
11.5866
11.5822
11.5767
11.5712
11.5681
11.5615
11.5653
11.5722
11.5791
11.5848
11.5848
11.5791
11.5722
11.5653
11.5615
11.5653
11.5696
11.5777
11.5859
11.5929
11.5929
11.5859
11.5777
11.5696
11.5653
11.5722
11.5777
11.588
11.5988
11.6086
11.6086
11.5988
11.588
11.5777
11.5722
11.5791
11.5859
11.5988
11.6126
11.626
11.626
11.6126
11.5988
11.5859
11.5791
11.5848
11.5929
11.6086
11.626
11.6436
11.6436
11.626
11.6086
11.5929
11.5848
11.5848
11.5929
11.6086
11.626
11.6436
11.6436
11.626
11.6086
11.5929
11.5848
11.5791
11.5859
11.5988
11.6126
11.626
11.626
11.6126
11.5988
11.5859
11.5791
11.5722
11.5777
11.588
11.5988
11.6086
11.6086
11.5988
11.588
11.5777
11.5722
11.5653
11.5696
11.5777
11.5859
11.5929
11.5929
11.5859
11.5777
11.5696
11.5653
11.5615
11.5653
11.5722
11.5791
11.5848
11.5848
11.5791
11.5722
11.5653
11.5615
11.5531
11.5577
11.5662
11.5749
11.5822
11.5822
11.5749
11.5662
11.5577
11.5531
11.5577
11.5631
11.5732
11.5836
11.5929
11.5929
11.5836
11.5732
11.5631
11.5577
11.5662
11.5732
11.5864
11.6007
11.6141
11.6141
11.6007
11.5864
11.5732
11.5662
11.5749
11.5836
11.6007
11.6194
11.6387
11.6387
11.6194
11.6007
11.5836
11.5749
11.5822
11.5929
11.6141
11.6387
11.665
11.665
11.6387
11.6141
11.5929
11.5822
11.5822
11.5929
11.6141
11.6387
11.665
11.665
11.6387
11.6141
11.5929
11.5822
11.5749
11.5836
11.6007
11.6194
11.6387
11.6387
11.6194
11.6007
11.5836
11.5749
11.5662
11.5732
11.5864
11.6007
11.6141
11.6141
11.6007
11.5864
11.5732
11.5662
11.5577
11.5631
11.5732
11.5836
11.5929
11.5929
11.5836
11.5732
11.5631
11.5577
11.5531
11.5577
11.5662
11.5749
11.5822
11.5822
11.5749
11.5662
11.5577
11.5531
11.5425
11.5481
11.5584
11.5691
11.5784
11.5784
11.5691
11.5584
11.5481
11.5425
11.5481
11.5546
11.5672
11.5803
11.5926
11.5926
11.5803
11.5672
11.5546
11.5481
11.5584
11.5672
11.5839
11.6026
11.621
11.621
11.6026
11.5839
11.5672
11.5584
11.5691
11.5803
11.6026
11.6279
11.6559
11.6559
11.6279
11.6026
11.5803
11.5691
11.5784
11.5926
11.621
11.6559
11.6959
11.6959
11.6559
11.621
11.5926
11.5784
11.5784
11.5926
11.621
11.6559
11.6959
11.6959
11.6559
11.621
11.5926
11.5784
11.5691
11.5803
11.6026
11.6279
11.6559
11.6559
11.6279
11.6026
11.5803
11.5691
11.5584
11.5672
11.5839
11.6026
11.621
11.621
11.6026
11.5839
11.5672
11.5584
11.5481
11.5546
11.5672
11.5803
11.5926
11.5926
11.5803
11.5672
11.5546
11.5481
11.5425
11.5481
11.5584
11.5691
11.5784
11.5784
11.5691
11.5584
11.5481
11.5425
11.5292
11.5358
11.5481
11.5612
11.573
11.573
11.5612
11.5481
11.5358
11.5292
11.5358
11.5438
11.5591
11.5755
11.5919
11.5919
11.5755
11.5591
11.5438
11.5358
11.5481
11.5591
11.58
11.6043
11.6294
11.6294
11.6043
11.58
11.5591
11.5481
11.5612
11.5755
11.6043
11.6383
11.6789
11.6789
11.6383
11.6043
11.5755
11.5612
11.573
11.5919
11.6294
11.6789
11.7403
11.7403
11.6789
11.6294
11.5919
11.573
11.573
11.5919
11.6294
11.6789
11.7403
11.7403
11.6789
11.6294
11.5919
11.573
11.5612
11.5755
11.6043
11.6383
11.6789
11.6789
11.6383
11.6043
11.5755
11.5612
11.5481
11.5591
11.58
11.6043
11.6294
11.6294
11.6043
11.58
11.5591
11.5481
11.5358
11.5438
11.5591
11.5755
11.5919
11.5919
11.5755
11.5591
11.5438
11.5358
11.5292
11.5358
11.5481
11.5612
11.573
11.573
11.5612
11.5481
11.5358
11.5292
11.5126
11.5203
11.5348
11.5505
11.565
11.565
11.5505
11.5348
11.5203
11.5126
11.5203
11.5298
11.5482
11.5685
11.5897
11.5897
11.5685
11.5482
11.5298
11.5203
11.5348
11.5482
11.5737
11.6051
11.639
11.639
11.6051
11.5737
11.5482
11.5348
11.5505
11.5685
11.6051
11.6505
11.7097
11.7097
11.6505
11.6051
11.5685
11.5505
11.565
11.5897
11.639
11.7097
11.8048
11.8048
11.7097
11.639
11.5897
11.565
11.565
11.5897
11.639
11.7097
11.8048
11.8048
11.7097
11.639
11.5897
11.565
11.5505
11.5685
11.6051
11.6505
11.7097
11.7097
11.6505
11.6051
11.5685
11.5505
11.5348
11.5482
11.5737
11.6051
11.639
11.639
11.6051
11.5737
11.5482
11.5348
11.5203
11.5298
11.5482
11.5685
11.5897
11.5897
11.5685
11.5482
11.5298
11.5203
11.5126
11.5203
11.5348
11.5505
11.565
11.565
11.5505
11.5348
11.5203
11.5126
11.4921
11.501
11.5175
11.5361
11.5537
11.5537
11.5361
11.5175
11.501
11.4921
11.501
11.5121
11.5336
11.5582
11.5855
11.5855
11.5582
11.5336
11.5121
11.501
11.5175
11.5336
11.5641
11.6038
11.6487
11.6487
11.6038
11.5641
11.5336
11.5175
11.5361
11.5582
11.6038
11.6639
11.7499
11.7499
11.6639
11.6038
11.5582
11.5361
11.5537
11.5855
11.6487
11.7499
11.8985
11.8985
11.7499
11.6487
11.5855
11.5537
11.5537
11.5855
11.6487
11.7499
11.8985
11.8985
11.7499
11.6487
11.5855
11.5537
11.5361
11.5582
11.6038
11.6639
11.7499
11.7499
11.6639
11.6038
11.5582
11.5361
11.5175
11.5336
11.5641
11.6038
11.6487
11.6487
11.6038
11.5641
11.5336
11.5175
11.501
11.5121
11.5336
11.5582
11.5855
11.5855
11.5582
11.5336
11.5121
11.501
11.4921
11.501
11.5175
11.5361
11.5537
11.5537
11.5361
11.5175
11.501
11.4921
11.4673
11.4772
11.4956
11.5169
11.5376
11.5376
11.5169
11.4956
11.4772
11.4673
11.4772
11.4899
11.5144
11.5435
11.5778
11.5778
11.5435
11.5144
11.4899
11.4772
11.4956
11.5144
11.5493
11.5987
11.6563
11.6563
11.5987
11.5493
11.5144
11.4956
11.5169
11.5435
11.5987
11.6765
11.8009
11.8009
11.6765
11.5987
11.5435
11.5169
11.5376
11.5778
11.6563
11.8009
12.0361
12.0361
11.8009
11.6563
11.5778
11.5376
11.5376
11.5778
11.6562
11.8009
12.0361
12.0361
11.8009
11.6562
11.5778
11.5376
11.5169
11.5435
11.5987
11.6765
11.8009
11.8009
11.6765
11.5987
11.5435
11.5169
11.4956
11.5144
11.5492
11.5987
11.6562
11.6562
11.5987
11.5492
11.5144
11.4956
11.4772
11.4899
11.5144
11.5435
11.5778
11.5778
11.5435
11.5144
11.4899
11.4772
11.4673
11.4772
11.4956
11.5169
11.5376
11.5376
11.5169
11.4956
11.4772
11.4673
)
;

boundaryField
{
    bottom
    {
        type            fixedFluxPressure;
        gradient        nonuniform List<scalar> 0();
        value           nonuniform List<scalar> 0();
    }
    atmosphere
    {
        type            prghTotalPressure;
        p0              nonuniform List<scalar> 0();
        value           nonuniform List<scalar> 0();
    }
    walls
    {
        type            fixedFluxPressure;
        gradient        uniform 0;
        value           nonuniform List<scalar> 
400
(
11.5773
11.5792
11.5827
11.5861
11.5887
11.5887
11.5861
11.5827
11.5792
11.5773
11.5733
11.5757
11.5801
11.5845
11.5878
11.5878
11.5845
11.5801
11.5757
11.5733
11.5681
11.5712
11.5767
11.5822
11.5866
11.5866
11.5822
11.5767
11.5712
11.5681
11.5615
11.5653
11.5722
11.5791
11.5848
11.5848
11.5791
11.5722
11.5653
11.5615
11.5531
11.5577
11.5662
11.5749
11.5822
11.5822
11.5749
11.5662
11.5577
11.5531
11.5425
11.5481
11.5584
11.5691
11.5784
11.5784
11.5691
11.5584
11.5481
11.5425
11.5292
11.5358
11.5481
11.5612
11.573
11.573
11.5612
11.5481
11.5358
11.5292
11.5126
11.5203
11.5348
11.5505
11.565
11.565
11.5505
11.5348
11.5203
11.5126
11.4921
11.501
11.5175
11.5361
11.5537
11.5537
11.5361
11.5175
11.501
11.4921
11.4673
11.4772
11.4956
11.5169
11.5376
11.5376
11.5169
11.4956
11.4772
11.4673
11.5773
11.5792
11.5827
11.5861
11.5887
11.5887
11.5861
11.5827
11.5792
11.5773
11.5733
11.5757
11.5801
11.5845
11.5878
11.5878
11.5845
11.5801
11.5757
11.5733
11.5681
11.5712
11.5767
11.5822
11.5866
11.5866
11.5822
11.5767
11.5712
11.5681
11.5615
11.5653
11.5722
11.5791
11.5848
11.5848
11.5791
11.5722
11.5653
11.5615
11.5531
11.5577
11.5662
11.5749
11.5822
11.5822
11.5749
11.5662
11.5577
11.5531
11.5425
11.5481
11.5584
11.5691
11.5784
11.5784
11.5691
11.5584
11.5481
11.5425
11.5292
11.5358
11.5481
11.5612
11.573
11.573
11.5612
11.5481
11.5358
11.5292
11.5126
11.5203
11.5348
11.5505
11.565
11.565
11.5505
11.5348
11.5203
11.5126
11.4921
11.501
11.5175
11.5361
11.5537
11.5537
11.5361
11.5175
11.501
11.4921
11.4673
11.4772
11.4956
11.5169
11.5376
11.5376
11.5169
11.4956
11.4772
11.4673
11.5773
11.5733
11.5681
11.5615
11.5531
11.5425
11.5292
11.5126
11.4921
11.4673
11.5792
11.5757
11.5712
11.5653
11.5577
11.5481
11.5358
11.5203
11.501
11.4772
11.5827
11.5801
11.5767
11.5722
11.5662
11.5584
11.5481
11.5348
11.5175
11.4956
11.5861
11.5845
11.5822
11.5791
11.5749
11.5691
11.5612
11.5505
11.5361
11.5169
11.5887
11.5878
11.5866
11.5848
11.5822
11.5784
11.573
11.565
11.5537
11.5376
11.5887
11.5878
11.5866
11.5848
11.5822
11.5784
11.573
11.565
11.5537
11.5376
11.5861
11.5845
11.5822
11.5791
11.5749
11.5691
11.5612
11.5505
11.5361
11.5169
11.5827
11.5801
11.5767
11.5722
11.5662
11.5584
11.5481
11.5348
11.5175
11.4956
11.5792
11.5757
11.5712
11.5653
11.5577
11.5481
11.5358
11.5203
11.501
11.4772
11.5773
11.5733
11.5681
11.5615
11.5531
11.5425
11.5292
11.5126
11.4921
11.4673
11.5773
11.5733
11.5681
11.5615
11.5531
11.5425
11.5292
11.5126
11.4921
11.4673
11.5792
11.5757
11.5712
11.5653
11.5577
11.5481
11.5358
11.5203
11.501
11.4772
11.5827
11.5801
11.5767
11.5722
11.5662
11.5584
11.5481
11.5348
11.5175
11.4956
11.5861
11.5845
11.5822
11.5791
11.5749
11.5691
11.5612
11.5505
11.5361
11.5169
11.5887
11.5878
11.5866
11.5848
11.5822
11.5784
11.573
11.565
11.5537
11.5376
11.5887
11.5878
11.5866
11.5848
11.5822
11.5784
11.573
11.565
11.5537
11.5376
11.5861
11.5845
11.5822
11.5791
11.5749
11.5691
11.5612
11.5505
11.5361
11.5169
11.5827
11.5801
11.5767
11.5722
11.5662
11.5584
11.5481
11.5348
11.5175
11.4956
11.5792
11.5757
11.5712
11.5653
11.5577
11.5481
11.5358
11.5203
11.501
11.4772
11.5773
11.5733
11.5681
11.5615
11.5531
11.5425
11.5292
11.5126
11.4921
11.4673
)
;
    }
    procBoundary2to0
    {
        type            processor;
        value           nonuniform List<scalar> 
100
(
11.4374
11.4483
11.4679
11.4917
11.5151
11.5151
11.4917
11.4679
11.4483
11.4374
11.4483
11.4623
11.4892
11.5227
11.5648
11.5648
11.5227
11.4892
11.4623
11.4483
11.4679
11.4892
11.527
11.5867
11.657
11.657
11.5867
11.527
11.4892
11.4679
11.4917
11.5227
11.5867
11.6844
11.8629
11.8629
11.6844
11.5867
11.5227
11.4917
11.5151
11.5648
11.657
11.8629
12.2697
12.2697
11.8629
11.657
11.5648
11.5151
11.5151
11.5648
11.657
11.8629
12.2697
12.2697
11.8629
11.657
11.5648
11.5151
11.4917
11.5227
11.5867
11.6844
11.8629
11.8629
11.6844
11.5867
11.5227
11.4917
11.4679
11.4892
11.527
11.5867
11.657
11.657
11.5867
11.527
11.4892
11.4679
11.4483
11.4623
11.4892
11.5227
11.5648
11.5648
11.5227
11.4892
11.4623
11.4483
11.4374
11.4483
11.4679
11.4917
11.5151
11.5151
11.4917
11.4679
11.4483
11.4374
)
;
    }
    procBoundary2to3
    {
        type            processor;
        value           nonuniform List<scalar> 
100
(
11.5804
11.5819
11.5846
11.5873
11.5892
11.5892
11.5873
11.5846
11.5819
11.5804
11.5819
11.5836
11.5866
11.5895
11.5917
11.5917
11.5895
11.5866
11.5836
11.5819
11.5846
11.5866
11.5901
11.5936
11.5963
11.5963
11.5936
11.5901
11.5866
11.5846
11.5873
11.5895
11.5936
11.5977
11.601
11.601
11.5977
11.5936
11.5895
11.5873
11.5892
11.5917
11.5963
11.601
11.6048
11.6048
11.601
11.5963
11.5917
11.5892
11.5892
11.5917
11.5963
11.601
11.6048
11.6048
11.601
11.5963
11.5917
11.5892
11.5873
11.5895
11.5936
11.5977
11.601
11.601
11.5977
11.5936
11.5895
11.5873
11.5846
11.5866
11.5901
11.5936
11.5963
11.5963
11.5936
11.5901
11.5866
11.5846
11.5819
11.5835
11.5866
11.5895
11.5917
11.5917
11.5895
11.5866
11.5835
11.5819
11.5804
11.5819
11.5846
11.5873
11.5892
11.5892
11.5873
11.5846
11.5819
11.5804
)
;
    }
}


// ************************************************************************* //
