/*--------------------------------*- C++ -*----------------------------------*\
| =========                 |                                                 |
| \\      /  F ield         | OpenFOAM: The Open Source CFD Toolbox           |
|  \\    /   O peration     | Version:  2412                                  |
|   \\  /    A nd           | Website:  www.openfoam.com                      |
|    \\/     M anipulation  |                                                 |
\*---------------------------------------------------------------------------*/
FoamFile
{
    version     2.0;
    format      ascii;
    arch        "LSB;label=32;scalar=64";
    class       volScalarField;
    location    "0.85";
    object      p_rgh;
}
// * * * * * * * * * * * * * * * * * * * * * * * * * * * * * * * * * * * * * //

dimensions      [1 -1 -2 0 0 0 0];

internalField   nonuniform List<scalar> 
4000
(
227.799
153.293
114.341
74.7176
66.8422
66.8424
74.7173
114.341
153.293
227.799
153.294
93.4024
69.0485
34.3452
28.9079
28.9078
34.3453
69.0487
93.4021
153.294
114.341
69.0485
55.264
38.5018
33.7823
33.7822
38.5018
55.264
69.0486
114.341
74.7176
34.3452
38.5016
28.2913
23.6769
23.6765
28.291
38.5014
34.3451
74.7175
66.842
28.9079
33.7822
23.6769
23.1835
23.1833
23.6766
33.7819
28.9079
66.8419
66.8424
28.9078
33.782
23.6763
23.183
23.1828
23.6759
33.7817
28.9078
66.8424
74.7172
34.3453
38.5017
28.2907
23.6761
23.6758
28.2903
38.5015
34.3452
74.7172
114.341
69.0488
55.264
38.5013
33.7817
33.7816
38.5014
55.2641
69.0489
114.341
153.294
93.402
69.0486
34.345
28.9079
28.9077
34.3451
69.0488
93.4018
153.294
227.799
153.294
114.341
74.7176
66.8421
66.8424
74.7173
114.341
153.294
227.799
230.539
133.732
66.6634
49.3621
38.5077
38.5081
49.3615
66.663
133.732
230.539
133.732
25.4955
29.087
21.1319
11.6593
11.6599
21.1323
29.0873
25.4954
133.732
66.6636
29.0871
41.1331
34.0819
26.0108
26.0112
34.0822
41.1331
29.0871
66.6635
49.3621
21.1319
34.0817
22.3698
18.5636
18.5634
22.3695
34.0815
21.1318
49.3619
38.5074
11.6591
26.0107
18.5638
16.8439
16.8435
18.5636
26.0106
11.6591
38.5074
38.5081
11.66
26.0112
18.5632
16.8431
16.8428
18.563
26.011
11.6599
38.5082
49.3614
21.1324
34.0822
22.3691
18.5632
18.563
22.3688
34.082
21.1323
49.3613
66.6629
29.0873
41.1331
34.0815
26.0106
26.0108
34.0818
41.1332
29.0873
66.6629
133.732
25.4953
29.0871
21.1318
11.6592
11.6597
21.1322
29.0873
25.4953
133.732
230.539
133.732
66.6634
49.362
38.5078
38.5084
49.3615
66.663
133.732
230.539
228.051
75.1529
59.5354
37.1974
20.2444
20.2446
37.1973
59.5356
75.1527
228.051
75.153
13.3153
17.1613
10.8478
9.97081
9.97071
10.8484
17.1616
13.3153
75.153
59.5356
17.1614
24.6729
22.3075
21.1275
21.1279
22.3079
24.6731
17.1615
59.5359
37.1974
10.8476
22.3073
21.6941
19.1885
19.1882
21.6938
22.3072
10.8475
37.1976
20.2443
9.97091
21.1273
19.1886
17.1717
17.1715
19.1884
21.1271
9.9709
20.2443
20.2446
9.97075
21.1279
19.188
17.1714
17.1713
19.1879
21.1276
9.97074
20.2445
37.1972
10.8485
22.3079
21.6937
19.1882
19.188
21.6935
22.3079
10.8484
37.1974
59.5357
17.1617
24.6732
22.3072
21.1271
21.1274
22.3077
24.6733
17.1618
59.5361
75.1528
13.3152
17.1615
10.8476
9.9708
9.97071
10.8482
17.1617
13.3152
75.1528
228.051
75.153
59.5359
37.1979
20.2444
20.2446
37.1978
59.5361
75.1528
228.051
208.384
51.2166
40.3259
23.7443
16.6926
16.6927
23.7428
40.3261
51.2167
208.386
51.2168
9.73247
13.2652
7.36477
10.6615
10.6614
7.36523
13.2653
9.73236
51.2169
40.3262
13.2653
17.3447
15.8039
19.0398
19.0402
15.8041
17.3448
13.2654
40.3265
23.7446
7.36466
15.8038
19.0141
17.6658
17.6656
19.0141
15.8037
7.36462
23.7446
16.6925
10.6616
19.0396
17.6659
16.2529
16.2527
17.6659
19.0394
10.6616
16.6925
16.6926
10.6614
19.0402
17.6656
16.2525
16.2523
17.6655
19.0401
10.6614
16.6925
23.7422
7.36537
15.8042
19.0142
17.6658
17.6656
19.0143
15.8041
7.36534
23.7422
40.3263
13.2653
17.3448
15.8037
19.0395
19.0398
15.804
17.345
13.2654
40.3267
51.2169
9.73229
13.2654
7.36456
10.6615
10.6614
7.36503
13.2654
9.73221
51.2171
208.386
51.2169
40.3265
23.7448
16.6926
16.6926
23.7433
40.3268
51.217
208.388
57.1324
45.8794
34.9065
19.9293
15.918
15.918
19.9291
34.9067
45.8797
57.133
45.8797
10.5228
13.4285
9.01209
11.8697
11.8694
9.0123
13.4285
10.5226
45.8801
34.9066
13.4286
16.1839
15.2782
16.2379
16.2381
15.2782
16.184
13.4287
34.9066
19.9293
9.01202
15.2781
16.8945
16.1776
16.1774
16.8946
15.278
9.01201
19.9294
15.9181
11.8698
16.2378
16.1776
15.817
15.8166
16.1775
16.2377
11.8698
15.9182
15.918
11.8695
16.2382
16.1771
15.8161
15.8157
16.177
16.2381
11.8695
15.9181
19.929
9.01234
15.2782
16.8947
16.1772
16.1769
16.8948
15.2781
9.01233
19.9291
34.9068
13.4286
16.1841
15.2781
16.2377
16.2379
15.2781
16.1842
13.4287
34.9068
45.88
10.5225
13.4287
9.01201
11.8698
11.8696
9.01221
13.4286
10.5224
45.8805
57.1332
45.8801
34.9066
19.9295
15.9183
15.9182
19.9293
34.9068
45.8805
57.1339
46.4948
33.5732
28.4003
17.4622
15.4863
15.4866
17.4625
28.4005
33.5736
46.4949
33.5736
10.7002
13.636
10.4066
11.993
11.9928
10.4066
13.636
10.7001
33.5741
28.4004
13.6361
15.3207
13.7898
14.3445
14.3446
13.7897
15.3207
13.6363
28.4006
17.4621
10.4067
13.7898
15.3899
15.0002
15.0001
15.3899
13.7895
10.4068
17.4621
15.4861
11.9931
14.3444
15.0001
14.5254
14.5248
14.9998
14.3443
11.9932
15.486
15.4865
11.9928
14.3446
14.9999
14.5241
14.5236
14.9998
14.3445
11.9928
15.4863
17.4626
10.4066
13.7896
15.39
14.9996
14.9996
15.39
13.7894
10.4067
17.4627
28.4007
13.6361
15.3207
13.7896
14.3443
14.3444
13.7894
15.3207
13.6362
28.401
33.5738
10.7001
13.6362
10.4069
11.9931
11.9929
10.4068
13.6362
10.7001
33.5744
46.495
33.5741
28.4006
17.4623
15.4862
15.4864
17.4627
28.4009
33.5745
46.4951
116.377
28.0807
27.3707
19.1321
16.2767
16.2765
19.1323
27.3708
28.0807
116.376
28.0811
11.8825
15.0645
11.568
12.5912
12.591
11.5678
15.0644
11.8824
28.0815
27.3708
15.0646
14.925
13.4207
13.5262
13.5264
13.4204
14.9249
15.0647
27.371
19.132
11.5682
13.4206
14.1401
14.361
14.3611
14.1401
13.4205
11.5682
19.1319
16.2766
12.5913
13.5262
14.3609
13.8794
13.8795
14.3608
13.5261
12.5912
16.2765
16.2762
12.5909
13.5265
14.361
13.8796
13.8797
14.3609
13.5264
12.5908
16.2761
19.1323
11.5679
13.4203
14.1401
14.3606
14.3607
14.1401
13.4202
11.5679
19.1324
27.3709
15.0646
14.9249
13.4205
13.5262
13.5263
13.4203
14.9248
15.0646
27.3713
28.0809
11.8824
15.0646
11.5682
12.5911
12.5909
11.568
15.0646
11.8826
28.0812
116.376
28.0813
27.3711
19.1321
16.2767
16.2764
19.1325
27.3713
28.0813
116.375
228.646
35.4243
25.9838
19.729
16.2068
16.2064
19.7285
25.9835
35.4243
228.647
35.4245
12.0355
15.2348
12.0135
12.5116
12.5113
12.0132
15.2345
12.0352
35.4248
25.9843
15.2353
14.6983
12.9455
12.9827
12.9828
12.9455
14.6982
15.2356
25.9847
19.7291
12.0137
12.9455
13.134
13.3928
13.393
13.1341
12.9454
12.0137
19.7292
16.2068
12.5117
12.9827
13.3928
13.3377
13.3378
13.3928
12.9827
12.5117
16.2066
16.2061
12.5112
12.9828
13.3931
13.3379
13.3379
13.3931
12.9827
12.5112
16.206
19.7283
12.0132
12.9454
13.1341
13.3928
13.3929
13.1342
12.9454
12.0133
19.7284
25.9836
15.2348
14.6981
12.9454
12.9826
12.9826
12.9454
14.698
15.235
25.984
35.4242
12.0351
15.2353
12.0136
12.5115
12.5112
12.0133
15.235
12.035
35.424
228.647
35.4245
25.9845
19.7291
16.2067
16.2063
19.7286
25.9842
35.424
228.647
257.124
32.3786
26.5266
19.327
16.9098
16.9095
19.3265
26.5263
32.3791
257.125
32.3782
12.2976
14.8509
12.3376
12.5824
12.5821
12.3372
14.8505
12.2972
32.3782
26.5271
14.8514
14.4722
12.3972
12.6688
12.6687
12.3972
14.4721
14.8515
26.5275
19.3274
12.3378
12.3971
12.5423
12.7971
12.7972
12.5425
12.397
12.3378
19.3276
16.9099
12.5825
12.6689
12.7971
12.996
12.996
12.7971
12.6688
12.5824
16.9096
16.9095
12.5821
12.6687
12.7972
12.9961
12.9961
12.7972
12.6686
12.582
16.9093
19.3264
12.3372
12.3972
12.5425
12.7971
12.7971
12.5425
12.3972
12.3372
19.3266
26.5263
14.8506
14.472
12.3971
12.6687
12.6686
12.3971
14.4719
14.8508
26.5265
32.3786
12.2971
14.8513
12.3376
12.5823
12.582
12.3373
14.8509
12.2969
32.3778
257.125
32.3781
26.5273
19.3273
16.9094
16.9092
19.3267
26.5267
32.3777
257.125
283.273
23.6481
24.7964
17.8553
17.0995
17.0993
17.8548
24.7963
23.6481
283.274
23.6481
13.1077
13.585
12.4829
12.5201
12.5202
12.4827
13.5846
13.1074
23.6483
24.7964
13.5851
14.3985
11.9129
12.5499
12.5498
11.9129
14.3985
13.585
24.7966
17.8556
12.483
11.9129
12.0498
12.4323
12.4323
12.05
11.9128
12.4829
17.8559
17.0998
12.5201
12.5498
12.4323
12.678
12.678
12.4322
12.5498
12.52
17.0998
17.0995
12.5201
12.5497
12.4323
12.6781
12.6781
12.4322
12.5497
12.52
17.0995
17.8548
12.4827
11.913
12.05
12.4323
12.4323
12.0501
11.9129
12.4826
17.855
24.7961
13.5845
14.3985
11.9129
12.5498
12.5497
11.9129
14.3984
13.5845
24.796
23.6479
13.1073
13.5849
12.4828
12.52
12.52
12.4827
13.5846
13.1071
23.6478
283.274
23.6482
24.7966
17.8557
17.0995
17.0994
17.8552
24.7961
23.6479
283.274
287.094
20.9381
20.726
14.9632
16.4038
16.4038
14.9629
20.7257
20.9379
287.096
20.9383
13.1304
13.0376
12.8828
12.3816
12.382
12.8829
13.0373
13.1301
20.9384
20.7261
13.0377
14.1777
11.9226
12.4844
12.485
11.9232
14.1777
13.0375
20.7262
14.9634
12.8828
11.9224
12.3726
12.5325
12.5324
12.3727
11.9224
12.8827
14.9636
16.4036
12.3815
12.4842
12.5326
12.487
12.4869
12.5324
12.4841
12.3815
16.4033
16.4037
12.382
12.485
12.5324
12.487
12.487
12.5323
12.4849
12.3819
16.4033
14.9629
12.8828
11.9232
12.3727
12.5324
12.5324
12.3728
11.923
12.8828
14.9631
20.7256
13.0372
14.1778
11.9226
12.4844
12.4848
11.923
14.1778
13.0371
20.7256
20.9379
13.13
13.0375
12.8827
12.3816
12.3819
12.8828
13.0373
13.1299
20.938
287.097
20.9383
20.7262
14.9635
16.4032
16.403
14.9632
20.7257
20.9382
287.098
317.047
22.4689
20.5659
15.0674
14.6543
14.6542
15.0676
20.5665
22.4689
317.049
22.4689
13.3194
12.8439
13.5396
12.173
12.173
13.5396
12.8437
13.3193
22.4689
20.5656
12.8439
13.9972
12.6932
12.5199
12.5199
12.6931
13.9973
12.8439
20.5655
15.0674
13.5396
12.6934
12.62
12.8307
12.8306
12.6199
12.6937
13.5394
15.0676
14.6543
12.173
12.5199
12.8308
12.4135
12.4135
12.8307
12.5198
12.173
14.6542
14.6542
12.173
12.5199
12.8306
12.4136
12.4136
12.8305
12.5199
12.173
14.6541
15.0676
13.5396
12.6931
12.62
12.8307
12.8306
12.6199
12.6934
13.5396
15.0675
20.5668
12.8436
13.9974
12.6936
12.5199
12.52
12.6935
13.9975
12.8437
20.567
22.4689
13.3192
12.8438
13.5394
12.173
12.173
13.5395
12.8438
13.3192
22.4689
317.049
22.4689
20.5655
15.0676
14.6541
14.654
15.0675
20.5667
22.469
317.05
343.257
24.4787
24.6628
20.0216
13.6856
13.6856
20.0227
24.6643
24.4785
343.258
24.4787
13.3958
12.9249
13.7609
12.0092
12.0092
13.7607
12.9247
13.3957
24.4786
24.6622
12.9249
13.0364
13.285
12.3793
12.3793
13.2847
13.0359
12.9249
24.6617
20.0216
13.7608
13.2848
11.9409
12.7336
12.7334
11.9411
13.2845
13.7604
20.0219
13.6855
12.0092
12.3793
12.7337
12.4912
12.4912
12.7335
12.3792
12.0092
13.6855
13.6856
12.0093
12.3793
12.7335
12.4914
12.4914
12.7334
12.3792
12.0093
13.6856
20.0226
13.7606
13.2845
11.9414
12.7336
12.7335
11.9415
13.2845
13.7604
20.0217
24.6649
12.9246
13.0357
13.2846
12.3792
12.3792
13.2845
13.0359
12.9247
24.6651
24.4784
13.3957
12.9249
13.7604
12.0092
12.0092
13.7604
12.9249
13.3956
24.4783
343.258
24.4785
24.6617
20.0221
13.6855
13.6855
20.0219
24.6641
24.4784
343.259
135.938
25.2288
31.4361
23.2831
12.7308
12.7307
23.2831
31.4365
25.2282
135.933
25.2288
13.1192
12.9375
13.6081
12.1229
12.123
13.6079
12.9374
13.1191
25.2284
31.4356
12.9375
12.525
12.8761
12.2259
12.2259
12.8759
12.5247
12.9375
31.4351
23.2828
13.608
12.876
11.955
12.6587
12.6587
11.9548
12.8757
13.6078
23.2822
12.7308
12.1229
12.226
12.6587
12.4765
12.4766
12.6588
12.2259
12.123
12.7307
12.7307
12.123
12.2259
12.6587
12.4766
12.4766
12.6588
12.2259
12.1231
12.7306
23.283
13.6078
12.8758
11.9546
12.6588
12.6588
11.9544
12.8757
13.6078
23.2823
31.4366
12.9372
12.5246
12.8758
12.2259
12.2258
12.8757
12.5246
12.9373
31.4367
25.228
13.119
12.9375
13.6078
12.123
12.1231
13.6078
12.9374
13.119
25.2277
135.932
25.2282
31.4354
23.2826
12.7308
12.7307
23.2826
31.4364
25.2278
135.93
48.0498
21.913
33.2929
18.249
11.9492
11.9492
18.2489
33.2924
21.9127
48.0496
21.913
12.866
12.8206
13.0034
12.3037
12.3038
13.0035
12.8205
12.8659
21.9125
33.2928
12.8205
12.6089
12.419
12.5608
12.5606
12.419
12.6087
12.8205
33.2923
18.2489
13.0033
12.419
12.1763
12.2267
12.227
12.1761
12.4189
13.0033
18.2486
11.9492
12.3037
12.5609
12.2266
11.7926
11.7926
12.227
12.5612
12.3039
11.9492
11.9492
12.3039
12.5607
12.227
11.7925
11.7925
12.2272
12.561
12.3041
11.9492
18.2489
13.0034
12.4189
12.1758
12.2268
12.227
12.1756
12.4189
13.0035
18.2487
33.2922
12.8204
12.6086
12.419
12.561
12.5609
12.4189
12.6085
12.8204
33.2922
21.9126
12.8658
12.8205
13.0034
12.3039
12.304
13.0035
12.8204
12.8657
21.912
48.0496
21.9122
33.2925
18.2487
11.9492
11.9492
18.2488
33.2924
21.912
48.0498
29.4114
18.0458
34.3875
14.4729
11.793
11.793
14.4728
34.3869
18.0463
29.4125
18.0455
12.6182
12.6032
12.1998
12.1093
12.1092
12.2
12.6033
12.6182
18.0448
34.3874
12.6031
12.4015
11.8699
12.8574
12.8574
11.87
12.4014
12.6031
34.3869
14.4729
12.1997
11.8699
12.1655
11.6428
11.6428
12.1655
11.87
12.1998
14.4729
11.7929
12.1092
12.8575
11.6428
11.5539
11.5539
11.6428
12.8576
12.109
11.7929
11.793
12.1091
12.8575
11.6428
11.5539
11.5539
11.6428
12.8577
12.1089
11.793
14.4728
12.1999
11.87
12.1655
11.6428
11.6428
12.1654
11.87
12.2
14.4729
34.3867
12.6033
12.4014
11.87
12.8576
12.8576
11.87
12.4011
12.6032
34.3868
18.0461
12.6182
12.6032
12.1999
12.1091
12.1091
12.2001
12.6032
12.6181
18.0451
29.4127
18.0446
34.3871
14.4729
11.793
11.793
14.473
34.387
18.0449
29.4134
20.5324
19.7848
35.6449
12.4398
11.64
11.6401
12.4398
35.6442
19.7833
20.5309
19.7852
12.5676
12.388
11.6538
11.4828
11.4827
11.654
12.3884
12.5676
19.7841
35.6447
12.3879
12.9382
11.5913
12.4284
12.4286
11.5912
12.9381
12.3882
35.6442
12.4398
11.6537
11.5913
11.7423
11.3952
11.3952
11.7424
11.5913
11.6539
12.44
11.64
11.4828
12.4285
11.3952
11.3991
11.3991
11.3952
12.4284
11.4827
11.6401
11.6401
11.4827
12.4286
11.3952
11.3991
11.399
11.3952
12.4285
11.4826
11.6402
12.4397
11.6541
11.5911
11.7424
11.3952
11.3952
11.7424
11.5911
11.6542
12.4399
35.644
12.3885
12.9381
11.5912
12.4284
12.4285
11.5911
12.9377
12.3886
35.6441
19.783
12.5677
12.3883
11.654
11.4827
11.4826
11.6542
12.3886
12.5677
19.7824
20.5306
19.7836
35.6444
12.4401
11.6402
11.6403
12.4401
35.6444
19.7823
20.53
33.0775
25.7375
32.5341
11.5884
11.3327
11.3326
11.589
32.5312
25.7347
33.0781
25.7383
12.4754
12.1453
11.4339
11.2742
11.2742
11.4342
12.1457
12.4755
25.7372
32.5361
12.1453
12.8291
11.7326
11.409
11.4091
11.7322
12.829
12.1455
32.5373
11.5884
11.4338
11.7326
11.5589
11.2404
11.2404
11.5589
11.7324
11.434
11.5887
11.3329
11.2742
11.409
11.2404
11.2449
11.2448
11.2404
11.409
11.2742
11.3326
11.3329
11.2742
11.4091
11.2404
11.2448
11.2448
11.2404
11.409
11.2742
11.3326
11.5893
11.4343
11.7321
11.559
11.2405
11.2405
11.559
11.732
11.4344
11.5894
32.5316
12.1458
12.829
11.7323
11.409
11.409
11.7321
12.829
12.1459
32.5326
25.7346
12.4755
12.1456
11.434
11.2742
11.2742
11.4343
12.1459
12.4756
25.7346
33.0781
25.7367
32.5359
11.5888
11.3324
11.3322
11.5892
32.5326
25.7347
33.0784
50.9036
22.9499
22.5447
11.5725
11.1163
11.1164
11.5744
22.5434
22.9506
50.9009
22.9498
12.4228
11.8337
11.3928
11.1625
11.1625
11.3931
11.8339
12.4229
22.9505
22.5457
11.8336
12.6768
12.6127
11.2242
11.2242
12.6126
12.6768
11.8337
22.5466
11.5722
11.3928
12.6128
11.6041
11.0968
11.0968
11.604
12.6127
11.3929
11.573
11.1163
11.1624
11.2242
11.0969
11.1246
11.1246
11.0969
11.2242
11.1625
11.1163
11.1164
11.1625
11.2242
11.0968
11.1246
11.1246
11.0969
11.2242
11.1625
11.1164
11.575
11.3931
12.6126
11.604
11.0969
11.0969
11.604
12.6125
11.3932
11.5753
22.5436
11.834
12.6769
12.6125
11.2242
11.2242
12.6125
12.6768
11.8341
22.5443
22.9508
12.4229
11.8338
11.3929
11.1624
11.1624
11.3931
11.834
12.4229
22.9512
50.9001
22.9508
22.546
11.5732
11.1163
11.1164
11.5747
22.5443
22.9513
50.8989
119.211
20.0185
17.3673
11.9217
11.018
11.0181
11.9229
17.3668
20.0191
119.177
20.0184
12.3071
11.5371
11.3564
11.1015
11.1015
11.3562
11.5371
12.307
20.0188
17.3676
11.5371
12.3727
12.658
11.2435
11.2436
12.6582
12.3726
11.537
17.3681
11.9215
11.3565
12.6581
11.6636
10.9959
10.9959
11.6636
12.6581
11.3563
11.9221
11.018
11.1015
11.2435
10.9959
11.0261
11.0261
10.9959
11.2436
11.1015
11.018
11.0181
11.1015
11.2436
10.9959
11.0261
11.0261
10.9959
11.2436
11.1016
11.0181
11.9233
11.3561
12.6583
11.6636
10.9959
10.9959
11.6635
12.6583
11.356
11.9236
17.3669
11.5372
12.3725
12.658
11.2435
11.2436
12.6581
12.373
11.5372
17.3672
20.0191
12.307
11.537
11.3563
11.1015
11.1015
11.3561
11.5371
12.3071
20.0192
119.167
20.0189
17.3679
11.9223
11.018
11.0181
11.9232
17.3673
20.0193
119.155
212.39
19.5462
15.1398
12.2557
11.0287
11.0288
12.2548
15.1397
19.5458
212.418
19.5462
12.0508
11.3007
11.324
11.1386
11.1387
11.3233
11.3005
12.0507
19.5458
15.1399
11.3007
11.3939
12.7175
11.1458
11.1458
12.7177
11.3938
11.3006
15.1399
12.2559
11.3241
12.7176
11.1143
10.9605
10.9605
11.1144
12.7176
11.3238
12.2554
11.0286
11.1386
11.1458
10.9605
10.9433
10.9433
10.9605
11.1458
11.1386
11.0288
11.0288
11.1387
11.1459
10.9605
10.9433
10.9432
10.9605
11.1459
11.1387
11.0289
12.2545
11.3231
12.7178
11.1144
10.9605
10.9605
11.1144
12.7178
11.323
12.2544
15.1397
11.3005
11.3938
12.7175
11.1457
11.1458
12.7176
11.3941
11.3005
15.1397
19.5457
12.0507
11.3006
11.3237
11.1386
11.1386
11.3232
11.3005
12.0507
19.5455
212.426
19.5457
15.1398
12.2553
11.0288
11.0288
12.2547
15.1397
19.5456
212.432
228.526
20.3481
14.6502
12.4478
11.1357
11.136
12.4468
14.6501
20.3477
228.564
20.3481
12.143
11.3748
11.3356
11.2828
11.283
11.3355
11.3745
12.1428
20.3479
14.6501
11.3748
11.3557
12.6865
11.0249
11.0249
12.6872
11.3555
11.3747
14.65
12.4479
11.3357
12.6865
10.9198
11.0671
11.0671
10.9198
12.6867
11.3356
12.4475
11.1357
11.2827
11.0249
11.0671
10.9213
10.9213
11.0671
11.0249
11.2827
11.1359
11.1361
11.283
11.025
11.0671
10.9213
10.9213
11.0671
11.025
11.2829
11.1362
12.4464
11.3354
12.6875
10.9198
11.0671
11.0671
10.9199
12.6875
11.3355
12.4464
14.6501
11.3744
11.3554
12.6867
11.0249
11.0249
12.6872
11.3554
11.3744
14.6501
20.3475
12.1428
11.3747
11.3356
11.2828
11.2829
11.3355
11.3745
12.1427
20.3475
228.574
20.348
14.65
12.4474
11.1359
11.1361
12.4466
14.6501
20.3477
228.589
238.263
21.3915
15.6086
12.7341
11.2948
11.2951
12.7342
15.6082
21.391
238.279
21.3915
13.114
12.0409
11.2534
11.2764
11.2766
11.2538
12.0406
13.1137
21.3915
15.6086
12.041
11.5232
11.5423
10.9659
10.9659
11.5426
11.5231
12.0409
15.6085
12.7341
11.2533
11.5423
10.8748
11.1123
11.1123
10.8748
11.5424
11.2534
12.734
11.2948
11.2764
10.9659
11.1123
11.0016
11.0016
11.1123
10.9659
11.2765
11.2951
11.2952
11.2767
10.9659
11.1123
11.0016
11.0016
11.1123
10.9659
11.2767
11.2954
12.7342
11.2538
11.5428
10.8748
11.1123
11.1123
10.8748
11.5428
11.2539
12.7343
15.6081
12.0405
11.523
11.5424
10.9659
10.9659
11.5427
11.523
12.0405
15.6081
21.3907
13.1136
12.0409
11.2535
11.2765
11.2766
11.2538
12.0407
13.1134
21.3907
238.283
21.3916
15.6086
12.7341
11.2951
11.2953
12.7343
15.6083
21.3911
238.295
250.949
23.4501
18.6593
12.7419
11.2077
11.2072
12.7426
18.6582
23.4498
250.924
23.4502
15.4003
13.2842
11.1146
10.9346
10.9341
11.1147
13.284
15.3999
23.4504
18.6595
13.2843
12.2935
11.0695
10.9549
10.9549
11.0696
12.2936
13.2843
18.6594
12.7418
11.1146
11.0695
11.0274
11.0707
11.0707
11.0273
11.0695
11.1145
12.742
11.2078
10.9345
10.9549
11.0707
10.9227
10.9227
11.0706
10.9549
10.9341
11.2076
11.207
10.9339
10.9549
11.0706
10.9227
10.9227
11.0706
10.9549
10.9336
11.207
12.7427
11.1147
11.0697
11.0273
11.0706
11.0706
11.0272
11.0697
11.1147
12.7428
18.6578
13.284
12.2936
11.0696
10.9549
10.9549
11.0696
12.2934
13.284
18.658
23.4496
15.3998
13.2843
11.1146
10.9341
10.9338
11.1147
13.2841
15.3995
23.4497
250.919
23.4505
18.6596
12.7421
11.2075
11.2071
12.7427
18.6587
23.4501
250.911
262.128
24.2552
24.371
12.0712
10.8409
10.8406
12.0713
24.37
24.2552
262.102
24.2552
17.1205
14.3032
10.905
10.6877
10.6876
10.905
14.3031
17.1206
24.2555
24.3712
14.3032
16.5299
10.9493
10.9749
10.975
10.9494
16.5298
14.3031
24.3713
12.0711
10.905
10.9493
11.002
10.8286
10.8286
11.0019
10.9493
10.9049
12.0711
10.8409
10.6877
10.9749
10.8285
10.6855
10.6855
10.8285
10.9749
10.6876
10.8408
10.8405
10.6875
10.975
10.8286
10.6855
10.6854
10.8285
10.9749
10.6875
10.8405
12.0712
10.9049
10.9495
11.0019
10.8285
10.8285
11.0019
10.9496
10.9049
12.0712
24.3695
14.3031
16.5298
10.9493
10.9749
10.9749
10.9495
16.5292
14.3031
24.3697
24.255
17.1206
14.303
10.905
10.6876
10.6875
10.9049
14.303
17.1207
24.2552
262.097
24.2556
24.3715
12.0711
10.8407
10.8405
12.0712
24.3705
24.2554
262.089
144.752
22.769
24.7261
11.3405
10.7508
10.7508
11.3401
24.7264
22.769
144.736
22.7689
15.6353
14.295
10.7256
10.6418
10.6418
10.7255
14.295
15.6356
22.7691
24.7262
14.295
17.459
10.813
10.9909
10.9909
10.8131
17.4587
14.2949
24.7262
11.3405
10.7256
10.813
10.9143
10.6092
10.6092
10.9143
10.813
10.7255
11.3403
10.7508
10.6418
10.9909
10.6092
10.5937
10.5937
10.6092
10.9909
10.6418
10.7508
10.7508
10.6418
10.9909
10.6092
10.5937
10.5937
10.6092
10.9909
10.6418
10.7508
11.34
10.7255
10.8131
10.9142
10.6092
10.6092
10.9142
10.8131
10.7255
11.3399
24.7266
14.2951
17.4585
10.813
10.9909
10.9909
10.813
17.4581
14.295
24.7267
22.769
15.6357
14.2948
10.7255
10.6418
10.6418
10.7255
14.2949
15.636
22.7691
144.729
22.7691
24.726
11.3402
10.7508
10.7508
11.34
24.7263
22.7691
144.716
279.547
20.4729
25.1049
11.1009
10.685
10.685
11.1008
25.1056
20.4732
279.55
20.4729
13.8082
13.2835
10.6474
10.6121
10.6123
10.6474
13.2839
13.8085
20.4729
25.1049
13.2835
17.1525
10.768
10.8415
10.8415
10.768
17.1519
13.2835
25.1049
11.1009
10.6474
10.7679
10.6119
10.5086
10.5086
10.6119
10.7679
10.6474
11.1009
10.685
10.6122
10.8416
10.5086
10.5473
10.5473
10.5086
10.8416
10.6127
10.685
10.685
10.6125
10.8415
10.5086
10.5473
10.5473
10.5086
10.8416
10.6129
10.685
11.1008
10.6473
10.768
10.6119
10.5086
10.5086
10.6119
10.7679
10.6474
11.1008
25.1061
13.2841
17.1515
10.7679
10.8416
10.8416
10.7679
17.1513
13.284
25.106
20.4733
13.8086
13.2834
10.6474
10.6126
10.6127
10.6474
13.2837
13.8088
20.4733
279.548
20.4729
25.1046
11.1009
10.685
10.685
11.1008
25.1053
20.4731
279.543
363.315
19.1027
18.7104
11.1423
10.627
10.627
11.1426
18.7115
19.1031
363.321
19.1027
12.5521
12.133
10.6516
10.501
10.5011
10.6516
12.1334
12.5523
19.1027
18.7104
12.133
13.3642
10.623
10.6023
10.6023
10.6229
13.3639
12.133
18.7103
11.1423
10.6516
10.623
10.4267
10.4455
10.4455
10.4267
10.623
10.6517
11.1424
10.627
10.501
10.6023
10.4455
10.5002
10.5002
10.4455
10.6023
10.5012
10.627
10.627
10.5011
10.6023
10.4455
10.5002
10.5002
10.4455
10.6023
10.5013
10.627
11.1427
10.6516
10.6229
10.4267
10.4455
10.4455
10.4267
10.6229
10.6517
11.1428
18.7122
12.1336
13.3637
10.6229
10.6023
10.6023
10.6229
13.3637
12.1336
18.712
19.1033
12.5524
12.133
10.6516
10.5011
10.5012
10.6516
12.1333
12.5525
19.1033
363.323
19.1026
18.7099
11.1424
10.627
10.627
11.1427
18.7109
19.103
363.329
376.398
17.6763
15.2288
11.2907
10.5635
10.5635
11.2913
15.2294
17.6774
376.405
17.6762
11.7455
11.4218
10.6425
10.4067
10.4067
10.6425
11.422
11.7456
17.677
15.2288
11.4218
11.6011
10.4581
10.5141
10.5141
10.4581
11.601
11.4218
15.2287
11.2906
10.6425
10.4581
10.3534
10.4183
10.4183
10.3534
10.4581
10.6425
11.2908
10.5635
10.4066
10.5141
10.4183
10.4523
10.4523
10.4183
10.5141
10.4066
10.5635
10.5635
10.4067
10.5141
10.4183
10.4523
10.4523
10.4183
10.5141
10.4066
10.5635
11.2916
10.6425
10.4581
10.3534
10.4183
10.4183
10.3534
10.4581
10.6425
11.2917
15.2297
11.4221
11.6009
10.4581
10.5141
10.5141
10.4581
11.601
11.4221
15.2296
17.6778
11.7456
11.4218
10.6425
10.4066
10.4066
10.6425
11.422
11.7457
17.6782
376.406
17.6771
15.2286
11.2909
10.5635
10.5635
11.2914
15.2291
17.6779
376.412
293.079
16.2454
13.5787
11.35
10.5035
10.5036
11.3508
13.5789
16.2459
293.088
16.2454
11.1598
10.9818
10.478
10.3469
10.3469
10.478
10.9818
11.1598
16.2457
13.5787
10.9818
10.9164
10.3717
10.458
10.458
10.3716
10.9164
10.9818
13.5787
11.3499
10.478
10.3717
10.3216
10.4492
10.4492
10.3216
10.3716
10.4779
11.35
10.5035
10.3469
10.458
10.4492
10.4059
10.4059
10.4492
10.458
10.3469
10.5035
10.5036
10.3469
10.458
10.4492
10.4059
10.4059
10.4492
10.458
10.3469
10.5036
11.3512
10.478
10.3716
10.3216
10.4491
10.4492
10.3216
10.3716
10.4779
11.3512
13.579
10.9818
10.9163
10.3717
10.458
10.458
10.3716
10.9164
10.9818
13.579
16.2461
11.1598
10.9818
10.4779
10.3469
10.3469
10.4779
10.9818
11.1598
16.2463
293.09
16.2457
13.5787
11.3502
10.5035
10.5036
11.3509
13.5789
16.2461
293.093
480.141
15.183
12.8861
11.0923
10.4483
10.4483
11.0921
12.8861
15.1832
480.139
15.183
10.7727
10.6925
10.3508
10.2927
10.2927
10.3508
10.6924
10.7727
15.1831
12.886
10.6925
10.7239
10.3372
10.4226
10.4226
10.3372
10.7239
10.6925
12.8861
11.0923
10.3508
10.3372
10.3734
10.4291
10.4291
10.3734
10.3372
10.3508
11.0922
10.4483
10.2927
10.4226
10.4291
10.3471
10.3471
10.4291
10.4226
10.2927
10.4483
10.4483
10.2927
10.4226
10.4291
10.3471
10.3471
10.4291
10.4226
10.2927
10.4483
11.0919
10.3508
10.3372
10.3734
10.4291
10.4291
10.3734
10.3372
10.3508
11.0918
12.886
10.6924
10.7239
10.3372
10.4226
10.4226
10.3372
10.7239
10.6924
12.8861
15.1833
10.7727
10.6925
10.3508
10.2927
10.2927
10.3508
10.6924
10.7727
15.1834
480.139
15.1831
12.8861
11.0922
10.4483
10.4483
11.092
12.8861
15.1833
480.137
502.215
14.7417
12.5686
11.1883
10.3938
10.3938
11.1873
12.5687
14.7419
502.215
14.7417
10.5497
10.5701
10.3683
10.2369
10.2369
10.3683
10.5701
10.5496
14.7418
12.5686
10.5701
10.7898
10.365
10.3884
10.3884
10.365
10.7898
10.5701
12.5686
11.1884
10.3683
10.365
10.3427
10.3536
10.3536
10.3427
10.365
10.3684
11.1882
10.3938
10.2369
10.3884
10.3536
10.2784
10.2784
10.3536
10.3884
10.2369
10.3938
10.3938
10.2369
10.3884
10.3536
10.2784
10.2784
10.3536
10.3884
10.2369
10.3938
11.1868
10.3683
10.365
10.3427
10.3536
10.3536
10.3427
10.365
10.3683
11.1869
12.5688
10.5701
10.7898
10.365
10.3884
10.3884
10.365
10.7897
10.5701
12.5688
14.742
10.5496
10.5701
10.3683
10.2369
10.2369
10.3683
10.5701
10.5496
14.7421
502.215
14.7418
12.5687
11.1881
10.3938
10.3938
11.1873
12.5688
14.742
502.214
491.702
14.3474
11.9012
11.9212
10.3305
10.3306
11.9207
11.9015
14.3476
491.704
14.3473
10.4814
10.58
10.3618
10.1757
10.1757
10.3618
10.58
10.4815
14.3474
11.9012
10.5799
10.8144
10.3588
10.3174
10.3174
10.3588
10.8144
10.5799
11.9012
11.9212
10.3619
10.3588
10.2914
10.1867
10.1867
10.2914
10.3588
10.3619
11.9212
10.3305
10.1757
10.3174
10.1867
10.2063
10.2063
10.1867
10.3174
10.1757
10.3305
10.3306
10.1757
10.3174
10.1867
10.2063
10.2063
10.1867
10.3174
10.1757
10.3306
11.9203
10.3618
10.3588
10.2914
10.1867
10.1867
10.2914
10.3588
10.3618
11.9204
11.9016
10.58
10.8144
10.3589
10.3174
10.3174
10.3589
10.8143
10.58
11.9016
14.3477
10.4815
10.5799
10.3618
10.1757
10.1757
10.3618
10.58
10.4815
14.3477
491.705
14.3474
11.9012
11.9211
10.3305
10.3305
11.9207
11.9014
14.3476
491.704
534.124
14.1459
11.5042
12.0161
10.2594
10.2594
12.0165
11.5044
14.1462
534.12
14.1459
10.5307
10.6124
10.2577
10.1084
10.1084
10.2577
10.6124
10.5308
14.146
11.5042
10.6124
10.717
10.2471
10.2134
10.2134
10.2471
10.717
10.6124
11.5044
12.0161
10.2577
10.2471
10.1237
10.1029
10.1029
10.1237
10.2471
10.2577
12.0162
10.2594
10.1084
10.2134
10.1029
10.138
10.138
10.1029
10.2134
10.1084
10.2594
10.2594
10.1084
10.2134
10.1029
10.138
10.138
10.1029
10.2134
10.1084
10.2594
12.0166
10.2577
10.2471
10.1237
10.1029
10.1029
10.1237
10.2471
10.2577
12.0166
11.5044
10.6124
10.717
10.2471
10.2134
10.2134
10.2471
10.7169
10.6124
11.5045
14.1462
10.5308
10.6124
10.2577
10.1084
10.1084
10.2577
10.6124
10.5308
14.1463
534.118
14.1461
11.5044
12.0163
10.2594
10.2594
12.0166
11.5045
14.1462
534.118
588.561
14.194
12.3446
11.5747
10.1852
10.1852
11.5752
12.3448
14.1942
588.563
14.194
10.6536
10.5871
10.1666
10.0411
10.0411
10.1666
10.587
10.6537
14.1941
12.3446
10.5871
10.7509
10.139
10.1264
10.1264
10.139
10.7508
10.587
12.3449
11.5746
10.1666
10.139
10.0147
10.0399
10.0399
10.0148
10.139
10.1666
11.5745
10.1852
10.0411
10.1264
10.0399
10.0733
10.0733
10.0399
10.1264
10.0411
10.1852
10.1852
10.0411
10.1264
10.0399
10.0733
10.0733
10.0399
10.1264
10.0411
10.1852
11.5754
10.1666
10.139
10.0148
10.0399
10.0399
10.0148
10.139
10.1666
11.5752
12.3449
10.587
10.7508
10.139
10.1264
10.1264
10.139
10.7508
10.587
12.3451
14.1943
10.6537
10.587
10.1666
10.0411
10.0411
10.1666
10.587
10.6537
14.1944
588.564
14.1942
12.3451
11.5745
10.1852
10.1851
11.5749
12.3452
14.1943
588.566
605.186
14.3666
14.381
10.6265
10.0998
10.0998
10.6265
14.3815
14.3668
605.189
14.3666
10.7137
10.4927
10.0896
9.97126
9.97126
10.0896
10.4927
10.7137
14.3667
14.3809
10.4927
11.087
10.073
10.0477
10.0477
10.073
11.087
10.4927
14.3812
10.6265
10.0896
10.073
9.95015
9.97826
9.97826
9.95015
10.073
10.0896
10.6265
10.0998
9.97126
10.0477
9.97826
10.01
10.01
9.97826
10.0477
9.97126
10.0998
10.0998
9.97126
10.0477
9.97826
10.01
10.01
9.97826
10.0477
9.97126
10.0998
10.6265
10.0896
10.073
9.95015
9.97826
9.97826
9.95015
10.073
10.0896
10.6265
14.3816
10.4926
11.087
10.073
10.0477
10.0477
10.073
11.087
10.4927
14.3817
14.3669
10.7136
10.4927
10.0896
9.97126
9.97126
10.0896
10.4927
10.7136
14.3669
605.19
14.3667
14.3814
10.6265
10.0998
10.0998
10.6264
14.3818
14.3669
605.192
621.629
14.4064
13.4968
10.2482
10.0012
10.0012
10.2482
13.4971
14.4066
621.631
14.4064
10.6585
10.4941
10.0097
9.90271
9.9027
10.0097
10.4941
10.6585
14.4065
13.4968
10.4941
11.4816
10.029
9.97219
9.97219
10.029
11.4815
10.4941
13.4967
10.2482
10.0097
10.029
9.89062
9.91684
9.91684
9.89062
10.029
10.0097
10.2482
10.0012
9.90271
9.97219
9.91684
9.94549
9.94549
9.91684
9.97219
9.90271
10.0012
10.0012
9.9027
9.97219
9.91684
9.94549
9.94549
9.91684
9.97219
9.9027
10.0012
10.2482
10.0097
10.029
9.89062
9.91684
9.91684
9.89062
10.029
10.0097
10.2482
13.4972
10.4942
11.4816
10.029
9.97219
9.97219
10.029
11.4815
10.4942
13.4971
14.4066
10.6584
10.4942
10.0097
9.9027
9.9027
10.0097
10.4941
10.6585
14.4067
621.633
14.4065
13.4966
10.2482
10.0012
10.0012
10.2482
13.4969
14.4067
621.634
638.096
14.4277
12.0731
10.0441
9.9089
9.9089
10.0441
12.0732
14.4279
638.098
14.4277
11.1096
11.0575
9.91037
9.83677
9.83677
9.91037
11.0575
11.1099
14.4279
12.073
11.0576
11.4033
9.98255
9.90135
9.90135
9.98255
11.4032
11.0576
12.073
10.0441
9.91037
9.98255
9.83256
9.85699
9.85699
9.83256
9.98254
9.91036
10.0441
9.9089
9.83677
9.90135
9.85699
9.88254
9.88254
9.85699
9.90134
9.83677
9.9089
9.9089
9.83676
9.90134
9.85699
9.88254
9.88254
9.85699
9.90134
9.83677
9.9089
10.0441
9.91037
9.98256
9.83256
9.85699
9.85699
9.83256
9.98255
9.91036
10.0441
12.0732
11.0576
11.4033
9.98254
9.90134
9.90134
9.98254
11.4033
11.0576
12.0732
14.428
11.1101
11.0577
9.91036
9.83677
9.83677
9.91036
11.0576
11.1101
14.4281
638.1
14.4279
12.0729
10.0441
9.9089
9.9089
10.0441
12.0731
14.428
638.102
647.561
14.7766
11.3762
9.90834
9.82955
9.82954
9.90836
11.3763
14.7769
647.557
14.7766
13.8037
12.1646
9.80956
9.7791
9.77909
9.80956
12.1643
13.806
14.7769
11.3762
12.1646
10.93
9.88442
9.83717
9.83717
9.88442
10.93
12.1644
11.3762
9.90833
9.80956
9.88442
9.77381
9.79897
9.79897
9.77381
9.88442
9.80955
9.90834
9.82955
9.7791
9.83717
9.79897
9.82131
9.82131
9.79897
9.83717
9.7791
9.82955
9.82954
9.77909
9.83717
9.79897
9.82131
9.82131
9.79897
9.83717
9.77909
9.82954
9.90836
9.80956
9.88442
9.77381
9.79897
9.79897
9.77381
9.88442
9.80955
9.90836
11.3763
12.1641
10.9299
9.88441
9.83717
9.83717
9.88441
10.9299
12.1642
11.3763
14.7771
13.8073
12.1641
9.80955
9.77909
9.77909
9.80955
12.1642
13.8074
14.7772
647.554
14.7771
11.3762
9.90835
9.82954
9.82954
9.90836
11.3763
14.7772
647.551
257.313
15.0528
11.461
9.76867
9.76417
9.76417
9.76868
11.4611
15.0529
257.31
15.0528
13.797
12.1181
9.72655
9.73096
9.73096
9.72655
12.118
13.7951
15.053
11.4611
12.118
10.4378
9.77625
9.7782
9.7782
9.77625
10.4378
12.118
11.4611
9.76867
9.72655
9.77625
9.72138
9.74414
9.74414
9.72138
9.77624
9.72653
9.76867
9.76418
9.73096
9.7782
9.74414
9.76189
9.76189
9.74414
9.7782
9.73096
9.76418
9.76417
9.73096
9.7782
9.74414
9.76189
9.76189
9.74414
9.7782
9.73096
9.76417
9.76869
9.72654
9.77625
9.72138
9.74414
9.74414
9.72138
9.77624
9.72653
9.76868
11.4611
12.1181
10.4378
9.77624
9.7782
9.7782
9.77624
10.4378
12.118
11.4612
15.053
13.7939
12.118
9.72653
9.73096
9.73096
9.72653
12.1179
13.7939
15.0531
257.308
15.053
11.4612
9.76867
9.76418
9.76417
9.76868
11.4612
15.0531
257.306
)
;

boundaryField
{
    bottom
    {
        type            fixedFluxPressure;
        gradient        uniform 0;
        value           nonuniform List<scalar> 
100
(
227.799
153.294
114.341
74.7176
66.842
66.8424
74.7172
114.341
153.294
227.799
153.293
93.4024
69.0485
34.3452
28.9079
28.9078
34.3453
69.0488
93.402
153.294
114.341
69.0485
55.264
38.5016
33.7822
33.782
38.5017
55.264
69.0486
114.341
74.7176
34.3452
38.5018
28.2913
23.6769
23.6763
28.2907
38.5013
34.345
74.7176
66.8422
28.9079
33.7823
23.6769
23.1835
23.183
23.6761
33.7817
28.9079
66.8421
66.8424
28.9078
33.7822
23.6765
23.1833
23.1828
23.6758
33.7816
28.9077
66.8424
74.7173
34.3453
38.5018
28.291
23.6766
23.6759
28.2903
38.5014
34.3451
74.7173
114.341
69.0487
55.264
38.5014
33.7819
33.7817
38.5015
55.2641
69.0488
114.341
153.293
93.4021
69.0486
34.3451
28.9079
28.9078
34.3452
69.0489
93.4018
153.294
227.799
153.294
114.341
74.7175
66.8419
66.8424
74.7172
114.341
153.294
227.799
)
;
    }
    atmosphere
    {
        type            prghTotalPressure;
        p0              uniform 0;
        value           nonuniform List<scalar> 
100
(
259.187
15.2464
11.3394
9.68076
9.72745
9.72745
9.68077
11.3394
15.2465
259.181
15.2464
14.1119
12.1968
9.64212
9.70109
9.70109
9.64212
12.1968
14.1088
15.2466
11.3394
12.1968
9.79791
9.72514
9.74293
9.74293
9.72514
9.79791
12.1967
11.3395
9.68076
9.64212
9.72514
9.69512
9.71601
9.71601
9.69512
9.72514
9.64213
9.68076
9.72745
9.70109
9.74293
9.71601
9.73196
9.73196
9.71601
9.74293
9.70109
9.72745
9.72745
9.70109
9.74293
9.71601
9.73196
9.73196
9.71601
9.74293
9.70109
9.72745
9.68077
9.64212
9.72514
9.69512
9.71601
9.71601
9.69512
9.72514
9.64212
9.68077
11.3394
12.1968
9.79791
9.72514
9.74293
9.74293
9.72514
9.79791
12.1967
11.3395
15.2465
14.11
12.1967
9.64212
9.70109
9.70109
9.64212
12.1967
14.1088
15.2467
259.183
15.2466
11.3394
9.68076
9.72745
9.72745
9.68077
11.3395
15.2466
259.179
)
;
    }
    walls
    {
        type            fixedFluxPressure;
        gradient        uniform 0;
        value           nonuniform List<scalar> 
1600
(
227.799
153.294
114.341
74.7176
66.842
66.8424
74.7172
114.341
153.294
227.799
230.539
133.732
66.6636
49.3621
38.5074
38.5081
49.3614
66.6629
133.732
230.539
228.051
75.153
59.5356
37.1974
20.2443
20.2446
37.1972
59.5357
75.1528
228.051
208.384
51.2168
40.3262
23.7446
16.6925
16.6926
23.7422
40.3263
51.2169
208.386
57.1324
45.8797
34.9066
19.9293
15.9181
15.918
19.929
34.9068
45.88
57.1332
46.4948
33.5736
28.4004
17.4621
15.4861
15.4865
17.4626
28.4007
33.5738
46.495
116.377
28.0811
27.3708
19.132
16.2766
16.2762
19.1323
27.3709
28.0809
116.376
228.646
35.4245
25.9843
19.7291
16.2068
16.2061
19.7283
25.9836
35.4242
228.647
257.124
32.3782
26.5271
19.3274
16.9099
16.9095
19.3264
26.5263
32.3786
257.125
283.273
23.6481
24.7964
17.8556
17.0998
17.0995
17.8548
24.7961
23.6479
283.274
287.094
20.9383
20.7261
14.9634
16.4036
16.4037
14.9629
20.7256
20.9379
287.097
317.047
22.4689
20.5656
15.0674
14.6543
14.6542
15.0676
20.5668
22.4689
317.049
343.257
24.4787
24.6622
20.0216
13.6855
13.6856
20.0226
24.6649
24.4784
343.258
135.938
25.2288
31.4356
23.2828
12.7308
12.7307
23.283
31.4366
25.228
135.932
48.0498
21.913
33.2928
18.2489
11.9492
11.9492
18.2489
33.2922
21.9126
48.0496
29.4114
18.0455
34.3874
14.4729
11.7929
11.793
14.4728
34.3867
18.0461
29.4127
20.5324
19.7852
35.6447
12.4398
11.64
11.6401
12.4397
35.644
19.783
20.5306
33.0775
25.7383
32.5361
11.5884
11.3329
11.3329
11.5893
32.5316
25.7346
33.0781
50.9036
22.9498
22.5457
11.5722
11.1163
11.1164
11.575
22.5436
22.9508
50.9001
119.211
20.0184
17.3676
11.9215
11.018
11.0181
11.9233
17.3669
20.0191
119.167
212.39
19.5462
15.1399
12.2559
11.0286
11.0288
12.2545
15.1397
19.5457
212.426
228.526
20.3481
14.6501
12.4479
11.1357
11.1361
12.4464
14.6501
20.3475
228.574
238.263
21.3915
15.6086
12.7341
11.2948
11.2952
12.7342
15.6081
21.3907
238.283
250.949
23.4502
18.6595
12.7418
11.2078
11.207
12.7427
18.6578
23.4496
250.919
262.128
24.2552
24.3712
12.0711
10.8409
10.8405
12.0712
24.3695
24.255
262.097
144.752
22.7689
24.7262
11.3405
10.7508
10.7508
11.34
24.7266
22.769
144.729
279.547
20.4729
25.1049
11.1009
10.685
10.685
11.1008
25.1061
20.4733
279.548
363.315
19.1027
18.7104
11.1423
10.627
10.627
11.1427
18.7122
19.1033
363.323
376.398
17.6762
15.2288
11.2906
10.5635
10.5635
11.2916
15.2297
17.6778
376.406
293.079
16.2454
13.5787
11.3499
10.5035
10.5036
11.3512
13.579
16.2461
293.09
480.141
15.183
12.886
11.0923
10.4483
10.4483
11.0919
12.886
15.1833
480.139
502.215
14.7417
12.5686
11.1884
10.3938
10.3938
11.1868
12.5688
14.742
502.215
491.702
14.3473
11.9012
11.9212
10.3305
10.3306
11.9203
11.9016
14.3477
491.705
534.124
14.1459
11.5042
12.0161
10.2594
10.2594
12.0166
11.5044
14.1462
534.118
588.561
14.194
12.3446
11.5746
10.1852
10.1852
11.5754
12.3449
14.1943
588.564
605.186
14.3666
14.3809
10.6265
10.0998
10.0998
10.6265
14.3816
14.3669
605.19
621.629
14.4064
13.4968
10.2482
10.0012
10.0012
10.2482
13.4972
14.4066
621.633
638.096
14.4277
12.073
10.0441
9.9089
9.9089
10.0441
12.0732
14.428
638.1
647.561
14.7766
11.3762
9.90833
9.82955
9.82954
9.90836
11.3763
14.7771
647.554
257.313
15.0528
11.4611
9.76867
9.76418
9.76417
9.76869
11.4611
15.053
257.308
227.799
153.294
114.341
74.7175
66.8419
66.8424
74.7172
114.341
153.294
227.799
230.539
133.732
66.6635
49.3619
38.5074
38.5082
49.3613
66.6629
133.732
230.539
228.051
75.153
59.5359
37.1976
20.2443
20.2445
37.1974
59.5361
75.1528
228.051
208.386
51.2169
40.3265
23.7446
16.6925
16.6925
23.7422
40.3267
51.2171
208.388
57.133
45.8801
34.9066
19.9294
15.9182
15.9181
19.9291
34.9068
45.8805
57.1339
46.4949
33.5741
28.4006
17.4621
15.486
15.4863
17.4627
28.401
33.5744
46.4951
116.376
28.0815
27.371
19.1319
16.2765
16.2761
19.1324
27.3713
28.0812
116.375
228.647
35.4248
25.9847
19.7292
16.2066
16.206
19.7284
25.984
35.424
228.647
257.125
32.3782
26.5275
19.3276
16.9096
16.9093
19.3266
26.5265
32.3778
257.125
283.274
23.6483
24.7966
17.8559
17.0998
17.0995
17.855
24.796
23.6478
283.274
287.096
20.9384
20.7262
14.9636
16.4033
16.4033
14.9631
20.7256
20.938
287.098
317.049
22.4689
20.5655
15.0676
14.6542
14.6541
15.0675
20.567
22.4689
317.05
343.258
24.4786
24.6617
20.0219
13.6855
13.6856
20.0217
24.6651
24.4783
343.259
135.933
25.2284
31.4351
23.2822
12.7307
12.7306
23.2823
31.4367
25.2277
135.93
48.0496
21.9125
33.2923
18.2486
11.9492
11.9492
18.2487
33.2922
21.912
48.0498
29.4125
18.0448
34.3869
14.4729
11.7929
11.793
14.4729
34.3868
18.0451
29.4134
20.5309
19.7841
35.6442
12.44
11.6401
11.6402
12.4399
35.6441
19.7824
20.53
33.0781
25.7372
32.5373
11.5887
11.3326
11.3326
11.5894
32.5326
25.7346
33.0784
50.9009
22.9505
22.5466
11.573
11.1163
11.1164
11.5753
22.5443
22.9512
50.8989
119.177
20.0188
17.3681
11.9221
11.018
11.0181
11.9236
17.3672
20.0192
119.155
212.418
19.5458
15.1399
12.2554
11.0288
11.0289
12.2544
15.1397
19.5455
212.432
228.564
20.3479
14.65
12.4475
11.1359
11.1362
12.4464
14.6501
20.3475
228.589
238.279
21.3915
15.6085
12.734
11.2951
11.2954
12.7343
15.6081
21.3907
238.295
250.924
23.4504
18.6594
12.742
11.2076
11.207
12.7428
18.658
23.4497
250.911
262.102
24.2555
24.3713
12.0711
10.8408
10.8405
12.0712
24.3697
24.2552
262.089
144.736
22.7691
24.7262
11.3403
10.7508
10.7508
11.3399
24.7267
22.7691
144.716
279.55
20.4729
25.1049
11.1009
10.685
10.685
11.1008
25.106
20.4733
279.543
363.321
19.1027
18.7103
11.1424
10.627
10.627
11.1428
18.712
19.1033
363.329
376.405
17.677
15.2287
11.2908
10.5635
10.5635
11.2917
15.2296
17.6782
376.412
293.088
16.2457
13.5787
11.35
10.5035
10.5036
11.3512
13.579
16.2463
293.093
480.139
15.1831
12.8861
11.0922
10.4483
10.4483
11.0918
12.8861
15.1834
480.137
502.215
14.7418
12.5686
11.1882
10.3938
10.3938
11.1869
12.5688
14.7421
502.214
491.704
14.3474
11.9012
11.9212
10.3305
10.3306
11.9204
11.9016
14.3477
491.704
534.12
14.146
11.5044
12.0162
10.2594
10.2594
12.0166
11.5045
14.1463
534.118
588.563
14.1941
12.3449
11.5745
10.1852
10.1852
11.5752
12.3451
14.1944
588.566
605.189
14.3667
14.3812
10.6265
10.0998
10.0998
10.6265
14.3817
14.3669
605.192
621.631
14.4065
13.4967
10.2482
10.0012
10.0012
10.2482
13.4971
14.4067
621.634
638.098
14.4279
12.073
10.0441
9.9089
9.9089
10.0441
12.0732
14.4281
638.102
647.557
14.7769
11.3762
9.90834
9.82955
9.82954
9.90836
11.3763
14.7772
647.551
257.31
15.053
11.4611
9.76867
9.76418
9.76417
9.76868
11.4612
15.0531
257.306
227.799
230.539
228.051
208.384
57.1324
46.4948
116.377
228.646
257.124
283.273
287.094
317.047
343.257
135.938
48.0498
29.4114
20.5324
33.0775
50.9036
119.211
153.293
133.732
75.1529
51.2166
45.8794
33.5732
28.0807
35.4243
32.3786
23.6481
20.9381
22.4689
24.4787
25.2288
21.913
18.0458
19.7848
25.7375
22.9499
20.0185
114.341
66.6634
59.5354
40.3259
34.9065
28.4003
27.3707
25.9838
26.5266
24.7964
20.726
20.5659
24.6628
31.4361
33.2929
34.3875
35.6449
32.5341
22.5447
17.3673
74.7176
49.3621
37.1974
23.7443
19.9293
17.4622
19.1321
19.729
19.327
17.8553
14.9632
15.0674
20.0216
23.2831
18.249
14.4729
12.4398
11.5884
11.5725
11.9217
66.8422
38.5077
20.2444
16.6926
15.918
15.4863
16.2767
16.2068
16.9098
17.0995
16.4038
14.6543
13.6856
12.7308
11.9492
11.793
11.64
11.3327
11.1163
11.018
66.8424
38.5081
20.2446
16.6927
15.918
15.4866
16.2765
16.2064
16.9095
17.0993
16.4038
14.6542
13.6856
12.7307
11.9492
11.793
11.6401
11.3326
11.1164
11.0181
74.7173
49.3615
37.1973
23.7428
19.9291
17.4625
19.1323
19.7285
19.3265
17.8548
14.9629
15.0676
20.0227
23.2831
18.2489
14.4728
12.4398
11.589
11.5744
11.9229
114.341
66.663
59.5356
40.3261
34.9067
28.4005
27.3708
25.9835
26.5263
24.7963
20.7257
20.5665
24.6643
31.4365
33.2924
34.3869
35.6442
32.5312
22.5434
17.3668
153.293
133.732
75.1527
51.2167
45.8797
33.5736
28.0807
35.4243
32.3791
23.6481
20.9379
22.4689
24.4785
25.2282
21.9127
18.0463
19.7833
25.7347
22.9506
20.0191
227.799
230.539
228.051
208.386
57.133
46.4949
116.376
228.647
257.125
283.274
287.096
317.049
343.258
135.933
48.0496
29.4125
20.5309
33.0781
50.9009
119.177
212.39
228.526
238.263
250.949
262.128
144.752
279.547
363.315
376.398
293.079
480.141
502.215
491.702
534.124
588.561
605.186
621.629
638.096
647.561
257.313
19.5462
20.3481
21.3915
23.4501
24.2552
22.769
20.4729
19.1027
17.6763
16.2454
15.183
14.7417
14.3474
14.1459
14.194
14.3666
14.4064
14.4277
14.7766
15.0528
15.1398
14.6502
15.6086
18.6593
24.371
24.7261
25.1049
18.7104
15.2288
13.5787
12.8861
12.5686
11.9012
11.5042
12.3446
14.381
13.4968
12.0731
11.3762
11.461
12.2557
12.4478
12.7341
12.7419
12.0712
11.3405
11.1009
11.1423
11.2907
11.35
11.0923
11.1883
11.9212
12.0161
11.5747
10.6265
10.2482
10.0441
9.90834
9.76867
11.0287
11.1357
11.2948
11.2077
10.8409
10.7508
10.685
10.627
10.5635
10.5035
10.4483
10.3938
10.3305
10.2594
10.1852
10.0998
10.0012
9.9089
9.82955
9.76417
11.0288
11.136
11.2951
11.2072
10.8406
10.7508
10.685
10.627
10.5635
10.5036
10.4483
10.3938
10.3306
10.2594
10.1852
10.0998
10.0012
9.9089
9.82954
9.76417
12.2548
12.4468
12.7342
12.7426
12.0713
11.3401
11.1008
11.1426
11.2913
11.3508
11.0921
11.1873
11.9207
12.0165
11.5752
10.6265
10.2482
10.0441
9.90836
9.76868
15.1397
14.6501
15.6082
18.6582
24.37
24.7264
25.1056
18.7115
15.2294
13.5789
12.8861
12.5687
11.9015
11.5044
12.3448
14.3815
13.4971
12.0732
11.3763
11.4611
19.5458
20.3477
21.391
23.4498
24.2552
22.769
20.4732
19.1031
17.6774
16.2459
15.1832
14.7419
14.3476
14.1462
14.1942
14.3668
14.4066
14.4279
14.7769
15.0529
212.418
228.564
238.279
250.924
262.102
144.736
279.55
363.321
376.405
293.088
480.139
502.215
491.704
534.12
588.563
605.189
621.631
638.098
647.557
257.31
227.799
230.539
228.051
208.386
57.1332
46.495
116.376
228.647
257.125
283.274
287.097
317.049
343.258
135.932
48.0496
29.4127
20.5306
33.0781
50.9001
119.167
153.294
133.732
75.153
51.2169
45.8801
33.5741
28.0813
35.4245
32.3781
23.6482
20.9383
22.4689
24.4785
25.2282
21.9122
18.0446
19.7836
25.7367
22.9508
20.0189
114.341
66.6634
59.5359
40.3265
34.9066
28.4006
27.3711
25.9845
26.5273
24.7966
20.7262
20.5655
24.6617
31.4354
33.2925
34.3871
35.6444
32.5359
22.546
17.3679
74.7176
49.362
37.1979
23.7448
19.9295
17.4623
19.1321
19.7291
19.3273
17.8557
14.9635
15.0676
20.0221
23.2826
18.2487
14.4729
12.4401
11.5888
11.5732
11.9223
66.8421
38.5078
20.2444
16.6926
15.9183
15.4862
16.2767
16.2067
16.9094
17.0995
16.4032
14.6541
13.6855
12.7308
11.9492
11.793
11.6402
11.3324
11.1163
11.018
66.8424
38.5084
20.2446
16.6926
15.9182
15.4864
16.2764
16.2063
16.9092
17.0994
16.403
14.654
13.6855
12.7307
11.9492
11.793
11.6403
11.3322
11.1164
11.0181
74.7173
49.3615
37.1978
23.7433
19.9293
17.4627
19.1325
19.7286
19.3267
17.8552
14.9632
15.0675
20.0219
23.2826
18.2488
14.473
12.4401
11.5892
11.5747
11.9232
114.341
66.663
59.5361
40.3268
34.9068
28.4009
27.3713
25.9842
26.5267
24.7961
20.7257
20.5667
24.6641
31.4364
33.2924
34.387
35.6444
32.5326
22.5443
17.3673
153.294
133.732
75.1528
51.217
45.8805
33.5745
28.0813
35.424
32.3777
23.6479
20.9382
22.469
24.4784
25.2278
21.912
18.0449
19.7823
25.7347
22.9513
20.0193
227.799
230.539
228.051
208.388
57.1339
46.4951
116.375
228.647
257.125
283.274
287.098
317.05
343.259
135.93
48.0498
29.4134
20.53
33.0784
50.8989
119.155
212.426
228.574
238.283
250.919
262.097
144.729
279.548
363.323
376.406
293.09
480.139
502.215
491.705
534.118
588.564
605.19
621.633
638.1
647.554
257.308
19.5457
20.348
21.3916
23.4505
24.2556
22.7691
20.4729
19.1026
17.6771
16.2457
15.1831
14.7418
14.3474
14.1461
14.1942
14.3667
14.4065
14.4279
14.7771
15.053
15.1398
14.65
15.6086
18.6596
24.3715
24.726
25.1046
18.7099
15.2286
13.5787
12.8861
12.5687
11.9012
11.5044
12.3451
14.3814
13.4966
12.0729
11.3762
11.4612
12.2553
12.4474
12.7341
12.7421
12.0711
11.3402
11.1009
11.1424
11.2909
11.3502
11.0922
11.1881
11.9211
12.0163
11.5745
10.6265
10.2482
10.0441
9.90835
9.76867
11.0288
11.1359
11.2951
11.2075
10.8407
10.7508
10.685
10.627
10.5635
10.5035
10.4483
10.3938
10.3305
10.2594
10.1852
10.0998
10.0012
9.9089
9.82954
9.76418
11.0288
11.1361
11.2953
11.2071
10.8405
10.7508
10.685
10.627
10.5635
10.5036
10.4483
10.3938
10.3305
10.2594
10.1851
10.0998
10.0012
9.9089
9.82954
9.76417
12.2547
12.4466
12.7343
12.7427
12.0712
11.34
11.1008
11.1427
11.2914
11.3509
11.092
11.1873
11.9207
12.0166
11.5749
10.6264
10.2482
10.0441
9.90836
9.76868
15.1397
14.6501
15.6083
18.6587
24.3705
24.7263
25.1053
18.7109
15.2291
13.5789
12.8861
12.5688
11.9014
11.5045
12.3452
14.3818
13.4969
12.0731
11.3763
11.4612
19.5456
20.3477
21.3911
23.4501
24.2554
22.7691
20.4731
19.103
17.6779
16.2461
15.1833
14.742
14.3476
14.1462
14.1943
14.3669
14.4067
14.428
14.7772
15.0531
212.432
228.589
238.295
250.911
262.089
144.716
279.543
363.329
376.412
293.093
480.137
502.214
491.704
534.118
588.566
605.192
621.634
638.102
647.551
257.306
)
;
    }
}


// ************************************************************************* //
