/*--------------------------------*- C++ -*----------------------------------*\
| =========                 |                                                 |
| \\      /  F ield         | OpenFOAM: The Open Source CFD Toolbox           |
|  \\    /   O peration     | Version:  2412                                  |
|   \\  /    A nd           | Website:  www.openfoam.com                      |
|    \\/     M anipulation  |                                                 |
\*---------------------------------------------------------------------------*/
FoamFile
{
    version     2.0;
    format      ascii;
    arch        "LSB;label=32;scalar=64";
    class       surfaceScalarField;
    location    "0.37";
    object      phi;
}
// * * * * * * * * * * * * * * * * * * * * * * * * * * * * * * * * * * * * * //

dimensions      [0 3 -1 0 0 0 0];

oriented        oriented;

internalField   nonuniform List<scalar> 
2700
(
8.05784e-05
8.05784e-05
0.00443579
0.00013214
0.000124513
0.00457488
0.000133608
0.000209297
0.00475311
-9.09546e-06
0.000387129
0.00480304
-2.08333e-10
0.000182089
0.00329029
9.09524e-06
0.000182089
0.00329029
-0.000133608
0.000387129
0.00480304
-0.00013214
0.000209297
0.00475311
-8.05783e-05
0.000124513
0.00457487
8.05783e-05
0.00443579
0.000124513
0.00013214
0.00457488
0.000218143
0.000218143
0.00487012
0.000250417
0.000369151
0.00482865
0.000178838
0.000368311
0.00211983
-6.99669e-11
9.47681e-05
-0.00429995
-0.000178839
9.47679e-05
-0.00429995
-0.000250417
0.000368311
0.00211983
-0.000218143
0.000369151
0.00482865
-0.000124513
0.000218142
0.00487011
0.00013214
0.00457487
0.000209297
0.000133608
0.00475311
0.000369151
0.000250417
0.00482865
0.000350858
0.000350858
0.0031302
0.000190951
9.76932e-05
-0.00241625
-5.85506e-10
3.05296e-05
-0.00711764
-0.000190952
3.05294e-05
-0.00711764
-0.000350858
9.76925e-05
-0.00241625
-0.000369151
0.000350858
0.0031302
-0.000209297
0.000250415
0.00482865
0.000133608
0.00475311
0.000387129
-9.0954e-06
0.00480304
0.000368311
0.000178839
0.00211983
9.76932e-05
0.000190951
-0.00241625
7.20227e-05
7.20228e-05
-0.00497397
-1.03096e-09
6.36899e-05
-0.00887812
-7.20238e-05
6.369e-05
-0.00887811
-9.76924e-05
7.2023e-05
-0.00497397
-0.00036831
0.000190952
-0.00241625
-0.000387128
0.000178837
0.00211983
-9.09572e-06
0.00480304
0.000182089
-2.12126e-10
0.00329029
9.47682e-05
1.12379e-11
-0.00429995
3.05298e-05
-5.45049e-10
-0.00711764
6.369e-05
-1.01255e-09
-0.00887812
-6.99095e-10
-7.68444e-10
-0.0107778
-6.36913e-05
-7.5759e-10
-0.0107778
-3.053e-05
-9.72777e-10
-0.00887811
-9.47678e-05
-5.11769e-10
-0.00711764
-0.000182088
1.77208e-11
-0.00429995
-2.02519e-10
0.00329029
0.000182089
9.09523e-06
0.00329029
9.4768e-05
-0.000178839
-0.00429995
3.05295e-05
-0.000190952
-0.00711764
6.36901e-05
-7.20239e-05
-0.00887811
-6.88664e-10
-6.36913e-05
-0.0107778
-6.36915e-05
-6.36914e-05
-0.0107778
-3.05298e-05
-7.20241e-05
-0.0088781
-9.47677e-05
-0.000190952
-0.00711764
-0.000182088
-0.000178837
-0.00429995
9.09554e-06
0.00329029
0.000387129
-0.000133608
0.00480304
0.000368311
-0.000250417
0.00211983
9.76925e-05
-0.000350858
-0.00241625
7.2023e-05
-9.76925e-05
-0.00497397
-9.91403e-10
-3.053e-05
-0.00887811
-7.20241e-05
-3.05298e-05
-0.0088781
-9.76918e-05
-9.76918e-05
-0.00497396
-0.00036831
-0.000350858
-0.00241625
-0.000387128
-0.000250415
0.00211983
-0.000133608
0.00480304
0.000209297
-0.00013214
0.00475311
0.000369151
-0.000218143
0.00482865
0.000350858
-0.000369151
0.0031302
0.000190952
-0.00036831
-0.00241625
-5.51535e-10
-9.47678e-05
-0.00711764
-0.000190952
-9.47677e-05
-0.00711764
-0.000350858
-0.00036831
-0.00241625
-0.00036915
-0.00036915
0.0031302
-0.000209297
-0.000218142
0.00482865
-0.00013214
0.00475311
0.000124513
-8.05783e-05
0.00457487
0.000218142
-0.000124513
0.00487011
0.000250415
-0.000209297
0.00482865
0.000178837
-0.000387128
0.00211983
-5.89513e-11
-0.000182088
-0.00429995
-0.000178837
-0.000182088
-0.00429995
-0.000250415
-0.000387128
0.00211983
-0.000218142
-0.000209297
0.00482865
-0.000124513
-0.000124513
0.00487011
-8.05783e-05
0.00457487
8.05783e-05
0.00443579
0.00013214
0.00457487
0.000133608
0.00475311
-9.09576e-06
0.00480304
-1.98278e-10
0.00329029
9.09553e-06
0.00329029
-0.000133608
0.00480304
-0.00013214
0.00475311
-8.05783e-05
0.00457487
0.00443579
0.000108678
0.000108678
0.00421843
0.00017926
0.000167113
0.00433718
0.000196336
0.00025979
0.00447624
4.01372e-05
0.000477332
0.00448191
-2.42494e-10
0.000291505
0.00303892
-4.01376e-05
0.000291505
0.00303892
-0.000196336
0.000477331
0.00448191
-0.00017926
0.00025979
0.00447624
-0.000108678
0.000167112
0.00433718
0.000108678
0.00421843
0.000167113
0.00017926
0.00433718
0.000300927
0.000300927
0.00460249
0.000366999
0.00045284
0.00456953
0.000273822
0.000518589
0.00217175
-1.40598e-10
0.000230815
-0.00396544
-0.000273822
0.000230815
-0.00396544
-0.000366999
0.000518588
0.00217175
-0.000300927
0.000452839
0.00456953
-0.000167113
0.000300927
0.00460249
0.00017926
0.00433718
0.00025979
0.000196336
0.00447624
0.00045284
0.000366999
0.00456953
0.000460626
0.000460626
0.00311463
0.000256218
0.000270642
-0.0019639
-4.62889e-10
0.000188307
-0.00681891
-0.000256219
0.000188306
-0.00681891
-0.000460626
0.00027064
-0.0019639
-0.000452839
0.000460626
0.00311463
-0.00025979
0.000366998
0.00456953
0.000196336
0.00447624
0.000477332
4.01373e-05
0.00448191
0.000518589
0.000273822
0.00217175
0.000270642
0.000256218
-0.0019639
0.000162648
0.000162648
-0.00475799
-7.96352e-10
0.000160972
-0.00868813
-0.000162648
0.000160972
-0.00868813
-0.000270641
0.000162647
-0.00475798
-0.000518588
0.000256219
-0.0019639
-0.000477331
0.000273821
0.00217175
4.01367e-05
0.00448191
0.000291505
-2.31163e-10
0.00303892
0.000230816
-6.90448e-11
-0.00396544
0.000188307
-4.24737e-10
-0.00681891
0.000160972
-7.99652e-10
-0.00868813
-6.57548e-10
-7.14167e-10
-0.0104559
-0.000160973
-6.99507e-10
-0.0104559
-0.000188307
-7.88944e-10
-0.00868813
-0.000230815
-4.05648e-10
-0.00681891
-0.000291505
-6.57588e-11
-0.00396544
-2.26303e-10
0.00303892
0.000291505
-4.01376e-05
0.00303892
0.000230815
-0.000273822
-0.00396544
0.000188306
-0.000256219
-0.00681891
0.000160972
-0.000162648
-0.00868813
-6.43474e-10
-0.000160973
-0.0104559
-0.000160974
-0.000160973
-0.0104559
-0.000188306
-0.000162648
-0.00868812
-0.000230815
-0.000256219
-0.00681891
-0.000291505
-0.000273822
-0.00396544
-4.0137e-05
0.00303892
0.000477331
-0.000196336
0.00448191
0.000518588
-0.000366999
0.00217175
0.000270641
-0.000460626
-0.0019639
0.000162647
-0.000270641
-0.00475798
-7.85782e-10
-0.000188307
-0.00868813
-0.000162648
-0.000188306
-0.00868812
-0.00027064
-0.00027064
-0.00475798
-0.000518587
-0.000460625
-0.0019639
-0.000477331
-0.000366998
0.00217175
-0.000196336
0.00448191
0.00025979
-0.00017926
0.00447624
0.000452839
-0.000300927
0.00456953
0.000460626
-0.000452839
0.00311463
0.000256219
-0.000518588
-0.0019639
-4.43546e-10
-0.000230815
-0.00681891
-0.000256219
-0.000230815
-0.00681891
-0.000460625
-0.000518587
-0.0019639
-0.000452838
-0.000452838
0.00311463
-0.000259789
-0.000300926
0.00456953
-0.00017926
0.00447624
0.000167112
-0.000108678
0.00433718
0.000300927
-0.000167113
0.00460249
0.000366998
-0.00025979
0.00456953
0.000273821
-0.000477331
0.00217175
-1.357e-10
-0.000291504
-0.00396544
-0.000273822
-0.000291505
-0.00396544
-0.000366998
-0.000477331
0.00217175
-0.000300926
-0.000259789
0.00456953
-0.000167112
-0.000167112
0.00460249
-0.000108678
0.00433718
0.000108678
0.00421843
0.00017926
0.00433718
0.000196336
0.00447624
4.01366e-05
0.00448191
-2.37358e-10
0.00303892
-4.0137e-05
0.00303892
-0.000196336
0.00448191
-0.00017926
0.00447624
-0.000108678
0.00433718
0.00421843
0.000131334
0.000131334
0.00395576
0.000216148
0.000201145
0.00405122
0.000245001
0.000298857
0.00414853
8.1245e-05
0.000545962
0.0040997
-2.5098e-10
0.000385806
0.00273436
-8.12455e-05
0.000385806
0.00273436
-0.000245001
0.000545962
0.0040997
-0.000216148
0.000298856
0.00414853
-0.000131334
0.000201145
0.00405122
0.000131334
0.00395576
0.000201145
0.000216148
0.00405122
0.000365635
0.000365635
0.00427351
0.000454272
0.000523016
0.00425673
0.000350231
0.000653552
0.0021682
-2.84754e-10
0.000359676
-0.00358908
-0.000350231
0.000359676
-0.00358907
-0.000454272
0.000653551
0.0021682
-0.000365635
0.000523015
0.00425673
-0.000201145
0.000365635
0.00427351
0.000216147
0.00405122
0.000298857
0.000245001
0.00414853
0.000523016
0.000454272
0.00425673
0.000562887
0.000562887
0.00303488
0.000335038
0.000455298
-0.00153779
-3.60402e-10
0.000320557
-0.00644476
-0.000335038
0.000320557
-0.00644476
-0.000562887
0.000455296
-0.00153779
-0.000523015
0.000562887
0.00303488
-0.000298856
0.000454272
0.00425673
0.000245
0.00414853
0.000545962
8.12451e-05
0.0040997
0.000653552
0.000350231
0.0021682
0.000455298
0.000335038
-0.00153779
0.000287656
0.000287656
-0.0044227
-6.49267e-10
0.000246916
-0.00832684
-0.000287657
0.000246916
-0.00832683
-0.000455297
0.000287655
-0.0044227
-0.000653552
0.000335038
-0.00153779
-0.000545962
0.000350231
0.0021682
8.12445e-05
0.0040997
0.000385806
-2.23295e-10
0.00273436
0.000359676
-2.6011e-10
-0.00358908
0.000320557
-3.3691e-10
-0.00644476
0.000246917
-6.53862e-10
-0.00832684
-5.34083e-10
-5.86408e-10
-0.00996205
-0.000246918
-5.81981e-10
-0.00996205
-0.000320557
-6.53229e-10
-0.00832683
-0.000359676
-3.23771e-10
-0.00644475
-0.000385806
-2.4423e-10
-0.00358908
-2.20399e-10
0.00273436
0.000385806
-8.12455e-05
0.00273436
0.000359676
-0.000350232
-0.00358907
0.000320557
-0.000335038
-0.00644476
0.000246916
-0.000287657
-0.00832683
-5.30041e-10
-0.000246918
-0.00996205
-0.000246918
-0.000246917
-0.00996205
-0.000320557
-0.000287656
-0.00832683
-0.000359676
-0.000335039
-0.00644475
-0.000385806
-0.000350232
-0.00358908
-8.12449e-05
0.00273436
0.000545962
-0.000245001
0.0040997
0.000653551
-0.000454272
0.0021682
0.000455296
-0.000562887
-0.00153779
0.000287655
-0.000455297
-0.0044227
-6.48873e-10
-0.000320557
-0.00832683
-0.000287656
-0.000320557
-0.00832683
-0.000455296
-0.000455296
-0.0044227
-0.000653551
-0.000562887
-0.00153779
-0.000545962
-0.000454272
0.0021682
-0.000245
0.0040997
0.000298856
-0.000216148
0.00414853
0.000523015
-0.000365635
0.00425673
0.000562887
-0.000523015
0.00303488
0.000335038
-0.000653552
-0.00153779
-3.47963e-10
-0.000359676
-0.00644476
-0.000335039
-0.000359676
-0.00644476
-0.000562887
-0.000653551
-0.00153779
-0.000523014
-0.000523014
0.00303489
-0.000298856
-0.000365635
0.00425674
-0.000216147
0.00414853
0.000201145
-0.000131334
0.00405122
0.000365635
-0.000201145
0.00427351
0.000454272
-0.000298856
0.00425673
0.000350231
-0.000545962
0.0021682
-2.68391e-10
-0.000385806
-0.00358908
-0.000350232
-0.000385806
-0.00358908
-0.000454272
-0.000545962
0.0021682
-0.000365635
-0.000298856
0.00425674
-0.000201144
-0.000201144
0.00427351
-0.000131334
0.00405122
0.000131334
0.00395576
0.000216147
0.00405122
0.000245
0.00414853
8.12445e-05
0.0040997
-2.47655e-10
0.00273436
-8.12449e-05
0.00273436
-0.000245
0.0040997
-0.000216147
0.00414853
-0.000131334
0.00405122
0.00395576
0.000147591
0.000147591
0.00366058
0.000241896
0.000225058
0.00373186
0.000278842
0.000324032
0.00378756
0.00011238
0.000588157
0.00367801
-2.61204e-10
0.000454305
0.00239243
-0.000112381
0.000454306
0.00239243
-0.000278843
0.000588157
0.00367801
-0.000241896
0.000324031
0.00378756
-0.000147591
0.000225057
0.00373186
0.000147591
0.00366058
0.000225058
0.000241896
0.00373186
0.000409262
0.000409262
0.0039051
0.000510847
0.000571858
0.00390732
0.000405813
0.000756459
0.00210493
-3.78655e-10
0.000468157
-0.00319711
-0.000405814
0.000468157
-0.00319711
-0.000510847
0.000756458
0.00210493
-0.000409262
0.000571857
0.00390732
-0.000225057
0.000409262
0.0039051
0.000241896
0.00373186
0.000324032
0.000278842
0.00378756
0.000571858
0.000510847
0.00390732
0.000643652
0.000643652
0.00289129
0.000415691
0.000593828
-0.0011472
-2.6434e-10
0.000428189
-0.0059891
-0.000415691
0.000428189
-0.0059891
-0.000643651
0.000593827
-0.0011472
-0.000571857
0.000643652
0.0028913
-0.000324031
0.000510847
0.00390732
0.000278842
0.00378756
0.000588157
0.00011238
0.00367801
0.000756459
0.000405813
0.00210493
0.000593828
0.000415691
-0.0011472
0.000389515
0.000389515
-0.00401408
-4.78944e-10
0.000309537
-0.00781867
-0.000389516
0.000309537
-0.00781867
-0.000593828
0.000389514
-0.00401407
-0.000756459
0.000415691
-0.0011472
-0.000588157
0.000405814
0.00210493
0.00011238
0.00367801
0.000454305
-2.32552e-10
0.00239243
0.000468157
-4.03881e-10
-0.00319711
0.000428189
-2.50583e-10
-0.0059891
0.000309538
-4.75383e-10
-0.00781867
-3.99722e-10
-4.4774e-10
-0.00934297
-0.000309538
-4.47077e-10
-0.00934297
-0.00042819
-4.76526e-10
-0.00781867
-0.000468157
-2.43114e-10
-0.0059891
-0.000454307
-3.74445e-10
-0.00319711
-2.22117e-10
0.00239243
0.000454306
-0.000112381
0.00239243
0.000468157
-0.000405814
-0.00319711
0.000428189
-0.000415691
-0.0059891
0.000309538
-0.000389516
-0.00781867
-3.9929e-10
-0.000309538
-0.00934297
-0.000309538
-0.000309538
-0.00934297
-0.000428189
-0.000389515
-0.00781866
-0.000468158
-0.000415691
-0.0059891
-0.000454307
-0.000405814
-0.00319711
-0.000112381
0.00239244
0.000588157
-0.000278843
0.00367801
0.000756458
-0.000510847
0.00210493
0.000593828
-0.000643651
-0.0011472
0.000389514
-0.000593828
-0.00401407
-4.80433e-10
-0.00042819
-0.00781867
-0.000389515
-0.000428189
-0.00781866
-0.000593827
-0.000593827
-0.00401407
-0.000756458
-0.000643651
-0.0011472
-0.000588157
-0.000510847
0.00210493
-0.000278842
0.00367801
0.000324031
-0.000241896
0.00378756
0.000571857
-0.000409262
0.00390732
0.000643652
-0.000571857
0.0028913
0.000415691
-0.000756459
-0.0011472
-2.58512e-10
-0.000468157
-0.0059891
-0.000415691
-0.000468157
-0.0059891
-0.000643651
-0.000756458
-0.0011472
-0.000571856
-0.000571856
0.0028913
-0.000324031
-0.000409262
0.00390732
-0.000241896
0.00378756
0.000225057
-0.000147591
0.00373186
0.000409262
-0.000225057
0.0039051
0.000510847
-0.000324031
0.00390732
0.000405814
-0.000588157
0.00210493
-3.50111e-10
-0.000454307
-0.00319711
-0.000405814
-0.000454307
-0.00319711
-0.000510847
-0.000588157
0.00210493
-0.000409262
-0.000324031
0.00390732
-0.000225057
-0.000225057
0.0039051
-0.000147591
0.00373186
0.000147591
0.00366058
0.000241896
0.00373186
0.000278842
0.00378756
0.00011238
0.00367801
-2.50246e-10
0.00239244
-0.000112381
0.00239244
-0.000278842
0.00367801
-0.000241896
0.00378756
-0.000147591
0.00373186
0.00366058
0.000157225
0.000157225
0.00334613
0.000256382
0.000238384
0.00339432
0.000297908
0.000334543
0.00341149
0.000133873
0.000601014
0.00324103
-2.68217e-10
0.000491095
0.00203521
-0.000133874
0.000491095
0.00203521
-0.000297908
0.000601013
0.00324103
-0.000256382
0.000334543
0.00341149
-0.000157225
0.000238383
0.00339432
0.000157224
0.00334613
0.000238384
0.000256382
0.00339432
0.000430919
0.000430919
0.00352003
0.00053871
0.000599239
0.00353484
0.00043634
0.000811616
0.0019967
-2.89191e-10
0.000541345
-0.00281102
-0.00043634
0.000541345
-0.00281102
-0.00053871
0.000811616
0.0019967
-0.000430918
0.000599238
0.00353484
-0.000238383
0.000430918
0.00352003
0.000256382
0.00339432
0.000334543
0.000297908
0.00341149
0.000599239
0.00053871
0.00353484
0.000695288
0.000695288
0.0026992
0.000476576
0.000678465
-0.000795338
-2.15067e-10
0.000500649
-0.00547183
-0.000476576
0.000500648
-0.00547183
-0.000695287
0.000678464
-0.000795339
-0.000599238
0.000695288
0.0026992
-0.000334543
0.00053871
0.00353484
0.000297908
0.00341149
0.000601014
0.000133873
0.00324103
0.000811616
0.00043634
0.0019967
0.000678465
0.000476576
-0.000795338
0.000458772
0.000458772
-0.00357469
-3.29399e-10
0.0003535
-0.00721275
-0.000458772
0.0003535
-0.00721275
-0.000678465
0.000458771
-0.00357469
-0.000811616
0.000476576
-0.000795338
-0.000601014
0.00043634
0.0019967
0.000133873
0.00324103
0.000491095
-2.51129e-10
0.00203521
0.000541345
-2.85362e-10
-0.00281102
0.000500649
-1.88608e-10
-0.00547182
0.0003535
-3.20874e-10
-0.00721275
-2.57266e-10
-3.04173e-10
-0.00863597
-0.000353501
-3.0308e-10
-0.00863597
-0.000500649
-3.24504e-10
-0.00721275
-0.000541345
-1.87104e-10
-0.00547182
-0.000491095
-2.68773e-10
-0.00281102
-2.30242e-10
0.00203521
0.000491095
-0.000133874
0.00203521
0.000541345
-0.00043634
-0.00281102
0.000500649
-0.000476576
-0.00547182
0.0003535
-0.000458772
-0.00721275
-2.56671e-10
-0.000353501
-0.00863597
-0.000353501
-0.000353501
-0.00863597
-0.000500649
-0.000458772
-0.00721274
-0.000541345
-0.000476576
-0.00547182
-0.000491095
-0.000436341
-0.00281102
-0.000133873
0.00203521
0.000601013
-0.000297908
0.00324103
0.000811616
-0.000538709
0.0019967
0.000678464
-0.000695287
-0.000795339
0.000458771
-0.000678465
-0.00357469
-3.33513e-10
-0.000500649
-0.00721275
-0.000458772
-0.000500649
-0.00721274
-0.000678464
-0.000678464
-0.00357469
-0.000811616
-0.000695287
-0.000795339
-0.000601013
-0.00053871
0.0019967
-0.000297908
0.00324103
0.000334543
-0.000256382
0.00341149
0.000599238
-0.000430918
0.00353484
0.000695288
-0.000599238
0.0026992
0.000476576
-0.000811616
-0.000795338
-2.15442e-10
-0.000541345
-0.00547182
-0.000476576
-0.000541345
-0.00547182
-0.000695287
-0.000811616
-0.000795339
-0.000599238
-0.000599238
0.0026992
-0.000334543
-0.000430918
0.00353484
-0.000256382
0.00341149
0.000238383
-0.000157225
0.00339432
0.000430918
-0.000238383
0.00352003
0.00053871
-0.000334543
0.00353484
0.00043634
-0.000601014
0.0019967
-2.73029e-10
-0.000491095
-0.00281102
-0.000436341
-0.000491095
-0.00281102
-0.00053871
-0.000601013
0.0019967
-0.000430918
-0.000334543
0.00353484
-0.000238383
-0.000238383
0.00352003
-0.000157224
0.00339432
0.000157224
0.00334613
0.000256382
0.00339432
0.000297908
0.00341149
0.000133873
0.00324103
-2.46898e-10
0.00203521
-0.000133873
0.00203521
-0.000297908
0.00324103
-0.000256382
0.00341149
-0.000157224
0.00339432
0.00334613
0.000160652
0.000160652
0.00302483
0.000260539
0.000241329
0.0030531
0.000303572
0.00033071
0.00303774
0.000146439
0.000583996
0.00281417
-2.38014e-10
0.000492388
0.00168926
-0.00014644
0.000492388
0.00168926
-0.000303573
0.000583995
0.00281417
-0.000260539
0.00033071
0.00303774
-0.000160652
0.000241329
0.0030531
0.000160652
0.00302483
0.000241329
0.000260539
0.0030531
0.000431059
0.000431059
0.00314057
0.000536858
0.000599082
0.00316067
0.000431999
0.000823271
0.00186228
-2.71142e-10
0.000573205
-0.00245984
-0.000431999
0.000573205
-0.00245984
-0.000536858
0.00082327
0.00186228
-0.000431058
0.000599082
0.00316067
-0.000241329
0.000431058
0.00314057
0.000260539
0.0030531
0.00033071
0.000303572
0.00303774
0.000599082
0.000536858
0.00316067
0.000710758
0.000710758
0.00247584
0.000511755
0.000719613
-0.000492676
-1.93233e-10
0.000534383
-0.00492125
-0.000511755
0.000534383
-0.00492125
-0.000710758
0.000719612
-0.000492678
-0.000599082
0.000710758
0.00247585
-0.00033071
0.000536858
0.00316067
0.000303572
0.00303774
0.000583996
0.000146439
0.00281417
0.000823271
0.000431999
0.00186228
0.000719613
0.000511755
-0.000492676
0.000502768
0.000502768
-0.003141
-2.03562e-10
0.000377828
-0.00655342
-0.000502768
0.000377828
-0.00655342
-0.000719613
0.000502767
-0.003141
-0.000823271
0.000511755
-0.000492676
-0.000583996
0.000431999
0.00186228
0.000146439
0.00281417
0.000492388
-2.25398e-10
0.00168926
0.000573205
-2.75128e-10
-0.00245984
0.000534384
-1.62698e-10
-0.00492125
0.000377828
-1.87681e-10
-0.00655342
-1.41244e-10
-1.88963e-10
-0.00788032
-0.000377829
-1.91272e-10
-0.00788032
-0.000534384
-1.93493e-10
-0.00655342
-0.000573205
-1.64803e-10
-0.00492125
-0.000492389
-2.62387e-10
-0.00245984
-2.02109e-10
0.00168926
0.000492388
-0.00014644
0.00168926
0.000573205
-0.000431999
-0.00245984
0.000534383
-0.000511755
-0.00492125
0.000377828
-0.000502768
-0.00655342
-1.44139e-10
-0.000377829
-0.00788032
-0.000377829
-0.000377829
-0.00788032
-0.000534383
-0.000502767
-0.00655342
-0.000573205
-0.000511755
-0.00492125
-0.000492388
-0.000431999
-0.00245984
-0.00014644
0.00168926
0.000583995
-0.000303573
0.00281417
0.00082327
-0.000536858
0.00186228
0.000719612
-0.000710758
-0.000492677
0.000502767
-0.000719613
-0.003141
-2.099e-10
-0.000534384
-0.00655342
-0.000502768
-0.000534383
-0.00655342
-0.000719612
-0.000719612
-0.003141
-0.000823271
-0.000710758
-0.000492677
-0.000583996
-0.000536858
0.00186228
-0.000303573
0.00281417
0.00033071
-0.000260539
0.00303774
0.000599082
-0.000431058
0.00316067
0.000710758
-0.000599082
0.00247585
0.000511755
-0.000823271
-0.000492676
-1.97398e-10
-0.000573205
-0.00492125
-0.000511755
-0.000573205
-0.00492125
-0.000710758
-0.000823271
-0.000492677
-0.000599082
-0.000599082
0.00247585
-0.00033071
-0.000431058
0.00316067
-0.000260539
0.00303775
0.000241329
-0.000160652
0.0030531
0.000431058
-0.000241329
0.00314057
0.000536858
-0.00033071
0.00316067
0.000431999
-0.000583996
0.00186228
-2.59037e-10
-0.000492389
-0.00245984
-0.000431999
-0.000492388
-0.00245984
-0.000536858
-0.000583996
0.00186228
-0.000431058
-0.00033071
0.00316067
-0.000241329
-0.000241329
0.00314057
-0.000160652
0.0030531
0.000160652
0.00302483
0.000260539
0.0030531
0.000303572
0.00303774
0.000146439
0.00281417
-2.14357e-10
0.00168926
-0.00014644
0.00168926
-0.000303573
0.00281417
-0.000260539
0.00303775
-0.000160652
0.0030531
0.00302483
0.000158908
0.000158909
0.00270701
0.000256358
0.000235869
0.00271978
0.00029865
0.000316725
0.00267873
0.000151483
0.000547708
0.00241363
-2.06846e-10
0.000468035
0.00137271
-0.000151483
0.000468035
0.00137271
-0.00029865
0.000547708
0.00241363
-0.000256358
0.000316725
0.00267873
-0.000158909
0.000235869
0.00271978
0.000158908
0.00270701
0.000235869
0.000256358
0.00271978
0.000415986
0.000415986
0.00278033
0.000516129
0.000579001
0.00279825
0.00040847
0.000802372
0.00171528
-2.44217e-10
0.000568397
-0.00215173
-0.00040847
0.000568397
-0.00215173
-0.000516129
0.000802371
0.00171528
-0.000415986
0.000579001
0.00279825
-0.000235869
0.000415986
0.00278033
0.000256358
0.00271978
0.000316725
0.00029865
0.00267873
0.000579001
0.000516129
0.00279825
0.000695933
0.000695933
0.00224198
0.000520317
0.000726377
-0.000241066
-1.75116e-10
0.000534596
-0.00436713
-0.000520317
0.000534595
-0.00436713
-0.000695932
0.000726376
-0.000241067
-0.000579001
0.000695933
0.00224198
-0.000316725
0.000516129
0.00279825
0.00029865
0.00267873
0.000547708
0.000151483
0.00241363
0.000802372
0.00040847
0.00171528
0.000726377
0.000520317
-0.000241066
0.000519119
0.000519119
-0.00272648
-8.79685e-11
0.000381118
-0.00588083
-0.000519119
0.000381118
-0.00588083
-0.000726377
0.000519119
-0.00272648
-0.000802372
0.000520317
-0.000241065
-0.000547708
0.00040847
0.00171528
0.000151483
0.00241363
0.000468035
-2.00841e-10
0.00137271
0.000568397
-2.53266e-10
-0.00215173
0.000534596
-1.46684e-10
-0.00436713
0.000381118
-7.05481e-11
-0.00588083
-1.00372e-11
-7.73518e-11
-0.00711808
-0.000381118
-8.24445e-11
-0.00711808
-0.000534596
-7.87546e-11
-0.00588083
-0.000568397
-1.51287e-10
-0.00436713
-0.000468035
-2.46096e-10
-0.00215173
-1.79509e-10
0.00137271
0.000468035
-0.000151483
0.00137271
0.000568397
-0.00040847
-0.00215173
0.000534595
-0.000520317
-0.00436713
0.000381118
-0.00051912
-0.00588083
-1.51382e-11
-0.000381118
-0.00711808
-0.000381118
-0.000381118
-0.00711808
-0.000534595
-0.000519119
-0.00588083
-0.000568397
-0.000520317
-0.00436713
-0.000468035
-0.00040847
-0.00215173
-0.000151483
0.00137271
0.000547708
-0.00029865
0.00241363
0.000802371
-0.000516129
0.00171528
0.000726376
-0.000695932
-0.000241067
0.000519119
-0.000726377
-0.00272648
-9.66321e-11
-0.000534596
-0.00588083
-0.000519119
-0.000534595
-0.00588083
-0.000726376
-0.000726376
-0.00272648
-0.000802372
-0.000695933
-0.000241066
-0.000547708
-0.000516129
0.00171528
-0.00029865
0.00241363
0.000316725
-0.000256358
0.00267873
0.000579001
-0.000415986
0.00279825
0.000695933
-0.000579001
0.00224198
0.000520317
-0.000802372
-0.000241065
-1.81676e-10
-0.000568397
-0.00436713
-0.000520317
-0.000568397
-0.00436713
-0.000695933
-0.000802372
-0.000241066
-0.000579001
-0.000579001
0.00224198
-0.000316725
-0.000415986
0.00279825
-0.000256358
0.00267873
0.000235869
-0.000158909
0.00271978
0.000415986
-0.000235869
0.00278033
0.000516129
-0.000316725
0.00279825
0.00040847
-0.000547708
0.00171528
-2.37626e-10
-0.000468035
-0.00215173
-0.00040847
-0.000468035
-0.00215173
-0.000516129
-0.000547708
0.00171528
-0.000415986
-0.000316725
0.00279825
-0.000235869
-0.000235869
0.00278033
-0.000158908
0.00271978
0.000158908
0.00270701
0.000256358
0.00271978
0.00029865
0.00267873
0.000151483
0.00241363
-1.85187e-10
0.00137271
-0.000151483
0.00137271
-0.00029865
0.00241363
-0.000256358
0.00267873
-0.000158908
0.00271978
0.00270701
0.000153222
0.000153222
0.00240057
0.000246041
0.000224865
0.0024021
0.000286218
0.000296728
0.00234182
0.000150905
0.000500956
0.00204798
-1.80506e-10
0.000430778
0.00109284
-0.000150906
0.000430778
0.00109284
-0.000286218
0.000500956
0.00204798
-0.000246041
0.000296728
0.00234182
-0.000153222
0.000224865
0.0024021
0.000153222
0.00240057
0.000224865
0.000246041
0.0024021
0.000392247
0.000392247
0.00244557
0.000484057
0.000543782
0.00245938
0.000377278
0.000762765
0.00156025
-2.12248e-10
0.000537957
-0.00188163
-0.000377278
0.000537957
-0.00188163
-0.000484057
0.000762765
0.00156025
-0.000392247
0.000543783
0.00245938
-0.000224865
0.000392247
0.00244557
0.000246041
0.0024021
0.000296728
0.000286218
0.00234182
0.000543782
0.000484057
0.00245938
0.000659583
0.000659583
0.00201038
0.000507885
0.000711069
-3.76715e-05
-1.56773e-10
0.000513221
-0.00383451
-0.000507885
0.00051322
-0.00383451
-0.000659583
0.000711068
-3.76725e-05
-0.000543782
0.000659583
0.00201038
-0.000296728
0.000484057
0.00245938
0.000286218
0.00234182
0.000500956
0.000150905
0.00204798
0.000762765
0.000377278
0.00156025
0.000711069
0.000507885
-3.76713e-05
0.000512547
0.000512547
-0.00232944
4.21343e-11
0.000375021
-0.00523008
-0.000512547
0.000375021
-0.00523008
-0.000711069
0.000512547
-0.00232944
-0.000762765
0.000507885
-3.76705e-05
-0.000500956
0.000377278
0.00156025
0.000150905
0.00204798
0.000430778
-1.81795e-10
0.00109284
0.000537957
-2.3195e-10
-0.00188163
0.000513221
-1.37793e-10
-0.00383451
0.000375021
5.11714e-11
-0.00523008
8.46622e-11
-2.61469e-12
-0.00636804
-0.000375021
-6.72621e-12
-0.00636804
-0.000513221
3.96115e-11
-0.00523008
-0.000537957
-1.43503e-10
-0.00383451
-0.000430778
-2.27722e-10
-0.00188163
-1.64658e-10
0.00109284
0.000430778
-0.000150906
0.00109284
0.000537957
-0.000377278
-0.00188163
0.00051322
-0.000507885
-0.00383451
0.000375021
-0.000512547
-0.00523008
7.84808e-11
-0.000375021
-0.00636804
-0.000375021
-0.000375021
-0.00636804
-0.00051322
-0.000512547
-0.00523008
-0.000537957
-0.000507885
-0.00383451
-0.000430778
-0.000377278
-0.00188163
-0.000150905
0.00109284
0.000500956
-0.000286218
0.00204798
0.000762765
-0.000484057
0.00156025
0.000711068
-0.000659583
-3.76722e-05
0.000512547
-0.000711069
-0.00232944
2.9996e-11
-0.000513221
-0.00523008
-0.000512547
-0.00051322
-0.00523008
-0.000711068
-0.000711068
-0.00232944
-0.000762765
-0.000659583
-3.76714e-05
-0.000500956
-0.000484057
0.00156025
-0.000286218
0.00204798
0.000296728
-0.000246041
0.00234182
0.000543783
-0.000392247
0.00245938
0.000659583
-0.000543782
0.00201038
0.000507885
-0.000762765
-3.76704e-05
-1.64208e-10
-0.000537957
-0.00383451
-0.000507885
-0.000537957
-0.00383451
-0.000659583
-0.000762765
-3.76713e-05
-0.000543783
-0.000543783
0.00201038
-0.000296728
-0.000392247
0.00245938
-0.000246041
0.00234182
0.000224865
-0.000153222
0.0024021
0.000392247
-0.000224865
0.00244557
0.000484057
-0.000296728
0.00245938
0.000377278
-0.000500956
0.00156025
-2.08546e-10
-0.000430778
-0.00188163
-0.000377278
-0.000430778
-0.00188163
-0.000484057
-0.000500956
0.00156025
-0.000392247
-0.000296728
0.00245938
-0.000224865
-0.000224865
0.00244557
-0.000153222
0.0024021
0.000153222
0.00240057
0.000246041
0.0024021
0.000286218
0.00234182
0.000150905
0.00204798
-1.63129e-10
0.00109284
-0.000150905
0.00109284
-0.000286218
0.00204798
-0.000246041
0.00234182
-0.000153222
0.0024021
0.00240057
0.000144753
0.000144753
0.00211106
0.000231549
0.000210426
0.00210488
0.000268872
0.00027324
0.00203126
0.000146663
0.0004497
0.00172049
-1.58493e-10
0.000387612
0.00085189
-0.000146663
0.000387612
0.00085189
-0.000268872
0.0004497
0.00172049
-0.00023155
0.00027324
0.00203126
-0.000144753
0.000210426
0.00210488
0.000144753
0.00211106
0.000210426
0.000231549
0.00210488
0.000363829
0.000363829
0.00213876
0.000447708
0.000500441
0.0021483
0.000344023
0.000712291
0.00140134
-1.68518e-10
0.000495797
-0.0016458
-0.000344023
0.000495797
-0.0016458
-0.000447708
0.000712291
0.00140134
-0.000363829
0.000500441
0.0021483
-0.000210426
0.000363829
0.00213876
0.000231549
0.00210488
0.00027324
0.000268872
0.00203126
0.000500441
0.000447708
0.0021483
0.00061251
0.00061251
0.00178624
0.000484131
0.000681632
0.000121366
-1.22402e-10
0.000485659
-0.00334024
-0.000484132
0.000485659
-0.00334024
-0.00061251
0.000681631
0.000121365
-0.000500441
0.00061251
0.00178624
-0.000273241
0.000447708
0.0021483
0.000268872
0.00203126
0.0004497
0.000146663
0.00172049
0.000712291
0.000344023
0.00140134
0.000681632
0.000484131
0.000121366
0.000495938
0.000495938
-0.00195805
1.19085e-10
0.000364543
-0.00461303
-0.000495938
0.000364543
-0.00461303
-0.000681632
0.000495938
-0.00195805
-0.000712291
0.000484131
0.000121367
-0.0004497
0.000344023
0.00140134
0.000146663
0.00172049
0.000387612
-1.66429e-10
0.00085189
0.000495797
-1.99881e-10
-0.0016458
0.000485659
-1.12035e-10
-0.00334024
0.000364543
1.20752e-10
-0.00461303
9.22445e-11
1.23986e-11
-0.00563895
-0.000364543
9.26277e-12
-0.00563895
-0.000485659
1.08132e-10
-0.00461303
-0.000495797
-1.19758e-10
-0.00334024
-0.000387612
-1.98133e-10
-0.00164579
-1.53116e-10
0.000851891
0.000387612
-0.000146663
0.00085189
0.000495797
-0.000344023
-0.0016458
0.000485659
-0.000484132
-0.00334024
0.000364543
-0.000495938
-0.00461303
8.82038e-11
-0.000364543
-0.00563895
-0.000364543
-0.000364543
-0.00563895
-0.000485659
-0.000495938
-0.00461303
-0.000495796
-0.000484132
-0.00334024
-0.000387612
-0.000344023
-0.00164579
-0.000146663
0.000851891
0.0004497
-0.000268872
0.00172049
0.000712291
-0.000447708
0.00140134
0.000681631
-0.00061251
0.000121365
0.000495938
-0.000681632
-0.00195805
1.05639e-10
-0.000485659
-0.00461303
-0.000495938
-0.000485659
-0.00461303
-0.000681631
-0.000681631
-0.00195805
-0.000712291
-0.00061251
0.000121366
-0.0004497
-0.000447708
0.00140134
-0.000268872
0.00172049
0.00027324
-0.00023155
0.00203126
0.000500441
-0.000363829
0.0021483
0.00061251
-0.000500441
0.00178624
0.000484131
-0.000712291
0.000121367
-1.31465e-10
-0.000495796
-0.00334024
-0.000484132
-0.000495796
-0.00334024
-0.00061251
-0.000712291
0.000121366
-0.000500441
-0.000500441
0.00178624
-0.000273241
-0.000363829
0.0021483
-0.00023155
0.00203126
0.000210426
-0.000144753
0.00210488
0.000363829
-0.000210426
0.00213876
0.000447708
-0.000273241
0.0021483
0.000344023
-0.0004497
0.00140134
-1.6715e-10
-0.000387612
-0.00164579
-0.000344023
-0.000387612
-0.00164579
-0.000447708
-0.0004497
0.00140134
-0.000363829
-0.000273241
0.0021483
-0.000210426
-0.000210426
0.00213876
-0.000144753
0.00210488
0.000144753
0.00211106
0.000231549
0.00210488
0.000268872
0.00203126
0.000146663
0.00172049
-1.45002e-10
0.000851891
-0.000146663
0.000851891
-0.000268872
0.00172049
-0.00023155
0.00203126
-0.000144753
0.00210488
0.00211106
0.000134488
0.000134488
0.000214566
0.000194044
0.000248719
0.0002484
0.000140028
0.000398482
-1.37909e-10
0.000342466
-0.000140028
0.000342466
-0.00024872
0.000398482
-0.000214566
0.0002484
-0.000134488
0.000194044
0.000134488
0.000194044
0.000214566
0.000333461
0.000333461
0.000410183
0.000454933
0.000312091
0.000654499
-1.19796e-10
0.000448241
-0.000312091
0.000448241
-0.000410183
0.000654499
-0.000333461
0.000454933
-0.000194044
0.000333461
0.000214566
0.0002484
0.000248719
0.000454933
0.000410183
0.000561384
0.000561384
0.000454108
0.000642583
-6.49848e-11
0.000454754
-0.000454108
0.000454754
-0.000561384
0.000642583
-0.000454933
0.000561384
-0.0002484
0.000410183
0.000248719
0.000398482
0.000140028
0.000654499
0.000312091
0.000642583
0.000454108
0.000475322
0.000475322
1.49554e-10
0.00035147
-0.000475322
0.00035147
-0.000642583
0.000475322
-0.000654499
0.000454108
-0.000398482
0.000312091
0.000140028
0.000342466
-1.52063e-10
0.000448241
-1.61278e-10
0.000454754
-7.09842e-11
0.00035147
1.5745e-10
7.51456e-11
5.72326e-12
-0.00035147
4.40511e-12
-0.000454755
1.44931e-10
-0.000448241
-8.24976e-11
-0.000342466
-1.62148e-10
-1.42233e-10
0.000342466
-0.000140028
0.000448241
-0.000312091
0.000454754
-0.000454108
0.00035147
-0.000475322
7.34749e-11
-0.00035147
-0.00035147
-0.00035147
-0.000454755
-0.000475321
-0.000448241
-0.000454108
-0.000342466
-0.000312091
-0.000140028
0.000398482
-0.00024872
0.000654499
-0.000410183
0.000642583
-0.000561384
0.000475322
-0.000642583
1.36122e-10
-0.000454755
-0.000475322
-0.000454755
-0.000642583
-0.000642583
-0.000654499
-0.000561384
-0.000398482
-0.000410183
-0.00024872
0.0002484
-0.000214566
0.000454933
-0.000333461
0.000561384
-0.000454933
0.000454108
-0.000654499
-7.74949e-11
-0.000448241
-0.000454108
-0.000448241
-0.000561384
-0.000654499
-0.000454934
-0.000454933
-0.0002484
-0.000333461
-0.000214566
0.000194044
-0.000134488
0.000333461
-0.000194044
0.000410183
-0.0002484
0.000312091
-0.000398482
-1.21008e-10
-0.000342466
-0.000312091
-0.000342466
-0.000410183
-0.000398482
-0.000333461
-0.0002484
-0.000194044
-0.000194044
-0.000134488
0.000134488
0.000214566
0.000248719
0.000140028
-1.2801e-10
-0.000140028
-0.00024872
-0.000214566
-0.000134488
)
;

boundaryField
{
    bottom
    {
        type            calculated;
        value           nonuniform List<scalar> 0();
    }
    atmosphere
    {
        type            calculated;
        value           nonuniform List<scalar> 0();
    }
    walls
    {
        type            calculated;
        value           uniform 0;
    }
    procBoundary0to1
    {
        type            processor;
        value           nonuniform List<scalar> 
100
(
0.00184208
0.00183075
0.0017487
0.0014307
0.000649452
0.000649452
0.0014307
0.00174871
0.00183076
0.00184208
0.00183075
0.00185993
0.00186505
0.00124341
-0.00143948
-0.00143948
0.00124341
0.00186505
0.00185993
0.00183076
0.0017487
0.00186505
0.00157334
0.000240558
-0.00289264
-0.00289264
0.000240557
0.00157334
0.00186505
0.00174871
0.0014307
0.00124341
0.000240558
-0.00162353
-0.00403442
-0.00403442
-0.00162353
0.000240559
0.00124341
0.0014307
0.000649452
-0.00143948
-0.00289264
-0.00403442
-0.00493601
-0.00493601
-0.00403442
-0.00289264
-0.00143948
0.000649453
0.000649452
-0.00143948
-0.00289264
-0.00403442
-0.00493601
-0.00493601
-0.00403442
-0.00289264
-0.00143948
0.000649453
0.0014307
0.00124341
0.000240557
-0.00162353
-0.00403442
-0.00403442
-0.00162353
0.000240558
0.00124342
0.0014307
0.00174871
0.00186505
0.00157334
0.000240559
-0.00289264
-0.00289264
0.000240558
0.00157334
0.00186505
0.00174871
0.00183076
0.00185993
0.00186505
0.00124342
-0.00143948
-0.00143948
0.00124342
0.00186505
0.00185993
0.00183076
0.00184208
0.00183076
0.00174871
0.0014307
0.000649453
0.000649454
0.0014307
0.00174871
0.00183076
0.00184208
)
;
    }
    procBoundary0to2
    {
        type            processor;
        value           nonuniform List<scalar> 
100
(
-0.00459694
-0.00475095
-0.00496388
-0.00504747
-0.00348147
-0.00348147
-0.00504747
-0.00496388
-0.00475095
-0.00459694
-0.00475095
-0.00505737
-0.00502078
-0.00202943
0.00456611
0.00456611
-0.00202943
-0.00502078
-0.00505737
-0.00475095
-0.00496388
-0.00502078
-0.00309361
0.00284678
0.00737283
0.00737283
0.00284677
-0.00309362
-0.00502078
-0.00496387
-0.00504747
-0.00202943
0.00284678
0.00502532
0.00891698
0.00891697
0.00502531
0.00284677
-0.00202943
-0.00504747
-0.00348147
0.00456611
0.00737283
0.00891698
0.0109052
0.0109052
0.00891697
0.00737283
0.00456611
-0.00348147
-0.00348147
0.00456611
0.00737283
0.00891697
0.0109052
0.0109052
0.00891697
0.00737283
0.00456611
-0.00348148
-0.00504747
-0.00202943
0.00284677
0.00502531
0.00891697
0.00891697
0.0050253
0.00284677
-0.00202943
-0.00504747
-0.00496388
-0.00502078
-0.00309362
0.00284677
0.00737283
0.00737283
0.00284677
-0.00309362
-0.00502078
-0.00496387
-0.00475095
-0.00505737
-0.00502078
-0.00202943
0.00456611
0.00456611
-0.00202943
-0.00502078
-0.00505737
-0.00475095
-0.00459694
-0.00475095
-0.00496387
-0.00504747
-0.00348147
-0.00348148
-0.00504747
-0.00496387
-0.00475095
-0.00459694
)
;
    }
}


// ************************************************************************* //
