/*--------------------------------*- C++ -*----------------------------------*\
| =========                 |                                                 |
| \\      /  F ield         | OpenFOAM: The Open Source CFD Toolbox           |
|  \\    /   O peration     | Version:  2412                                  |
|   \\  /    A nd           | Website:  www.openfoam.com                      |
|    \\/     M anipulation  |                                                 |
\*---------------------------------------------------------------------------*/
FoamFile
{
    version     2.0;
    format      ascii;
    arch        "LSB;label=32;scalar=64";
    class       volScalarField;
    location    "0.78";
    object      p;
}
// * * * * * * * * * * * * * * * * * * * * * * * * * * * * * * * * * * * * * //

dimensions      [1 -1 -2 0 0 0 0];

internalField   nonuniform List<scalar> 
1000
(
4.81259
2.67054
3.25738
3.09543
3.0958
3.0958
3.09539
3.25738
2.67053
4.81259
2.67054
2.52712
3.02555
2.85258
2.98881
2.98881
2.85258
3.02558
2.52713
2.67054
3.25738
3.02555
3.5212
3.08302
3.14945
3.14945
3.08302
3.52119
3.02556
3.25739
3.09544
2.85258
3.08303
2.91426
2.99036
2.99037
2.91428
3.08308
2.85261
3.09546
3.0958
2.98881
3.14945
2.99036
3.04438
3.04438
2.99037
3.14948
2.98883
3.09582
3.0958
2.98881
3.14946
2.99038
3.04439
3.04439
2.99039
3.14948
2.98883
3.09582
3.09537
2.85258
3.08302
2.91429
2.99038
2.99039
2.9143
3.08307
2.8526
3.09539
3.25738
3.0256
3.52119
3.08312
3.1495
3.1495
3.08312
3.52119
3.02562
3.2574
2.67052
2.52714
3.02557
2.85264
2.98885
2.98885
2.85264
3.02561
2.52716
2.67053
4.8126
2.67055
3.25741
3.09548
3.09585
3.09585
3.09545
3.25742
2.67055
4.81261
4.4059
2.38387
2.88766
2.7563
2.76149
2.76149
2.75627
2.88766
2.38387
4.40591
2.38387
2.28201
2.74682
2.55884
2.66954
2.66953
2.55885
2.74683
2.28203
2.38387
2.88766
2.74681
3.1073
2.76155
2.81487
2.81487
2.76155
3.10729
2.74681
2.88767
2.75631
2.55884
2.76156
2.60228
2.66785
2.66786
2.6023
2.76159
2.55887
2.75633
2.76149
2.66954
2.81487
2.66785
2.71647
2.71648
2.66786
2.81489
2.66956
2.76151
2.76149
2.66953
2.81487
2.66786
2.71648
2.71649
2.66787
2.81489
2.66955
2.76151
2.75624
2.55886
2.76155
2.60231
2.66787
2.66787
2.60232
2.76158
2.55888
2.75627
2.88766
2.74685
3.1073
2.76161
2.81491
2.81491
2.76161
3.1073
2.74685
2.88768
2.38387
2.28204
2.74681
2.55889
2.66957
2.66957
2.5589
2.74683
2.28206
2.38387
4.40592
2.38388
2.88768
2.75635
2.76153
2.76153
2.75631
2.88769
2.38388
4.40595
3.98515
2.08091
2.57207
2.42256
2.42465
2.42465
2.42255
2.5721
2.08091
3.98518
2.0809
2.00961
2.46904
2.25493
2.34216
2.34215
2.25495
2.469
2.00963
2.08089
2.57207
2.46905
2.75619
2.42863
2.47247
2.47247
2.42864
2.75618
2.46903
2.57209
2.42256
2.25493
2.42864
2.28222
2.33721
2.33722
2.28223
2.42865
2.25496
2.42258
2.42465
2.34217
2.47247
2.33722
2.38322
2.38322
2.33722
2.47249
2.34218
2.42466
2.42465
2.34216
2.47247
2.33722
2.38322
2.38323
2.33723
2.47249
2.34217
2.42467
2.42255
2.25496
2.42863
2.28224
2.33723
2.33723
2.28225
2.42865
2.25498
2.42257
2.57211
2.469
2.75618
2.42867
2.4725
2.4725
2.42867
2.75617
2.469
2.57213
2.08091
2.00964
2.46902
2.25497
2.34219
2.34218
2.25499
2.469
2.00965
2.08091
3.98519
2.0809
2.5721
2.4226
2.42468
2.42469
2.42259
2.57213
2.08091
3.98523
3.53874
1.76281
2.24735
2.07424
2.0815
2.0815
2.07425
2.24737
1.76282
3.53875
1.76281
1.69878
2.1153
1.93791
2.00566
2.00565
1.93792
2.11522
1.69879
1.76279
2.24734
2.11531
2.36939
2.07597
2.11909
2.11908
2.07597
2.36938
2.11529
2.24736
2.07424
1.93791
2.07598
1.95389
2.0007
2.0007
1.9539
2.07598
1.93792
2.07426
2.0815
2.00566
2.11909
2.0007
2.04388
2.04388
2.0007
2.1191
2.00567
2.08152
2.08151
2.00565
2.11909
2.0007
2.04389
2.04389
2.00071
2.1191
2.00566
2.08152
2.07426
1.93793
2.07597
1.9539
2.00071
2.00071
1.95391
2.07598
1.93794
2.07427
2.24738
2.1152
2.36938
2.07599
2.11911
2.11911
2.07599
2.36937
2.1152
2.2474
1.76282
1.69879
2.11528
1.93794
2.00568
2.00567
1.93795
2.11522
1.6988
1.76281
3.53876
1.7628
2.24737
2.07427
2.08153
2.08153
2.07429
2.2474
1.7628
3.53878
3.63263
1.42784
1.89579
1.7126
1.73305
1.73305
1.7126
1.89579
1.42784
3.63264
1.42783
1.37065
1.70308
1.60617
1.66092
1.6609
1.60617
1.70301
1.37064
1.42781
1.89579
1.7031
1.94324
1.70913
1.75964
1.75964
1.70912
1.94323
1.70308
1.8958
1.7126
1.60617
1.70912
1.61861
1.66318
1.66318
1.61861
1.70912
1.60618
1.71261
1.73306
1.66092
1.75964
1.66319
1.70169
1.70169
1.66319
1.75965
1.66093
1.73307
1.73305
1.6609
1.75964
1.66319
1.70169
1.70169
1.66319
1.75965
1.66091
1.73307
1.7126
1.60617
1.70912
1.61862
1.66319
1.66319
1.61862
1.70913
1.60618
1.71262
1.89579
1.70299
1.94323
1.70913
1.75965
1.75965
1.70913
1.94322
1.70299
1.89581
1.42784
1.37065
1.70307
1.60619
1.66093
1.66092
1.60619
1.70301
1.37065
1.42782
3.63265
1.42781
1.89581
1.71262
1.73308
1.73308
1.71263
1.89582
1.42782
3.63267
2.77507
1.07615
1.52816
1.32938
1.3804
1.3804
1.32938
1.52815
1.07615
2.77504
1.07614
1.01656
1.23458
1.25628
1.31206
1.31206
1.25628
1.23453
1.01655
1.07613
1.52816
1.2346
1.49482
1.34028
1.40003
1.40003
1.34028
1.49482
1.23459
1.52817
1.32938
1.25628
1.34028
1.28407
1.32126
1.32126
1.28408
1.34028
1.25629
1.32939
1.3804
1.31207
1.40003
1.32126
1.35842
1.35842
1.32127
1.40004
1.31207
1.38041
1.3804
1.31205
1.40003
1.32126
1.35842
1.35842
1.32127
1.40004
1.31206
1.38041
1.32938
1.25628
1.34028
1.28408
1.32127
1.32127
1.28408
1.34028
1.25629
1.32939
1.52814
1.23451
1.49482
1.34028
1.40004
1.40004
1.34028
1.49482
1.23451
1.52816
1.07615
1.01656
1.23459
1.25629
1.31208
1.31207
1.25629
1.23454
1.01655
1.07613
2.77502
1.07612
1.52818
1.3294
1.38042
1.38042
1.3294
1.52817
1.07613
2.77502
1.35698
0.734391
1.15569
0.928295
1.02667
1.02667
0.928294
1.15567
0.734406
1.357
0.734385
0.686387
0.811354
0.89124
0.960738
0.960732
0.891235
0.811321
0.686382
0.734385
1.15569
0.811364
1.08157
0.977419
1.04314
1.04314
0.97742
1.08158
0.81137
1.15571
0.928296
0.891241
0.977417
0.944112
0.980919
0.980917
0.944115
0.977415
0.891241
0.928303
1.02667
0.960742
1.04315
0.98092
1.01461
1.01461
0.980923
1.04315
0.960747
1.02668
1.02667
0.960731
1.04314
0.980918
1.01461
1.01461
0.980921
1.04315
0.960738
1.02668
0.928292
0.891235
0.977421
0.944117
0.980924
0.980923
0.94412
0.977419
0.891237
0.9283
1.15566
0.81131
1.08158
0.977417
1.04315
1.04315
0.977419
1.08159
0.811318
1.15568
0.734416
0.686385
0.811376
0.891245
0.960751
0.960746
0.891242
0.811342
0.686375
0.734404
1.35701
0.73439
1.15572
0.928311
1.02669
1.02669
0.92831
1.1557
0.734395
1.35703
1.01581
0.410681
0.808813
0.535586
0.675591
0.675589
0.535587
0.8088
0.41067
1.01589
0.410676
0.300049
0.380547
0.499057
0.612655
0.612652
0.499052
0.380538
0.300027
0.410653
0.808822
0.380555
0.687229
0.6222
0.690588
0.690587
0.622202
0.687235
0.380573
0.808839
0.535586
0.499058
0.622199
0.607398
0.640961
0.64096
0.607399
0.622198
0.499057
0.53559
0.675594
0.612658
0.690589
0.640962
0.671027
0.671027
0.640964
0.690592
0.612663
0.6756
0.675588
0.612651
0.690588
0.64096
0.671027
0.671027
0.640963
0.690591
0.612656
0.675595
0.535586
0.499051
0.622203
0.607401
0.640965
0.640964
0.607403
0.622202
0.499052
0.535591
0.80879
0.380527
0.687242
0.622199
0.690594
0.690594
0.622201
0.687246
0.380544
0.808813
0.410664
0.300012
0.380579
0.499059
0.612666
0.612663
0.499056
0.380567
0.300012
0.41066
1.01593
0.410637
0.80885
0.535597
0.675606
0.675604
0.535599
0.80884
0.410647
1.01595
0.770562
0.18333
0.529999
0.143579
0.329473
0.329471
0.14358
0.530005
0.183305
0.770583
0.183329
0.0708566
0.204602
0.157331
0.283363
0.283362
0.157329
0.204607
0.0708497
0.183303
0.530004
0.204606
0.414411
0.298359
0.348508
0.348508
0.298361
0.41442
0.204622
0.530025
0.143578
0.157333
0.298358
0.274511
0.305926
0.305925
0.274512
0.298359
0.157335
0.143578
0.329475
0.283365
0.348509
0.305927
0.330785
0.330785
0.305928
0.348511
0.283369
0.32948
0.329471
0.283361
0.348509
0.305925
0.330785
0.330786
0.305927
0.348511
0.283365
0.329476
0.143577
0.157329
0.298363
0.274513
0.305929
0.305928
0.274515
0.298363
0.157333
0.143578
0.530005
0.204603
0.414426
0.29836
0.348513
0.348513
0.298362
0.414432
0.20462
0.530025
0.183292
0.0708441
0.204627
0.157337
0.283372
0.28337
0.157336
0.204632
0.0708465
0.183299
0.770592
0.183284
0.530037
0.143583
0.329484
0.329482
0.143585
0.530039
0.183292
0.770606
0.944551
0.0621408
0.203488
-0.15225
-0.0286797
-0.0286813
-0.152253
0.203504
0.0621509
0.944553
0.0621394
-0.122199
0.139907
-0.0819225
-0.039415
-0.0394151
-0.0819238
0.13992
-0.122192
0.0621482
0.20349
0.139909
0.160748
-0.0114236
0.00548478
0.00548442
-0.0114218
0.160746
0.139928
0.203514
-0.152251
-0.0819226
-0.0114243
-0.0477551
-0.0264012
-0.0264016
-0.0477547
-0.011424
-0.0819233
-0.152254
-0.0286782
-0.0394139
0.00548537
-0.0264005
-0.00944727
-0.00944731
-0.0263994
0.00548612
-0.0394111
-0.0286754
-0.0286824
-0.0394148
0.00548456
-0.0264014
-0.00944749
-0.00944748
-0.0264004
0.00548535
-0.0394128
-0.0286795
-0.152258
-0.0819244
-0.0114201
-0.0477539
-0.0263987
-0.0263993
-0.0477533
-0.0114207
-0.081924
-0.152259
0.203517
0.139934
0.160747
-0.0114235
0.0054866
0.00548619
-0.0114222
0.160744
0.139941
0.203534
0.0621575
-0.122191
0.139945
-0.0819237
-0.0394089
-0.03941
-0.0819238
0.139946
-0.122179
0.0621631
0.944553
0.0621535
0.203521
-0.152251
-0.0286733
-0.028675
-0.152252
0.203527
0.062161
0.944558
)
;

boundaryField
{
    bottom
    {
        type            calculated;
        value           nonuniform List<scalar> 0();
    }
    atmosphere
    {
        type            calculated;
        value           nonuniform List<scalar> 
100
(
0
0
0
-0.258295
-0.202283
-0.202284
-0.258285
0
0
0
0
0
0
-0.257551
-0.21341
-0.21341
-0.257551
0
0
0
0
0
-0.0662567
-0.184725
-0.170465
-0.170465
-0.184721
-0.066256
0
0
-0.258292
-0.257551
-0.184724
-0.213329
-0.193957
-0.193958
-0.213328
-0.184724
-0.257551
-0.258298
-0.202284
-0.21341
-0.170465
-0.193958
-0.179256
-0.179256
-0.193956
-0.170464
-0.213407
-0.20228
-0.202284
-0.21341
-0.170465
-0.193958
-0.179256
-0.179256
-0.193957
-0.170464
-0.213407
-0.202281
-0.258288
-0.257551
-0.184723
-0.213329
-0.193957
-0.193958
-0.213328
-0.184723
-0.257551
-0.258293
0
0
-0.0662564
-0.184724
-0.170464
-0.170464
-0.184722
-0.066256
0
0
0
0
0
-0.257551
-0.213408
-0.213409
-0.257551
0
0
0
0
0
0
-0.258296
-0.202281
-0.202282
-0.258286
0
0
0
)
;
    }
    walls
    {
        type            calculated;
        value           nonuniform List<scalar> 
400
(
4.81259
2.67054
3.25738
3.09544
3.0958
3.0958
3.09537
3.25738
2.67052
4.8126
4.4059
2.38387
2.88766
2.75631
2.76149
2.76149
2.75624
2.88766
2.38387
4.40592
3.98515
2.0809
2.57207
2.42256
2.42465
2.42465
2.42255
2.57211
2.08091
3.98519
3.53874
1.76281
2.24734
2.07424
2.0815
2.08151
2.07426
2.24738
1.76282
3.53876
3.63263
1.42783
1.89579
1.7126
1.73306
1.73305
1.7126
1.89579
1.42784
3.63265
2.77507
1.07614
1.52816
1.32938
1.3804
1.3804
1.32938
1.52814
1.07615
2.77502
1.35698
0.734385
1.15569
0.928296
1.02667
1.02667
0.928292
1.15566
0.734416
1.35701
1.01581
0.410676
0.808822
0.535586
0.675594
0.675588
0.535586
0.80879
0.410664
1.01593
0.770562
0.183329
0.530004
0.143578
0.329475
0.329471
0.143577
0.530005
0.183292
0.770592
0.944551
0.0621394
0.20349
-0.152251
-0.0286782
-0.0286824
-0.152258
0.203517
0.0621575
0.944553
4.81259
2.67054
3.25739
3.09546
3.09582
3.09582
3.09539
3.2574
2.67053
4.81261
4.40591
2.38387
2.88767
2.75633
2.76151
2.76151
2.75627
2.88768
2.38387
4.40595
3.98518
2.08089
2.57209
2.42258
2.42466
2.42467
2.42257
2.57213
2.08091
3.98523
3.53875
1.76279
2.24736
2.07426
2.08152
2.08152
2.07427
2.2474
1.76281
3.53878
3.63264
1.42781
1.8958
1.71261
1.73307
1.73307
1.71262
1.89581
1.42782
3.63267
2.77504
1.07613
1.52817
1.32939
1.38041
1.38041
1.32939
1.52816
1.07613
2.77502
1.357
0.734385
1.15571
0.928303
1.02668
1.02668
0.9283
1.15568
0.734404
1.35703
1.01589
0.410653
0.808839
0.53559
0.6756
0.675595
0.535591
0.808813
0.41066
1.01595
0.770583
0.183303
0.530025
0.143578
0.32948
0.329476
0.143578
0.530025
0.183299
0.770606
0.944553
0.0621482
0.203514
-0.152254
-0.0286754
-0.0286795
-0.152259
0.203534
0.0621631
0.944558
4.81259
4.4059
3.98515
3.53874
3.63263
2.77507
1.35698
1.01581
0.770562
0.944551
2.67054
2.38387
2.08091
1.76281
1.42784
1.07615
0.734391
0.410681
0.18333
0.0621408
3.25738
2.88766
2.57207
2.24735
1.89579
1.52816
1.15569
0.808813
0.529999
0.203488
3.09543
2.7563
2.42256
2.07424
1.7126
1.32938
0.928295
0.535586
0.143579
-0.15225
3.0958
2.76149
2.42465
2.0815
1.73305
1.3804
1.02667
0.675591
0.329473
-0.0286797
3.0958
2.76149
2.42465
2.0815
1.73305
1.3804
1.02667
0.675589
0.329471
-0.0286813
3.09539
2.75627
2.42255
2.07425
1.7126
1.32938
0.928294
0.535587
0.14358
-0.152253
3.25738
2.88766
2.5721
2.24737
1.89579
1.52815
1.15567
0.8088
0.530005
0.203504
2.67053
2.38387
2.08091
1.76282
1.42784
1.07615
0.734406
0.41067
0.183305
0.0621509
4.81259
4.40591
3.98518
3.53875
3.63264
2.77504
1.357
1.01589
0.770583
0.944553
4.8126
4.40592
3.98519
3.53876
3.63265
2.77502
1.35701
1.01593
0.770592
0.944553
2.67055
2.38388
2.0809
1.7628
1.42781
1.07612
0.73439
0.410637
0.183284
0.0621535
3.25741
2.88768
2.5721
2.24737
1.89581
1.52818
1.15572
0.80885
0.530037
0.203521
3.09548
2.75635
2.4226
2.07427
1.71262
1.3294
0.928311
0.535597
0.143583
-0.152251
3.09585
2.76153
2.42468
2.08153
1.73308
1.38042
1.02669
0.675606
0.329484
-0.0286733
3.09585
2.76153
2.42469
2.08153
1.73308
1.38042
1.02669
0.675604
0.329482
-0.028675
3.09545
2.75631
2.42259
2.07429
1.71263
1.3294
0.92831
0.535599
0.143585
-0.152252
3.25742
2.88769
2.57213
2.2474
1.89582
1.52817
1.1557
0.80884
0.530039
0.203527
2.67055
2.38388
2.08091
1.7628
1.42782
1.07613
0.734395
0.410647
0.183292
0.062161
4.81261
4.40595
3.98523
3.53878
3.63267
2.77502
1.35703
1.01595
0.770606
0.944558
)
;
    }
    procBoundary1to0
    {
        type            processor;
        value           nonuniform List<scalar> 
100
(
5.07599
2.95595
3.63494
3.4503
3.42749
3.42749
3.45026
3.63493
2.95593
5.07599
2.95596
2.77676
3.31579
3.14163
3.30183
3.30183
3.14161
3.3158
2.77676
2.95595
3.63494
3.31578
3.84962
3.36626
3.47302
3.47302
3.36627
3.8496
3.31581
3.63495
3.45031
3.14164
3.36627
3.21647
3.30306
3.30307
3.21649
3.36635
3.14166
3.45033
3.42749
3.30183
3.47302
3.30306
3.36587
3.36588
3.30307
3.47305
3.30185
3.42751
3.42749
3.30183
3.47303
3.30308
3.36589
3.3659
3.3031
3.47306
3.30185
3.42752
3.45024
3.1416
3.36627
3.21651
3.30308
3.30309
3.21652
3.36634
3.14163
3.45027
3.63493
3.31581
3.8496
3.36641
3.47308
3.47308
3.3664
3.8496
3.31584
3.63494
2.95592
2.77677
3.31583
3.1417
3.30188
3.30188
3.14168
3.31586
2.77677
2.95593
5.076
2.95596
3.63497
3.45036
3.42755
3.42755
3.45033
3.63497
2.95595
5.07601
)
;
    }
}


// ************************************************************************* //
