/*--------------------------------*- C++ -*----------------------------------*\
| =========                 |                                                 |
| \\      /  F ield         | OpenFOAM: The Open Source CFD Toolbox           |
|  \\    /   O peration     | Version:  2412                                  |
|   \\  /    A nd           | Website:  www.openfoam.com                      |
|    \\/     M anipulation  |                                                 |
\*---------------------------------------------------------------------------*/
FoamFile
{
    version     2.0;
    format      ascii;
    arch        "LSB;label=32;scalar=64";
    class       volScalarField;
    location    "0.78";
    object      p_rgh;
}
// * * * * * * * * * * * * * * * * * * * * * * * * * * * * * * * * * * * * * //

dimensions      [1 -1 -2 0 0 0 0];

internalField   nonuniform List<scalar> 
1000
(
579.8
16.4064
12.5574
11.5495
10.6836
10.6836
11.5503
12.5577
16.4067
579.801
16.4064
10.7346
10.8149
10.5691
10.4986
10.4986
10.5691
10.8149
10.7347
16.4065
12.5573
10.8149
11.347
10.6651
10.6592
10.6592
10.6651
11.3469
10.8148
12.5575
11.5494
10.5691
10.6651
10.4612
10.5943
10.5943
10.4612
10.6651
10.569
11.5495
10.6836
10.4986
10.6592
10.5944
10.5592
10.5592
10.5944
10.6593
10.4986
10.6836
10.6836
10.4986
10.6592
10.5944
10.5592
10.5592
10.5944
10.6593
10.4986
10.6836
11.5506
10.5691
10.6651
10.4612
10.5944
10.5944
10.4612
10.6651
10.5691
11.5506
12.5578
10.8149
11.3469
10.6652
10.6593
10.6593
10.6652
11.3469
10.8148
12.5579
16.4068
10.7347
10.8148
10.5691
10.4986
10.4986
10.5691
10.8148
10.7347
16.4068
579.802
16.4065
12.5576
11.5497
10.6836
10.6836
11.5503
12.5579
16.4067
579.802
598.277
16.2158
12.4687
11.2449
10.5925
10.5925
11.2444
12.469
16.216
598.277
16.2157
10.7446
10.8828
10.4961
10.4255
10.4255
10.4961
10.8828
10.7447
16.2158
12.4686
10.8827
11.1703
10.5861
10.5766
10.5766
10.5861
11.1703
10.8828
12.4688
11.245
10.4961
10.5861
10.4922
10.5745
10.5745
10.4922
10.5861
10.4961
11.2449
10.5925
10.4255
10.5766
10.5745
10.4737
10.4737
10.5745
10.5766
10.4256
10.5925
10.5925
10.4255
10.5766
10.5745
10.4737
10.4737
10.5745
10.5766
10.4255
10.5925
11.244
10.4961
10.5861
10.4922
10.5745
10.5746
10.4922
10.5861
10.4961
11.2441
12.4691
10.8829
11.1702
10.5861
10.5766
10.5766
10.5861
11.1702
10.8829
12.4692
16.2161
10.7447
10.8828
10.4961
10.4256
10.4256
10.4962
10.8829
10.7448
16.2162
598.278
16.2159
12.4689
11.2449
10.5926
10.5926
11.2444
12.4692
16.2161
598.279
616.717
16.0915
12.4556
11.5631
10.5088
10.5088
11.5622
12.4558
16.0917
616.718
16.0914
10.9118
11.0254
10.5223
10.3444
10.3444
10.5223
11.0254
10.9119
16.0915
12.4555
11.0254
11.0541
10.5278
10.5027
10.5027
10.5278
11.0541
11.0254
12.4557
11.5632
10.5223
10.5278
10.457
10.4695
10.4695
10.457
10.5278
10.5224
11.5631
10.5088
10.3444
10.5027
10.4695
10.3756
10.3756
10.4695
10.5027
10.3444
10.5088
10.5088
10.3444
10.5027
10.4695
10.3756
10.3756
10.4695
10.5027
10.3444
10.5088
11.5617
10.5223
10.5278
10.457
10.4695
10.4695
10.457
10.5278
10.5224
11.5617
12.4558
11.0255
11.0541
10.5278
10.5027
10.5027
10.5278
11.0541
11.0255
12.4559
16.0918
10.9119
11.0254
10.5224
10.3444
10.3444
10.5224
11.0254
10.912
16.0918
616.718
16.0916
12.4557
11.563
10.5088
10.5088
11.5622
12.4559
16.0918
616.719
635.723
15.964
12.3435
11.887
10.4173
10.4173
11.8872
12.3437
15.9642
635.724
15.964
11.1454
11.0238
10.4821
10.2505
10.2505
10.4821
11.0238
11.1455
15.9641
12.3435
11.0238
10.9523
10.456
10.3915
10.3915
10.456
10.9522
11.0238
12.3436
11.887
10.4821
10.456
10.3801
10.2509
10.2509
10.3801
10.456
10.4821
11.887
10.4173
10.2506
10.3915
10.2509
10.2693
10.2693
10.2509
10.3915
10.2506
10.4173
10.4173
10.2505
10.3915
10.2509
10.2693
10.2693
10.2509
10.3915
10.2505
10.4173
11.8873
10.4821
10.456
10.3801
10.2509
10.2509
10.3801
10.456
10.4821
11.8873
12.3438
11.0237
10.9522
10.456
10.3915
10.3915
10.456
10.9522
11.0237
12.3438
15.9643
11.1456
11.0238
10.4821
10.2506
10.2506
10.4821
11.0238
11.1456
15.9643
635.724
15.9641
12.3436
11.8871
10.4174
10.4174
11.8872
12.3438
15.9643
635.725
654.663
15.693
12.0154
11.8222
10.3122
10.3122
11.8224
12.0155
15.6931
654.663
15.693
11.2674
10.9942
10.3658
10.1427
10.1427
10.3658
10.9941
11.2674
15.6931
12.0154
10.9942
10.915
10.2913
10.2402
10.2402
10.2913
10.915
10.9941
12.0154
11.8221
10.3658
10.2913
10.1892
10.1338
10.1338
10.1892
10.2913
10.3658
11.8222
10.3122
10.1427
10.2402
10.1338
10.1654
10.1654
10.1339
10.2402
10.1427
10.3122
10.3122
10.1427
10.2402
10.1338
10.1654
10.1654
10.1339
10.2402
10.1427
10.3122
11.8225
10.3658
10.2913
10.1892
10.1339
10.1339
10.1892
10.2913
10.3658
11.8225
12.0156
10.9941
10.915
10.2913
10.2402
10.2402
10.2913
10.915
10.9941
12.0156
15.6931
11.2674
10.9941
10.3658
10.1427
10.1427
10.3658
10.9941
11.2674
15.6932
654.664
15.6931
12.0155
11.8222
10.3122
10.3122
11.8224
12.0156
15.6932
654.665
368.254
15.3279
11.533
11.6893
10.1921
10.1921
11.6895
11.533
15.3279
368.249
15.3279
11.0511
11.0486
10.2269
10.032
10.032
10.2269
11.0486
11.0509
15.3279
11.533
11.0486
10.9817
10.1263
10.1128
10.1128
10.1263
10.9817
11.0486
11.533
11.6893
10.2269
10.1263
10.0102
10.0325
10.0325
10.0102
10.1263
10.2269
11.6893
10.1921
10.032
10.1128
10.0325
10.0654
10.0654
10.0325
10.1128
10.032
10.1921
10.1921
10.032
10.1128
10.0325
10.0654
10.0654
10.0325
10.1128
10.032
10.1921
11.6896
10.2269
10.1263
10.0102
10.0325
10.0325
10.0102
10.1263
10.2269
11.6896
11.5331
11.0486
10.9817
10.1263
10.1128
10.1128
10.1263
10.9817
11.0486
11.5331
15.3279
11.0507
11.0486
10.2269
10.032
10.032
10.2269
11.0486
11.0507
15.3279
368.245
15.3279
11.533
11.6893
10.1921
10.1921
11.6895
11.5331
15.328
368.242
152.241
15.0306
10.9323
11.0356
10.0629
10.0629
11.0355
10.9323
15.0306
152.239
15.0306
11.2158
11.4647
10.0872
9.9216
9.92159
10.0872
11.4647
11.2159
15.0307
10.9323
11.4647
11.167
10.0062
9.99807
9.99807
10.0062
11.167
11.4648
10.9323
11.0355
10.0872
10.0062
9.89938
9.9342
9.9342
9.89938
10.0062
10.0872
11.0354
10.0629
9.9216
9.99807
9.93421
9.96646
9.96646
9.93421
9.99808
9.92161
10.0629
10.0629
9.92159
9.99807
9.9342
9.96646
9.96646
9.93421
9.99807
9.9216
10.0629
11.0355
10.0872
10.0062
9.89939
9.93421
9.93421
9.89939
10.0062
10.0872
11.0354
10.9323
11.4648
11.167
10.0062
9.99808
9.99808
10.0062
11.167
11.4648
10.9323
15.0305
11.216
11.4648
10.0872
9.92161
9.92161
10.0872
11.4648
11.216
15.0306
152.238
15.0307
10.9323
11.0354
10.0629
10.0629
11.0353
10.9324
15.0307
152.237
73.7313
15.4788
10.7473
10.3572
9.92712
9.92712
10.3572
10.7473
15.4789
73.7308
15.4789
13.2647
12.3968
9.92474
9.81617
9.81616
9.92472
12.3966
13.2679
15.4792
10.7473
12.3968
11.1507
9.90773
9.88982
9.88982
9.90773
11.1507
12.3966
10.7474
10.3572
9.92474
9.90773
9.80528
9.83808
9.83808
9.80528
9.90772
9.92473
10.3572
9.92712
9.81617
9.88982
9.83808
9.86797
9.86797
9.83809
9.88982
9.81617
9.92712
9.92712
9.81616
9.88982
9.83808
9.86797
9.86797
9.83808
9.88982
9.81617
9.92712
10.3571
9.92472
9.90773
9.80529
9.83809
9.83809
9.80529
9.90773
9.92472
10.3571
10.7473
12.3966
11.1507
9.90772
9.88983
9.88983
9.90773
11.1507
12.3966
10.7474
15.4789
13.2702
12.3966
9.92472
9.81618
9.81617
9.92472
12.3966
13.2696
15.4791
73.7304
15.4794
10.7474
10.3571
9.92713
9.92713
10.3571
10.7474
15.4793
73.7302
39.7281
16.1245
12.9116
10.0489
9.79673
9.79673
10.0489
12.9118
16.1244
39.7279
16.1245
13.9623
13.5727
9.80312
9.73039
9.73039
9.80312
13.5727
13.9593
16.1248
12.9116
13.5726
10.8927
9.80416
9.79187
9.79187
9.80416
10.8927
13.5727
12.9118
10.0489
9.80313
9.80416
9.71692
9.74808
9.74808
9.71692
9.80416
9.80312
10.0489
9.79673
9.73039
9.79187
9.74808
9.77292
9.77292
9.74808
9.79187
9.7304
9.79674
9.79673
9.73039
9.79187
9.74808
9.77292
9.77292
9.74808
9.79187
9.73039
9.79674
10.0489
9.80312
9.80416
9.71693
9.74808
9.74808
9.71693
9.80416
9.80311
10.0489
12.9118
13.5723
10.8929
9.80416
9.79188
9.79188
9.80416
10.8928
13.5725
12.912
16.1243
13.9569
13.5723
9.80312
9.7304
9.7304
9.80312
13.5725
13.9576
16.1245
39.7278
16.1249
12.9119
10.0489
9.79674
9.79674
10.0489
12.912
16.1248
39.7277
22.5462
13.8541
15.0386
9.78607
9.66322
9.66322
9.78608
15.0388
13.8541
22.5461
13.8542
11.9779
12.2396
9.71537
9.64932
9.64932
9.71536
12.2395
11.9777
13.8542
15.0386
12.2396
10.1796
9.68624
9.69297
9.69297
9.68624
10.1796
12.2394
15.0389
9.78607
9.71537
9.68624
9.63969
9.66098
9.66098
9.63969
9.68624
9.71535
9.78607
9.66322
9.64932
9.69297
9.66098
9.67793
9.67793
9.66098
9.69297
9.64932
9.66322
9.66322
9.64932
9.69297
9.66098
9.67793
9.67793
9.66098
9.69297
9.64932
9.66322
9.78608
9.71536
9.68624
9.63969
9.66098
9.66098
9.63969
9.68624
9.71535
9.78608
15.0389
12.2396
10.1795
9.68624
9.69297
9.69297
9.68624
10.1795
12.2394
15.0391
13.854
11.9778
12.2395
9.71535
9.64933
9.64933
9.71534
12.2394
11.9777
13.8541
22.5461
13.8543
15.039
9.78607
9.66323
9.66322
9.78608
15.0391
13.8542
22.546
)
;

boundaryField
{
    bottom
    {
        type            fixedFluxPressure;
        gradient        nonuniform List<scalar> 0();
        value           nonuniform List<scalar> 0();
    }
    atmosphere
    {
        type            prghTotalPressure;
        p0              uniform 0;
        value           nonuniform List<scalar> 
100
(
21.8751
13.9666
15.0229
9.55171
9.60772
9.60772
9.55172
15.0232
13.9664
21.875
13.9666
12.2533
12.2528
9.55245
9.59659
9.59659
9.55245
12.2529
12.2531
13.9667
15.0229
12.2529
9.74374
9.62528
9.63954
9.63953
9.62528
9.74374
12.2527
15.0233
9.55171
9.55245
9.62528
9.59667
9.61604
9.61604
9.59667
9.62528
9.55245
9.5517
9.60772
9.59659
9.63953
9.61604
9.63074
9.63074
9.61604
9.63954
9.59659
9.60772
9.60772
9.59659
9.63953
9.61604
9.63074
9.63074
9.61604
9.63954
9.59659
9.60772
9.55171
9.55245
9.62528
9.59667
9.61604
9.61604
9.59667
9.62528
9.55245
9.55171
15.0231
12.2528
9.74374
9.62528
9.63954
9.63954
9.62528
9.74374
12.2526
15.0233
13.9665
12.2531
12.2526
9.55245
9.59659
9.59659
9.55245
12.2526
12.253
13.9666
21.875
13.9667
15.0232
9.5517
9.60772
9.60772
9.55171
15.0233
13.9665
21.8749
)
;
    }
    walls
    {
        type            fixedFluxPressure;
        gradient        uniform 0;
        value           nonuniform List<scalar> 
400
(
579.8
16.4064
12.5573
11.5494
10.6836
10.6836
11.5506
12.5578
16.4068
579.802
598.277
16.2157
12.4686
11.245
10.5925
10.5925
11.244
12.4691
16.2161
598.278
616.717
16.0914
12.4555
11.5632
10.5088
10.5088
11.5617
12.4558
16.0918
616.718
635.723
15.964
12.3435
11.887
10.4173
10.4173
11.8873
12.3438
15.9643
635.724
654.663
15.693
12.0154
11.8221
10.3122
10.3122
11.8225
12.0156
15.6931
654.664
368.254
15.3279
11.533
11.6893
10.1921
10.1921
11.6896
11.5331
15.3279
368.245
152.241
15.0306
10.9323
11.0355
10.0629
10.0629
11.0355
10.9323
15.0305
152.238
73.7313
15.4789
10.7473
10.3572
9.92712
9.92712
10.3571
10.7473
15.4789
73.7304
39.7281
16.1245
12.9116
10.0489
9.79673
9.79673
10.0489
12.9118
16.1243
39.7278
22.5462
13.8542
15.0386
9.78607
9.66322
9.66322
9.78608
15.0389
13.854
22.5461
579.801
16.4065
12.5575
11.5495
10.6836
10.6836
11.5506
12.5579
16.4068
579.802
598.277
16.2158
12.4688
11.2449
10.5925
10.5925
11.2441
12.4692
16.2162
598.279
616.718
16.0915
12.4557
11.5631
10.5088
10.5088
11.5617
12.4559
16.0918
616.719
635.724
15.9641
12.3436
11.887
10.4173
10.4173
11.8873
12.3438
15.9643
635.725
654.663
15.6931
12.0154
11.8222
10.3122
10.3122
11.8225
12.0156
15.6932
654.665
368.249
15.3279
11.533
11.6893
10.1921
10.1921
11.6896
11.5331
15.3279
368.242
152.239
15.0307
10.9323
11.0354
10.0629
10.0629
11.0354
10.9323
15.0306
152.237
73.7308
15.4792
10.7474
10.3572
9.92712
9.92712
10.3571
10.7474
15.4791
73.7302
39.7279
16.1248
12.9118
10.0489
9.79674
9.79674
10.0489
12.912
16.1245
39.7277
22.5461
13.8542
15.0389
9.78607
9.66322
9.66322
9.78608
15.0391
13.8541
22.546
579.8
598.277
616.717
635.723
654.663
368.254
152.241
73.7313
39.7281
22.5462
16.4064
16.2158
16.0915
15.964
15.693
15.3279
15.0306
15.4788
16.1245
13.8541
12.5574
12.4687
12.4556
12.3435
12.0154
11.533
10.9323
10.7473
12.9116
15.0386
11.5495
11.2449
11.5631
11.887
11.8222
11.6893
11.0356
10.3572
10.0489
9.78607
10.6836
10.5925
10.5088
10.4173
10.3122
10.1921
10.0629
9.92712
9.79673
9.66322
10.6836
10.5925
10.5088
10.4173
10.3122
10.1921
10.0629
9.92712
9.79673
9.66322
11.5503
11.2444
11.5622
11.8872
11.8224
11.6895
11.0355
10.3572
10.0489
9.78608
12.5577
12.469
12.4558
12.3437
12.0155
11.533
10.9323
10.7473
12.9118
15.0388
16.4067
16.216
16.0917
15.9642
15.6931
15.3279
15.0306
15.4789
16.1244
13.8541
579.801
598.277
616.718
635.724
654.663
368.249
152.239
73.7308
39.7279
22.5461
579.802
598.278
616.718
635.724
654.664
368.245
152.238
73.7304
39.7278
22.5461
16.4065
16.2159
16.0916
15.9641
15.6931
15.3279
15.0307
15.4794
16.1249
13.8543
12.5576
12.4689
12.4557
12.3436
12.0155
11.533
10.9323
10.7474
12.9119
15.039
11.5497
11.2449
11.563
11.8871
11.8222
11.6893
11.0354
10.3571
10.0489
9.78607
10.6836
10.5926
10.5088
10.4174
10.3122
10.1921
10.0629
9.92713
9.79674
9.66323
10.6836
10.5926
10.5088
10.4174
10.3122
10.1921
10.0629
9.92713
9.79674
9.66322
11.5503
11.2444
11.5622
11.8872
11.8224
11.6895
11.0353
10.3571
10.0489
9.78608
12.5579
12.4692
12.4559
12.3438
12.0156
11.5331
10.9324
10.7474
12.912
15.0391
16.4067
16.2161
16.0918
15.9643
15.6932
15.328
15.0307
15.4793
16.1248
13.8542
579.802
598.279
616.719
635.725
654.665
368.242
152.237
73.7302
39.7277
22.546
)
;
    }
    procBoundary1to0
    {
        type            processor;
        value           nonuniform List<scalar> 
100
(
534.584
16.7578
12.7352
11.5503
10.7815
10.7815
11.5508
12.7354
16.758
534.583
16.7577
10.8859
10.8929
10.8018
10.6045
10.6045
10.8017
10.8929
10.8859
16.7578
12.7352
10.8929
11.4188
10.7078
10.7532
10.7532
10.7078
11.4188
10.8929
12.7353
11.5502
10.8018
10.7078
10.4911
10.5788
10.5788
10.4911
10.7079
10.8018
11.5505
10.7815
10.6045
10.7532
10.5788
10.6334
10.6334
10.5789
10.7532
10.6045
10.7816
10.7815
10.6045
10.7532
10.5789
10.6334
10.6334
10.5789
10.7532
10.6045
10.7816
11.5511
10.8017
10.7078
10.4912
10.5789
10.5789
10.4912
10.7079
10.8017
11.5512
12.7355
10.8929
11.4188
10.7079
10.7533
10.7533
10.708
11.4187
10.8929
12.7355
16.7581
10.886
10.8929
10.8018
10.6045
10.6045
10.8018
10.8929
10.886
16.7582
534.583
16.7579
12.7354
11.5505
10.7816
10.7816
11.551
12.7355
16.7581
534.582
)
;
    }
}


// ************************************************************************* //
