/*--------------------------------*- C++ -*----------------------------------*\
| =========                 |                                                 |
| \\      /  F ield         | OpenFOAM: The Open Source CFD Toolbox           |
|  \\    /   O peration     | Version:  2412                                  |
|   \\  /    A nd           | Website:  www.openfoam.com                      |
|    \\/     M anipulation  |                                                 |
\*---------------------------------------------------------------------------*/
FoamFile
{
    version     2.0;
    format      ascii;
    arch        "LSB;label=32;scalar=64";
    class       surfaceScalarField;
    location    "0.35";
    object      phi;
}
// * * * * * * * * * * * * * * * * * * * * * * * * * * * * * * * * * * * * * //

dimensions      [0 3 -1 0 0 0 0];

oriented        oriented;

internalField   nonuniform List<scalar> 
2700
(
0.000133888
0.000133888
0.00183169
0.000216368
0.000194644
0.00181211
0.000252637
0.000253472
0.00174426
0.000143952
0.000415957
0.00145784
-9.47302e-11
0.000376808
0.000826137
-0.000143952
0.000376808
0.000826137
-0.000252637
0.000415957
0.00145784
-0.000216368
0.000253472
0.00174426
-0.000133888
0.000194644
0.00181211
0.000133888
0.00183169
0.000194644
0.000216368
0.00181211
0.000337454
0.000337454
0.00182401
0.000422886
0.000467908
0.00183022
0.000335767
0.000670404
0.00122789
-6.78421e-11
0.000484545
-0.00138704
-0.000335767
0.000484545
-0.00138704
-0.000422886
0.000670404
0.00122789
-0.000337454
0.000467908
0.00183022
-0.000194644
0.000337454
0.00182401
0.000216368
0.00181211
0.000253472
0.000252637
0.00174426
0.000467908
0.000422886
0.00183022
0.000582421
0.000582421
0.00154244
0.000478753
0.000648953
0.000201627
-1.02464e-11
0.000489634
-0.00288076
-0.000478753
0.000489634
-0.00288076
-0.000582422
0.000648952
0.000201627
-0.000467908
0.000582421
0.00154244
-0.000253472
0.000422885
0.00183022
0.000252637
0.00174426
0.000415957
0.000143952
0.00145784
0.000670404
0.000335767
0.00122789
0.000648953
0.000478753
0.000201628
0.000482482
0.000482482
-0.00173038
7.3818e-11
0.000367399
-0.00408323
-0.000482481
0.000367399
-0.00408323
-0.000648953
0.000482481
-0.00173038
-0.000670404
0.000478753
0.000201628
-0.000415957
0.000335767
0.0012279
0.000143952
0.00145784
0.000376808
-1.1156e-10
0.000826137
0.000484545
-1.08018e-10
-0.00138704
0.000489634
-1.8181e-11
-0.00288076
0.000367399
1.0262e-10
-0.00408323
8.9377e-12
-5.63732e-11
-0.00496588
-0.000367399
-5.41752e-11
-0.00496588
-0.000489634
9.84419e-11
-0.00408323
-0.000484545
-3.03978e-11
-0.00288076
-0.000376808
-1.10377e-10
-0.00138704
-1.05506e-10
0.000826138
0.000376808
-0.000143952
0.000826137
0.000484545
-0.000335767
-0.00138704
0.000489634
-0.000478753
-0.00288076
0.000367399
-0.000482481
-0.00408323
1.04882e-11
-0.000367399
-0.00496588
-0.000367399
-0.000367399
-0.00496588
-0.000489634
-0.000482481
-0.00408323
-0.000484545
-0.000478753
-0.00288076
-0.000376808
-0.000335767
-0.00138704
-0.000143952
0.000826138
0.000415957
-0.000252637
0.00145784
0.000670404
-0.000422886
0.00122789
0.000648952
-0.000582422
0.000201627
0.000482482
-0.000648953
-0.00173038
6.86892e-11
-0.000489634
-0.00408323
-0.000482481
-0.000489634
-0.00408323
-0.000648952
-0.000648952
-0.00173038
-0.000670404
-0.000582421
0.000201628
-0.000415957
-0.000422885
0.0012279
-0.000252637
0.00145784
0.000253472
-0.000216368
0.00174426
0.000467908
-0.000337454
0.00183021
0.000582421
-0.000467908
0.00154244
0.000478753
-0.000670404
0.000201628
-2.3775e-11
-0.000484545
-0.00288076
-0.000478753
-0.000484545
-0.00288076
-0.000582421
-0.000670404
0.000201628
-0.000467908
-0.000467908
0.00154244
-0.000253472
-0.000337454
0.00183022
-0.000216368
0.00174426
0.000194644
-0.000133888
0.00181211
0.000337454
-0.000194644
0.00182401
0.000422885
-0.000253472
0.00183022
0.000335767
-0.000415957
0.0012279
-7.05616e-11
-0.000376808
-0.00138704
-0.000335767
-0.000376808
-0.00138704
-0.000422885
-0.000415957
0.0012279
-0.000337454
-0.000253472
0.00183022
-0.000194644
-0.000194644
0.00182401
-0.000133888
0.00181211
0.000133888
0.00183169
0.000216368
0.00181211
0.000252637
0.00174426
0.000143952
0.00145784
-8.88231e-11
0.000826138
-0.000143952
0.000826138
-0.000252637
0.00145784
-0.000216368
0.00174426
-0.000133888
0.00181211
0.00183169
0.000123449
0.000123449
0.00158479
0.000199163
0.000177855
0.00155854
0.000231778
0.000229411
0.00148224
0.000137089
0.000362954
0.00118957
-8.43478e-11
0.000329978
0.000633248
-0.000137089
0.000329978
0.000633248
-0.000231778
0.000362954
0.00118957
-0.000199163
0.000229411
0.00148224
-0.000123449
0.000177855
0.00155854
0.000123449
0.00158479
0.000177855
0.000199163
0.00155854
0.000307088
0.000307088
0.00156554
0.000385677
0.000421067
0.00155997
0.000304035
0.000607471
0.00106502
-4.64404e-11
0.000435881
-0.00118891
-0.000304035
0.000435881
-0.00118891
-0.000385677
0.000607471
0.00106502
-0.000307088
0.000421067
0.00155997
-0.000177855
0.000307088
0.00156554
0.000199163
0.00155854
0.000229411
0.000231778
0.00148224
0.000421067
0.000385677
0.00155997
0.000528766
0.000528766
0.00132705
0.000443132
0.000613515
0.000281217
-1.64443e-11
0.000458472
-0.00246022
-0.000443132
0.000458472
-0.00246022
-0.000528766
0.000613515
0.000281217
-0.000421067
0.000528766
0.00132705
-0.000229411
0.000385677
0.00155997
0.000231778
0.00148224
0.000362954
0.000137089
0.00118957
0.000607471
0.000304035
0.00106502
0.000613515
0.000443132
0.000281217
0.000457767
0.000457767
-0.00141889
-3.68059e-12
0.000352918
-0.00351991
-0.000457767
0.000352918
-0.00351991
-0.000613515
0.000457767
-0.00141889
-0.000607471
0.000443132
0.000281217
-0.000362954
0.000304035
0.00106502
0.000137089
0.00118957
0.000329978
-1.05649e-10
0.000633248
0.000435881
-9.59073e-11
-0.00118891
0.000458472
-4.34931e-11
-0.00246022
0.000352918
6.61773e-11
-0.00351991
-1.05175e-12
-5.99568e-11
-0.00426004
-0.000352918
-5.77906e-11
-0.00426004
-0.000458472
6.82057e-11
-0.00351991
-0.000435881
-5.34231e-11
-0.00246022
-0.000329978
-9.96534e-11
-0.00118891
-1.01967e-10
0.000633249
0.000329978
-0.000137089
0.000633248
0.000435881
-0.000304035
-0.00118891
0.000458472
-0.000443132
-0.00246022
0.000352918
-0.000457767
-0.00351991
1.47886e-12
-0.000352918
-0.00426004
-0.000352918
-0.000352918
-0.00426004
-0.000458472
-0.000457767
-0.00351991
-0.000435881
-0.000443132
-0.00246022
-0.000329978
-0.000304035
-0.00118891
-0.000137089
0.000633249
0.000362954
-0.000231778
0.00118957
0.000607471
-0.000385677
0.00106502
0.000613515
-0.000528766
0.000281217
0.000457767
-0.000613515
-0.00141889
-2.39857e-12
-0.000458472
-0.00351991
-0.000457767
-0.000458472
-0.00351991
-0.000613515
-0.000613515
-0.00141889
-0.000607471
-0.000528766
0.000281218
-0.000362954
-0.000385677
0.00106502
-0.000231778
0.00118957
0.000229411
-0.000199163
0.00148224
0.000421067
-0.000307088
0.00155997
0.000528766
-0.000421067
0.00132705
0.000443132
-0.000607471
0.000281217
-2.54564e-11
-0.000435881
-0.00246022
-0.000443132
-0.000435881
-0.00246022
-0.000528766
-0.000607471
0.000281217
-0.000421067
-0.000421067
0.00132705
-0.000229411
-0.000307088
0.00155997
-0.000199163
0.00148224
0.000177855
-0.000123449
0.00155854
0.000307088
-0.000177855
0.00156554
0.000385677
-0.000229411
0.00155997
0.000304035
-0.000362954
0.00106502
-5.04088e-11
-0.000329978
-0.00118891
-0.000304035
-0.000329978
-0.00118891
-0.000385677
-0.000362954
0.00106502
-0.000307088
-0.000229411
0.00155997
-0.000177855
-0.000177855
0.00156554
-0.000123449
0.00155854
0.000123449
0.00158479
0.000199163
0.00155854
0.000231778
0.00148224
0.000137089
0.00118957
-8.06263e-11
0.000633249
-0.000137089
0.000633249
-0.000231778
0.00118957
-0.000199163
0.00148224
-0.000123449
0.00155854
0.00158479
0.000112124
0.000112124
0.00136054
0.000180894
0.000159813
0.00132996
0.000210095
0.000205839
0.0012472
0.000130031
0.000312443
0.000957192
-7.49239e-11
0.000285372
0.000477907
-0.000130031
0.000285372
0.000477907
-0.000210095
0.000312443
0.000957193
-0.000180894
0.000205839
0.0012472
-0.000112124
0.000159813
0.00132996
0.000112124
0.00136054
0.000159813
0.000180894
0.00132996
0.000276053
0.000276053
0.00133306
0.000348672
0.000376315
0.00131688
0.000274381
0.000544572
0.000907183
-3.66657e-11
0.000386509
-0.00101566
-0.000274381
0.000386509
-0.00101566
-0.000348672
0.000544572
0.000907183
-0.000276053
0.000376314
0.00131688
-0.000159813
0.000276053
0.00133306
0.000180894
0.00132996
0.000205839
0.000210095
0.0012472
0.000376315
0.000348672
0.00131688
0.000474306
0.000474306
0.00113106
0.000400775
0.000578833
0.000320487
-1.60092e-11
0.000422297
-0.00209523
-0.000400775
0.000422297
-0.00209523
-0.000474306
0.000578833
0.000320487
-0.000376315
0.000474306
0.00113106
-0.000205839
0.000348672
0.00131688
0.000210095
0.0012472
0.000312443
0.000130031
0.000957192
0.000544572
0.000274381
0.000907183
0.000578833
0.000400775
0.000320487
0.000433696
0.000433696
-0.00112861
9.23737e-12
0.000331295
-0.00299521
-0.000433696
0.000331295
-0.00299521
-0.000578833
0.000433696
-0.00112861
-0.000544571
0.000400775
0.000320487
-0.000312443
0.00027438
0.000907183
0.000130031
0.000957193
0.000285372
-9.80365e-11
0.000477907
0.000386509
-9.78784e-11
-0.00101566
0.000422297
-4.90735e-11
-0.00209523
0.000331295
9.2504e-11
-0.00299521
-1.10688e-11
-6.31115e-11
-0.00359745
-0.000331295
-6.05636e-11
-0.00359745
-0.000422297
9.49068e-11
-0.00299521
-0.000386509
-5.82135e-11
-0.00209523
-0.000285372
-1.01651e-10
-0.00101566
-9.64863e-11
0.000477908
0.000285372
-0.000130031
0.000477907
0.000386509
-0.000274381
-0.00101566
0.000422297
-0.000400775
-0.00209523
0.000331295
-0.000433696
-0.00299521
-8.16661e-12
-0.000331295
-0.00359745
-0.000331295
-0.000331295
-0.00359745
-0.000422297
-0.000433696
-0.00299521
-0.000386509
-0.000400775
-0.00209523
-0.000285372
-0.00027438
-0.00101566
-0.000130031
0.000477908
0.000312443
-0.000210095
0.000957193
0.000544571
-0.000348672
0.000907183
0.000578833
-0.000474306
0.000320487
0.000433696
-0.000578833
-0.00112861
1.06642e-11
-0.000422297
-0.00299521
-0.000433696
-0.000422297
-0.00299521
-0.000578833
-0.000578833
-0.00112861
-0.000544571
-0.000474306
0.000320487
-0.000312443
-0.000348672
0.000907183
-0.000210095
0.000957193
0.000205839
-0.000180894
0.0012472
0.000376314
-0.000276053
0.00131688
0.000474306
-0.000376315
0.00113106
0.000400775
-0.000544571
0.000320487
-2.43792e-11
-0.000386509
-0.00209523
-0.000400775
-0.000386509
-0.00209523
-0.000474306
-0.000544571
0.000320487
-0.000376314
-0.000376314
0.00113106
-0.000205839
-0.000276053
0.00131688
-0.000180894
0.0012472
0.000159813
-0.000112124
0.00132996
0.000276053
-0.000159813
0.00133306
0.000348672
-0.000205839
0.00131688
0.00027438
-0.000312443
0.000907183
-4.03183e-11
-0.000285372
-0.00101566
-0.000274381
-0.000285372
-0.00101566
-0.000348672
-0.000312443
0.000907183
-0.000276053
-0.000205839
0.00131688
-0.000159813
-0.000159813
0.00133306
-0.000112124
0.00132996
0.000112124
0.00136054
0.000180894
0.00132996
0.000210095
0.0012472
0.000130031
0.000957193
-7.32004e-11
0.000477908
-0.000130031
0.000477908
-0.000210095
0.000957193
-0.000180894
0.0012472
-0.000112124
0.00132996
0.00136054
0.000100524
0.000100524
0.0011595
0.000162407
0.000141056
0.00112702
0.000188463
0.000183853
0.00103729
0.000123476
0.00026456
0.000757619
-6.34614e-11
0.000246732
0.000354651
-0.000123477
0.000246732
0.000354651
-0.000188463
0.00026456
0.000757619
-0.000162407
0.000183853
0.00103729
-0.000100524
0.000141056
0.00112702
0.000100524
0.0011595
0.000141056
0.000162407
0.00112702
0.000244715
0.000244715
0.00112574
0.000312304
0.000334209
0.00109893
0.000247646
0.000475898
0.000760502
-3.88572e-11
0.000340731
-0.000862018
-0.000247646
0.000340731
-0.000862018
-0.000312304
0.000475899
0.000760502
-0.000244715
0.000334209
0.00109893
-0.000141056
0.000244715
0.00112575
0.000162407
0.00112702
0.000183853
0.000188463
0.00103729
0.000334209
0.000312304
0.00109893
0.000420954
0.000420954
0.000957572
0.000361706
0.000531816
0.000323817
-1.61425e-11
0.000381461
-0.00177425
-0.000361706
0.000381461
-0.00177425
-0.000420954
0.000531816
0.000323818
-0.000334209
0.000420954
0.000957572
-0.000183853
0.000312304
0.00109893
0.000188463
0.00103729
0.00026456
0.000123476
0.000757619
0.000475898
0.000247646
0.000760502
0.000531816
0.000361706
0.000323818
0.000404615
0.000404615
-0.00087421
4.86425e-12
0.000301936
-0.00251107
-0.000404615
0.000301936
-0.00251107
-0.000531816
0.000404615
-0.000874211
-0.000475898
0.000361706
0.000323817
-0.00026456
0.000247646
0.000760502
0.000123476
0.000757619
0.000246732
-8.81325e-11
0.000354651
0.000340731
-1.10067e-10
-0.000862018
0.000381461
-2.61446e-11
-0.00177425
0.000301936
1.02542e-10
-0.00251107
-2.22785e-11
-6.89123e-11
-0.00299358
-0.000301936
-6.64177e-11
-0.00299358
-0.000381461
1.05967e-10
-0.00251107
-0.000340731
-3.29963e-11
-0.00177425
-0.000246732
-1.12687e-10
-0.000862017
-8.83346e-11
0.000354652
0.000246732
-0.000123477
0.000354651
0.000340731
-0.000247646
-0.000862018
0.000381461
-0.000361706
-0.00177425
0.000301936
-0.000404615
-0.00251107
-1.93262e-11
-0.000301936
-0.00299358
-0.000301936
-0.000301936
-0.00299358
-0.000381461
-0.000404615
-0.00251107
-0.000340731
-0.000361706
-0.00177425
-0.000246732
-0.000247646
-0.000862018
-0.000123476
0.000354652
0.00026456
-0.000188463
0.000757619
0.000475898
-0.000312304
0.000760502
0.000531816
-0.000420954
0.000323818
0.000404615
-0.000531816
-0.000874211
7.01205e-12
-0.000381461
-0.00251107
-0.000404615
-0.000381461
-0.00251107
-0.000531817
-0.000531816
-0.000874211
-0.000475898
-0.000420954
0.000323818
-0.00026456
-0.000312303
0.000760503
-0.000188463
0.000757619
0.000183853
-0.000162407
0.00103729
0.000334209
-0.000244715
0.00109893
0.000420954
-0.000334209
0.000957572
0.000361706
-0.000475898
0.000323817
-2.2664e-11
-0.000340731
-0.00177425
-0.000361706
-0.000340731
-0.00177425
-0.000420954
-0.000475898
0.000323817
-0.000334209
-0.000334209
0.000957573
-0.000183853
-0.000244715
0.00109893
-0.000162407
0.00103729
0.000141056
-0.000100524
0.00112702
0.000244715
-0.000141056
0.00112575
0.000312304
-0.000183853
0.00109893
0.000247646
-0.00026456
0.000760503
-4.08891e-11
-0.000246732
-0.000862017
-0.000247646
-0.000246732
-0.000862017
-0.000312304
-0.00026456
0.000760503
-0.000244715
-0.000183853
0.00109893
-0.000141056
-0.000141056
0.00112575
-0.000100524
0.00112702
0.000100524
0.0011595
0.000162407
0.00112702
0.000188463
0.00103729
0.000123476
0.000757619
-6.31305e-11
0.000354652
-0.000123476
0.000354652
-0.000188463
0.000757619
-0.000162407
0.00103729
-0.000100524
0.00112702
0.0011595
8.89909e-05
8.89909e-05
0.000981515
0.000144363
0.000121991
0.000949655
0.000167563
0.000162763
0.000851326
0.000117014
0.000220074
0.000588094
-4.92836e-11
0.000217865
0.0002538
-0.000117014
0.000217865
0.0002538
-0.000167563
0.000220074
0.000588094
-0.000144363
0.000162763
0.000851327
-8.89909e-05
0.000121991
0.000949655
8.89909e-05
0.000981515
0.000121991
0.000144363
0.000949655
0.000213385
0.000213385
0.000942957
0.00027697
0.000294102
0.000904007
0.000223886
0.000405707
0.000627954
-4.1066e-11
0.000300234
-0.000720501
-0.000223886
0.000300234
-0.000720501
-0.00027697
0.000405707
0.000627954
-0.000213385
0.000294102
0.000904007
-0.000121991
0.000213385
0.000942958
0.000144363
0.000949655
0.000162763
0.000167563
0.000851326
0.000294102
0.00027697
0.000904007
0.000371984
0.000371984
0.000801808
0.000323909
0.000472982
0.000304617
-2.62383e-11
0.000337668
-0.00148778
-0.000323909
0.000337668
-0.00148778
-0.000371984
0.000472982
0.000304617
-0.000294102
0.000371984
0.000801808
-0.000162763
0.00027697
0.000904007
0.000167563
0.000851327
0.000220074
0.000117014
0.000588094
0.000405707
0.000223886
0.000627954
0.000472982
0.000323909
0.000304617
0.00036972
0.00036972
-0.000667686
1.16311e-11
0.000267232
-0.00207091
-0.00036972
0.000267232
-0.00207091
-0.000472982
0.00036972
-0.000667686
-0.000405707
0.000323909
0.000304617
-0.000220074
0.000223886
0.000627954
0.000117014
0.000588094
0.000217865
-7.48738e-11
0.0002538
0.000300234
-1.14858e-10
-0.000720501
0.000337668
7.83815e-12
-0.00148778
0.000267232
1.09137e-10
-0.00207091
-2.98233e-11
-7.34101e-11
-0.00245911
-0.000267232
-7.141e-11
-0.00245911
-0.000337668
1.11764e-10
-0.00207091
-0.000300234
5.50861e-12
-0.00148778
-0.000217866
-1.16562e-10
-0.000720501
-7.53693e-11
0.000253801
0.000217865
-0.000117014
0.0002538
0.000300234
-0.000223886
-0.000720501
0.000337668
-0.000323909
-0.00148778
0.000267232
-0.00036972
-0.00207091
-2.72739e-11
-0.000267232
-0.00245911
-0.000267232
-0.000267232
-0.00245911
-0.000337668
-0.00036972
-0.00207091
-0.000300234
-0.000323909
-0.00148778
-0.000217865
-0.000223886
-0.000720501
-0.000117014
0.000253801
0.000220074
-0.000167563
0.000588094
0.000405707
-0.00027697
0.000627954
0.000472982
-0.000371984
0.000304617
0.00036972
-0.000472982
-0.000667686
1.21486e-11
-0.000337668
-0.00207091
-0.00036972
-0.000337668
-0.00207091
-0.000472982
-0.000472982
-0.000667686
-0.000405707
-0.000371984
0.000304617
-0.000220074
-0.00027697
0.000627954
-0.000167563
0.000588095
0.000162763
-0.000144363
0.000851327
0.000294102
-0.000213385
0.000904007
0.000371984
-0.000294102
0.000801808
0.000323909
-0.000405707
0.000304617
-2.892e-11
-0.000300234
-0.00148778
-0.000323909
-0.000300234
-0.00148778
-0.000371984
-0.000405707
0.000304617
-0.000294102
-0.000294102
0.000801808
-0.000162763
-0.000213385
0.000904007
-0.000144363
0.000851327
0.000121991
-8.89909e-05
0.000949655
0.000213385
-0.000121991
0.000942958
0.00027697
-0.000162763
0.000904007
0.000223886
-0.000220074
0.000627954
-4.1652e-11
-0.000217866
-0.0007205
-0.000223886
-0.000217865
-0.000720501
-0.00027697
-0.000220074
0.000627954
-0.000213385
-0.000162763
0.000904007
-0.000121991
-0.000121991
0.000942958
-8.89909e-05
0.000949655
8.89909e-05
0.000981515
0.000144363
0.000949655
0.000167563
0.000851327
0.000117014
0.000588095
-4.90879e-11
0.000253801
-0.000117014
0.000253801
-0.000167563
0.000588095
-0.000144363
0.000851327
-8.89909e-05
0.000949655
0.000981515
7.76421e-05
7.76421e-05
0.000826231
0.000127605
0.000103427
0.000796265
0.00014798
0.000140755
0.000690197
0.000108909
0.000178275
0.000448889
-3.37234e-11
0.000198632
0.000164078
-0.000108909
0.000198632
0.000164078
-0.00014798
0.000178275
0.000448889
-0.000127605
0.000140755
0.000690197
-7.76421e-05
0.000103427
0.000796266
7.76421e-05
0.000826231
0.000103427
0.000127605
0.000796265
0.000181821
0.000181821
0.000786169
0.000241346
0.000254445
0.000730791
0.000201399
0.000332489
0.000513688
-3.88812e-11
0.000266957
-0.000587428
-0.000201399
0.000266957
-0.000587428
-0.000241346
0.000332489
0.000513688
-0.000181821
0.000254445
0.000730791
-0.000103427
0.000181821
0.000786169
0.000127605
0.000796266
0.000140755
0.00014798
0.000690197
0.000254445
0.000241346
0.000730791
0.000326042
0.000326042
0.000658612
0.000285126
0.000407677
0.000270345
-1.12753e-11
0.000293386
-0.00122908
-0.000285126
0.000293386
-0.00122908
-0.000326042
0.000407677
0.000270345
-0.000254445
0.000326042
0.000658613
-0.000140755
0.000241346
0.000730791
0.00014798
0.000690197
0.000178275
0.000108909
0.000448889
0.000332489
0.000201399
0.000513688
0.000407676
0.000285126
0.000270345
0.000333478
0.000333478
-0.000519288
3.13056e-12
0.000229261
-0.00167331
-0.000333478
0.000229261
-0.00167331
-0.000407677
0.000333478
-0.000519288
-0.000332489
0.000285127
0.000270345
-0.000178275
0.000201399
0.000513688
0.000108909
0.000448889
0.000198632
-5.7271e-11
0.000164078
0.000266957
-1.05324e-10
-0.000587427
0.000293386
5.06643e-11
-0.00122908
0.000229261
9.17274e-11
-0.00167331
-2.8747e-11
-7.06765e-11
-0.00200059
-0.000229261
-6.91691e-11
-0.00200059
-0.000293386
9.43787e-11
-0.00167331
-0.000266957
4.92408e-11
-0.00122908
-0.000198632
-1.06712e-10
-0.000587427
-5.77413e-11
0.000164078
0.000198632
-0.000108909
0.000164078
0.000266957
-0.000201399
-0.000587428
0.000293386
-0.000285126
-0.00122908
0.000229261
-0.000333478
-0.00167331
-2.66434e-11
-0.000229261
-0.00200059
-0.000229261
-0.000229261
-0.00200059
-0.000293386
-0.000333478
-0.00167331
-0.000266957
-0.000285126
-0.00122908
-0.000198632
-0.000201399
-0.000587428
-0.000108909
0.000164078
0.000178275
-0.00014798
0.000448889
0.000332489
-0.000241346
0.000513688
0.000407677
-0.000326042
0.000270345
0.000333478
-0.000407677
-0.000519288
3.75945e-12
-0.000293386
-0.00167331
-0.000333478
-0.000293386
-0.00167331
-0.000407677
-0.000407677
-0.000519288
-0.000332489
-0.000326042
0.000270345
-0.000178275
-0.000241346
0.000513688
-0.00014798
0.000448889
0.000140755
-0.000127605
0.000690197
0.000254445
-0.000181821
0.000730791
0.000326042
-0.000254445
0.000658613
0.000285126
-0.000332489
0.000270345
-1.30619e-11
-0.000266957
-0.00122908
-0.000285126
-0.000266957
-0.00122908
-0.000326042
-0.000332489
0.000270345
-0.000254445
-0.000254445
0.000658613
-0.000140755
-0.000181821
0.000730792
-0.000127605
0.000690197
0.000103427
-7.76421e-05
0.000796266
0.000181821
-0.000103427
0.000786169
0.000241346
-0.000140755
0.000730791
0.000201399
-0.000178275
0.000513688
-3.87987e-11
-0.000198632
-0.000587427
-0.000201399
-0.000198632
-0.000587427
-0.000241347
-0.000178275
0.000513688
-0.000181821
-0.000140755
0.000730792
-0.000103427
-0.000103427
0.00078617
-7.76421e-05
0.000796266
7.76421e-05
0.000826231
0.000127605
0.000796266
0.00014798
0.000690197
0.000108909
0.000448889
-3.34395e-11
0.000164078
-0.000108909
0.000164078
-0.00014798
0.000448889
-0.000127605
0.000690197
-7.76421e-05
0.000796266
0.000826231
6.67562e-05
6.67562e-05
0.000692718
0.00011239
8.57584e-05
0.000664873
0.00013118
0.000117137
0.00055427
9.99794e-05
0.000138821
0.000341269
-2.32364e-11
0.000183578
8.0479e-05
-9.99794e-05
0.000183578
8.0479e-05
-0.00013118
0.000138821
0.000341269
-0.00011239
0.000117137
0.00055427
-6.67562e-05
8.57584e-05
0.000664874
6.67562e-05
0.000692718
8.57584e-05
0.00011239
0.000664873
0.000151081
0.000151081
0.000655525
0.000206643
0.0002126
0.000579765
0.00017834
0.00025927
0.000421542
-3.00399e-11
0.000244779
-0.000470289
-0.00017834
0.000244779
-0.000470289
-0.000206643
0.00025927
0.000421542
-0.000151081
0.000212601
0.000579765
-8.57584e-05
0.000151081
0.000655525
0.00011239
0.000664874
0.000117137
0.00013118
0.000554269
0.0002126
0.000206643
0.000579765
0.000280259
0.000280259
0.000523296
0.000242022
0.000340893
0.000226959
7.92788e-12
0.00024689
-0.00098917
-0.000242022
0.00024689
-0.00098917
-0.000280259
0.000340893
0.000226959
-0.000212601
0.000280259
0.000523296
-0.000117137
0.000206643
0.000579765
0.00013118
0.00055427
0.000138821
9.99794e-05
0.000341269
0.00025927
0.00017834
0.000421542
0.000340893
0.000242022
0.000226959
0.000290806
0.000290806
-0.000419115
3.55917e-12
0.000186215
-0.00132183
-0.000290806
0.000186215
-0.00132183
-0.000340893
0.000290806
-0.000419115
-0.00025927
0.000242022
0.000226959
-0.000138821
0.00017834
0.000421542
9.99794e-05
0.000341269
0.000183578
-4.46441e-11
8.04789e-05
0.000244779
-7.80025e-11
-0.000470288
0.00024689
9.22759e-11
-0.000989169
0.000186215
7.11067e-11
-0.00132183
-2.47159e-11
-6.08812e-11
-0.00162816
-0.000186215
-5.97779e-11
-0.00162816
-0.00024689
7.3419e-11
-0.00132183
-0.000244779
9.20994e-11
-0.000989169
-0.000183579
-7.94477e-11
-0.000470288
-4.4736e-11
8.04791e-05
0.000183578
-9.99794e-05
8.0479e-05
0.000244779
-0.00017834
-0.000470289
0.00024689
-0.000242022
-0.00098917
0.000186215
-0.000290806
-0.00132183
-2.30511e-11
-0.000186215
-0.00162816
-0.000186215
-0.000186215
-0.00162816
-0.00024689
-0.000290806
-0.00132183
-0.000244779
-0.000242022
-0.00098917
-0.000183579
-0.00017834
-0.000470289
-9.99794e-05
8.04792e-05
0.000138821
-0.00013118
0.000341269
0.00025927
-0.000206643
0.000421542
0.000340893
-0.000280259
0.000226959
0.000290806
-0.000340893
-0.000419115
4.19194e-12
-0.00024689
-0.00132183
-0.000290806
-0.00024689
-0.00132183
-0.000340893
-0.000340893
-0.000419115
-0.00025927
-0.000280259
0.000226959
-0.000138821
-0.000206643
0.000421542
-0.00013118
0.000341269
0.000117137
-0.00011239
0.00055427
0.000212601
-0.000151081
0.000579765
0.000280259
-0.000212601
0.000523296
0.000242022
-0.00025927
0.000226959
6.88744e-12
-0.000244779
-0.000989169
-0.000242022
-0.000244779
-0.000989169
-0.000280259
-0.00025927
0.000226959
-0.000212601
-0.000212601
0.000523296
-0.000117137
-0.000151081
0.000579765
-0.00011239
0.00055427
8.57584e-05
-6.67562e-05
0.000664874
0.000151081
-8.57584e-05
0.000655525
0.000206643
-0.000117137
0.000579765
0.00017834
-0.000138821
0.000421542
-2.99905e-11
-0.000183579
-0.000470288
-0.00017834
-0.000183579
-0.000470288
-0.000206643
-0.000138821
0.000421542
-0.000151081
-0.000117137
0.000579765
-8.57584e-05
-8.57584e-05
0.000655525
-6.67562e-05
0.000664874
6.67562e-05
0.000692718
0.00011239
0.000664874
0.00013118
0.00055427
9.99794e-05
0.000341269
-2.27193e-11
8.04791e-05
-9.99794e-05
8.04792e-05
-0.00013118
0.000341269
-0.00011239
0.00055427
-6.67562e-05
0.000664874
0.000692718
5.60063e-05
5.60063e-05
0.000580706
9.65653e-05
6.94589e-05
0.000554856
0.000111703
9.67442e-05
0.000442387
8.48491e-05
0.00010466
0.000263464
-1.68688e-11
0.000171846
-6.51803e-06
-8.48491e-05
0.000171846
-6.518e-06
-0.000111703
0.00010466
0.000263464
-9.65653e-05
9.67442e-05
0.000442387
-5.60063e-05
6.94589e-05
0.000554856
5.60063e-05
0.000580706
6.94588e-05
9.65653e-05
0.000554856
0.000122209
0.000122209
0.000550024
0.000171734
0.000171899
0.000455085
0.000147484
0.000197419
0.000353032
-1.53366e-11
0.000229629
-0.000380588
-0.000147484
0.000229629
-0.000380588
-0.000171734
0.000197419
0.000353032
-0.000122209
0.000171899
0.000455086
-6.94588e-05
0.000122209
0.000550024
9.65653e-05
0.000554856
9.67442e-05
0.000111703
0.000442387
0.000171899
0.000171734
0.000455085
0.00023141
0.00023141
0.000404273
0.000195149
0.000277969
0.00018267
2.0447e-11
0.000193882
-0.000758273
-0.000195149
0.000193882
-0.000758273
-0.00023141
0.000277969
0.00018267
-0.000171899
0.00023141
0.000404274
-9.67442e-05
0.000171734
0.000455086
0.000111703
0.000442387
0.00010466
8.48491e-05
0.000263464
0.000197419
0.000147484
0.000353032
0.000277969
0.000195149
0.00018267
0.000236376
0.000236376
-0.000335929
-1.01314e-12
0.000137645
-0.00102922
-0.000236376
0.000137645
-0.00102922
-0.000277969
0.000236376
-0.000335929
-0.000197419
0.00019515
0.00018267
-0.00010466
0.000147484
0.000353032
8.48491e-05
0.000263464
0.000171846
-3.79803e-11
-6.51813e-06
0.000229629
-2.45632e-11
-0.000380588
0.000193883
1.06312e-10
-0.000758273
0.000137645
4.12399e-11
-0.00102922
-1.99166e-11
-4.44452e-11
-0.00135287
-0.000137645
-4.35202e-11
-0.00135287
-0.000193883
4.30905e-11
-0.00102922
-0.00022963
1.07164e-10
-0.000758273
-0.000171846
-2.57004e-11
-0.000380587
-3.79607e-11
-6.51803e-06
0.000171846
-8.48491e-05
-6.51794e-06
0.000229629
-0.000147484
-0.000380588
0.000193882
-0.000195149
-0.000758273
0.000137645
-0.000236376
-0.00102922
-1.8547e-11
-0.000137645
-0.00135287
-0.000137645
-0.000137645
-0.00135287
-0.000193882
-0.000236376
-0.00102922
-0.000229629
-0.000195149
-0.000758273
-0.000171846
-0.000147484
-0.000380588
-8.48491e-05
-6.51784e-06
0.00010466
-0.000111703
0.000263464
0.000197419
-0.000171734
0.000353032
0.000277969
-0.00023141
0.00018267
0.000236376
-0.000277969
-0.000335929
-2.92056e-13
-0.000193883
-0.00102922
-0.000236376
-0.000193883
-0.00102922
-0.000277969
-0.000277969
-0.000335929
-0.000197419
-0.00023141
0.00018267
-0.00010466
-0.000171734
0.000353032
-0.000111703
0.000263464
9.67442e-05
-9.65653e-05
0.000442387
0.000171899
-0.000122209
0.000455086
0.00023141
-0.000171899
0.000404274
0.000195149
-0.000197419
0.00018267
1.99355e-11
-0.00022963
-0.000758273
-0.000195149
-0.000229629
-0.000758273
-0.00023141
-0.000197419
0.00018267
-0.000171899
-0.000171899
0.000404274
-9.67442e-05
-0.000122209
0.000455086
-9.65653e-05
0.000442388
6.94589e-05
-5.60063e-05
0.000554856
0.000122209
-6.94589e-05
0.000550024
0.000171734
-9.67442e-05
0.000455086
0.000147484
-0.00010466
0.000353032
-1.56631e-11
-0.000171846
-0.000380587
-0.000147484
-0.000171846
-0.000380587
-0.000171734
-0.00010466
0.000353033
-0.000122209
-9.67442e-05
0.000455086
-6.94589e-05
-6.94589e-05
0.000550025
-5.60063e-05
0.000554856
5.60063e-05
0.000580706
9.65653e-05
0.000554856
0.000111703
0.000442388
8.48491e-05
0.000263464
-1.62519e-11
-6.51796e-06
-8.48491e-05
-6.51792e-06
-0.000111703
0.000263464
-9.65653e-05
0.000442388
-5.60063e-05
0.000554856
0.000580706
4.77955e-05
4.77955e-05
0.000485115
8.26823e-05
5.72654e-05
0.000462703
9.71903e-05
8.21205e-05
0.000345759
7.37673e-05
8.54224e-05
0.000201464
-1.49751e-11
0.00014946
-8.22108e-05
-7.37673e-05
0.00014946
-8.22107e-05
-9.71903e-05
8.54224e-05
0.000201464
-8.26823e-05
8.21205e-05
0.000345759
-4.77955e-05
5.72654e-05
0.000462704
4.77955e-05
0.000485115
5.72654e-05
8.26823e-05
0.000462703
0.000103922
0.000103922
0.000456711
0.000148704
0.000136504
0.00035592
0.000112293
0.000179887
0.000294978
-2.51218e-12
0.00019021
-0.000309045
-0.000112293
0.00019021
-0.000309045
-0.000148704
0.000179887
0.000294978
-0.000103922
0.000136504
0.00035592
-5.72654e-05
0.000103922
0.000456711
8.26823e-05
0.000462704
8.21205e-05
9.71903e-05
0.000345759
0.000136504
0.000148704
0.00035592
0.00020644
0.00020644
0.000264403
0.000167648
0.000237066
0.000164283
1.57828e-11
0.000129444
-0.00052986
-0.000167648
0.000129444
-0.00052986
-0.00020644
0.000237066
0.000164283
-0.000136504
0.00020644
0.000264403
-8.21205e-05
0.000148704
0.00035592
9.71903e-05
0.000345759
8.54224e-05
7.37673e-05
0.000201464
0.000179887
0.000112293
0.000294978
0.000237066
0.000167648
0.000164283
0.000166232
0.000166232
-0.000194262
-5.82051e-12
8.65496e-05
-0.00082009
-0.000166232
8.65496e-05
-0.00082009
-0.000237066
0.000166232
-0.000194262
-0.000179887
0.000167648
0.000164283
-8.54224e-05
0.000112293
0.000294979
7.37673e-05
0.000201464
0.00014946
-4.69145e-11
-8.22109e-05
0.00019021
2.36715e-11
-0.000309044
0.000129444
7.05518e-11
-0.000529859
8.65497e-05
1.86935e-11
-0.000820089
-1.30737e-11
-2.47144e-11
-0.00117977
-8.65497e-05
-2.39798e-11
-0.00117977
-0.000129444
2.02597e-11
-0.000820089
-0.00019021
7.16608e-11
-0.000529859
-0.00014946
2.42406e-11
-0.000309044
-4.74352e-11
-8.22109e-05
0.00014946
-7.37673e-05
-8.22107e-05
0.00019021
-0.000112293
-0.000309045
0.000129444
-0.000167648
-0.00052986
8.65496e-05
-0.000166232
-0.00082009
-1.20711e-11
-8.65497e-05
-0.00117977
-8.65497e-05
-8.65497e-05
-0.00117977
-0.000129444
-0.000166232
-0.00082009
-0.00019021
-0.000167648
-0.00052986
-0.00014946
-0.000112293
-0.000309044
-7.37673e-05
-8.22106e-05
8.54223e-05
-9.71903e-05
0.000201464
0.000179887
-0.000148704
0.000294978
0.000237066
-0.00020644
0.000164283
0.000166232
-0.000237066
-0.000194261
-4.87315e-12
-0.000129444
-0.000820089
-0.000166232
-0.000129444
-0.000820089
-0.000237066
-0.000237066
-0.000194261
-0.000179887
-0.00020644
0.000164283
-8.54224e-05
-0.000148704
0.000294979
-9.71903e-05
0.000201464
8.21205e-05
-8.26823e-05
0.000345759
0.000136504
-0.000103922
0.00035592
0.00020644
-0.000136504
0.000264403
0.000167648
-0.000179887
0.000164283
1.58081e-11
-0.00019021
-0.000529859
-0.000167648
-0.00019021
-0.000529859
-0.00020644
-0.000179887
0.000164283
-0.000136504
-0.000136504
0.000264403
-8.21205e-05
-0.000103922
0.00035592
-8.26823e-05
0.000345759
5.72654e-05
-4.77955e-05
0.000462704
0.000103922
-5.72654e-05
0.000456711
0.000148704
-8.21205e-05
0.00035592
0.000112293
-8.54224e-05
0.000294979
-1.98949e-12
-0.00014946
-0.000309044
-0.000112293
-0.00014946
-0.000309044
-0.000148704
-8.54224e-05
0.000294979
-0.000103922
-8.21205e-05
0.00035592
-5.72654e-05
-5.72654e-05
0.000456711
-4.77955e-05
0.000462704
4.77955e-05
0.000485115
8.26823e-05
0.000462704
9.71903e-05
0.000345759
7.37673e-05
0.000201464
-1.4731e-11
-8.22108e-05
-7.37673e-05
-8.22107e-05
-9.71903e-05
0.000201464
-8.26823e-05
0.000345759
-4.77955e-05
0.000462704
0.000485115
3.19595e-05
3.19595e-05
5.46999e-05
3.52519e-05
5.64016e-05
5.71443e-05
3.52083e-05
5.34059e-05
-6.30267e-12
5.61843e-05
-3.52083e-05
5.61843e-05
-5.64016e-05
5.34059e-05
-5.46999e-05
5.71443e-05
-3.19595e-05
3.52519e-05
3.19595e-05
3.52519e-05
5.46999e-05
6.59768e-05
6.59769e-05
8.93238e-05
8.62681e-05
5.06287e-05
0.000120192
8.20691e-13
5.83289e-05
-5.06287e-05
5.83289e-05
-8.93238e-05
0.000120192
-6.59769e-05
8.62681e-05
-3.52519e-05
6.59769e-05
5.46999e-05
5.71443e-05
5.64016e-05
8.62681e-05
8.93238e-05
0.0001375
0.0001375
0.000110393
0.000134018
5.21117e-12
4.48356e-05
-0.000110393
4.48356e-05
-0.0001375
0.000134018
-8.62681e-05
0.0001375
-5.71443e-05
8.93238e-05
5.64016e-05
5.34059e-05
3.52083e-05
0.000120192
5.06288e-05
0.000134018
0.000110393
7.19061e-05
7.19061e-05
-3.30117e-12
3.26312e-05
-7.19061e-05
3.26312e-05
-0.000134018
7.19061e-05
-0.000120192
0.000110393
-5.34059e-05
5.06288e-05
3.52083e-05
5.61844e-05
-2.61457e-11
5.8329e-05
1.66087e-11
4.48356e-05
1.79515e-11
3.26313e-05
6.6642e-12
-4.3813e-12
-6.84886e-12
-3.26313e-05
-6.58813e-12
-4.48356e-05
7.48358e-12
-5.8329e-05
1.76271e-11
-5.61844e-05
1.68895e-11
-2.66798e-11
5.61843e-05
-3.52083e-05
5.83289e-05
-5.06287e-05
4.48356e-05
-0.000110393
3.26312e-05
-7.19061e-05
-4.0399e-12
-3.26313e-05
-3.26312e-05
-3.26313e-05
-4.48356e-05
-7.19061e-05
-5.83289e-05
-0.000110393
-5.61844e-05
-5.06287e-05
-3.52083e-05
5.34059e-05
-5.64016e-05
0.000120192
-8.93238e-05
0.000134018
-0.0001375
7.19061e-05
-0.000134018
-2.67534e-12
-4.48356e-05
-7.19061e-05
-4.48356e-05
-0.000134018
-0.000134018
-0.000120192
-0.000137501
-5.34059e-05
-8.93238e-05
-5.64016e-05
5.71443e-05
-5.46999e-05
8.62681e-05
-6.59769e-05
0.0001375
-8.62681e-05
0.000110393
-0.000120192
4.60079e-12
-5.8329e-05
-0.000110393
-5.8329e-05
-0.0001375
-0.000120192
-8.62681e-05
-8.62681e-05
-5.71443e-05
-6.59769e-05
-5.46999e-05
3.52519e-05
-3.19595e-05
6.59769e-05
-3.52519e-05
8.93238e-05
-5.71443e-05
5.06288e-05
-5.34059e-05
8.93385e-13
-5.61844e-05
-5.06287e-05
-5.61844e-05
-8.93238e-05
-5.34059e-05
-6.59769e-05
-5.71443e-05
-3.52519e-05
-3.52519e-05
-3.19595e-05
3.19595e-05
5.46999e-05
5.64016e-05
3.52083e-05
-6.44542e-12
-3.52083e-05
-5.64016e-05
-5.46999e-05
-3.19595e-05
)
;

boundaryField
{
    bottom
    {
        type            calculated;
        value           nonuniform List<scalar> 0();
    }
    atmosphere
    {
        type            calculated;
        value           nonuniform List<scalar> 
100
(
0.000421195
0.000404711
0.000286913
0.000169252
-0.000103187
-0.000103187
0.000169252
0.000286913
0.000404711
0.000421196
0.000404711
0.000395261
0.000303449
0.000266888
-0.00026056
-0.000260561
0.000266888
0.000303449
0.000395261
0.000404711
0.000286913
0.000303449
0.000161938
0.000177563
-0.000405972
-0.000405973
0.000177563
0.000161938
0.000303449
0.000286913
0.000169252
0.000266888
0.000177563
-7.00376e-05
-0.000735979
-0.000735979
-7.00373e-05
0.000177563
0.000266888
0.000169252
-0.000103187
-0.000260561
-0.000405973
-0.000735979
-0.00111451
-0.00111451
-0.000735979
-0.000405972
-0.00026056
-0.000103187
-0.000103187
-0.000260561
-0.000405973
-0.000735979
-0.00111451
-0.00111451
-0.000735979
-0.000405972
-0.00026056
-0.000103187
0.000169252
0.000266888
0.000177563
-7.00374e-05
-0.000735979
-0.000735979
-7.00371e-05
0.000177564
0.000266888
0.000169252
0.000286913
0.000303449
0.000161938
0.000177563
-0.000405972
-0.000405973
0.000177563
0.000161939
0.000303449
0.000286913
0.000404711
0.000395261
0.000303449
0.000266888
-0.00026056
-0.00026056
0.000266888
0.00030345
0.000395261
0.000404711
0.000421196
0.000404711
0.000286913
0.000169252
-0.000103187
-0.000103187
0.000169252
0.000286913
0.000404711
0.000421196
)
;
    }
    walls
    {
        type            calculated;
        value           uniform 0;
    }
    procBoundary1to0
    {
        type            processor;
        value           nonuniform List<scalar> 
100
(
-0.00209947
-0.00208923
-0.002034
-0.00176511
-0.00105899
-0.00105899
-0.00176511
-0.002034
-0.00208923
-0.00209947
-0.00208923
-0.00210963
-0.00213008
-0.00139522
0.00161507
0.00161507
-0.00139522
-0.00213008
-0.00210963
-0.00208923
-0.002034
-0.00213008
-0.00177147
-7.65076e-05
0.00335442
0.00335442
-7.65073e-05
-0.00177147
-0.00213008
-0.002034
-0.00176511
-0.00139522
-7.65078e-05
0.00206332
0.00468794
0.00468795
0.00206332
-7.65086e-05
-0.00139522
-0.00176511
-0.00105899
0.00161507
0.00335442
0.00468794
0.00570067
0.00570067
0.00468795
0.00335442
0.00161507
-0.00105899
-0.00105899
0.00161507
0.00335442
0.00468795
0.00570067
0.00570067
0.00468795
0.00335442
0.00161507
-0.00105899
-0.00176511
-0.00139522
-7.65075e-05
0.00206332
0.00468795
0.00468795
0.00206332
-7.65083e-05
-0.00139522
-0.00176511
-0.002034
-0.00213008
-0.00177147
-7.65086e-05
0.00335442
0.00335442
-7.65083e-05
-0.00177147
-0.00213008
-0.002034
-0.00208923
-0.00210963
-0.00213008
-0.00139522
0.00161507
0.00161507
-0.00139522
-0.00213008
-0.00210963
-0.00208923
-0.00209947
-0.00208923
-0.002034
-0.00176511
-0.00105899
-0.00105899
-0.00176511
-0.002034
-0.00208923
-0.00209947
)
;
    }
}


// ************************************************************************* //
