/*--------------------------------*- C++ -*----------------------------------*\
| =========                 |                                                 |
| \\      /  F ield         | OpenFOAM: The Open Source CFD Toolbox           |
|  \\    /   O peration     | Version:  2412                                  |
|   \\  /    A nd           | Website:  www.openfoam.com                      |
|    \\/     M anipulation  |                                                 |
\*---------------------------------------------------------------------------*/
FoamFile
{
    version     2.0;
    format      ascii;
    arch        "LSB;label=32;scalar=64";
    class       volScalarField;
    location    "0.53";
    object      p;
}
// * * * * * * * * * * * * * * * * * * * * * * * * * * * * * * * * * * * * * //

dimensions      [1 -1 -2 0 0 0 0];

internalField   nonuniform List<scalar> 
1000
(
8.28749
0.685731
1.08397
-0.632652
-0.121009
-0.121082
-0.632675
1.08406
0.685727
8.2875
0.685721
-8.71492
-0.26856
-3.52171
-2.60038
-2.60064
-3.52181
-0.268571
-8.71498
0.685669
1.08393
-0.268579
1.38716
-0.984464
0.941542
0.941492
-0.984514
1.38712
-0.268651
1.08391
-0.632665
-3.52172
-0.984468
-2.06388
-0.144036
-0.144011
-2.06403
-0.984507
-3.52179
-0.632702
-0.121009
-2.60038
0.941559
-0.144064
1.76778
1.76778
-0.144115
0.941529
-2.60045
-0.121047
-0.121114
-2.60075
0.941487
-0.144016
1.76778
1.76779
-0.14407
0.941465
-2.60079
-0.121144
-0.632692
-3.52186
-0.984537
-2.06409
-0.144111
-0.144088
-2.06421
-0.984568
-3.5219
-0.632725
1.08408
-0.268594
1.38711
-0.984526
0.941506
0.941463
-0.984569
1.38707
-0.268661
1.08403
0.685717
-8.715
-0.268665
-3.52181
-2.60048
-2.6007
-3.52188
-0.268669
-8.71505
0.685663
8.28751
0.685661
1.08393
-0.632701
-0.121055
-0.121119
-0.63272
1.084
0.685656
8.28752
5.05156
0.125536
1.3492
-0.441332
0.122337
0.122377
-0.441316
1.34933
0.125536
5.05156
0.125527
-6.73682
-1.33842
-2.21398
-1.43487
-1.43477
-2.21391
-1.33835
-6.73681
0.125495
1.34915
-1.33845
0.773998
-1.44477
0.46598
0.466003
-1.44464
0.774
-1.33847
1.34914
-0.441352
-2.21402
-1.44482
-1.86326
-0.435842
-0.435761
-1.86334
-1.44482
-2.21404
-0.441376
0.122325
-1.43491
0.465975
-0.435872
1.05325
1.05326
-0.435891
0.465938
-1.43494
0.122295
0.122391
-1.43475
0.466015
-0.435744
1.05326
1.05327
-0.435776
0.465976
-1.4348
0.122352
-0.44132
-2.2139
-1.44461
-1.86336
-0.435873
-0.435802
-1.86342
-1.44462
-2.21393
-0.441349
1.34936
-1.33834
0.774005
-1.44479
0.465937
0.465959
-1.44467
0.774004
-1.33838
1.34932
0.125535
-6.7368
-1.33846
-2.21403
-1.43491
-1.43483
-2.21396
-1.3384
-6.73679
0.125498
5.05158
0.125497
1.34919
-0.441364
0.122302
0.122334
-0.441352
1.3493
0.125491
5.05156
3.31809
-0.75814
1.61216
-0.698304
0.0492642
0.0494169
-0.698265
1.61229
-0.758134
3.3181
-0.758141
-5.78235
-1.87008
-2.69764
-1.3
-1.29959
-2.69747
-1.86994
-5.78231
-0.75815
1.61212
-1.87013
0.320806
-1.79447
0.101528
0.101587
-1.79427
0.320841
-1.87012
1.61213
-0.698321
-2.69769
-1.79453
-1.82821
-0.588506
-0.588417
-1.82822
-1.79452
-2.69769
-0.69834
0.0492355
-1.30009
0.101507
-0.588526
0.546441
0.546451
-0.588514
0.101468
-1.30009
0.0492175
0.0494723
-1.29946
0.101601
-0.588388
0.54646
0.546472
-0.58839
0.101555
-1.29952
0.0494271
-0.698257
-2.69743
-1.79423
-1.82822
-0.588491
-0.588414
-1.82822
-1.79424
-2.69746
-0.698286
1.61232
-1.8699
0.320864
-1.79447
0.101487
0.101539
-1.7943
0.320886
-1.86992
1.6123
-0.758124
-5.78228
-1.87007
-2.69765
-1.30001
-1.29965
-2.69751
-1.86995
-5.78224
-0.758144
3.31812
-0.758144
1.61217
-0.698327
0.0492432
0.0493712
-0.698298
1.61227
-0.758148
3.31811
2.23654
-1.97431
0.68368
-1.29485
-0.273321
-0.273189
-1.29482
0.683724
-1.9743
2.23655
-1.97431
-4.68874
-1.6482
-3.12038
-1.2254
-1.22505
-3.12024
-1.64806
-4.68868
-1.97431
0.683669
-1.64826
-0.0444155
-1.69029
-0.156752
-0.156629
-1.69019
-0.044386
-1.64823
0.683672
-1.29487
-3.12043
-1.69032
-1.82699
-0.644608
-0.64459
-1.82697
-1.69034
-3.12043
-1.29489
-0.273341
-1.22549
-0.156788
-0.64461
0.283106
0.28311
-0.644605
-0.15682
-1.22547
-0.273363
-0.273136
-1.22495
-0.156598
-0.64458
0.283117
0.28312
-0.64458
-0.156647
-1.22498
-0.273183
-1.29482
-3.12022
-1.69016
-1.82695
-0.644591
-0.644577
-1.82694
-1.69019
-3.12024
-1.29485
0.683753
-1.64802
-0.0443617
-1.6903
-0.156782
-0.156676
-1.69022
-0.0443448
-1.64803
0.683735
-1.97429
-4.68865
-1.64817
-3.12039
-1.22539
-1.22508
-3.12027
-1.64806
-4.6886
-1.9743
2.23657
-1.9743
0.683686
-1.29488
-0.273344
-0.273234
-1.29485
0.68371
-1.9743
2.23656
0.70053
-3.75523
-0.987937
-2.04129
-0.703032
-0.702949
-2.04128
-0.988002
-3.75522
0.700519
-3.75523
-4.03733
-1.95635
-3.4578
-1.30888
-1.30872
-3.45774
-1.9563
-4.03731
-3.75524
-0.987917
-1.95637
-0.285656
-1.4827
-0.379206
-0.379086
-1.48272
-0.285656
-1.95638
-0.987935
-2.04131
-3.45782
-1.4827
-1.73039
-0.627756
-0.627781
-1.7304
-1.48274
-3.45783
-2.04133
-0.703043
-1.30891
-0.379234
-0.627739
0.120228
0.120221
-0.627733
-0.379252
-1.30893
-0.703081
-0.702914
-1.30866
-0.379052
-0.627778
0.120221
0.120213
-0.627777
-0.37909
-1.30871
-0.702968
-2.04128
-3.45772
-1.48272
-1.7304
-0.627736
-0.627765
-1.73042
-1.48276
-3.45774
-2.04131
-0.988006
-1.95629
-0.285643
-1.48272
-0.379221
-0.37912
-1.48274
-0.285652
-1.95631
-0.988026
-3.75522
-4.03728
-1.95635
-3.45781
-1.30889
-1.30876
-3.45776
-1.95632
-4.03727
-3.75524
0.700526
-3.75523
-0.987951
-2.04131
-0.70307
-0.703001
-2.04131
-0.988019
-3.75524
0.700503
-1.05174
-5.80959
-2.77337
-2.80585
-1.16398
-1.16396
-2.8058
-2.7735
-5.80959
-1.05177
-5.80959
-4.10521
-2.46482
-3.28445
-1.42464
-1.42465
-3.28447
-2.46488
-4.10521
-5.80961
-2.77335
-2.46481
-0.731532
-1.426
-0.553942
-0.553942
-1.42601
-0.731565
-2.46486
-2.77338
-2.80587
-3.28445
-1.426
-1.51198
-0.545422
-0.545403
-1.51202
-1.42603
-3.28448
-2.80589
-1.16398
-1.42465
-0.553947
-0.545423
0.0680586
0.0680568
-0.545416
-0.553978
-1.42471
-1.16403
-1.16395
-1.42466
-0.553948
-0.545394
0.0680577
0.0680545
-0.545397
-0.553984
-1.42473
-1.16401
-2.80579
-3.28448
-1.42602
-1.51203
-0.545408
-0.545398
-1.51206
-1.42605
-3.28451
-2.80581
-2.77353
-2.4649
-0.731566
-1.42601
-0.553969
-0.553973
-1.42603
-0.731607
-2.46495
-2.77356
-5.80959
-4.10521
-2.46486
-3.28448
-1.4247
-1.42471
-3.2845
-2.46492
-4.10521
-5.80962
-1.05178
-5.80961
-2.7734
-2.80586
-1.16403
-1.16401
-2.80582
-2.77352
-5.80962
-1.05183
-2.26424
-7.59694
-4.05875
-3.20607
-1.47384
-1.47385
-3.20594
-4.0588
-7.59692
-2.26428
-7.59695
-4.74389
-3.01165
-2.90399
-1.47284
-1.47287
-2.90404
-3.01174
-4.74389
-7.59697
-4.05875
-3.01165
-1.38279
-1.49822
-0.614535
-0.614561
-1.4982
-1.38281
-3.01172
-4.05877
-3.20611
-2.904
-1.49823
-1.22783
-0.376858
-0.376854
-1.22784
-1.49825
-2.90404
-3.2061
-1.47387
-1.47286
-0.614535
-0.376864
0.117672
0.117673
-0.376867
-0.614555
-1.47294
-1.47393
-1.47389
-1.4729
-0.614575
-0.376857
0.117674
0.117673
-0.376862
-0.614595
-1.47297
-1.47395
-3.20589
-2.90406
-1.49819
-1.22784
-0.376857
-0.376857
-1.22784
-1.49822
-2.9041
-3.20591
-4.05883
-3.01178
-1.38281
-1.49823
-0.61455
-0.614577
-1.49822
-1.38285
-3.01185
-4.05886
-7.59691
-4.74388
-3.01171
-2.90403
-1.47291
-1.47294
-2.90407
-3.0118
-4.74389
-7.59695
-2.26428
-7.59696
-4.05877
-3.20606
-1.4739
-1.47391
-3.20595
-4.05883
-7.59696
-2.26435
-2.18305
-8.87188
-5.06679
-3.14204
-1.46848
-1.46845
-3.14189
-5.06672
-8.87183
-2.1831
-8.87189
-6.06377
-3.89086
-2.57572
-1.35098
-1.35097
-2.57575
-3.89093
-6.06373
-8.87189
-5.06681
-3.89088
-1.93511
-1.40089
-0.519841
-0.519839
-1.40088
-1.93512
-3.89098
-5.06681
-3.14207
-2.57573
-1.40089
-0.864274
-0.118466
-0.118466
-0.864269
-1.40089
-2.57577
-3.14205
-1.46854
-1.35102
-0.519842
-0.118462
0.272904
0.272905
-0.118447
-0.51984
-1.35108
-1.46861
-1.4685
-1.351
-0.519838
-0.118461
0.272906
0.272906
-0.11845
-0.519839
-1.35106
-1.46858
-3.14184
-2.57577
-1.40087
-0.864263
-0.118445
-0.118449
-0.864257
-1.40087
-2.57581
-3.14184
-5.06671
-3.89098
-1.93512
-1.40088
-0.519836
-0.519837
-1.40088
-1.93515
-3.89107
-5.06674
-8.87181
-6.06372
-3.89095
-2.57575
-1.35104
-1.35103
-2.57578
-3.89101
-6.06369
-8.87182
-2.18311
-8.87188
-5.06679
-3.14201
-1.46855
-1.46852
-3.14189
-5.06675
-8.87184
-2.1832
-2.75822
-8.2611
-5.65123
-2.62277
-1.06356
-1.06383
-2.62265
-5.65116
-8.26107
-2.75822
-8.2611
-7.29352
-4.81666
-2.08185
-0.915562
-0.915532
-2.08185
-4.81661
-7.29342
-8.26107
-5.65124
-4.81667
-2.07857
-1.01706
-0.213275
-0.213275
-1.01705
-2.0786
-4.81668
-5.65122
-2.62281
-2.08185
-1.01706
-0.4102
0.233675
0.233679
-0.410191
-1.01705
-2.08186
-2.62279
-1.06352
-0.915584
-0.213271
0.233682
0.534887
0.534888
0.233703
-0.213265
-0.915589
-1.06365
-1.06395
-0.915539
-0.21327
0.233689
0.534889
0.534889
0.233708
-0.213263
-0.915548
-1.06404
-2.62261
-2.08186
-1.01704
-0.410185
0.233702
0.233703
-0.410177
-1.01703
-2.08186
-2.62262
-5.65114
-4.81661
-2.07861
-1.01704
-0.213268
-0.213267
-1.01704
-2.07865
-4.81664
-5.65114
-8.26105
-7.29339
-4.81666
-2.08185
-0.915563
-0.915535
-2.08185
-4.81663
-7.29329
-8.26102
-2.75821
-8.26106
-5.65121
-2.62275
-1.06368
-1.06392
-2.62265
-5.65115
-8.26103
-2.75822
-0.469351
-5.54263
-4.70327
-1.59716
-0.309295
-0.309312
-1.59717
-4.70324
-5.54267
-0.469337
-5.54263
-6.46312
-4.51506
-1.24467
-0.136745
-0.1367
-1.24464
-4.51496
-6.46307
-5.54258
-4.70327
-4.51506
-1.58338
-0.352376
0.291416
0.291424
-0.352363
-1.58339
-4.51498
-4.70323
-1.59717
-1.24467
-0.352377
0.174834
0.661671
0.661678
0.174853
-0.352366
-1.24463
-1.59716
-0.309286
-0.136752
0.29142
0.661679
0.870595
0.870598
0.661706
0.291438
-0.136716
-0.309273
-0.309313
-0.136682
0.291433
0.661692
0.870599
0.870603
0.661717
0.291453
-0.13665
-0.309295
-1.59717
-1.24462
-0.352357
0.174862
0.661702
0.661707
0.174879
-0.352343
-1.24459
-1.59715
-4.70322
-4.51492
-1.58339
-0.352363
0.291431
0.291442
-0.352347
-1.58339
-4.51485
-4.70318
-5.54265
-6.46305
-4.51498
-1.24462
-0.136706
-0.136663
-1.2446
-4.51488
-6.46295
-5.54258
-0.469328
-5.54257
-4.70323
-1.59715
-0.309282
-0.309293
-1.59715
-4.70319
-5.54259
-0.469285
)
;

boundaryField
{
    bottom
    {
        type            calculated;
        value           nonuniform List<scalar> 0();
    }
    atmosphere
    {
        type            calculated;
        value           nonuniform List<scalar> 0();
    }
    walls
    {
        type            calculated;
        value           nonuniform List<scalar> 
400
(
8.28749
0.685721
1.08393
-0.632665
-0.121009
-0.121114
-0.632692
1.08408
0.685717
8.28751
5.05156
0.125527
1.34915
-0.441352
0.122325
0.122391
-0.44132
1.34936
0.125535
5.05158
3.31809
-0.758141
1.61212
-0.698321
0.0492355
0.0494723
-0.698257
1.61232
-0.758124
3.31812
2.23654
-1.97431
0.683669
-1.29487
-0.273341
-0.273136
-1.29482
0.683753
-1.97429
2.23657
0.70053
-3.75523
-0.987917
-2.04131
-0.703043
-0.702914
-2.04128
-0.988006
-3.75522
0.700526
-1.05174
-5.80959
-2.77335
-2.80587
-1.16398
-1.16395
-2.80579
-2.77353
-5.80959
-1.05178
-2.26424
-7.59695
-4.05875
-3.20611
-1.47387
-1.47389
-3.20589
-4.05883
-7.59691
-2.26428
-2.18305
-8.87189
-5.06681
-3.14207
-1.46854
-1.4685
-3.14184
-5.06671
-8.87181
-2.18311
-2.75822
-8.2611
-5.65124
-2.62281
-1.06352
-1.06395
-2.62261
-5.65114
-8.26105
-2.75821
-0.469351
-5.54263
-4.70327
-1.59717
-0.309286
-0.309313
-1.59717
-4.70322
-5.54265
-0.469328
8.2875
0.685669
1.08391
-0.632702
-0.121047
-0.121144
-0.632725
1.08403
0.685663
8.28752
5.05156
0.125495
1.34914
-0.441376
0.122295
0.122352
-0.441349
1.34932
0.125498
5.05156
3.3181
-0.75815
1.61213
-0.69834
0.0492175
0.0494271
-0.698286
1.6123
-0.758144
3.31811
2.23655
-1.97431
0.683672
-1.29489
-0.273363
-0.273183
-1.29485
0.683735
-1.9743
2.23656
0.700519
-3.75524
-0.987935
-2.04133
-0.703081
-0.702968
-2.04131
-0.988026
-3.75524
0.700503
-1.05177
-5.80961
-2.77338
-2.80589
-1.16403
-1.16401
-2.80581
-2.77356
-5.80962
-1.05183
-2.26428
-7.59697
-4.05877
-3.2061
-1.47393
-1.47395
-3.20591
-4.05886
-7.59695
-2.26435
-2.1831
-8.87189
-5.06681
-3.14205
-1.46861
-1.46858
-3.14184
-5.06674
-8.87182
-2.1832
-2.75822
-8.26107
-5.65122
-2.62279
-1.06365
-1.06404
-2.62262
-5.65114
-8.26102
-2.75822
-0.469337
-5.54258
-4.70323
-1.59716
-0.309273
-0.309295
-1.59715
-4.70318
-5.54258
-0.469285
8.28749
5.05156
3.31809
2.23654
0.70053
-1.05174
-2.26424
-2.18305
-2.75822
-0.469351
0.685731
0.125536
-0.75814
-1.97431
-3.75523
-5.80959
-7.59694
-8.87188
-8.2611
-5.54263
1.08397
1.3492
1.61216
0.68368
-0.987937
-2.77337
-4.05875
-5.06679
-5.65123
-4.70327
-0.632652
-0.441332
-0.698304
-1.29485
-2.04129
-2.80585
-3.20607
-3.14204
-2.62277
-1.59716
-0.121009
0.122337
0.0492642
-0.273321
-0.703032
-1.16398
-1.47384
-1.46848
-1.06356
-0.309295
-0.121082
0.122377
0.0494169
-0.273189
-0.702949
-1.16396
-1.47385
-1.46845
-1.06383
-0.309312
-0.632675
-0.441316
-0.698265
-1.29482
-2.04128
-2.8058
-3.20594
-3.14189
-2.62265
-1.59717
1.08406
1.34933
1.61229
0.683724
-0.988002
-2.7735
-4.0588
-5.06672
-5.65116
-4.70324
0.685727
0.125536
-0.758134
-1.9743
-3.75522
-5.80959
-7.59692
-8.87183
-8.26107
-5.54267
8.2875
5.05156
3.3181
2.23655
0.700519
-1.05177
-2.26428
-2.1831
-2.75822
-0.469337
8.28751
5.05158
3.31812
2.23657
0.700526
-1.05178
-2.26428
-2.18311
-2.75821
-0.469328
0.685661
0.125497
-0.758144
-1.9743
-3.75523
-5.80961
-7.59696
-8.87188
-8.26106
-5.54257
1.08393
1.34919
1.61217
0.683686
-0.987951
-2.7734
-4.05877
-5.06679
-5.65121
-4.70323
-0.632701
-0.441364
-0.698327
-1.29488
-2.04131
-2.80586
-3.20606
-3.14201
-2.62275
-1.59715
-0.121055
0.122302
0.0492432
-0.273344
-0.70307
-1.16403
-1.4739
-1.46855
-1.06368
-0.309282
-0.121119
0.122334
0.0493712
-0.273234
-0.703001
-1.16401
-1.47391
-1.46852
-1.06392
-0.309293
-0.63272
-0.441352
-0.698298
-1.29485
-2.04131
-2.80582
-3.20595
-3.14189
-2.62265
-1.59715
1.084
1.3493
1.61227
0.68371
-0.988019
-2.77352
-4.05883
-5.06675
-5.65115
-4.70319
0.685656
0.125491
-0.758148
-1.9743
-3.75524
-5.80962
-7.59696
-8.87184
-8.26103
-5.54259
8.28752
5.05156
3.31811
2.23656
0.700503
-1.05183
-2.26435
-2.1832
-2.75822
-0.469285
)
;
    }
    procBoundary2to0
    {
        type            processor;
        value           nonuniform List<scalar> 
100
(
3.51416
-1.18604
-1.9519
-0.19554
0.557874
0.55815
-0.195518
-1.95186
-1.18612
3.51417
-1.18604
-2.18135
-1.95139
0.018514
0.797694
0.797734
0.0185375
-1.95135
-2.18132
-1.18599
-1.95191
-1.95139
-0.250902
0.510593
0.922285
0.922306
0.510613
-0.250894
-1.95135
-1.95186
-0.195541
0.0185164
0.510596
0.821318
1.12745
1.12746
0.821337
0.510622
0.0185431
-0.195516
0.557811
0.797702
0.922316
1.12746
1.25001
1.25002
1.12748
0.922403
0.797747
0.557913
0.558239
0.797763
0.922348
1.12747
1.25002
1.25002
1.12749
0.922433
0.797807
0.558304
-0.195506
0.018551
0.510625
0.821345
1.12748
1.12748
0.82136
0.510652
0.0185815
-0.195475
-1.95184
-1.95133
-0.250892
0.510622
0.92237
0.92239
0.510645
-0.250877
-1.95127
-1.95177
-1.18611
-2.18131
-1.95135
0.018547
0.797743
0.797783
0.018575
-1.95128
-2.18123
-1.18602
3.51418
-1.18598
-1.95184
-0.19551
0.557976
0.55822
-0.195482
-1.95178
-1.18603
3.51423
)
;
    }
    procBoundary2to3
    {
        type            processor;
        value           nonuniform List<scalar> 
100
(
14.8259
1.03652
1.368
-1.01393
-0.427417
-0.427569
-1.01399
1.36802
1.0365
14.8259
1.03651
-12.8791
0.285652
-7.11158
-4.48591
-4.48651
-7.11179
0.285511
-12.8792
1.03644
1.36798
0.285657
1.95834
-0.70272
1.47732
1.47727
-0.702981
1.95823
0.285551
1.36794
-1.01394
-7.11157
-0.702665
-2.2008
0.444613
0.444557
-2.20105
-0.702726
-7.11165
-1.01398
-0.427385
-4.48583
1.47735
0.444586
2.66711
2.66711
0.444499
1.47732
-4.48597
-0.427438
-0.427614
-4.4867
1.47727
0.444522
2.66711
2.66712
0.444442
1.47724
-4.48676
-0.427645
-1.01402
-7.11189
-0.703055
-2.20113
0.444488
0.44444
-2.20132
-0.703088
-7.11194
-1.01406
1.36802
0.285457
1.95819
-0.702788
1.47729
1.47724
-0.703025
1.95811
0.285367
1.36797
1.03648
-12.8793
0.285506
-7.11171
-4.48608
-4.4866
-7.11188
0.285381
-12.8794
1.03641
14.8259
1.03642
1.36794
-1.01399
-0.427479
-0.427611
-1.01404
1.36796
1.0364
14.826
)
;
    }
}


// ************************************************************************* //
