/*--------------------------------*- C++ -*----------------------------------*\
| =========                 |                                                 |
| \\      /  F ield         | OpenFOAM: The Open Source CFD Toolbox           |
|  \\    /   O peration     | Version:  2412                                  |
|   \\  /    A nd           | Website:  www.openfoam.com                      |
|    \\/     M anipulation  |                                                 |
\*---------------------------------------------------------------------------*/
FoamFile
{
    version     2.0;
    format      ascii;
    arch        "LSB;label=32;scalar=64";
    class       volScalarField;
    location    "0.84";
    object      p_rgh;
}
// * * * * * * * * * * * * * * * * * * * * * * * * * * * * * * * * * * * * * //

dimensions      [1 -1 -2 0 0 0 0];

internalField   nonuniform List<scalar> 
1000
(
219.311
20.1726
14.954
12.2232
11.0391
11.0392
12.2222
14.9539
20.1722
219.345
20.1726
12.1763
11.3074
11.312
11.1338
11.1339
11.3114
11.3073
12.1763
20.1722
14.954
11.3074
11.2724
12.7726
11.1567
11.1568
12.7728
11.2722
11.3073
14.954
12.2233
11.3121
12.7727
11.1214
10.9513
10.9513
11.1215
12.7727
11.3119
12.223
11.0391
11.1338
11.1567
10.9513
10.968
10.968
10.9513
11.1567
11.1339
11.0392
11.0392
11.1339
11.1568
10.9513
10.968
10.9679
10.9513
11.1568
11.1339
11.0393
12.222
11.3112
12.773
11.1215
10.9513
10.9513
11.1216
12.773
11.3111
12.2219
14.954
11.3072
11.2722
12.7726
11.1567
11.1568
12.7727
11.2722
11.3072
14.954
20.172
12.1763
11.3073
11.3118
11.1339
11.1339
11.3113
11.3073
12.1763
20.1718
219.354
20.1721
14.9539
12.2229
11.0392
11.0392
12.2221
14.9539
20.1719
219.362
232.518
21.046
14.7668
12.4579
11.1208
11.1211
12.4568
14.7668
21.0457
232.553
21.046
12.4098
11.5019
11.3001
11.2923
11.2923
11.3
11.5017
12.4096
21.046
14.7668
11.502
11.471
12.4426
11.0358
11.0359
12.4433
11.4709
11.5019
14.7667
12.4581
11.3001
12.4426
10.9202
11.0388
11.0388
10.9202
12.4428
11.3001
12.4576
11.1208
11.2923
11.0358
11.0388
10.9299
10.9299
11.0389
11.0358
11.2922
11.121
11.1212
11.2923
11.0359
11.0388
10.9299
10.9299
11.0389
11.0359
11.2923
11.1213
12.4565
11.2999
12.4436
10.9202
11.0389
11.0389
10.9202
12.4436
11.2999
12.4564
14.7667
11.5016
11.4708
12.4428
11.0358
11.0358
12.4433
11.4708
11.5016
14.7667
21.0456
12.4096
11.5019
11.3001
11.2922
11.2923
11.3
11.5017
12.4095
21.0456
232.563
21.0461
14.7668
12.4575
11.121
11.1212
12.4567
14.7667
21.0458
232.578
242.201
22.0893
16.1432
12.6869
11.2765
11.2769
12.6871
16.1428
22.0888
242.217
22.0893
13.6377
12.3491
11.2425
11.2517
11.2518
11.2428
12.3488
13.6374
22.0893
16.1433
12.3492
11.6804
11.4284
10.9964
10.9964
11.4287
11.6803
12.3491
16.1433
12.6868
11.2424
11.4284
10.8939
11.1284
11.1284
10.8939
11.4285
11.2425
12.6869
11.2765
11.2517
10.9964
11.1284
10.9917
10.9917
11.1283
10.9964
11.2518
11.2768
11.277
11.2519
10.9964
11.1284
10.9917
10.9917
11.1283
10.9964
11.252
11.2772
12.6872
11.2428
11.4289
10.8939
11.1283
11.1283
10.8939
11.4289
11.2429
12.6873
16.1427
12.3486
11.6803
11.4285
10.9964
10.9964
11.4288
11.6802
12.3486
16.1427
22.0886
13.6373
12.3492
11.2426
11.2518
11.2519
11.2428
12.3488
13.6371
22.0886
242.222
22.0894
16.1433
12.687
11.2768
11.2771
12.6872
16.143
22.089
242.234
255.184
23.8609
20.5916
12.5812
11.3029
11.3024
12.582
20.59
23.8607
255.157
23.8609
16.0274
13.693
11.1237
11.0519
11.0517
11.1239
13.6928
16.0271
23.8612
20.5919
13.693
14.6483
11.1202
10.979
10.979
11.1204
14.6487
13.693
20.5918
12.5811
11.1237
11.1202
11.0464
11.0899
11.0899
11.0463
11.1203
11.1237
12.5813
11.3029
11.0519
10.979
11.0899
10.9974
10.9974
11.0899
10.979
11.0515
11.3028
11.3023
11.0516
10.979
11.0899
10.9974
10.9974
11.0898
10.979
11.0512
11.3023
12.5822
11.1239
11.1205
11.0463
11.0898
11.0898
11.0463
11.1205
11.1239
12.5823
20.5894
13.6928
14.6489
11.1203
10.979
10.979
11.1204
14.6482
13.6928
20.5897
23.8605
16.027
13.693
11.1237
11.0516
11.0514
11.1239
13.6928
16.0267
23.8607
255.153
23.8613
20.592
12.5815
11.3028
11.3024
12.5821
20.5906
23.861
255.144
266.463
23.9
24.8651
11.8957
10.8896
10.8892
11.8957
24.8648
23.9
266.435
23.9
16.8079
14.4172
10.9255
10.729
10.7288
10.9254
14.4173
16.8082
23.9002
24.8652
14.4173
17.7274
10.9529
11.0075
11.0075
10.953
17.727
14.4172
24.8653
11.8956
10.9255
10.9528
11.0207
10.9406
10.9406
11.0206
10.9529
10.9254
11.8956
10.8896
10.729
11.0074
10.9405
10.7357
10.7357
10.9405
11.0074
10.7288
10.8894
10.889
10.7288
11.0075
10.9406
10.7357
10.7357
10.9405
11.0075
10.7286
10.8889
11.8957
10.9253
10.9531
11.0206
10.9405
10.9405
11.0206
10.9531
10.9253
11.8957
24.8646
14.4173
17.7267
10.9529
11.0074
11.0075
10.953
17.7264
14.4172
24.8647
23.8999
16.8083
14.4171
10.9254
10.7288
10.7287
10.9253
14.4171
16.8084
23.9
266.43
23.9003
24.8654
11.8956
10.8894
10.889
11.8957
24.8651
23.9002
266.421
144.781
22.3882
25.2092
11.3385
10.7726
10.7726
11.3381
25.2089
22.3883
144.767
22.3882
15.0465
14.0592
10.7399
10.6641
10.6641
10.7398
14.0594
15.0468
22.3883
25.2093
14.0591
17.8451
10.8112
11.0367
11.0367
10.8112
17.8446
14.0591
25.2094
11.3385
10.7399
10.8112
10.9564
10.6632
10.6632
10.9564
10.8112
10.7398
11.3383
10.7726
10.6641
11.0367
10.6632
10.625
10.625
10.6632
11.0367
10.6641
10.7726
10.7726
10.6641
11.0367
10.6632
10.625
10.625
10.6632
11.0367
10.6641
10.7727
11.3379
10.7398
10.8113
10.9564
10.6632
10.6632
10.9563
10.8113
10.7397
11.3379
25.2087
14.0595
17.8443
10.8112
11.0367
11.0367
10.8112
17.844
14.0595
25.2088
22.3883
15.047
14.059
10.7398
10.6641
10.6641
10.7398
14.0592
15.0472
22.3884
144.76
22.3884
25.2095
11.3383
10.7726
10.7726
11.338
25.2091
22.3884
144.745
309.19
20.2295
23.5258
11.0855
10.7067
10.7068
11.0854
23.5272
20.2298
309.196
20.2294
13.4218
12.9394
10.6514
10.6336
10.6338
10.6514
12.9398
13.422
20.2295
23.5258
12.9394
15.5204
10.7841
10.9041
10.9041
10.7841
15.52
12.9394
23.5255
11.0855
10.6514
10.7841
10.6703
10.5398
10.5398
10.6703
10.784
10.6515
11.0855
10.7067
10.6337
10.9041
10.5398
10.571
10.571
10.5398
10.9042
10.6341
10.7068
10.7068
10.6339
10.9041
10.5398
10.571
10.571
10.5398
10.9042
10.6343
10.7068
11.0854
10.6514
10.7841
10.6703
10.5398
10.5398
10.6703
10.7841
10.6514
11.0854
23.5282
12.9401
15.5197
10.784
10.9042
10.9042
10.784
15.5196
12.94
23.5279
20.2299
13.4221
12.9393
10.6514
10.634
10.6341
10.6514
12.9397
13.4224
20.23
309.197
20.2294
23.525
11.0855
10.7067
10.7068
11.0854
23.5265
20.2297
309.197
370.907
18.9466
17.6624
11.1185
10.649
10.649
11.1187
17.6634
18.947
370.914
18.9465
12.3524
11.9377
10.6573
10.5384
10.5385
10.6573
11.9381
12.3526
18.9466
17.6623
11.9377
12.4525
10.6251
10.6403
10.6404
10.625
12.4523
11.9378
17.6622
11.1184
10.6573
10.6251
10.4586
10.4643
10.4643
10.4586
10.6251
10.6574
11.1186
10.649
10.5385
10.6404
10.4643
10.5219
10.5219
10.4643
10.6404
10.5387
10.649
10.649
10.5386
10.6404
10.4643
10.5219
10.5219
10.4643
10.6404
10.5389
10.649
11.1188
10.6573
10.625
10.4586
10.4643
10.4643
10.4586
10.625
10.6574
11.1189
17.664
11.9383
12.4522
10.625
10.6404
10.6404
10.625
12.4522
11.9383
17.6638
18.9472
12.3527
11.9377
10.6573
10.5387
10.5388
10.6573
11.938
12.3528
18.9472
370.916
18.9465
17.6618
11.1186
10.649
10.649
11.1188
17.6628
18.9469
370.919
383.241
17.4555
14.6853
11.2827
10.5881
10.5881
11.2833
14.6858
17.4559
383.266
17.4555
11.6295
11.3423
10.6687
10.4283
10.4283
10.6687
11.3425
11.6296
17.4555
14.6853
11.3423
11.2514
10.4584
10.54
10.54
10.4584
11.2513
11.3424
14.6852
11.2826
10.6687
10.4584
10.3645
10.4273
10.4273
10.3645
10.4584
10.6687
11.2829
10.588
10.4283
10.54
10.4274
10.4717
10.4717
10.4274
10.5399
10.4283
10.588
10.5881
10.4283
10.54
10.4273
10.4717
10.4717
10.4274
10.54
10.4283
10.5881
11.2836
10.6686
10.4584
10.3645
10.4274
10.4273
10.3645
10.4583
10.6687
11.2837
14.686
11.3425
11.2513
10.4583
10.5399
10.54
10.4583
11.2513
11.3426
14.6859
17.4561
11.6296
11.3423
10.6687
10.4283
10.4283
10.6687
11.3425
11.6297
17.4561
383.272
17.4555
14.6851
11.2829
10.588
10.5881
11.2834
14.6855
17.4559
383.29
318.629
16.1723
13.3384
11.3919
10.5252
10.5253
11.3928
13.3385
16.1726
318.618
16.1723
11.0921
10.9463
10.5007
10.362
10.362
10.5007
10.9463
11.0921
16.1724
13.3384
10.9463
10.8354
10.3814
10.4784
10.4784
10.3814
10.8354
10.9463
13.3383
11.3918
10.5006
10.3814
10.3294
10.4511
10.4511
10.3294
10.3814
10.5005
11.3919
10.5252
10.362
10.4784
10.4511
10.4234
10.4234
10.4511
10.4784
10.362
10.5252
10.5253
10.362
10.4784
10.4511
10.4234
10.4234
10.4511
10.4784
10.362
10.5253
11.3932
10.5006
10.3814
10.3294
10.4511
10.4511
10.3294
10.3814
10.5005
11.3932
13.3385
10.9463
10.8354
10.3814
10.4784
10.4784
10.3814
10.8354
10.9463
13.3385
16.1727
11.0921
10.9463
10.5006
10.362
10.362
10.5006
10.9463
11.0921
16.1727
318.615
16.1724
13.3383
11.3921
10.5252
10.5252
11.3928
13.3385
16.1726
318.606
)
;

boundaryField
{
    bottom
    {
        type            fixedFluxPressure;
        gradient        nonuniform List<scalar> 0();
        value           nonuniform List<scalar> 0();
    }
    atmosphere
    {
        type            prghTotalPressure;
        p0              nonuniform List<scalar> 0();
        value           nonuniform List<scalar> 0();
    }
    walls
    {
        type            fixedFluxPressure;
        gradient        uniform 0;
        value           nonuniform List<scalar> 
400
(
219.311
20.1726
14.954
12.2233
11.0391
11.0392
12.222
14.954
20.172
219.354
232.518
21.046
14.7668
12.4581
11.1208
11.1212
12.4565
14.7667
21.0456
232.563
242.201
22.0893
16.1433
12.6868
11.2765
11.277
12.6872
16.1427
22.0886
242.222
255.184
23.8609
20.5919
12.5811
11.3029
11.3023
12.5822
20.5894
23.8605
255.153
266.463
23.9
24.8652
11.8956
10.8896
10.889
11.8957
24.8646
23.8999
266.43
144.781
22.3882
25.2093
11.3385
10.7726
10.7726
11.3379
25.2087
22.3883
144.76
309.19
20.2294
23.5258
11.0855
10.7067
10.7068
11.0854
23.5282
20.2299
309.197
370.907
18.9465
17.6623
11.1184
10.649
10.649
11.1188
17.664
18.9472
370.916
383.241
17.4555
14.6853
11.2826
10.588
10.5881
11.2836
14.686
17.4561
383.272
318.629
16.1723
13.3384
11.3918
10.5252
10.5253
11.3932
13.3385
16.1727
318.615
219.345
20.1722
14.954
12.223
11.0392
11.0393
12.2219
14.954
20.1718
219.362
232.553
21.046
14.7667
12.4576
11.121
11.1213
12.4564
14.7667
21.0456
232.578
242.217
22.0893
16.1433
12.6869
11.2768
11.2772
12.6873
16.1427
22.0886
242.234
255.157
23.8612
20.5918
12.5813
11.3028
11.3023
12.5823
20.5897
23.8607
255.144
266.435
23.9002
24.8653
11.8956
10.8894
10.8889
11.8957
24.8647
23.9
266.421
144.767
22.3883
25.2094
11.3383
10.7726
10.7727
11.3379
25.2088
22.3884
144.745
309.196
20.2295
23.5255
11.0855
10.7068
10.7068
11.0854
23.5279
20.23
309.197
370.914
18.9466
17.6622
11.1186
10.649
10.649
11.1189
17.6638
18.9472
370.919
383.266
17.4555
14.6852
11.2829
10.588
10.5881
11.2837
14.6859
17.4561
383.29
318.618
16.1724
13.3383
11.3919
10.5252
10.5253
11.3932
13.3385
16.1727
318.606
219.311
232.518
242.201
255.184
266.463
144.781
309.19
370.907
383.241
318.629
20.1726
21.046
22.0893
23.8609
23.9
22.3882
20.2295
18.9466
17.4555
16.1723
14.954
14.7668
16.1432
20.5916
24.8651
25.2092
23.5258
17.6624
14.6853
13.3384
12.2232
12.4579
12.6869
12.5812
11.8957
11.3385
11.0855
11.1185
11.2827
11.3919
11.0391
11.1208
11.2765
11.3029
10.8896
10.7726
10.7067
10.649
10.5881
10.5252
11.0392
11.1211
11.2769
11.3024
10.8892
10.7726
10.7068
10.649
10.5881
10.5253
12.2222
12.4568
12.6871
12.582
11.8957
11.3381
11.0854
11.1187
11.2833
11.3928
14.9539
14.7668
16.1428
20.59
24.8648
25.2089
23.5272
17.6634
14.6858
13.3385
20.1722
21.0457
22.0888
23.8607
23.9
22.3883
20.2298
18.947
17.4559
16.1726
219.345
232.553
242.217
255.157
266.435
144.767
309.196
370.914
383.266
318.618
219.354
232.563
242.222
255.153
266.43
144.76
309.197
370.916
383.272
318.615
20.1721
21.0461
22.0894
23.8613
23.9003
22.3884
20.2294
18.9465
17.4555
16.1724
14.9539
14.7668
16.1433
20.592
24.8654
25.2095
23.525
17.6618
14.6851
13.3383
12.2229
12.4575
12.687
12.5815
11.8956
11.3383
11.0855
11.1186
11.2829
11.3921
11.0392
11.121
11.2768
11.3028
10.8894
10.7726
10.7067
10.649
10.588
10.5252
11.0392
11.1212
11.2771
11.3024
10.889
10.7726
10.7068
10.649
10.5881
10.5252
12.2221
12.4567
12.6872
12.5821
11.8957
11.338
11.0854
11.1188
11.2834
11.3928
14.9539
14.7667
16.143
20.5906
24.8651
25.2091
23.5265
17.6628
14.6855
13.3385
20.1719
21.0458
22.089
23.861
23.9002
22.3884
20.2297
18.9469
17.4559
16.1726
219.362
232.578
242.234
255.144
266.421
144.745
309.197
370.919
383.29
318.606
)
;
    }
    procBoundary0to1
    {
        type            processor;
        value           nonuniform List<scalar> 
100
(
498.063
15.2507
12.803
11.131
10.4647
10.4647
11.1309
12.803
15.2509
498.06
15.2507
10.7452
10.6793
10.3561
10.3063
10.3063
10.3561
10.6793
10.7452
15.2508
12.803
10.6793
10.7599
10.367
10.4406
10.4406
10.367
10.7599
10.6793
12.803
11.131
10.3561
10.367
10.3746
10.4491
10.4491
10.3746
10.3671
10.356
11.1309
10.4647
10.3063
10.4406
10.4491
10.3645
10.3645
10.4491
10.4406
10.3063
10.4647
10.4647
10.3063
10.4406
10.4491
10.3645
10.3645
10.4491
10.4406
10.3063
10.4647
11.1308
10.3561
10.367
10.3746
10.4491
10.4491
10.3746
10.367
10.3561
11.1307
12.803
10.6793
10.7599
10.3671
10.4406
10.4406
10.3671
10.7599
10.6792
12.803
15.251
10.7452
10.6793
10.3561
10.3063
10.3063
10.3561
10.6793
10.7451
15.251
498.06
15.2508
12.8031
11.1309
10.4647
10.4647
11.1309
12.8031
15.251
498.057
)
;
    }
    procBoundary0to2
    {
        type            processor;
        value           nonuniform List<scalar> 
100
(
124.728
20.4881
16.8448
11.9265
11.0365
11.0366
11.9278
16.8445
20.4886
124.69
20.488
12.4119
11.4893
11.3608
11.1024
11.1024
11.3606
11.4894
12.4119
20.4883
16.845
11.4892
11.6467
12.695
11.2446
11.2447
12.6951
11.6467
11.4892
16.8455
11.9263
11.3609
12.695
11.6887
10.998
10.998
11.6888
12.6951
11.3608
11.9269
11.0365
11.1024
11.2446
10.998
11.0475
11.0475
10.998
11.2447
11.1024
11.0365
11.0366
11.1024
11.2447
10.998
11.0475
11.0475
10.998
11.2447
11.1025
11.0366
11.9282
11.3605
12.6953
11.6888
10.998
10.998
11.6887
12.6953
11.3605
11.9285
16.8446
11.4894
11.6467
12.695
11.2446
11.2447
12.6951
11.6471
11.4894
16.8448
20.4886
12.4119
11.4893
11.3608
11.1024
11.1024
11.3606
11.4894
12.4119
20.4887
124.679
20.4885
16.8453
11.9271
11.0365
11.0366
11.9281
16.8449
20.4887
124.665
)
;
    }
}


// ************************************************************************* //
