/*--------------------------------*- C++ -*----------------------------------*\
| =========                 |                                                 |
| \\      /  F ield         | OpenFOAM: The Open Source CFD Toolbox           |
|  \\    /   O peration     | Version:  2412                                  |
|   \\  /    A nd           | Website:  www.openfoam.com                      |
|    \\/     M anipulation  |                                                 |
\*---------------------------------------------------------------------------*/
FoamFile
{
    version     2.0;
    format      ascii;
    arch        "LSB;label=32;scalar=64";
    class       volVectorField;
    location    "0.84";
    object      U;
}
// * * * * * * * * * * * * * * * * * * * * * * * * * * * * * * * * * * * * * //

dimensions      [0 1 -1 0 0 0 0];

internalField   nonuniform List<vector> 
1000
(
(-0.825507 -0.825507 0.1554)
(0.612952 -0.563164 0.464795)
(0.0848764 -0.147271 0.567908)
(0.334025 0.226341 -0.0372485)
(-0.325599 0.159174 -0.695616)
(0.325625 0.159191 -0.695594)
(-0.333989 0.226203 -0.0372042)
(-0.0849237 -0.147264 0.567906)
(-0.612885 -0.563162 0.464804)
(0.825506 -0.825508 0.155406)
(-0.563159 0.61295 0.464797)
(-0.371902 -0.371914 0.723186)
(-0.624808 0.228226 0.326911)
(-0.0517259 0.185132 -0.466927)
(-0.199655 -0.168766 -0.674508)
(0.199651 -0.168761 -0.674502)
(0.0517422 0.185093 -0.466926)
(0.624784 0.228194 0.326971)
(0.371906 -0.371928 0.723196)
(0.56316 0.612889 0.464804)
(-0.147285 0.0848604 0.567911)
(0.228232 -0.624815 0.32692)
(-0.419104 -0.419083 1.92828)
(0.39579 -0.238027 0.671945)
(-0.0952479 -0.0381225 -0.432241)
(0.0952192 -0.0381245 -0.432175)
(-0.395765 -0.238063 0.671981)
(0.419129 -0.419083 1.92828)
(-0.228242 -0.624813 0.326919)
(0.147316 0.084888 0.56791)
(0.226361 0.334034 -0.0372477)
(0.185139 -0.0517155 -0.466924)
(-0.238022 0.395785 0.671959)
(0.000266026 0.000254245 -0.124355)
(-0.0804379 0.147138 -0.673514)
(0.080446 0.147138 -0.673526)
(-0.000258452 0.000261434 -0.124284)
(0.238056 0.39577 0.671974)
(-0.185144 -0.0517283 -0.466935)
(-0.226304 0.334017 -0.0372278)
(0.159178 -0.32559 -0.695623)
(-0.168765 -0.199659 -0.674506)
(-0.0381156 -0.0952466 -0.432243)
(0.147143 -0.0804346 -0.673514)
(-0.100724 -0.100724 -0.762242)
(0.10073 -0.100731 -0.762243)
(-0.147139 -0.0804272 -0.673528)
(0.0381203 -0.0952359 -0.432223)
(0.168762 -0.199658 -0.674508)
(-0.159192 -0.325598 -0.695643)
(0.159203 0.325623 -0.695589)
(-0.168757 0.199654 -0.6745)
(-0.0381208 0.0952104 -0.432153)
(0.14714 0.0804449 -0.673529)
(-0.100734 0.100731 -0.762245)
(0.100739 0.100738 -0.762248)
(-0.147136 0.0804417 -0.673535)
(0.0381224 0.0952155 -0.432156)
(0.168752 0.199657 -0.674504)
(-0.159212 0.325627 -0.695618)
(0.226166 -0.333987 -0.0371859)
(0.185091 0.0517477 -0.466929)
(-0.238064 -0.395748 0.671997)
(0.00027186 -0.000241718 -0.12426)
(-0.0804292 -0.147135 -0.67353)
(0.0804409 -0.147134 -0.673535)
(-0.000256261 -0.000239219 -0.124234)
(0.238081 -0.395727 0.671993)
(-0.185114 0.0517494 -0.466938)
(-0.226143 -0.333983 -0.0371671)
(-0.147269 -0.0849388 0.567902)
(0.228185 0.624782 0.326994)
(-0.419087 0.419128 1.92827)
(0.395767 0.238067 0.671988)
(-0.0952368 0.0381248 -0.432212)
(0.0952241 0.0381255 -0.43217)
(-0.395736 0.238084 0.671996)
(0.41912 0.419132 1.92826)
(-0.228218 0.624785 0.326995)
(0.147299 -0.0849516 0.567906)
(-0.563162 -0.612865 0.464805)
(-0.371936 0.371902 0.723197)
(-0.624807 -0.228254 0.326909)
(-0.0517363 -0.185145 -0.466938)
(-0.199656 0.168762 -0.674511)
(0.199655 0.168754 -0.674508)
(0.0517507 -0.18512 -0.46694)
(0.624788 -0.228244 0.326962)
(0.371936 0.371915 0.723208)
(0.563166 -0.612839 0.464807)
(-0.825509 0.825505 0.155408)
(0.612873 0.563162 0.464806)
(0.0849005 0.147317 0.567912)
(0.334005 -0.226285 -0.0372208)
(-0.325608 -0.15919 -0.695639)
(0.325634 -0.159204 -0.695623)
(-0.333977 -0.226174 -0.037181)
(-0.0849354 0.147308 0.567914)
(-0.612842 0.563165 0.464808)
(0.825507 0.825507 0.155406)
(-0.840329 -0.840329 0.196846)
(0.7415 -0.662268 0.475459)
(0.304478 -0.201843 0.620521)
(0.33903 0.286631 -0.011015)
(-0.245532 0.164036 -0.674442)
(0.245478 0.164048 -0.674429)
(-0.339049 0.28661 -0.0109614)
(-0.304514 -0.201853 0.620513)
(-0.741485 -0.662275 0.475463)
(0.840334 -0.840336 0.196853)
(-0.662263 0.741498 0.475459)
(-0.398268 -0.398281 0.705853)
(-0.628652 0.215247 0.310752)
(-0.0474742 0.22059 -0.46487)
(-0.19551 -0.176452 -0.686158)
(0.195502 -0.176454 -0.686151)
(0.0474479 0.220697 -0.464874)
(0.62866 0.215236 0.310804)
(0.398262 -0.398302 0.705866)
(0.662265 0.741493 0.475458)
(-0.201844 0.304466 0.620523)
(0.215247 -0.628656 0.310758)
(-0.389226 -0.389214 1.80836)
(0.430025 -0.216435 0.655009)
(-0.0897316 -0.0404771 -0.43638)
(0.0897026 -0.0404763 -0.436325)
(-0.430012 -0.216499 0.655029)
(0.389255 -0.389206 1.80837)
(-0.215262 -0.628659 0.310753)
(0.201868 0.304482 0.620515)
(0.286636 0.33903 -0.0110198)
(0.220578 -0.0474708 -0.464866)
(-0.216433 0.430022 0.655025)
(0.0379689 0.0379658 -0.215056)
(-0.0896103 0.16027 -0.672203)
(0.0896217 0.160271 -0.672211)
(-0.0379648 0.0379886 -0.215015)
(0.216485 0.430023 0.655048)
(-0.220639 -0.047465 -0.464873)
(-0.286632 0.339033 -0.0110041)
(0.16404 -0.245536 -0.674446)
(-0.176449 -0.195513 -0.686155)
(-0.0404725 -0.0897331 -0.436381)
(0.160274 -0.0896081 -0.672204)
(-0.0976656 -0.097666 -0.737824)
(0.0976698 -0.0976713 -0.737826)
(-0.160273 -0.0896096 -0.67221)
(0.0404762 -0.089725 -0.436361)
(0.17645 -0.195511 -0.686154)
(-0.164048 -0.245512 -0.674468)
(0.164059 0.245453 -0.674427)
(-0.176453 0.195505 -0.686147)
(-0.0404738 0.0896936 -0.436307)
(0.160273 0.0896218 -0.672213)
(-0.0976727 0.0976699 -0.737828)
(0.0976771 0.0976751 -0.737832)
(-0.160271 0.0896244 -0.672216)
(0.0404756 0.0897002 -0.436306)
(0.17645 0.195507 -0.686148)
(-0.164064 0.245447 -0.674453)
(0.286611 -0.33906 -0.0109454)
(0.220736 0.0474373 -0.464877)
(-0.216516 -0.429997 0.65504)
(0.0380013 -0.037959 -0.214998)
(-0.0896137 -0.160271 -0.672209)
(0.0896259 -0.160271 -0.672213)
(-0.0379859 -0.037971 -0.214985)
(0.21654 -0.42999 0.655052)
(-0.220772 0.0474318 -0.464882)
(-0.286611 -0.339059 -0.0109344)
(-0.201857 -0.304524 0.620508)
(0.215228 0.62867 0.310826)
(-0.389203 0.389261 1.80837)
(0.430029 0.216499 0.655068)
(-0.0897226 0.0404785 -0.436351)
(0.0897082 0.0404773 -0.436317)
(-0.430007 0.216534 0.655065)
(0.389235 0.389254 1.80838)
(-0.215257 0.628669 0.310823)
(0.201878 -0.304529 0.620504)
(-0.662275 -0.741478 0.475463)
(-0.398313 0.398254 0.705867)
(-0.628652 -0.21528 0.310741)
(-0.0474676 -0.220657 -0.464876)
(-0.195507 0.176452 -0.686158)
(0.195505 0.176452 -0.686154)
(0.0474463 -0.220744 -0.464882)
(0.628656 -0.215283 0.310789)
(0.398304 0.398275 0.705878)
(0.662278 -0.741475 0.475461)
(-0.840339 0.840335 0.196855)
(0.741496 0.662268 0.475456)
(0.304493 0.201874 0.620513)
(0.339032 -0.286627 -0.0109951)
(-0.245509 -0.164046 -0.674468)
(0.245471 -0.164055 -0.674458)
(-0.339044 -0.286611 -0.0109488)
(-0.304519 0.201882 0.620511)
(-0.741484 0.662276 0.475458)
(0.840341 0.84034 0.19686)
(-0.848553 -0.848553 0.235296)
(0.721582 -0.665267 0.46519)
(0.32488 -0.196076 0.706227)
(0.299498 0.364639 0.0114471)
(-0.200995 0.161145 -0.65016)
(0.200951 0.161148 -0.650157)
(-0.299532 0.364689 0.0114385)
(-0.324917 -0.196104 0.706216)
(-0.721584 -0.665282 0.465195)
(0.848557 -0.848559 0.235307)
(-0.665262 0.72158 0.46519)
(-0.396044 -0.396053 0.660124)
(-0.613166 0.196725 0.274301)
(-0.0200732 0.211149 -0.449601)
(-0.191869 -0.18284 -0.688953)
(0.191861 -0.182847 -0.688939)
(0.0200349 0.211244 -0.449578)
(0.613188 0.19672 0.274335)
(0.396037 -0.396071 0.660137)
(0.665267 0.721594 0.465184)
(-0.196068 0.324868 0.70623)
(0.196718 -0.613168 0.274306)
(-0.380349 -0.380351 1.66512)
(0.433294 -0.156763 0.636628)
(-0.0842642 -0.04172 -0.444279)
(0.0842596 -0.0417151 -0.444232)
(-0.433286 -0.156816 0.636667)
(0.380364 -0.38034 1.66512)
(-0.196732 -0.613168 0.274296)
(0.196085 0.324876 0.706224)
(0.364635 0.299495 0.0114488)
(0.211139 -0.0200721 -0.449598)
(-0.156758 0.433293 0.63664)
(0.0602086 0.0602045 -0.268522)
(-0.0873813 0.168041 -0.665005)
(0.087396 0.168044 -0.665008)
(-0.0601907 0.0601927 -0.268506)
(0.156789 0.433308 0.636686)
(-0.211185 -0.0200573 -0.449587)
(-0.364663 0.299503 0.0114373)
(0.161147 -0.201002 -0.65016)
(-0.182837 -0.191873 -0.688951)
(-0.0417165 -0.0842642 -0.444279)
(0.168045 -0.0873801 -0.665005)
(-0.093851 -0.0938516 -0.704977)
(0.0938542 -0.0938551 -0.704979)
(-0.168047 -0.0873862 -0.665011)
(0.0417145 -0.0842665 -0.44426)
(0.182843 -0.191872 -0.688946)
(-0.161146 -0.200986 -0.65018)
(0.161154 0.200932 -0.650156)
(-0.182848 0.191864 -0.688931)
(-0.041712 0.0842576 -0.444217)
(0.168046 0.0873969 -0.66501)
(-0.0938557 0.0938538 -0.70498)
(0.0938593 0.0938575 -0.704984)
(-0.168046 0.0874008 -0.665014)
(0.0417101 0.0842659 -0.444214)
(0.18285 0.191866 -0.688929)
(-0.161151 0.200931 -0.650177)
(0.364712 -0.299545 0.0114303)
(0.211275 0.0200201 -0.449573)
(-0.156831 -0.433273 0.636685)
(0.0601928 -0.0601863 -0.268496)
(-0.0873916 -0.168047 -0.66501)
(0.0874034 -0.168048 -0.665012)
(-0.0601761 -0.0601739 -0.268494)
(0.15684 -0.43328 0.636714)
(-0.2113 0.0200095 -0.44957)
(-0.364724 -0.299546 0.0114303)
(-0.19611 -0.324926 0.706212)
(0.196705 0.613202 0.27435)
(-0.380337 0.380366 1.66513)
(0.433322 0.1568 0.636713)
(-0.0842677 0.0417142 -0.444249)
(0.0842705 0.0417107 -0.444221)
(-0.433305 0.15683 0.636727)
(0.380353 0.380359 1.66515)
(-0.196725 0.613197 0.274345)
(0.196122 -0.324928 0.706206)
(-0.665285 -0.72158 0.465197)
(-0.396082 0.396028 0.660139)
(-0.613161 -0.196753 0.274283)
(-0.0200566 -0.211201 -0.449583)
(-0.191868 0.182847 -0.68895)
(0.191865 0.182852 -0.68894)
(0.0200255 -0.211277 -0.449572)
(0.613177 -0.196757 0.274317)
(0.396073 0.396047 0.660148)
(0.665288 -0.72159 0.465191)
(-0.848561 0.848557 0.23531)
(0.721603 0.66527 0.465177)
(0.324885 0.196093 0.706219)
(0.299505 -0.364668 0.0114396)
(-0.20098 -0.161145 -0.650184)
(0.200949 -0.161146 -0.650182)
(-0.299529 -0.364707 0.0114362)
(-0.324916 0.196118 0.70621)
(-0.721602 0.665284 0.465182)
(0.848563 0.848562 0.235315)
(-0.864763 -0.864762 0.300654)
(0.691004 -0.613719 0.464959)
(0.134998 -0.082986 0.789171)
(0.275694 0.397663 -0.0123326)
(-0.178776 0.153932 -0.621294)
(0.178755 0.153932 -0.621286)
(-0.27572 0.397613 -0.0123479)
(-0.135056 -0.0830285 0.789167)
(-0.691015 -0.613741 0.464961)
(0.864761 -0.864763 0.300658)
(-0.613711 0.691002 0.464959)
(-0.375067 -0.375072 0.621355)
(-0.598599 0.189922 0.25954)
(0.0250902 0.162316 -0.432968)
(-0.187391 -0.186682 -0.680524)
(0.187386 -0.186691 -0.680506)
(-0.0251034 0.162342 -0.432951)
(0.598607 0.189911 0.259556)
(0.375062 -0.375089 0.621362)
(0.613717 0.691028 0.46495)
(-0.0829741 0.134983 0.789174)
(0.189912 -0.598602 0.259544)
(-0.38105 -0.381057 1.5187)
(0.421803 -0.108561 0.612188)
(-0.074178 -0.0404556 -0.457071)
(0.0741721 -0.040451 -0.457029)
(-0.421803 -0.108582 0.612257)
(0.381044 -0.381054 1.5187)
(-0.189921 -0.598599 0.259524)
(0.0829835 0.13499 0.789172)
(0.397673 0.275694 -0.0123327)
(0.162316 0.0250946 -0.432965)
(-0.108554 0.421803 0.612194)
(0.079446 0.0794418 -0.292829)
(-0.0785249 0.171503 -0.652032)
(0.0785303 0.171507 -0.652036)
(-0.0794344 0.0794267 -0.292823)
(0.108556 0.421829 0.612262)
(-0.162327 0.0251029 -0.432953)
(-0.397655 0.275704 -0.0123533)
(0.153933 -0.178782 -0.621292)
(-0.18668 -0.187396 -0.680522)
(-0.0404515 -0.0741793 -0.457071)
(0.171506 -0.0785255 -0.652033)
(-0.0910217 -0.0910228 -0.668999)
(0.0910218 -0.0910248 -0.669)
(-0.171512 -0.0785297 -0.652043)
(0.0404446 -0.0741824 -0.457052)
(0.18669 -0.1874 -0.680517)
(-0.153926 -0.178776 -0.621306)
(0.153934 0.178748 -0.621282)
(-0.186693 0.18739 -0.680496)
(-0.0404471 0.0741679 -0.457018)
(0.171509 0.0785299 -0.652038)
(-0.0910243 0.0910207 -0.669002)
(0.0910249 0.091023 -0.669005)
(-0.171512 0.0785333 -0.652046)
(0.0404401 0.0741749 -0.457014)
(0.186699 0.187395 -0.680494)
(-0.153927 0.178748 -0.621299)
(0.397601 -0.275731 -0.0123611)
(0.162347 -0.0251099 -0.432948)
(-0.108588 -0.421793 0.612284)
(0.0794261 -0.0794322 -0.292816)
(-0.0785318 -0.171514 -0.652043)
(0.0785361 -0.171515 -0.652046)
(-0.0794173 -0.0794176 -0.292817)
(0.108582 -0.421813 0.612326)
(-0.162358 -0.0251191 -0.432944)
(-0.397598 -0.275735 -0.0123666)
(-0.0830416 -0.135068 0.789168)
(0.18989 0.598616 0.259567)
(-0.38106 0.381032 1.5187)
(0.421848 0.108559 0.612296)
(-0.0741846 0.0404445 -0.457039)
(0.074184 0.0404415 -0.457014)
(-0.421842 0.108573 0.612335)
(0.381054 0.381034 1.51874)
(-0.189898 0.598611 0.259552)
(0.0830437 -0.135069 0.789164)
(-0.613744 -0.691013 0.464964)
(-0.375097 0.375058 0.621362)
(-0.598594 -0.18994 0.259506)
(0.0251026 -0.162334 -0.43295)
(-0.187395 0.186694 -0.680521)
(0.187394 0.186701 -0.680508)
(-0.0251126 -0.162356 -0.432944)
(0.598599 -0.189933 0.259524)
(0.37509 0.375074 0.621365)
(0.613747 -0.691029 0.464956)
(-0.864764 0.864761 0.300659)
(0.691039 0.613721 0.464941)
(0.134996 0.0829851 0.789164)
(0.275704 -0.397647 -0.0123533)
(-0.178771 -0.153927 -0.621311)
(0.178756 -0.153926 -0.621305)
(-0.275723 -0.397608 -0.0123602)
(-0.135048 0.0830237 0.78916)
(-0.691042 0.613741 0.464944)
(0.864763 0.864762 0.30066)
(-0.868161 -0.86816 0.400947)
(0.78938 -0.558382 0.498819)
(-0.113712 0.0562572 0.828744)
(0.285845 0.355761 -0.107019)
(-0.182155 0.147664 -0.583623)
(0.182144 0.147669 -0.58361)
(-0.285849 0.355759 -0.107)
(0.113668 0.0562082 0.828754)
(-0.789378 -0.558398 0.498819)
(0.868155 -0.868157 0.400937)
(-0.558375 0.789378 0.49882)
(-0.358167 -0.358169 0.620015)
(-0.609887 0.217267 0.273569)
(0.0812571 0.0861988 -0.423851)
(-0.18717 -0.182514 -0.658479)
(0.187156 -0.182519 -0.658464)
(-0.0812599 0.0861883 -0.423841)
(0.609887 0.217261 0.273573)
(0.358165 -0.358178 0.620017)
(0.558377 0.789388 0.498812)
(0.0562713 -0.113724 0.828745)
(0.217252 -0.609891 0.273572)
(-0.395632 -0.395637 1.39166)
(0.413292 -0.097135 0.551401)
(-0.0589966 -0.03372 -0.470722)
(0.0589735 -0.0337137 -0.470686)
(-0.413306 -0.0971311 0.551475)
(0.39562 -0.395649 1.39165)
(-0.217257 -0.60989 0.273543)
(-0.0562699 -0.113723 0.828746)
(0.355762 0.285849 -0.107026)
(0.0862004 0.0812619 -0.423847)
(-0.097132 0.413289 0.551406)
(0.0976613 0.0976579 -0.303578)
(-0.072407 0.168569 -0.631558)
(0.072405 0.168573 -0.631561)
(-0.0976658 0.0976605 -0.303569)
(0.0971218 0.413318 0.551473)
(-0.0861942 0.0812665 -0.42384)
(-0.355757 0.285854 -0.107038)
(0.147661 -0.182159 -0.583621)
(-0.182512 -0.187177 -0.658478)
(-0.033715 -0.0590021 -0.470721)
(0.168571 -0.072409 -0.631558)
(-0.0901191 -0.0901209 -0.630215)
(0.090115 -0.0901211 -0.630215)
(-0.168579 -0.0724117 -0.631568)
(0.0337004 -0.0590015 -0.470701)
(0.18252 -0.187184 -0.658477)
(-0.147653 -0.182159 -0.583627)
(0.147669 0.182145 -0.583604)
(-0.182521 0.187158 -0.658456)
(-0.0337076 0.0589632 -0.470679)
(0.168577 0.0724037 -0.631563)
(-0.0901192 0.0901133 -0.630216)
(0.0901161 0.0901142 -0.630218)
(-0.168583 0.0724074 -0.631571)
(0.0336932 0.0589678 -0.470671)
(0.182526 0.187168 -0.658458)
(-0.14766 0.182145 -0.583614)
(0.355758 -0.285855 -0.107004)
(0.0861775 -0.0812607 -0.423838)
(-0.0971295 -0.413306 0.551504)
(0.0976666 -0.0976666 -0.303562)
(-0.0724115 -0.168582 -0.631569)
(0.0724102 -0.168584 -0.631571)
(-0.0976689 -0.0976654 -0.303561)
(0.0971203 -0.413332 0.55155)
(-0.0861808 -0.0812672 -0.423836)
(-0.355758 -0.28586 -0.107007)
(0.0561904 0.113661 0.828762)
(0.217248 0.609892 0.273581)
(-0.395666 0.395604 1.39165)
(0.413336 0.0971199 0.551505)
(-0.0590002 0.0337012 -0.470688)
(0.0589829 0.0336964 -0.470668)
(-0.413348 0.0971176 0.551552)
(0.395652 0.395615 1.39167)
(-0.217244 0.60989 0.273561)
(-0.0561984 0.113661 0.828759)
(-0.558398 -0.789375 0.498822)
(-0.358177 0.35817 0.620015)
(-0.609886 -0.217267 0.273521)
(0.0812697 -0.0861967 -0.423839)
(-0.187178 0.182523 -0.65848)
(0.187168 0.182527 -0.658469)
(-0.0812699 -0.0861912 -0.423836)
(0.609883 -0.217261 0.273531)
(0.358176 0.358178 0.620014)
(0.558398 -0.789385 0.498814)
(-0.868156 0.868153 0.400936)
(0.789395 0.55838 0.498802)
(-0.113719 -0.0562739 0.828736)
(0.285853 -0.355758 -0.107035)
(-0.182154 -0.147656 -0.583632)
(0.182146 -0.147661 -0.583622)
(-0.285855 -0.355758 -0.107011)
(0.113675 -0.0562305 0.828745)
(-0.789395 0.558395 0.498802)
(0.868152 0.868151 0.400932)
(-0.863902 -0.863902 0.340549)
(0.763609 -0.5206 0.580286)
(-0.273045 0.151884 0.858397)
(0.25856 0.295141 -0.215535)
(-0.198931 0.140149 -0.553634)
(0.198914 0.140154 -0.553626)
(-0.258573 0.29517 -0.215525)
(0.273044 0.151836 0.858415)
(-0.763598 -0.520604 0.580283)
(0.863899 -0.8639 0.340543)
(-0.520594 0.763607 0.580287)
(-0.358143 -0.358142 0.654015)
(-0.626372 0.24038 0.310739)
(0.123428 0.0243402 -0.426075)
(-0.185294 -0.16463 -0.628123)
(0.185277 -0.164629 -0.628115)
(-0.123431 0.024346 -0.42607)
(0.626375 0.240399 0.310736)
(0.358143 -0.358129 0.65401)
(0.520592 0.763602 0.58028)
(0.151901 -0.273052 0.858398)
(0.24036 -0.626376 0.310745)
(-0.421709 -0.421711 1.28918)
(0.396056 -0.106647 0.451034)
(-0.0418552 -0.0262357 -0.476825)
(0.0418248 -0.0262291 -0.476793)
(-0.396086 -0.10663 0.451094)
(0.421707 -0.421738 1.28916)
(-0.240358 -0.626379 0.310716)
(-0.151905 -0.273059 0.858396)
(0.295135 0.258562 -0.215541)
(0.024336 0.123432 -0.426071)
(-0.106649 0.396048 0.45104)
(0.110803 0.110799 -0.318881)
(-0.0710368 0.154976 -0.603524)
(0.0710285 0.154981 -0.603524)
(-0.110817 0.11081 -0.318868)
(0.106641 0.396066 0.451097)
(-0.0243347 0.123437 -0.426065)
(-0.295141 0.258571 -0.215557)
(0.140144 -0.198938 -0.553631)
(-0.164627 -0.185301 -0.628123)
(-0.0262307 -0.0418624 -0.476823)
(0.154978 -0.0710399 -0.603524)
(-0.0888358 -0.0888384 -0.597478)
(0.088828 -0.0888373 -0.597476)
(-0.154987 -0.0710398 -0.603529)
(0.0262129 -0.0418599 -0.476801)
(0.164625 -0.185308 -0.628131)
(-0.140135 -0.198936 -0.553634)
(0.140153 0.198915 -0.553621)
(-0.16463 0.185278 -0.628112)
(-0.0262235 0.0418141 -0.476786)
(0.154987 0.0710258 -0.603525)
(-0.0888341 0.088826 -0.597477)
(0.0888276 0.0888259 -0.597477)
(-0.154995 0.0710284 -0.60353)
(0.0262061 0.0418164 -0.476775)
(0.164628 0.185288 -0.628121)
(-0.140143 0.198914 -0.553628)
(0.295178 -0.258578 -0.215529)
(0.0243408 -0.123427 -0.426068)
(-0.106623 -0.396102 0.451116)
(0.110818 -0.110822 -0.318859)
(-0.0710374 -0.154989 -0.603529)
(0.0710313 -0.154994 -0.603529)
(-0.110828 -0.110826 -0.318853)
(0.106618 -0.396119 0.451157)
(-0.0243429 -0.123433 -0.426065)
(-0.29518 -0.258588 -0.215537)
(0.151818 0.273056 0.858425)
(0.240405 0.626382 0.310742)
(-0.42176 0.421697 1.28915)
(0.396073 0.106639 0.451123)
(-0.0418535 0.0262132 -0.47679)
(0.0418289 0.0262082 -0.476771)
(-0.396106 0.106625 0.451161)
(0.421751 0.421717 1.28915)
(-0.240386 0.626383 0.310722)
(-0.151834 0.273057 0.858422)
(-0.520601 -0.763595 0.580284)
(-0.358112 0.358158 0.654006)
(-0.626374 -0.240353 0.310695)
(0.123445 -0.0243392 -0.426064)
(-0.185302 0.164627 -0.628132)
(0.18529 0.164627 -0.628126)
(-0.123445 -0.0243483 -0.426064)
(0.626374 -0.240367 0.310697)
(0.358119 0.358148 0.653998)
(0.5206 -0.763592 0.580277)
(-0.8639 0.863897 0.340539)
(0.763602 0.520596 0.580272)
(-0.273051 -0.151911 0.858386)
(0.258574 -0.295148 -0.215558)
(-0.198928 -0.14014 -0.55364)
(0.198914 -0.140145 -0.553635)
(-0.258586 -0.295175 -0.215542)
(0.273045 -0.15187 0.858402)
(-0.763595 0.520603 0.580269)
(0.863897 0.863896 0.340531)
(-0.890706 -0.890705 0.485974)
(0.668379 -0.502415 0.665397)
(-0.274008 0.162057 0.859622)
(0.226106 0.255569 -0.313665)
(-0.196705 0.134375 -0.543216)
(0.196683 0.134381 -0.543206)
(-0.226125 0.255584 -0.313678)
(0.274053 0.162034 0.859637)
(-0.668376 -0.502406 0.665395)
(0.890705 -0.890706 0.485977)
(-0.502411 0.668376 0.665398)
(-0.371852 -0.371848 0.72588)
(-0.622789 0.259827 0.336911)
(0.133099 -0.00180571 -0.440094)
(-0.18024 -0.140691 -0.596029)
(0.180227 -0.140693 -0.596024)
(-0.133106 -0.00179747 -0.440089)
(0.622788 0.259875 0.336909)
(0.371855 -0.371815 0.725878)
(0.502407 0.668369 0.665393)
(0.162069 -0.274012 0.859623)
(0.259803 -0.622795 0.336919)
(-0.444564 -0.444562 1.21149)
(0.380945 -0.106316 0.323637)
(-0.0291675 -0.0263599 -0.471887)
(0.0291401 -0.0263575 -0.471859)
(-0.380967 -0.106298 0.323689)
(0.444569 -0.444585 1.21146)
(-0.259795 -0.622795 0.336899)
(-0.162083 -0.274021 0.859616)
(0.255565 0.226107 -0.313667)
(-0.0018124 0.133101 -0.44009)
(-0.106319 0.380938 0.323642)
(0.114036 0.114031 -0.336652)
(-0.0692325 0.14518 -0.573685)
(0.0692181 0.145185 -0.573683)
(-0.114055 0.114043 -0.336631)
(0.106313 0.380933 0.323687)
(0.00181576 0.133111 -0.440084)
(-0.255568 0.22612 -0.313687)
(0.134372 -0.196711 -0.543212)
(-0.140688 -0.180244 -0.596031)
(-0.0263566 -0.0291732 -0.471885)
(0.145181 -0.0692365 -0.573684)
(-0.0828125 -0.0828157 -0.569654)
(0.0828024 -0.0828139 -0.569652)
(-0.145188 -0.0692325 -0.573684)
(0.026345 -0.029169 -0.471864)
(0.140682 -0.180246 -0.596046)
(-0.134368 -0.196704 -0.543211)
(0.134381 0.196682 -0.5432)
(-0.140695 0.180227 -0.596025)
(-0.0263558 0.0291334 -0.471851)
(0.145189 0.0692135 -0.573683)
(-0.0828097 0.0828007 -0.569653)
(0.0828007 0.0827996 -0.569652)
(-0.145196 0.0692136 -0.573683)
(0.0263438 0.0291324 -0.471838)
(0.140689 0.180232 -0.596041)
(-0.134376 0.196678 -0.543201)
(0.255587 -0.226131 -0.313691)
(-0.00179941 -0.133101 -0.440089)
(-0.106287 -0.38098 0.323706)
(0.114049 -0.114063 -0.33662)
(-0.0692274 -0.14519 -0.573684)
(0.0692165 -0.145194 -0.573683)
(-0.114063 -0.114068 -0.336608)
(0.106284 -0.380978 0.323741)
(0.00180191 -0.133112 -0.440085)
(-0.255588 -0.226141 -0.313698)
(0.162027 0.274086 0.859646)
(0.259901 0.622791 0.336914)
(-0.444595 0.444572 1.21145)
(0.380928 0.106314 0.323707)
(-0.029159 0.0263432 -0.471856)
(0.0291368 0.0263414 -0.471838)
(-0.380954 0.106298 0.323742)
(0.444596 0.444586 1.21144)
(-0.259873 0.622792 0.336901)
(-0.162047 0.274086 0.859639)
(-0.502396 -0.668376 0.665394)
(-0.371787 0.371875 0.725877)
(-0.622789 -0.259779 0.336883)
(0.133122 0.00181155 -0.440082)
(-0.180243 0.140683 -0.596044)
(0.180233 0.140685 -0.596041)
(-0.133126 0.00180014 -0.440081)
(0.622788 -0.259819 0.336882)
(0.3718 0.371849 0.725869)
(0.502395 -0.668368 0.665389)
(-0.890707 0.890705 0.485978)
(0.668363 0.502411 0.665388)
(-0.274007 -0.16209 0.859604)
(0.226124 -0.255575 -0.31369)
(-0.196693 -0.134372 -0.543215)
(0.196676 -0.134377 -0.543208)
(-0.22614 -0.255589 -0.313693)
(0.274042 -0.16207 0.859619)
(-0.668362 0.502406 0.665386)
(0.890706 0.890706 0.48598)
(-0.899355 -0.899354 0.564131)
(0.729668 -0.525637 0.727321)
(-0.149003 0.146572 0.850991)
(0.218291 0.230943 -0.369245)
(-0.178094 0.127498 -0.536053)
(0.178083 0.127506 -0.536046)
(-0.218302 0.230934 -0.369282)
(0.149058 0.14658 0.850988)
(-0.729672 -0.525622 0.72732)
(0.899355 -0.899356 0.564127)
(-0.525634 0.729664 0.727323)
(-0.386031 -0.386027 0.797844)
(-0.608667 0.275168 0.357155)
(0.121363 -0.0136263 -0.459535)
(-0.174544 -0.132215 -0.563837)
(0.174535 -0.132216 -0.563833)
(-0.121368 -0.013629 -0.459533)
(0.608655 0.275237 0.357148)
(0.386035 -0.385987 0.797842)
(0.525628 0.72966 0.72732)
(0.146577 -0.149006 0.850995)
(0.275143 -0.608673 0.357167)
(-0.447546 -0.447536 1.14978)
(0.383537 -0.0930585 0.190134)
(-0.0206683 -0.0334341 -0.458444)
(0.0206456 -0.0334374 -0.458421)
(-0.383547 -0.093048 0.190178)
(0.447555 -0.447512 1.14976)
(-0.275132 -0.608669 0.357162)
(-0.146606 -0.149016 0.850981)
(0.230943 0.218292 -0.369243)
(-0.0136326 0.121367 -0.459532)
(-0.0930613 0.383531 0.190138)
(0.113133 0.113129 -0.347928)
(-0.0618256 0.137906 -0.547087)
(0.0618083 0.137909 -0.547085)
(-0.113156 0.113141 -0.347909)
(0.0930601 0.38351 0.19017)
(0.0136456 0.121384 -0.459528)
(-0.230938 0.218302 -0.369266)
(0.127497 -0.178099 -0.53605)
(-0.132213 -0.174545 -0.56384)
(-0.033433 -0.0206713 -0.458441)
(0.137905 -0.0618301 -0.547087)
(-0.0715153 -0.0715185 -0.540613)
(0.0715057 -0.0715169 -0.540611)
(-0.137911 -0.0618245 -0.547085)
(0.0334316 -0.0206603 -0.458425)
(0.132212 -0.174541 -0.563854)
(-0.127502 -0.178095 -0.536046)
(0.12751 0.178085 -0.53604)
(-0.132219 0.174535 -0.563835)
(-0.0334408 0.0206438 -0.458414)
(0.137912 0.0618026 -0.547085)
(-0.0715128 0.0715043 -0.540611)
(0.071504 0.0715031 -0.54061)
(-0.137918 0.061802 -0.547083)
(0.0334379 0.0206354 -0.458403)
(0.132219 0.174532 -0.563849)
(-0.127514 0.178083 -0.536038)
(0.230927 -0.218304 -0.369306)
(-0.0136328 -0.121365 -0.459534)
(-0.0930394 -0.383555 0.19019)
(0.113144 -0.113168 -0.3479)
(-0.0618179 -0.137914 -0.547083)
(0.0618048 -0.137918 -0.547082)
(-0.113162 -0.113173 -0.347887)
(0.0930392 -0.383539 0.190215)
(0.0136425 -0.121382 -0.459531)
(-0.230928 -0.218314 -0.369313)
(0.146584 0.149094 0.850989)
(0.275277 0.60865 0.357147)
(-0.44749 0.447572 1.14975)
(0.383499 0.0930648 0.190185)
(-0.020646 0.0334272 -0.458421)
(0.0206287 0.0334301 -0.458405)
(-0.383514 0.0930542 0.190217)
(0.447504 0.447548 1.14975)
(-0.275246 0.608651 0.357147)
(-0.146606 0.149095 0.85098)
(-0.525611 -0.729676 0.727319)
(-0.385959 0.386053 0.797839)
(-0.608668 -0.27511 0.357156)
(0.121393 0.0136453 -0.459524)
(-0.174539 0.132211 -0.563849)
(0.174532 0.132213 -0.563846)
(-0.121396 0.0136426 -0.459524)
(0.608657 -0.275171 0.357148)
(0.385972 0.38602 0.797834)
(0.525609 -0.72967 0.727316)
(-0.899356 0.899354 0.564126)
(0.729655 0.525632 0.727317)
(-0.149001 -0.146617 0.850969)
(0.218306 -0.230941 -0.369269)
(-0.178086 -0.127505 -0.536049)
(0.178076 -0.127512 -0.536044)
(-0.218316 -0.230936 -0.369294)
(0.149047 -0.146619 0.85097)
(-0.72966 0.525621 0.727315)
(0.899356 0.899356 0.564124)
(-0.900076 -0.900076 0.623748)
(0.787116 -0.54031 0.769673)
(-0.063885 0.181394 0.866351)
(0.214422 0.194071 -0.394813)
(-0.167727 0.116988 -0.522421)
(0.167726 0.116998 -0.522416)
(-0.214427 0.194047 -0.394855)
(0.0639128 0.181427 0.866323)
(-0.787122 -0.5403 0.76967)
(0.900076 -0.900078 0.623752)
(-0.540307 0.787113 0.769677)
(-0.4084 -0.408399 0.841279)
(-0.58915 0.25487 0.372061)
(0.0997631 -0.0311294 -0.48367)
(-0.168484 -0.127013 -0.536149)
(0.168479 -0.127014 -0.536143)
(-0.0997609 -0.0311408 -0.483671)
(0.589136 0.254933 0.37204)
(0.408399 -0.408369 0.841281)
(0.5403 0.787112 0.769675)
(0.181388 -0.0638887 0.866361)
(0.254853 -0.589154 0.372077)
(-0.410987 -0.410966 1.08652)
(0.392791 -0.089258 0.0491213)
(-0.0153623 -0.0427065 -0.440895)
(0.0153447 -0.0427132 -0.440879)
(-0.392791 -0.0892511 0.0491508)
(0.410997 -0.410876 1.08653)
(-0.254841 -0.58915 0.372087)
(-0.181417 -0.0639029 0.866338)
(0.194074 0.214422 -0.39481)
(-0.0311345 0.0997672 -0.483668)
(-0.0892614 0.392788 0.0491289)
(0.115738 0.115733 -0.361407)
(-0.0492573 0.133985 -0.523734)
(0.049242 0.133987 -0.52373)
(-0.115766 0.115742 -0.361391)
(0.0892668 0.392762 0.0491689)
(0.0311561 0.0997817 -0.483665)
(-0.194068 0.214429 -0.39483)
(0.116986 -0.16773 -0.522419)
(-0.127013 -0.168484 -0.536151)
(-0.0427062 -0.0153622 -0.440894)
(0.133985 -0.0492613 -0.523734)
(-0.06259 -0.0625926 -0.508709)
(0.0625817 -0.062591 -0.508708)
(-0.133991 -0.049256 -0.523731)
(0.0427091 -0.0153424 -0.440884)
(0.127012 -0.168478 -0.536155)
(-0.116996 -0.167732 -0.522414)
(0.117002 0.167732 -0.522411)
(-0.127017 0.168478 -0.536143)
(-0.0427189 0.0153473 -0.440872)
(0.133989 0.0492374 -0.523729)
(-0.0625872 0.06258 -0.508707)
(0.0625794 0.0625786 -0.508705)
(-0.133995 0.0492356 -0.523728)
(0.0427198 0.0153299 -0.440865)
(0.127017 0.168474 -0.536148)
(-0.11701 0.167732 -0.522408)
(0.19403 -0.214424 -0.394879)
(-0.0311466 -0.0997576 -0.483674)
(-0.0892475 -0.392795 0.049154)
(0.115743 -0.115782 -0.361384)
(-0.0492493 -0.133995 -0.523729)
(0.0492372 -0.133997 -0.523727)
(-0.115766 -0.115785 -0.361374)
(0.0892522 -0.392775 0.0491879)
(0.031162 -0.0997729 -0.483671)
(-0.194033 -0.214433 -0.394884)
(0.181443 0.063929 0.866311)
(0.254971 0.589128 0.372026)
(-0.410817 0.411023 1.08652)
(0.392746 0.0892674 0.04919)
(-0.0153241 0.0427044 -0.440881)
(0.0153123 0.04271 -0.440868)
(-0.392753 0.0892597 0.049208)
(0.410846 0.410944 1.08653)
(-0.254945 0.589127 0.372041)
(-0.181456 0.0639355 0.866302)
(-0.540293 -0.787126 0.769667)
(-0.408352 0.408407 0.84128)
(-0.589151 -0.254819 0.372095)
(0.0997864 0.0311624 -0.48366)
(-0.168477 0.127011 -0.53615)
(0.168473 0.127012 -0.536145)
(-0.0997836 0.0311667 -0.483662)
(0.589139 -0.254877 0.37207)
(0.408357 0.408382 0.841274)
(0.54029 -0.787124 0.769666)
(-0.900078 0.900076 0.623753)
(0.78711 0.540301 0.769673)
(-0.0638995 -0.181425 0.866327)
(0.214434 -0.194069 -0.394833)
(-0.167725 -0.116998 -0.522414)
(0.167723 -0.117007 -0.52241)
(-0.214439 -0.19405 -0.394863)
(0.0639198 -0.181447 0.866307)
(-0.787116 0.540294 0.76967)
(0.900078 0.900078 0.623757)
(-0.897895 -0.897894 0.648647)
(0.76281 -0.52457 0.815541)
(-0.116123 0.291303 0.879512)
(0.202479 0.144226 -0.405909)
(-0.175616 0.104247 -0.508334)
(0.175624 0.104258 -0.50833)
(-0.202484 0.144192 -0.405941)
(0.116122 0.291306 0.879465)
(-0.762815 -0.524568 0.815533)
(0.897894 -0.897895 0.648643)
(-0.524568 0.762809 0.815544)
(-0.470637 -0.470643 0.891309)
(-0.535961 0.133546 0.391392)
(0.0766598 -0.058736 -0.51259)
(-0.157121 -0.122988 -0.513036)
(0.157116 -0.122987 -0.513029)
(-0.0766527 -0.0587563 -0.512599)
(0.53594 0.133555 0.391352)
(0.470632 -0.470634 0.891309)
(0.524564 0.762813 0.815542)
(0.291299 -0.116127 0.879526)
(0.133553 -0.535967 0.391409)
(-0.310977 -0.31096 0.998584)
(0.39677 -0.088272 -0.076377)
(-0.00921333 -0.0493006 -0.417997)
(0.00920084 -0.0493071 -0.417986)
(-0.396766 -0.0882682 -0.0763576)
(0.31098 -0.310865 0.998606)
(-0.133543 -0.535963 0.391428)
(-0.291297 -0.116138 0.8795)
(0.14423 0.202478 -0.405907)
(-0.0587386 0.0766621 -0.512587)
(-0.0882746 0.396771 -0.0763678)
(0.126882 0.126877 -0.382757)
(-0.0340864 0.129352 -0.498206)
(0.0340716 0.129352 -0.498201)
(-0.126911 0.126884 -0.382746)
(0.0882768 0.396758 -0.0763202)
(0.0587609 0.0766664 -0.512583)
(-0.144225 0.202484 -0.405921)
(0.104245 -0.175616 -0.508333)
(-0.122989 -0.157122 -0.513037)
(-0.0492998 -0.00921135 -0.417997)
(0.129352 -0.0340898 -0.498207)
(-0.0572498 -0.0572521 -0.474887)
(0.0572422 -0.0572509 -0.474885)
(-0.129359 -0.0340838 -0.498204)
(0.049301 -0.00919006 -0.417988)
(0.122989 -0.157117 -0.513036)
(-0.104252 -0.175621 -0.508329)
(0.104261 0.175634 -0.508327)
(-0.122989 0.157115 -0.513028)
(-0.0493115 0.00920473 -0.417981)
(0.129353 0.0340665 -0.4982)
(-0.0572476 0.0572405 -0.474884)
(0.0572402 0.0572392 -0.474882)
(-0.129361 0.0340642 -0.498198)
(0.0493111 0.00918552 -0.417974)
(0.12299 0.157111 -0.513028)
(-0.104267 0.175634 -0.508325)
(0.14417 -0.20248 -0.405958)
(-0.0587664 -0.0766496 -0.512605)
(-0.0882681 -0.396764 -0.0763607)
(0.126882 -0.126926 -0.382741)
(-0.0340773 -0.129363 -0.498203)
(0.0340658 -0.129364 -0.498199)
(-0.126906 -0.126926 -0.382733)
(0.0882697 -0.396756 -0.0763194)
(0.0587807 -0.0766555 -0.5126)
(-0.144175 -0.202488 -0.40596)
(0.291315 0.116121 0.879444)
(0.133566 0.535927 0.391327)
(-0.310808 0.310997 0.998608)
(0.39675 0.088274 -0.0762927)
(-0.00917396 0.0492982 -0.417983)
(0.00916659 0.0493038 -0.417975)
(-0.39675 0.0882699 -0.0762849)
(0.310829 0.310914 0.998628)
(-0.133562 0.535929 0.39135)
(-0.291306 0.116128 0.879436)
(-0.524567 -0.762818 0.815528)
(-0.470633 0.47063 0.891308)
(-0.535963 -0.133529 0.391443)
(0.0766665 0.0587706 -0.512579)
(-0.157115 0.122988 -0.513031)
(0.157111 0.122988 -0.513026)
(-0.0766604 0.0587834 -0.512588)
(0.535946 -0.133542 0.3914)
(0.470628 0.470624 0.891303)
(0.524565 -0.762821 0.815528)
(-0.897896 0.897894 0.648641)
(0.762813 0.524563 0.815541)
(-0.116142 -0.29129 0.879492)
(0.202488 -0.144224 -0.405924)
(-0.175618 -0.104256 -0.508327)
(0.175624 -0.104266 -0.508324)
(-0.202494 -0.144196 -0.405947)
(0.116136 -0.29129 0.879456)
(-0.762818 0.524563 0.815534)
(0.897895 0.897895 0.648638)
)
;

boundaryField
{
    bottom
    {
        type            noSlip;
    }
    atmosphere
    {
        type            pressureInletOutletVelocity;
        value           nonuniform List<vector> 0();
    }
    walls
    {
        type            noSlip;
    }
    procBoundary0to1
    {
        type            processor;
        value           nonuniform List<vector> 
100
(
(-0.895641 -0.895641 0.74093)
(0.722599 -0.493004 0.899019)
(-0.231386 0.373783 0.906055)
(0.183509 0.103969 -0.418013)
(-0.1843 0.0928849 -0.50037)
(0.184309 0.092896 -0.500365)
(-0.183519 0.103949 -0.41802)
(0.231358 0.37374 0.90602)
(-0.722596 -0.493006 0.899008)
(0.89564 -0.895641 0.740929)
(-0.493002 0.7226 0.899021)
(-0.532107 -0.532114 0.907775)
(-0.424438 -0.115505 0.395335)
(0.0553159 -0.0789752 -0.535207)
(-0.139736 -0.119623 -0.493768)
(0.139729 -0.119621 -0.493761)
(-0.0553057 -0.0789947 -0.535218)
(0.424396 -0.115556 0.395274)
(0.532106 -0.532121 0.907766)
(0.493003 0.7226 0.899019)
(0.37379 -0.231392 0.906064)
(-0.115482 -0.424449 0.395352)
(-0.167513 -0.16751 0.796342)
(0.384849 -0.0778676 -0.17759)
(-0.0060384 -0.0524305 -0.391311)
(0.00602802 -0.0524362 -0.391304)
(-0.384847 -0.0778662 -0.17758)
(0.167505 -0.167477 0.796361)
(0.1155 -0.424443 0.395362)
(-0.37376 -0.231387 0.906046)
(0.103972 0.183507 -0.418013)
(-0.0789762 0.0553176 -0.535204)
(-0.0778693 0.38485 -0.17758)
(0.139389 0.139385 -0.407605)
(-0.0243232 0.12081 -0.46731)
(0.0243127 0.12081 -0.467305)
(-0.139408 0.13939 -0.407597)
(0.0778683 0.384847 -0.177535)
(0.0789909 0.0553142 -0.535201)
(-0.103972 0.183517 -0.418019)
(0.0928818 -0.184299 -0.50037)
(-0.119623 -0.139737 -0.493769)
(-0.0524293 -0.00603737 -0.391311)
(0.12081 -0.0243253 -0.46731)
(-0.0543917 -0.0543938 -0.442023)
(0.0543851 -0.0543934 -0.442021)
(-0.120817 -0.0243206 -0.467308)
(0.0524295 -0.00602372 -0.391301)
(0.119623 -0.139732 -0.493766)
(-0.0928873 -0.184302 -0.500367)
(0.0928988 0.184318 -0.500364)
(-0.119621 0.139727 -0.493759)
(-0.0524391 0.00603031 -0.3913)
(0.120811 0.0243088 -0.467302)
(-0.0543909 0.0543836 -0.442019)
(0.0543843 0.054383 -0.442017)
(-0.120818 0.0243064 -0.4673)
(0.052438 0.0060179 -0.391291)
(0.119622 0.139723 -0.493757)
(-0.0929026 0.184318 -0.500361)
(0.103936 -0.183516 -0.418022)
(-0.0790042 -0.0553032 -0.535225)
(-0.0778672 -0.384844 -0.177585)
(0.139389 -0.139419 -0.407593)
(-0.0243163 -0.120821 -0.467306)
(0.0243078 -0.120822 -0.467302)
(-0.139407 -0.13942 -0.407587)
(0.0778661 -0.384844 -0.177544)
(0.0790126 -0.055302 -0.535221)
(-0.103941 -0.183527 -0.418024)
(0.373731 0.231347 0.906001)
(-0.115569 0.424373 0.395241)
(-0.167461 0.167502 0.796363)
(0.384843 0.0778659 -0.17751)
(-0.00601353 0.0524285 -0.391295)
(0.0060064 0.0524334 -0.391288)
(-0.384844 0.0778643 -0.17751)
(0.167457 0.167473 0.796379)
(0.115566 0.424377 0.395258)
(-0.373711 0.231346 0.905997)
(-0.493007 -0.722596 0.899003)
(-0.532124 0.532105 0.907759)
(-0.424444 0.115511 0.395373)
(0.0553103 0.078998 -0.535198)
(-0.13973 0.119623 -0.493762)
(0.139725 0.119621 -0.493755)
(-0.055302 0.0790119 -0.535209)
(0.424407 0.11555 0.395313)
(0.532121 0.532112 0.907747)
(0.493008 -0.722597 0.899002)
(-0.895642 0.89564 0.740928)
(0.722599 0.493003 0.899017)
(-0.231384 -0.373741 0.906044)
(0.183519 -0.103973 -0.41802)
(-0.1843 -0.0928918 -0.500362)
(0.184308 -0.0929018 -0.500359)
(-0.183529 -0.103955 -0.418022)
(0.231359 -0.373708 0.906016)
(-0.722596 0.493005 0.899007)
(0.895641 0.895641 0.740928)
)
;
    }
    procBoundary0to2
    {
        type            processor;
        value           nonuniform List<vector> 
100
(
(-0.793187 -0.793187 0.0201079)
(0.407245 -0.454037 0.428988)
(-0.236411 -0.193019 0.567086)
(0.260799 0.206117 -0.0358328)
(-0.410255 0.15181 -0.680376)
(0.410341 0.151832 -0.680349)
(-0.260792 0.206008 -0.0359088)
(0.23635 -0.193005 0.567072)
(-0.407264 -0.454045 0.429006)
(0.793174 -0.793177 0.0200406)
(-0.454034 0.407242 0.428989)
(-0.318508 -0.318514 0.656546)
(-0.619635 0.274197 0.319597)
(-0.0523656 0.139269 -0.457791)
(-0.20993 -0.160688 -0.656386)
(0.209948 -0.160678 -0.656375)
(0.0524024 0.139072 -0.457754)
(0.619585 0.274177 0.319653)
(0.318525 -0.318512 0.656576)
(0.454052 0.407264 0.429002)
(-0.193044 -0.236424 0.56709)
(0.274206 -0.619645 0.319612)
(-0.463178 -0.463154 1.9822)
(0.340066 -0.193105 0.702074)
(-0.120471 -0.033562 -0.424459)
(0.12049 -0.0335533 -0.424386)
(-0.340027 -0.193118 0.702135)
(0.463198 -0.463166 1.98219)
(-0.274225 -0.619635 0.319613)
(0.193079 -0.236364 0.567082)
(0.206132 0.260801 -0.0358119)
(0.139296 -0.0523526 -0.457794)
(-0.193084 0.340066 0.702086)
(-0.0717545 -0.0717859 -0.0298016)
(-0.0526557 0.125849 -0.669121)
(0.0526603 0.125849 -0.669135)
(0.071821 -0.0719057 -0.029719)
(0.193082 0.340048 0.702104)
(-0.139238 -0.0523743 -0.457791)
(-0.20609 0.260793 -0.0358416)
(0.151813 -0.410236 -0.680382)
(-0.160689 -0.209931 -0.656385)
(-0.0335537 -0.12046 -0.42446)
(0.125856 -0.0526515 -0.66912)
(-0.111705 -0.111705 -0.782696)
(0.111717 -0.111716 -0.782696)
(-0.125851 -0.0526329 -0.669131)
(0.0335509 -0.120463 -0.424435)
(0.160685 -0.209942 -0.656386)
(-0.151833 -0.410277 -0.680387)
(0.151845 0.410358 -0.680342)
(-0.160674 0.209957 -0.656371)
(-0.0335445 0.120496 -0.424361)
(0.125852 0.0526576 -0.669134)
(-0.111719 0.11172 -0.782696)
(0.111728 0.111727 -0.782699)
(-0.125847 0.0526455 -0.669138)
(0.0335425 0.120501 -0.424363)
(0.160669 0.209963 -0.656376)
(-0.151857 0.410381 -0.680356)
(0.205975 -0.260798 -0.0359219)
(0.13902 0.0524168 -0.457746)
(-0.193101 -0.340008 0.702158)
(-0.0719325 0.0718619 -0.0296933)
(-0.0526321 -0.125844 -0.669132)
(0.0526422 -0.125844 -0.669138)
(0.0719639 0.0719571 -0.0296625)
(0.193096 -0.33999 0.702149)
(-0.139018 0.0524208 -0.457751)
(-0.205956 -0.26079 -0.0359193)
(-0.193013 0.23633 0.567067)
(0.274175 0.619573 0.319675)
(-0.463177 0.463192 1.98218)
(0.34004 0.193096 0.702112)
(-0.120475 0.0335548 -0.424424)
(0.1205 0.033549 -0.424378)
(-0.339997 0.193106 0.702139)
(0.463208 0.46321 1.98215)
(-0.274204 0.619577 0.319678)
(0.193047 0.236296 0.567071)
(-0.454048 -0.407266 0.42901)
(-0.318515 0.318527 0.656583)
(-0.619631 -0.274229 0.319602)
(-0.052384 -0.139222 -0.457791)
(-0.209943 0.160681 -0.656386)
(0.209958 0.160671 -0.65638)
(0.0524141 -0.139069 -0.457763)
(0.619594 -0.274219 0.319648)
(0.318531 0.318524 0.656605)
(0.454062 -0.40727 0.429015)
(-0.793175 0.793171 0.0200219)
(0.407269 0.454057 0.429007)
(-0.236344 0.193073 0.567084)
(0.260782 -0.206079 -0.035852)
(-0.410296 -0.151832 -0.680379)
(0.410367 -0.151851 -0.680359)
(-0.260776 -0.205987 -0.0359071)
(0.236307 0.193056 0.567078)
(-0.407272 0.454062 0.429015)
(0.793169 0.793168 0.019997)
)
;
    }
}


// ************************************************************************* //
