/*--------------------------------*- C++ -*----------------------------------*\
| =========                 |                                                 |
| \\      /  F ield         | OpenFOAM: The Open Source CFD Toolbox           |
|  \\    /   O peration     | Version:  2412                                  |
|   \\  /    A nd           | Website:  www.openfoam.com                      |
|    \\/     M anipulation  |                                                 |
\*---------------------------------------------------------------------------*/
FoamFile
{
    version     2.0;
    format      ascii;
    arch        "LSB;label=32;scalar=64";
    class       volScalarField;
    location    "0.15";
    object      p;
}
// * * * * * * * * * * * * * * * * * * * * * * * * * * * * * * * * * * * * * //

dimensions      [1 -1 -2 0 0 0 0];

internalField   nonuniform List<scalar> 
4000
(
11.7901
11.7905
11.7912
11.7919
11.7923
11.7923
11.7919
11.7912
11.7905
11.7901
11.7905
11.7909
11.7917
11.7924
11.7928
11.7928
11.7924
11.7917
11.7909
11.7905
11.7912
11.7917
11.7924
11.7932
11.7937
11.7937
11.7932
11.7924
11.7917
11.7912
11.7919
11.7924
11.7932
11.794
11.7945
11.7945
11.794
11.7932
11.7924
11.7919
11.7923
11.7928
11.7937
11.7945
11.7951
11.7951
11.7945
11.7937
11.7928
11.7923
11.7923
11.7928
11.7937
11.7945
11.7951
11.7951
11.7945
11.7937
11.7928
11.7923
11.7919
11.7924
11.7932
11.794
11.7945
11.7945
11.794
11.7932
11.7924
11.7919
11.7912
11.7917
11.7924
11.7932
11.7937
11.7937
11.7932
11.7924
11.7917
11.7912
11.7905
11.7909
11.7917
11.7924
11.7928
11.7928
11.7924
11.7917
11.7909
11.7905
11.7901
11.7905
11.7912
11.7919
11.7923
11.7923
11.7919
11.7912
11.7905
11.7901
11.5447
11.5451
11.5459
11.5466
11.5471
11.5471
11.5466
11.5459
11.5451
11.5447
11.5451
11.5456
11.5463
11.5471
11.5476
11.5476
11.5471
11.5463
11.5456
11.5451
11.5459
11.5463
11.5472
11.548
11.5485
11.5485
11.548
11.5472
11.5463
11.5459
11.5466
11.5471
11.548
11.5489
11.5495
11.5495
11.5489
11.548
11.5471
11.5466
11.5471
11.5476
11.5485
11.5495
11.5501
11.5501
11.5495
11.5485
11.5476
11.5471
11.5471
11.5476
11.5485
11.5495
11.5501
11.5501
11.5495
11.5485
11.5476
11.5471
11.5466
11.5471
11.548
11.5489
11.5495
11.5495
11.5489
11.548
11.5471
11.5466
11.5459
11.5463
11.5472
11.548
11.5485
11.5485
11.548
11.5472
11.5463
11.5459
11.5451
11.5456
11.5463
11.5471
11.5476
11.5476
11.5471
11.5463
11.5456
11.5451
11.5447
11.5451
11.5459
11.5466
11.5471
11.5471
11.5466
11.5459
11.5451
11.5447
11.299
11.2995
11.3004
11.3012
11.3018
11.3018
11.3012
11.3004
11.2995
11.299
11.2995
11.3001
11.301
11.3018
11.3024
11.3024
11.3018
11.301
11.3001
11.2995
11.3004
11.301
11.3019
11.3029
11.3035
11.3035
11.3029
11.3019
11.301
11.3004
11.3012
11.3018
11.3029
11.3039
11.3046
11.3046
11.3039
11.3029
11.3018
11.3012
11.3018
11.3024
11.3035
11.3046
11.3053
11.3053
11.3046
11.3035
11.3024
11.3018
11.3018
11.3024
11.3035
11.3046
11.3053
11.3053
11.3046
11.3035
11.3024
11.3018
11.3012
11.3018
11.3029
11.3039
11.3046
11.3046
11.3039
11.3029
11.3018
11.3012
11.3004
11.301
11.3019
11.3029
11.3035
11.3035
11.3029
11.3019
11.301
11.3004
11.2995
11.3001
11.301
11.3018
11.3024
11.3024
11.3018
11.301
11.3001
11.2995
11.299
11.2995
11.3004
11.3012
11.3018
11.3018
11.3012
11.3004
11.2995
11.299
11.0532
11.0538
11.0548
11.0558
11.0565
11.0565
11.0558
11.0548
11.0538
11.0532
11.0538
11.0544
11.0555
11.0565
11.0573
11.0573
11.0565
11.0555
11.0544
11.0538
11.0548
11.0555
11.0567
11.0578
11.0586
11.0586
11.0578
11.0567
11.0555
11.0548
11.0558
11.0565
11.0578
11.0591
11.06
11.06
11.0591
11.0578
11.0565
11.0558
11.0565
11.0573
11.0586
11.06
11.0609
11.0609
11.06
11.0586
11.0573
11.0565
11.0565
11.0573
11.0586
11.06
11.0609
11.0609
11.06
11.0586
11.0573
11.0565
11.0558
11.0565
11.0578
11.0591
11.06
11.06
11.0591
11.0578
11.0565
11.0558
11.0548
11.0555
11.0567
11.0578
11.0586
11.0586
11.0578
11.0567
11.0555
11.0548
11.0538
11.0544
11.0555
11.0565
11.0573
11.0573
11.0565
11.0555
11.0544
11.0538
11.0532
11.0538
11.0548
11.0558
11.0565
11.0565
11.0558
11.0548
11.0538
11.0532
10.807
10.8078
10.809
10.8103
10.8111
10.8111
10.8103
10.809
10.8078
10.807
10.8078
10.8085
10.8099
10.8112
10.8121
10.8121
10.8112
10.8099
10.8085
10.8078
10.809
10.8099
10.8114
10.8129
10.8139
10.8139
10.8129
10.8114
10.8099
10.809
10.8103
10.8112
10.8129
10.8145
10.8156
10.8156
10.8145
10.8129
10.8112
10.8103
10.8111
10.8121
10.8139
10.8156
10.8169
10.8169
10.8156
10.8139
10.8121
10.8111
10.8111
10.8121
10.8139
10.8156
10.8169
10.8169
10.8156
10.8139
10.8121
10.8111
10.8103
10.8112
10.8129
10.8145
10.8156
10.8156
10.8145
10.8129
10.8112
10.8103
10.809
10.8099
10.8114
10.8129
10.8139
10.8139
10.8129
10.8114
10.8099
10.809
10.8078
10.8085
10.8099
10.8112
10.8121
10.8121
10.8112
10.8099
10.8085
10.8078
10.807
10.8078
10.809
10.8103
10.8111
10.8111
10.8103
10.809
10.8078
10.807
10.5605
10.5615
10.5631
10.5646
10.5657
10.5657
10.5646
10.5631
10.5615
10.5605
10.5615
10.5624
10.5642
10.5659
10.567
10.567
10.5659
10.5642
10.5624
10.5615
10.5631
10.5642
10.5661
10.568
10.5694
10.5694
10.568
10.5661
10.5642
10.5631
10.5646
10.5659
10.568
10.5702
10.5717
10.5717
10.5702
10.568
10.5659
10.5646
10.5657
10.567
10.5694
10.5717
10.5734
10.5734
10.5717
10.5694
10.567
10.5657
10.5657
10.567
10.5694
10.5717
10.5734
10.5734
10.5717
10.5694
10.567
10.5657
10.5646
10.5659
10.568
10.5702
10.5717
10.5717
10.5702
10.568
10.5659
10.5646
10.5631
10.5642
10.5661
10.568
10.5694
10.5694
10.568
10.5661
10.5642
10.5631
10.5615
10.5624
10.5642
10.5659
10.567
10.567
10.5659
10.5642
10.5624
10.5615
10.5605
10.5615
10.5631
10.5646
10.5657
10.5657
10.5646
10.5631
10.5615
10.5605
10.3136
10.3148
10.3168
10.3188
10.3202
10.3202
10.3188
10.3168
10.3148
10.3136
10.3148
10.3161
10.3183
10.3204
10.322
10.322
10.3204
10.3183
10.3161
10.3148
10.3168
10.3183
10.3208
10.3233
10.3251
10.3251
10.3233
10.3208
10.3183
10.3168
10.3188
10.3204
10.3233
10.3261
10.3283
10.3283
10.3261
10.3233
10.3204
10.3188
10.3202
10.322
10.3251
10.3283
10.3306
10.3306
10.3283
10.3251
10.322
10.3202
10.3202
10.322
10.3251
10.3283
10.3306
10.3306
10.3283
10.3251
10.322
10.3202
10.3188
10.3204
10.3233
10.3261
10.3283
10.3283
10.3261
10.3233
10.3204
10.3188
10.3168
10.3183
10.3208
10.3233
10.3251
10.3251
10.3233
10.3208
10.3183
10.3168
10.3148
10.3161
10.3183
10.3204
10.322
10.322
10.3204
10.3183
10.3161
10.3148
10.3136
10.3148
10.3168
10.3188
10.3202
10.3202
10.3188
10.3168
10.3148
10.3136
10.0662
10.0677
10.0703
10.0728
10.0747
10.0747
10.0728
10.0703
10.0677
10.0662
10.0677
10.0693
10.0721
10.0749
10.077
10.077
10.0749
10.0721
10.0693
10.0677
10.0703
10.0721
10.0754
10.0787
10.0812
10.0812
10.0787
10.0754
10.0721
10.0703
10.0728
10.0749
10.0787
10.0826
10.0855
10.0855
10.0826
10.0787
10.0749
10.0728
10.0747
10.077
10.0812
10.0855
10.0888
10.0888
10.0855
10.0812
10.077
10.0747
10.0747
10.077
10.0812
10.0855
10.0888
10.0888
10.0855
10.0812
10.077
10.0747
10.0728
10.0749
10.0787
10.0826
10.0855
10.0855
10.0826
10.0787
10.0749
10.0728
10.0703
10.0721
10.0754
10.0787
10.0812
10.0812
10.0787
10.0754
10.0721
10.0703
10.0677
10.0693
10.0721
10.0749
10.077
10.077
10.0749
10.0721
10.0693
10.0677
10.0662
10.0677
10.0703
10.0728
10.0747
10.0747
10.0728
10.0703
10.0677
10.0662
9.81803
9.81991
9.82323
9.82651
9.82892
9.82892
9.82652
9.82323
9.81991
9.81803
9.81991
9.82197
9.82565
9.82931
9.83205
9.83205
9.82931
9.82565
9.82197
9.81991
9.82323
9.82565
9.83
9.83439
9.83775
9.83775
9.83439
9.83
9.82565
9.82323
9.82651
9.82931
9.83439
9.83954
9.84363
9.84363
9.83954
9.83439
9.82931
9.82652
9.82892
9.83205
9.83775
9.84363
9.84837
9.84837
9.84363
9.83775
9.83205
9.82892
9.82892
9.83205
9.83775
9.84363
9.84837
9.84837
9.84363
9.83775
9.83205
9.82892
9.82651
9.82931
9.83439
9.83954
9.84363
9.84363
9.83954
9.83439
9.82931
9.82652
9.82323
9.82565
9.83
9.83439
9.83775
9.83775
9.83439
9.83
9.82565
9.82323
9.81991
9.82197
9.82565
9.82931
9.83205
9.83205
9.82931
9.82565
9.82197
9.81991
9.81803
9.81991
9.82323
9.82652
9.82892
9.82892
9.82652
9.82323
9.81991
9.81803
9.56901
9.57138
9.5756
9.5798
9.58295
9.58295
9.57981
9.5756
9.57138
9.56901
9.57138
9.57402
9.57875
9.5835
9.58715
9.58715
9.5835
9.57875
9.57402
9.57138
9.5756
9.57875
9.58446
9.59028
9.59487
9.59487
9.59028
9.58446
9.57875
9.5756
9.5798
9.5835
9.59028
9.59725
9.60299
9.60299
9.59725
9.59028
9.5835
9.57981
9.58295
9.58715
9.59487
9.60299
9.60982
9.60982
9.60299
9.59487
9.58715
9.58295
9.58295
9.58715
9.59487
9.60299
9.60982
9.60982
9.60299
9.59487
9.58715
9.58295
9.5798
9.5835
9.59028
9.59725
9.60299
9.60299
9.59725
9.59028
9.5835
9.57981
9.5756
9.57875
9.58446
9.59028
9.59487
9.59487
9.59028
9.58446
9.57875
9.5756
9.57138
9.57402
9.57875
9.5835
9.58715
9.58715
9.5835
9.57875
9.57402
9.57138
9.56901
9.57138
9.5756
9.57981
9.58295
9.58295
9.57981
9.5756
9.57138
9.56901
9.31886
9.32184
9.32718
9.33254
9.33664
9.33664
9.33254
9.32718
9.32184
9.31886
9.32184
9.32519
9.33127
9.33741
9.34227
9.34227
9.33741
9.33127
9.32519
9.32184
9.32718
9.33127
9.33873
9.34645
9.35275
9.35275
9.34645
9.33873
9.33127
9.32718
9.33254
9.33741
9.34645
9.3559
9.36402
9.36402
9.3559
9.34645
9.33741
9.33254
9.33664
9.34227
9.35275
9.36402
9.37396
9.37396
9.36402
9.35275
9.34227
9.33664
9.33664
9.34227
9.35275
9.36402
9.37396
9.37396
9.36402
9.35275
9.34227
9.33664
9.33254
9.33741
9.34645
9.3559
9.36402
9.36402
9.3559
9.34645
9.33741
9.33254
9.32718
9.33127
9.33873
9.34645
9.35275
9.35275
9.34645
9.33873
9.33127
9.32718
9.32184
9.32519
9.33127
9.33741
9.34227
9.34227
9.33741
9.33127
9.32519
9.32184
9.31886
9.32184
9.32718
9.33254
9.33664
9.33664
9.33254
9.32718
9.32184
9.31886
9.0673
9.07101
9.07771
9.08451
9.08983
9.08983
9.08451
9.07771
9.07101
9.0673
9.07101
9.07525
9.08299
9.09091
9.09737
9.09737
9.09091
9.08299
9.07525
9.07101
9.07771
9.08299
9.09269
9.10292
9.11159
9.11159
9.10292
9.09269
9.08299
9.07771
9.08451
9.09091
9.10292
9.11575
9.12732
9.12732
9.11575
9.10292
9.09091
9.08451
9.08983
9.09737
9.11159
9.12732
9.14192
9.14192
9.12732
9.11159
9.09737
9.08983
9.08983
9.09737
9.11159
9.12732
9.14192
9.14192
9.12732
9.11159
9.09737
9.08983
9.08451
9.09091
9.10292
9.11575
9.12732
9.12732
9.11575
9.10292
9.09091
9.08451
9.07771
9.08299
9.09269
9.10292
9.11159
9.11159
9.10292
9.09269
9.08299
9.07771
9.07101
9.07525
9.08299
9.09091
9.09737
9.09737
9.09091
9.08299
9.07525
9.07101
9.0673
9.07101
9.07771
9.08451
9.08983
9.08983
9.08451
9.07771
9.07101
9.0673
8.81397
8.81855
8.82688
8.83542
8.84231
8.84231
8.83542
8.82688
8.81855
8.81397
8.81855
8.82386
8.83364
8.84379
8.85237
8.85237
8.84379
8.83364
8.82386
8.81855
8.82688
8.83364
8.84617
8.85969
8.87161
8.87161
8.85969
8.84617
8.83364
8.82688
8.83542
8.84379
8.85969
8.8771
8.89367
8.89367
8.8771
8.85969
8.84379
8.83542
8.84231
8.85237
8.87161
8.89367
8.91539
8.91539
8.89367
8.87161
8.85238
8.84231
8.84231
8.85237
8.87161
8.89367
8.91539
8.91539
8.89367
8.87161
8.85238
8.84231
8.83542
8.84379
8.85969
8.8771
8.89367
8.89367
8.8771
8.85969
8.84379
8.83542
8.82688
8.83364
8.84617
8.85969
8.87161
8.87161
8.85969
8.84617
8.83364
8.82688
8.81855
8.82386
8.83364
8.84379
8.85237
8.85237
8.84379
8.83364
8.82386
8.81855
8.81397
8.81855
8.82688
8.83542
8.84231
8.84231
8.83542
8.82688
8.81855
8.81397
8.55844
8.56403
8.57426
8.58491
8.59375
8.59375
8.58491
8.57426
8.56403
8.55844
8.56403
8.57061
8.58285
8.59576
8.60713
8.60713
8.59576
8.58285
8.57061
8.56403
8.57426
8.58285
8.59889
8.61666
8.63305
8.63305
8.61666
8.59889
8.58285
8.57426
8.58491
8.59576
8.61666
8.64027
8.66417
8.66417
8.64027
8.61666
8.59576
8.58491
8.59375
8.60713
8.63305
8.66417
8.69682
8.69682
8.66417
8.63305
8.60713
8.59375
8.59375
8.60713
8.63305
8.66417
8.69682
8.69682
8.66417
8.63305
8.60713
8.59375
8.58491
8.59576
8.61666
8.64027
8.66417
8.66417
8.64027
8.61666
8.59576
8.58491
8.57426
8.58285
8.59889
8.61666
8.63305
8.63305
8.61666
8.59889
8.58285
8.57426
8.56403
8.57061
8.58285
8.59576
8.60713
8.60713
8.59576
8.58285
8.57061
8.56403
8.55844
8.56403
8.57426
8.58491
8.59375
8.59375
8.58491
8.57426
8.56403
8.55844
8.30019
8.30693
8.31933
8.33245
8.34369
8.34369
8.33245
8.31933
8.30693
8.30019
8.30693
8.315
8.33011
8.3464
8.36133
8.36133
8.3464
8.33011
8.315
8.30693
8.31933
8.33011
8.35038
8.37364
8.3961
8.3961
8.37364
8.35038
8.33011
8.31933
8.33245
8.3464
8.37364
8.40556
8.4402
8.4402
8.40556
8.37364
8.3464
8.33245
8.34369
8.36133
8.3961
8.4402
8.48983
8.48983
8.4402
8.3961
8.36133
8.34369
8.34369
8.36133
8.3961
8.4402
8.48983
8.48983
8.4402
8.3961
8.36133
8.34369
8.33245
8.3464
8.37364
8.40556
8.4402
8.4402
8.40556
8.37364
8.3464
8.33245
8.31933
8.33011
8.35038
8.37364
8.3961
8.3961
8.37364
8.35038
8.33011
8.31933
8.30693
8.315
8.33011
8.3464
8.36133
8.36133
8.3464
8.33011
8.315
8.30693
8.30019
8.30693
8.31933
8.33245
8.34369
8.34369
8.33245
8.31933
8.30693
8.30019
8.03866
8.04665
8.06141
8.07737
8.09152
8.09152
8.07737
8.06141
8.04665
8.03866
8.04665
8.05639
8.07478
8.09511
8.11505
8.11505
8.09511
8.07478
8.05639
8.04665
8.06141
8.07478
8.09999
8.13017
8.16077
8.16077
8.13017
8.09999
8.07478
8.06141
8.07736
8.09511
8.13017
8.17316
8.22353
8.22353
8.17316
8.13017
8.09511
8.07737
8.09152
8.11505
8.16077
8.22353
8.29976
8.29976
8.22353
8.16077
8.11505
8.09152
8.09152
8.11505
8.16077
8.22353
8.29976
8.29976
8.22353
8.16077
8.11505
8.09152
8.07736
8.09511
8.13017
8.17316
8.22353
8.22353
8.17316
8.13017
8.09511
8.07737
8.06141
8.07478
8.09999
8.13017
8.16077
8.16077
8.13017
8.09999
8.07478
8.06141
8.04665
8.05639
8.07478
8.09511
8.11505
8.11505
8.09511
8.07478
8.05639
8.04665
8.03866
8.04665
8.06141
8.07737
8.09152
8.09152
8.07737
8.06141
8.04665
8.03866
7.7732
7.7825
7.79971
7.81878
7.83626
7.83626
7.81878
7.79971
7.7825
7.7732
7.7825
7.79404
7.81599
7.84097
7.86671
7.86671
7.84097
7.81599
7.79404
7.7825
7.79971
7.81599
7.84667
7.88538
7.92653
7.92653
7.88538
7.84667
7.81599
7.79971
7.81878
7.84097
7.88538
7.94287
8.01621
8.01621
7.94287
7.88538
7.84097
7.81878
7.83626
7.86671
7.92653
8.01621
8.13436
8.13436
8.01621
7.92653
7.86671
7.83626
7.83626
7.86671
7.92653
8.01621
8.13436
8.13436
8.01621
7.92653
7.86671
7.83626
7.81878
7.84097
7.88538
7.94287
8.01621
8.01621
7.94287
7.88538
7.84097
7.81878
7.79971
7.81599
7.84667
7.88538
7.92653
7.92653
7.88538
7.84667
7.81599
7.79971
7.7825
7.79404
7.81599
7.84097
7.86671
7.86671
7.84097
7.81599
7.79404
7.7825
7.7732
7.7825
7.79971
7.81878
7.83626
7.83626
7.81878
7.79971
7.7825
7.7732
7.50312
7.51372
7.53327
7.55562
7.5767
7.5767
7.55562
7.53327
7.51372
7.50312
7.51372
7.52711
7.55268
7.5828
7.6157
7.6157
7.5828
7.55268
7.52711
7.51372
7.53327
7.55268
7.58896
7.6378
7.69201
7.69201
7.6378
7.58896
7.55268
7.53327
7.55562
7.5828
7.6378
7.71372
7.82022
7.82022
7.71372
7.6378
7.5828
7.55562
7.5767
7.6157
7.69201
7.82022
8.00458
8.00458
7.82022
7.69201
7.6157
7.5767
7.5767
7.6157
7.69201
7.82022
8.00458
8.00458
7.82022
7.69201
7.6157
7.5767
7.55562
7.5828
7.6378
7.71372
7.82022
7.82022
7.71372
7.6378
7.5828
7.55562
7.53327
7.55268
7.58896
7.6378
7.69201
7.69201
7.6378
7.58896
7.55268
7.53327
7.51372
7.52711
7.55268
7.5828
7.6157
7.6157
7.5828
7.55268
7.52711
7.51372
7.50312
7.51372
7.53327
7.55562
7.5767
7.5767
7.55562
7.53327
7.51372
7.50312
7.22775
7.23952
7.26106
7.28657
7.31122
7.31122
7.28657
7.26106
7.23952
7.22775
7.23952
7.25465
7.28354
7.31898
7.36019
7.36019
7.31898
7.28354
7.25465
7.23952
7.26106
7.28354
7.32474
7.38508
7.45375
7.45375
7.38508
7.32474
7.28354
7.26106
7.28657
7.31898
7.38508
7.48316
7.63632
7.63632
7.48316
7.38508
7.31898
7.28657
7.31122
7.36019
7.45375
7.63632
7.92485
7.92485
7.63632
7.45375
7.36019
7.31122
7.31122
7.36019
7.45375
7.63632
7.92485
7.92485
7.63632
7.45375
7.36019
7.31122
7.28657
7.31898
7.38508
7.48316
7.63632
7.63632
7.48316
7.38508
7.31898
7.28657
7.26106
7.28354
7.32474
7.38508
7.45375
7.45375
7.38508
7.32474
7.28354
7.26106
7.23952
7.25465
7.28354
7.31898
7.36019
7.36019
7.31898
7.28354
7.25465
7.23952
7.22775
7.23952
7.26106
7.28657
7.31122
7.31122
7.28657
7.26106
7.23952
7.22775
6.94645
6.95916
6.98199
7.01018
7.03773
7.03773
7.01018
6.98199
6.95916
6.94646
6.95916
6.9757
7.00711
7.04738
7.09767
7.09767
7.04738
7.00711
6.9757
6.95916
6.98199
7.00711
7.05123
7.12306
7.20539
7.20539
7.12306
7.05123
7.00711
6.98199
7.01018
7.04738
7.12306
7.2455
7.46163
7.46163
7.2455
7.12306
7.04738
7.01018
7.03773
7.09767
7.20539
7.46163
7.90845
7.90845
7.46163
7.20539
7.09767
7.03773
7.03773
7.09767
7.20539
7.46163
7.90845
7.90845
7.46163
7.20539
7.09767
7.03773
7.01018
7.04738
7.12306
7.2455
7.46163
7.46163
7.2455
7.12306
7.04738
7.01018
6.98199
7.00711
7.05123
7.12306
7.20539
7.20539
7.12306
7.05123
7.00711
6.98199
6.95916
6.9757
7.00711
7.04738
7.09767
7.09767
7.04738
7.00711
6.9757
6.95916
6.94645
6.95916
6.98199
7.01018
7.03773
7.03773
7.01018
6.98199
6.95916
6.94646
6.65874
6.672
6.69511
6.72499
6.75374
6.75374
6.72499
6.69511
6.672
6.65874
6.672
6.68939
6.72185
6.76545
6.82322
6.82322
6.76545
6.72185
6.68939
6.672
6.6951
6.72185
6.76495
6.84599
6.93215
6.93215
6.84599
6.76495
6.72185
6.69511
6.72499
6.76545
6.84599
6.989
7.2673
7.2673
6.989
6.84599
6.76545
6.72499
6.75374
6.82322
6.93215
7.2673
7.9319
7.9319
7.2673
6.93215
6.82322
6.75374
6.75374
6.82322
6.93215
7.2673
7.9319
7.9319
7.2673
6.93215
6.82322
6.75374
6.72499
6.76545
6.84599
6.989
7.2673
7.2673
6.989
6.84599
6.76545
6.72499
6.69511
6.72185
6.76495
6.84599
6.93215
6.93215
6.84599
6.76495
6.72185
6.69511
6.672
6.68939
6.72185
6.76545
6.82322
6.82322
6.76545
6.72185
6.68939
6.672
6.65874
6.672
6.69511
6.72499
6.75374
6.75374
6.72499
6.69511
6.672
6.65874
6.36435
6.37768
6.39987
6.42994
6.45727
6.45727
6.42994
6.39987
6.37768
6.36435
6.37768
6.39513
6.42658
6.47059
6.53201
6.53201
6.47059
6.42658
6.39513
6.37768
6.39987
6.42658
6.463
6.54637
6.60508
6.60508
6.54637
6.463
6.42658
6.39987
6.42994
6.47059
6.54637
6.68091
6.97199
6.97199
6.68091
6.54637
6.47059
6.42994
6.45727
6.53201
6.60508
6.97199
7.77895
7.77895
6.97199
6.60508
6.53201
6.45727
6.45727
6.53201
6.60508
6.97199
7.77895
7.77895
6.97199
6.60508
6.53201
6.45727
6.42994
6.47059
6.54637
6.68091
6.97199
6.97199
6.68091
6.54637
6.47059
6.42994
6.39987
6.42658
6.463
6.54637
6.60508
6.60508
6.54637
6.463
6.42658
6.39987
6.37768
6.39513
6.42658
6.47059
6.53201
6.53201
6.47059
6.42658
6.39513
6.37768
6.36435
6.37768
6.39987
6.42994
6.45727
6.45727
6.42994
6.39987
6.37768
6.36435
6.06327
6.0762
6.09641
6.12486
6.14734
6.14734
6.12486
6.09641
6.0762
6.06327
6.0762
6.09285
6.121
6.16149
6.21683
6.21683
6.16149
6.121
6.09285
6.0762
6.09641
6.121
6.14409
6.21617
6.20263
6.20263
6.21617
6.14409
6.121
6.09641
6.12486
6.16149
6.21617
6.2906
6.54349
6.54349
6.2906
6.21617
6.16149
6.12486
6.14734
6.21683
6.20263
6.54349
6.94316
6.94316
6.54349
6.20263
6.21683
6.14734
6.14734
6.21683
6.20263
6.54349
6.94316
6.94316
6.54349
6.20263
6.21683
6.14734
6.12486
6.16149
6.21617
6.2906
6.54349
6.54349
6.2906
6.21617
6.16149
6.12486
6.09641
6.121
6.14409
6.21617
6.20263
6.20263
6.21617
6.14409
6.121
6.09641
6.0762
6.09285
6.121
6.16149
6.21683
6.21683
6.16149
6.121
6.09285
6.0762
6.06327
6.0762
6.09641
6.12486
6.14734
6.14734
6.12486
6.09641
6.0762
6.06327
5.75582
5.76797
5.78589
5.81113
5.82719
5.82719
5.81113
5.78589
5.76797
5.75582
5.76797
5.78316
5.80632
5.84031
5.87389
5.87389
5.84031
5.80632
5.78316
5.76797
5.78589
5.80632
5.81383
5.85342
5.74855
5.74855
5.85342
5.81383
5.80632
5.78589
5.81113
5.84031
5.85342
5.85125
5.92087
5.92087
5.85125
5.85342
5.84031
5.81113
5.82719
5.87389
5.74855
5.92087
5.6514
5.6514
5.92087
5.74855
5.87389
5.82719
5.82719
5.87389
5.74855
5.92087
5.6514
5.6514
5.92087
5.74855
5.87389
5.82719
5.81113
5.84031
5.85342
5.85125
5.92087
5.92087
5.85125
5.85342
5.84031
5.81113
5.78589
5.80632
5.81383
5.85342
5.74855
5.74855
5.85342
5.81383
5.80632
5.78589
5.76797
5.78316
5.80632
5.84031
5.87389
5.87389
5.84031
5.80632
5.78316
5.76797
5.75582
5.76797
5.78589
5.81113
5.82719
5.82719
5.81113
5.78589
5.76797
5.75582
5.44247
5.45373
5.47046
5.49207
5.50225
5.50225
5.49207
5.47046
5.45373
5.44247
5.45373
5.46743
5.48598
5.51352
5.51945
5.51945
5.51352
5.48598
5.46743
5.45373
5.47046
5.48598
5.48536
5.49151
5.34578
5.34578
5.49151
5.48536
5.48598
5.47046
5.49207
5.51352
5.49151
5.42998
5.1746
5.1746
5.42998
5.49151
5.51352
5.49207
5.50225
5.51945
5.34578
5.1746
4.84834
4.84834
5.1746
5.34578
5.51945
5.50225
5.50225
5.51945
5.34578
5.1746
4.84834
4.84834
5.1746
5.34578
5.51945
5.50225
5.49207
5.51352
5.49151
5.42998
5.1746
5.1746
5.42998
5.49151
5.51352
5.49207
5.47046
5.48598
5.48536
5.49151
5.34578
5.34578
5.49151
5.48536
5.48598
5.47046
5.45373
5.46743
5.48598
5.51352
5.51945
5.51945
5.51352
5.48598
5.46743
5.45373
5.44247
5.45373
5.47046
5.49207
5.50225
5.50225
5.49207
5.47046
5.45373
5.44247
5.12372
5.1342
5.15228
5.1718
5.18287
5.18287
5.1718
5.15229
5.1342
5.12372
5.1342
5.1471
5.1649
5.19177
5.1879
5.1879
5.19177
5.1649
5.1471
5.1342
5.15228
5.1649
5.17072
5.16908
5.03408
5.03408
5.16908
5.17072
5.1649
5.15229
5.17179
5.19177
5.16908
5.16738
4.84538
4.84538
5.16738
5.16908
5.19177
5.1718
5.18287
5.1879
5.03408
4.84538
4.96854
4.96854
4.84538
5.03408
5.1879
5.18287
5.18287
5.1879
5.03408
4.84538
4.96854
4.96854
4.84538
5.03408
5.1879
5.18287
5.17179
5.19177
5.16908
5.16738
4.84538
4.84538
5.16738
5.16908
5.19177
5.1718
5.15228
5.1649
5.17072
5.16908
5.03408
5.03408
5.16908
5.17072
5.1649
5.15229
5.1342
5.1471
5.1649
5.19177
5.1879
5.1879
5.19177
5.1649
5.1471
5.1342
5.12372
5.1342
5.15228
5.1718
5.18287
5.18287
5.1718
5.15229
5.1342
5.12372
4.79972
4.80957
4.8323
4.8514
4.87373
4.87373
4.8514
4.8323
4.80957
4.79972
4.80957
4.82242
4.84455
4.87685
4.88724
4.88724
4.87685
4.84455
4.82242
4.80957
4.8323
4.84455
4.87562
4.88702
4.84306
4.84306
4.88702
4.87562
4.84455
4.8323
4.8514
4.87685
4.88702
5.01937
4.94068
4.94068
5.01937
4.88702
4.87685
4.8514
4.87373
4.88724
4.84306
4.94068
5.02837
5.02837
4.94068
4.84306
4.88724
4.87373
4.87373
4.88724
4.84306
4.94068
5.02837
5.02837
4.94068
4.84306
4.88724
4.87373
4.8514
4.87685
4.88702
5.01937
4.94068
4.94068
5.01937
4.88702
4.87685
4.8514
4.8323
4.84455
4.87562
4.88702
4.84306
4.84306
4.88702
4.87562
4.84455
4.8323
4.80957
4.82242
4.84455
4.87685
4.88724
4.88724
4.87685
4.84455
4.82242
4.80957
4.79972
4.80957
4.8323
4.8514
4.87373
4.87373
4.8514
4.8323
4.80957
4.79972
4.47021
4.47914
4.50915
4.52746
4.57109
4.57109
4.52746
4.50915
4.47914
4.47021
4.47914
4.49173
4.52137
4.55742
4.59297
4.59297
4.55742
4.52137
4.49173
4.47914
4.50915
4.52137
4.59425
4.61579
4.78711
4.78711
4.61579
4.59425
4.52137
4.50915
4.52746
4.55742
4.61579
4.84243
4.95512
4.95512
4.84243
4.61579
4.55742
4.52746
4.57109
4.59297
4.78711
4.95512
3.46968
3.46968
4.95512
4.78711
4.59297
4.57109
4.57109
4.59297
4.78711
4.95512
3.46968
3.46968
4.95512
4.78711
4.59297
4.57109
4.52746
4.55742
4.61579
4.84242
4.95512
4.95512
4.84242
4.61579
4.55742
4.52746
4.50915
4.52137
4.59425
4.61579
4.78711
4.78711
4.61579
4.59425
4.52137
4.50915
4.47914
4.49173
4.52137
4.55742
4.59297
4.59297
4.55742
4.52137
4.49173
4.47914
4.47021
4.47914
4.50915
4.52746
4.57109
4.57109
4.52746
4.50915
4.47914
4.47021
4.13456
4.14166
4.17997
4.19405
4.26347
4.26347
4.19405
4.17997
4.14166
4.13456
4.14166
4.1525
4.18807
4.21955
4.27014
4.27014
4.21955
4.18807
4.1525
4.14166
4.17997
4.18807
4.31151
4.31349
4.81516
4.81516
4.31349
4.31151
4.18807
4.17997
4.19405
4.21955
4.31349
4.50523
4.5515
4.5515
4.50523
4.31349
4.21955
4.19405
4.26347
4.27014
4.81516
4.5515
0.372626
0.372626
4.5515
4.81516
4.27014
4.26347
4.26347
4.27014
4.81516
4.5515
0.372625
0.372626
4.5515
4.81516
4.27014
4.26347
4.19405
4.21955
4.31349
4.50523
4.5515
4.5515
4.50523
4.31349
4.21955
4.19405
4.17997
4.18807
4.31151
4.31349
4.81516
4.81516
4.31349
4.31151
4.18807
4.17997
4.14166
4.1525
4.18807
4.21955
4.27014
4.27014
4.21955
4.18807
4.1525
4.14166
4.13456
4.14166
4.17997
4.19405
4.26347
4.26347
4.19405
4.17997
4.14166
4.13456
3.79223
3.79654
3.84094
3.84744
3.93312
3.93312
3.84744
3.84094
3.79654
3.79224
3.79654
3.80344
3.84191
3.85667
3.89298
3.89298
3.85667
3.84191
3.80344
3.79654
3.84094
3.84191
3.99001
3.95298
4.58854
4.58854
3.95298
3.99001
3.84191
3.84095
3.84744
3.85667
3.95298
4.0051
3.85941
3.85941
4.0051
3.95298
3.85667
3.84744
3.93312
3.89298
4.58854
3.85941
3.79223
3.79223
3.85941
4.58854
3.89298
3.93312
3.93312
3.89298
4.58854
3.85941
3.79223
3.79223
3.85941
4.58854
3.89298
3.93312
3.84744
3.85667
3.95298
4.0051
3.85941
3.85941
4.0051
3.95298
3.85667
3.84744
3.84094
3.84191
3.99001
3.95298
4.58854
4.58854
3.95298
3.99001
3.84191
3.84095
3.79654
3.80344
3.84191
3.85667
3.89298
3.89298
3.85667
3.84191
3.80344
3.79654
3.79224
3.79654
3.84094
3.84744
3.93312
3.93312
3.84744
3.84095
3.79654
3.79224
3.44292
3.44353
3.48988
3.48531
3.56911
3.56911
3.48531
3.48988
3.44353
3.44292
3.44353
3.44525
3.48082
3.47572
3.51653
3.51653
3.47572
3.48082
3.44525
3.44353
3.48988
3.48082
3.61139
3.51763
3.85819
3.85819
3.51763
3.61139
3.48082
3.48988
3.48531
3.47572
3.51763
3.50833
3.32237
3.32237
3.50833
3.51763
3.47572
3.48531
3.56911
3.51653
3.85819
3.32237
6.61846
6.61846
3.32237
3.85819
3.51653
3.56911
3.56911
3.51653
3.85819
3.32237
6.61846
6.61846
3.32237
3.85819
3.51653
3.56911
3.48531
3.47572
3.51763
3.50833
3.32237
3.32237
3.50833
3.51763
3.47572
3.48531
3.48988
3.48082
3.61139
3.51763
3.85819
3.85819
3.51763
3.61139
3.48082
3.48988
3.44353
3.44525
3.48082
3.47572
3.51653
3.51653
3.47572
3.48082
3.44525
3.44353
3.44292
3.44353
3.48988
3.48531
3.56911
3.56911
3.48531
3.48988
3.44353
3.44292
3.08745
3.08455
3.12909
3.11477
3.18989
3.18989
3.11477
3.12909
3.08455
3.08745
3.08455
3.08094
3.11438
3.08958
3.16765
3.16765
3.08958
3.11438
3.08094
3.08455
3.12909
3.11438
3.20746
3.08639
3.16743
3.16743
3.0864
3.20746
3.11438
3.12909
3.11477
3.08958
3.0864
2.99024
3.2815
3.2815
2.99024
3.0864
3.08958
3.11477
3.18989
3.16765
3.16743
3.2815
3.66276
3.66276
3.2815
3.16743
3.16765
3.18989
3.18989
3.16765
3.16743
3.2815
3.66276
3.66276
3.2815
3.16743
3.16765
3.18989
3.11477
3.08958
3.0864
2.99024
3.2815
3.2815
2.99024
3.0864
3.08958
3.11477
3.12909
3.11438
3.20746
3.0864
3.16743
3.16743
3.0864
3.20746
3.11438
3.12909
3.08455
3.08094
3.11438
3.08958
3.16765
3.16765
3.08958
3.11438
3.08094
3.08455
3.08745
3.08455
3.12909
3.11477
3.18989
3.18989
3.11477
3.12909
3.08455
3.08745
2.7267
2.72047
2.76315
2.73787
2.82255
2.82255
2.73787
2.76315
2.72047
2.7267
2.72047
2.71318
2.74284
2.70506
2.81307
2.81307
2.70507
2.74284
2.71318
2.72047
2.76315
2.74284
2.84126
2.65731
2.92511
2.92511
2.65731
2.84126
2.74284
2.76315
2.73787
2.70507
2.65731
2.21836
2.54235
2.54235
2.21836
2.65731
2.70507
2.73787
2.82255
2.81307
2.92511
2.54235
2.68411
2.68411
2.54235
2.92511
2.81307
2.82255
2.82255
2.81307
2.92511
2.54235
2.68411
2.68411
2.54235
2.92511
2.81307
2.82255
2.73787
2.70507
2.65731
2.21836
2.54235
2.54235
2.21836
2.65731
2.70507
2.73787
2.76315
2.74284
2.84126
2.65731
2.92511
2.92511
2.65731
2.84126
2.74284
2.76315
2.72047
2.71318
2.74284
2.70506
2.81307
2.81307
2.70506
2.74284
2.71318
2.72047
2.7267
2.72047
2.76315
2.73787
2.82255
2.82255
2.73787
2.76315
2.72047
2.7267
2.3625
2.35356
2.39467
2.36219
2.46921
2.46921
2.36219
2.39467
2.35356
2.3625
2.35356
2.34319
2.37169
2.32625
2.47231
2.47231
2.32625
2.37169
2.34319
2.35356
2.39467
2.37169
2.50782
2.32433
3.14037
3.14037
2.32432
2.50782
2.37169
2.39467
2.36219
2.32626
2.32433
1.89286
2.02173
2.02172
1.89286
2.32432
2.32626
2.36219
2.46921
2.47231
3.14037
2.02173
-0.784668
-0.784672
2.02173
3.14037
2.47231
2.46921
2.46921
2.47231
3.14037
2.02172
-0.784672
-0.784675
2.02172
3.14037
2.47231
2.46921
2.36219
2.32625
2.32432
1.89286
2.02173
2.02173
1.89286
2.32432
2.32625
2.36219
2.39467
2.37169
2.50782
2.32432
3.14037
3.14037
2.32432
2.50782
2.37169
2.39467
2.35356
2.34319
2.37169
2.32625
2.47231
2.47231
2.32625
2.37169
2.34319
2.35356
2.3625
2.35356
2.39467
2.36219
2.46921
2.46921
2.36219
2.39467
2.35356
2.3625
1.99511
1.9845
2.01899
1.98833
2.10259
2.10259
1.98833
2.01899
1.9845
1.99511
1.9845
1.97402
2.00304
1.98007
2.28066
2.28066
1.98007
2.00304
1.97402
1.9845
2.01899
2.00304
2.13342
2.04808
3.08104
3.08104
2.04808
2.13342
2.00304
2.01899
1.98833
1.98007
2.04808
1.8993
1.7046
1.7046
1.8993
2.04808
1.98007
1.98833
2.10259
2.28066
3.08104
1.7046
-6.64616
-6.64616
1.7046
3.08104
2.28066
2.10259
2.10259
2.28066
3.08104
1.7046
-6.64616
-6.64616
1.7046
3.08104
2.28066
2.10259
1.98833
1.98007
2.04808
1.8993
1.7046
1.7046
1.8993
2.04808
1.98007
1.98833
2.01899
2.00304
2.13342
2.04808
3.08104
3.08104
2.04808
2.13342
2.00304
2.01899
1.9845
1.97402
2.00304
1.98007
2.28066
2.28066
1.98007
2.00304
1.97402
1.9845
1.99511
1.9845
2.01899
1.98833
2.10259
2.10259
1.98833
2.01899
1.9845
1.99511
1.62591
1.61369
1.63319
1.59913
1.67446
1.67447
1.59913
1.63319
1.61369
1.62591
1.61369
1.60251
1.61464
1.60807
1.89246
1.89246
1.60807
1.61464
1.60252
1.61369
1.63319
1.61464
1.64726
1.5234
1.75594
1.75594
1.5234
1.64726
1.61464
1.63319
1.59913
1.60807
1.5234
1.92366
0.913086
0.913085
1.92366
1.5234
1.60807
1.59913
1.67447
1.89246
1.75594
0.913086
58.9158
58.9158
0.913083
1.75594
1.89246
1.67447
1.67447
1.89246
1.75594
0.913086
58.9158
58.9158
0.913084
1.75594
1.89246
1.67447
1.59913
1.60807
1.5234
1.92366
0.913084
0.913083
1.92366
1.5234
1.60807
1.59913
1.63319
1.61464
1.64726
1.5234
1.75594
1.75594
1.5234
1.64726
1.61464
1.63319
1.61369
1.60251
1.61464
1.60807
1.89246
1.89246
1.60807
1.61464
1.60252
1.61369
1.62591
1.61369
1.63319
1.59913
1.67446
1.67446
1.59913
1.63319
1.61369
1.62591
1.25683
1.24294
1.24076
1.19748
1.1781
1.1781
1.19748
1.24076
1.24294
1.25683
1.24294
1.22703
1.20501
1.16241
1.12901
1.12901
1.16241
1.20501
1.22703
1.24294
1.24076
1.20501
1.07114
0.842431
-0.219116
-0.219115
0.842431
1.07114
1.20501
1.24076
1.19748
1.16241
0.842431
0.896569
1.07348
1.07348
0.896568
0.84243
1.16241
1.19748
1.1781
1.12901
-0.219116
1.07348
1.00057
1.00057
1.07348
-0.219116
1.12901
1.1781
1.1781
1.12901
-0.219115
1.07348
1.00057
1.00057
1.07348
-0.219115
1.12901
1.1781
1.19748
1.16241
0.842431
0.896569
1.07348
1.07348
0.896568
0.842431
1.16241
1.19748
1.24076
1.20501
1.07114
0.84243
-0.219117
-0.219116
0.84243
1.07114
1.20501
1.24076
1.24294
1.22703
1.20501
1.16241
1.12901
1.12901
1.16241
1.20501
1.22703
1.24294
1.25683
1.24294
1.24076
1.19748
1.1781
1.1781
1.19748
1.24076
1.24294
1.25683
0.890121
0.875473
0.855875
0.808633
0.737632
0.737632
0.808633
0.855875
0.875473
0.890121
0.875473
0.856269
0.807258
0.729545
0.458063
0.458063
0.729545
0.807258
0.856269
0.875473
0.855875
0.807258
0.628431
0.338668
-0.649451
-0.649451
0.338668
0.628431
0.807258
0.855876
0.808633
0.729546
0.338669
-0.426452
-0.839631
-0.839631
-0.426452
0.338668
0.729546
0.808633
0.737632
0.458063
-0.649451
-0.839631
-1.23509
-1.23509
-0.839631
-0.649451
0.458062
0.737632
0.737633
0.458063
-0.649451
-0.839631
-1.23509
-1.23509
-0.83963
-0.649451
0.458063
0.737633
0.808633
0.729546
0.338668
-0.426452
-0.839631
-0.83963
-0.426453
0.338668
0.729545
0.808633
0.855876
0.807258
0.628431
0.338668
-0.649451
-0.649451
0.338668
0.628431
0.807258
0.855876
0.875473
0.856269
0.807258
0.729545
0.458062
0.458062
0.729545
0.807258
0.856269
0.875473
0.890121
0.875473
0.855875
0.808633
0.737632
0.737632
0.808633
0.855875
0.875473
0.890121
0.531224
0.520807
0.503596
0.470938
0.407317
0.407317
0.470938
0.503596
0.520807
0.531224
0.520807
0.507385
0.467373
0.403889
0.177169
0.177169
0.403889
0.467373
0.507385
0.520807
0.503596
0.467373
0.340135
0.163924
-0.415271
-0.415271
0.163924
0.340135
0.467373
0.503596
0.470939
0.403889
0.163924
-0.336571
-1.07832
-1.07832
-0.336571
0.163924
0.403889
0.470939
0.407317
0.177169
-0.415271
-1.07832
-1.19257
-1.19257
-1.07831
-0.415271
0.177169
0.407317
0.407317
0.177169
-0.415271
-1.07832
-1.19257
-1.19257
-1.07831
-0.415271
0.177169
0.407317
0.470939
0.403889
0.163924
-0.336571
-1.07831
-1.07831
-0.336571
0.163924
0.403889
0.470939
0.503596
0.467373
0.340135
0.163924
-0.415272
-0.415272
0.163924
0.340135
0.467373
0.503596
0.520807
0.507385
0.467373
0.403889
0.177169
0.177169
0.403889
0.467373
0.507385
0.520807
0.531224
0.520807
0.503596
0.470938
0.407317
0.407317
0.470938
0.503596
0.520807
0.531224
0.174073
0.16951
0.158123
0.144862
0.113385
0.113385
0.144862
0.158123
0.16951
0.174073
0.16951
0.162333
0.146099
0.114342
0.0522422
0.0522422
0.114342
0.146099
0.162333
0.16951
0.158123
0.146099
0.094287
0.0474136
-0.1689
-0.1689
0.0474136
0.094287
0.146099
0.158123
0.144862
0.114342
0.0474136
-0.133193
-0.85704
-0.85704
-0.133193
0.0474137
0.114342
0.144862
0.113385
0.0522423
-0.1689
-0.85704
-1.25068
-1.25068
-0.85704
-0.1689
0.0522423
0.113385
0.113385
0.0522423
-0.1689
-0.85704
-1.25068
-1.25068
-0.85704
-0.1689
0.0522423
0.113385
0.144862
0.114342
0.0474136
-0.133193
-0.85704
-0.85704
-0.133193
0.0474137
0.114342
0.144862
0.158123
0.146099
0.094287
0.0474136
-0.1689
-0.1689
0.0474136
0.094287
0.146099
0.158123
0.16951
0.162333
0.146099
0.114342
0.0522422
0.0522422
0.114342
0.146099
0.162333
0.16951
0.174073
0.16951
0.158123
0.144862
0.113385
0.113385
0.144862
0.158123
0.16951
0.174073
)
;

boundaryField
{
    bottom
    {
        type            calculated;
        value           nonuniform List<scalar> 
100
(
11.9127
11.9131
11.9138
11.9145
11.915
11.915
11.9145
11.9138
11.9131
11.9127
11.9131
11.9136
11.9143
11.915
11.9155
11.9155
11.915
11.9143
11.9136
11.9131
11.9138
11.9143
11.9151
11.9158
11.9163
11.9163
11.9158
11.9151
11.9143
11.9138
11.9145
11.915
11.9158
11.9166
11.9172
11.9172
11.9166
11.9158
11.915
11.9145
11.915
11.9155
11.9163
11.9172
11.9177
11.9177
11.9172
11.9163
11.9155
11.915
11.915
11.9155
11.9163
11.9172
11.9177
11.9177
11.9172
11.9163
11.9155
11.915
11.9145
11.915
11.9158
11.9166
11.9172
11.9172
11.9166
11.9158
11.915
11.9145
11.9138
11.9143
11.9151
11.9158
11.9163
11.9163
11.9158
11.9151
11.9143
11.9138
11.9131
11.9136
11.9143
11.915
11.9155
11.9155
11.915
11.9143
11.9136
11.9131
11.9127
11.9131
11.9138
11.9145
11.915
11.915
11.9145
11.9138
11.9131
11.9127
)
;
    }
    atmosphere
    {
        type            calculated;
        value           nonuniform List<scalar> 
100
(
0
0
0
0
0
0
0
0
0
0
0
0
0
0
0
0
0
0
0
0
0
0
0
0
-0.240042
-0.240043
0
0
0
0
0
0
0
-0.187541
-1.06583
-1.06583
-0.187541
0
0
0
0
0
-0.240043
-1.06583
-1.37932
-1.37932
-1.06583
-0.240042
0
0
0
0
-0.240043
-1.06583
-1.37932
-1.37932
-1.06583
-0.240042
0
0
0
0
0
-0.187541
-1.06583
-1.06583
-0.187541
0
0
0
0
0
0
0
-0.240042
-0.240043
0
0
0
0
0
0
0
0
0
0
0
0
0
0
0
0
0
0
0
0
0
0
0
0
)
;
    }
    walls
    {
        type            calculated;
        value           nonuniform List<scalar> 
1600
(
11.7901
11.7905
11.7912
11.7919
11.7923
11.7923
11.7919
11.7912
11.7905
11.7901
11.5447
11.5451
11.5459
11.5466
11.5471
11.5471
11.5466
11.5459
11.5451
11.5447
11.299
11.2995
11.3004
11.3012
11.3018
11.3018
11.3012
11.3004
11.2995
11.299
11.0532
11.0538
11.0548
11.0558
11.0565
11.0565
11.0558
11.0548
11.0538
11.0532
10.807
10.8078
10.809
10.8103
10.8111
10.8111
10.8103
10.809
10.8078
10.807
10.5605
10.5615
10.5631
10.5646
10.5657
10.5657
10.5646
10.5631
10.5615
10.5605
10.3136
10.3148
10.3168
10.3188
10.3202
10.3202
10.3188
10.3168
10.3148
10.3136
10.0662
10.0677
10.0703
10.0728
10.0747
10.0747
10.0728
10.0703
10.0677
10.0662
9.81803
9.81991
9.82323
9.82651
9.82892
9.82892
9.82651
9.82323
9.81991
9.81803
9.56901
9.57138
9.5756
9.5798
9.58295
9.58295
9.5798
9.5756
9.57138
9.56901
9.31886
9.32184
9.32718
9.33254
9.33664
9.33664
9.33254
9.32718
9.32184
9.31886
9.0673
9.07101
9.07771
9.08451
9.08983
9.08983
9.08451
9.07771
9.07101
9.0673
8.81397
8.81855
8.82688
8.83542
8.84231
8.84231
8.83542
8.82688
8.81855
8.81397
8.55844
8.56403
8.57426
8.58491
8.59375
8.59375
8.58491
8.57426
8.56403
8.55844
8.30019
8.30693
8.31933
8.33245
8.34369
8.34369
8.33245
8.31933
8.30693
8.30019
8.03866
8.04665
8.06141
8.07736
8.09152
8.09152
8.07736
8.06141
8.04665
8.03866
7.7732
7.7825
7.79971
7.81878
7.83626
7.83626
7.81878
7.79971
7.7825
7.7732
7.50312
7.51372
7.53327
7.55562
7.5767
7.5767
7.55562
7.53327
7.51372
7.50312
7.22775
7.23952
7.26106
7.28657
7.31122
7.31122
7.28657
7.26106
7.23952
7.22775
6.94645
6.95916
6.98199
7.01018
7.03773
7.03773
7.01018
6.98199
6.95916
6.94645
6.65874
6.672
6.6951
6.72499
6.75374
6.75374
6.72499
6.69511
6.672
6.65874
6.36435
6.37768
6.39987
6.42994
6.45727
6.45727
6.42994
6.39987
6.37768
6.36435
6.06327
6.0762
6.09641
6.12486
6.14734
6.14734
6.12486
6.09641
6.0762
6.06327
5.75582
5.76797
5.78589
5.81113
5.82719
5.82719
5.81113
5.78589
5.76797
5.75582
5.44247
5.45373
5.47046
5.49207
5.50225
5.50225
5.49207
5.47046
5.45373
5.44247
5.12372
5.1342
5.15228
5.17179
5.18287
5.18287
5.17179
5.15228
5.1342
5.12372
4.79972
4.80957
4.8323
4.8514
4.87373
4.87373
4.8514
4.8323
4.80957
4.79972
4.47021
4.47914
4.50915
4.52746
4.57109
4.57109
4.52746
4.50915
4.47914
4.47021
4.13456
4.14166
4.17997
4.19405
4.26347
4.26347
4.19405
4.17997
4.14166
4.13456
3.79223
3.79654
3.84094
3.84744
3.93312
3.93312
3.84744
3.84094
3.79654
3.79224
3.44292
3.44353
3.48988
3.48531
3.56911
3.56911
3.48531
3.48988
3.44353
3.44292
3.08745
3.08455
3.12909
3.11477
3.18989
3.18989
3.11477
3.12909
3.08455
3.08745
2.7267
2.72047
2.76315
2.73787
2.82255
2.82255
2.73787
2.76315
2.72047
2.7267
2.3625
2.35356
2.39467
2.36219
2.46921
2.46921
2.36219
2.39467
2.35356
2.3625
1.99511
1.9845
2.01899
1.98833
2.10259
2.10259
1.98833
2.01899
1.9845
1.99511
1.62591
1.61369
1.63319
1.59913
1.67447
1.67447
1.59913
1.63319
1.61369
1.62591
1.25683
1.24294
1.24076
1.19748
1.1781
1.1781
1.19748
1.24076
1.24294
1.25683
0.890121
0.875473
0.855875
0.808633
0.737632
0.737633
0.808633
0.855876
0.875473
0.890121
0.531224
0.520807
0.503596
0.470939
0.407317
0.407317
0.470939
0.503596
0.520807
0.531224
0.174073
0.16951
0.158123
0.144862
0.113385
0.113385
0.144862
0.158123
0.16951
0.174073
11.7901
11.7905
11.7912
11.7919
11.7923
11.7923
11.7919
11.7912
11.7905
11.7901
11.5447
11.5451
11.5459
11.5466
11.5471
11.5471
11.5466
11.5459
11.5451
11.5447
11.299
11.2995
11.3004
11.3012
11.3018
11.3018
11.3012
11.3004
11.2995
11.299
11.0532
11.0538
11.0548
11.0558
11.0565
11.0565
11.0558
11.0548
11.0538
11.0532
10.807
10.8078
10.809
10.8103
10.8111
10.8111
10.8103
10.809
10.8078
10.807
10.5605
10.5615
10.5631
10.5646
10.5657
10.5657
10.5646
10.5631
10.5615
10.5605
10.3136
10.3148
10.3168
10.3188
10.3202
10.3202
10.3188
10.3168
10.3148
10.3136
10.0662
10.0677
10.0703
10.0728
10.0747
10.0747
10.0728
10.0703
10.0677
10.0662
9.81803
9.81991
9.82323
9.82652
9.82892
9.82892
9.82652
9.82323
9.81991
9.81803
9.56901
9.57138
9.5756
9.57981
9.58295
9.58295
9.57981
9.5756
9.57138
9.56901
9.31886
9.32184
9.32718
9.33254
9.33664
9.33664
9.33254
9.32718
9.32184
9.31886
9.0673
9.07101
9.07771
9.08451
9.08983
9.08983
9.08451
9.07771
9.07101
9.0673
8.81397
8.81855
8.82688
8.83542
8.84231
8.84231
8.83542
8.82688
8.81855
8.81397
8.55844
8.56403
8.57426
8.58491
8.59375
8.59375
8.58491
8.57426
8.56403
8.55844
8.30019
8.30693
8.31933
8.33245
8.34369
8.34369
8.33245
8.31933
8.30693
8.30019
8.03866
8.04665
8.06141
8.07737
8.09152
8.09152
8.07737
8.06141
8.04665
8.03866
7.7732
7.7825
7.79971
7.81878
7.83626
7.83626
7.81878
7.79971
7.7825
7.7732
7.50312
7.51372
7.53327
7.55562
7.5767
7.5767
7.55562
7.53327
7.51372
7.50312
7.22775
7.23952
7.26106
7.28657
7.31122
7.31122
7.28657
7.26106
7.23952
7.22775
6.94646
6.95916
6.98199
7.01018
7.03773
7.03773
7.01018
6.98199
6.95916
6.94646
6.65874
6.672
6.69511
6.72499
6.75374
6.75374
6.72499
6.69511
6.672
6.65874
6.36435
6.37768
6.39987
6.42994
6.45727
6.45727
6.42994
6.39987
6.37768
6.36435
6.06327
6.0762
6.09641
6.12486
6.14734
6.14734
6.12486
6.09641
6.0762
6.06327
5.75582
5.76797
5.78589
5.81113
5.82719
5.82719
5.81113
5.78589
5.76797
5.75582
5.44247
5.45373
5.47046
5.49207
5.50225
5.50225
5.49207
5.47046
5.45373
5.44247
5.12372
5.1342
5.15229
5.1718
5.18287
5.18287
5.1718
5.15229
5.1342
5.12372
4.79972
4.80957
4.8323
4.8514
4.87373
4.87373
4.8514
4.8323
4.80957
4.79972
4.47021
4.47914
4.50915
4.52746
4.57109
4.57109
4.52746
4.50915
4.47914
4.47021
4.13456
4.14166
4.17997
4.19405
4.26347
4.26347
4.19405
4.17997
4.14166
4.13456
3.79224
3.79654
3.84095
3.84744
3.93312
3.93312
3.84744
3.84095
3.79654
3.79224
3.44292
3.44353
3.48988
3.48531
3.56911
3.56911
3.48531
3.48988
3.44353
3.44292
3.08745
3.08455
3.12909
3.11477
3.18989
3.18989
3.11477
3.12909
3.08455
3.08745
2.7267
2.72047
2.76315
2.73787
2.82255
2.82255
2.73787
2.76315
2.72047
2.7267
2.3625
2.35356
2.39467
2.36219
2.46921
2.46921
2.36219
2.39467
2.35356
2.3625
1.99511
1.9845
2.01899
1.98833
2.10259
2.10259
1.98833
2.01899
1.9845
1.99511
1.62591
1.61369
1.63319
1.59913
1.67447
1.67447
1.59913
1.63319
1.61369
1.62591
1.25683
1.24294
1.24076
1.19748
1.1781
1.1781
1.19748
1.24076
1.24294
1.25683
0.890121
0.875473
0.855876
0.808633
0.737632
0.737633
0.808633
0.855876
0.875473
0.890121
0.531224
0.520807
0.503596
0.470939
0.407317
0.407317
0.470939
0.503596
0.520807
0.531224
0.174073
0.16951
0.158123
0.144862
0.113385
0.113385
0.144862
0.158123
0.16951
0.174073
11.7901
11.5447
11.299
11.0532
10.807
10.5605
10.3136
10.0662
9.81803
9.56901
9.31886
9.0673
8.81397
8.55844
8.30019
8.03866
7.7732
7.50312
7.22775
6.94645
11.7905
11.5451
11.2995
11.0538
10.8078
10.5615
10.3148
10.0677
9.81991
9.57138
9.32184
9.07101
8.81855
8.56403
8.30693
8.04665
7.7825
7.51372
7.23952
6.95916
11.7912
11.5459
11.3004
11.0548
10.809
10.5631
10.3168
10.0703
9.82323
9.5756
9.32718
9.07771
8.82688
8.57426
8.31933
8.06141
7.79971
7.53327
7.26106
6.98199
11.7919
11.5466
11.3012
11.0558
10.8103
10.5646
10.3188
10.0728
9.82651
9.5798
9.33254
9.08451
8.83542
8.58491
8.33245
8.07737
7.81878
7.55562
7.28657
7.01018
11.7923
11.5471
11.3018
11.0565
10.8111
10.5657
10.3202
10.0747
9.82892
9.58295
9.33664
9.08983
8.84231
8.59375
8.34369
8.09152
7.83626
7.5767
7.31122
7.03773
11.7923
11.5471
11.3018
11.0565
10.8111
10.5657
10.3202
10.0747
9.82892
9.58295
9.33664
9.08983
8.84231
8.59375
8.34369
8.09152
7.83626
7.5767
7.31122
7.03773
11.7919
11.5466
11.3012
11.0558
10.8103
10.5646
10.3188
10.0728
9.82652
9.57981
9.33254
9.08451
8.83542
8.58491
8.33245
8.07737
7.81878
7.55562
7.28657
7.01018
11.7912
11.5459
11.3004
11.0548
10.809
10.5631
10.3168
10.0703
9.82323
9.5756
9.32718
9.07771
8.82688
8.57426
8.31933
8.06141
7.79971
7.53327
7.26106
6.98199
11.7905
11.5451
11.2995
11.0538
10.8078
10.5615
10.3148
10.0677
9.81991
9.57138
9.32184
9.07101
8.81855
8.56403
8.30693
8.04665
7.7825
7.51372
7.23952
6.95916
11.7901
11.5447
11.299
11.0532
10.807
10.5605
10.3136
10.0662
9.81803
9.56901
9.31886
9.0673
8.81397
8.55844
8.30019
8.03866
7.7732
7.50312
7.22775
6.94646
6.65874
6.36435
6.06327
5.75582
5.44247
5.12372
4.79972
4.47021
4.13456
3.79223
3.44292
3.08745
2.7267
2.3625
1.99511
1.62591
1.25683
0.890121
0.531224
0.174073
6.672
6.37768
6.0762
5.76797
5.45373
5.1342
4.80957
4.47914
4.14166
3.79654
3.44353
3.08455
2.72047
2.35356
1.9845
1.61369
1.24294
0.875473
0.520807
0.16951
6.69511
6.39987
6.09641
5.78589
5.47046
5.15228
4.8323
4.50915
4.17997
3.84094
3.48988
3.12909
2.76315
2.39467
2.01899
1.63319
1.24076
0.855875
0.503596
0.158123
6.72499
6.42994
6.12486
5.81113
5.49207
5.1718
4.8514
4.52746
4.19405
3.84744
3.48531
3.11477
2.73787
2.36219
1.98833
1.59913
1.19748
0.808633
0.470938
0.144862
6.75374
6.45727
6.14734
5.82719
5.50225
5.18287
4.87373
4.57109
4.26347
3.93312
3.56911
3.18989
2.82255
2.46921
2.10259
1.67446
1.1781
0.737632
0.407317
0.113385
6.75374
6.45727
6.14734
5.82719
5.50225
5.18287
4.87373
4.57109
4.26347
3.93312
3.56911
3.18989
2.82255
2.46921
2.10259
1.67447
1.1781
0.737632
0.407317
0.113385
6.72499
6.42994
6.12486
5.81113
5.49207
5.1718
4.8514
4.52746
4.19405
3.84744
3.48531
3.11477
2.73787
2.36219
1.98833
1.59913
1.19748
0.808633
0.470938
0.144862
6.69511
6.39987
6.09641
5.78589
5.47046
5.15229
4.8323
4.50915
4.17997
3.84094
3.48988
3.12909
2.76315
2.39467
2.01899
1.63319
1.24076
0.855875
0.503596
0.158123
6.672
6.37768
6.0762
5.76797
5.45373
5.1342
4.80957
4.47914
4.14166
3.79654
3.44353
3.08455
2.72047
2.35356
1.9845
1.61369
1.24294
0.875473
0.520807
0.16951
6.65874
6.36435
6.06327
5.75582
5.44247
5.12372
4.79972
4.47021
4.13456
3.79224
3.44292
3.08745
2.7267
2.3625
1.99511
1.62591
1.25683
0.890121
0.531224
0.174073
11.7901
11.5447
11.299
11.0532
10.807
10.5605
10.3136
10.0662
9.81803
9.56901
9.31886
9.0673
8.81397
8.55844
8.30019
8.03866
7.7732
7.50312
7.22775
6.94645
11.7905
11.5451
11.2995
11.0538
10.8078
10.5615
10.3148
10.0677
9.81991
9.57138
9.32184
9.07101
8.81855
8.56403
8.30693
8.04665
7.7825
7.51372
7.23952
6.95916
11.7912
11.5459
11.3004
11.0548
10.809
10.5631
10.3168
10.0703
9.82323
9.5756
9.32718
9.07771
8.82688
8.57426
8.31933
8.06141
7.79971
7.53327
7.26106
6.98199
11.7919
11.5466
11.3012
11.0558
10.8103
10.5646
10.3188
10.0728
9.82652
9.57981
9.33254
9.08451
8.83542
8.58491
8.33245
8.07737
7.81878
7.55562
7.28657
7.01018
11.7923
11.5471
11.3018
11.0565
10.8111
10.5657
10.3202
10.0747
9.82892
9.58295
9.33664
9.08983
8.84231
8.59375
8.34369
8.09152
7.83626
7.5767
7.31122
7.03773
11.7923
11.5471
11.3018
11.0565
10.8111
10.5657
10.3202
10.0747
9.82892
9.58295
9.33664
9.08983
8.84231
8.59375
8.34369
8.09152
7.83626
7.5767
7.31122
7.03773
11.7919
11.5466
11.3012
11.0558
10.8103
10.5646
10.3188
10.0728
9.82652
9.57981
9.33254
9.08451
8.83542
8.58491
8.33245
8.07737
7.81878
7.55562
7.28657
7.01018
11.7912
11.5459
11.3004
11.0548
10.809
10.5631
10.3168
10.0703
9.82323
9.5756
9.32718
9.07771
8.82688
8.57426
8.31933
8.06141
7.79971
7.53327
7.26106
6.98199
11.7905
11.5451
11.2995
11.0538
10.8078
10.5615
10.3148
10.0677
9.81991
9.57138
9.32184
9.07101
8.81855
8.56403
8.30693
8.04665
7.7825
7.51372
7.23952
6.95916
11.7901
11.5447
11.299
11.0532
10.807
10.5605
10.3136
10.0662
9.81803
9.56901
9.31886
9.0673
8.81397
8.55844
8.30019
8.03866
7.7732
7.50312
7.22775
6.94646
6.65874
6.36435
6.06327
5.75582
5.44247
5.12372
4.79972
4.47021
4.13456
3.79224
3.44292
3.08745
2.7267
2.3625
1.99511
1.62591
1.25683
0.890121
0.531224
0.174073
6.672
6.37768
6.0762
5.76797
5.45373
5.1342
4.80957
4.47914
4.14166
3.79654
3.44353
3.08455
2.72047
2.35356
1.9845
1.61369
1.24294
0.875473
0.520807
0.16951
6.69511
6.39987
6.09641
5.78589
5.47046
5.15228
4.8323
4.50915
4.17997
3.84094
3.48988
3.12909
2.76315
2.39467
2.01899
1.63319
1.24076
0.855875
0.503596
0.158123
6.72499
6.42994
6.12486
5.81113
5.49207
5.1718
4.8514
4.52746
4.19405
3.84744
3.48531
3.11477
2.73787
2.36219
1.98833
1.59913
1.19748
0.808633
0.470938
0.144862
6.75374
6.45727
6.14734
5.82719
5.50225
5.18287
4.87373
4.57109
4.26347
3.93312
3.56911
3.18989
2.82255
2.46921
2.10259
1.67446
1.1781
0.737632
0.407317
0.113385
6.75374
6.45727
6.14734
5.82719
5.50225
5.18287
4.87373
4.57109
4.26347
3.93312
3.56911
3.18989
2.82255
2.46921
2.10259
1.67446
1.1781
0.737632
0.407317
0.113385
6.72499
6.42994
6.12486
5.81113
5.49207
5.1718
4.8514
4.52746
4.19405
3.84744
3.48531
3.11477
2.73787
2.36219
1.98833
1.59913
1.19748
0.808633
0.470938
0.144862
6.69511
6.39987
6.09641
5.78589
5.47046
5.15229
4.8323
4.50915
4.17997
3.84095
3.48988
3.12909
2.76315
2.39467
2.01899
1.63319
1.24076
0.855875
0.503596
0.158123
6.672
6.37768
6.0762
5.76797
5.45373
5.1342
4.80957
4.47914
4.14166
3.79654
3.44353
3.08455
2.72047
2.35356
1.9845
1.61369
1.24294
0.875473
0.520807
0.16951
6.65874
6.36435
6.06327
5.75582
5.44247
5.12372
4.79972
4.47021
4.13456
3.79224
3.44292
3.08745
2.7267
2.3625
1.99511
1.62591
1.25683
0.890121
0.531224
0.174073
)
;
    }
}


// ************************************************************************* //
