/*--------------------------------*- C++ -*----------------------------------*\
| =========                 |                                                 |
| \\      /  F ield         | OpenFOAM: The Open Source CFD Toolbox           |
|  \\    /   O peration     | Version:  2412                                  |
|   \\  /    A nd           | Website:  www.openfoam.com                      |
|    \\/     M anipulation  |                                                 |
\*---------------------------------------------------------------------------*/
FoamFile
{
    version     2.0;
    format      ascii;
    arch        "LSB;label=32;scalar=64";
    class       volScalarField;
    location    "0.79";
    object      p;
}
// * * * * * * * * * * * * * * * * * * * * * * * * * * * * * * * * * * * * * //

dimensions      [1 -1 -2 0 0 0 0];

internalField   nonuniform List<scalar> 
1000
(
160.447
107.561
77.4549
57.6218
59.1389
59.1391
57.6217
77.4549
107.561
160.448
107.561
60.1944
35.2674
23.4971
21.9888
21.9888
23.4971
35.2674
60.1952
107.561
77.455
35.2674
40.3758
27.4353
25.7699
25.7701
27.435
40.3757
35.2673
77.4551
57.6218
23.4971
27.4352
20.5506
20.3345
20.3347
20.5508
27.435
23.4971
57.6217
59.1388
21.9888
25.7697
20.3346
20.5505
20.5507
20.3348
25.7698
21.9887
59.1389
59.139
21.9886
25.7702
20.335
20.551
20.5513
20.3352
25.7702
21.9886
59.1391
57.6216
23.497
27.435
20.551
20.3351
20.3353
20.5513
27.4348
23.497
57.6215
77.455
35.2673
40.3757
27.435
25.7699
25.7701
27.4349
40.3757
35.2673
77.4552
107.561
60.1956
35.2673
23.4971
21.9887
21.9887
23.497
35.2673
60.1967
107.562
160.448
107.561
77.4552
57.6216
59.1391
59.1392
57.6215
77.4552
107.562
160.448
111.61
56.3803
40.4916
33.5976
27.9585
27.9585
33.5978
40.4915
56.3807
111.611
56.3803
13.9226
16.1915
10.6829
9.84013
9.84006
10.6831
16.1917
13.9229
56.3807
40.4917
16.1915
33.2629
19.4904
16.993
16.9932
19.4902
33.2626
16.1915
40.4919
33.5975
10.6828
19.4904
16.4256
16.4074
16.4076
16.4256
19.4901
10.6829
33.5975
27.9585
9.84013
16.9929
16.4075
15.6076
15.6078
16.4076
16.9929
9.8401
27.9586
27.9584
9.83994
16.9933
16.4078
15.608
15.6082
16.4079
16.9933
9.83988
27.9585
33.5977
10.6831
19.4901
16.4258
16.4076
16.4078
16.4258
19.4898
10.6833
33.5977
40.4916
16.1917
33.2625
19.49
16.993
16.9932
19.4898
33.2623
16.1917
40.4918
56.3809
13.923
16.1915
10.6831
9.84005
9.83995
10.6833
16.1917
13.9232
56.3812
111.611
56.3808
40.4919
33.5975
27.9586
27.9586
33.5977
40.4918
56.3812
111.611
68.55
33.382
31.882
20.5362
18.4693
18.4693
20.5363
31.8822
33.3825
68.5506
33.382
5.73217
13.1307
9.84196
8.95643
8.95635
9.84189
13.1307
5.7321
33.3825
31.8821
13.1306
27.1104
18.1504
14.5746
14.5747
18.1504
27.1105
13.1306
31.8825
20.5361
9.84194
18.1502
16.3583
16.5687
16.5688
16.3584
18.1502
9.842
20.5361
18.4694
8.95645
14.5746
16.5689
16.0699
16.0701
16.5691
14.5748
8.95635
18.4693
18.4692
8.9562
14.5748
16.569
16.0703
16.0705
16.5692
14.5749
8.95608
18.4691
20.5362
9.84184
18.1504
16.3586
16.5693
16.5693
16.3587
18.1504
9.84191
20.5361
31.8824
13.1306
27.1106
18.1503
14.5748
14.5749
18.1504
27.1107
13.1305
31.8828
33.3827
5.73212
13.1306
9.84205
8.95625
8.95613
9.84199
13.1306
5.73209
33.3832
68.5508
33.3827
31.8826
20.5361
18.4693
18.4692
20.5362
31.8828
33.3832
68.5512
38.4376
21.2004
21.0572
14.5884
14.8274
14.8272
14.5884
21.0575
21.2011
38.4382
21.2003
5.87915
10.5437
8.94684
9.19382
9.19372
8.94679
10.5439
5.87899
21.2008
21.0573
10.5436
15.129
11.2976
13.2144
13.2144
11.2976
15.1291
10.5436
21.0578
14.5883
8.9468
11.2975
15.4301
15.2203
15.2201
15.4303
11.2975
8.94682
14.5882
14.8274
9.19385
13.2144
15.2205
14.428
14.4277
15.2206
13.2144
9.19387
14.8274
14.8272
9.19363
13.2144
15.2201
14.4273
14.4271
15.2202
13.2144
9.19364
14.8272
14.5884
8.94674
11.2976
15.4305
15.2206
15.2205
15.4307
11.2976
8.94677
14.5884
21.0577
10.5439
15.1292
11.2976
13.2144
13.2144
11.2977
15.1293
10.5439
21.0581
21.2013
5.879
10.5437
8.94689
9.19387
9.19375
8.94684
10.5439
5.87893
21.2018
38.4384
21.201
21.0579
14.5883
14.8274
14.8272
14.5884
21.0581
21.2017
38.4389
30.4549
18.0802
19.9126
14.9253
15.3658
15.3658
14.9252
19.9129
18.0806
30.4553
18.0802
5.62056
10.9055
8.79209
10.5455
10.5453
8.79202
10.9055
5.62049
18.0807
19.9124
10.9054
13.5564
12.3326
13.2098
13.2096
12.3325
13.5565
10.9054
19.9126
14.9252
8.79206
12.3324
14.9641
14.8143
14.8142
14.964
12.3324
8.79209
14.9251
15.3658
10.5455
13.2098
14.8144
13.7943
13.7938
14.8142
13.2097
10.5456
15.3657
15.3657
10.5452
13.2093
14.8141
13.7934
13.7931
14.814
13.2092
10.5453
15.3656
14.9251
8.79199
12.3325
14.9641
14.8142
14.8141
14.9641
12.3324
8.79204
14.925
19.9129
10.9054
13.5565
12.3325
13.2096
13.2094
12.3325
13.5566
10.9054
19.913
18.0808
5.62054
10.9055
8.79218
10.5456
10.5454
8.79213
10.9055
5.62059
18.0813
30.4555
18.0809
19.9127
14.9251
15.3657
15.3656
14.9251
19.913
18.0814
30.4559
22.8955
14.6173
16.0032
13.0647
13.5693
13.5693
13.0648
16.0038
14.6177
22.8959
14.6173
5.48177
10.6267
8.9509
10.8088
10.8087
8.95083
10.6266
5.48182
14.6176
16.0027
10.6265
13.3646
11.6991
12.6881
12.6881
11.6991
13.3646
10.6265
16.0023
13.0646
8.95086
11.6991
13.3025
13.248
13.2481
13.3025
11.699
8.95084
13.0646
13.5692
10.8088
12.6881
13.2479
12.9021
12.9018
13.2477
12.6881
10.8088
13.5692
13.5693
10.8087
12.688
13.248
12.9015
12.9012
13.2478
12.688
10.8087
13.5692
13.0647
8.95077
11.699
13.3025
13.2476
13.2476
13.3025
11.699
8.95078
13.0647
16.0036
10.6265
13.3646
11.6991
12.6881
12.688
11.6991
13.3646
10.6265
16.0033
14.6178
5.48194
10.6267
8.95091
10.8088
10.8087
8.95086
10.6266
5.48217
14.6183
22.8961
14.6178
16.0025
13.0647
13.5692
13.5692
13.0647
16.0031
14.6183
22.8966
17.2642
13.313
15.6885
13.274
13.3661
13.3662
13.274
15.6887
13.3134
17.2645
13.313
5.11371
10.6979
9.39987
10.963
10.963
9.39975
10.6978
5.11401
13.3134
15.6883
10.6976
12.9723
11.3818
12.1519
12.152
11.3818
12.9722
10.6974
15.6882
13.2738
9.39978
11.3818
11.5637
11.8622
11.8623
11.5637
11.3818
9.39964
13.2738
13.366
10.963
12.1518
11.8621
12.1189
12.1188
11.862
12.1518
10.9629
13.366
13.3661
10.9629
12.152
11.8623
12.1186
12.1185
11.8622
12.1519
10.9629
13.3661
13.2738
9.39958
11.3817
11.5636
11.8619
11.862
11.5636
11.3817
9.39949
13.2738
15.6886
10.6976
12.9722
11.3818
12.1518
12.1519
11.3817
12.9721
10.6974
15.6886
13.3136
5.11428
10.6976
9.39964
10.9629
10.9628
9.39954
10.6975
5.11488
13.3142
17.2648
13.3137
15.6884
13.2739
13.366
13.3661
13.2739
15.6886
13.3143
17.2652
13.4426
11.8024
14.5369
12.4512
12.1545
12.1546
12.4513
14.5371
11.8028
13.443
11.8024
5.61934
10.6126
9.50982
10.5999
10.5999
9.5097
10.6125
5.62024
11.8029
14.5367
10.6119
12.4217
10.6296
11.4341
11.4341
10.6296
12.4216
10.6115
14.5367
12.4511
9.50968
10.6296
10.557
10.9733
10.9735
10.557
10.6295
9.50955
12.4511
12.1545
10.5999
11.4341
10.9732
11.4611
11.4611
10.9733
11.4341
10.5998
12.1545
12.1545
10.5999
11.4341
10.9736
11.4612
11.4611
10.9737
11.4341
10.5998
12.1546
12.4512
9.50948
10.6295
10.557
10.9734
10.9736
10.557
10.6294
9.50938
12.4512
14.5369
10.6118
12.4215
10.6296
11.4341
11.4341
10.6295
12.4213
10.6114
14.5369
11.803
5.62108
10.6119
9.50953
10.5998
10.5998
9.50943
10.6116
5.62288
11.8039
13.4432
11.8033
14.5368
12.4513
12.1546
12.1546
12.4513
14.537
11.804
13.4437
13.8932
11.2082
14.2669
12.1282
11.5389
11.539
12.1283
14.267
11.2085
13.8934
11.2083
3.64595
10.0559
9.86381
10.303
10.303
9.86369
10.0559
3.6463
11.2087
14.2668
10.0555
11.7578
10.2176
10.9056
10.9056
10.2175
11.7577
10.0554
14.2668
12.1281
9.86372
10.2176
10.3704
10.545
10.5452
10.3706
10.2176
9.86366
12.1282
11.5388
10.303
10.9057
10.545
10.9868
10.9868
10.5451
10.9057
10.3029
11.5389
11.5389
10.303
10.9056
10.5454
10.9868
10.9868
10.5454
10.9056
10.303
11.5389
12.1282
9.86354
10.2174
10.3707
10.5452
10.5453
10.3708
10.2175
9.86351
12.1283
14.2669
10.0556
11.7576
10.2177
10.9057
10.9056
10.2176
11.7574
10.0554
14.2669
11.2087
3.64659
10.0556
9.86364
10.3029
10.303
9.86355
10.0555
3.64721
11.2093
13.8936
11.209
14.2669
12.1283
11.539
11.539
12.1284
14.267
11.2094
13.894
14.8636
11.3062
13.1066
11.7229
10.8307
10.8307
11.723
13.1068
11.3065
14.8637
11.3063
4.80094
8.556
9.68987
9.90228
9.90237
9.68985
8.55602
4.80102
11.3067
13.1064
8.5558
10.546
10.0709
10.5155
10.5157
10.0709
10.5459
8.55571
13.1064
11.7229
9.68979
10.0709
10.0114
10.2366
10.2367
10.0116
10.071
9.68978
11.723
10.8306
9.90223
10.5155
10.2365
10.5493
10.5493
10.2366
10.5156
9.90226
10.8306
10.8307
9.90237
10.5157
10.2368
10.5494
10.5494
10.2368
10.5157
9.90238
10.8307
11.723
9.68975
10.0708
10.0117
10.2366
10.2367
10.0118
10.0709
9.68976
11.723
13.1067
8.55586
10.5459
10.071
10.5156
10.5158
10.071
10.5457
8.55577
13.1067
11.3066
4.80115
8.55581
9.68979
9.90228
9.90235
9.68978
8.55582
4.80142
11.3069
14.8638
11.3068
13.1066
11.7231
10.8307
10.8308
11.7231
13.1067
11.3069
14.8641
)
;

boundaryField
{
    bottom
    {
        type            calculated;
        value           nonuniform List<scalar> 
100
(
189.927
137.04
105.533
76.6048
78.1182
78.1184
76.6045
105.533
137.041
189.927
137.04
89.2743
46.8198
28.9377
28.7653
28.7651
28.9375
46.8197
89.2756
137.04
105.533
46.8198
45.054
30.0351
29.1583
29.1587
30.0348
45.054
46.8197
105.533
76.6048
28.9377
30.0352
23.3759
23.6429
23.6433
23.3763
30.0349
28.9377
76.6046
78.1183
28.7653
29.1585
23.6429
24.0163
24.0168
23.6434
29.1585
28.7653
78.1184
78.1184
28.7652
29.1586
23.6431
24.0166
24.0171
23.6435
29.1586
28.7652
78.1185
76.6047
28.9376
30.0349
23.3761
23.6431
23.6434
23.3765
30.0347
28.9376
76.6045
105.533
46.8198
45.0539
30.0349
29.1583
29.1587
30.0347
45.0539
46.8197
105.533
137.04
89.2752
46.8197
28.9377
28.7652
28.765
28.9375
46.8197
89.2767
137.041
189.927
137.04
105.533
76.6047
78.1182
78.1184
76.6045
105.533
137.041
189.928
)
;
    }
    atmosphere
    {
        type            calculated;
        value           nonuniform List<scalar> 0();
    }
    walls
    {
        type            calculated;
        value           nonuniform List<scalar> 
400
(
160.447
107.561
77.455
57.6218
59.1388
59.139
57.6216
77.455
107.561
160.448
111.61
56.3803
40.4917
33.5975
27.9585
27.9584
33.5977
40.4916
56.3809
111.611
68.55
33.382
31.8821
20.5361
18.4694
18.4692
20.5362
31.8824
33.3827
68.5508
38.4376
21.2003
21.0573
14.5883
14.8274
14.8272
14.5884
21.0577
21.2013
38.4384
30.4549
18.0802
19.9124
14.9252
15.3658
15.3657
14.9251
19.9129
18.0808
30.4555
22.8955
14.6173
16.0027
13.0646
13.5692
13.5693
13.0647
16.0036
14.6178
22.8961
17.2642
13.313
15.6883
13.2738
13.366
13.3661
13.2738
15.6886
13.3136
17.2648
13.4426
11.8024
14.5367
12.4511
12.1545
12.1545
12.4512
14.5369
11.803
13.4432
13.8932
11.2083
14.2668
12.1281
11.5388
11.5389
12.1282
14.2669
11.2087
13.8936
14.8636
11.3063
13.1064
11.7229
10.8306
10.8307
11.723
13.1067
11.3066
14.8638
160.448
107.561
77.4551
57.6217
59.1389
59.1391
57.6215
77.4552
107.562
160.448
111.611
56.3807
40.4919
33.5975
27.9586
27.9585
33.5977
40.4918
56.3812
111.611
68.5506
33.3825
31.8825
20.5361
18.4693
18.4691
20.5361
31.8828
33.3832
68.5512
38.4382
21.2008
21.0578
14.5882
14.8274
14.8272
14.5884
21.0581
21.2018
38.4389
30.4553
18.0807
19.9126
14.9251
15.3657
15.3656
14.925
19.913
18.0813
30.4559
22.8959
14.6176
16.0023
13.0646
13.5692
13.5692
13.0647
16.0033
14.6183
22.8966
17.2645
13.3134
15.6882
13.2738
13.366
13.3661
13.2738
15.6886
13.3142
17.2652
13.443
11.8029
14.5367
12.4511
12.1545
12.1546
12.4512
14.5369
11.8039
13.4437
13.8934
11.2087
14.2668
12.1282
11.5389
11.5389
12.1283
14.2669
11.2093
13.894
14.8637
11.3067
13.1064
11.723
10.8306
10.8307
11.723
13.1067
11.3069
14.8641
160.447
111.61
68.55
38.4376
30.4549
22.8955
17.2642
13.4426
13.8932
14.8636
107.561
56.3803
33.382
21.2004
18.0802
14.6173
13.313
11.8024
11.2082
11.3062
77.4549
40.4916
31.882
21.0572
19.9126
16.0032
15.6885
14.5369
14.2669
13.1066
57.6218
33.5976
20.5362
14.5884
14.9253
13.0647
13.274
12.4512
12.1282
11.7229
59.1389
27.9585
18.4693
14.8274
15.3658
13.5693
13.3661
12.1545
11.5389
10.8307
59.1391
27.9585
18.4693
14.8272
15.3658
13.5693
13.3662
12.1546
11.539
10.8307
57.6217
33.5978
20.5363
14.5884
14.9252
13.0648
13.274
12.4513
12.1283
11.723
77.4549
40.4915
31.8822
21.0575
19.9129
16.0038
15.6887
14.5371
14.267
13.1068
107.561
56.3807
33.3825
21.2011
18.0806
14.6177
13.3134
11.8028
11.2085
11.3065
160.448
111.611
68.5506
38.4382
30.4553
22.8959
17.2645
13.443
13.8934
14.8637
160.448
111.611
68.5508
38.4384
30.4555
22.8961
17.2648
13.4432
13.8936
14.8638
107.561
56.3808
33.3827
21.201
18.0809
14.6178
13.3137
11.8033
11.209
11.3068
77.4552
40.4919
31.8826
21.0579
19.9127
16.0025
15.6884
14.5368
14.2669
13.1066
57.6216
33.5975
20.5361
14.5883
14.9251
13.0647
13.2739
12.4513
12.1283
11.7231
59.1391
27.9586
18.4693
14.8274
15.3657
13.5692
13.366
12.1546
11.539
10.8307
59.1392
27.9586
18.4692
14.8272
15.3656
13.5692
13.3661
12.1546
11.539
10.8308
57.6215
33.5977
20.5362
14.5884
14.9251
13.0647
13.2739
12.4513
12.1284
11.7231
77.4552
40.4918
31.8828
21.0581
19.913
16.0031
15.6886
14.537
14.267
13.1067
107.562
56.3812
33.3832
21.2017
18.0814
14.6183
13.3143
11.804
11.2094
11.3069
160.448
111.611
68.5512
38.4389
30.4559
22.8966
17.2652
13.4437
13.894
14.8641
)
;
    }
    procBoundary3to2
    {
        type            processor;
        value           nonuniform List<scalar> 
100
(
13.5028
8.7521
11.3283
10.9191
10.0841
10.0841
10.9193
11.3283
8.75236
13.5029
8.75206
6.7195
8.76981
9.50782
9.47758
9.47764
9.50777
8.76986
6.71954
8.75216
11.3282
8.76961
9.98725
10.0334
10.2275
10.2276
10.0334
9.98722
8.7695
11.3282
10.9191
9.50778
10.0334
9.50402
9.88631
9.8864
9.50415
10.0334
9.50778
10.9191
10.0841
9.47753
10.2275
9.88626
10.1313
10.1313
9.88625
10.2275
9.47755
10.0842
10.0841
9.47763
10.2276
9.88643
10.1313
10.1313
9.88642
10.2276
9.47763
10.0841
10.9193
9.50772
10.0334
9.50422
9.88633
9.88641
9.5043
10.0335
9.50776
10.9193
11.3283
8.76974
9.98719
10.0335
10.2275
10.2276
10.0335
9.98712
8.76965
11.3283
8.7524
6.71961
8.7696
9.50778
9.47759
9.47763
9.50777
8.76967
6.71975
8.75244
13.503
8.75225
11.3283
10.9193
10.0842
10.0842
10.9194
11.3283
8.75242
13.5031
)
;
    }
}


// ************************************************************************* //
