/*--------------------------------*- C++ -*----------------------------------*\
| =========                 |                                                 |
| \\      /  F ield         | OpenFOAM: The Open Source CFD Toolbox           |
|  \\    /   O peration     | Version:  2412                                  |
|   \\  /    A nd           | Website:  www.openfoam.com                      |
|    \\/     M anipulation  |                                                 |
\*---------------------------------------------------------------------------*/
FoamFile
{
    version     2.0;
    format      ascii;
    arch        "LSB;label=32;scalar=64";
    class       volScalarField;
    location    "0.97";
    object      p;
}
// * * * * * * * * * * * * * * * * * * * * * * * * * * * * * * * * * * * * * //

dimensions      [1 -1 -2 0 0 0 0];

internalField   nonuniform List<scalar> 
4000
(
227.526
116.844
95.8975
74.6384
64.9667
64.9667
74.6382
95.8975
116.844
227.526
116.843
56.1098
55.8613
42.6536
34.3899
34.3898
42.6537
55.8611
56.1098
116.843
95.8975
55.8616
55.4411
49.7583
52.0394
52.0392
49.7582
55.4412
55.8618
95.8975
74.6385
42.6536
49.7583
47.8432
50.3382
50.3382
47.8432
49.7583
42.6537
74.6384
64.9668
34.3899
52.0394
50.3381
50.0208
50.0207
50.3383
52.0396
34.3898
64.9668
64.9668
34.3897
52.0392
50.3383
50.0207
50.0206
50.3385
52.0394
34.3897
64.9668
74.6382
42.6538
49.7581
47.8432
50.3384
50.3385
47.8432
49.7582
42.6538
74.6381
95.8974
55.8612
55.4412
49.7583
52.0396
52.0395
49.7582
55.4412
55.8614
95.8973
116.844
56.1098
55.8617
42.6537
34.3898
34.3897
42.6538
55.8615
56.1097
116.843
227.526
116.843
95.8974
74.6383
64.9668
64.9667
74.6381
95.8973
116.843
227.527
174.513
53.3933
47.2997
38.4076
41.2905
41.2904
38.4074
47.2996
53.3936
174.513
53.3929
15.2152
17.559
14.1192
14.7829
14.7827
14.1192
17.5589
15.2152
53.3926
47.2997
17.5593
22.2441
21.9786
31.6117
31.6115
21.9785
22.2442
17.5594
47.2997
38.4076
14.1193
21.9786
26.1751
37.4704
37.4704
26.175
21.9786
14.1193
38.4076
41.2905
14.7829
31.6117
37.4704
42.0172
42.0172
37.4704
31.6118
14.7829
41.2906
41.2905
14.7827
31.6116
37.4705
42.0172
42.0171
37.4706
31.6117
14.7827
41.2905
38.4074
14.1192
21.9785
26.175
37.4705
37.4705
26.1749
21.9785
14.1192
38.4074
47.2995
17.559
22.2442
21.9786
31.6118
31.6117
21.9785
22.2443
17.5592
47.2994
53.3934
15.2152
17.5593
14.1192
14.7828
14.7827
14.1192
17.5592
15.2152
53.393
174.513
53.3927
47.2996
38.4075
41.2905
41.2905
38.4074
47.2994
53.3928
174.513
104.156
28.2564
27.0628
26.1305
28.6776
28.6775
26.1305
27.0627
28.2566
104.156
28.2561
11.824
14.3123
11.8759
12.788
12.7879
11.876
14.3121
11.8239
28.256
27.0629
14.3125
17.2734
16.4317
22.608
22.608
16.4317
17.2734
14.3126
27.063
26.1306
11.8759
16.4317
16.9433
24.5398
24.5397
16.9432
16.4317
11.8759
26.1306
28.6777
12.7879
22.608
24.5397
31.8409
31.8408
24.5396
22.608
12.7877
28.6777
28.6776
12.7878
22.608
24.5397
31.8408
31.8407
24.5395
22.608
12.7877
28.6775
26.1305
11.876
16.4317
16.9432
24.5395
24.5395
16.9432
16.4317
11.8759
26.1305
27.0628
14.3122
17.2734
16.4317
22.6081
22.6081
16.4317
17.2734
14.3123
27.0628
28.2564
11.8239
14.3125
11.8759
12.7878
12.7877
11.8759
14.3124
11.824
28.2562
104.156
28.2561
27.0629
26.1305
28.6776
28.6775
26.1304
27.0627
28.2561
104.156
70.0783
18.4238
19.9506
16.4397
19.7444
19.7445
16.4396
19.9505
18.4238
70.0784
18.4238
9.42985
12.2297
9.06251
10.6079
10.6077
9.06246
12.2296
9.42982
18.4238
19.9507
12.2299
15.1633
13.0586
17.2537
17.2537
13.0585
15.1633
12.23
19.9508
16.44
9.06251
13.0585
12.3678
16.3147
16.3147
12.3678
13.0585
9.06242
16.4401
19.7444
10.6078
17.2536
16.3147
22.6406
22.6405
16.3146
17.2536
10.6075
19.7443
19.7444
10.6075
17.2536
16.3147
22.6405
22.6405
16.3146
17.2535
10.6074
19.7443
16.4397
9.06243
13.0585
12.3677
16.3146
16.3146
12.3677
13.0584
9.06235
16.4398
19.9506
12.2297
15.1634
13.0585
17.2536
17.2536
13.0584
15.1634
12.2297
19.9506
18.4238
9.4298
12.2299
9.06236
10.6075
10.6073
9.06232
12.2298
9.42983
18.4237
70.0784
18.4238
19.9507
16.4399
19.7443
19.7443
16.4398
19.9506
18.4237
70.0784
48.6343
13.9557
16.9127
13.7271
15.2344
15.2344
13.7269
16.9127
13.9556
48.6345
13.9558
8.67154
11.548
8.66103
10.5469
10.5468
8.66096
11.5479
8.67149
13.9558
16.9128
11.5481
14.225
11.9265
14.5127
14.5127
11.9266
14.225
11.5482
16.9129
13.7275
8.66105
11.9263
10.4307
12.6954
12.6955
10.4306
11.9262
8.66101
13.7276
15.2342
10.5467
14.5127
12.6953
17.1904
17.1904
12.6952
14.5126
10.5465
15.234
15.2342
10.5467
14.5127
12.6954
17.1904
17.1904
12.6953
14.5126
10.5465
15.234
13.727
8.66092
11.9265
10.4306
12.6952
12.6953
10.4305
11.9264
8.66088
13.7271
16.9127
11.5479
14.225
11.9263
14.5127
14.5126
11.9263
14.225
11.5479
16.9127
13.9556
8.67145
11.5481
8.66093
10.5465
10.5465
8.66087
11.548
8.67145
13.9556
48.6345
13.9557
16.9128
13.7274
15.2341
15.2341
13.7271
16.9127
13.9556
48.6345
31.0269
11.0991
13.8568
10.8282
11.9266
11.9267
10.8279
13.8567
11.0991
31.027
11.0992
8.36389
10.5062
8.86401
9.78748
9.78758
8.86403
10.5062
8.36385
11.0992
13.8569
10.5062
12.7274
10.5536
12.5675
12.5674
10.5537
12.7274
10.5061
13.857
10.8287
8.86395
10.5534
9.4683
10.7074
10.7074
9.46822
10.5532
8.86383
10.829
11.9261
9.78717
12.5674
10.7074
13.4393
13.4393
10.7073
12.5674
9.78688
11.9256
11.9262
9.78735
12.5674
10.7074
13.4393
13.4393
10.7073
12.5673
9.78707
11.9258
10.8282
8.86396
10.5536
9.46813
10.7073
10.7073
9.46804
10.5534
8.86383
10.8284
13.8568
10.5061
12.7274
10.5533
12.5674
12.5674
10.5533
12.7274
10.5061
13.8568
11.0991
8.36379
10.5061
8.86377
9.78694
9.78703
8.86377
10.5061
8.36376
11.0991
31.0271
11.0991
13.8569
10.8286
11.9258
11.9259
10.8283
13.8568
11.0991
31.0271
19.6948
9.90528
12.5647
10.2128
10.8777
10.878
10.2124
12.5647
9.9052
19.6949
9.90534
8.43097
9.84362
8.70949
9.92913
9.92921
8.70954
9.8436
8.43093
9.90533
12.5648
9.84357
11.6928
9.75937
11.2811
11.281
9.75941
11.6927
9.84344
12.5649
10.2135
8.70941
9.7592
8.52537
9.45215
9.45213
8.52525
9.759
8.70928
10.214
10.8769
9.92885
11.281
9.45203
11.285
11.2849
9.45188
11.281
9.92857
10.8761
10.8773
9.929
11.281
9.45202
11.2849
11.2849
9.45188
11.2809
9.92872
10.8766
10.2128
8.70949
9.75929
8.52513
9.45185
9.45184
8.52502
9.75911
8.70935
10.2132
12.5647
9.84357
11.6926
9.75898
11.281
11.281
9.75903
11.6926
9.84347
12.5647
9.90517
8.43085
9.84339
8.70923
9.92861
9.92871
8.70929
9.84339
8.43081
9.90515
19.695
9.90525
12.5647
10.2133
10.8767
10.8769
10.2129
12.5647
9.90517
19.6951
15.8598
9.33672
11.6227
10.0897
10.389
10.3891
10.0894
11.6226
9.33667
15.8599
9.33674
8.48777
9.27728
8.88928
9.58671
9.58675
8.88923
9.27724
8.48774
9.3367
11.6227
9.27724
10.9836
9.30297
10.1412
10.1412
9.30298
10.9835
9.27708
11.6227
10.0899
8.88927
9.30281
8.24199
8.87167
8.87168
8.24186
9.30258
8.88918
10.09
10.3886
9.5865
10.1411
8.8714
10.1077
10.1077
8.87107
10.141
9.58628
10.3882
10.3887
9.58658
10.1411
8.87145
10.1077
10.1076
8.87115
10.141
9.58636
10.3883
10.0895
8.88914
9.30282
8.24171
8.87101
8.87104
8.24158
9.30262
8.88907
10.0896
11.6226
9.27718
10.9834
9.30253
10.141
10.141
9.30256
10.9833
9.27706
11.6225
9.33661
8.48767
9.277
8.88909
9.58629
9.58633
8.88905
9.27699
8.48762
9.33656
15.8599
9.33664
11.6226
10.0898
10.3884
10.3885
10.0895
11.6225
9.33658
15.86
10.8434
8.9846
10.8896
10.0205
10.0807
10.0807
10.0203
10.8895
8.9846
10.8434
8.98458
8.53469
9.00696
8.98459
9.24079
9.24084
8.98454
9.0069
8.53466
8.98453
10.8896
9.00694
10.5158
8.97271
9.54732
9.5473
8.97272
10.5157
9.00682
10.8895
10.0205
8.98454
8.97257
8.52677
8.93157
8.93145
8.52659
8.97239
8.98446
10.0205
10.0805
9.2406
9.54722
8.93148
9.29239
9.29231
8.93126
9.54706
9.24044
10.0802
10.0805
9.24068
9.54717
8.93128
9.29224
9.29217
8.93109
9.54702
9.24052
10.0802
10.0203
8.98445
8.97259
8.52644
8.93117
8.93108
8.5263
8.97243
8.98438
10.0202
10.8895
9.00682
10.5156
8.97236
9.54702
9.547
8.97237
10.5155
9.00673
10.8895
8.98454
8.5346
9.00673
8.9844
9.24047
9.24051
8.98438
9.0067
8.53457
8.98447
10.8434
8.9845
10.8895
10.0204
10.0803
10.0803
10.0202
10.8895
8.98448
10.8435
9.37765
8.74378
10.1901
9.64331
9.69631
9.69629
9.64322
10.1901
8.74381
9.37768
8.74375
8.60626
8.86252
9.08293
9.14093
9.14096
9.08292
8.86247
8.60625
8.74374
10.1901
8.8625
9.92137
8.87798
9.27442
9.27443
8.87802
9.9213
8.86243
10.19
9.64334
9.08288
8.8779
8.84565
9.12778
9.12764
8.84567
8.87785
9.08284
9.64333
9.69616
9.14082
9.27435
9.12789
9.44121
9.44106
9.12792
9.27429
9.14071
9.69599
9.69613
9.14084
9.27436
9.12762
9.44096
9.44086
9.12767
9.2743
9.14073
9.69595
9.64317
9.08286
8.87794
8.8457
9.12785
9.12773
8.84571
8.87788
9.08281
9.64312
10.1901
8.86241
9.92125
8.87785
9.2743
9.2743
8.87787
9.9212
8.86237
10.1901
8.74378
8.6062
8.86239
9.08283
9.14072
9.14074
9.08282
8.86236
8.60618
8.74373
9.37769
8.74376
10.19
9.64331
9.69603
9.69601
9.64318
10.1901
8.74375
9.37775
8.92501
8.5887
9.42165
9.09117
9.21355
9.21357
9.09112
9.42175
8.58879
8.92505
8.58867
8.63408
8.66399
8.93741
8.92468
8.92469
8.93741
8.66399
8.63409
8.58872
9.4216
8.66397
9.32628
8.58033
8.93013
8.93018
8.58036
9.32624
8.66397
9.42161
9.09118
8.93738
8.58031
8.65347
9.0924
9.09241
8.65354
8.58033
8.93734
9.09121
9.21347
8.92462
8.9301
9.0925
9.68818
9.68817
9.09263
8.93011
8.92455
9.21338
9.21349
8.92462
8.93015
9.09249
9.68817
9.68819
9.09261
8.93014
8.92455
9.21339
9.09107
8.93737
8.58032
8.65356
9.09265
9.09263
8.65361
8.58031
8.93733
9.09102
9.42177
8.66396
9.32621
8.58032
8.93014
8.93015
8.58032
9.32617
8.66396
9.4218
8.58881
8.63407
8.66397
8.93734
8.92456
8.92456
8.93733
8.66396
8.63409
8.58883
8.92507
8.58875
9.42165
9.09124
9.21342
9.21342
9.0911
9.42179
8.58882
8.92515
8.91468
8.5263
8.70162
8.61654
8.70854
8.70857
8.61654
8.70176
8.52643
8.91472
8.52625
8.63566
8.39178
8.68116
8.6203
8.6203
8.68118
8.39181
8.63569
8.52628
8.70159
8.39178
8.63984
8.08832
8.50701
8.50704
8.08837
8.63982
8.39184
8.70162
8.61653
8.68113
8.08833
8.37935
8.78173
8.78176
8.3794
8.08841
8.6811
8.61657
8.70848
8.62026
8.50697
8.78177
9.27353
9.27363
8.78187
8.50697
8.62021
8.70843
8.70852
8.62025
8.507
8.78181
9.27373
9.27382
8.7819
8.50699
8.62021
8.70846
8.6165
8.68115
8.08838
8.37942
8.78187
8.78189
8.37947
8.08842
8.68113
8.61645
8.70181
8.39183
8.6398
8.0884
8.50698
8.50699
8.08841
8.63976
8.39188
8.70189
8.52645
8.63568
8.39185
8.68111
8.62021
8.6202
8.68112
8.39188
8.6357
8.52651
8.91474
8.52632
8.70162
8.61661
8.70846
8.70848
8.61651
8.70183
8.52647
8.91484
8.91565
8.43646
8.2084
8.37898
8.28774
8.28773
8.37901
8.20845
8.43659
8.91568
8.43637
8.42582
8.0658
8.41676
8.30787
8.30788
8.41679
8.06588
8.42585
8.43639
8.20839
8.06579
8.0914
7.86339
8.18692
8.18696
7.86341
8.09139
8.06589
8.20851
8.37895
8.41674
7.8634
8.0941
8.40739
8.40743
8.09409
7.86346
8.41677
8.37896
8.28771
8.30784
8.18689
8.4074
8.73904
8.7391
8.40747
8.18692
8.30782
8.28768
8.2877
8.30784
8.18694
8.40747
8.73916
8.73921
8.40753
8.18695
8.30782
8.28766
8.37899
8.41678
7.86339
8.09408
8.40749
8.40751
8.0941
7.86345
8.41681
8.37897
8.20848
8.0659
8.09138
7.86343
8.18693
8.18694
7.86345
8.09134
8.06598
8.20861
8.43659
8.42584
8.06592
8.41678
8.30782
8.30782
8.4168
8.06598
8.42587
8.43662
8.91571
8.43645
8.20851
8.37898
8.28769
8.28768
8.37898
8.20859
8.43658
8.91583
8.88055
8.22915
7.93388
7.98976
7.9487
7.94869
7.98976
7.93385
8.22928
8.88056
8.2291
8.07534
7.68302
8.0866
7.91711
7.91712
8.0866
7.68315
8.0754
8.22912
7.93387
7.68296
7.7204
7.87472
7.93565
7.93563
7.87463
7.72042
7.68312
7.934
7.98974
8.08659
7.87473
7.81733
8.01848
8.01848
7.81735
7.87473
8.08662
7.98974
7.94868
7.91709
7.93563
8.01849
8.22126
8.2213
8.01853
7.93564
7.91707
7.94866
7.94866
7.9171
7.93561
8.0185
8.22132
8.22134
8.01854
7.93561
7.91708
7.94864
7.98975
8.08659
7.87459
7.81735
8.01853
8.01854
7.81736
7.87463
8.08663
7.98974
7.93385
7.68316
7.72042
7.87467
7.93564
7.93562
7.87461
7.72043
7.68328
7.93399
8.22929
8.07541
7.68322
8.08664
7.91708
7.91708
8.08664
7.6833
8.07546
8.22931
8.88058
8.22916
7.93402
7.98977
7.94867
7.94866
7.98976
7.93403
8.22928
8.88069
8.84133
7.93545
7.67743
7.44046
7.59693
7.59692
7.44047
7.67737
7.93554
8.84128
7.93543
7.71522
7.52065
7.69694
7.59582
7.59583
7.69696
7.52076
7.71526
7.93543
7.67744
7.52057
7.54859
7.69694
7.63497
7.63496
7.69688
7.54862
7.52067
7.67752
7.44045
7.69691
7.69691
7.50662
7.679
7.67899
7.50664
7.69685
7.69691
7.44045
7.59692
7.59579
7.63496
7.67901
7.81785
7.81787
7.67904
7.63495
7.59576
7.59691
7.59691
7.59581
7.63495
7.679
7.81789
7.8179
7.67903
7.63495
7.59578
7.5969
7.44045
7.69694
7.69681
7.50665
7.67904
7.67903
7.50666
7.69677
7.69694
7.44046
7.67736
7.52075
7.54864
7.69684
7.63495
7.63495
7.69679
7.5487
7.52082
7.67746
7.93555
7.71526
7.52076
7.69692
7.59576
7.59577
7.69694
7.52085
7.71529
7.93556
8.84127
7.93543
7.67752
7.44047
7.59691
7.59691
7.44048
7.67749
7.93551
8.84133
9.04802
7.46385
7.51059
7.0581
7.24985
7.24984
7.05811
7.51048
7.4639
9.04785
7.46389
7.28583
7.35238
7.30559
7.32154
7.32155
7.3056
7.35249
7.28585
7.46387
7.51063
7.35229
7.4434
7.32094
7.33454
7.33454
7.32094
7.44336
7.35231
7.51061
7.05809
7.30557
7.32091
7.23578
7.35355
7.35354
7.23578
7.3209
7.30555
7.05812
7.24985
7.32152
7.33452
7.35356
7.43747
7.43748
7.35357
7.3345
7.32152
7.24985
7.24983
7.32154
7.33453
7.35355
7.43748
7.43749
7.35357
7.33451
7.32154
7.24983
7.05811
7.3056
7.32091
7.23579
7.35357
7.35356
7.23579
7.32089
7.30557
7.05813
7.51048
7.35247
7.44336
7.32092
7.33451
7.33452
7.32091
7.44335
7.35247
7.51048
7.46394
7.28585
7.35236
7.30555
7.32152
7.32153
7.30556
7.35245
7.28586
7.46392
9.04779
7.46382
7.51055
7.0581
7.24984
7.24984
7.05811
7.51046
7.46387
9.04773
9.54296
6.88941
7.34501
6.76277
6.99049
6.99047
6.76281
7.34492
6.8894
9.54281
6.88947
6.90292
7.08693
6.96045
7.01058
7.01057
6.96044
7.08704
6.90291
6.88942
7.34504
7.08687
7.1831
6.94811
6.98887
6.98889
6.9481
7.18305
7.08684
7.34494
6.76275
6.96045
6.94809
6.95719
7.02812
7.02811
6.95719
6.94808
6.96043
6.76277
6.99049
7.01057
6.98886
7.02813
7.07414
7.07414
7.02814
6.98883
7.01056
6.99049
6.99046
7.01056
6.98888
7.02811
7.07415
7.07414
7.02813
6.98886
7.01055
6.99046
6.7628
6.96043
6.94807
6.9572
7.02814
7.02813
6.9572
6.94806
6.96042
6.7628
7.34492
7.08702
7.18304
6.94809
6.98883
6.98885
6.94807
7.183
7.08698
7.34485
6.88944
6.90292
7.08687
6.96043
7.01056
7.01055
6.96042
7.08695
6.90291
6.88941
9.54271
6.88936
7.34486
6.76278
6.99047
6.99046
6.7628
7.3448
6.88936
9.54251
8.52816
6.39519
7.05495
6.4895
6.66412
6.6641
6.48954
7.05494
6.39513
8.52796
6.39525
6.53835
6.71918
6.62747
6.68306
6.68305
6.62744
6.71921
6.53832
6.39516
7.05496
6.71915
6.85821
6.62362
6.66215
6.66217
6.6236
6.85814
6.71907
7.05487
6.48949
6.62747
6.6236
6.67969
6.70312
6.7031
6.67971
6.62359
6.62745
6.48951
6.66413
6.68305
6.66214
6.70312
6.72073
6.72072
6.70314
6.66209
6.68304
6.66411
6.66409
6.68305
6.66217
6.70311
6.72072
6.72072
6.70313
6.66212
6.68304
6.66408
6.48954
6.62743
6.62358
6.67972
6.70314
6.70313
6.67974
6.62357
6.62742
6.48955
7.05494
6.7192
6.85811
6.62359
6.66208
6.66211
6.62357
6.85805
6.71912
7.05486
6.39515
6.53831
6.71906
6.62745
6.68304
6.68304
6.62742
6.71909
6.53829
6.3951
8.52785
6.39509
7.05482
6.48951
6.6641
6.66408
6.48953
7.05481
6.39506
8.52757
8.12146
5.98719
6.62704
6.21231
6.32426
6.32426
6.21233
6.62697
5.98709
8.12132
5.98721
6.16673
6.34077
6.31272
6.36172
6.36172
6.31267
6.34077
6.16669
5.98711
6.62703
6.34076
6.46567
6.30755
6.34643
6.34645
6.30753
6.46563
6.34065
6.62694
6.2123
6.31272
6.30755
6.3796
6.37539
6.37538
6.37965
6.30751
6.31271
6.2123
6.32426
6.36172
6.34643
6.37539
6.37922
6.37922
6.3754
6.34639
6.3617
6.32425
6.32426
6.36171
6.34645
6.37538
6.37922
6.37921
6.37539
6.34642
6.3617
6.32424
6.21233
6.31266
6.30752
6.37966
6.3754
6.37539
6.37969
6.30748
6.31266
6.21232
6.62694
6.34076
6.46561
6.3075
6.34638
6.3464
6.30748
6.46557
6.34068
6.62688
5.98707
6.16668
6.34063
6.3127
6.3617
6.3617
6.31267
6.34064
6.16666
5.98702
8.12128
5.98708
6.62692
6.2123
6.32424
6.32424
6.21232
6.62688
5.98702
8.1212
7.55514
5.6106
6.18697
5.9222
6.00633
6.00634
5.92219
6.18694
5.61066
7.55553
5.61064
5.78749
5.94598
5.9732
6.03051
6.0305
5.97315
5.94599
5.78746
5.61064
6.18697
5.94598
6.10833
5.99372
6.01775
6.01777
5.99369
6.10829
5.94589
6.18692
5.92219
5.9732
5.99373
6.06267
6.04262
6.04261
6.0627
5.99369
5.97319
5.92219
6.00633
6.03051
6.01775
6.04263
6.0415
6.0415
6.04262
6.01771
6.03049
6.00632
6.00634
6.03049
6.01777
6.04261
6.04149
6.04149
6.04261
6.01773
6.03048
6.00632
5.92219
5.97314
5.99369
6.0627
6.04261
6.04261
6.06272
5.99366
5.97313
5.92218
6.18692
5.94599
6.10828
5.99367
6.0177
6.01771
5.99365
6.10826
5.94591
6.18688
5.61071
5.78745
5.94586
5.97318
6.03049
6.03048
5.97314
5.94588
5.78744
5.61069
7.55564
5.61062
6.18692
5.92218
6.00631
6.00632
5.92218
6.1869
5.61066
7.55581
6.62804
5.24915
5.80435
5.64401
5.68058
5.68057
5.64398
5.80433
5.24914
6.62821
5.24917
5.36973
5.54441
5.61317
5.68386
5.68384
5.61312
5.54441
5.36971
5.24915
5.80435
5.54441
5.78607
5.68616
5.67878
5.67879
5.68615
5.78605
5.54433
5.80432
5.64401
5.61318
5.68617
5.74684
5.70324
5.70322
5.74685
5.68614
5.61316
5.644
5.68058
5.68386
5.67878
5.70324
5.704
5.704
5.70322
5.67874
5.68384
5.68056
5.68057
5.68384
5.67879
5.70322
5.70399
5.70399
5.70321
5.67875
5.68382
5.68055
5.64398
5.61311
5.68615
5.74685
5.70322
5.70321
5.74685
5.68614
5.6131
5.64397
5.80432
5.54442
5.78604
5.68611
5.67873
5.67874
5.68612
5.78602
5.54435
5.8043
5.24915
5.3697
5.54431
5.61315
5.68383
5.68382
5.61311
5.54432
5.36969
5.24914
6.62826
5.24914
5.80432
5.644
5.68055
5.68055
5.64398
5.8043
5.24914
6.62836
6.17521
4.93036
5.54132
5.34354
5.36869
5.36868
5.34351
5.54132
4.93035
6.17529
4.93036
4.97298
5.15398
5.24522
5.34693
5.34694
5.24518
5.15399
4.97298
4.93034
5.54132
5.15398
5.49321
5.35563
5.34563
5.34563
5.35566
5.49322
5.15393
5.54131
5.34353
5.24522
5.35563
5.41673
5.35867
5.35866
5.41674
5.35562
5.24521
5.34353
5.36869
5.34693
5.34563
5.35867
5.3639
5.3639
5.35867
5.34561
5.34693
5.36867
5.36868
5.34694
5.34564
5.35866
5.3639
5.36389
5.35866
5.34561
5.34693
5.36866
5.3435
5.24516
5.35568
5.41674
5.35867
5.35866
5.41674
5.35567
5.24517
5.3435
5.54132
5.154
5.49322
5.3556
5.34559
5.3456
5.35564
5.4932
5.15396
5.54131
4.93034
4.97297
5.1539
5.2452
5.34692
5.34693
5.24518
5.15393
4.97297
4.93034
6.17531
4.93035
5.54132
5.34352
5.36866
5.36866
5.34351
5.54132
4.93035
6.17539
6.37628
4.60452
5.30817
5.05918
5.08822
5.08822
5.05917
5.30817
4.60453
6.37679
4.60452
4.67288
4.79978
4.90812
5.03102
5.03104
4.90809
4.79981
4.6729
4.60452
5.30817
4.7998
5.21561
5.00535
5.0318
5.03181
5.00538
5.21561
4.79978
5.30818
5.05918
4.90812
5.00534
5.05367
5.02192
5.02191
5.05368
5.00533
4.90811
5.05917
5.08822
5.03102
5.0318
5.02192
5.0363
5.0363
5.02192
5.03179
5.03103
5.08821
5.08822
5.03105
5.03181
5.02191
5.0363
5.03629
5.02191
5.0318
5.03105
5.08821
5.05917
4.90808
5.0054
5.05368
5.02192
5.02192
5.05368
5.0054
4.90809
5.05917
5.30817
4.79983
5.21561
5.00533
5.03178
5.03179
5.00537
5.21562
4.79982
5.30818
4.60453
4.6729
4.79976
4.90811
5.03103
5.03104
4.9081
4.79979
4.6729
4.60453
6.37691
4.60453
5.30819
5.05918
5.08821
5.08821
5.05917
5.30819
4.60454
6.37708
6.62688
4.26787
5.07425
4.78036
4.806
4.806
4.78035
5.07425
4.26784
6.62683
4.26786
4.40418
4.47554
4.61865
4.72193
4.72194
4.61863
4.47556
4.4042
4.26783
5.07425
4.47555
4.86969
4.64669
4.71731
4.71731
4.64671
4.86972
4.47553
5.07426
4.78035
4.61864
4.64668
4.67913
4.69727
4.69727
4.67912
4.64668
4.61864
4.78034
4.806
4.72193
4.71731
4.69727
4.72148
4.72148
4.69727
4.7173
4.72193
4.806
4.80601
4.72195
4.71731
4.69727
4.72148
4.72148
4.69727
4.7173
4.72195
4.806
4.78034
4.61862
4.64673
4.67912
4.69727
4.69727
4.67911
4.64673
4.61862
4.78033
5.07425
4.47558
4.86974
4.64667
4.71729
4.7173
4.6467
4.8698
4.47557
5.07426
4.26784
4.4042
4.47552
4.61864
4.72192
4.72194
4.61863
4.47554
4.4042
4.26782
6.62681
4.26782
5.07427
4.78034
4.806
4.806
4.78034
5.07427
4.26782
6.62678
5.28433
3.77632
4.74165
4.47872
4.51341
4.5134
4.47871
4.74162
3.77635
5.28406
3.77631
4.09917
4.11333
4.31485
4.41311
4.41312
4.31483
4.11336
4.0992
3.77632
4.74165
4.11333
4.44228
4.27301
4.39962
4.39962
4.27303
4.44229
4.11332
4.74161
4.47871
4.31484
4.27301
4.32953
4.37928
4.37928
4.32951
4.273
4.31483
4.4787
4.51341
4.41311
4.39962
4.37928
4.40924
4.40924
4.37928
4.39961
4.41309
4.5134
4.5134
4.41312
4.39962
4.37928
4.40923
4.40923
4.37928
4.39961
4.4131
4.5134
4.4787
4.31482
4.27304
4.3295
4.37928
4.37928
4.32949
4.27304
4.31481
4.47869
4.74161
4.11338
4.4423
4.27299
4.3996
4.3996
4.27302
4.44233
4.11336
4.7416
3.77636
4.09921
4.1133
4.31483
4.41309
4.4131
4.31482
4.11333
4.09921
3.77635
5.28399
3.77632
4.7416
4.47869
4.5134
4.51339
4.47869
4.7416
3.77633
5.28388
4.58863
3.28264
4.31868
4.148
4.19179
4.19179
4.14801
4.31867
3.2827
4.58793
3.28263
3.78423
3.75726
4.03813
4.09936
4.09937
4.03811
3.75728
3.78427
3.28269
4.31868
3.75727
4.00536
3.91636
4.08438
4.08438
3.91636
4.00537
3.75728
4.31867
4.148
4.03813
3.91635
4.0227
4.06997
4.06996
4.02267
3.91634
4.03812
4.14799
4.19179
4.09936
4.08438
4.06997
4.10492
4.10492
4.06996
4.08437
4.09934
4.19179
4.19179
4.09937
4.08438
4.06996
4.10492
4.10492
4.06995
4.08437
4.09935
4.19179
4.14801
4.03811
3.91636
4.02266
4.06995
4.06995
4.02265
3.91635
4.03809
4.148
4.31867
3.75729
4.00536
3.91632
4.08436
4.08436
3.91633
4.00536
3.75728
4.31867
3.28271
3.78428
3.75727
4.03812
4.09934
4.09935
4.0381
3.75727
3.78429
3.28271
4.58778
3.28269
4.31865
4.14798
4.19178
4.19178
4.14799
4.31866
3.2827
4.58755
5.99261
3.08553
3.98947
3.82973
3.85675
3.85675
3.82974
3.98951
3.08555
5.99302
3.08553
3.4335
3.50189
3.78042
3.79152
3.79152
3.78041
3.50188
3.43353
3.08554
3.98947
3.50192
3.60329
3.58852
3.77625
3.77625
3.58848
3.60329
3.50193
3.9895
3.82972
3.78042
3.58852
3.74298
3.77129
3.77128
3.74295
3.58849
3.78041
3.82972
3.85675
3.79152
3.77624
3.77129
3.80682
3.80682
3.77127
3.77623
3.7915
3.85674
3.85675
3.79152
3.77624
3.77128
3.80682
3.80682
3.77127
3.77624
3.79151
3.85674
3.82975
3.7804
3.58847
3.74294
3.77127
3.77127
3.74293
3.58845
3.78039
3.82974
3.98953
3.50188
3.60329
3.58847
3.77623
3.77623
3.58845
3.60329
3.50189
3.98953
3.08555
3.43354
3.50193
3.78041
3.7915
3.7915
3.78039
3.5019
3.43356
3.08553
5.99306
3.08553
3.98948
3.82971
3.85673
3.85673
3.82972
3.9895
3.08553
5.99303
6.04242
2.9245
3.63029
3.52639
3.55843
3.55843
3.5264
3.63032
2.9245
6.04235
2.9245
3.07316
3.26152
3.45882
3.49108
3.49109
3.4588
3.26151
3.07318
2.9245
3.63028
3.26154
3.26349
3.31761
3.4936
3.4936
3.31755
3.26348
3.26156
3.63028
3.52639
3.45882
3.31761
3.46262
3.47914
3.47913
3.4626
3.31758
3.4588
3.52638
3.55843
3.49108
3.4936
3.47913
3.51674
3.51674
3.47912
3.49359
3.49107
3.55842
3.55843
3.49109
3.4936
3.47913
3.51674
3.51673
3.47912
3.49358
3.49107
3.55842
3.52641
3.45878
3.31754
3.4626
3.47912
3.47912
3.46259
3.31751
3.45876
3.52639
3.63034
3.26151
3.26347
3.31756
3.49358
3.49358
3.31752
3.26345
3.26153
3.63033
2.92449
3.07318
3.26156
3.45879
3.49106
3.49107
3.45877
3.26154
3.07319
2.92448
6.04231
2.9245
3.63026
3.52637
3.55841
3.55841
3.52638
3.63029
2.92449
6.04229
5.47738
2.67419
3.26338
3.1988
3.25022
3.25022
3.19879
3.26342
2.67421
5.47743
2.67419
2.67975
2.95049
3.14866
3.19614
3.19615
3.14863
2.9505
2.67976
2.67419
3.26338
2.9505
3.07769
3.09299
3.23757
3.23757
3.09295
3.07767
2.95051
3.26338
3.1988
3.14866
3.09299
3.17178
3.19368
3.19368
3.17177
3.09297
3.14864
3.19878
3.25022
3.19614
3.23756
3.19368
3.23189
3.23189
3.19366
3.23755
3.19613
3.25021
3.25022
3.19615
3.23757
3.19368
3.23189
3.23189
3.19366
3.23755
3.19614
3.25021
3.19878
3.14862
3.09294
3.17176
3.19366
3.19366
3.17175
3.09291
3.1486
3.19877
3.26344
2.9505
3.07765
3.09295
3.23754
3.23754
3.09291
3.07761
2.95051
3.26342
2.67422
2.67976
2.95051
3.14863
3.19613
3.19613
3.1486
2.95051
2.67977
2.67422
5.47744
2.67419
3.26337
3.19876
3.2502
3.2502
3.19876
3.26339
2.67421
5.47751
3.96705
2.37445
2.93681
2.87285
2.95145
2.95145
2.87283
2.93684
2.37448
3.96705
2.37445
2.40232
2.69316
2.86143
2.90975
2.90976
2.86142
2.69317
2.40231
2.37445
2.93681
2.69316
2.94818
2.8603
2.97995
2.97995
2.86028
2.94817
2.69317
2.93681
2.87286
2.86143
2.86029
2.88088
2.91157
2.91157
2.88087
2.86028
2.86141
2.87284
2.95145
2.90975
2.97995
2.91157
2.94949
2.94949
2.91155
2.97994
2.90974
2.95144
2.95146
2.90976
2.97996
2.91157
2.94949
2.94949
2.91155
2.97994
2.90975
2.95145
2.87281
2.86142
2.86028
2.88087
2.91155
2.91155
2.88086
2.86025
2.8614
2.87281
2.93685
2.69317
2.94817
2.86027
2.97993
2.97993
2.86025
2.94813
2.69317
2.93684
2.3745
2.40231
2.69317
2.8614
2.90974
2.90974
2.86139
2.69316
2.40231
2.37449
3.96706
2.37444
2.9368
2.87283
2.95143
2.95144
2.87281
2.93682
2.37447
3.96707
4.19414
2.17146
2.71143
2.58491
2.66733
2.66733
2.58488
2.71144
2.17147
4.19408
2.17146
2.14408
2.48334
2.5757
2.62948
2.62948
2.57569
2.48335
2.14407
2.17146
2.71143
2.48334
2.74183
2.61004
2.71034
2.71035
2.61003
2.74183
2.48334
2.71143
2.5849
2.57569
2.61003
2.59167
2.62868
2.62868
2.59166
2.61
2.57568
2.5849
2.66733
2.62948
2.71034
2.62868
2.66723
2.66723
2.62867
2.71033
2.62947
2.66732
2.66734
2.62949
2.71035
2.62868
2.66723
2.66723
2.62867
2.71033
2.62948
2.66733
2.58487
2.5757
2.61004
2.59165
2.62867
2.62867
2.59164
2.61
2.57568
2.58487
2.71145
2.48335
2.74182
2.60998
2.71032
2.71032
2.60997
2.7418
2.48334
2.71144
2.17147
2.14406
2.48333
2.57567
2.62946
2.62947
2.57567
2.48333
2.14406
2.17147
4.19407
2.17145
2.71143
2.58491
2.66732
2.66732
2.58489
2.71144
2.17146
4.19404
4.3368
1.9223
2.49558
2.33002
2.38614
2.38614
2.33003
2.49559
1.92231
4.33676
1.9223
1.86748
2.25832
2.28881
2.34906
2.34907
2.28881
2.25834
1.86748
1.9223
2.49557
2.25832
2.493
2.34234
2.43683
2.43683
2.34234
2.49299
2.25832
2.49557
2.33002
2.2888
2.34232
2.30795
2.34673
2.34673
2.30794
2.34223
2.28879
2.33003
2.38614
2.34906
2.43683
2.34673
2.38667
2.38667
2.34672
2.43682
2.34906
2.38613
2.38614
2.34907
2.43683
2.34673
2.38667
2.38667
2.34672
2.43682
2.34907
2.38614
2.33003
2.28881
2.34236
2.30794
2.34672
2.34672
2.30793
2.34227
2.2888
2.33004
2.49559
2.25834
2.49299
2.34218
2.43681
2.43681
2.34219
2.49298
2.25833
2.49558
1.92231
1.86748
2.25831
2.28879
2.34906
2.34906
2.28879
2.25832
1.86749
1.92231
4.33675
1.9223
2.49558
2.33004
2.38613
2.38613
2.33004
2.49559
1.92231
4.33673
3.77893
1.68133
2.23289
2.04863
2.10478
2.10478
2.04865
2.23291
1.68135
3.779
1.68132
1.61541
2.01431
2.00498
2.0686
2.06861
2.00498
2.01432
1.61542
1.68133
2.23289
2.0143
2.27979
2.05155
2.15278
2.15279
2.05156
2.27979
2.01431
2.2329
2.04862
2.00498
2.05157
2.03005
2.06714
2.06714
2.03005
2.05164
2.00499
2.04864
2.10478
2.0686
2.15278
2.06714
2.10416
2.10416
2.06714
2.15279
2.06861
2.10478
2.10478
2.06861
2.15279
2.06714
2.10417
2.10417
2.06714
2.15279
2.06861
2.10478
2.04866
2.00498
2.05154
2.03005
2.06714
2.06714
2.03005
2.05161
2.00499
2.04866
2.23291
2.01433
2.27979
2.05168
2.15279
2.15279
2.05167
2.27979
2.01433
2.23292
1.68136
1.61543
2.01431
2.00499
2.06861
2.06861
2.00499
2.01433
1.61544
1.68136
3.77905
1.68134
2.23291
2.04865
2.10478
2.10478
2.04866
2.23292
1.68135
3.77907
3.11697
1.43801
1.95359
1.76499
1.82381
1.82381
1.76498
1.9536
1.43804
3.11698
1.438
1.36289
1.72044
1.73315
1.78805
1.78805
1.73315
1.72046
1.3629
1.43802
1.95358
1.72043
2.07527
1.78351
1.86645
1.86646
1.78352
2.07528
1.72044
1.95359
1.76499
1.73315
1.78352
1.75821
1.78844
1.78844
1.75821
1.78357
1.73317
1.765
1.82381
1.78804
1.86645
1.78844
1.82191
1.82191
1.78844
1.86647
1.78805
1.82381
1.82381
1.78805
1.86646
1.78844
1.82191
1.82192
1.78844
1.86647
1.78806
1.82381
1.76498
1.73315
1.78351
1.75822
1.78844
1.78844
1.75822
1.78356
1.73316
1.76499
1.9536
1.72046
2.07529
1.7836
1.86647
1.86647
1.78359
2.0753
1.72047
1.95361
1.43805
1.36291
1.72045
1.73317
1.78805
1.78806
1.73317
1.72047
1.36292
1.43805
3.11698
1.43802
1.9536
1.765
1.82381
1.82381
1.765
1.95361
1.43805
3.11699
2.91846
1.21883
1.68004
1.48362
1.54466
1.54467
1.48361
1.68006
1.21885
2.91845
1.21882
1.12193
1.40672
1.46315
1.50714
1.50714
1.46316
1.40674
1.12195
1.21884
1.68004
1.40671
1.803
1.51793
1.57829
1.57829
1.51793
1.80302
1.40672
1.68005
1.48362
1.46316
1.51794
1.4838
1.5101
1.51011
1.48381
1.51797
1.46317
1.48363
1.54467
1.50714
1.57829
1.5101
1.53969
1.53969
1.5101
1.5783
1.50715
1.54467
1.54467
1.50715
1.57829
1.51011
1.53969
1.53969
1.51011
1.5783
1.50715
1.54467
1.4836
1.46316
1.51793
1.48381
1.5101
1.51011
1.48381
1.51796
1.46317
1.48361
1.68007
1.40675
1.80302
1.51798
1.5783
1.5783
1.51798
1.80303
1.40675
1.68007
1.21886
1.12195
1.40672
1.46317
1.50715
1.50715
1.46317
1.40674
1.12197
1.21887
2.91843
1.21884
1.68005
1.48363
1.54467
1.54467
1.48362
1.68007
1.21887
2.91845
2.80177
0.972668
1.41466
1.20913
1.26879
1.26879
1.20912
1.41468
0.972686
2.80182
0.972664
0.862489
1.08943
1.18722
1.22497
1.22497
1.18722
1.08944
0.862507
0.972674
1.41466
1.08943
1.47637
1.22995
1.2899
1.2899
1.22995
1.47637
1.08943
1.41467
1.20913
1.18722
1.22995
1.20843
1.2296
1.22961
1.20844
1.22997
1.18723
1.20914
1.26879
1.22497
1.2899
1.2296
1.25667
1.25667
1.2296
1.28991
1.22497
1.2688
1.2688
1.22497
1.2899
1.22961
1.25667
1.25667
1.22961
1.28991
1.22498
1.2688
1.20912
1.18722
1.22995
1.20844
1.2296
1.22961
1.20844
1.22997
1.18723
1.20913
1.41468
1.08945
1.47637
1.22998
1.28991
1.28991
1.22998
1.47637
1.08945
1.41469
0.972692
0.862514
1.08943
1.18723
1.22498
1.22498
1.18723
1.08944
0.862526
0.972696
2.80185
0.97268
1.41467
1.20914
1.2688
1.2688
1.20914
1.41468
0.972693
2.80187
2.06691
0.743083
1.1201
0.941591
0.986759
0.98676
0.941592
1.12011
0.743097
2.06692
0.743081
0.655019
0.782599
0.913006
0.943034
0.943037
0.913007
0.782601
0.655042
0.743088
1.1201
0.782598
1.0947
0.94406
0.997454
0.997456
0.944062
1.0947
0.7826
1.12011
0.941594
0.913008
0.944062
0.932129
0.949436
0.949439
0.932132
0.944073
0.913015
0.941604
0.986759
0.943034
0.997455
0.949436
0.972808
0.97281
0.949438
0.997462
0.943039
0.986765
0.986762
0.943039
0.997457
0.94944
0.972811
0.972813
0.949442
0.997464
0.943043
0.986767
0.941593
0.913007
0.944062
0.932133
0.949438
0.949441
0.932135
0.944072
0.913014
0.941603
1.12012
0.782603
1.0947
0.944079
0.997466
0.997467
0.944079
1.0947
0.782606
1.12012
0.743102
0.655052
0.7826
0.913018
0.943041
0.943044
0.913018
0.782603
0.655065
0.743103
2.06692
0.743092
1.12011
0.941607
0.986767
0.986768
0.941607
1.12012
0.743101
2.06692
1.64842
0.475498
0.843555
0.700437
0.710927
0.710929
0.700444
0.843566
0.475504
1.64842
0.475495
0.414937
0.491299
0.635784
0.662526
0.662528
0.635786
0.491296
0.414953
0.475495
0.843556
0.4913
0.790232
0.662225
0.712772
0.712773
0.662226
0.790236
0.4913
0.843568
0.700439
0.635786
0.662225
0.654304
0.669691
0.669693
0.654306
0.662232
0.635791
0.700452
0.710927
0.662526
0.712772
0.669691
0.690476
0.690477
0.669692
0.712778
0.66253
0.710933
0.71093
0.662529
0.712774
0.669694
0.690478
0.690479
0.669695
0.712779
0.662532
0.710935
0.700446
0.635786
0.662226
0.654307
0.669693
0.669695
0.654308
0.662233
0.63579
0.700456
0.843571
0.491294
0.790234
0.662235
0.71278
0.712781
0.662236
0.79024
0.491297
0.843578
0.475506
0.414961
0.491299
0.635793
0.662532
0.662533
0.635793
0.491297
0.41497
0.475503
1.64842
0.475495
0.843572
0.700456
0.710935
0.710936
0.700459
0.843578
0.475499
1.64842
1.24581
0.29467
0.531456
0.429365
0.418951
0.418951
0.429369
0.531465
0.294675
1.24582
0.294667
0.358665
0.264276
0.360033
0.382723
0.382723
0.360037
0.264272
0.358728
0.294664
0.531456
0.264277
0.413657
0.376011
0.416324
0.416325
0.376012
0.413658
0.264278
0.531466
0.429366
0.360033
0.376011
0.376029
0.389664
0.389665
0.376031
0.376014
0.360038
0.429375
0.418951
0.382723
0.416324
0.389665
0.406102
0.406103
0.389665
0.416328
0.382726
0.418955
0.418952
0.382724
0.416325
0.389666
0.406103
0.406104
0.389667
0.416328
0.382727
0.418955
0.429369
0.360039
0.376012
0.376032
0.389666
0.389666
0.376033
0.376015
0.360042
0.429377
0.531468
0.264271
0.413656
0.376015
0.41633
0.41633
0.376016
0.413661
0.264274
0.531475
0.294678
0.358756
0.264278
0.360041
0.382727
0.382727
0.360043
0.264276
0.358791
0.294673
1.24582
0.294663
0.53147
0.429378
0.418956
0.418956
0.42938
0.531476
0.294667
1.24583
0.903848
0.00254828
0.259153
0.151297
0.145796
0.145797
0.1513
0.259158
0.00253889
0.903818
0.00254885
-0.0454728
0.0690474
0.088927
0.108322
0.108322
0.088931
0.0690404
-0.0455192
0.00254183
0.259153
0.0690486
0.207511
0.120004
0.142826
0.142826
0.120004
0.207513
0.0690464
0.259158
0.151296
0.0889264
0.120004
0.101137
0.113224
0.113224
0.101139
0.120005
0.0889282
0.151296
0.145796
0.108323
0.142826
0.113224
0.126548
0.126549
0.113225
0.142827
0.108324
0.145797
0.145798
0.108322
0.142826
0.113224
0.126549
0.126549
0.113225
0.142828
0.108323
0.145799
0.1513
0.0889331
0.120004
0.101139
0.113225
0.113225
0.10114
0.120005
0.0889329
0.1513
0.259161
0.069038
0.207514
0.120005
0.142828
0.142828
0.120006
0.207516
0.069038
0.259164
0.00253496
-0.0455411
0.069044
0.0889288
0.108324
0.108324
0.088931
0.0690388
-0.0455666
0.0025323
0.903804
0.00253754
0.25916
0.151296
0.145798
0.145799
0.151299
0.259164
0.00253218
0.90379
)
;

boundaryField
{
    bottom
    {
        type            calculated;
        value           nonuniform List<scalar> 
100
(
255.197
144.53
123.583
98.0293
83.1101
83.1102
98.029
123.583
144.531
255.197
144.53
77.5638
83.5464
64.4769
44.8003
44.8001
64.4771
83.546
77.5637
144.53
123.583
83.5461
83.1172
70.1002
59.9413
59.941
70.1001
83.1173
83.5465
123.583
98.0292
64.4769
70.1002
58.5073
54.2134
54.2136
58.5073
70.1003
64.477
98.0291
83.1101
44.8003
59.9412
54.2134
52.9652
52.9651
54.2136
59.9415
44.8002
83.1101
83.1101
44.8002
59.941
54.2135
52.9651
52.965
54.2137
59.9413
44.8001
83.1101
98.029
64.4771
70.1002
58.5074
54.2136
54.2138
58.5074
70.1002
64.4772
98.0289
123.583
83.5459
83.1173
70.1003
59.9415
59.9412
70.1002
83.1173
83.5464
123.583
144.531
77.5637
83.5466
64.4771
44.8003
44.8001
64.4772
83.5463
77.5636
144.53
255.197
144.53
123.583
98.0293
83.1102
83.1102
98.0289
123.583
144.53
255.197
)
;
    }
    atmosphere
    {
        type            calculated;
        value           nonuniform List<scalar> 
100
(
-0.00368791
0
0
0
-0.0125828
-0.0125833
0
0
0
-0.00368845
0
-0.0130608
0
-0.0635994
-0.0346042
-0.0346064
-0.0635951
0
-0.0130714
0
0
0
0
-0.0235973
-0.00864275
-0.00864298
-0.0235961
0
0
0
0
-0.063599
-0.0235969
-0.0400134
-0.0269702
-0.0269707
-0.0400125
-0.0235971
-0.0635971
0
-0.0125831
-0.0346047
-0.0086428
-0.0269704
-0.015618
-0.0156179
-0.0269701
-0.00864226
-0.034604
-0.0125818
-0.0125833
-0.034606
-0.00864288
-0.0269707
-0.0156179
-0.0156178
-0.0269703
-0.0086423
-0.0346049
-0.0125821
0
-0.0635964
-0.0235962
-0.0400128
-0.0269701
-0.0269704
-0.0400123
-0.0235965
-0.063596
0
0
0
0
-0.0235973
-0.00864241
-0.00864256
-0.0235963
0
0
0
0
-0.0130681
0
-0.0635979
-0.0346039
-0.0346056
-0.0635953
0
-0.0130752
0
-0.00368826
0
0
0
-0.0125821
-0.0125825
0
0
0
-0.00368872
)
;
    }
    walls
    {
        type            calculated;
        value           nonuniform List<scalar> 
1600
(
227.526
116.843
95.8975
74.6385
64.9668
64.9668
74.6382
95.8974
116.844
227.526
174.513
53.3929
47.2997
38.4076
41.2905
41.2905
38.4074
47.2995
53.3934
174.513
104.156
28.2561
27.0629
26.1306
28.6777
28.6776
26.1305
27.0628
28.2564
104.156
70.0783
18.4238
19.9507
16.44
19.7444
19.7444
16.4397
19.9506
18.4238
70.0784
48.6343
13.9558
16.9128
13.7275
15.2342
15.2342
13.727
16.9127
13.9556
48.6345
31.0269
11.0992
13.8569
10.8287
11.9261
11.9262
10.8282
13.8568
11.0991
31.0271
19.6948
9.90534
12.5648
10.2135
10.8769
10.8773
10.2128
12.5647
9.90517
19.695
15.8598
9.33674
11.6227
10.0899
10.3886
10.3887
10.0895
11.6226
9.33661
15.8599
10.8434
8.98458
10.8896
10.0205
10.0805
10.0805
10.0203
10.8895
8.98454
10.8434
9.37765
8.74375
10.1901
9.64334
9.69616
9.69613
9.64317
10.1901
8.74378
9.37769
8.92501
8.58867
9.4216
9.09118
9.21347
9.21349
9.09107
9.42177
8.58881
8.92507
8.91468
8.52625
8.70159
8.61653
8.70848
8.70852
8.6165
8.70181
8.52645
8.91474
8.91565
8.43637
8.20839
8.37895
8.28771
8.2877
8.37899
8.20848
8.43659
8.91571
8.88055
8.2291
7.93387
7.98974
7.94868
7.94866
7.98975
7.93385
8.22929
8.88058
8.84133
7.93543
7.67744
7.44045
7.59692
7.59691
7.44045
7.67736
7.93555
8.84127
9.04802
7.46389
7.51063
7.05809
7.24985
7.24983
7.05811
7.51048
7.46394
9.04779
9.54296
6.88947
7.34504
6.76275
6.99049
6.99046
6.7628
7.34492
6.88944
9.54271
8.52816
6.39525
7.05496
6.48949
6.66413
6.66409
6.48954
7.05494
6.39515
8.52785
8.12146
5.98721
6.62703
6.2123
6.32426
6.32426
6.21233
6.62694
5.98707
8.12128
7.55514
5.61064
6.18697
5.92219
6.00633
6.00634
5.92219
6.18692
5.61071
7.55564
6.62804
5.24917
5.80435
5.64401
5.68058
5.68057
5.64398
5.80432
5.24915
6.62826
6.17521
4.93036
5.54132
5.34353
5.36869
5.36868
5.3435
5.54132
4.93034
6.17531
6.37628
4.60452
5.30817
5.05918
5.08822
5.08822
5.05917
5.30817
4.60453
6.37691
6.62688
4.26786
5.07425
4.78035
4.806
4.80601
4.78034
5.07425
4.26784
6.62681
5.28433
3.77631
4.74165
4.47871
4.51341
4.5134
4.4787
4.74161
3.77636
5.28399
4.58863
3.28263
4.31868
4.148
4.19179
4.19179
4.14801
4.31867
3.28271
4.58778
5.99261
3.08553
3.98947
3.82972
3.85675
3.85675
3.82975
3.98953
3.08555
5.99306
6.04242
2.9245
3.63028
3.52639
3.55843
3.55843
3.52641
3.63034
2.92449
6.04231
5.47738
2.67419
3.26338
3.1988
3.25022
3.25022
3.19878
3.26344
2.67422
5.47744
3.96705
2.37445
2.93681
2.87286
2.95145
2.95146
2.87281
2.93685
2.3745
3.96706
4.19414
2.17146
2.71143
2.5849
2.66733
2.66734
2.58487
2.71145
2.17147
4.19407
4.3368
1.9223
2.49557
2.33002
2.38614
2.38614
2.33003
2.49559
1.92231
4.33675
3.77893
1.68132
2.23289
2.04862
2.10478
2.10478
2.04866
2.23291
1.68136
3.77905
3.11697
1.438
1.95358
1.76499
1.82381
1.82381
1.76498
1.9536
1.43805
3.11698
2.91846
1.21882
1.68004
1.48362
1.54467
1.54467
1.4836
1.68007
1.21886
2.91843
2.80177
0.972664
1.41466
1.20913
1.26879
1.2688
1.20912
1.41468
0.972692
2.80185
2.06691
0.743081
1.1201
0.941594
0.986759
0.986762
0.941593
1.12012
0.743102
2.06692
1.64842
0.475495
0.843556
0.700439
0.710927
0.71093
0.700446
0.843571
0.475506
1.64842
1.24581
0.294667
0.531456
0.429366
0.418951
0.418952
0.429369
0.531468
0.294678
1.24582
0.903848
0.00254885
0.259153
0.151296
0.145796
0.145798
0.1513
0.259161
0.00253496
0.903804
227.526
116.843
95.8975
74.6384
64.9668
64.9668
74.6381
95.8973
116.843
227.527
174.513
53.3926
47.2997
38.4076
41.2906
41.2905
38.4074
47.2994
53.393
174.513
104.156
28.256
27.063
26.1306
28.6777
28.6775
26.1305
27.0628
28.2562
104.156
70.0784
18.4238
19.9508
16.4401
19.7443
19.7443
16.4398
19.9506
18.4237
70.0784
48.6345
13.9558
16.9129
13.7276
15.234
15.234
13.7271
16.9127
13.9556
48.6345
31.027
11.0992
13.857
10.829
11.9256
11.9258
10.8284
13.8568
11.0991
31.0271
19.6949
9.90533
12.5649
10.214
10.8761
10.8766
10.2132
12.5647
9.90515
19.6951
15.8599
9.3367
11.6227
10.09
10.3882
10.3883
10.0896
11.6225
9.33656
15.86
10.8434
8.98453
10.8895
10.0205
10.0802
10.0802
10.0202
10.8895
8.98447
10.8435
9.37768
8.74374
10.19
9.64333
9.69599
9.69595
9.64312
10.1901
8.74373
9.37775
8.92505
8.58872
9.42161
9.09121
9.21338
9.21339
9.09102
9.4218
8.58883
8.92515
8.91472
8.52628
8.70162
8.61657
8.70843
8.70846
8.61645
8.70189
8.52651
8.91484
8.91568
8.43639
8.20851
8.37896
8.28768
8.28766
8.37897
8.20861
8.43662
8.91583
8.88056
8.22912
7.934
7.98974
7.94866
7.94864
7.98974
7.93399
8.22931
8.88069
8.84128
7.93543
7.67752
7.44045
7.59691
7.5969
7.44046
7.67746
7.93556
8.84133
9.04785
7.46387
7.51061
7.05812
7.24985
7.24983
7.05813
7.51048
7.46392
9.04773
9.54281
6.88942
7.34494
6.76277
6.99049
6.99046
6.7628
7.34485
6.88941
9.54251
8.52796
6.39516
7.05487
6.48951
6.66411
6.66408
6.48955
7.05486
6.3951
8.52757
8.12132
5.98711
6.62694
6.2123
6.32425
6.32424
6.21232
6.62688
5.98702
8.1212
7.55553
5.61064
6.18692
5.92219
6.00632
6.00632
5.92218
6.18688
5.61069
7.55581
6.62821
5.24915
5.80432
5.644
5.68056
5.68055
5.64397
5.8043
5.24914
6.62836
6.17529
4.93034
5.54131
5.34353
5.36867
5.36866
5.3435
5.54131
4.93034
6.17539
6.37679
4.60452
5.30818
5.05917
5.08821
5.08821
5.05917
5.30818
4.60453
6.37708
6.62683
4.26783
5.07426
4.78034
4.806
4.806
4.78033
5.07426
4.26782
6.62678
5.28406
3.77632
4.74161
4.4787
4.5134
4.5134
4.47869
4.7416
3.77635
5.28388
4.58793
3.28269
4.31867
4.14799
4.19179
4.19179
4.148
4.31867
3.28271
4.58755
5.99302
3.08554
3.9895
3.82972
3.85674
3.85674
3.82974
3.98953
3.08553
5.99303
6.04235
2.9245
3.63028
3.52638
3.55842
3.55842
3.52639
3.63033
2.92448
6.04229
5.47743
2.67419
3.26338
3.19878
3.25021
3.25021
3.19877
3.26342
2.67422
5.47751
3.96705
2.37445
2.93681
2.87284
2.95144
2.95145
2.87281
2.93684
2.37449
3.96707
4.19408
2.17146
2.71143
2.5849
2.66732
2.66733
2.58487
2.71144
2.17147
4.19404
4.33676
1.9223
2.49557
2.33003
2.38613
2.38614
2.33004
2.49558
1.92231
4.33673
3.779
1.68133
2.2329
2.04864
2.10478
2.10478
2.04866
2.23292
1.68136
3.77907
3.11698
1.43802
1.95359
1.765
1.82381
1.82381
1.76499
1.95361
1.43805
3.11699
2.91845
1.21884
1.68005
1.48363
1.54467
1.54467
1.48361
1.68007
1.21887
2.91845
2.80182
0.972674
1.41467
1.20914
1.2688
1.2688
1.20913
1.41469
0.972696
2.80187
2.06692
0.743088
1.12011
0.941604
0.986765
0.986767
0.941603
1.12012
0.743103
2.06692
1.64842
0.475495
0.843568
0.700452
0.710933
0.710935
0.700456
0.843578
0.475503
1.64842
1.24582
0.294664
0.531466
0.429375
0.418955
0.418955
0.429377
0.531475
0.294673
1.24583
0.903818
0.00254183
0.259158
0.151296
0.145797
0.145799
0.1513
0.259164
0.0025323
0.90379
227.526
174.513
104.156
70.0783
48.6343
31.0269
19.6948
15.8598
10.8434
9.37765
8.92501
8.91468
8.91565
8.88055
8.84133
9.04802
9.54296
8.52816
8.12146
7.55514
116.844
53.3933
28.2564
18.4238
13.9557
11.0991
9.90528
9.33672
8.9846
8.74378
8.5887
8.5263
8.43646
8.22915
7.93545
7.46385
6.88941
6.39519
5.98719
5.6106
95.8975
47.2997
27.0628
19.9506
16.9127
13.8568
12.5647
11.6227
10.8896
10.1901
9.42165
8.70162
8.2084
7.93388
7.67743
7.51059
7.34501
7.05495
6.62704
6.18697
74.6384
38.4076
26.1305
16.4397
13.7271
10.8282
10.2128
10.0897
10.0205
9.64331
9.09117
8.61654
8.37898
7.98976
7.44046
7.0581
6.76277
6.4895
6.21231
5.9222
64.9667
41.2905
28.6776
19.7444
15.2344
11.9266
10.8777
10.389
10.0807
9.69631
9.21355
8.70854
8.28774
7.9487
7.59693
7.24985
6.99049
6.66412
6.32426
6.00633
64.9667
41.2904
28.6775
19.7445
15.2344
11.9267
10.878
10.3891
10.0807
9.69629
9.21357
8.70857
8.28773
7.94869
7.59692
7.24984
6.99047
6.6641
6.32426
6.00634
74.6382
38.4074
26.1305
16.4396
13.7269
10.8279
10.2124
10.0894
10.0203
9.64322
9.09112
8.61654
8.37901
7.98976
7.44047
7.05811
6.76281
6.48954
6.21233
5.92219
95.8975
47.2996
27.0627
19.9505
16.9127
13.8567
12.5647
11.6226
10.8895
10.1901
9.42175
8.70176
8.20845
7.93385
7.67737
7.51048
7.34492
7.05494
6.62697
6.18694
116.844
53.3936
28.2566
18.4238
13.9556
11.0991
9.9052
9.33667
8.9846
8.74381
8.58879
8.52643
8.43659
8.22928
7.93554
7.4639
6.8894
6.39513
5.98709
5.61066
227.526
174.513
104.156
70.0784
48.6345
31.027
19.6949
15.8599
10.8434
9.37768
8.92505
8.91472
8.91568
8.88056
8.84128
9.04785
9.54281
8.52796
8.12132
7.55553
6.62804
6.17521
6.37628
6.62688
5.28433
4.58863
5.99261
6.04242
5.47738
3.96705
4.19414
4.3368
3.77893
3.11697
2.91846
2.80177
2.06691
1.64842
1.24581
0.903848
5.24915
4.93036
4.60452
4.26787
3.77632
3.28264
3.08553
2.9245
2.67419
2.37445
2.17146
1.9223
1.68133
1.43801
1.21883
0.972668
0.743083
0.475498
0.29467
0.00254828
5.80435
5.54132
5.30817
5.07425
4.74165
4.31868
3.98947
3.63029
3.26338
2.93681
2.71143
2.49558
2.23289
1.95359
1.68004
1.41466
1.1201
0.843555
0.531456
0.259153
5.64401
5.34354
5.05918
4.78036
4.47872
4.148
3.82973
3.52639
3.1988
2.87285
2.58491
2.33002
2.04863
1.76499
1.48362
1.20913
0.941591
0.700437
0.429365
0.151297
5.68058
5.36869
5.08822
4.806
4.51341
4.19179
3.85675
3.55843
3.25022
2.95145
2.66733
2.38614
2.10478
1.82381
1.54466
1.26879
0.986759
0.710927
0.418951
0.145796
5.68057
5.36868
5.08822
4.806
4.5134
4.19179
3.85675
3.55843
3.25022
2.95145
2.66733
2.38614
2.10478
1.82381
1.54467
1.26879
0.98676
0.710929
0.418951
0.145797
5.64398
5.34351
5.05917
4.78035
4.47871
4.14801
3.82974
3.5264
3.19879
2.87283
2.58488
2.33003
2.04865
1.76498
1.48361
1.20912
0.941592
0.700444
0.429369
0.1513
5.80433
5.54132
5.30817
5.07425
4.74162
4.31867
3.98951
3.63032
3.26342
2.93684
2.71144
2.49559
2.23291
1.9536
1.68006
1.41468
1.12011
0.843566
0.531465
0.259158
5.24914
4.93035
4.60453
4.26784
3.77635
3.2827
3.08555
2.9245
2.67421
2.37448
2.17147
1.92231
1.68135
1.43804
1.21885
0.972686
0.743097
0.475504
0.294675
0.00253889
6.62821
6.17529
6.37679
6.62683
5.28406
4.58793
5.99302
6.04235
5.47743
3.96705
4.19408
4.33676
3.779
3.11698
2.91845
2.80182
2.06692
1.64842
1.24582
0.903818
227.526
174.513
104.156
70.0784
48.6345
31.0271
19.695
15.8599
10.8434
9.37769
8.92507
8.91474
8.91571
8.88058
8.84127
9.04779
9.54271
8.52785
8.12128
7.55564
116.843
53.3927
28.2561
18.4238
13.9557
11.0991
9.90525
9.33664
8.9845
8.74376
8.58875
8.52632
8.43645
8.22916
7.93543
7.46382
6.88936
6.39509
5.98708
5.61062
95.8974
47.2996
27.0629
19.9507
16.9128
13.8569
12.5647
11.6226
10.8895
10.19
9.42165
8.70162
8.20851
7.93402
7.67752
7.51055
7.34486
7.05482
6.62692
6.18692
74.6383
38.4075
26.1305
16.4399
13.7274
10.8286
10.2133
10.0898
10.0204
9.64331
9.09124
8.61661
8.37898
7.98977
7.44047
7.0581
6.76278
6.48951
6.2123
5.92218
64.9668
41.2905
28.6776
19.7443
15.2341
11.9258
10.8767
10.3884
10.0803
9.69603
9.21342
8.70846
8.28769
7.94867
7.59691
7.24984
6.99047
6.6641
6.32424
6.00631
64.9667
41.2905
28.6775
19.7443
15.2341
11.9259
10.8769
10.3885
10.0803
9.69601
9.21342
8.70848
8.28768
7.94866
7.59691
7.24984
6.99046
6.66408
6.32424
6.00632
74.6381
38.4074
26.1304
16.4398
13.7271
10.8283
10.2129
10.0895
10.0202
9.64318
9.0911
8.61651
8.37898
7.98976
7.44048
7.05811
6.7628
6.48953
6.21232
5.92218
95.8973
47.2994
27.0627
19.9506
16.9127
13.8568
12.5647
11.6225
10.8895
10.1901
9.42179
8.70183
8.20859
7.93403
7.67749
7.51046
7.3448
7.05481
6.62688
6.1869
116.843
53.3928
28.2561
18.4237
13.9556
11.0991
9.90517
9.33658
8.98448
8.74375
8.58882
8.52647
8.43658
8.22928
7.93551
7.46387
6.88936
6.39506
5.98702
5.61066
227.527
174.513
104.156
70.0784
48.6345
31.0271
19.6951
15.86
10.8435
9.37775
8.92515
8.91484
8.91583
8.88069
8.84133
9.04773
9.54251
8.52757
8.1212
7.55581
6.62826
6.17531
6.37691
6.62681
5.28399
4.58778
5.99306
6.04231
5.47744
3.96706
4.19407
4.33675
3.77905
3.11698
2.91843
2.80185
2.06692
1.64842
1.24582
0.903804
5.24914
4.93035
4.60453
4.26782
3.77632
3.28269
3.08553
2.9245
2.67419
2.37444
2.17145
1.9223
1.68134
1.43802
1.21884
0.97268
0.743092
0.475495
0.294663
0.00253754
5.80432
5.54132
5.30819
5.07427
4.7416
4.31865
3.98948
3.63026
3.26337
2.9368
2.71143
2.49558
2.23291
1.9536
1.68005
1.41467
1.12011
0.843572
0.53147
0.25916
5.644
5.34352
5.05918
4.78034
4.47869
4.14798
3.82971
3.52637
3.19876
2.87283
2.58491
2.33004
2.04865
1.765
1.48363
1.20914
0.941607
0.700456
0.429378
0.151296
5.68055
5.36866
5.08821
4.806
4.5134
4.19178
3.85673
3.55841
3.2502
2.95143
2.66732
2.38613
2.10478
1.82381
1.54467
1.2688
0.986767
0.710935
0.418956
0.145798
5.68055
5.36866
5.08821
4.806
4.51339
4.19178
3.85673
3.55841
3.2502
2.95144
2.66732
2.38613
2.10478
1.82381
1.54467
1.2688
0.986768
0.710936
0.418956
0.145799
5.64398
5.34351
5.05917
4.78034
4.47869
4.14799
3.82972
3.52638
3.19876
2.87281
2.58489
2.33004
2.04866
1.765
1.48362
1.20914
0.941607
0.700459
0.42938
0.151299
5.8043
5.54132
5.30819
5.07427
4.7416
4.31866
3.9895
3.63029
3.26339
2.93682
2.71144
2.49559
2.23292
1.95361
1.68007
1.41468
1.12012
0.843578
0.531476
0.259164
5.24914
4.93035
4.60454
4.26782
3.77633
3.2827
3.08553
2.92449
2.67421
2.37447
2.17146
1.92231
1.68135
1.43805
1.21887
0.972693
0.743101
0.475499
0.294667
0.00253218
6.62836
6.17539
6.37708
6.62678
5.28388
4.58755
5.99303
6.04229
5.47751
3.96707
4.19404
4.33673
3.77907
3.11699
2.91845
2.80187
2.06692
1.64842
1.24583
0.90379
)
;
    }
}


// ************************************************************************* //
