/*--------------------------------*- C++ -*----------------------------------*\
| =========                 |                                                 |
| \\      /  F ield         | OpenFOAM: The Open Source CFD Toolbox           |
|  \\    /   O peration     | Version:  2412                                  |
|   \\  /    A nd           | Website:  www.openfoam.com                      |
|    \\/     M anipulation  |                                                 |
\*---------------------------------------------------------------------------*/
FoamFile
{
    version     2.0;
    format      ascii;
    arch        "LSB;label=32;scalar=64";
    class       volScalarField;
    location    "0.26";
    object      p;
}
// * * * * * * * * * * * * * * * * * * * * * * * * * * * * * * * * * * * * * //

dimensions      [1 -1 -2 0 0 0 0];

internalField   nonuniform List<scalar> 
1000
(
10.9002
10.9284
10.9801
11.0431
11.1015
11.1015
11.0431
10.9801
10.9284
10.9002
10.9284
10.9653
11.0331
11.1229
11.2171
11.2171
11.1229
11.0331
10.9653
10.9284
10.9801
11.0331
11.1315
11.2775
11.4364
11.4364
11.2775
11.1315
11.0331
10.9801
11.0431
11.1229
11.2775
11.5368
11.8951
11.8951
11.5368
11.2775
11.1229
11.0431
11.1015
11.2171
11.4364
11.8951
12.5613
12.5613
11.8951
11.4364
11.2171
11.1015
11.1015
11.2171
11.4364
11.8951
12.5613
12.5613
11.8951
11.4364
11.2171
11.1015
11.0431
11.1229
11.2775
11.5368
11.8951
11.8951
11.5368
11.2775
11.1229
11.0431
10.9801
11.0331
11.1315
11.2775
11.4364
11.4364
11.2775
11.1315
11.0331
10.9801
10.9284
10.9653
11.0331
11.1229
11.2171
11.2171
11.1229
11.0331
10.9653
10.9284
10.9002
10.9284
10.9801
11.0431
11.1015
11.1015
11.0431
10.9801
10.9284
10.9002
10.5667
10.5966
10.6514
10.72
10.7854
10.7854
10.72
10.6514
10.5966
10.5667
10.5966
10.6362
10.7088
10.81
10.923
10.923
10.81
10.7088
10.6362
10.5966
10.6514
10.7088
10.8137
10.9814
11.1668
11.1668
10.9814
10.8137
10.7088
10.6514
10.72
10.81
10.9814
11.3044
11.7939
11.7939
11.3044
10.9814
10.81
10.72
10.7854
10.923
11.1668
11.7939
12.8176
12.8176
11.7939
11.1668
10.923
10.7854
10.7854
10.923
11.1668
11.7939
12.8176
12.8176
11.7939
11.1668
10.923
10.7854
10.72
10.81
10.9814
11.3044
11.7939
11.7939
11.3044
10.9814
10.81
10.72
10.6514
10.7088
10.8137
10.9814
11.1668
11.1668
10.9814
10.8137
10.7088
10.6514
10.5966
10.6362
10.7088
10.81
10.923
10.923
10.81
10.7088
10.6362
10.5966
10.5667
10.5966
10.6514
10.72
10.7854
10.7854
10.72
10.6514
10.5966
10.5667
10.2173
10.2479
10.3036
10.3748
10.4437
10.4437
10.3748
10.3036
10.2479
10.2173
10.2479
10.2885
10.3619
10.4702
10.5972
10.5972
10.4702
10.3619
10.2885
10.2479
10.3036
10.3619
10.4648
10.6419
10.8286
10.8286
10.6419
10.4648
10.3619
10.3036
10.3748
10.4702
10.6419
11.0085
11.5897
11.5897
11.0085
10.6419
10.4702
10.3748
10.4437
10.5972
10.8286
11.5897
13.0264
13.0264
11.5897
10.8286
10.5972
10.4437
10.4437
10.5972
10.8286
11.5897
13.0264
13.0264
11.5897
10.8286
10.5972
10.4437
10.3748
10.4702
10.6419
11.0085
11.5897
11.5897
11.0085
10.6419
10.4702
10.3748
10.3036
10.3619
10.4648
10.6419
10.8286
10.8286
10.6419
10.4648
10.3619
10.3036
10.2479
10.2885
10.3619
10.4702
10.5972
10.5972
10.4702
10.3619
10.2885
10.2479
10.2173
10.2479
10.3036
10.3748
10.4437
10.4437
10.3748
10.3036
10.2479
10.2173
9.85147
9.88134
9.93537
10.005
10.0718
10.0718
10.005
9.93537
9.88134
9.85146
9.88134
9.9208
9.98961
10.0969
10.2187
10.2187
10.0969
9.98961
9.9208
9.88134
9.93537
9.98961
10.0787
10.2369
10.3324
10.3324
10.2369
10.0787
9.98961
9.93537
10.005
10.0969
10.2369
10.5652
11.1463
11.1463
10.5652
10.2369
10.0969
10.005
10.0718
10.2187
10.3324
11.1463
12.5247
12.5247
11.1463
10.3324
10.2187
10.0718
10.0718
10.2187
10.3324
11.1463
12.5247
12.5247
11.1463
10.3324
10.2187
10.0718
10.005
10.0969
10.2369
10.5652
11.1463
11.1463
10.5652
10.2369
10.0969
10.005
9.93537
9.98961
10.0787
10.2369
10.3324
10.3324
10.2369
10.0787
9.98961
9.93537
9.88134
9.9208
9.98961
10.0969
10.2187
10.2187
10.0969
9.98961
9.9208
9.88134
9.85147
9.88134
9.93537
10.005
10.0718
10.0718
10.005
9.93537
9.88134
9.85146
9.46905
9.49705
9.54742
9.61049
9.66962
9.66962
9.61049
9.54742
9.49705
9.46905
9.49705
9.53297
9.59151
9.68838
9.76795
9.76795
9.68838
9.59151
9.53297
9.49705
9.54742
9.59151
9.65706
9.74424
9.67861
9.67861
9.74423
9.65706
9.59151
9.54742
9.61049
9.68838
9.74424
9.922
10.3763
10.3763
9.922
9.74423
9.68838
9.61049
9.66962
9.76795
9.67861
10.3763
10.4605
10.4605
10.3763
9.67861
9.76795
9.66962
9.66962
9.76795
9.67861
10.3763
10.4605
10.4605
10.3763
9.67861
9.76795
9.66962
9.61049
9.68838
9.74423
9.922
10.3763
10.3763
9.922
9.74423
9.68838
9.61049
9.54742
9.59151
9.65706
9.74423
9.67861
9.67861
9.74423
9.65706
9.59151
9.54742
9.49705
9.53297
9.59151
9.68838
9.76795
9.76795
9.68838
9.59151
9.53297
9.49705
9.46905
9.49705
9.54742
9.61049
9.66962
9.66962
9.61049
9.54742
9.49705
9.46905
9.07067
9.09608
9.14255
9.19547
9.24457
9.24457
9.19547
9.14255
9.09608
9.07067
9.09608
9.12688
9.17214
9.24841
9.25556
9.25556
9.24841
9.17213
9.12688
9.09608
9.14255
9.17214
9.21561
9.19269
8.9797
8.9797
9.19269
9.21561
9.17213
9.14255
9.19547
9.24841
9.19269
9.13678
9.16994
9.16994
9.13677
9.19269
9.24841
9.19547
9.24457
9.25556
8.9797
9.16994
8.41609
8.41609
9.16995
8.97969
9.25555
9.24457
9.24457
9.25556
8.9797
9.16994
8.41609
8.4161
9.16995
8.97969
9.25555
9.24457
9.19547
9.24841
9.19269
9.13677
9.16995
9.16995
9.13677
9.19269
9.24841
9.19547
9.14255
9.17213
9.21561
9.19269
8.97969
8.97969
9.19269
9.21561
9.17213
9.14255
9.09608
9.12688
9.17213
9.24841
9.25555
9.25555
9.24841
9.17213
9.12687
9.09608
9.07067
9.09608
9.14255
9.19547
9.24457
9.24457
9.19547
9.14255
9.09608
9.07067
8.65728
8.6802
8.7252
8.76837
8.81099
8.81099
8.76837
8.7252
8.68019
8.65727
8.6802
8.70604
8.7417
8.79264
8.75312
8.75312
8.79263
8.7417
8.70604
8.68019
8.7252
8.7417
8.76802
8.67168
8.4088
8.4088
8.67167
8.76801
8.7417
8.72519
8.76837
8.79264
8.67168
8.42992
8.00221
8.00221
8.42991
8.67167
8.79263
8.76837
8.81099
8.75312
8.4088
8.00221
7.71083
7.71083
8.0022
8.40879
8.75312
8.81099
8.81099
8.75312
8.4088
8.00221
7.71083
7.71084
8.0022
8.40879
8.75312
8.81099
8.76837
8.79263
8.67167
8.42991
8.0022
8.0022
8.4299
8.67167
8.79263
8.76837
8.7252
8.7417
8.76801
8.67167
8.40879
8.40879
8.67167
8.76801
8.7417
8.72519
8.68019
8.70604
8.7417
8.79263
8.75312
8.75312
8.79263
8.7417
8.70604
8.68019
8.65727
8.68019
8.7252
8.76837
8.81099
8.81099
8.76837
8.72519
8.68019
8.65727
8.22964
8.25101
8.29991
8.33806
8.38737
8.38737
8.33806
8.29991
8.25101
8.22964
8.25101
8.2739
8.31205
8.34279
8.32227
8.32227
8.34279
8.31205
8.2739
8.25101
8.29991
8.31205
8.34453
8.24872
8.02718
8.02718
8.24872
8.34453
8.31205
8.29991
8.33806
8.34279
8.24872
7.97908
7.55793
7.55792
7.97906
8.24872
8.34279
8.33806
8.38737
8.32227
8.02718
7.55793
8.51473
8.51474
7.5579
8.02717
8.32226
8.38737
8.38737
8.32227
8.02718
7.55792
8.51474
8.51475
7.5579
8.02717
8.32226
8.38737
8.33806
8.34279
8.24872
7.97907
7.5579
7.5579
7.97905
8.24872
8.34279
8.33805
8.29991
8.31205
8.34453
8.24872
8.02717
8.02717
8.24872
8.34453
8.31205
8.29991
8.25101
8.2739
8.31205
8.34279
8.32226
8.32226
8.34279
8.31205
8.2739
8.25101
8.22964
8.25101
8.29991
8.33806
8.38737
8.38737
8.33805
8.29991
8.25101
8.22964
7.78777
7.80878
7.8682
7.9074
7.97999
7.97999
7.9074
7.8682
7.80878
7.78777
7.80878
7.83119
7.88729
7.91062
7.96642
7.96642
7.91062
7.88729
7.83119
7.80878
7.8682
7.88729
7.96222
7.92571
7.91771
7.91771
7.9257
7.96222
7.88729
7.8682
7.9074
7.91062
7.92571
7.74419
7.61879
7.61879
7.74419
7.92571
7.91062
7.9074
7.97999
7.96642
7.91771
7.61879
7.65556
7.65557
7.61878
7.9177
7.96642
7.97999
7.97999
7.96642
7.91771
7.61879
7.65557
7.65557
7.61878
7.9177
7.96642
7.97999
7.9074
7.91062
7.9257
7.74419
7.61878
7.61878
7.74419
7.9257
7.91062
7.9074
7.8682
7.88729
7.96222
7.92571
7.9177
7.9177
7.9257
7.96222
7.88729
7.8682
7.80878
7.83119
7.88729
7.91062
7.96642
7.96642
7.91062
7.88729
7.83119
7.80877
7.78777
7.80878
7.8682
7.9074
7.97999
7.97999
7.9074
7.8682
7.80877
7.78777
7.33047
7.35162
7.4269
7.47075
7.58331
7.58331
7.47074
7.4269
7.35162
7.33047
7.35162
7.37452
7.46083
7.48068
7.63702
7.63702
7.48068
7.46082
7.37452
7.35162
7.4269
7.46082
7.61099
7.66353
8.0558
8.0558
7.66353
7.61099
7.46082
7.4269
7.47075
7.48068
7.66353
7.55381
7.69833
7.69833
7.55382
7.66353
7.48068
7.47074
7.58331
7.63702
8.0558
7.69833
5.50997
5.50999
7.69838
8.0558
7.63702
7.58331
7.58331
7.63702
8.0558
7.69833
5.50999
5.51002
7.69837
8.0558
7.63702
7.58331
7.47074
7.48068
7.66353
7.55382
7.69838
7.69837
7.55383
7.66353
7.48068
7.47074
7.4269
7.46083
7.61099
7.66353
8.0558
8.0558
7.66353
7.61099
7.46082
7.4269
7.35162
7.37452
7.46082
7.48068
7.63702
7.63702
7.48068
7.46082
7.37452
7.35162
7.33047
7.35162
7.4269
7.47074
7.58331
7.58331
7.47074
7.4269
7.35162
7.33047
)
;

boundaryField
{
    bottom
    {
        type            calculated;
        value           nonuniform List<scalar> 0();
    }
    atmosphere
    {
        type            calculated;
        value           nonuniform List<scalar> 0();
    }
    walls
    {
        type            calculated;
        value           nonuniform List<scalar> 
400
(
10.9002
10.9284
10.9801
11.0431
11.1015
11.1015
11.0431
10.9801
10.9284
10.9002
10.5667
10.5966
10.6514
10.72
10.7854
10.7854
10.72
10.6514
10.5966
10.5667
10.2173
10.2479
10.3036
10.3748
10.4437
10.4437
10.3748
10.3036
10.2479
10.2173
9.85147
9.88134
9.93537
10.005
10.0718
10.0718
10.005
9.93537
9.88134
9.85147
9.46905
9.49705
9.54742
9.61049
9.66962
9.66962
9.61049
9.54742
9.49705
9.46905
9.07067
9.09608
9.14255
9.19547
9.24457
9.24457
9.19547
9.14255
9.09608
9.07067
8.65728
8.6802
8.7252
8.76837
8.81099
8.81099
8.76837
8.7252
8.68019
8.65727
8.22964
8.25101
8.29991
8.33806
8.38737
8.38737
8.33806
8.29991
8.25101
8.22964
7.78777
7.80878
7.8682
7.9074
7.97999
7.97999
7.9074
7.8682
7.80878
7.78777
7.33047
7.35162
7.4269
7.47075
7.58331
7.58331
7.47074
7.4269
7.35162
7.33047
10.9002
10.9284
10.9801
11.0431
11.1015
11.1015
11.0431
10.9801
10.9284
10.9002
10.5667
10.5966
10.6514
10.72
10.7854
10.7854
10.72
10.6514
10.5966
10.5667
10.2173
10.2479
10.3036
10.3748
10.4437
10.4437
10.3748
10.3036
10.2479
10.2173
9.85146
9.88134
9.93537
10.005
10.0718
10.0718
10.005
9.93537
9.88134
9.85146
9.46905
9.49705
9.54742
9.61049
9.66962
9.66962
9.61049
9.54742
9.49705
9.46905
9.07067
9.09608
9.14255
9.19547
9.24457
9.24457
9.19547
9.14255
9.09608
9.07067
8.65727
8.68019
8.72519
8.76837
8.81099
8.81099
8.76837
8.72519
8.68019
8.65727
8.22964
8.25101
8.29991
8.33806
8.38737
8.38737
8.33805
8.29991
8.25101
8.22964
7.78777
7.80878
7.8682
7.9074
7.97999
7.97999
7.9074
7.8682
7.80877
7.78777
7.33047
7.35162
7.4269
7.47074
7.58331
7.58331
7.47074
7.4269
7.35162
7.33047
10.9002
10.5667
10.2173
9.85147
9.46905
9.07067
8.65728
8.22964
7.78777
7.33047
10.9284
10.5966
10.2479
9.88134
9.49705
9.09608
8.6802
8.25101
7.80878
7.35162
10.9801
10.6514
10.3036
9.93537
9.54742
9.14255
8.7252
8.29991
7.8682
7.4269
11.0431
10.72
10.3748
10.005
9.61049
9.19547
8.76837
8.33806
7.9074
7.47075
11.1015
10.7854
10.4437
10.0718
9.66962
9.24457
8.81099
8.38737
7.97999
7.58331
11.1015
10.7854
10.4437
10.0718
9.66962
9.24457
8.81099
8.38737
7.97999
7.58331
11.0431
10.72
10.3748
10.005
9.61049
9.19547
8.76837
8.33806
7.9074
7.47074
10.9801
10.6514
10.3036
9.93537
9.54742
9.14255
8.7252
8.29991
7.8682
7.4269
10.9284
10.5966
10.2479
9.88134
9.49705
9.09608
8.68019
8.25101
7.80878
7.35162
10.9002
10.5667
10.2173
9.85146
9.46905
9.07067
8.65727
8.22964
7.78777
7.33047
10.9002
10.5667
10.2173
9.85147
9.46905
9.07067
8.65727
8.22964
7.78777
7.33047
10.9284
10.5966
10.2479
9.88134
9.49705
9.09608
8.68019
8.25101
7.80878
7.35162
10.9801
10.6514
10.3036
9.93537
9.54742
9.14255
8.7252
8.29991
7.8682
7.4269
11.0431
10.72
10.3748
10.005
9.61049
9.19547
8.76837
8.33806
7.9074
7.47074
11.1015
10.7854
10.4437
10.0718
9.66962
9.24457
8.81099
8.38737
7.97999
7.58331
11.1015
10.7854
10.4437
10.0718
9.66962
9.24457
8.81099
8.38737
7.97999
7.58331
11.0431
10.72
10.3748
10.005
9.61049
9.19547
8.76837
8.33805
7.9074
7.47074
10.9801
10.6514
10.3036
9.93537
9.54742
9.14255
8.72519
8.29991
7.8682
7.4269
10.9284
10.5966
10.2479
9.88134
9.49705
9.09608
8.68019
8.25101
7.80877
7.35162
10.9002
10.5667
10.2173
9.85146
9.46905
9.07067
8.65727
8.22964
7.78777
7.33047
)
;
    }
    procBoundary2to0
    {
        type            processor;
        value           nonuniform List<scalar> 
100
(
6.85559
6.87594
6.96841
7.01567
7.17959
7.17959
7.01567
6.9684
6.87594
6.85559
6.87594
6.89769
7.01857
7.02723
7.27351
7.27351
7.02724
7.01857
6.89769
6.87594
6.96841
7.01857
7.25188
7.38807
8.24367
8.24367
7.38807
7.25188
7.01857
6.9684
7.01567
7.02723
7.38807
7.18048
7.5091
7.5091
7.18049
7.38807
7.02723
7.01567
7.17959
7.27351
8.24367
7.50909
9.40997
9.40998
7.50911
8.24368
7.27351
7.17959
7.17959
7.27351
8.24367
7.5091
9.40998
9.40999
7.50911
8.24368
7.27351
7.17959
7.01567
7.02724
7.38807
7.18049
7.50911
7.50911
7.1805
7.38807
7.02724
7.01567
6.96841
7.01857
7.25188
7.38807
8.24368
8.24368
7.38807
7.25188
7.01857
6.9684
6.87594
6.89769
7.01857
7.02724
7.27351
7.27351
7.02724
7.01857
6.89769
6.87594
6.85559
6.87594
6.96841
7.01567
7.17959
7.17959
7.01567
6.9684
6.87594
6.85559
)
;
    }
    procBoundary2to3
    {
        type            processor;
        value           nonuniform List<scalar> 
100
(
11.219
11.2448
11.2919
11.3477
11.3976
11.3976
11.3477
11.2919
11.2448
11.219
11.2448
11.2779
11.3387
11.4155
11.4915
11.4915
11.4155
11.3387
11.2779
11.2448
11.2919
11.3387
11.4258
11.5466
11.6732
11.6732
11.5466
11.4258
11.3387
11.2919
11.3477
11.4155
11.5466
11.7471
11.9982
11.9982
11.7471
11.5466
11.4155
11.3477
11.3976
11.4915
11.6732
11.9982
12.4285
12.4285
11.9982
11.6732
11.4915
11.3976
11.3976
11.4915
11.6732
11.9982
12.4285
12.4285
11.9982
11.6732
11.4915
11.3976
11.3477
11.4155
11.5466
11.7471
11.9982
11.9982
11.7471
11.5466
11.4155
11.3477
11.2919
11.3387
11.4258
11.5466
11.6732
11.6732
11.5466
11.4258
11.3387
11.2919
11.2448
11.2779
11.3387
11.4155
11.4915
11.4915
11.4155
11.3387
11.2779
11.2448
11.219
11.2448
11.2919
11.3477
11.3976
11.3976
11.3477
11.2919
11.2448
11.219
)
;
    }
}


// ************************************************************************* //
