/*--------------------------------*- C++ -*----------------------------------*\
| =========                 |                                                 |
| \\      /  F ield         | OpenFOAM: The Open Source CFD Toolbox           |
|  \\    /   O peration     | Version:  2412                                  |
|   \\  /    A nd           | Website:  www.openfoam.com                      |
|    \\/     M anipulation  |                                                 |
\*---------------------------------------------------------------------------*/
FoamFile
{
    version     2.0;
    format      ascii;
    arch        "LSB;label=32;scalar=64";
    class       volScalarField;
    location    "0.26";
    object      p_rgh;
}
// * * * * * * * * * * * * * * * * * * * * * * * * * * * * * * * * * * * * * //

dimensions      [1 -1 -2 0 0 0 0];

internalField   nonuniform List<scalar> 
1000
(
13.4753
13.5035
13.5553
13.6182
13.6766
13.6766
13.6182
13.5553
13.5035
13.4753
13.5035
13.5404
13.6082
13.698
13.7922
13.7922
13.698
13.6082
13.5404
13.5035
13.5553
13.6082
13.7066
13.8526
14.0115
14.0115
13.8526
13.7066
13.6082
13.5553
13.6182
13.698
13.8526
14.112
14.4708
14.4708
14.112
13.8526
13.698
13.6182
13.6766
13.7922
14.0115
14.4708
15.1496
15.1496
14.4708
14.0115
13.7922
13.6766
13.6766
13.7922
14.0115
14.4708
15.1496
15.1496
14.4708
14.0115
13.7922
13.6766
13.6182
13.698
13.8526
14.112
14.4708
14.4708
14.112
13.8526
13.698
13.6182
13.5553
13.6082
13.7066
13.8526
14.0115
14.0115
13.8526
13.7066
13.6082
13.5553
13.5035
13.5404
13.6082
13.698
13.7922
13.7922
13.698
13.6082
13.5404
13.5035
13.4753
13.5035
13.5553
13.6182
13.6766
13.6766
13.6182
13.5553
13.5035
13.4753
13.387
13.417
13.4718
13.5404
13.6058
13.6058
13.5404
13.4718
13.417
13.387
13.417
13.4566
13.5292
13.6304
13.7434
13.7434
13.6304
13.5292
13.4566
13.417
13.4718
13.5292
13.6341
13.8017
13.9874
13.9874
13.8017
13.6341
13.5292
13.4718
13.5404
13.6304
13.8017
14.1252
14.6243
14.6243
14.1252
13.8017
13.6304
13.5404
13.6058
13.7434
13.9874
14.6243
15.777
15.777
14.6243
13.9874
13.7434
13.6058
13.6058
13.7434
13.9874
14.6243
15.777
15.777
14.6243
13.9874
13.7434
13.6058
13.5404
13.6304
13.8017
14.1252
14.6243
14.6243
14.1252
13.8017
13.6304
13.5404
13.4718
13.5292
13.6341
13.8017
13.9874
13.9874
13.8017
13.6341
13.5292
13.4718
13.417
13.4566
13.5292
13.6304
13.7434
13.7434
13.6304
13.5292
13.4566
13.417
13.387
13.417
13.4718
13.5404
13.6058
13.6058
13.5404
13.4718
13.417
13.387
13.2829
13.3135
13.3692
13.4404
13.5094
13.5094
13.4404
13.3692
13.3135
13.2829
13.3135
13.3541
13.4276
13.5359
13.6629
13.6629
13.5359
13.4276
13.3541
13.3135
13.3692
13.4276
13.5304
13.7077
13.8987
13.8987
13.7077
13.5304
13.4276
13.3692
13.4404
13.5359
13.7077
14.0803
14.751
14.751
14.0803
13.7077
13.5359
13.4404
13.5094
13.6629
13.8987
14.751
16.9881
16.9881
14.751
13.8987
13.6629
13.5094
13.5094
13.6629
13.8987
14.751
16.9881
16.9881
14.751
13.8987
13.6629
13.5094
13.4404
13.5359
13.7077
14.0803
14.751
14.751
14.0803
13.7077
13.5359
13.4404
13.3692
13.4276
13.5304
13.7077
13.8987
13.8987
13.7077
13.5304
13.4276
13.3692
13.3135
13.3541
13.4276
13.5359
13.6629
13.6629
13.5359
13.4276
13.3541
13.3135
13.2829
13.3135
13.3692
13.4404
13.5094
13.5094
13.4404
13.3692
13.3135
13.2829
13.1623
13.1922
13.2462
13.3158
13.3827
13.3827
13.3158
13.2462
13.1922
13.1623
13.1922
13.2317
13.3005
13.4079
13.531
13.531
13.4079
13.3005
13.2317
13.1922
13.2462
13.3005
13.3897
13.5502
13.6832
13.6832
13.5502
13.3897
13.3005
13.2462
13.3158
13.4079
13.5502
13.928
14.9869
14.9869
13.928
13.5502
13.4079
13.3158
13.3827
13.531
13.6832
14.9869
19.6439
19.6439
14.9869
13.6832
13.531
13.3827
13.3827
13.531
13.6832
14.9869
19.6439
19.644
14.9869
13.6832
13.531
13.3827
13.3158
13.4079
13.5502
13.928
14.9869
14.9869
13.928
13.5502
13.4079
13.3158
13.2462
13.3005
13.3897
13.5502
13.6832
13.6832
13.5502
13.3897
13.3005
13.2462
13.1922
13.2317
13.3005
13.4079
13.531
13.531
13.4079
13.3005
13.2317
13.1922
13.1623
13.1922
13.2462
13.3158
13.3827
13.3827
13.3158
13.2462
13.1922
13.1623
13.0252
13.0532
13.1035
13.1666
13.2259
13.2259
13.1666
13.1035
13.0532
13.0252
13.0532
13.0891
13.1477
13.2451
13.334
13.334
13.2451
13.1477
13.0891
13.0532
13.1035
13.1477
13.2139
13.3181
13.423
13.423
13.3181
13.2139
13.1476
13.1035
13.1666
13.2451
13.3181
13.7276
15.7804
15.7804
13.7276
13.3181
13.2451
13.1666
13.2259
13.334
13.423
15.7804
26.3733
26.3733
15.7804
13.423
13.334
13.2259
13.2259
13.334
13.423
15.7804
26.3733
26.3733
15.7804
13.423
13.334
13.2259
13.1666
13.2451
13.3181
13.7276
15.7804
15.7804
13.7276
13.3181
13.2451
13.1666
13.1035
13.1477
13.2139
13.3181
13.423
13.423
13.3181
13.2139
13.1476
13.1035
13.0532
13.0891
13.1477
13.2451
13.334
13.334
13.2451
13.1476
13.0891
13.0532
13.0252
13.0532
13.1035
13.1666
13.2259
13.2259
13.1666
13.1035
13.0532
13.0252
12.872
12.8975
12.9439
12.9969
13.047
13.047
12.9969
12.9439
12.8975
12.872
12.8975
12.9283
12.9736
13.053
13.0957
13.0957
13.053
12.9736
12.9283
12.8975
12.9439
12.9736
13.0211
13.0637
13.2996
13.2996
13.0636
13.0211
12.9736
12.9439
12.9969
13.053
13.0637
13.6647
17.4154
17.4154
13.6647
13.0636
13.053
12.9969
13.047
13.0957
13.2996
17.4154
46.5726
46.5726
17.4154
13.2996
13.0957
13.047
13.047
13.0957
13.2996
17.4154
46.5726
46.5726
17.4154
13.2996
13.0957
13.047
12.9969
13.053
13.0637
13.6647
17.4154
17.4154
13.6647
13.0636
13.053
12.9969
12.9439
12.9736
13.0211
13.0636
13.2996
13.2996
13.0636
13.0211
12.9736
12.9439
12.8975
12.9283
12.9736
13.053
13.0957
13.0957
13.053
12.9736
12.9283
12.8975
12.872
12.8975
12.9439
12.9969
13.047
13.047
12.9969
12.9439
12.8975
12.872
12.7039
12.7268
12.7718
12.8152
12.8609
12.8609
12.8152
12.7718
12.7268
12.7039
12.7268
12.7527
12.7889
12.8497
12.8928
12.8928
12.8497
12.7889
12.7527
12.7268
12.7718
12.7889
12.8277
12.885
13.427
13.427
12.885
12.8277
12.7889
12.7718
12.8152
12.8497
12.885
13.8847
19.8834
19.8834
13.8847
12.885
12.8497
12.8152
12.8609
12.8928
13.427
19.8834
100.397
100.397
19.8833
13.427
12.8928
12.8609
12.8609
12.8928
13.427
19.8834
100.397
100.397
19.8833
13.427
12.8928
12.8609
12.8152
12.8497
12.885
13.8847
19.8833
19.8833
13.8847
12.885
12.8497
12.8152
12.7718
12.7889
12.8277
12.885
13.427
13.427
12.885
12.8277
12.7889
12.7718
12.7268
12.7527
12.7889
12.8497
12.8928
12.8928
12.8497
12.7889
12.7527
12.7268
12.7039
12.7268
12.7718
12.8152
12.8609
12.8609
12.8152
12.7718
12.7268
12.7039
12.5215
12.5429
12.5918
12.6306
12.6865
12.6865
12.6306
12.5918
12.5429
12.5215
12.5429
12.5658
12.6054
12.6573
12.7746
12.7746
12.6573
12.6054
12.5658
12.5429
12.5918
12.6054
12.6641
12.8232
13.713
13.713
12.8232
12.6641
12.6054
12.5918
12.6306
12.6573
12.8232
14.3275
23.1862
23.1862
14.3275
12.8232
12.6573
12.6306
12.6865
12.7746
13.713
23.1862
241.686
241.686
23.1861
13.713
12.7746
12.6865
12.6865
12.7746
13.713
23.1862
241.686
241.686
23.1861
13.713
12.7746
12.6865
12.6306
12.6573
12.8232
14.3275
23.1861
23.1861
14.3274
12.8232
12.6573
12.6306
12.5918
12.6054
12.6641
12.8232
13.713
13.713
12.8232
12.6641
12.6054
12.5918
12.5429
12.5658
12.6054
12.6573
12.7746
12.7746
12.6573
12.6054
12.5658
12.5429
12.5215
12.5429
12.5918
12.6306
12.6865
12.6865
12.6306
12.5918
12.5429
12.5215
12.3249
12.3459
12.4054
12.4459
12.5293
12.5293
12.4459
12.4054
12.3459
12.3249
12.3459
12.3684
12.4274
12.4855
12.728
12.728
12.4855
12.4274
12.3684
12.3459
12.4054
12.4274
12.5446
12.8517
14.0973
14.0973
12.8517
12.5446
12.4274
12.4054
12.4459
12.4855
12.8517
14.8511
28.9273
28.9273
14.851
12.8517
12.4855
12.4459
12.5293
12.728
14.0973
28.9273
680.057
680.057
28.9273
14.0972
12.728
12.5293
12.5293
12.728
14.0973
28.9273
680.057
680.057
28.9273
14.0972
12.728
12.5293
12.4459
12.4855
12.8517
14.851
28.9273
28.9273
14.851
12.8517
12.4855
12.4459
12.4054
12.4274
12.5446
12.8517
14.0972
14.0972
12.8517
12.5446
12.4274
12.4054
12.3459
12.3684
12.4274
12.4855
12.728
12.728
12.4855
12.4274
12.3684
12.3459
12.3249
12.3459
12.4054
12.4459
12.5293
12.5293
12.4459
12.4054
12.3459
12.3249
12.1128
12.134
12.2094
12.2555
12.3835
12.3835
12.2555
12.2094
12.134
12.1128
12.134
12.1572
12.2482
12.3174
12.6975
12.6975
12.3174
12.2482
12.1572
12.134
12.2094
12.2482
12.4576
12.9257
14.5059
14.5059
12.9257
12.4576
12.2482
12.2094
12.2555
12.3174
12.9257
15.4325
38.7685
38.7685
15.4325
12.9257
12.3174
12.2555
12.3835
12.6975
14.5059
38.7685
2645.08
2645.08
38.7686
14.5059
12.6975
12.3835
12.3835
12.6975
14.5059
38.7685
2645.08
2645.08
38.7685
14.5059
12.6975
12.3835
12.2555
12.3174
12.9257
15.4325
38.7686
38.7686
15.4325
12.9257
12.3174
12.2555
12.2094
12.2482
12.4576
12.9257
14.5059
14.5059
12.9257
12.4576
12.2482
12.2094
12.134
12.1572
12.2482
12.3174
12.6975
12.6975
12.3174
12.2482
12.1572
12.134
12.1128
12.134
12.2094
12.2555
12.3835
12.3835
12.2555
12.2094
12.134
12.1128
)
;

boundaryField
{
    bottom
    {
        type            fixedFluxPressure;
        gradient        nonuniform List<scalar> 0();
        value           nonuniform List<scalar> 0();
    }
    atmosphere
    {
        type            prghTotalPressure;
        p0              nonuniform List<scalar> 0();
        value           nonuniform List<scalar> 0();
    }
    walls
    {
        type            fixedFluxPressure;
        gradient        uniform 0;
        value           nonuniform List<scalar> 
400
(
13.4753
13.5035
13.5553
13.6182
13.6766
13.6766
13.6182
13.5553
13.5035
13.4753
13.387
13.417
13.4718
13.5404
13.6058
13.6058
13.5404
13.4718
13.417
13.387
13.2829
13.3135
13.3692
13.4404
13.5094
13.5094
13.4404
13.3692
13.3135
13.2829
13.1623
13.1922
13.2462
13.3158
13.3827
13.3827
13.3158
13.2462
13.1922
13.1623
13.0252
13.0532
13.1035
13.1666
13.2259
13.2259
13.1666
13.1035
13.0532
13.0252
12.872
12.8975
12.9439
12.9969
13.047
13.047
12.9969
12.9439
12.8975
12.872
12.7039
12.7268
12.7718
12.8152
12.8609
12.8609
12.8152
12.7718
12.7268
12.7039
12.5215
12.5429
12.5918
12.6306
12.6865
12.6865
12.6306
12.5918
12.5429
12.5215
12.3249
12.3459
12.4054
12.4459
12.5293
12.5293
12.4459
12.4054
12.3459
12.3249
12.1128
12.134
12.2094
12.2555
12.3835
12.3835
12.2555
12.2094
12.134
12.1128
13.4753
13.5035
13.5553
13.6182
13.6766
13.6766
13.6182
13.5553
13.5035
13.4753
13.387
13.417
13.4718
13.5404
13.6058
13.6058
13.5404
13.4718
13.417
13.387
13.2829
13.3135
13.3692
13.4404
13.5094
13.5094
13.4404
13.3692
13.3135
13.2829
13.1623
13.1922
13.2462
13.3158
13.3827
13.3827
13.3158
13.2462
13.1922
13.1623
13.0252
13.0532
13.1035
13.1666
13.2259
13.2259
13.1666
13.1035
13.0532
13.0252
12.872
12.8975
12.9439
12.9969
13.047
13.047
12.9969
12.9439
12.8975
12.872
12.7039
12.7268
12.7718
12.8152
12.8609
12.8609
12.8152
12.7718
12.7268
12.7039
12.5215
12.5429
12.5918
12.6306
12.6865
12.6865
12.6306
12.5918
12.5429
12.5215
12.3249
12.3459
12.4054
12.4459
12.5293
12.5293
12.4459
12.4054
12.3459
12.3249
12.1128
12.134
12.2094
12.2555
12.3835
12.3835
12.2555
12.2094
12.134
12.1128
13.4753
13.387
13.2829
13.1623
13.0252
12.872
12.7039
12.5215
12.3249
12.1128
13.5035
13.417
13.3135
13.1922
13.0532
12.8975
12.7268
12.5429
12.3459
12.134
13.5553
13.4718
13.3692
13.2462
13.1035
12.9439
12.7718
12.5918
12.4054
12.2094
13.6182
13.5404
13.4404
13.3158
13.1666
12.9969
12.8152
12.6306
12.4459
12.2555
13.6766
13.6058
13.5094
13.3827
13.2259
13.047
12.8609
12.6865
12.5293
12.3835
13.6766
13.6058
13.5094
13.3827
13.2259
13.047
12.8609
12.6865
12.5293
12.3835
13.6182
13.5404
13.4404
13.3158
13.1666
12.9969
12.8152
12.6306
12.4459
12.2555
13.5553
13.4718
13.3692
13.2462
13.1035
12.9439
12.7718
12.5918
12.4054
12.2094
13.5035
13.417
13.3135
13.1922
13.0532
12.8975
12.7268
12.5429
12.3459
12.134
13.4753
13.387
13.2829
13.1623
13.0252
12.872
12.7039
12.5215
12.3249
12.1128
13.4753
13.387
13.2829
13.1623
13.0252
12.872
12.7039
12.5215
12.3249
12.1128
13.5035
13.417
13.3135
13.1922
13.0532
12.8975
12.7268
12.5429
12.3459
12.134
13.5553
13.4718
13.3692
13.2462
13.1035
12.9439
12.7718
12.5918
12.4054
12.2094
13.6182
13.5404
13.4404
13.3158
13.1666
12.9969
12.8152
12.6306
12.4459
12.2555
13.6766
13.6058
13.5094
13.3827
13.2259
13.047
12.8609
12.6865
12.5293
12.3835
13.6766
13.6058
13.5094
13.3827
13.2259
13.047
12.8609
12.6865
12.5293
12.3835
13.6182
13.5404
13.4404
13.3158
13.1666
12.9969
12.8152
12.6306
12.4459
12.2555
13.5553
13.4718
13.3692
13.2462
13.1035
12.9439
12.7718
12.5918
12.4054
12.2094
13.5035
13.417
13.3135
13.1922
13.0532
12.8975
12.7268
12.5429
12.3459
12.134
13.4753
13.387
13.2829
13.1623
13.0252
12.872
12.7039
12.5215
12.3249
12.1128
)
;
    }
    procBoundary2to0
    {
        type            processor;
        value           nonuniform List<scalar> 
100
(
11.8832
11.9036
11.9963
12.047
12.2314
12.2314
12.047
11.9963
11.9036
11.8832
11.9036
11.9258
12.0539
12.1273
12.6273
12.6273
12.1273
12.0539
11.9258
11.9036
11.9963
12.0539
12.3663
12.9913
15.0961
15.0961
12.9913
12.3663
12.0539
11.9963
12.047
12.1273
12.9913
16.2627
57.1421
57.1421
16.2627
12.9913
12.1273
12.047
12.2314
12.6273
15.0961
57.1421
4788.68
4788.68
57.1421
15.0961
12.6273
12.2314
12.2314
12.6273
15.0961
57.1421
4788.68
4788.68
57.1421
15.0961
12.6273
12.2314
12.047
12.1273
12.9913
16.2627
57.1421
57.1421
16.2627
12.9913
12.1273
12.047
11.9963
12.0539
12.3663
12.9913
15.0961
15.0961
12.9913
12.3663
12.0539
11.9963
11.9036
11.9258
12.0539
12.1273
12.6273
12.6273
12.1273
12.0539
11.9258
11.9036
11.8832
11.9036
11.9963
12.047
12.2314
12.2314
12.047
11.9963
11.9036
11.8832
)
;
    }
    procBoundary2to3
    {
        type            processor;
        value           nonuniform List<scalar> 
100
(
13.5489
13.5747
13.6218
13.6776
13.7275
13.7275
13.6776
13.6218
13.5747
13.5489
13.5747
13.6078
13.6685
13.7454
13.8214
13.8214
13.7454
13.6685
13.6078
13.5747
13.6218
13.6685
13.7556
13.8765
14.0031
14.0031
13.8765
13.7556
13.6685
13.6218
13.6776
13.7454
13.8765
14.077
14.3281
14.3281
14.077
13.8765
13.7454
13.6776
13.7275
13.8214
14.0031
14.3281
14.7592
14.7592
14.3281
14.0031
13.8214
13.7275
13.7275
13.8214
14.0031
14.3281
14.7592
14.7592
14.3281
14.0031
13.8214
13.7275
13.6776
13.7454
13.8765
14.077
14.3281
14.3281
14.077
13.8765
13.7454
13.6776
13.6218
13.6685
13.7556
13.8765
14.0031
14.0031
13.8765
13.7556
13.6685
13.6218
13.5747
13.6078
13.6685
13.7454
13.8214
13.8214
13.7454
13.6685
13.6078
13.5747
13.5489
13.5747
13.6218
13.6776
13.7275
13.7275
13.6776
13.6218
13.5747
13.5489
)
;
    }
}


// ************************************************************************* //
