/*--------------------------------*- C++ -*----------------------------------*\
| =========                 |                                                 |
| \\      /  F ield         | OpenFOAM: The Open Source CFD Toolbox           |
|  \\    /   O peration     | Version:  2412                                  |
|   \\  /    A nd           | Website:  www.openfoam.com                      |
|    \\/     M anipulation  |                                                 |
\*---------------------------------------------------------------------------*/
FoamFile
{
    version     2.0;
    format      ascii;
    arch        "LSB;label=32;scalar=64";
    class       volScalarField;
    location    "0.83";
    object      p;
}
// * * * * * * * * * * * * * * * * * * * * * * * * * * * * * * * * * * * * * //

dimensions      [1 -1 -2 0 0 0 0];

internalField   nonuniform List<scalar> 
1000
(
8.08995
5.40026
6.12476
5.68346
5.9122
5.91218
5.68338
6.12473
5.40011
8.08873
5.40026
5.61394
5.6693
5.87998
5.90614
5.90615
5.87991
5.6693
5.61389
5.40012
6.12476
5.66931
5.77252
5.53999
5.83431
5.8343
5.53999
5.77248
5.66926
6.1247
5.68347
5.87998
5.54
5.8529
5.81772
5.8177
5.85292
5.53998
5.87994
5.68343
5.9122
5.90614
5.83432
5.81772
5.887
5.88699
5.8177
5.83428
5.90612
5.91217
5.91218
5.90615
5.8343
5.8177
5.88699
5.88698
5.81769
5.83426
5.90613
5.91214
5.68334
5.87988
5.54
5.85292
5.8177
5.81769
5.85293
5.53998
5.87985
5.68334
6.12471
5.6693
5.77246
5.53996
5.83426
5.83425
5.53996
5.77239
5.66928
6.12467
5.40006
5.61387
5.66925
5.87993
5.90612
5.90612
5.87988
5.66927
5.61384
5.39997
8.08837
5.40007
6.12469
5.68343
5.91216
5.91213
5.68338
6.12468
5.39997
8.08781
7.79995
4.9593
5.94775
5.49101
5.62997
5.62996
5.49099
5.94772
4.95924
7.79999
4.9593
5.2763
5.26827
5.55888
5.57431
5.57432
5.55885
5.26826
5.27627
4.95923
5.94775
5.26827
5.70921
5.28399
5.5758
5.57579
5.28401
5.7092
5.26823
5.94772
5.49101
5.55888
5.284
5.48361
5.50623
5.50622
5.48361
5.28399
5.55887
5.491
5.62998
5.57431
5.57581
5.50623
5.58018
5.58017
5.50622
5.57577
5.57429
5.62995
5.62995
5.57432
5.57579
5.50621
5.58017
5.58016
5.5062
5.57575
5.5743
5.62993
5.49098
5.55883
5.28401
5.48361
5.50621
5.50621
5.48361
5.28399
5.55882
5.49097
5.9477
5.26825
5.70918
5.28398
5.57576
5.57574
5.28399
5.70913
5.26823
5.94768
4.95923
5.27626
5.26821
5.55886
5.57429
5.57429
5.55883
5.26822
5.27624
4.95918
7.79999
4.9592
5.94771
5.491
5.62994
5.62993
5.49099
5.94769
4.95915
7.79992
7.38023
4.53168
5.65317
5.33642
5.33536
5.33534
5.33645
5.65316
4.53164
7.38028
4.53168
4.90531
4.84183
5.25316
5.24284
5.24285
5.25317
4.84182
4.90531
4.53164
5.65317
4.84183
5.52537
5.03226
5.30672
5.30671
5.03221
5.52537
4.84179
5.65314
5.33641
5.25315
5.03227
5.15283
5.19847
5.19846
5.15281
5.03223
5.25316
5.33642
5.33536
5.24284
5.30672
5.19847
5.27459
5.27458
5.19845
5.30669
5.24281
5.33533
5.33533
5.24285
5.3067
5.19846
5.27458
5.27458
5.19844
5.30667
5.24283
5.33531
5.33646
5.25317
5.03218
5.1528
5.19845
5.19844
5.15278
5.03215
5.25316
5.33645
5.65315
4.84181
5.52536
5.03222
5.30668
5.30667
5.03217
5.52532
4.84178
5.65314
4.53164
4.90531
4.84177
5.25316
5.24281
5.24282
5.25317
4.84178
4.90531
4.53161
7.38029
4.53161
5.65314
5.33643
5.33532
5.33531
5.33644
5.65313
4.53159
7.38033
6.91517
4.18999
5.30272
5.17797
5.0293
5.02928
5.17799
5.30271
4.18996
6.91532
4.19
4.52089
4.47845
4.95776
4.91912
4.91912
4.95775
4.47845
4.52089
4.18997
5.30272
4.47844
5.20994
4.79113
5.02516
5.02515
4.79103
5.20994
4.47839
5.3027
5.17796
4.95776
4.79114
4.85225
4.89556
4.89555
4.85222
4.79109
4.95775
5.17796
5.0293
4.91912
5.02516
4.89555
4.96809
4.96809
4.89554
5.02514
4.91909
5.02928
5.02927
4.91912
5.02513
4.89555
4.96809
4.96809
4.89553
5.02511
4.9191
5.02925
5.178
4.95774
4.79099
4.85222
4.89553
4.89553
4.85219
4.79095
4.95773
5.17799
5.30271
4.47845
5.20993
4.79107
5.02514
5.02512
4.79099
5.20991
4.47841
5.3027
4.18996
4.52089
4.47837
4.95775
4.91909
4.91909
4.95774
4.47838
4.52089
4.18995
6.91536
4.18996
5.30269
5.17796
5.02927
5.02925
5.17797
5.30269
4.18994
6.91545
7.53155
3.91262
4.95917
4.90531
4.73294
4.73293
4.90532
4.95918
3.9126
7.53142
3.91263
4.15489
4.2392
4.63335
4.6137
4.61371
4.63333
4.23919
4.1549
3.91262
4.95917
4.2392
4.8029
4.5501
4.7357
4.73569
4.55002
4.8029
4.23915
4.95914
4.90531
4.63335
4.5501
4.55745
4.59517
4.59518
4.55746
4.55005
4.63333
4.9053
4.73295
4.6137
4.7357
4.59517
4.66552
4.66552
4.59517
4.7357
4.61369
4.73293
4.73293
4.61371
4.73568
4.59517
4.66552
4.66552
4.59517
4.73567
4.61371
4.73291
4.90533
4.63332
4.54999
4.55746
4.59517
4.59517
4.55746
4.54996
4.63331
4.90531
4.95919
4.23921
4.80289
4.55004
4.7357
4.73569
4.54997
4.8029
4.23916
4.95917
3.91259
4.1549
4.23911
4.63333
4.61369
4.6137
4.63331
4.23911
4.15491
3.91258
7.53139
3.91261
4.95913
4.90529
4.73292
4.73291
4.90529
4.95915
3.91259
7.53134
5.83295
3.66431
4.52154
4.49597
4.42582
4.42582
4.496
4.52153
3.66428
5.83284
3.66432
3.79494
4.09119
4.30918
4.32153
4.32154
4.30916
4.09117
3.79495
3.66431
4.52155
4.09119
4.3894
4.28763
4.43574
4.43574
4.28756
4.38941
4.09116
4.52152
4.49596
4.30917
4.28762
4.25033
4.29761
4.29761
4.2504
4.28757
4.30916
4.49596
4.42582
4.32153
4.43574
4.29761
4.36546
4.36547
4.29761
4.43574
4.32154
4.42581
4.42582
4.32155
4.43573
4.29762
4.36547
4.36547
4.29762
4.43573
4.32155
4.42582
4.49602
4.30916
4.28753
4.25043
4.29762
4.29762
4.25047
4.28749
4.30915
4.49601
4.52153
4.09117
4.38941
4.28754
4.43575
4.43575
4.28749
4.38943
4.09115
4.52152
3.66427
3.79495
4.09114
4.30916
4.32153
4.32154
4.30915
4.09112
3.79496
3.66427
5.83281
3.66432
4.52151
4.49594
4.42581
4.42581
4.49597
4.52151
3.6643
5.83275
4.46705
3.39209
4.12859
4.07992
4.11091
4.11091
4.07995
4.12858
3.39208
4.46704
3.3921
3.45606
3.90176
3.99642
4.02471
4.02472
3.9964
3.90176
3.45606
3.39211
4.1286
3.90177
4.01979
3.99429
4.1312
4.13121
3.99427
4.01981
3.90176
4.12858
4.07991
3.99641
3.99429
3.93988
4.00305
4.00306
3.9399
3.99425
3.9964
4.07992
4.1109
4.02471
4.1312
4.00305
4.06767
4.06767
4.00306
4.13121
4.02471
4.1109
4.1109
4.02472
4.13121
4.00306
4.06767
4.06768
4.00306
4.13121
4.02472
4.1109
4.07996
3.99639
3.99427
3.93991
4.00306
4.00307
3.93991
3.99423
3.99638
4.07996
4.12857
3.90177
4.01982
3.99422
4.13121
4.13121
3.99421
4.01983
3.90176
4.12857
3.39207
3.45607
3.90175
3.9964
4.02471
4.02472
3.99639
3.90175
3.45607
3.39208
4.46704
3.39211
4.12858
4.07991
4.1109
4.1109
4.07993
4.12858
3.3921
4.46704
5.57718
3.11837
3.85587
3.78857
3.80604
3.80605
3.78857
3.85586
3.11837
5.57715
3.11838
3.13269
3.64442
3.68131
3.72339
3.7234
3.68129
3.64444
3.13269
3.11839
3.85587
3.64442
3.73131
3.67794
3.83205
3.83206
3.67793
3.73131
3.64444
3.85586
3.78856
3.6813
3.67793
3.64182
3.70787
3.70788
3.64183
3.67789
3.68129
3.78857
3.80604
3.72339
3.83204
3.70787
3.76971
3.76971
3.70788
3.83204
3.72338
3.80604
3.80604
3.7234
3.83206
3.70788
3.76971
3.76971
3.70788
3.83205
3.72339
3.80604
3.78857
3.68128
3.67794
3.64183
3.70788
3.70788
3.64183
3.6779
3.68127
3.78856
3.85585
3.64444
3.73132
3.67786
3.83204
3.83205
3.67786
3.73133
3.64445
3.85584
3.11836
3.13269
3.64444
3.68129
3.72339
3.72339
3.68128
3.64446
3.13269
3.11837
5.57714
3.1184
3.85587
3.78857
3.80604
3.80604
3.78857
3.85585
3.11839
5.57711
5.27672
2.85086
3.58014
3.58114
3.5123
3.51231
3.58112
3.58011
2.85085
5.27672
2.85086
2.80489
3.35317
3.35648
3.4214
3.4214
3.35647
3.35319
2.80489
2.85087
3.58014
3.35318
3.49505
3.35291
3.5362
3.53621
3.3529
3.49504
3.3532
3.58013
3.58114
3.35648
3.35291
3.3445
3.41081
3.41082
3.3445
3.3529
3.35647
3.58113
3.5123
3.42139
3.5362
3.41081
3.471
3.471
3.41082
3.53619
3.42139
3.5123
3.51231
3.4214
3.53622
3.41082
3.471
3.471
3.41082
3.53621
3.42139
3.5123
3.5811
3.35646
3.3529
3.34451
3.41082
3.41082
3.3445
3.35289
3.35645
3.5811
3.58009
3.35318
3.49504
3.3529
3.53619
3.5362
3.3529
3.49504
3.35321
3.58009
2.85085
2.8049
3.35323
3.35648
3.4214
3.4214
3.35646
3.35324
2.8049
2.85086
5.27672
2.85088
3.58014
3.58114
3.5123
3.5123
3.58112
3.58012
2.85087
5.27672
4.65736
2.64574
3.29169
3.30608
3.21664
3.21664
3.30603
3.29168
2.64574
4.65737
2.64573
2.53018
3.05782
3.02447
3.11795
3.11796
3.02446
3.05782
2.53019
2.64574
3.29169
3.05782
3.31093
3.05932
3.24047
3.24048
3.05931
3.31091
3.05784
3.29169
3.30608
3.02447
3.05933
3.04666
3.11347
3.11348
3.04666
3.05937
3.02447
3.30606
3.21663
3.11795
3.24047
3.11347
3.17046
3.17046
3.11347
3.24047
3.11795
3.21663
3.21664
3.11796
3.24048
3.11348
3.17046
3.17046
3.11348
3.24048
3.11796
3.21664
3.306
3.02445
3.0593
3.04666
3.11348
3.11348
3.04666
3.05933
3.02445
3.306
3.29168
3.05781
3.31091
3.0594
3.24047
3.24048
3.05938
3.3109
3.05783
3.29168
2.64574
2.5302
3.05786
3.02447
3.11796
3.11796
3.02446
3.05786
2.53021
2.64574
4.65738
2.64575
3.2917
3.30606
3.21664
3.21664
3.30602
3.29169
2.64575
4.65739
)
;

boundaryField
{
    bottom
    {
        type            calculated;
        value           nonuniform List<scalar> 0();
    }
    atmosphere
    {
        type            calculated;
        value           nonuniform List<scalar> 0();
    }
    walls
    {
        type            calculated;
        value           nonuniform List<scalar> 
400
(
8.08995
5.40026
6.12476
5.68347
5.9122
5.91218
5.68334
6.12471
5.40006
8.08837
7.79995
4.9593
5.94775
5.49101
5.62998
5.62995
5.49098
5.9477
4.95923
7.79999
7.38023
4.53168
5.65317
5.33641
5.33536
5.33533
5.33646
5.65315
4.53164
7.38029
6.91517
4.19
5.30272
5.17796
5.0293
5.02927
5.178
5.30271
4.18996
6.91536
7.53155
3.91263
4.95917
4.90531
4.73295
4.73293
4.90533
4.95919
3.91259
7.53139
5.83295
3.66432
4.52155
4.49596
4.42582
4.42582
4.49602
4.52153
3.66427
5.83281
4.46705
3.3921
4.1286
4.07991
4.1109
4.1109
4.07996
4.12857
3.39207
4.46704
5.57718
3.11838
3.85587
3.78856
3.80604
3.80604
3.78857
3.85585
3.11836
5.57714
5.27672
2.85086
3.58014
3.58114
3.5123
3.51231
3.5811
3.58009
2.85085
5.27672
4.65736
2.64573
3.29169
3.30608
3.21663
3.21664
3.306
3.29168
2.64574
4.65738
8.08873
5.40012
6.1247
5.68343
5.91217
5.91214
5.68334
6.12467
5.39997
8.08781
7.79999
4.95923
5.94772
5.491
5.62995
5.62993
5.49097
5.94768
4.95918
7.79992
7.38028
4.53164
5.65314
5.33642
5.33533
5.33531
5.33645
5.65314
4.53161
7.38033
6.91532
4.18997
5.3027
5.17796
5.02928
5.02925
5.17799
5.3027
4.18995
6.91545
7.53142
3.91262
4.95914
4.9053
4.73293
4.73291
4.90531
4.95917
3.91258
7.53134
5.83284
3.66431
4.52152
4.49596
4.42581
4.42582
4.49601
4.52152
3.66427
5.83275
4.46704
3.39211
4.12858
4.07992
4.1109
4.1109
4.07996
4.12857
3.39208
4.46704
5.57715
3.11839
3.85586
3.78857
3.80604
3.80604
3.78856
3.85584
3.11837
5.57711
5.27672
2.85087
3.58013
3.58113
3.5123
3.5123
3.5811
3.58009
2.85086
5.27672
4.65737
2.64574
3.29169
3.30606
3.21663
3.21664
3.306
3.29168
2.64574
4.65739
8.08995
7.79995
7.38023
6.91517
7.53155
5.83295
4.46705
5.57718
5.27672
4.65736
5.40026
4.9593
4.53168
4.18999
3.91262
3.66431
3.39209
3.11837
2.85086
2.64574
6.12476
5.94775
5.65317
5.30272
4.95917
4.52154
4.12859
3.85587
3.58014
3.29169
5.68346
5.49101
5.33642
5.17797
4.90531
4.49597
4.07992
3.78857
3.58114
3.30608
5.9122
5.62997
5.33536
5.0293
4.73294
4.42582
4.11091
3.80604
3.5123
3.21664
5.91218
5.62996
5.33534
5.02928
4.73293
4.42582
4.11091
3.80605
3.51231
3.21664
5.68338
5.49099
5.33645
5.17799
4.90532
4.496
4.07995
3.78857
3.58112
3.30603
6.12473
5.94772
5.65316
5.30271
4.95918
4.52153
4.12858
3.85586
3.58011
3.29168
5.40011
4.95924
4.53164
4.18996
3.9126
3.66428
3.39208
3.11837
2.85085
2.64574
8.08873
7.79999
7.38028
6.91532
7.53142
5.83284
4.46704
5.57715
5.27672
4.65737
8.08837
7.79999
7.38029
6.91536
7.53139
5.83281
4.46704
5.57714
5.27672
4.65738
5.40007
4.9592
4.53161
4.18996
3.91261
3.66432
3.39211
3.1184
2.85088
2.64575
6.12469
5.94771
5.65314
5.30269
4.95913
4.52151
4.12858
3.85587
3.58014
3.2917
5.68343
5.491
5.33643
5.17796
4.90529
4.49594
4.07991
3.78857
3.58114
3.30606
5.91216
5.62994
5.33532
5.02927
4.73292
4.42581
4.1109
3.80604
3.5123
3.21664
5.91213
5.62993
5.33531
5.02925
4.73291
4.42581
4.1109
3.80604
3.5123
3.21664
5.68338
5.49099
5.33644
5.17797
4.90529
4.49597
4.07993
3.78857
3.58112
3.30602
6.12468
5.94769
5.65313
5.30269
4.95915
4.52151
4.12858
3.85585
3.58012
3.29169
5.39997
4.95915
4.53159
4.18994
3.91259
3.6643
3.3921
3.11839
2.85087
2.64575
8.08781
7.79992
7.38033
6.91545
7.53134
5.83275
4.46704
5.57711
5.27672
4.65739
)
;
    }
    procBoundary0to1
    {
        type            processor;
        value           nonuniform List<scalar> 
100
(
4.31683
2.42907
3.02326
2.96445
2.91206
2.91207
2.96437
3.02326
2.42907
4.31679
2.42906
2.29947
2.77342
2.71238
2.81423
2.81424
2.71239
2.77344
2.29948
2.42906
3.02325
2.77341
3.16094
2.81646
2.94484
2.94484
2.81646
3.16092
2.77343
3.02325
2.96445
2.71238
2.81647
2.7544
2.81613
2.81613
2.7544
2.81652
2.71239
2.96443
2.91206
2.81423
2.94484
2.81613
2.86764
2.86764
2.81613
2.94484
2.81423
2.91206
2.91207
2.81424
2.94484
2.81614
2.86764
2.86764
2.81614
2.94485
2.81424
2.91206
2.96433
2.7124
2.81645
2.7544
2.81613
2.81613
2.75441
2.81649
2.7124
2.96433
3.02325
2.77344
3.16092
2.81654
2.94485
2.94485
2.81653
3.16091
2.77345
3.02325
2.42907
2.29949
2.77343
2.71239
2.81423
2.81424
2.7124
2.77345
2.2995
2.42907
4.31678
2.42906
3.02325
2.96442
2.91206
2.91207
2.96436
3.02326
2.42907
4.31675
)
;
    }
    procBoundary0to2
    {
        type            processor;
        value           nonuniform List<scalar> 
100
(
6.68037
5.79
6.25687
5.9554
6.19845
6.19847
5.95534
6.25689
5.7898
6.67756
5.79001
5.98973
6.01424
6.18979
6.23505
6.23506
6.18968
6.01424
5.98966
5.78982
6.25687
6.01425
5.88057
5.80325
6.10292
6.10292
5.80325
5.88056
6.0142
6.25685
5.9554
6.1898
5.80326
6.26332
6.14626
6.14624
6.26334
5.80323
6.18974
5.95539
6.19845
6.23505
6.10292
6.14626
6.21248
6.21248
6.14624
6.10289
6.23503
6.19843
6.19847
6.23507
6.10292
6.14623
6.21248
6.21247
6.14623
6.10289
6.23505
6.19845
5.95531
6.18965
5.80325
6.26334
6.14624
6.14623
6.26334
5.80324
6.18962
5.95531
6.25689
6.01424
5.88056
5.80321
6.10288
6.10288
5.80322
5.88053
6.01423
6.25689
5.78974
5.98963
6.01419
6.18973
6.23503
6.23504
6.18965
6.01421
5.98958
5.78961
6.67664
5.78975
6.25686
5.95539
6.19843
6.19844
5.95535
6.25689
5.78962
6.67505
)
;
    }
}


// ************************************************************************* //
