/*--------------------------------*- C++ -*----------------------------------*\
| =========                 |                                                 |
| \\      /  F ield         | OpenFOAM: The Open Source CFD Toolbox           |
|  \\    /   O peration     | Version:  2412                                  |
|   \\  /    A nd           | Website:  www.openfoam.com                      |
|    \\/     M anipulation  |                                                 |
\*---------------------------------------------------------------------------*/
FoamFile
{
    version     2.0;
    format      ascii;
    arch        "LSB;label=32;scalar=64";
    class       volScalarField;
    location    "0.74";
    object      p_rgh;
}
// * * * * * * * * * * * * * * * * * * * * * * * * * * * * * * * * * * * * * //

dimensions      [1 -1 -2 0 0 0 0];

internalField   nonuniform List<scalar> 
1000
(
181.667
139.024
100.973
81.6836
88.6883
88.6883
81.6833
100.973
139.024
181.668
139.024
62.3426
37.4396
28.3899
31.2588
31.2588
28.3897
37.4396
62.3425
139.024
100.973
37.4396
35.4038
26.8024
26.0214
26.0213
26.8023
35.4036
37.4397
100.973
81.6837
28.3899
26.8024
26.6084
26.2544
26.2544
26.6084
26.8024
28.3899
81.6837
88.6883
31.2588
26.0215
26.2543
26.671
26.6712
26.2543
26.0214
31.2587
88.6882
88.6882
31.2587
26.0213
26.2544
26.6714
26.6716
26.2543
26.0212
31.2586
88.6882
81.6833
28.3896
26.8023
26.6085
26.2544
26.2544
26.6085
26.8024
28.3896
81.6833
100.973
37.4397
35.4036
26.8025
26.0214
26.0212
26.8024
35.4034
37.4398
100.973
139.024
62.3425
37.4397
28.3899
31.2588
31.2587
28.3897
37.4398
62.3425
139.024
181.668
139.024
100.973
81.6836
88.6882
88.6882
81.6833
100.973
139.024
181.668
194.713
124.895
56.5995
64.4041
77.3805
77.3803
64.4037
56.5991
124.895
194.713
124.895
28.7401
24.3134
15.1644
15.0679
15.0681
15.1643
24.3135
28.7401
124.895
56.5996
24.3134
26.3204
16.6427
17.8534
17.8536
16.6427
26.32
24.3135
56.5995
64.4042
15.1644
16.6427
15.541
16.8433
16.8432
15.5411
16.6426
15.1643
64.4041
77.3805
15.0682
17.8533
16.8432
16.734
16.7341
16.843
17.8532
15.0685
77.3803
77.3803
15.0684
17.8536
16.8432
16.7344
16.7345
16.8429
17.8535
15.0687
77.3801
64.4036
15.1643
16.6427
15.5412
16.843
16.843
15.5413
16.6426
15.1643
64.4035
56.5991
24.3136
26.3199
16.6427
17.8533
17.8535
16.6427
26.3196
24.3137
56.599
124.895
28.7402
24.3136
15.1643
15.0685
15.0686
15.1643
24.3137
28.7403
124.895
194.713
124.895
56.5994
64.404
77.3803
77.3801
64.4035
56.599
124.895
194.713
214.412
86.5941
56.688
47.1674
37.6651
37.6656
47.1684
56.6883
86.5944
214.412
86.5941
11.3249
21.1585
13.647
11.4136
11.4137
13.647
21.1586
11.325
86.5943
56.688
21.1585
31.3564
21.0837
17.0522
17.0522
21.0839
31.3563
21.1587
56.6881
47.1673
13.6471
21.0837
18.0946
16.9336
16.9336
18.0946
21.0837
13.6471
47.1675
37.6652
11.4137
17.0523
16.9336
16.6539
16.6541
16.9336
17.0523
11.4139
37.6653
37.6656
11.4138
17.0523
16.9337
16.6544
16.6546
16.9336
17.0523
11.4139
37.6657
47.1686
13.647
21.084
18.0947
16.9336
16.9336
18.0947
21.0839
13.647
47.1687
56.6885
21.1587
31.3564
21.0837
17.0523
17.0523
21.0839
31.3563
21.1588
56.6886
86.5946
11.325
21.1587
13.647
11.4138
11.4138
13.647
21.1588
11.3251
86.5948
214.412
86.5944
56.6882
47.1676
37.6653
37.6657
47.1686
56.6886
86.5948
214.412
239.077
57.8073
36.1672
21.562
19.7164
19.7161
21.5624
36.1678
57.8077
239.077
57.8074
6.67161
16.1619
10.7461
11.3166
11.3166
10.7462
16.1622
6.67165
57.8076
36.1673
16.1619
21.4403
16.5809
15.2663
15.2664
16.5811
21.4403
16.1619
36.1674
21.5621
10.7462
16.5809
16.3671
15.7869
15.7868
16.3672
16.5809
10.7461
21.5623
19.7165
11.3167
15.2664
15.787
15.6088
15.6089
15.787
15.2664
11.3167
19.7165
19.716
11.3167
15.2664
15.7868
15.6091
15.6092
15.7868
15.2664
11.3167
19.716
21.5625
10.7462
16.5812
16.3673
15.787
15.7869
16.3673
16.5813
10.7462
21.5627
36.168
16.1623
21.4404
16.5811
15.2664
15.2664
16.5812
21.4404
16.1623
36.1682
57.8078
6.67167
16.1618
10.7461
11.3167
11.3167
10.7462
16.1622
6.67177
57.808
239.077
57.8076
36.1674
21.5623
19.7163
19.7161
21.5626
36.1681
57.808
239.077
282.263
53.2983
32.7076
22.0611
21.9084
21.9084
22.0614
32.7081
53.2987
282.264
53.2984
8.73158
13.4819
10.306
12.4067
12.4068
10.306
13.482
8.73166
53.2986
32.7077
13.482
17.1843
16.3568
15.6987
15.6987
16.3567
17.1843
13.482
32.7078
22.0612
10.306
16.3568
16.8953
15.5714
15.5711
16.8954
16.3567
10.3059
22.0613
21.9086
12.4068
15.6988
15.5715
15.6608
15.6611
15.5714
15.6987
12.4068
21.9085
21.9085
12.4069
15.6986
15.5711
15.6614
15.6617
15.571
15.6985
12.4069
21.9085
22.0615
10.306
16.3567
16.8954
15.5713
15.5711
16.8955
16.3566
10.306
22.0615
32.7083
13.4821
17.1843
16.3567
15.6986
15.6986
16.3566
17.1843
13.4822
32.7084
53.2989
8.7317
13.4819
10.3059
12.4068
12.4069
10.306
13.4821
8.73186
53.2991
282.264
53.2986
32.7078
22.0612
21.9084
21.9084
22.0614
32.7083
53.2991
282.265
165.671
49.6497
27.1878
20.1295
21.9282
21.9282
20.1295
27.1881
49.6502
165.671
49.6498
10.2733
13.2553
11.6777
12.9587
12.9588
11.6779
13.2554
10.2731
49.6502
27.1879
13.2555
16.025
14.9619
15.1263
15.1262
14.9619
16.0249
13.2556
27.1882
20.1295
11.6778
14.9619
15.2952
14.5797
14.5794
15.2952
14.9618
11.6777
20.1294
21.9281
12.9588
15.1264
14.5798
15.3994
15.4
14.5798
15.1263
12.9589
21.9278
21.9281
12.9589
15.1262
14.5793
15.4008
15.4013
14.5793
15.1261
12.959
21.9278
20.1296
11.678
14.9619
15.2951
14.5797
14.5795
15.2951
14.9617
11.6779
20.1297
27.1884
13.2556
16.0248
14.9617
15.1262
15.1261
14.9617
16.0247
13.2558
27.1888
49.6504
10.273
13.2555
11.6777
12.9588
12.9589
11.6779
13.2557
10.273
49.6508
165.671
49.6503
27.1882
20.1293
21.9279
21.9279
20.1296
27.1887
49.6508
165.672
65.4534
43.8356
25.831
21.578
22.5462
22.5462
21.5776
25.8311
43.836
65.4536
43.8357
11.7479
13.7803
12.8243
13.3571
13.3572
12.8245
13.7806
11.7476
43.8361
25.8313
13.7807
15.9591
14.6063
14.8428
14.8428
14.6064
15.9588
13.7808
25.8318
21.5782
12.8244
14.6062
14.0536
14.5418
14.5414
14.0536
14.6061
12.8243
21.5785
22.546
13.3572
14.8428
14.542
15.2962
15.2962
14.5419
14.8428
13.3573
22.5457
22.546
13.3573
14.8428
14.5413
15.2961
15.2961
14.5413
14.8428
13.3574
22.5457
21.5776
12.8246
14.6063
14.0533
14.5419
14.5415
14.0533
14.6061
12.8245
21.5779
25.8314
13.781
15.9585
14.6061
14.8428
14.8427
14.6061
15.9579
13.7813
25.832
43.8362
11.7476
13.7807
12.8243
13.3573
13.3573
12.8245
13.7811
11.7476
43.8366
65.4536
43.8361
25.8318
21.5784
22.5458
22.5458
21.578
25.832
43.8366
65.4538
156.336
44.2066
24.1317
20.1851
22.5598
22.56
20.1852
24.1318
44.2066
156.336
44.2069
11.7116
14.4369
13.3596
13.32
13.3199
13.3598
14.4369
11.7109
44.2072
24.1321
14.437
15.6217
14.4478
14.236
14.2361
14.4479
15.6215
14.4371
24.1327
20.1853
13.3597
14.4476
13.1987
14.5775
14.5771
13.1986
14.4475
13.3596
20.1858
22.5596
13.3201
14.236
14.5779
14.9764
14.9764
14.5779
14.236
13.3202
22.5594
22.5598
13.32
14.2362
14.5771
14.9763
14.9763
14.5772
14.2362
13.3201
22.5596
20.1852
13.3598
14.4478
13.1983
14.578
14.5776
13.1983
14.4476
13.3598
20.1853
24.132
14.437
15.6214
14.4475
14.236
14.2361
14.4476
15.6213
14.4372
24.1325
44.2068
11.7108
14.437
13.3596
13.3202
13.3201
13.3598
14.4371
11.7108
44.2074
156.336
44.2072
24.1327
20.1859
22.5596
22.5597
20.1856
24.1326
44.2075
156.335
293.666
56.9895
22.8159
17.1274
20.8306
20.8315
17.1275
22.816
56.9894
293.667
56.9897
13.0191
16.2849
13.6612
13.2783
13.278
13.661
16.2849
13.019
56.99
22.8162
16.2851
15.3286
14.5824
14.2529
14.2526
14.5822
15.3285
16.2852
22.8169
17.1275
13.6614
14.5825
12.8344
14.3554
14.355
12.8344
14.5827
13.6616
17.128
20.8303
13.2786
14.2531
14.3556
14.3731
14.3715
14.3556
14.2531
13.2786
20.8304
20.8316
13.2781
14.2526
14.3551
14.3697
14.3684
14.3551
14.2527
13.2782
20.8313
17.1275
13.6611
14.5822
12.8344
14.3556
14.3553
12.8344
14.5824
13.6614
17.1276
22.8161
16.2851
15.3285
14.5826
14.253
14.2527
14.5824
15.3285
16.2853
22.8163
56.9895
13.019
16.2852
13.6614
13.2785
13.2782
13.6614
16.2853
13.0191
56.99
293.667
56.9901
22.8169
17.1281
20.8307
20.8313
17.1278
22.8166
56.9902
293.668
326.182
59.1351
23.416
17.751
18.8331
18.8331
17.7517
23.4162
59.1358
326.183
59.1351
9.34952
16.0395
13.6663
13.1254
13.125
13.6657
16.0395
9.34985
59.136
23.4162
16.0396
14.9578
14.4877
14.2068
14.2057
14.4874
14.9578
16.0397
23.4167
17.7509
13.6665
14.4879
12.7232
13.9608
13.9617
12.7232
14.488
13.6665
17.7515
18.8331
13.1257
14.2072
13.9604
13.5999
13.5996
13.9608
14.2072
13.1256
18.833
18.833
13.125
14.2056
13.9618
13.5993
13.599
13.9619
14.2057
13.125
18.833
17.7517
13.6657
14.4874
12.7232
13.9607
13.9614
12.7232
14.4876
13.6659
17.7514
23.4162
16.0395
14.9578
14.4879
14.2067
14.2058
14.4876
14.9578
16.0397
23.4164
59.1358
9.34986
16.0396
13.6663
13.1254
13.125
13.666
16.0396
9.3499
59.1359
326.183
59.136
23.4168
17.7519
18.8331
18.8331
17.7518
23.4166
59.1359
326.184
)
;

boundaryField
{
    bottom
    {
        type            fixedFluxPressure;
        gradient        uniform 0;
        value           nonuniform List<scalar> 
100
(
181.667
139.024
100.973
81.6837
88.6883
88.6882
81.6833
100.973
139.024
181.668
139.024
62.3426
37.4396
28.3899
31.2588
31.2587
28.3896
37.4397
62.3425
139.024
100.973
37.4396
35.4038
26.8024
26.0215
26.0213
26.8023
35.4036
37.4397
100.973
81.6836
28.3899
26.8024
26.6084
26.2543
26.2544
26.6085
26.8025
28.3899
81.6836
88.6883
31.2588
26.0214
26.2544
26.671
26.6714
26.2544
26.0214
31.2588
88.6882
88.6883
31.2588
26.0213
26.2544
26.6712
26.6716
26.2544
26.0212
31.2587
88.6882
81.6833
28.3897
26.8023
26.6084
26.2543
26.2543
26.6085
26.8024
28.3897
81.6833
100.973
37.4396
35.4036
26.8024
26.0214
26.0212
26.8024
35.4034
37.4398
100.973
139.024
62.3425
37.4397
28.3899
31.2587
31.2586
28.3896
37.4398
62.3425
139.024
181.668
139.024
100.973
81.6837
88.6882
88.6882
81.6833
100.973
139.024
181.668
)
;
    }
    atmosphere
    {
        type            prghTotalPressure;
        p0              nonuniform List<scalar> 0();
        value           nonuniform List<scalar> 0();
    }
    walls
    {
        type            fixedFluxPressure;
        gradient        uniform 0;
        value           nonuniform List<scalar> 
400
(
181.667
139.024
100.973
81.6837
88.6883
88.6882
81.6833
100.973
139.024
181.668
194.713
124.895
56.5996
64.4042
77.3805
77.3803
64.4036
56.5991
124.895
194.713
214.412
86.5941
56.688
47.1673
37.6652
37.6656
47.1686
56.6885
86.5946
214.412
239.077
57.8074
36.1673
21.5621
19.7165
19.716
21.5625
36.168
57.8078
239.077
282.263
53.2984
32.7077
22.0612
21.9086
21.9085
22.0615
32.7083
53.2989
282.264
165.671
49.6498
27.1879
20.1295
21.9281
21.9281
20.1296
27.1884
49.6504
165.671
65.4534
43.8357
25.8313
21.5782
22.546
22.546
21.5776
25.8314
43.8362
65.4536
156.336
44.2069
24.1321
20.1853
22.5596
22.5598
20.1852
24.132
44.2068
156.336
293.666
56.9897
22.8162
17.1275
20.8303
20.8316
17.1275
22.8161
56.9895
293.667
326.182
59.1351
23.4162
17.7509
18.8331
18.833
17.7517
23.4162
59.1358
326.183
181.668
139.024
100.973
81.6837
88.6882
88.6882
81.6833
100.973
139.024
181.668
194.713
124.895
56.5995
64.4041
77.3803
77.3801
64.4035
56.599
124.895
194.713
214.412
86.5943
56.6881
47.1675
37.6653
37.6657
47.1687
56.6886
86.5948
214.412
239.077
57.8076
36.1674
21.5623
19.7165
19.716
21.5627
36.1682
57.808
239.077
282.264
53.2986
32.7078
22.0613
21.9085
21.9085
22.0615
32.7084
53.2991
282.265
165.671
49.6502
27.1882
20.1294
21.9278
21.9278
20.1297
27.1888
49.6508
165.672
65.4536
43.8361
25.8318
21.5785
22.5457
22.5457
21.5779
25.832
43.8366
65.4538
156.336
44.2072
24.1327
20.1858
22.5594
22.5596
20.1853
24.1325
44.2074
156.335
293.667
56.99
22.8169
17.128
20.8304
20.8313
17.1276
22.8163
56.99
293.668
326.183
59.136
23.4167
17.7515
18.833
18.833
17.7514
23.4164
59.1359
326.184
181.667
194.713
214.412
239.077
282.263
165.671
65.4534
156.336
293.666
326.182
139.024
124.895
86.5941
57.8073
53.2983
49.6497
43.8356
44.2066
56.9895
59.1351
100.973
56.5995
56.688
36.1672
32.7076
27.1878
25.831
24.1317
22.8159
23.416
81.6836
64.4041
47.1674
21.562
22.0611
20.1295
21.578
20.1851
17.1274
17.751
88.6883
77.3805
37.6651
19.7164
21.9084
21.9282
22.5462
22.5598
20.8306
18.8331
88.6883
77.3803
37.6656
19.7161
21.9084
21.9282
22.5462
22.56
20.8315
18.8331
81.6833
64.4037
47.1684
21.5624
22.0614
20.1295
21.5776
20.1852
17.1275
17.7517
100.973
56.5991
56.6883
36.1678
32.7081
27.1881
25.8311
24.1318
22.816
23.4162
139.024
124.895
86.5944
57.8077
53.2987
49.6502
43.836
44.2066
56.9894
59.1358
181.668
194.713
214.412
239.077
282.264
165.671
65.4536
156.336
293.667
326.183
181.668
194.713
214.412
239.077
282.264
165.671
65.4536
156.336
293.667
326.183
139.024
124.895
86.5944
57.8076
53.2986
49.6503
43.8361
44.2072
56.9901
59.136
100.973
56.5994
56.6882
36.1674
32.7078
27.1882
25.8318
24.1327
22.8169
23.4168
81.6836
64.404
47.1676
21.5623
22.0612
20.1293
21.5784
20.1859
17.1281
17.7519
88.6882
77.3803
37.6653
19.7163
21.9084
21.9279
22.5458
22.5596
20.8307
18.8331
88.6882
77.3801
37.6657
19.7161
21.9084
21.9279
22.5458
22.5597
20.8313
18.8331
81.6833
64.4035
47.1686
21.5626
22.0614
20.1296
21.578
20.1856
17.1278
17.7518
100.973
56.599
56.6886
36.1681
32.7083
27.1887
25.832
24.1326
22.8166
23.4166
139.024
124.895
86.5948
57.808
53.2991
49.6508
43.8366
44.2075
56.9902
59.1359
181.668
194.713
214.412
239.077
282.265
165.672
65.4538
156.335
293.668
326.184
)
;
    }
    procBoundary3to2
    {
        type            processor;
        value           nonuniform List<scalar> 
100
(
357.471
41.3054
26.4273
21.9786
16.5998
16.5998
21.9796
26.428
41.3063
357.471
41.3051
10.013
14.7241
13.5421
12.6135
12.6135
13.5416
14.724
10.0129
41.3057
26.4272
14.7241
14.9855
13.9576
14.2486
14.2486
13.9574
14.9854
14.7241
26.4273
21.9784
13.5423
13.9576
12.817
13.11
13.1104
12.8171
13.9577
13.5422
21.9785
16.5998
12.6135
14.2486
13.1099
13.3414
13.3415
13.11
14.2487
12.6135
16.5999
16.5999
12.6135
14.2486
13.1104
13.3416
13.3417
13.1104
14.2487
12.6135
16.5998
21.9795
13.5415
13.9573
12.8171
13.11
13.1103
12.8171
13.9575
13.5416
21.979
26.4283
14.724
14.9854
13.9577
14.2486
14.2487
13.9576
14.9853
14.724
26.4286
41.3061
10.0129
14.724
13.542
12.6134
12.6134
13.5417
14.724
10.0129
41.3061
357.472
41.3058
26.4275
21.979
16.5999
16.5998
21.9792
26.4284
41.3059
357.472
)
;
    }
}


// ************************************************************************* //
