/*--------------------------------*- C++ -*----------------------------------*\
| =========                 |                                                 |
| \\      /  F ield         | OpenFOAM: The Open Source CFD Toolbox           |
|  \\    /   O peration     | Version:  2412                                  |
|   \\  /    A nd           | Website:  www.openfoam.com                      |
|    \\/     M anipulation  |                                                 |
\*---------------------------------------------------------------------------*/
FoamFile
{
    version     2.0;
    format      ascii;
    arch        "LSB;label=32;scalar=64";
    class       volScalarField;
    location    "0.53";
    object      p;
}
// * * * * * * * * * * * * * * * * * * * * * * * * * * * * * * * * * * * * * //

dimensions      [1 -1 -2 0 0 0 0];

internalField   nonuniform List<scalar> 
1000
(
3.51416
-1.18604
-1.9519
-0.19554
0.557874
0.55815
-0.195518
-1.95186
-1.18612
3.51417
-1.18604
-2.18135
-1.95139
0.018514
0.797694
0.797734
0.0185375
-1.95135
-2.18132
-1.18599
-1.95191
-1.95139
-0.250902
0.510593
0.922285
0.922306
0.510613
-0.250894
-1.95135
-1.95186
-0.195541
0.0185164
0.510596
0.821318
1.12745
1.12746
0.821337
0.510622
0.0185431
-0.195516
0.557811
0.797702
0.922316
1.12746
1.25001
1.25002
1.12748
0.922403
0.797747
0.557913
0.558239
0.797763
0.922348
1.12747
1.25002
1.25002
1.12749
0.922433
0.797807
0.558304
-0.195506
0.018551
0.510625
0.821345
1.12748
1.12748
0.82136
0.510652
0.0185815
-0.195475
-1.95184
-1.95133
-0.250892
0.510622
0.92237
0.92239
0.510645
-0.250877
-1.95127
-1.95177
-1.18611
-2.18131
-1.95135
0.018547
0.797743
0.797783
0.018575
-1.95128
-2.18123
-1.18602
3.51418
-1.18598
-1.95184
-0.19551
0.557976
0.55822
-0.195482
-1.95178
-1.18603
3.51423
7.98635
3.27417
0.814773
1.14026
1.34109
1.34111
1.14029
0.814806
3.2742
7.98633
3.27417
2.65389
0.888301
1.28051
1.58733
1.58737
1.28054
0.888343
2.65395
3.2742
0.81478
0.888307
1.1345
1.28692
1.49413
1.49415
1.28694
1.13452
0.888337
0.81481
1.14026
1.28052
1.28693
1.40324
1.57994
1.57995
1.40325
1.28695
1.28055
1.14028
1.34111
1.58735
1.49415
1.57994
1.63645
1.63645
1.57995
1.49419
1.58744
1.3412
1.34114
1.58741
1.49418
1.57995
1.63645
1.63646
1.57996
1.49422
1.5875
1.34123
1.1403
1.28055
1.28695
1.40325
1.57995
1.57996
1.40326
1.28697
1.28058
1.14033
0.814817
0.888359
1.13452
1.28695
1.49418
1.4942
1.28697
1.13454
0.888402
0.814868
3.27421
2.65396
0.888337
1.28055
1.58741
1.58745
1.28058
0.888393
2.65401
3.27426
7.98634
3.2742
0.814811
1.14029
1.34118
1.34121
1.14032
0.814864
3.27426
7.98635
8.81548
5.37629
2.60131
2.07825
1.939
1.93906
2.0783
2.60136
5.3764
8.81547
5.37629
4.86967
2.57274
2.11923
2.13413
2.13416
2.11925
2.57278
4.86971
5.3763
2.60131
2.57275
1.99553
1.86844
1.92074
1.92075
1.86845
1.99555
2.57277
2.60133
2.07825
2.11923
1.86843
1.87322
1.95925
1.95926
1.87323
1.86844
2.11925
2.07826
1.939
2.13415
1.92073
1.95926
1.96901
1.96902
1.95927
1.92074
2.13419
1.93906
1.9391
2.13418
1.92075
1.95926
1.96902
1.96902
1.95927
1.92075
2.13423
1.93915
2.07831
2.11926
1.86845
1.87323
1.95927
1.95927
1.87324
1.86845
2.11928
2.07833
2.60137
2.57279
1.99555
1.86845
1.92075
1.92076
1.86846
1.99557
2.57282
2.6014
5.37641
4.86972
2.57277
2.11925
2.13418
2.1342
2.11927
2.57281
4.86976
5.37642
8.81547
5.3763
2.60133
2.07827
1.93906
1.93912
2.07832
2.60139
5.37641
8.81545
7.21965
5.40254
3.28644
2.48953
2.30075
2.30077
2.48952
3.28647
5.4026
7.21964
5.40254
4.9471
3.14127
2.55013
2.45376
2.45377
2.55014
3.14129
4.94712
5.40254
3.28645
3.14127
2.43901
2.24827
2.22164
2.22165
2.24828
2.43902
3.14129
3.28645
2.48953
2.55013
2.24827
2.21485
2.24391
2.24391
2.21486
2.24829
2.55015
2.48955
2.30074
2.45376
2.22165
2.24391
2.21869
2.21869
2.24392
2.22166
2.45378
2.30075
2.30078
2.45378
2.22165
2.24391
2.21869
2.2187
2.24393
2.22167
2.4538
2.30077
2.48952
2.55015
2.24829
2.21487
2.24392
2.24393
2.21488
2.2483
2.55016
2.48953
3.28648
3.1413
2.43903
2.24829
2.22166
2.22167
2.2483
2.43904
3.14131
3.28649
5.4026
4.94713
3.14129
2.55015
2.45378
2.45379
2.55016
3.14131
4.94714
5.40259
7.21965
5.40254
3.28645
2.48954
2.30075
2.30077
2.48953
3.28648
5.40259
7.21961
5.83729
4.87377
3.39848
2.7345
2.51002
2.51003
2.7345
3.3985
4.8738
5.83729
4.87377
4.51492
3.25495
2.75315
2.62158
2.62159
2.75316
3.25496
4.51493
4.87377
3.39848
3.25495
2.66194
2.47865
2.41817
2.41818
2.47866
2.66196
3.25496
3.39849
2.7345
2.75316
2.47865
2.43561
2.43392
2.43392
2.43562
2.47866
2.75317
2.73451
2.51002
2.62158
2.41818
2.43392
2.38907
2.38907
2.43393
2.41819
2.6216
2.51003
2.51004
2.6216
2.41818
2.43392
2.38907
2.38907
2.43393
2.41819
2.62162
2.51005
2.73451
2.75317
2.47867
2.43562
2.43393
2.43393
2.43563
2.47868
2.75318
2.73451
3.39851
3.25497
2.66196
2.47867
2.41819
2.41819
2.47868
2.66197
3.25498
3.39851
4.8738
4.51494
3.25497
2.75317
2.6216
2.62161
2.75318
3.25498
4.51494
4.8738
5.83729
4.87378
3.39849
2.73451
2.51003
2.51005
2.73451
3.39851
4.87379
5.83727
4.93742
4.37602
3.32363
2.81251
2.60425
2.60425
2.81252
3.32365
4.37604
4.93742
4.37603
4.09918
3.20806
2.81352
2.68593
2.68594
2.81352
3.20807
4.09919
4.37603
3.32363
3.20806
2.74154
2.58197
2.51883
2.51883
2.58197
2.74155
3.20807
3.32364
2.81252
2.81352
2.58197
2.54525
2.52715
2.52715
2.54526
2.58198
2.81353
2.81252
2.60425
2.68593
2.51883
2.52715
2.47771
2.47771
2.52715
2.51884
2.68594
2.60426
2.60426
2.68594
2.51883
2.52715
2.47771
2.47771
2.52716
2.51884
2.68595
2.60427
2.81252
2.81353
2.58198
2.54526
2.52716
2.52716
2.54527
2.58198
2.81354
2.81253
3.32365
3.20807
2.74155
2.58198
2.51884
2.51884
2.58198
2.74156
3.20808
3.32365
4.37605
4.09919
3.20807
2.81353
2.68594
2.68595
2.81353
3.20808
4.0992
4.37604
4.93742
4.37603
3.32364
2.81252
2.60426
2.60426
2.81253
3.32365
4.37604
4.93741
4.26079
3.90697
3.16619
2.78305
2.60546
2.60546
2.78305
3.1662
3.90699
4.26079
3.90697
3.69972
3.07565
2.77603
2.66345
2.66345
2.77603
3.07566
3.69973
3.90698
3.16619
3.07565
2.72155
2.58991
2.53282
2.53283
2.58992
2.72156
3.07566
3.1662
2.78305
2.77603
2.58991
2.56222
2.53926
2.53926
2.56222
2.58992
2.77604
2.78306
2.60546
2.66345
2.53283
2.53926
2.49392
2.49392
2.53927
2.53283
2.66346
2.60546
2.60546
2.66345
2.53283
2.53927
2.49392
2.49392
2.53927
2.53283
2.66346
2.60547
2.78306
2.77604
2.58992
2.56223
2.53927
2.53927
2.56223
2.58992
2.77604
2.78306
3.16621
3.07566
2.72156
2.58992
2.53283
2.53283
2.58992
2.72156
3.07567
3.16621
3.90699
3.69974
3.07566
2.77604
2.66346
2.66346
2.77604
3.07567
3.69974
3.90698
4.26079
3.90698
3.1662
2.78306
2.60546
2.60547
2.78306
3.16621
3.90698
4.26079
3.71143
3.48113
2.96469
2.68424
2.53921
2.53921
2.68424
2.9647
3.48114
3.71143
3.48113
3.33035
2.89656
2.67546
2.57779
2.57779
2.67547
2.89657
3.33036
3.48113
2.96469
2.89656
2.63476
2.53056
2.48083
2.48083
2.53056
2.63477
2.89657
2.9647
2.68424
2.67547
2.53056
2.51634
2.49168
2.49168
2.51634
2.53056
2.67547
2.68424
2.53921
2.57779
2.48083
2.49168
2.45367
2.45367
2.49168
2.48083
2.57779
2.53921
2.53921
2.57779
2.48083
2.49168
2.45367
2.45367
2.49168
2.48083
2.57779
2.53922
2.68424
2.67547
2.53056
2.51634
2.49168
2.49168
2.51635
2.53057
2.67548
2.68425
2.9647
2.89657
2.63477
2.53056
2.48083
2.48083
2.53057
2.63477
2.89658
2.96471
3.48114
3.33036
2.89657
2.67547
2.57779
2.57779
2.67548
2.89658
3.33037
3.48114
3.71143
3.48114
2.9647
2.68424
2.53921
2.53922
2.68425
2.96471
3.48114
3.71143
3.25612
3.10299
2.74213
2.54147
2.42619
2.42619
2.54148
2.74213
3.10299
3.25613
3.10299
2.99483
2.6925
2.53469
2.45782
2.45783
2.53469
2.6925
2.99484
3.10299
2.74213
2.6925
2.50211
2.42361
2.38048
2.38048
2.42361
2.50212
2.6925
2.74213
2.54147
2.53469
2.42361
2.42599
2.39822
2.39822
2.42599
2.42361
2.53469
2.54148
2.42619
2.45783
2.38048
2.39822
2.3681
2.3681
2.39823
2.38049
2.45783
2.42619
2.42619
2.45783
2.38048
2.39823
2.3681
2.3681
2.39823
2.38049
2.45783
2.42619
2.54148
2.53469
2.42361
2.42599
2.39823
2.39823
2.42599
2.42362
2.5347
2.54148
2.74214
2.6925
2.50212
2.42361
2.38049
2.38049
2.42362
2.50212
2.69251
2.74214
3.103
2.99484
2.6925
2.53469
2.45783
2.45783
2.5347
2.69251
2.99484
3.103
3.25613
3.10299
2.74213
2.54148
2.42619
2.42619
2.54148
2.74214
3.103
3.25613
2.86639
2.76311
2.51149
2.36889
2.28024
2.28024
2.3689
2.51149
2.76312
2.86639
2.76311
2.68615
2.47596
2.36507
2.31394
2.31394
2.36507
2.47597
2.68616
2.76312
2.51149
2.47596
2.3361
2.2828
2.24446
2.24446
2.2828
2.3361
2.47597
2.51149
2.3689
2.36507
2.2828
2.29672
2.27077
2.27077
2.29672
2.2828
2.36508
2.3689
2.28024
2.31394
2.24446
2.27077
2.24589
2.24589
2.27077
2.24447
2.31394
2.28025
2.28025
2.31394
2.24446
2.27077
2.24589
2.24589
2.27077
2.24447
2.31395
2.28025
2.3689
2.36508
2.2828
2.29672
2.27077
2.27077
2.29673
2.2828
2.36508
2.3689
2.5115
2.47597
2.3361
2.2828
2.24447
2.24447
2.2828
2.33611
2.47597
2.5115
2.76312
2.68616
2.47597
2.36508
2.31394
2.31395
2.36508
2.47597
2.68616
2.76312
2.86639
2.76312
2.5115
2.3689
2.28025
2.28025
2.3689
2.5115
2.76312
2.86639
)
;

boundaryField
{
    bottom
    {
        type            calculated;
        value           nonuniform List<scalar> 0();
    }
    atmosphere
    {
        type            calculated;
        value           nonuniform List<scalar> 0();
    }
    walls
    {
        type            calculated;
        value           nonuniform List<scalar> 
400
(
3.51416
-1.18604
-1.95191
-0.195541
0.557811
0.558239
-0.195506
-1.95184
-1.18611
3.51418
7.98635
3.27417
0.81478
1.14026
1.34111
1.34114
1.1403
0.814817
3.27421
7.98634
8.81548
5.37629
2.60131
2.07825
1.939
1.9391
2.07831
2.60137
5.37641
8.81547
7.21965
5.40254
3.28645
2.48953
2.30074
2.30078
2.48952
3.28648
5.4026
7.21965
5.83729
4.87377
3.39848
2.7345
2.51002
2.51004
2.73451
3.39851
4.8738
5.83729
4.93742
4.37603
3.32363
2.81252
2.60425
2.60426
2.81252
3.32365
4.37605
4.93742
4.26079
3.90697
3.16619
2.78305
2.60546
2.60546
2.78306
3.16621
3.90699
4.26079
3.71143
3.48113
2.96469
2.68424
2.53921
2.53921
2.68424
2.9647
3.48114
3.71143
3.25612
3.10299
2.74213
2.54147
2.42619
2.42619
2.54148
2.74214
3.103
3.25613
2.86639
2.76311
2.51149
2.3689
2.28024
2.28025
2.3689
2.5115
2.76312
2.86639
3.51417
-1.18599
-1.95186
-0.195516
0.557913
0.558304
-0.195475
-1.95177
-1.18602
3.51423
7.98633
3.2742
0.81481
1.14028
1.3412
1.34123
1.14033
0.814868
3.27426
7.98635
8.81547
5.3763
2.60133
2.07826
1.93906
1.93915
2.07833
2.6014
5.37642
8.81545
7.21964
5.40254
3.28645
2.48955
2.30075
2.30077
2.48953
3.28649
5.40259
7.21961
5.83729
4.87377
3.39849
2.73451
2.51003
2.51005
2.73451
3.39851
4.8738
5.83727
4.93742
4.37603
3.32364
2.81252
2.60426
2.60427
2.81253
3.32365
4.37604
4.93741
4.26079
3.90698
3.1662
2.78306
2.60546
2.60547
2.78306
3.16621
3.90698
4.26079
3.71143
3.48113
2.9647
2.68424
2.53921
2.53922
2.68425
2.96471
3.48114
3.71143
3.25613
3.10299
2.74213
2.54148
2.42619
2.42619
2.54148
2.74214
3.103
3.25613
2.86639
2.76312
2.51149
2.3689
2.28025
2.28025
2.3689
2.5115
2.76312
2.86639
3.51416
7.98635
8.81548
7.21965
5.83729
4.93742
4.26079
3.71143
3.25612
2.86639
-1.18604
3.27417
5.37629
5.40254
4.87377
4.37602
3.90697
3.48113
3.10299
2.76311
-1.9519
0.814773
2.60131
3.28644
3.39848
3.32363
3.16619
2.96469
2.74213
2.51149
-0.19554
1.14026
2.07825
2.48953
2.7345
2.81251
2.78305
2.68424
2.54147
2.36889
0.557874
1.34109
1.939
2.30075
2.51002
2.60425
2.60546
2.53921
2.42619
2.28024
0.55815
1.34111
1.93906
2.30077
2.51003
2.60425
2.60546
2.53921
2.42619
2.28024
-0.195518
1.14029
2.0783
2.48952
2.7345
2.81252
2.78305
2.68424
2.54148
2.3689
-1.95186
0.814806
2.60136
3.28647
3.3985
3.32365
3.1662
2.9647
2.74213
2.51149
-1.18612
3.2742
5.3764
5.4026
4.8738
4.37604
3.90699
3.48114
3.10299
2.76312
3.51417
7.98633
8.81547
7.21964
5.83729
4.93742
4.26079
3.71143
3.25613
2.86639
3.51418
7.98634
8.81547
7.21965
5.83729
4.93742
4.26079
3.71143
3.25613
2.86639
-1.18598
3.2742
5.3763
5.40254
4.87378
4.37603
3.90698
3.48114
3.10299
2.76312
-1.95184
0.814811
2.60133
3.28645
3.39849
3.32364
3.1662
2.9647
2.74213
2.5115
-0.19551
1.14029
2.07827
2.48954
2.73451
2.81252
2.78306
2.68424
2.54148
2.3689
0.557976
1.34118
1.93906
2.30075
2.51003
2.60426
2.60546
2.53921
2.42619
2.28025
0.55822
1.34121
1.93912
2.30077
2.51005
2.60426
2.60547
2.53922
2.42619
2.28025
-0.195482
1.14032
2.07832
2.48953
2.73451
2.81253
2.78306
2.68425
2.54148
2.3689
-1.95178
0.814864
2.60139
3.28648
3.39851
3.32365
3.16621
2.96471
2.74214
2.5115
-1.18603
3.27426
5.37641
5.40259
4.87379
4.37604
3.90698
3.48114
3.103
2.76312
3.51423
7.98635
8.81545
7.21961
5.83727
4.93741
4.26079
3.71143
3.25613
2.86639
)
;
    }
    procBoundary0to1
    {
        type            processor;
        value           nonuniform List<scalar> 
100
(
2.52271
2.45252
2.27753
2.17588
2.10846
2.10846
2.17588
2.27753
2.45252
2.52271
2.45252
2.39789
2.25279
2.17393
2.14213
2.14213
2.17394
2.25279
2.39789
2.45252
2.27753
2.25279
2.14966
2.11756
2.08726
2.08727
2.11756
2.14966
2.25279
2.27753
2.17588
2.17394
2.11756
2.1355
2.11792
2.11792
2.1355
2.11756
2.17394
2.17589
2.10846
2.14213
2.08726
2.11792
2.09678
2.09678
2.11793
2.08727
2.14213
2.10846
2.10846
2.14213
2.08727
2.11792
2.09678
2.09678
2.11793
2.08727
2.14213
2.10846
2.17589
2.17394
2.11756
2.1355
2.11793
2.11793
2.1355
2.11756
2.17394
2.17589
2.27754
2.25279
2.14966
2.11756
2.08727
2.08727
2.11756
2.14966
2.25279
2.27754
2.45252
2.39789
2.25279
2.17394
2.14213
2.14213
2.17394
2.25279
2.39789
2.45252
2.52271
2.45252
2.27754
2.17589
2.10846
2.10846
2.17589
2.27754
2.45252
2.52271
)
;
    }
    procBoundary0to2
    {
        type            processor;
        value           nonuniform List<scalar> 
100
(
-0.469351
-5.54263
-4.70327
-1.59716
-0.309295
-0.309312
-1.59717
-4.70324
-5.54267
-0.469337
-5.54263
-6.46312
-4.51506
-1.24467
-0.136745
-0.1367
-1.24464
-4.51496
-6.46307
-5.54258
-4.70327
-4.51506
-1.58338
-0.352376
0.291416
0.291424
-0.352363
-1.58339
-4.51498
-4.70323
-1.59717
-1.24467
-0.352377
0.174834
0.661671
0.661678
0.174853
-0.352366
-1.24463
-1.59716
-0.309286
-0.136752
0.29142
0.661679
0.870595
0.870598
0.661706
0.291438
-0.136716
-0.309273
-0.309313
-0.136682
0.291433
0.661692
0.870599
0.870603
0.661717
0.291453
-0.13665
-0.309295
-1.59717
-1.24462
-0.352357
0.174862
0.661702
0.661707
0.174879
-0.352343
-1.24459
-1.59715
-4.70322
-4.51492
-1.58339
-0.352363
0.291431
0.291442
-0.352347
-1.58339
-4.51485
-4.70318
-5.54265
-6.46305
-4.51498
-1.24462
-0.136706
-0.136663
-1.2446
-4.51488
-6.46295
-5.54258
-0.469328
-5.54257
-4.70323
-1.59715
-0.309282
-0.309293
-1.59715
-4.70319
-5.54259
-0.469285
)
;
    }
}


// ************************************************************************* //
