/*--------------------------------*- C++ -*----------------------------------*\
| =========                 |                                                 |
| \\      /  F ield         | OpenFOAM: The Open Source CFD Toolbox           |
|  \\    /   O peration     | Version:  2412                                  |
|   \\  /    A nd           | Website:  www.openfoam.com                      |
|    \\/     M anipulation  |                                                 |
\*---------------------------------------------------------------------------*/
FoamFile
{
    version     2.0;
    format      ascii;
    arch        "LSB;label=32;scalar=64";
    class       surfaceScalarField;
    location    "0.53";
    object      phi;
}
// * * * * * * * * * * * * * * * * * * * * * * * * * * * * * * * * * * * * * //

dimensions      [0 3 -1 0 0 0 0];

oriented        oriented;

internalField   nonuniform List<scalar> 
2700
(
0.00175178
0.00175178
0.0137775
0.00242249
0.00141506
0.00855452
0.00159656
0.000955226
0.000978323
0.000501317
0.000344757
-0.00123004
-1.15219e-08
9.3292e-05
-0.00253904
-0.000501291
9.33031e-05
-0.00253903
-0.00159654
0.000344762
-0.00123004
-0.00242248
0.00095523
0.000978335
-0.00175178
0.00141505
0.00855457
0.00175178
0.0137775
0.00141506
0.0024225
0.00855452
0.00215665
0.00215665
0.0067306
0.00168898
0.00126314
0.00116408
0.00064828
0.000639634
-0.000640658
-5.03335e-09
0.000249878
-0.00339644
-0.000648286
0.000249884
-0.00339642
-0.00168898
0.000639637
-0.00064065
-0.00215665
0.00126314
0.0011641
-0.00141506
0.00215665
0.0067306
0.0024225
0.00855447
0.000955225
0.00159656
0.000978322
0.00126314
0.00168898
0.00116408
0.00102836
0.00102836
0.000299604
0.00050177
0.000686467
-0.000704718
-3.45534e-09
0.000302846
-0.00403794
-0.000501777
0.000302848
-0.00403794
-0.00102836
0.000686466
-0.000704712
-0.00126313
0.00102836
0.000299602
-0.000955222
0.00168898
0.00116407
0.00159656
0.000978303
0.000344756
0.000501326
-0.00123005
0.000639633
0.00064828
-0.000640662
0.000686468
0.000501767
-0.00070472
0.000471736
0.000471734
-0.00186093
-7.168e-10
0.000274714
-0.00471578
-0.000471738
0.000274715
-0.00471579
-0.00068647
0.000471733
-0.00186092
-0.000639631
0.000501763
-0.00070472
-0.000344754
0.000648279
-0.000640666
0.000501314
-0.00123005
9.32872e-05
-1.7629e-08
-0.00253904
0.000249874
-6.90245e-09
-0.00339644
0.000302849
-4.8256e-09
-0.00403794
0.000274716
-8.30267e-10
-0.00471578
3.73337e-10
7.98229e-10
-0.00581143
-0.000274719
5.31696e-10
-0.00581143
-0.000302856
-8.25759e-10
-0.00471578
-0.000249871
-4.55434e-09
-0.00403792
-9.32884e-05
-6.8366e-09
-0.0033964
-1.66159e-08
-0.00253903
9.33049e-05
-0.000501285
-0.00253902
0.000249884
-0.000648288
-0.0033964
0.000302852
-0.000501777
-0.00403794
0.000274717
-0.000471737
-0.00471579
7.81949e-11
-0.000274717
-0.00581143
-0.00027472
-0.000274718
-0.00581143
-0.000302859
-0.000471736
-0.00471579
-0.00024988
-0.000501773
-0.00403792
-9.33044e-05
-0.000648287
-0.00339636
-0.000501278
-0.00253901
0.000344762
-0.00159654
-0.00123004
0.000639638
-0.00168898
-0.000640651
0.000686467
-0.00102836
-0.000704712
0.000471735
-0.000686468
-0.00186092
-7.26401e-10
-0.000302853
-0.00471579
-0.000471737
-0.000302855
-0.00471579
-0.00068647
-0.000686468
-0.00186092
-0.000639636
-0.00102836
-0.000704712
-0.00034476
-0.00168898
-0.000640651
-0.00159654
-0.00123004
0.00095523
-0.00242249
0.000978334
0.00126315
-0.00215665
0.0011641
0.00102836
-0.00126313
0.000299602
0.000501766
-0.000639631
-0.000704718
-3.2003e-09
-0.000249875
-0.00403793
-0.000501773
-0.000249881
-0.00403793
-0.00102836
-0.000639635
-0.000704713
-0.00126314
-0.00126314
0.000299604
-0.000955227
-0.00215665
0.00116409
-0.00242249
0.000978321
0.00141505
-0.00175179
0.00855457
0.00215665
-0.00141506
0.00673059
0.00168898
-0.000955223
0.00116407
0.000648279
-0.000344755
-0.000640662
-5.01367e-09
-9.32939e-05
-0.00339641
-0.000648285
-9.33036e-05
-0.00339638
-0.00168898
-0.000344759
-0.00064065
-0.00215665
-0.000955226
0.00116409
-0.00141506
-0.00141506
0.00673057
-0.00175179
0.00855451
0.00175178
0.0137775
0.0024225
0.00855447
0.00159655
0.000978303
0.000501306
-0.00123005
-1.0699e-08
-0.00253903
-0.000501284
-0.00253901
-0.00159654
-0.00123004
-0.00242249
0.000978321
-0.00175179
0.00855451
0.0137774
0.00198369
0.00198369
0.00981013
0.00254945
0.00173786
0.00625089
0.00147981
0.000818777
0.00122919
0.000465982
0.000305802
-0.000522018
3.99351e-10
8.74219e-05
-0.00216048
-0.000465983
8.74185e-05
-0.00216047
-0.00147981
0.000305807
-0.000522013
-0.00254947
0.000818784
0.00122921
-0.0019837
0.00173787
0.00625093
0.00198369
0.00981008
0.00173786
0.00254946
0.00625089
0.00243456
0.00243456
0.0053372
0.00159051
0.00118153
0.00164538
0.000577494
0.000625241
5.29149e-05
-5.43469e-09
0.000233073
-0.0029646
-0.000577503
0.000233074
-0.00296458
-0.00159051
0.000625244
5.29241e-05
-0.00243456
0.00118154
0.00164539
-0.00173786
0.00243456
0.0053372
0.00254945
0.00625085
0.000818777
0.00147981
0.00122919
0.00118153
0.0015905
0.00164538
0.000923023
0.00092302
0.000816627
0.000473838
0.000670256
-0.000300549
-2.90437e-09
0.000286447
-0.00361748
-0.000473845
0.000286449
-0.00361748
-0.000923024
0.000670256
-0.000300545
-0.00118153
0.000923015
0.000816627
-0.000818769
0.0015905
0.00164537
0.0014798
0.00122918
0.0003058
0.00046598
-0.00052202
0.00062524
0.000577491
5.29132e-05
0.000670257
0.000473833
-0.00030055
0.0004681
0.000468099
-0.00145661
-1.04132e-09
0.000268761
-0.00422999
-0.000468103
0.000268762
-0.00423
-0.000670257
0.000468099
-0.00145661
-0.000625236
0.000473823
-0.00030055
-0.000305799
0.000577487
5.2913e-05
0.000465971
-0.00052202
8.74234e-05
8.58502e-10
-0.00216049
0.000233073
-7.70937e-09
-0.00296459
0.000286448
-4.07373e-09
-0.00361747
0.000268762
-1.21791e-09
-0.00422999
-8.92083e-11
2.24837e-11
-0.0052739
-0.000268764
2.95204e-11
-0.0052739
-0.000286453
-7.78396e-10
-0.00423
-0.000233074
-3.72154e-09
-0.00361747
-8.74219e-05
-7.17251e-09
-0.00296456
3.95398e-10
-0.00216048
8.74186e-05
-0.00046598
-0.00216046
0.000233075
-0.000577502
-0.00296456
0.000286452
-0.000473842
-0.00361748
0.000268764
-0.000468103
-0.00423
-8.84861e-11
-0.000268763
-0.0052739
-0.000268765
-0.000268764
-0.00527391
-0.000286456
-0.000468102
-0.00423
-0.000233076
-0.000473831
-0.00361747
-8.74175e-05
-0.000577497
-0.00296453
-0.000465971
-0.00216045
0.000305808
-0.00147981
-0.000522013
0.000625244
-0.00159051
5.29254e-05
0.000670257
-0.000923022
-0.000300544
0.000468101
-0.000670257
-0.00145661
-6.00906e-10
-0.000286451
-0.00423
-0.000468103
-0.000286452
-0.00423
-0.000670258
-0.000670257
-0.00145661
-0.000625241
-0.000923017
-0.000300544
-0.000305806
-0.00159051
5.2928e-05
-0.00147981
-0.00052201
0.000818784
-0.00254947
0.00122921
0.00118154
-0.00243456
0.00164539
0.000923017
-0.00118153
0.000816627
0.000473829
-0.000625237
-0.000300549
-2.57493e-09
-0.000233074
-0.00361748
-0.000473835
-0.000233075
-0.00361748
-0.000923018
-0.000625241
-0.000300545
-0.00118153
-0.00118153
0.000816628
-0.000818775
-0.00243456
0.00164539
-0.00254946
0.0012292
0.00173787
-0.0019837
0.00625093
0.00243456
-0.00173786
0.00533719
0.0015905
-0.000818769
0.00164537
0.00057749
-0.0003058
5.29147e-05
-4.94966e-09
-8.74214e-05
-0.00296457
-0.000577497
-8.74185e-05
-0.00296455
-0.00159051
-0.000305805
5.29268e-05
-0.00243456
-0.000818775
0.00164539
-0.00173787
-0.00173786
0.00533718
-0.0019837
0.00625088
0.00198369
0.00981008
0.00254945
0.00625085
0.0014798
0.00122918
0.000465973
-0.000522017
-2.97787e-11
-0.00216047
-0.000465973
-0.00216046
-0.00147981
-0.00052201
-0.00254946
0.0012292
-0.0019837
0.00625088
0.00980999
0.00169053
0.00169053
0.00642907
0.00202829
0.00135055
0.00456258
0.00115413
0.000561122
0.00154223
0.00039257
0.000282597
-4.30519e-05
-3.12584e-09
7.68479e-05
-0.00184476
-0.000392568
7.68497e-05
-0.00184475
-0.00115413
0.000282601
-4.30486e-05
-0.0020283
0.000561128
0.00154225
-0.00169052
0.00135056
0.0045626
0.00169052
0.00642904
0.00135055
0.00202829
0.00456258
0.00187199
0.00187199
0.00429432
0.00122581
0.000916538
0.00193614
0.000486026
0.000587541
0.000487754
-5.28949e-09
0.000206379
-0.0026081
-0.000486033
0.000206382
-0.00260808
-0.00122581
0.000587543
0.000487762
-0.00187199
0.000916542
0.00193615
-0.00135054
0.00187199
0.00429431
0.00202828
0.00456255
0.000561121
0.00115413
0.00154223
0.000916538
0.00122581
0.00193614
0.000774483
0.000774481
0.00110074
0.000435481
0.000629374
-3.38033e-06
-2.25457e-09
0.000259389
-0.003235
-0.000435486
0.000259391
-0.003235
-0.000774485
0.000629373
-3.37639e-06
-0.000916535
0.00077448
0.00110074
-0.000561116
0.0012258
0.00193614
0.00115412
0.00154222
0.000282596
0.00039257
-4.30524e-05
0.000587541
0.000486023
0.000487753
0.000629374
0.000435479
-3.38136e-06
0.00045147
0.00045147
-0.0011008
-5.34787e-10
0.000257779
-0.00377691
-0.000451471
0.00025778
-0.00377692
-0.000629373
0.000451469
-0.0011008
-0.000587539
0.000435477
-3.38041e-06
-0.000282593
0.000486019
0.000487753
0.000392564
-4.30525e-05
7.68459e-05
-4.3594e-09
-0.00184476
0.00020638
-7.65447e-09
-0.00260809
0.00025939
-3.07028e-09
-0.003235
0.00025778
-6.10447e-10
-0.00377691
-2.15485e-10
-1.54738e-10
-0.00475834
-0.000257781
-1.28937e-10
-0.00475834
-0.000259394
-4.59276e-10
-0.00377691
-0.000206385
-2.78698e-09
-0.003235
-7.68421e-05
-6.93422e-09
-0.00260808
-4.03167e-09
-0.00184475
7.68487e-05
-0.000392565
-0.00184475
0.000206385
-0.000486033
-0.00260807
0.000259394
-0.000435486
-0.003235
0.00025778
-0.000451471
-0.00377692
-1.91213e-10
-0.00025778
-0.00475834
-0.000257781
-0.00025778
-0.00475834
-0.000259397
-0.000451471
-0.00377692
-0.00020639
-0.000435483
-0.003235
-7.68444e-05
-0.000486028
-0.00260805
-0.00039256
-0.00184474
0.000282601
-0.00115413
-4.30484e-05
0.000587543
-0.00122581
0.000487763
0.000629374
-0.000774485
-3.37605e-06
0.00045147
-0.000629373
-0.0011008
-3.81923e-10
-0.000259392
-0.00377691
-0.000451471
-0.000259394
-0.00377692
-0.000629372
-0.000629372
-0.0011008
-0.000587542
-0.000774482
-3.37552e-06
-0.000282599
-0.00122581
0.000487764
-0.00115412
-4.30474e-05
0.000561128
-0.0020283
0.00154225
0.000916542
-0.00187199
0.00193615
0.000774481
-0.000916535
0.00110074
0.000435479
-0.000587539
-3.38054e-06
-1.98189e-09
-0.000206383
-0.003235
-0.000435483
-0.000206386
-0.003235
-0.000774482
-0.000587541
-3.37698e-06
-0.000916537
-0.000916537
0.00110074
-0.000561122
-0.00187198
0.00193615
-0.00202828
0.00154224
0.00135056
-0.00169052
0.0045626
0.00187199
-0.00135054
0.00429431
0.00122581
-0.000561117
0.00193614
0.000486022
-0.000282595
0.000487754
-4.58779e-09
-7.68441e-05
-0.00260808
-0.000486028
-7.68455e-05
-0.00260807
-0.00122581
-0.000282598
0.000487763
-0.00187198
-0.000561122
0.00193615
-0.00135054
-0.00135054
0.0042943
-0.00169051
0.00456256
0.00169052
0.00642903
0.00202828
0.00456255
0.00115412
0.00154222
0.000392564
-4.30519e-05
-2.86438e-09
-0.00184475
-0.000392563
-0.00184474
-0.00115412
-4.30475e-05
-0.00202828
0.00154224
-0.00169051
0.00456256
0.00642897
0.00102261
0.00102261
0.00438385
0.0012833
0.000761625
0.00354027
0.000835397
0.000398598
0.00159153
0.000321768
0.000259567
0.00021101
-1.91656e-09
6.37052e-05
-0.00158669
-0.000321768
6.37042e-05
-0.00158669
-0.000835398
0.000259568
0.000211013
-0.00128329
0.000398601
0.00159154
-0.0010226
0.000761628
0.00354028
0.00102261
0.00438383
0.000761625
0.0012833
0.00354027
0.00118305
0.00118305
0.00345146
0.000897584
0.000703453
0.00191676
0.000405492
0.000535803
0.000703611
-4.06249e-09
0.000174233
-0.00231313
-0.000405497
0.000174235
-0.00231312
-0.000897586
0.000535803
0.000703616
-0.00118305
0.000703455
0.00191676
-0.000761616
0.00118305
0.00345145
0.00128329
0.00354025
0.000398598
0.000835397
0.00159153
0.000703454
0.000897584
0.00191676
0.000648103
0.000648102
0.00121144
0.000395189
0.000574946
0.00021039
-1.19955e-09
0.000229567
-0.00289515
-0.000395192
0.000229569
-0.00289514
-0.000648103
0.000574945
0.000210393
-0.000703451
0.000648101
0.00121144
-0.000398595
0.000897582
0.00191675
0.000835394
0.00159152
0.000259567
0.000321769
0.000211009
0.000535803
0.00040549
0.000703611
0.000574946
0.000395189
0.000210389
0.000425427
0.000425427
-0.000801765
2.31263e-10
0.000244904
-0.00336682
-0.000425426
0.000244904
-0.00336683
-0.000574945
0.000425426
-0.000801766
-0.000535801
0.000395187
0.000210389
-0.000259565
0.000405488
0.000703611
0.000321768
0.000211009
6.37044e-05
-2.34568e-09
-0.00158669
0.000174234
-5.8745e-09
-0.00231313
0.000229567
-1.53067e-09
-0.00289515
0.000244904
3.76664e-10
-0.00336682
-3.35429e-11
1.32144e-11
-0.00426853
-0.000244905
3.87545e-11
-0.00426853
-0.000229568
3.52678e-10
-0.00336682
-0.000174235
-1.27658e-09
-0.00289515
-6.37031e-05
-5.21382e-09
-0.00231311
-1.96329e-09
-0.00158669
6.37029e-05
-0.000321768
-0.00158669
0.000174236
-0.000405498
-0.00231311
0.00022957
-0.000395192
-0.00289514
0.000244905
-0.000425426
-0.00336683
-9.34255e-12
-0.000244904
-0.00426853
-0.000244905
-0.000244904
-0.00426853
-0.000229571
-0.000425425
-0.00336683
-0.000174238
-0.00039519
-0.00289515
-6.37017e-05
-0.000405495
-0.0023131
-0.000321767
-0.00158668
0.000259568
-0.000835397
0.000211012
0.000535803
-0.000897587
0.000703617
0.000574945
-0.000648103
0.000210393
0.000425426
-0.000574945
-0.000801766
1.9784e-10
-0.000229568
-0.00336682
-0.000425425
-0.000229569
-0.00336683
-0.000574944
-0.000574944
-0.000801767
-0.000535801
-0.000648101
0.000210392
-0.000259566
-0.000897583
0.000703617
-0.000835392
0.000211012
0.000398602
-0.00128329
0.00159154
0.000703455
-0.00118305
0.00191676
0.000648101
-0.000703451
0.00121144
0.000395188
-0.000535801
0.000210389
-9.6054e-10
-0.000174235
-0.00289515
-0.00039519
-0.000174236
-0.00289515
-0.000648101
-0.000535801
0.000210391
-0.000703452
-0.000703452
0.00121144
-0.000398598
-0.00118304
0.00191675
-0.00128328
0.00159153
0.000761628
-0.0010226
0.00354028
0.00118305
-0.000761616
0.00345145
0.000897583
-0.000398595
0.00191675
0.00040549
-0.000259565
0.000703611
-3.4012e-09
-6.37039e-05
-0.00231312
-0.000405494
-6.37029e-05
-0.00231311
-0.000897582
-0.000259566
0.000703616
-0.00118305
-0.000398598
0.00191675
-0.000761616
-0.000761616
0.00345144
-0.00102259
0.00354025
0.00102261
0.00438383
0.00128329
0.00354025
0.000835394
0.00159152
0.000321767
0.000211009
-1.5626e-09
-0.00158669
-0.000321767
-0.00158668
-0.000835393
0.000211012
-0.00128328
0.00159153
-0.00102259
0.00354025
0.0043838
0.000558791
0.000558791
0.00326627
0.000814692
0.000461022
0.00282334
0.000619071
0.000316221
0.00147093
0.00026097
0.000232924
0.000336187
-1.65903e-09
5.29686e-05
-0.00137869
-0.000260971
5.29667e-05
-0.00137869
-0.000619072
0.000232923
0.00033619
-0.000814688
0.000316222
0.00147093
-0.000558784
0.000461023
0.00282335
0.00055879
0.00326626
0.000461022
0.000814692
0.00282334
0.000798648
0.000798648
0.0027762
0.000684821
0.00056502
0.00178179
0.000338019
0.000478689
0.000804648
-1.93868e-09
0.000141398
-0.00206354
-0.00033802
0.000141399
-0.00206353
-0.00068482
0.000478689
0.000804652
-0.000798645
0.00056502
0.00178179
-0.000461017
0.000798648
0.0027762
0.000814689
0.00282333
0.000316221
0.000619071
0.00147093
0.00056502
0.000684821
0.00178179
0.000547304
0.000547304
0.00124687
0.000355503
0.000518416
0.000362463
-4.43515e-10
0.000200276
-0.00259852
-0.000355503
0.000200278
-0.00259852
-0.000547303
0.000518416
0.000362465
-0.000565018
0.000547303
0.00124687
-0.000316219
0.000684819
0.00178178
0.000619069
0.00147092
0.000232924
0.000260969
0.000336187
0.000478689
0.000338018
0.000804648
0.000518416
0.000355503
0.000362462
0.000395438
0.000395438
-0.000555808
3.0081e-10
0.000230098
-0.00300121
-0.000395437
0.000230098
-0.00300121
-0.000518416
0.000395438
-0.000555809
-0.000478689
0.000355502
0.000362462
-0.000232922
0.000338014
0.00080465
0.000260966
0.000336189
5.29688e-05
-2.05669e-09
-0.00137869
0.000141399
-2.66838e-09
-0.00206353
0.000200276
-4.48766e-10
-0.00259852
0.000230098
4.21684e-10
-0.00300121
1.74893e-10
2.16232e-10
-0.00380834
-0.000230098
2.84224e-10
-0.00380834
-0.000200277
5.78925e-10
-0.00300121
-0.0001414
-1.85428e-10
-0.00259852
-5.29687e-05
-2.17671e-09
-0.00206353
-1.63439e-09
-0.00137869
5.29658e-05
-0.00026097
-0.00137868
0.0001414
-0.000338019
-0.00206353
0.000200278
-0.000355503
-0.00259852
0.000230098
-0.000395437
-0.00300121
2.43045e-10
-0.000230097
-0.00380834
-0.000230098
-0.000230097
-0.00380834
-0.000200278
-0.000395436
-0.00300121
-0.000141401
-0.000355501
-0.00259852
-5.29659e-05
-0.000338015
-0.00206352
-0.000260967
-0.00137868
0.000232923
-0.000619071
0.000336189
0.000478689
-0.00068482
0.000804652
0.000518416
-0.000547302
0.000362465
0.000395438
-0.000518415
-0.000555809
4.52411e-10
-0.000200276
-0.00300121
-0.000395437
-0.000200277
-0.00300121
-0.000518415
-0.000518415
-0.00055581
-0.000478688
-0.000547301
0.000362464
-0.000232922
-0.000684817
0.000804653
-0.000619067
0.000336191
0.000316222
-0.000814688
0.00147093
0.00056502
-0.000798645
0.00178179
0.000547303
-0.000565018
0.00124687
0.000355502
-0.000478688
0.000362462
-1.97657e-10
-0.000141399
-0.00259852
-0.000355502
-0.0001414
-0.00259852
-0.000547302
-0.000478688
0.000362464
-0.000565018
-0.000565017
0.00124687
-0.00031622
-0.000798642
0.00178178
-0.000814683
0.00147093
0.000461023
-0.000558784
0.00282335
0.000798648
-0.000461017
0.0027762
0.000684819
-0.000316219
0.00178178
0.000338015
-0.000232922
0.000804649
-1.45928e-09
-5.29686e-05
-0.00206353
-0.000338016
-5.29669e-05
-0.00206353
-0.000684817
-0.000232922
0.000804652
-0.000798643
-0.000316219
0.00178178
-0.000461018
-0.000461018
0.00277619
-0.00055878
0.00282333
0.00055879
0.00326626
0.000814689
0.00282333
0.000619069
0.00147092
0.000260967
0.000336188
-1.25323e-09
-0.00137869
-0.000260967
-0.00137868
-0.000619068
0.00033619
-0.000814683
0.00147093
-0.00055878
0.00282333
0.00326624
0.00037141
0.00037141
0.00252345
0.000584752
0.000341789
0.00226821
0.000470669
0.000258892
0.00132612
0.000211341
0.000205399
0.000390116
-8.8799e-10
4.25628e-05
-0.00120991
-0.000211342
4.25619e-05
-0.00120991
-0.000470669
0.000205399
0.000390118
-0.000584751
0.000258892
0.00132612
-0.000371407
0.00034179
0.00226822
0.00037141
0.00252344
0.000341789
0.000584752
0.00226821
0.000595844
0.000595844
0.00226809
0.000537503
0.000462925
0.00163609
0.000281998
0.000423352
0.0008422
-1.3927e-11
0.000112798
-0.00185177
-0.000281996
0.000112799
-0.00185177
-0.0005375
0.000423352
0.000842203
-0.000595842
0.000462925
0.0016361
-0.000341786
0.000595843
0.00226809
0.000584751
0.00226821
0.000258892
0.000470669
0.00132612
0.000462925
0.000537503
0.00163609
0.000465326
0.000465326
0.00124207
0.000319951
0.000463915
0.000467275
1.06733e-10
0.000174221
-0.00233999
-0.00031995
0.000174221
-0.00233999
-0.000465325
0.000463915
0.000467277
-0.000462923
0.000465326
0.00124207
-0.00025889
0.0005375
0.00163609
0.000470668
0.00132612
0.000205399
0.000211341
0.000390116
0.000423352
0.000281998
0.0008422
0.000463915
0.000319951
0.000467275
0.000365901
0.000365901
-0.00035978
2.6138e-10
0.000212378
-0.00267346
-0.0003659
0.000212377
-0.00267346
-0.000463914
0.000365901
-0.000359781
-0.000423352
0.00031995
0.000467275
-0.000205398
0.000281995
0.000842202
0.00021134
0.000390118
4.25626e-05
-9.79191e-10
-0.00120991
0.000112798
1.86807e-10
-0.00185177
0.000174221
2.73372e-10
-0.00233999
0.000212378
3.96336e-10
-0.00267346
2.81211e-10
3.30085e-10
-0.00338358
-0.000212377
3.88636e-10
-0.00338358
-0.00017422
5.78354e-10
-0.00267346
-0.000112799
4.54094e-10
-0.00233999
-4.25621e-05
4.069e-10
-0.00185177
-6.13021e-10
-0.00120991
4.25612e-05
-0.000211342
-0.0012099
0.000112799
-0.000281994
-0.00185177
0.000174221
-0.000319949
-0.00233999
0.000212378
-0.0003659
-0.00267346
3.41096e-10
-0.000212377
-0.00338358
-0.000212377
-0.000212377
-0.00338358
-0.000174221
-0.0003659
-0.00267346
-0.000112799
-0.000319948
-0.00233999
-4.25608e-05
-0.000281991
-0.00185177
-0.00021134
-0.0012099
0.000205398
-0.000470669
0.000390118
0.000423352
-0.000537499
0.000842204
0.000463915
-0.000465324
0.000467277
0.000365901
-0.000463914
-0.000359781
4.38244e-10
-0.00017422
-0.00267346
-0.0003659
-0.00017422
-0.00267346
-0.000463914
-0.000463914
-0.000359782
-0.000423351
-0.000465323
0.000467276
-0.000205397
-0.000537496
0.000842204
-0.000470666
0.00039012
0.000258892
-0.00058475
0.00132612
0.000462925
-0.000595841
0.00163609
0.000465326
-0.000462923
0.00124207
0.00031995
-0.000423351
0.000467275
2.72501e-10
-0.000112798
-0.00233999
-0.000319949
-0.000112799
-0.00233999
-0.000465324
-0.000423351
0.000467276
-0.000462923
-0.000462922
0.00124207
-0.00025889
-0.000595839
0.00163609
-0.000584747
0.00132612
0.00034179
-0.000371407
0.00226821
0.000595843
-0.000341786
0.00226809
0.0005375
-0.00025889
0.00163609
0.000281995
-0.000205398
0.000842201
1.90533e-10
-4.25623e-05
-0.00185177
-0.000281993
-4.25615e-05
-0.00185177
-0.000537497
-0.000205398
0.000842203
-0.00059584
-0.00025889
0.00163609
-0.000341786
-0.000341786
0.00226809
-0.000371405
0.0022682
0.00037141
0.00252344
0.000584751
0.00226821
0.000470668
0.00132612
0.000211341
0.000390117
-5.32951e-10
-0.00120991
-0.000211341
-0.0012099
-0.000470667
0.000390119
-0.000584748
0.00132612
-0.000371405
0.0022682
0.00252343
0.000272848
0.000272847
0.00197775
0.000432652
0.000264226
0.00184418
0.000362284
0.000213033
0.00118346
0.000175571
0.000179724
0.000397105
-6.02901e-10
3.69903e-05
-0.00107133
-0.000175571
3.69912e-05
-0.00107133
-0.000362284
0.000179724
0.000397107
-0.000432651
0.000213033
0.00118346
-0.000272846
0.000264226
0.00184418
0.000272847
0.00197775
0.000264226
0.000432652
0.00184418
0.000456573
0.000456573
0.0018834
0.000429344
0.000382775
0.00149358
0.000241473
0.000372283
0.000837512
3.00579e-10
9.26604e-05
-0.00166597
-0.000241472
9.26607e-05
-0.00166597
-0.000429342
0.000372283
0.000837515
-0.000456571
0.000382775
0.00149358
-0.000264224
0.000456572
0.0018834
0.000432651
0.00184418
0.000213033
0.000362284
0.00118346
0.000382775
0.000429344
0.00149358
0.000398991
0.000398992
0.00120964
0.000291602
0.000414164
0.000532783
2.44972e-10
0.000152272
-0.002108
-0.000291601
0.000152272
-0.002108
-0.00039899
0.000414165
0.000532784
-0.000382774
0.000398991
0.00120964
-0.000213032
0.000429342
0.00149358
0.000362283
0.00118345
0.000179724
0.000175571
0.000397105
0.000372283
0.000241473
0.000837512
0.000414164
0.000291602
0.000532783
0.000339221
0.000339221
-0.000209894
2.55975e-10
0.000191479
-0.00237345
-0.000339221
0.000191479
-0.00237345
-0.000414164
0.000339221
-0.000209894
-0.000372283
0.000291602
0.000532783
-0.000179724
0.000241473
0.000837513
0.00017557
0.000397106
3.69902e-05
-6.22096e-10
-0.00107133
9.26605e-05
6.40962e-10
-0.00166597
0.000152272
4.28376e-10
-0.002108
0.000191479
4.18016e-10
-0.00237345
2.45771e-10
2.99584e-10
-0.00300063
-0.000191478
3.51524e-10
-0.00300063
-0.000152272
5.44092e-10
-0.00237345
-9.26606e-05
5.85289e-10
-0.002108
-3.69908e-05
8.51992e-10
-0.00166597
-2.76388e-10
-0.00107133
3.69914e-05
-0.000175571
-0.00107133
9.26608e-05
-0.000241471
-0.00166597
0.000152272
-0.0002916
-0.002108
0.000191479
-0.00033922
-0.00237345
2.99223e-10
-0.000191478
-0.00300063
-0.000191478
-0.000191478
-0.00300063
-0.000152271
-0.00033922
-0.00237345
-9.26608e-05
-0.0002916
-0.002108
-3.69919e-05
-0.00024147
-0.00166597
-0.00017557
-0.00107132
0.000179724
-0.000362284
0.000397107
0.000372283
-0.000429341
0.000837515
0.000414165
-0.00039899
0.000532784
0.000339221
-0.000414164
-0.000209894
3.78659e-10
-0.000152271
-0.00237345
-0.00033922
-0.000152271
-0.00237345
-0.000414164
-0.000414164
-0.000209895
-0.000372283
-0.000398989
0.000532784
-0.000179724
-0.000429339
0.000837515
-0.000362282
0.000397108
0.000213033
-0.000432651
0.00118346
0.000382775
-0.000456571
0.00149358
0.000398991
-0.000382774
0.00120964
0.000291602
-0.000372283
0.000532783
3.92942e-10
-9.26603e-05
-0.002108
-0.000291601
-9.26605e-05
-0.002108
-0.00039899
-0.000372282
0.000532784
-0.000382774
-0.000382773
0.00120964
-0.000213032
-0.000456569
0.00149358
-0.000432649
0.00118345
0.000264226
-0.000272845
0.00184418
0.000456572
-0.000264224
0.0018834
0.000429342
-0.000213032
0.00149358
0.000241472
-0.000179724
0.000837512
4.94404e-10
-3.69909e-05
-0.00166597
-0.000241471
-3.69916e-05
-0.00166597
-0.00042934
-0.000179724
0.000837514
-0.00045657
-0.000213031
0.00149358
-0.000264224
-0.000264224
0.0018834
-0.000272844
0.00184418
0.000272847
0.00197775
0.000432651
0.00184418
0.000362283
0.00118345
0.00017557
0.000397106
-2.67078e-10
-0.00107133
-0.00017557
-0.00107132
-0.000362282
0.000397107
-0.000432649
0.00118345
-0.000272845
0.00184418
0.00197774
0.000201622
0.000201622
0.00157451
0.000321397
0.000206163
0.00151825
0.000284055
0.000177128
0.00104367
0.000149985
0.000156295
0.000374881
-3.37854e-10
3.46067e-05
-0.000955951
-0.000149985
3.46075e-05
-0.000955949
-0.000284055
0.000156295
0.000374883
-0.000321396
0.000177128
0.00104367
-0.000201621
0.000206163
0.00151825
0.000201622
0.0015745
0.000206163
0.000321397
0.00151825
0.000356405
0.000356405
0.00158292
0.000352115
0.000320221
0.00135478
0.000214407
0.000327682
0.000803833
8.63986e-11
7.94352e-05
-0.00149639
-0.000214407
7.94354e-05
-0.00149639
-0.000352114
0.000327682
0.000803835
-0.000356404
0.000320221
0.00135478
-0.000206162
0.000356404
0.00158292
0.000321396
0.00151824
0.000177128
0.000284055
0.00104367
0.000320221
0.000352115
0.00135478
0.000346435
0.000346435
0.00115721
0.000269661
0.000371242
0.000565997
1.40707e-10
0.000134454
-0.00189336
-0.000269661
0.000134454
-0.00189336
-0.000346434
0.000371242
0.000565998
-0.00032022
0.000346435
0.00115721
-0.000177127
0.000352115
0.00135478
0.000284054
0.00104367
0.000156295
0.000149985
0.000374881
0.000327682
0.000214407
0.000803833
0.000371242
0.000269661
0.000565997
0.000316704
0.000316704
-0.000100819
1.67468e-10
0.000170849
-0.00209314
-0.000316704
0.000170849
-0.00209314
-0.000371241
0.000316704
-0.000100819
-0.000327682
0.000269662
0.000565997
-0.000156295
0.000214407
0.000803833
0.000149984
0.000374882
3.46067e-05
-2.88444e-10
-0.000955951
7.94353e-05
2.49989e-10
-0.00149639
0.000134454
2.25192e-10
-0.00189336
0.00017085
3.13553e-10
-0.00209314
1.69591e-10
2.40885e-10
-0.00265893
-0.000170849
2.981e-10
-0.00265893
-0.000134454
4.29617e-10
-0.00209314
-7.94353e-05
3.852e-10
-0.00189336
-3.46072e-05
4.79818e-10
-0.00149639
2.46704e-11
-0.00095595
3.46078e-05
-0.000149985
-0.000955949
7.94354e-05
-0.000214407
-0.00149639
0.000134454
-0.000269661
-0.00189336
0.000170849
-0.000316704
-0.00209314
2.27003e-10
-0.000170849
-0.00265893
-0.000170849
-0.000170849
-0.00265893
-0.000134454
-0.000316704
-0.00209314
-7.94354e-05
-0.000269661
-0.00189336
-3.46082e-05
-0.000214406
-0.00149639
-0.000149984
-0.000955948
0.000156295
-0.000284055
0.000374883
0.000327682
-0.000352114
0.000803835
0.000371242
-0.000346434
0.000565997
0.000316704
-0.000371241
-0.000100819
2.81271e-10
-0.000134454
-0.00209314
-0.000316704
-0.000134454
-0.00209314
-0.000371241
-0.000371241
-0.00010082
-0.000327682
-0.000346434
0.000565997
-0.000156295
-0.000352113
0.000803834
-0.000284053
0.000374883
0.000177128
-0.000321396
0.00104367
0.000320221
-0.000356403
0.00135478
0.000346435
-0.00032022
0.00115721
0.000269662
-0.000327681
0.000565997
2.95969e-10
-7.94351e-05
-0.00189336
-0.000269661
-7.94353e-05
-0.00189336
-0.000346434
-0.000327681
0.000565997
-0.00032022
-0.000320219
0.00115721
-0.000177127
-0.000356402
0.00135478
-0.000321394
0.00104367
0.000206163
-0.000201621
0.00151824
0.000356404
-0.000206162
0.00158292
0.000352115
-0.000177127
0.00135478
0.000214407
-0.000156295
0.000803833
3.09925e-10
-3.46073e-05
-0.00149639
-0.000214407
-3.4608e-05
-0.00149639
-0.000352113
-0.000156295
0.000803834
-0.000356403
-0.000177127
0.00135478
-0.000206161
-0.000206161
0.00158291
-0.00020162
0.00151824
0.000201622
0.0015745
0.000321396
0.00151824
0.000284054
0.00104367
0.000149984
0.000374881
-2.40974e-11
-0.00095595
-0.000149984
-0.000955949
-0.000284054
0.000374883
-0.000321395
0.00104367
-0.00020162
0.00151824
0.0015745
0.000152183
0.000152183
0.00127014
0.000243727
0.000164547
0.00126215
0.000227891
0.000149162
0.000910344
0.000130128
0.000134894
0.000337751
-2.44496e-10
3.03381e-05
-0.000856161
-0.000130128
3.03384e-05
-0.00085616
-0.00022789
0.000134894
0.000337752
-0.000243727
0.000149162
0.000910345
-0.000152182
0.000164547
0.00126215
0.000152182
0.00127014
0.000164547
0.000243727
0.00126215
0.000284834
0.000284834
0.00134234
0.000296207
0.000271721
0.00122085
0.000192016
0.000289076
0.000753841
-1.66752e-10
7.11851e-05
-0.00134522
-0.000192016
7.11855e-05
-0.00134522
-0.000296206
0.000289077
0.000753843
-0.000284833
0.000271721
0.00122085
-0.000164546
0.000284834
0.00134234
0.000243727
0.00126215
0.000149162
0.000227891
0.000910344
0.00027172
0.000296207
0.00122085
0.000304528
0.000304528
0.00109159
0.000252026
0.000334259
0.000573316
7.25801e-11
0.000120164
-0.00169031
-0.000252026
0.000120164
-0.00169031
-0.000304528
0.00033426
0.000573317
-0.00027172
0.000304529
0.00109159
-0.000149162
0.000296206
0.00122085
0.00022789
0.000910343
0.000134894
0.000130128
0.000337751
0.000289076
0.000192016
0.000753841
0.000334259
0.000252026
0.000573316
0.000297481
0.000297481
-2.72615e-05
1.00657e-10
0.000154756
-0.00183025
-0.000297481
0.000154756
-0.00183025
-0.000334259
0.000297481
-2.72619e-05
-0.000289076
0.000252026
0.000573317
-0.000134894
0.000192016
0.000753841
0.000130127
0.000337751
3.03381e-05
-2.02511e-10
-0.000856161
7.11851e-05
-1.83365e-10
-0.00134522
0.000120164
1.13882e-10
-0.00169031
0.000154756
2.49498e-10
-0.00183025
1.09295e-10
1.79831e-10
-0.00234942
-0.000154756
2.33073e-10
-0.00234942
-0.000120164
3.56489e-10
-0.00183025
-7.11854e-05
2.66452e-10
-0.00169031
-3.03379e-05
5.32143e-11
-0.00134522
5.91061e-11
-0.000856161
3.03384e-05
-0.000130128
-0.00085616
7.11856e-05
-0.000192016
-0.00134522
0.000120164
-0.000252025
-0.00169031
0.000154756
-0.000297481
-0.00183025
1.62277e-10
-0.000154756
-0.00234942
-0.000154756
-0.000154756
-0.00234942
-0.000120164
-0.000297481
-0.00183025
-7.11857e-05
-0.000252026
-0.00169031
-3.03381e-05
-0.000192015
-0.00134522
-0.000130127
-0.00085616
0.000134894
-0.00022789
0.000337752
0.000289077
-0.000296206
0.000753843
0.00033426
-0.000304528
0.000573317
0.000297481
-0.000334259
-2.72621e-05
2.06031e-10
-0.000120164
-0.00183025
-0.000297481
-0.000120164
-0.00183025
-0.000334259
-0.000334259
-2.72629e-05
-0.000289076
-0.000304528
0.000573316
-0.000134894
-0.000296205
0.000753842
-0.000227889
0.000337751
0.000149162
-0.000243727
0.000910344
0.000271721
-0.000284833
0.00122085
0.000304529
-0.00027172
0.00109159
0.000252026
-0.000289076
0.000573316
2.22603e-10
-7.11852e-05
-0.00169031
-0.000252026
-7.11855e-05
-0.00169031
-0.000304528
-0.000289076
0.000573316
-0.00027172
-0.00027172
0.00109159
-0.000149162
-0.000284832
0.00122085
-0.000243726
0.000910343
0.000164547
-0.000152182
0.00126215
0.000284834
-0.000164546
0.00134234
0.000296206
-0.000149162
0.00122085
0.000192016
-0.000134894
0.000753841
6.87796e-11
-3.03379e-05
-0.00134522
-0.000192015
-3.03381e-05
-0.00134522
-0.000296206
-0.000134894
0.000753842
-0.000284833
-0.000149162
0.00122085
-0.000164546
-0.000164546
0.00134234
-0.000152181
0.00126215
0.000152182
0.00127014
0.000243727
0.00126215
0.00022789
0.000910343
0.000130127
0.00033775
2.41289e-11
-0.000856161
-0.000130127
-0.00085616
-0.000227889
0.000337751
-0.000243726
0.000910343
-0.000152181
0.00126215
0.00127014
0.000118216
0.000118216
0.000189802
0.000134228
0.000187405
0.000126698
0.000115086
0.000116085
-1.6304e-10
2.3256e-05
-0.000115086
2.32561e-05
-0.000187405
0.000116085
-0.000189801
0.000126698
-0.000118216
0.000134228
0.000118216
0.000134228
0.000189802
0.000232446
0.000232446
0.000252932
0.000234008
0.000169915
0.000254926
-1.28974e-10
6.41292e-05
-0.000169915
6.41295e-05
-0.000252932
0.000254926
-0.000232446
0.000234008
-0.000134228
0.000232446
0.000189801
0.000126698
0.000187405
0.000234008
0.000252932
0.000271209
0.000271209
0.000237761
0.00030147
2.76333e-11
0.000105628
-0.000237761
0.000105628
-0.000271209
0.00030147
-0.000234007
0.000271209
-0.000126698
0.000252932
0.000187405
0.000116085
0.000115086
0.000254926
0.000169915
0.00030147
0.000237761
0.000277807
0.000277807
6.84129e-11
0.000142426
-0.000277807
0.000142426
-0.00030147
0.000277807
-0.000254926
0.000237761
-0.000116085
0.000169914
0.000115085
2.32561e-05
-1.22935e-10
6.41292e-05
-1.52318e-10
0.000105628
5.60838e-11
0.000142426
2.18555e-10
7.03724e-11
1.29817e-10
-0.000142426
1.78458e-10
-0.000105628
3.19347e-10
-6.41293e-05
1.9619e-10
-2.32556e-05
5.50367e-11
9.76959e-11
2.32561e-05
-0.000115085
6.41295e-05
-0.000169915
0.000105628
-0.000237761
0.000142426
-0.000277807
1.18489e-10
-0.000142426
-0.000142426
-0.000142426
-0.000105628
-0.000277807
-6.41295e-05
-0.000237761
-2.32556e-05
-0.000169914
-0.000115085
0.000116085
-0.000187405
0.000254926
-0.000252932
0.00030147
-0.000271209
0.000277807
-0.000301469
1.68046e-10
-0.000105628
-0.000277807
-0.000105628
-0.00030147
-0.00030147
-0.000254926
-0.000271209
-0.000116085
-0.000252931
-0.000187404
0.000126698
-0.000189801
0.000234008
-0.000232446
0.000271209
-0.000234007
0.000237761
-0.000254926
1.66985e-10
-6.41292e-05
-0.000237761
-6.41295e-05
-0.000271209
-0.000254926
-0.000234007
-0.000234007
-0.000126698
-0.000232445
-0.0001898
0.000134228
-0.000118216
0.000232446
-0.000134228
0.000252932
-0.000126698
0.000169914
-0.000116085
7.6383e-11
-2.32556e-05
-0.000169914
-2.32557e-05
-0.000252932
-0.000116085
-0.000232445
-0.000126698
-0.000134228
-0.000134228
-0.000118215
0.000118216
0.000189801
0.000187405
0.000115085
6.06443e-11
-0.000115085
-0.000187405
-0.0001898
-0.000118215
)
;

boundaryField
{
    bottom
    {
        type            calculated;
        value           nonuniform List<scalar> 0();
    }
    atmosphere
    {
        type            calculated;
        value           nonuniform List<scalar> 0();
    }
    walls
    {
        type            calculated;
        value           uniform 0;
    }
    procBoundary0to1
    {
        type            processor;
        value           nonuniform List<scalar> 
100
(
0.00103371
0.00105634
0.000786042
0.000293985
-0.000764332
-0.000764331
0.000293986
0.000786042
0.00105634
0.00103371
0.00105634
0.00114591
0.00109305
0.000698019
-0.00121618
-0.00121618
0.000698019
0.00109305
0.00114591
0.00105634
0.000786042
0.00109305
0.00101719
0.000560221
-0.00149405
-0.00149405
0.000560221
0.00101719
0.00109305
0.000786041
0.000293985
0.000698019
0.000560221
2.00635e-05
-0.00158924
-0.00158924
2.00632e-05
0.000560221
0.000698019
0.000293985
-0.000764332
-0.00121618
-0.00149405
-0.00158924
-0.00206456
-0.00206456
-0.00158924
-0.00149405
-0.00121618
-0.000764331
-0.000764331
-0.00121618
-0.00149405
-0.00158924
-0.00206456
-0.00206456
-0.00158924
-0.00149405
-0.00121618
-0.00076433
0.000293986
0.000698019
0.000560221
2.0063e-05
-0.00158924
-0.00158924
2.00624e-05
0.00056022
0.000698019
0.000293985
0.000786042
0.00109305
0.00101719
0.000560221
-0.00149405
-0.00149405
0.00056022
0.00101719
0.00109305
0.000786041
0.00105634
0.00114591
0.00109305
0.000698018
-0.00121618
-0.00121618
0.000698019
0.00109305
0.00114591
0.00105634
0.00103371
0.00105634
0.000786041
0.000293985
-0.000764331
-0.00076433
0.000293985
0.000786041
0.00105634
0.0010337
)
;
    }
    procBoundary0to2
    {
        type            processor;
        value           nonuniform List<scalar> 
100
(
-0.0172811
-0.0106403
-0.00110761
0.00198053
0.00294708
0.00294701
0.00198053
-0.00110762
-0.0106403
-0.017281
-0.0106403
-0.00821378
-0.00100432
0.00138648
0.00388814
0.00388812
0.00138647
-0.00100434
-0.00821378
-0.0106402
-0.00110762
-0.00100432
0.000169947
0.00118448
0.00448675
0.00448675
0.00118447
0.000169951
-0.00100431
-0.00110759
0.00198053
0.00138648
0.00118448
0.00229039
0.00521565
0.00521566
0.00229038
0.00118448
0.00138649
0.00198054
0.0029471
0.00388814
0.00448673
0.00521565
0.00636085
0.00636086
0.00521565
0.00448671
0.0038881
0.00294707
0.00294699
0.0038881
0.00448674
0.00521566
0.00636087
0.00636087
0.00521567
0.00448671
0.00388807
0.00294696
0.00198053
0.00138647
0.00118447
0.00229038
0.00521566
0.00521566
0.00229038
0.00118447
0.00138647
0.00198054
-0.00110762
-0.00100435
0.000169952
0.00118448
0.00448672
0.00448673
0.00118447
0.000169953
-0.00100434
-0.00110759
-0.0106403
-0.00821378
-0.0010043
0.00138648
0.00388811
0.00388809
0.00138647
-0.00100433
-0.00821376
-0.0106403
-0.017281
-0.0106402
-0.00110758
0.00198054
0.00294705
0.00294698
0.00198054
-0.0011076
-0.0106403
-0.017281
)
;
    }
}


// ************************************************************************* //
