/*--------------------------------*- C++ -*----------------------------------*\
| =========                 |                                                 |
| \\      /  F ield         | OpenFOAM: The Open Source CFD Toolbox           |
|  \\    /   O peration     | Version:  2412                                  |
|   \\  /    A nd           | Website:  www.openfoam.com                      |
|    \\/     M anipulation  |                                                 |
\*---------------------------------------------------------------------------*/
FoamFile
{
    version     2.0;
    format      ascii;
    arch        "LSB;label=32;scalar=64";
    class       surfaceScalarField;
    location    "0.1";
    object      phi;
}
// * * * * * * * * * * * * * * * * * * * * * * * * * * * * * * * * * * * * * //

dimensions      [0 3 -1 0 0 0 0];

oriented        oriented;

internalField   nonuniform List<scalar> 
2700
(
-8.68519e-06
-8.68519e-06
9.24955e-05
-1.51723e-05
-1.06462e-05
8.69342e-05
-1.7216e-05
-1.51068e-05
7.67287e-05
-1.31505e-05
-2.02305e-05
6.39837e-05
-2.14103e-12
-2.79692e-05
4.94004e-05
1.31505e-05
-2.79692e-05
4.94004e-05
1.7216e-05
-2.02305e-05
6.39837e-05
1.51723e-05
-1.51068e-05
7.67287e-05
8.68517e-06
-1.06462e-05
8.69342e-05
-8.68518e-06
9.24955e-05
-1.06462e-05
-1.51723e-05
8.69342e-05
-1.89621e-05
-1.89621e-05
7.94326e-05
-2.22916e-05
-2.7579e-05
6.41667e-05
-1.81164e-05
-3.81185e-05
4.55725e-05
-3.28666e-12
-5.4823e-05
1.80535e-05
1.81164e-05
-5.4823e-05
1.80535e-05
2.22916e-05
-3.81185e-05
4.55725e-05
1.89621e-05
-2.7579e-05
6.41667e-05
1.06462e-05
-1.89621e-05
7.94326e-05
-1.51723e-05
8.69342e-05
-1.51068e-05
-1.7216e-05
7.67287e-05
-2.7579e-05
-2.22916e-05
6.41667e-05
-3.46514e-05
-3.46514e-05
3.93515e-05
-2.979e-05
-5.07486e-05
2.78707e-06
-1.6378e-12
-8.06325e-05
-5.2857e-05
2.979e-05
-8.06325e-05
-5.2857e-05
3.46514e-05
-5.07486e-05
2.78707e-06
2.7579e-05
-3.46514e-05
3.93515e-05
1.51068e-05
-2.22916e-05
6.41667e-05
-1.7216e-05
7.67287e-05
-2.02305e-05
-1.31505e-05
6.39837e-05
-3.81185e-05
-1.81164e-05
4.55725e-05
-5.07486e-05
-2.979e-05
2.78709e-06
-4.78705e-05
-4.78705e-05
-5.83869e-05
-3.33007e-12
-8.10216e-05
-0.000188929
4.78705e-05
-8.10216e-05
-0.000188929
5.07485e-05
-4.78705e-05
-5.83869e-05
3.81185e-05
-2.979e-05
2.7871e-06
2.02304e-05
-1.81164e-05
4.55726e-05
-1.31505e-05
6.39837e-05
-2.79693e-05
2.32551e-12
4.94003e-05
-5.4823e-05
2.48347e-12
1.80535e-05
-8.06325e-05
1.74678e-12
-5.2857e-05
-8.10216e-05
1.43378e-12
-0.000188929
-7.05987e-13
1.84957e-12
-0.000484587
8.10216e-05
2.6978e-12
-0.000484587
8.06325e-05
3.57154e-12
-0.000188929
5.4823e-05
1.96223e-12
-5.2857e-05
2.79692e-05
3.73922e-12
1.80535e-05
2.36836e-12
4.94003e-05
-2.79692e-05
1.31505e-05
4.94004e-05
-5.4823e-05
1.81164e-05
1.80535e-05
-8.06325e-05
2.979e-05
-5.2857e-05
-8.10216e-05
4.78705e-05
-0.000188929
-1.75177e-12
8.10216e-05
-0.000484587
8.10216e-05
8.10216e-05
-0.000484587
8.06325e-05
4.78705e-05
-0.000188929
5.4823e-05
2.979e-05
-5.2857e-05
2.79692e-05
1.81164e-05
1.80535e-05
1.31505e-05
4.94004e-05
-2.02305e-05
1.7216e-05
6.39837e-05
-3.81185e-05
2.22916e-05
4.55725e-05
-5.07486e-05
3.46514e-05
2.78705e-06
-4.78705e-05
5.07486e-05
-5.8387e-05
4.36592e-13
8.06325e-05
-0.000188929
4.78705e-05
8.06325e-05
-0.000188929
5.07486e-05
5.07486e-05
-5.8387e-05
3.81185e-05
3.46514e-05
2.78706e-06
2.02304e-05
2.22916e-05
4.55725e-05
1.7216e-05
6.39837e-05
-1.51068e-05
1.51723e-05
7.67288e-05
-2.7579e-05
1.89621e-05
6.41667e-05
-3.46514e-05
2.7579e-05
3.93515e-05
-2.979e-05
3.81185e-05
2.78711e-06
-2.71697e-12
5.4823e-05
-5.2857e-05
2.979e-05
5.4823e-05
-5.2857e-05
3.46514e-05
3.81185e-05
2.7871e-06
2.7579e-05
2.7579e-05
3.93515e-05
1.51068e-05
1.89621e-05
6.41667e-05
1.51723e-05
7.67287e-05
-1.06462e-05
8.68517e-06
8.69343e-05
-1.89621e-05
1.06462e-05
7.94326e-05
-2.22916e-05
1.51068e-05
6.41667e-05
-1.81164e-05
2.02304e-05
4.55725e-05
-1.35517e-12
2.79692e-05
1.80535e-05
1.81164e-05
2.79692e-05
1.80535e-05
2.22916e-05
2.02304e-05
4.55725e-05
1.89621e-05
1.51068e-05
6.41667e-05
1.06462e-05
1.06462e-05
7.94326e-05
8.68517e-06
8.69342e-05
-8.68519e-06
9.24955e-05
-1.51723e-05
8.69343e-05
-1.7216e-05
7.67287e-05
-1.31505e-05
6.39837e-05
-2.59678e-12
4.94004e-05
1.31505e-05
4.94004e-05
1.7216e-05
6.39837e-05
1.51723e-05
7.67287e-05
8.68517e-06
8.69343e-05
9.24955e-05
-1.00553e-05
-1.00553e-05
0.000112606
-1.76258e-05
-1.25628e-05
0.000107068
-2.04133e-05
-1.82949e-05
9.7811e-05
-1.58598e-05
-2.52197e-05
8.46498e-05
-3.0961e-12
-3.63321e-05
6.98726e-05
1.58598e-05
-3.63321e-05
6.98726e-05
2.04133e-05
-2.52197e-05
8.46498e-05
1.76258e-05
-1.82949e-05
9.7811e-05
1.00553e-05
-1.25628e-05
0.000107068
-1.00553e-05
0.000112606
-1.25628e-05
-1.76258e-05
0.000107068
-2.25508e-05
-2.25508e-05
9.94085e-05
-2.72901e-05
-3.37718e-05
8.4383e-05
-2.28951e-05
-4.84554e-05
6.44131e-05
-3.62311e-12
-7.35482e-05
3.23746e-05
2.2895e-05
-7.35482e-05
3.23746e-05
2.72901e-05
-4.84554e-05
6.44131e-05
2.25508e-05
-3.37718e-05
8.4383e-05
1.25628e-05
-2.25508e-05
9.94085e-05
-1.76258e-05
0.000107068
-1.82949e-05
-2.04133e-05
9.7811e-05
-3.37718e-05
-2.72901e-05
8.43829e-05
-4.43146e-05
-4.43146e-05
6.0437e-05
-3.93289e-05
-6.849e-05
1.7836e-05
-4.86435e-12
-0.000118217
-4.75175e-05
3.93289e-05
-0.000118217
-4.75175e-05
4.43146e-05
-6.849e-05
1.7836e-05
3.37718e-05
-4.43146e-05
6.0437e-05
1.82949e-05
-2.72901e-05
8.43829e-05
-2.04133e-05
9.7811e-05
-2.52197e-05
-1.58598e-05
8.46498e-05
-4.84554e-05
-2.28951e-05
6.44131e-05
-6.849e-05
-3.93289e-05
1.7836e-05
-6.848e-05
-6.848e-05
-5.84069e-05
-2.68298e-12
-0.000126669
-0.000248956
6.848e-05
-0.000126669
-0.000248956
6.849e-05
-6.848e-05
-5.84069e-05
4.84554e-05
-3.93289e-05
1.7836e-05
2.52197e-05
-2.28951e-05
6.44131e-05
-1.58598e-05
8.46498e-05
-3.63321e-05
-3.0644e-12
6.98726e-05
-7.35482e-05
-2.8842e-12
3.23746e-05
-0.000118217
-6.03344e-12
-4.75175e-05
-0.000126669
-2.85393e-12
-0.000248956
-3.1546e-12
-4.15153e-12
-0.000737925
0.000126669
-4.90426e-12
-0.000737925
0.000118217
-2.08735e-12
-0.000248956
7.35482e-05
-6.63209e-12
-4.75175e-05
3.63321e-05
-2.85178e-12
3.23746e-05
-3.24281e-12
6.98726e-05
-3.63321e-05
1.58598e-05
6.98726e-05
-7.35482e-05
2.2895e-05
3.23746e-05
-0.000118217
3.93289e-05
-4.75175e-05
-0.000126669
6.848e-05
-0.000248956
-5.82855e-12
0.000126669
-0.000737925
0.000126669
0.000126669
-0.000737925
0.000118217
6.848e-05
-0.000248956
7.35482e-05
3.93289e-05
-4.75175e-05
3.63321e-05
2.2895e-05
3.23746e-05
1.58598e-05
6.98726e-05
-2.52197e-05
2.04133e-05
8.46498e-05
-4.84554e-05
2.72901e-05
6.44131e-05
-6.849e-05
4.43146e-05
1.7836e-05
-6.848e-05
6.849e-05
-5.8407e-05
-3.07745e-13
0.000118217
-0.000248956
6.848e-05
0.000118217
-0.000248956
6.849e-05
6.849e-05
-5.8407e-05
4.84554e-05
4.43146e-05
1.7836e-05
2.52197e-05
2.72901e-05
6.44131e-05
2.04133e-05
8.46498e-05
-1.82949e-05
1.76258e-05
9.78111e-05
-3.37718e-05
2.25508e-05
8.4383e-05
-4.43146e-05
3.37718e-05
6.0437e-05
-3.93289e-05
4.84554e-05
1.7836e-05
-6.23781e-12
7.35482e-05
-4.75175e-05
3.93289e-05
7.35482e-05
-4.75175e-05
4.43146e-05
4.84554e-05
1.7836e-05
3.37718e-05
3.37718e-05
6.0437e-05
1.82949e-05
2.25508e-05
8.4383e-05
1.76258e-05
9.78111e-05
-1.25628e-05
1.00553e-05
0.000107068
-2.25508e-05
1.25628e-05
9.94085e-05
-2.72901e-05
1.82949e-05
8.43829e-05
-2.28951e-05
2.52197e-05
6.44131e-05
-2.7847e-12
3.63321e-05
3.23746e-05
2.28951e-05
3.63321e-05
3.23746e-05
2.72901e-05
2.52197e-05
6.44131e-05
2.25508e-05
1.82949e-05
8.43829e-05
1.25628e-05
1.25628e-05
9.94085e-05
1.00553e-05
0.000107068
-1.00553e-05
0.000112606
-1.76258e-05
0.000107068
-2.04133e-05
9.78111e-05
-1.58598e-05
8.46498e-05
-3.61967e-12
6.98726e-05
1.58598e-05
6.98726e-05
2.04133e-05
8.46498e-05
1.76258e-05
9.78111e-05
1.00553e-05
0.000107068
0.000112606
-1.13771e-05
-1.13771e-05
0.00013536
-1.998e-05
-1.44996e-05
0.00013017
-2.36525e-05
-2.15937e-05
0.000123077
-1.86219e-05
-3.07317e-05
0.000110351
-2.99841e-12
-4.62534e-05
9.75041e-05
1.86219e-05
-4.62534e-05
9.75041e-05
2.36525e-05
-3.07317e-05
0.000110351
1.998e-05
-2.15937e-05
0.000123077
1.13771e-05
-1.44996e-05
0.00013017
-1.13771e-05
0.00013536
-1.44996e-05
-1.99801e-05
0.00013017
-2.6216e-05
-2.6216e-05
0.000122841
-3.27747e-05
-4.02678e-05
0.000109616
-2.84039e-05
-6.03598e-05
8.96703e-05
-4.47537e-12
-9.75943e-05
5.53116e-05
2.84039e-05
-9.75943e-05
5.53116e-05
3.27747e-05
-6.03598e-05
8.96703e-05
2.6216e-05
-4.02678e-05
0.000109616
1.44995e-05
-2.6216e-05
0.000122841
-1.99801e-05
0.00013017
-2.15937e-05
-2.36525e-05
0.000123077
-4.02678e-05
-3.27747e-05
0.000109616
-5.54959e-05
-5.54959e-05
9.08933e-05
-5.06222e-05
-9.1781e-05
4.43835e-05
-3.68284e-12
-0.000175037
-2.06975e-05
5.06222e-05
-0.000175037
-2.06975e-05
5.54959e-05
-9.1781e-05
4.43835e-05
4.02677e-05
-5.54959e-05
9.08933e-05
2.15937e-05
-3.27747e-05
0.000109616
-2.36525e-05
0.000123077
-3.07317e-05
-1.86219e-05
0.000110351
-6.03598e-05
-2.84039e-05
8.96703e-05
-9.1781e-05
-5.06222e-05
4.43835e-05
-9.82057e-05
-9.82057e-05
-4.55573e-05
-3.14192e-12
-0.000206898
-0.000315301
9.82057e-05
-0.000206898
-0.000315301
9.17809e-05
-9.82057e-05
-4.55574e-05
6.03597e-05
-5.06222e-05
4.43835e-05
3.07317e-05
-2.84039e-05
8.96703e-05
-1.86219e-05
0.000110351
-4.62534e-05
1.01958e-12
9.75041e-05
-9.75943e-05
1.18207e-12
5.53116e-05
-0.000175037
-2.41882e-13
-2.06975e-05
-0.000206898
-2.79647e-13
-0.000315301
-1.26112e-11
-8.99994e-12
-0.00115172
0.000206898
-9.20638e-12
-0.00115172
0.000175037
9.46163e-13
-0.000315301
9.75943e-05
7.49105e-13
-2.06975e-05
4.62534e-05
2.91338e-12
5.53116e-05
7.7404e-13
9.75041e-05
-4.62534e-05
1.86219e-05
9.75041e-05
-9.75943e-05
2.84039e-05
5.53116e-05
-0.000175037
5.06222e-05
-2.06975e-05
-0.000206898
9.82057e-05
-0.000315301
-1.47929e-11
0.000206898
-0.00115172
0.000206898
0.000206898
-0.00115172
0.000175037
9.82057e-05
-0.000315301
9.75943e-05
5.06222e-05
-2.06975e-05
4.62534e-05
2.84039e-05
5.53116e-05
1.86219e-05
9.75041e-05
-3.07317e-05
2.36525e-05
0.000110351
-6.03598e-05
3.27747e-05
8.96703e-05
-9.1781e-05
5.54959e-05
4.43835e-05
-9.82057e-05
9.1781e-05
-4.55574e-05
-5.73777e-13
0.000175037
-0.000315301
9.82057e-05
0.000175037
-0.000315301
9.1781e-05
9.1781e-05
-4.55574e-05
6.03598e-05
5.54959e-05
4.43835e-05
3.07317e-05
3.27747e-05
8.96703e-05
2.36525e-05
0.000110351
-2.15937e-05
1.998e-05
0.000123077
-4.02678e-05
2.6216e-05
0.000109616
-5.54959e-05
4.02678e-05
9.08933e-05
-5.06222e-05
6.03598e-05
4.43835e-05
-3.26539e-12
9.75943e-05
-2.06975e-05
5.06222e-05
9.75943e-05
-2.06975e-05
5.54959e-05
6.03598e-05
4.43835e-05
4.02677e-05
4.02678e-05
9.08933e-05
2.15937e-05
2.6216e-05
0.000109616
1.998e-05
0.000123077
-1.44996e-05
1.13771e-05
0.00013017
-2.6216e-05
1.44995e-05
0.000122841
-3.27747e-05
2.15937e-05
0.000109616
-2.84039e-05
3.07317e-05
8.96703e-05
-1.82573e-12
4.62534e-05
5.53116e-05
2.84039e-05
4.62534e-05
5.53116e-05
3.27747e-05
3.07317e-05
8.96703e-05
2.6216e-05
2.15937e-05
0.000109616
1.44995e-05
1.44995e-05
0.000122841
1.13771e-05
0.00013017
-1.13771e-05
0.00013536
-1.99801e-05
0.00013017
-2.36525e-05
0.000123077
-1.86219e-05
0.000110351
-3.23146e-12
9.75041e-05
1.86219e-05
9.75041e-05
2.36525e-05
0.000110351
1.998e-05
0.000123077
1.13771e-05
0.00013017
0.00013536
-1.25394e-05
-1.25394e-05
0.000160439
-2.20119e-05
-1.63017e-05
0.000155944
-2.66392e-05
-2.46646e-05
0.000152369
-2.11168e-05
-3.63162e-05
0.000141145
-2.16792e-12
-5.70168e-05
0.000133404
2.11168e-05
-5.70168e-05
0.000133404
2.66392e-05
-3.63162e-05
0.000141145
2.20119e-05
-2.46646e-05
0.000152369
1.25394e-05
-1.63017e-05
0.000155944
-1.25394e-05
0.000160439
-1.63017e-05
-2.20119e-05
0.000155944
-2.96442e-05
-2.96442e-05
0.000149526
-3.83544e-05
-4.63707e-05
0.000140032
-3.42519e-05
-7.30619e-05
0.000122313
-3.63687e-12
-0.00012713
9.11727e-05
3.42519e-05
-0.00012713
9.11727e-05
3.83544e-05
-7.30619e-05
0.000122313
2.96442e-05
-4.63707e-05
0.000140032
1.63017e-05
-2.96442e-05
0.000149526
-2.20119e-05
0.000155944
-2.46646e-05
-2.66392e-05
0.000152369
-4.63707e-05
-3.83544e-05
0.000140032
-6.73202e-05
-6.73202e-05
0.000132792
-6.24296e-05
-0.000121083
8.7514e-05
-5.38181e-12
-0.000259441
4.91837e-05
6.24296e-05
-0.000259441
4.91836e-05
6.73202e-05
-0.000121083
8.75139e-05
4.63707e-05
-6.73202e-05
0.000132792
2.46646e-05
-3.83544e-05
0.000140032
-2.66392e-05
0.000152369
-3.63162e-05
-2.11168e-05
0.000141145
-7.30619e-05
-3.42519e-05
0.000122313
-0.000121083
-6.24296e-05
8.7514e-05
-0.000141095
-0.000141095
-5.53258e-06
-7.97546e-12
-0.000329664
-0.000386173
0.000141095
-0.000329664
-0.000386173
0.000121083
-0.000141095
-5.53262e-06
7.30619e-05
-6.24296e-05
8.7514e-05
3.63162e-05
-3.42519e-05
0.000122313
-2.11168e-05
0.000141145
-5.70168e-05
1.00434e-12
0.000133404
-0.00012713
1.04097e-12
9.11726e-05
-0.000259441
-5.04923e-12
4.91836e-05
-0.000329664
-7.41732e-12
-0.000386173
-1.43391e-11
-1.09182e-11
-0.00181105
0.000329664
-8.55791e-12
-0.00181105
0.000259441
-4.21998e-12
-0.000386173
0.00012713
-7.46593e-12
4.91836e-05
5.70168e-05
1.59437e-13
9.11726e-05
3.63383e-14
0.000133404
-5.70168e-05
2.11168e-05
0.000133404
-0.00012713
3.42519e-05
9.11727e-05
-0.000259441
6.24296e-05
4.91836e-05
-0.000329664
0.000141095
-0.000386173
-1.26399e-11
0.000329664
-0.00181105
0.000329664
0.000329664
-0.00181105
0.000259441
0.000141095
-0.000386173
0.00012713
6.24296e-05
4.91836e-05
5.70168e-05
3.42519e-05
9.11727e-05
2.11168e-05
0.000133404
-3.63162e-05
2.66392e-05
0.000141145
-7.30619e-05
3.83544e-05
0.000122313
-0.000121083
6.73202e-05
8.75139e-05
-0.000141095
0.000121083
-5.5327e-06
-2.57981e-12
0.000259441
-0.000386173
0.000141095
0.000259441
-0.000386173
0.000121083
0.000121083
-5.53272e-06
7.30619e-05
6.73202e-05
8.75139e-05
3.63162e-05
3.83544e-05
0.000122313
2.66392e-05
0.000141145
-2.46646e-05
2.20119e-05
0.000152369
-4.63707e-05
2.96442e-05
0.000140032
-6.73202e-05
4.63707e-05
0.000132792
-6.24296e-05
7.30619e-05
8.7514e-05
-8.46507e-12
0.00012713
4.91837e-05
6.24296e-05
0.00012713
4.91837e-05
6.73202e-05
7.30619e-05
8.7514e-05
4.63707e-05
4.63707e-05
0.000132792
2.46646e-05
2.96442e-05
0.000140032
2.20119e-05
0.000152369
-1.63017e-05
1.25394e-05
0.000155944
-2.96442e-05
1.63017e-05
0.000149526
-3.83544e-05
2.46646e-05
0.000140032
-3.42519e-05
3.63162e-05
0.000122313
-3.25252e-12
5.70168e-05
9.11727e-05
3.42519e-05
5.70168e-05
9.11727e-05
3.83544e-05
3.63162e-05
0.000122313
2.96442e-05
2.46646e-05
0.000140032
1.63017e-05
1.63017e-05
0.000149526
1.25394e-05
0.000155944
-1.25394e-05
0.000160439
-2.20119e-05
0.000155944
-2.66392e-05
0.000152369
-2.11168e-05
0.000141145
-3.96742e-12
0.000133404
2.11168e-05
0.000133404
2.66392e-05
0.000141145
2.20119e-05
0.000152369
1.25394e-05
0.000155944
0.000160439
-1.34005e-05
-1.34005e-05
0.00018724
-2.34314e-05
-1.77733e-05
0.000183748
-2.89472e-05
-2.69536e-05
0.000184839
-2.28134e-05
-4.12122e-05
0.000176223
-4.62167e-12
-6.68237e-05
0.000177414
2.28134e-05
-6.68237e-05
0.000177414
2.89472e-05
-4.12122e-05
0.000176223
2.34314e-05
-2.69536e-05
0.000184839
1.34005e-05
-1.77733e-05
0.000183748
-1.34005e-05
0.00018724
-1.77733e-05
-2.34314e-05
0.000183748
-3.24193e-05
-3.24193e-05
0.000178818
-4.34113e-05
-5.08866e-05
0.000174957
-3.9693e-05
-8.48484e-05
0.000162231
-6.37157e-12
-0.000160314
0.00014497
3.96929e-05
-0.000160314
0.00014497
4.34113e-05
-8.48484e-05
0.000162231
3.24193e-05
-5.08866e-05
0.000174957
1.77733e-05
-3.24193e-05
0.000178818
-2.34314e-05
0.000183748
-2.69536e-05
-2.89472e-05
0.000184839
-5.08866e-05
-4.34114e-05
0.000174957
-7.76509e-05
-7.76509e-05
0.000186321
-7.21635e-05
-0.000154374
0.000151552
-1.0004e-11
-0.000365971
0.000182677
7.21635e-05
-0.000365971
0.000182677
7.76509e-05
-0.000154374
0.000151552
5.08866e-05
-7.76509e-05
0.000186321
2.69536e-05
-4.34114e-05
0.000174957
-2.89472e-05
0.000184839
-4.12122e-05
-2.28135e-05
0.000176223
-8.48484e-05
-3.9693e-05
0.000162231
-0.000154374
-7.21635e-05
0.000151552
-0.000190735
-0.000190735
6.71899e-05
-9.63098e-12
-0.000389334
-0.000553545
0.000190735
-0.000389334
-0.000553545
0.000154374
-0.000190735
6.71899e-05
8.48484e-05
-7.21635e-05
0.000151552
4.12122e-05
-3.9693e-05
0.000162231
-2.28135e-05
0.000176223
-6.68237e-05
-1.20581e-12
0.000177414
-0.000160314
-7.43727e-13
0.00014497
-0.000365971
-6.96406e-12
0.000182677
-0.000389334
-9.01942e-12
-0.000553545
-1.69228e-11
-7.24426e-12
-0.00258972
0.000389334
-7.80593e-12
-0.00258972
0.000365971
-7.75063e-12
-0.000553545
0.000160314
-4.7705e-12
0.000182677
6.68237e-05
7.55285e-13
0.00014497
-1.79835e-12
0.000177414
-6.68237e-05
2.28134e-05
0.000177414
-0.000160314
3.9693e-05
0.00014497
-0.000365971
7.21635e-05
0.000182677
-0.000389334
0.000190735
-0.000553545
-1.74008e-11
0.000389334
-0.00258972
0.000389334
0.000389334
-0.00258972
0.000365971
0.000190735
-0.000553545
0.000160314
7.21635e-05
0.000182677
6.68237e-05
3.9693e-05
0.00014497
2.28134e-05
0.000177414
-4.12122e-05
2.89472e-05
0.000176223
-8.48484e-05
4.34114e-05
0.000162231
-0.000154374
7.76509e-05
0.000151552
-0.000190735
0.000154374
6.71898e-05
-6.62784e-12
0.000365971
-0.000553545
0.000190735
0.000365971
-0.000553545
0.000154374
0.000154374
6.71898e-05
8.48484e-05
7.76509e-05
0.000151552
4.12122e-05
4.34114e-05
0.000162231
2.89472e-05
0.000176223
-2.69536e-05
2.34314e-05
0.000184839
-5.08866e-05
3.24193e-05
0.000174957
-7.76509e-05
5.08866e-05
0.000186321
-7.21635e-05
8.48484e-05
0.000151552
-7.29001e-12
0.000160314
0.000182677
7.21635e-05
0.000160314
0.000182677
7.76509e-05
8.48484e-05
0.000151552
5.08866e-05
5.08866e-05
0.000186321
2.69536e-05
3.24193e-05
0.000174957
2.34314e-05
0.000184839
-1.77733e-05
1.34005e-05
0.000183748
-3.24193e-05
1.77733e-05
0.000178818
-4.34114e-05
2.69536e-05
0.000174957
-3.9693e-05
4.12122e-05
0.000162231
-3.56911e-12
6.68237e-05
0.00014497
3.96929e-05
6.68237e-05
0.00014497
4.34114e-05
4.12122e-05
0.000162231
3.24193e-05
2.69536e-05
0.000174957
1.77733e-05
1.77733e-05
0.000178818
1.34005e-05
0.000183748
-1.34005e-05
0.00018724
-2.34314e-05
0.000183748
-2.89472e-05
0.000184839
-2.28135e-05
0.000176223
-4.70895e-12
0.000177414
2.28134e-05
0.000177414
2.89472e-05
0.000176223
2.34314e-05
0.000184839
1.34005e-05
0.000183748
0.00018724
-1.38522e-05
-1.38522e-05
0.000214944
-2.40245e-05
-1.87048e-05
0.000212625
-3.01104e-05
-2.78048e-05
0.000218729
-2.31378e-05
-4.41193e-05
0.00021337
-2.0156e-12
-7.13474e-05
0.000225624
2.31378e-05
-7.13474e-05
0.000225624
3.01104e-05
-4.41193e-05
0.00021337
2.40245e-05
-2.78048e-05
0.000218729
1.38522e-05
-1.87048e-05
0.000212625
-1.38522e-05
0.000214944
-1.87048e-05
-2.40245e-05
0.000212625
-3.4049e-05
-3.40491e-05
0.000209507
-4.69513e-05
-5.21973e-05
0.000212252
-4.35337e-05
-9.17088e-05
0.000206403
-5.94248e-12
-0.000185338
0.000215427
4.35337e-05
-0.000185338
0.000215427
4.69513e-05
-9.17088e-05
0.000206403
3.4049e-05
-5.21973e-05
0.000212252
1.87048e-05
-3.40491e-05
0.000209507
-2.40245e-05
0.000212625
-2.78048e-05
-3.01104e-05
0.000218729
-5.21973e-05
-4.69513e-05
0.000212252
-8.17311e-05
-8.17312e-05
0.000245389
-7.3956e-05
-0.000180784
0.000232851
-9.11208e-12
-0.000413405
0.000336789
7.3956e-05
-0.000413405
0.000336789
8.17312e-05
-0.000180784
0.000232851
5.21973e-05
-8.17312e-05
0.000245389
2.78048e-05
-4.69513e-05
0.000212252
-3.01104e-05
0.000218729
-4.41193e-05
-2.31378e-05
0.00021337
-9.17088e-05
-4.35337e-05
0.000206403
-0.000180784
-7.3956e-05
0.000232851
-0.000212719
-0.000212719
0.000131062
-1.00277e-11
-0.000298217
-0.000881452
0.000212719
-0.000298218
-0.000881452
0.000180784
-0.000212719
0.000131062
9.17088e-05
-7.3956e-05
0.000232851
4.41193e-05
-4.35337e-05
0.000206403
-2.31378e-05
0.00021337
-7.13474e-05
4.53979e-12
0.000225624
-0.000185338
3.48047e-12
0.000215427
-0.000413405
-7.52203e-12
0.000336788
-0.000298217
-1.03252e-11
-0.000881452
-1.11449e-11
-1.00779e-11
-0.00318615
0.000298217
-1.0223e-11
-0.00318615
0.000413405
-6.20144e-12
-0.000881453
0.000185338
-1.05231e-11
0.000336788
7.13474e-05
2.29302e-12
0.000215427
2.37922e-12
0.000225624
-7.13474e-05
2.31378e-05
0.000225624
-0.000185338
4.35337e-05
0.000215427
-0.000413405
7.3956e-05
0.000336789
-0.000298218
0.000212719
-0.000881452
-1.12747e-11
0.000298217
-0.00318615
0.000298217
0.000298217
-0.00318615
0.000413405
0.00021272
-0.000881453
0.000185338
7.3956e-05
0.000336788
7.13474e-05
4.35337e-05
0.000215427
2.31378e-05
0.000225624
-4.41193e-05
3.01104e-05
0.00021337
-9.17089e-05
4.69514e-05
0.000206403
-0.000180784
8.17312e-05
0.000232851
-0.00021272
0.000180784
0.000131062
-5.01522e-12
0.000413405
-0.000881453
0.00021272
0.000413405
-0.000881453
0.000180784
0.000180784
0.000131062
9.17089e-05
8.17312e-05
0.000232851
4.41193e-05
4.69514e-05
0.000206403
3.01104e-05
0.00021337
-2.78048e-05
2.40245e-05
0.000218729
-5.21973e-05
3.40491e-05
0.000212252
-8.17311e-05
5.21973e-05
0.000245389
-7.3956e-05
9.17088e-05
0.000232851
-1.30858e-11
0.000185338
0.000336788
7.3956e-05
0.000185338
0.000336788
8.17312e-05
9.17089e-05
0.000232851
5.21973e-05
5.21973e-05
0.000245389
2.78048e-05
3.40491e-05
0.000212252
2.40246e-05
0.000218729
-1.87048e-05
1.38522e-05
0.000212625
-3.40491e-05
1.87048e-05
0.000209507
-4.69514e-05
2.78048e-05
0.000212252
-4.35337e-05
4.41193e-05
0.000206403
-5.1769e-12
7.13474e-05
0.000215427
4.35337e-05
7.13474e-05
0.000215427
4.69513e-05
4.41193e-05
0.000206403
3.40491e-05
2.78048e-05
0.000212252
1.87048e-05
1.87048e-05
0.000209507
1.38522e-05
0.000212625
-1.38522e-05
0.000214944
-2.40245e-05
0.000212625
-3.01104e-05
0.000218729
-2.31378e-05
0.00021337
-5.51585e-12
0.000225624
2.31378e-05
0.000225624
3.01104e-05
0.00021337
2.40245e-05
0.000218729
1.38522e-05
0.000212625
0.000214944
-1.3803e-05
-1.3803e-05
0.00024255
-2.36399e-05
-1.89811e-05
0.000241443
-2.97508e-05
-2.66341e-05
0.000251474
-2.16215e-05
-4.39721e-05
0.000249212
-6.88536e-12
-6.60027e-05
0.000270005
2.16215e-05
-6.60027e-05
0.000270005
2.97508e-05
-4.39721e-05
0.000249212
2.36399e-05
-2.66341e-05
0.000251474
1.3803e-05
-1.89811e-05
0.000241443
-1.3803e-05
0.00024255
-1.89811e-05
-2.36399e-05
0.000241443
-3.42576e-05
-3.42576e-05
0.00024006
-4.81513e-05
-4.89793e-05
0.00024849
-4.4298e-05
-8.90861e-05
0.000247664
-6.2544e-12
-0.000178801
0.000283927
4.4298e-05
-0.000178801
0.000283927
4.81513e-05
-8.90861e-05
0.000247664
3.42576e-05
-4.89793e-05
0.00024849
1.89811e-05
-3.42576e-05
0.00024006
-2.36399e-05
0.000241443
-2.66341e-05
-2.97508e-05
0.000251474
-4.89793e-05
-4.81513e-05
0.00024849
-7.45028e-05
-7.45029e-05
0.000296436
-5.87631e-05
-0.000178279
0.000306305
-1.00327e-11
-0.000315373
0.000414598
5.87631e-05
-0.000315373
0.000414598
7.45029e-05
-0.000178279
0.000306305
4.89793e-05
-7.45029e-05
0.000296436
2.66341e-05
-4.81513e-05
0.00024849
-2.97508e-05
0.000251474
-4.39721e-05
-2.16215e-05
0.000249212
-8.90861e-05
-4.4298e-05
0.000247664
-0.000178279
-5.87631e-05
0.000306305
-0.000172407
-0.000172407
0.000119316
-1.025e-11
-0.000149192
-0.00122004
0.000172407
-0.000149192
-0.00122004
0.000178279
-0.000172407
0.000119316
8.90861e-05
-5.87631e-05
0.000306305
4.39721e-05
-4.4298e-05
0.000247664
-2.16215e-05
0.000249212
-6.60027e-05
-2.10341e-12
0.000270005
-0.000178801
4.78651e-13
0.000283927
-0.000315373
-7.85305e-12
0.000414598
-0.000149192
-1.01243e-11
-0.00122004
-6.64564e-12
-1.18115e-11
-0.00348453
0.000149191
-1.0935e-11
-0.00348453
0.000315373
-5.95641e-12
-0.00122004
0.000178801
-4.89754e-12
0.000414597
6.60027e-05
1.34808e-12
0.000283927
-2.78526e-12
0.000270005
-6.60027e-05
2.16215e-05
0.000270005
-0.000178801
4.4298e-05
0.000283927
-0.000315373
5.87631e-05
0.000414598
-0.000149192
0.000172407
-0.00122004
-5.61253e-12
0.000149191
-0.00348453
0.000149191
0.000149191
-0.00348453
0.000315373
0.000172407
-0.00122004
0.000178801
5.87631e-05
0.000414597
6.60027e-05
4.4298e-05
0.000283927
2.16215e-05
0.000270005
-4.39721e-05
2.97508e-05
0.000249212
-8.90861e-05
4.81513e-05
0.000247664
-0.000178279
7.45029e-05
0.000306305
-0.000172407
0.000178279
0.000119316
-4.42526e-12
0.000315373
-0.00122004
0.000172407
0.000315373
-0.00122004
0.000178279
0.000178279
0.000119316
8.90861e-05
7.45029e-05
0.000306305
4.39721e-05
4.81513e-05
0.000247664
2.97508e-05
0.000249212
-2.66341e-05
2.36399e-05
0.000251474
-4.89793e-05
3.42576e-05
0.000248491
-7.45028e-05
4.89793e-05
0.000296436
-5.87631e-05
8.90861e-05
0.000306305
-7.40616e-12
0.000178801
0.000414598
5.87631e-05
0.000178801
0.000414597
7.45028e-05
8.90861e-05
0.000306305
4.89793e-05
4.89793e-05
0.000296436
2.66341e-05
3.42576e-05
0.000248491
2.36398e-05
0.000251474
-1.89811e-05
1.3803e-05
0.000241443
-3.42576e-05
1.89811e-05
0.00024006
-4.81513e-05
2.66341e-05
0.00024849
-4.4298e-05
4.39721e-05
0.000247664
-3.5176e-12
6.60027e-05
0.000283927
4.4298e-05
6.60027e-05
0.000283927
4.81513e-05
4.39721e-05
0.000247664
3.42576e-05
2.66341e-05
0.00024849
1.89811e-05
1.89811e-05
0.00024006
1.3803e-05
0.000241443
-1.3803e-05
0.00024255
-2.36399e-05
0.000241443
-2.97508e-05
0.000251474
-2.16215e-05
0.000249212
-6.08489e-12
0.000270005
2.16215e-05
0.000270005
2.97508e-05
0.000249212
2.36398e-05
0.000251474
1.3803e-05
0.000241443
0.00024255
-1.33311e-05
-1.33311e-05
0.000269213
-2.24983e-05
-1.86115e-05
0.000269222
-2.79973e-05
-2.36791e-05
0.000280652
-1.87784e-05
-4.03019e-05
0.000280295
-2.2581e-12
-4.9555e-05
0.000300782
1.87784e-05
-4.9555e-05
0.000300782
2.79973e-05
-4.03019e-05
0.000280295
2.24983e-05
-2.36791e-05
0.000280652
1.33311e-05
-1.86115e-05
0.000269222
-1.33311e-05
0.000269213
-1.86115e-05
-2.24983e-05
0.000269222
-3.31208e-05
-3.31208e-05
0.000269078
-4.62021e-05
-4.1686e-05
0.000279579
-4.01145e-05
-7.58265e-05
0.000277101
-5.14659e-12
-0.000121938
0.000316196
4.01145e-05
-0.000121938
0.000316196
4.62021e-05
-7.58266e-05
0.000277101
3.31208e-05
-4.1686e-05
0.000279579
1.86115e-05
-3.31208e-05
0.000269078
-2.24983e-05
0.000269222
-2.36791e-05
-2.79973e-05
0.000280652
-4.1686e-05
-4.62021e-05
0.000279579
-5.59433e-05
-5.59433e-05
0.00032495
-3.00242e-05
-0.000131657
0.000336216
-9.3219e-12
-0.000146143
0.000408778
3.00242e-05
-0.000146143
0.000408778
5.59433e-05
-0.000131657
0.000336216
4.1686e-05
-5.59433e-05
0.00032495
2.36791e-05
-4.62021e-05
0.000279579
-2.79973e-05
0.000280652
-4.03019e-05
-1.87784e-05
0.000280295
-7.58265e-05
-4.01145e-05
0.000277101
-0.000131657
-3.00242e-05
0.000336216
-8.1548e-05
-8.1548e-05
1.90985e-05
1.23685e-11
-3.12266e-05
-0.00141651
8.1548e-05
-3.12266e-05
-0.00141651
0.000131657
-8.15482e-05
1.90986e-05
7.58265e-05
-3.00242e-05
0.000336216
4.03019e-05
-4.01145e-05
0.000277101
-1.87784e-05
0.000280295
-4.9555e-05
6.76135e-12
0.000300782
-0.000121938
7.32831e-12
0.000316196
-0.000146143
-2.50262e-12
0.000408778
-3.12266e-05
2.81992e-11
-0.00141651
-2.58483e-12
-9.91093e-12
-0.00354699
3.12266e-05
-9.50562e-12
-0.00354699
0.000146143
3.22655e-11
-0.00141651
0.000121938
-6.96715e-12
0.000408778
4.9555e-05
5.72558e-12
0.000316196
3.52301e-12
0.000300782
-4.9555e-05
1.87784e-05
0.000300782
-0.000121938
4.01145e-05
0.000316196
-0.000146143
3.00242e-05
0.000408778
-3.12266e-05
8.1548e-05
-0.00141651
-2.1859e-12
3.12266e-05
-0.00354699
3.12266e-05
3.12266e-05
-0.00354699
0.000146143
8.15482e-05
-0.00141651
0.000121938
3.00243e-05
0.000408778
4.9555e-05
4.01145e-05
0.000316196
1.87784e-05
0.000300782
-4.0302e-05
2.79973e-05
0.000280295
-7.58266e-05
4.62021e-05
0.000277101
-0.000131657
5.59434e-05
0.000336216
-8.15483e-05
0.000131657
1.90985e-05
1.63452e-11
0.000146143
-0.00141651
8.15483e-05
0.000146143
-0.00141651
0.000131657
0.000131657
1.90987e-05
7.58266e-05
5.59434e-05
0.000336216
4.0302e-05
4.62021e-05
0.000277101
2.79973e-05
0.000280295
-2.36791e-05
2.24984e-05
0.000280652
-4.1686e-05
3.31208e-05
0.000279579
-5.59433e-05
4.16861e-05
0.00032495
-3.00243e-05
7.58266e-05
0.000336216
-1.62715e-11
0.000121938
0.000408778
3.00243e-05
0.000121938
0.000408778
5.59433e-05
7.58266e-05
0.000336216
4.1686e-05
4.1686e-05
0.00032495
2.36791e-05
3.31208e-05
0.000279579
2.24984e-05
0.000280652
-1.86115e-05
1.33311e-05
0.000269222
-3.31208e-05
1.86115e-05
0.000269078
-4.62021e-05
2.36791e-05
0.000279579
-4.01145e-05
4.03019e-05
0.000277101
-5.01929e-12
4.9555e-05
0.000316196
4.01145e-05
4.9555e-05
0.000316196
4.62021e-05
4.03019e-05
0.000277101
3.31208e-05
2.36791e-05
0.000279579
1.86115e-05
1.86115e-05
0.000269078
1.33311e-05
0.000269222
-1.33311e-05
0.000269213
-2.24983e-05
0.000269222
-2.79973e-05
0.000280652
-1.87784e-05
0.000280295
-6.84073e-12
0.000300782
1.87784e-05
0.000300782
2.79973e-05
0.000280295
2.24983e-05
0.000280652
1.33311e-05
0.000269222
0.000269213
-1.25511e-05
-1.25511e-05
0.000294315
-2.09619e-05
-1.79418e-05
0.000295575
-2.56803e-05
-2.03128e-05
0.000305683
-1.59096e-05
-3.6519e-05
0.000307044
-8.34346e-12
-3.21826e-05
0.000317054
1.59096e-05
-3.21826e-05
0.000317054
2.56803e-05
-3.6519e-05
0.000307044
2.09619e-05
-2.03128e-05
0.000305683
1.2551e-05
-1.79418e-05
0.000295575
-1.25511e-05
0.000294315
-1.79418e-05
-2.0962e-05
0.000295575
-3.17633e-05
-3.17633e-05
0.000296721
-4.38477e-05
-3.43893e-05
0.000305739
-3.53301e-05
-6.75768e-05
0.000299641
-3.83509e-13
-6.44803e-05
0.000313163
3.53301e-05
-6.44803e-05
0.000313163
4.38477e-05
-6.75768e-05
0.000299641
3.17633e-05
-3.43893e-05
0.000305739
1.79418e-05
-3.17633e-05
0.000296721
-2.0962e-05
0.000295575
-2.03128e-05
-2.56803e-05
0.000305683
-3.43893e-05
-4.38477e-05
0.000305739
-3.68194e-05
-3.68194e-05
0.00032981
-3.22249e-06
-9.24837e-05
0.000327526
-8.05321e-12
3.34425e-05
0.000307633
3.22251e-06
3.34425e-05
0.000307633
3.68194e-05
-9.24836e-05
0.000327526
3.43893e-05
-3.68194e-05
0.00032981
2.03128e-05
-4.38477e-05
0.000305739
-2.56803e-05
0.000305683
-3.6519e-05
-1.59096e-05
0.000307044
-6.75768e-05
-3.53301e-05
0.000299641
-9.24836e-05
-3.22251e-06
0.000327526
-3.30556e-05
-3.30557e-05
-9.97571e-05
4.28816e-11
0.000108411
-0.00152453
3.30557e-05
0.000108411
-0.00152453
9.24836e-05
-3.30556e-05
-9.97571e-05
6.75767e-05
-3.22247e-06
0.000327526
3.6519e-05
-3.53301e-05
0.000299641
-1.59096e-05
0.000307044
-3.21826e-05
-4.29801e-13
0.000317054
-6.44803e-05
9.57728e-12
0.000313163
3.34426e-05
1.12186e-11
0.000307633
0.000108411
1.20768e-10
-0.00152453
-1.20033e-12
-1.11013e-11
-0.00333017
-0.000108411
-1.10731e-11
-0.00333017
-3.34426e-05
1.19925e-10
-0.00152453
6.44803e-05
1.39487e-11
0.000307633
3.21826e-05
7.31945e-12
0.000313163
-1.35223e-12
0.000317054
-3.21826e-05
1.59096e-05
0.000317054
-6.44803e-05
3.53301e-05
0.000313163
3.34425e-05
3.22253e-06
0.000307633
0.000108411
3.30557e-05
-0.00152453
-8.37922e-13
-0.000108411
-0.00333017
-0.000108411
-0.000108411
-0.00333017
-3.34425e-05
3.30556e-05
-0.00152453
6.44803e-05
3.22249e-06
0.000307633
3.21826e-05
3.53301e-05
0.000313163
1.59096e-05
0.000317054
-3.6519e-05
2.56803e-05
0.000307044
-6.75768e-05
4.38477e-05
0.000299641
-9.24836e-05
3.68194e-05
0.000327526
-3.30556e-05
9.24837e-05
-9.97571e-05
4.26946e-11
-3.34426e-05
-0.00152453
3.30557e-05
-3.34426e-05
-0.00152453
9.24836e-05
9.24836e-05
-9.9757e-05
6.75767e-05
3.68194e-05
0.000327526
3.6519e-05
4.38477e-05
0.000299641
2.56803e-05
0.000307044
-2.03128e-05
2.09619e-05
0.000305683
-3.43893e-05
3.17633e-05
0.000305739
-3.68194e-05
3.43893e-05
0.00032981
-3.22247e-06
6.75768e-05
0.000327526
-4.89101e-12
6.44803e-05
0.000307633
3.22248e-06
6.44803e-05
0.000307633
3.68194e-05
6.75767e-05
0.000327526
3.43893e-05
3.43893e-05
0.00032981
2.03128e-05
3.17633e-05
0.000305739
2.09619e-05
0.000305683
-1.79418e-05
1.2551e-05
0.000295575
-3.17633e-05
1.79418e-05
0.000296721
-4.38477e-05
2.03128e-05
0.000305739
-3.53301e-05
3.6519e-05
0.000299641
-1.53604e-12
3.21826e-05
0.000313163
3.53301e-05
3.21826e-05
0.000313163
4.38477e-05
3.6519e-05
0.000299641
3.17633e-05
2.03128e-05
0.000305739
1.79418e-05
1.79418e-05
0.000296721
1.2551e-05
0.000295575
-1.25511e-05
0.000294315
-2.09619e-05
0.000295575
-2.56803e-05
0.000305683
-1.59096e-05
0.000307044
-7.02022e-12
0.000317055
1.59096e-05
0.000317054
2.56803e-05
0.000307044
2.09619e-05
0.000305683
1.2551e-05
0.000295575
0.000294315
-1.17273e-05
-1.17273e-05
-1.95988e-05
-1.7228e-05
-2.38375e-05
-1.81948e-05
-1.46232e-05
-3.56201e-05
-5.12936e-13
-2.52725e-05
1.46232e-05
-2.52725e-05
2.38375e-05
-3.56201e-05
1.95988e-05
-1.81948e-05
1.17273e-05
-1.7228e-05
-1.17273e-05
-1.7228e-05
-1.95988e-05
-3.11182e-05
-3.11182e-05
-4.37437e-05
-3.14369e-05
-3.52695e-05
-7.74154e-05
-9.04307e-12
-7.00956e-05
3.52695e-05
-7.00956e-05
4.37437e-05
-7.74153e-05
3.11182e-05
-3.14369e-05
1.7228e-05
-3.11182e-05
-1.95988e-05
-1.81948e-05
-2.38375e-05
-3.14369e-05
-4.37437e-05
-2.91328e-05
-2.91328e-05
8.24867e-06
-0.000118516
8.31259e-12
0.000144431
-8.24864e-06
0.000144431
2.91328e-05
-0.000118516
3.14369e-05
-2.91328e-05
1.81948e-05
-4.37437e-05
-2.38375e-05
-3.56201e-05
-1.46232e-05
-7.74154e-05
-3.52695e-05
-0.000118516
8.24866e-06
-8.09658e-05
-8.09658e-05
3.49041e-11
0.00025158
8.09659e-05
0.00025158
0.000118516
-8.09656e-05
7.74153e-05
8.24874e-06
3.56201e-05
-3.52695e-05
-1.46232e-05
-2.52725e-05
9.32462e-12
-7.00957e-05
1.11409e-11
0.000144431
3.7619e-11
0.00025158
1.28726e-10
2.03325e-13
-4.06638e-12
-0.00025158
-4.17253e-12
-0.000144431
1.2248e-10
7.00954e-05
3.64969e-11
2.52725e-05
1.24559e-11
4.59203e-12
-2.52725e-05
1.46232e-05
-7.00956e-05
3.52696e-05
0.000144431
-8.2486e-06
0.00025158
8.09659e-05
1.24552e-13
-0.00025158
-0.00025158
-0.00025158
-0.000144431
8.09656e-05
7.00953e-05
-8.24867e-06
2.52725e-05
3.52695e-05
1.46232e-05
-3.56201e-05
2.38375e-05
-7.74153e-05
4.37437e-05
-0.000118516
2.91328e-05
-8.09656e-05
0.000118516
2.93403e-11
-0.000144431
8.09656e-05
-0.000144431
0.000118516
0.000118516
7.74153e-05
2.91328e-05
3.56201e-05
4.37437e-05
2.38375e-05
-1.81948e-05
1.95988e-05
-3.14369e-05
3.11182e-05
-2.91328e-05
3.14369e-05
8.24872e-06
7.74153e-05
5.45199e-12
7.00955e-05
-8.2487e-06
7.00955e-05
2.91327e-05
7.74153e-05
3.14369e-05
3.14369e-05
1.81948e-05
3.11182e-05
1.95988e-05
-1.7228e-05
1.17273e-05
-3.11182e-05
1.72281e-05
-4.37437e-05
1.81948e-05
-3.52695e-05
3.56202e-05
-5.66775e-12
2.52725e-05
3.52695e-05
2.52725e-05
4.37436e-05
3.56201e-05
3.11182e-05
1.81948e-05
1.72281e-05
1.72281e-05
1.17273e-05
-1.17273e-05
-1.95988e-05
-2.38375e-05
-1.46232e-05
-7.48445e-12
1.46232e-05
2.38375e-05
1.95988e-05
1.17273e-05
)
;

boundaryField
{
    bottom
    {
        type            calculated;
        value           nonuniform List<scalar> 0();
    }
    atmosphere
    {
        type            calculated;
        value           nonuniform List<scalar> 0();
    }
    walls
    {
        type            calculated;
        value           uniform 0;
    }
    procBoundary0to1
    {
        type            processor;
        value           nonuniform List<scalar> 
100
(
0.000317769
0.000320674
0.000328117
0.000333449
0.000327704
0.000327704
0.000333449
0.000328117
0.000320674
0.000317769
0.000320674
0.000324502
0.000331607
0.000332962
0.000322716
0.000322716
0.000332962
0.000331607
0.000324502
0.000320674
0.000328117
0.000331607
0.000325202
0.000331245
0.000101355
0.000101355
0.000331245
0.000325202
0.000331607
0.000328117
0.000333449
0.000332962
0.000331245
-0.000174858
-0.00171264
-0.00171264
-0.000174858
0.000331245
0.000332962
0.000333449
0.000327704
0.000322717
0.000101355
-0.00171264
-0.00282701
-0.00282701
-0.00171264
0.000101355
0.000322716
0.000327704
0.000327704
0.000322716
0.000101355
-0.00171264
-0.00282701
-0.00282701
-0.00171264
0.000101355
0.000322716
0.000327704
0.000333449
0.000332962
0.000331245
-0.000174858
-0.00171264
-0.00171264
-0.000174858
0.000331245
0.000332962
0.000333449
0.000328117
0.000331607
0.000325202
0.000331245
0.000101355
0.000101355
0.000331245
0.000325202
0.000331607
0.000328117
0.000320674
0.000324502
0.000331607
0.000332962
0.000322717
0.000322717
0.000332962
0.000331607
0.000324502
0.000320674
0.000317769
0.000320674
0.000328117
0.000333449
0.000327704
0.000327704
0.000333449
0.000328117
0.000320674
0.000317769
)
;
    }
    procBoundary0to2
    {
        type            processor;
        value           nonuniform List<scalar> 
100
(
-7.51252e-05
-6.98009e-05
-5.95783e-05
-4.78188e-05
-3.45817e-05
-3.45817e-05
-4.78188e-05
-5.95783e-05
-6.98009e-05
-7.51252e-05
-6.98009e-05
-6.28008e-05
-4.83651e-05
-3.18598e-05
-9.31617e-06
-9.31617e-06
-3.18598e-05
-4.83651e-05
-6.28008e-05
-6.98009e-05
-5.95783e-05
-4.83651e-05
-2.52067e-05
4.98158e-06
4.88764e-05
4.88764e-05
4.98158e-06
-2.52067e-05
-4.83651e-05
-5.95783e-05
-4.78188e-05
-3.18598e-05
4.98156e-06
5.26307e-05
0.000141448
0.000141448
5.26307e-05
4.98156e-06
-3.18598e-05
-4.78188e-05
-3.45817e-05
-9.31614e-06
4.88765e-05
0.000141448
0.000322544
0.000322544
0.000141448
4.88764e-05
-9.31614e-06
-3.45817e-05
-3.45817e-05
-9.31617e-06
4.88764e-05
0.000141448
0.000322543
0.000322543
0.000141448
4.88764e-05
-9.31617e-06
-3.45817e-05
-4.78188e-05
-3.18598e-05
4.98159e-06
5.26308e-05
0.000141448
0.000141448
5.26308e-05
4.98159e-06
-3.18598e-05
-4.78188e-05
-5.95783e-05
-4.83651e-05
-2.52068e-05
4.98155e-06
4.88764e-05
4.88764e-05
4.98155e-06
-2.52068e-05
-4.83651e-05
-5.95783e-05
-6.98009e-05
-6.28008e-05
-4.83651e-05
-3.18598e-05
-9.31615e-06
-9.31615e-06
-3.18598e-05
-4.83651e-05
-6.28008e-05
-6.98009e-05
-7.51252e-05
-6.98009e-05
-5.95783e-05
-4.78188e-05
-3.45817e-05
-3.45817e-05
-4.78188e-05
-5.95783e-05
-6.98009e-05
-7.51252e-05
)
;
    }
}


// ************************************************************************* //
