/*--------------------------------*- C++ -*----------------------------------*\
| =========                 |                                                 |
| \\      /  F ield         | OpenFOAM: The Open Source CFD Toolbox           |
|  \\    /   O peration     | Version:  2412                                  |
|   \\  /    A nd           | Website:  www.openfoam.com                      |
|    \\/     M anipulation  |                                                 |
\*---------------------------------------------------------------------------*/
FoamFile
{
    version     2.0;
    format      ascii;
    arch        "LSB;label=32;scalar=64";
    class       volScalarField;
    location    "0.03";
    object      p_rgh;
}
// * * * * * * * * * * * * * * * * * * * * * * * * * * * * * * * * * * * * * //

dimensions      [1 -1 -2 0 0 0 0];

internalField   nonuniform List<scalar> 
1000
(
10.2029
10.2052
10.2094
10.2136
10.2176
10.2176
10.2136
10.2094
10.2052
10.2029
10.2052
10.2078
10.2129
10.2179
10.223
10.223
10.2179
10.2129
10.2078
10.2052
10.2094
10.2129
10.2201
10.2271
10.2355
10.2355
10.2271
10.2201
10.2129
10.2094
10.2136
10.2179
10.2271
10.2359
10.2475
10.2475
10.2359
10.2271
10.2179
10.2136
10.2176
10.223
10.2355
10.2475
10.2662
10.2662
10.2475
10.2355
10.223
10.2176
10.2176
10.223
10.2355
10.2475
10.2662
10.2662
10.2475
10.2355
10.223
10.2176
10.2137
10.2179
10.2271
10.2359
10.2475
10.2475
10.2359
10.2271
10.2179
10.2137
10.2094
10.2129
10.2201
10.2271
10.2355
10.2355
10.2271
10.2201
10.2129
10.2094
10.2052
10.2078
10.2129
10.2179
10.223
10.223
10.2179
10.2129
10.2078
10.2052
10.203
10.2052
10.2094
10.2137
10.2176
10.2176
10.2137
10.2094
10.2052
10.203
10.1976
10.2003
10.2054
10.2105
10.2156
10.2156
10.2105
10.2054
10.2003
10.1976
10.2003
10.2034
10.2097
10.2158
10.2225
10.2226
10.2158
10.2097
10.2034
10.2003
10.2054
10.2097
10.2188
10.2278
10.2397
10.2397
10.2278
10.2188
10.2097
10.2054
10.2105
10.2159
10.2278
10.2394
10.2562
10.2562
10.2394
10.2278
10.2159
10.2105
10.2156
10.2226
10.2397
10.2562
10.2855
10.2855
10.2562
10.2397
10.2226
10.2156
10.2156
10.2226
10.2397
10.2562
10.2855
10.2855
10.2562
10.2397
10.2226
10.2156
10.2105
10.2159
10.2278
10.2395
10.2562
10.2562
10.2395
10.2279
10.2159
10.2105
10.2054
10.2097
10.2189
10.2279
10.2397
10.2397
10.2279
10.2189
10.2097
10.2054
10.2003
10.2035
10.2097
10.2159
10.2226
10.2226
10.2159
10.2097
10.2035
10.2003
10.1976
10.2003
10.2054
10.2105
10.2156
10.2156
10.2105
10.2054
10.2003
10.1976
10.1909
10.1941
10.2001
10.2063
10.2127
10.2127
10.2063
10.2001
10.1941
10.1909
10.1941
10.1979
10.2054
10.2129
10.2216
10.2216
10.2129
10.2054
10.1979
10.1941
10.2001
10.2054
10.2168
10.2283
10.2447
10.2447
10.2283
10.2168
10.2054
10.2001
10.2063
10.2129
10.2283
10.2435
10.2677
10.2677
10.2435
10.2283
10.2129
10.2063
10.2127
10.2216
10.2448
10.2677
10.3142
10.3142
10.2677
10.2448
10.2216
10.2127
10.2127
10.2216
10.2448
10.2677
10.3142
10.3142
10.2677
10.2448
10.2217
10.2127
10.2063
10.2129
10.2283
10.2435
10.2677
10.2677
10.2435
10.2283
10.2129
10.2063
10.2001
10.2054
10.2169
10.2283
10.2448
10.2448
10.2283
10.2169
10.2054
10.2001
10.1941
10.1979
10.2054
10.2129
10.2217
10.2217
10.2129
10.2054
10.1979
10.1941
10.191
10.1941
10.2001
10.2063
10.2127
10.2127
10.2063
10.2001
10.1941
10.191
10.1828
10.1864
10.1933
10.2006
10.2084
10.2084
10.2006
10.1933
10.1864
10.1828
10.1864
10.1908
10.1997
10.2088
10.2199
10.2199
10.2088
10.1997
10.1908
10.1864
10.1933
10.1997
10.2137
10.2282
10.2507
10.2507
10.2282
10.2137
10.1997
10.1933
10.2006
10.2088
10.2282
10.2478
10.2827
10.2827
10.2478
10.2282
10.2088
10.2006
10.2085
10.2199
10.2507
10.2827
10.3573
10.3573
10.2827
10.2507
10.2199
10.2085
10.2085
10.22
10.2507
10.2827
10.3573
10.3573
10.2827
10.2507
10.22
10.2085
10.2006
10.2088
10.2282
10.2478
10.2827
10.2827
10.2478
10.2282
10.2088
10.2006
10.1934
10.1997
10.2137
10.2282
10.2507
10.2507
10.2282
10.2137
10.1997
10.1934
10.1864
10.1908
10.1997
10.2088
10.22
10.22
10.2088
10.1997
10.1908
10.1864
10.1828
10.1864
10.1934
10.2006
10.2085
10.2085
10.2006
10.1934
10.1864
10.1828
10.1728
10.1769
10.1846
10.1931
10.2024
10.2024
10.1931
10.1846
10.1769
10.1728
10.1769
10.182
10.1921
10.2029
10.2169
10.2169
10.2029
10.1921
10.182
10.1769
10.1846
10.1921
10.2086
10.2266
10.2568
10.2568
10.2266
10.2086
10.1921
10.1846
10.1931
10.2029
10.2266
10.2519
10.3015
10.3015
10.2519
10.2266
10.2029
10.1931
10.2024
10.217
10.2568
10.3015
10.4224
10.4224
10.3016
10.2568
10.217
10.2024
10.2024
10.217
10.2568
10.3016
10.4224
10.4224
10.3016
10.2568
10.217
10.2024
10.1931
10.203
10.2266
10.2519
10.3016
10.3016
10.2519
10.2266
10.203
10.1931
10.1847
10.1921
10.2087
10.2266
10.2568
10.2568
10.2266
10.2087
10.1921
10.1847
10.1769
10.182
10.1921
10.203
10.217
10.217
10.203
10.1921
10.182
10.1769
10.1728
10.1769
10.1847
10.1931
10.2024
10.2024
10.1931
10.1847
10.1769
10.1728
10.1608
10.1654
10.1736
10.1832
10.1939
10.1939
10.1832
10.1737
10.1654
10.1608
10.1654
10.1711
10.1823
10.1949
10.2121
10.2121
10.1949
10.1823
10.1711
10.1654
10.1737
10.1823
10.2009
10.2228
10.2623
10.2623
10.2228
10.2009
10.1823
10.1737
10.1832
10.1949
10.2228
10.2548
10.3248
10.3248
10.2548
10.2228
10.1949
10.1832
10.1939
10.2121
10.2623
10.3248
10.5219
10.5219
10.3248
10.2623
10.2121
10.1939
10.1939
10.2121
10.2623
10.3248
10.5219
10.5219
10.3248
10.2623
10.2121
10.1939
10.1832
10.195
10.2228
10.2548
10.3248
10.3248
10.2548
10.2228
10.195
10.1833
10.1737
10.1823
10.2009
10.2228
10.2623
10.2623
10.2228
10.2009
10.1823
10.1737
10.1654
10.1711
10.1823
10.195
10.2122
10.2122
10.195
10.1823
10.1711
10.1654
10.1608
10.1654
10.1737
10.1833
10.1939
10.1939
10.1833
10.1737
10.1654
10.1608
10.1467
10.1516
10.1599
10.1705
10.1818
10.1818
10.1705
10.1599
10.1516
10.1467
10.1516
10.1578
10.1696
10.1841
10.2043
10.2043
10.1841
10.1696
10.1578
10.1516
10.1599
10.1696
10.1887
10.2148
10.2626
10.2626
10.2148
10.1887
10.1696
10.1599
10.1705
10.1841
10.2148
10.2542
10.3493
10.3493
10.2542
10.2148
10.1841
10.1705
10.1819
10.2043
10.2626
10.3493
10.6798
10.6798
10.3493
10.2626
10.2043
10.1819
10.1819
10.2043
10.2626
10.3493
10.6798
10.6798
10.3493
10.2626
10.2043
10.1819
10.1705
10.1841
10.2148
10.2542
10.3493
10.3493
10.2542
10.2148
10.1841
10.1705
10.1599
10.1697
10.1887
10.2148
10.2626
10.2626
10.2148
10.1887
10.1697
10.1599
10.1516
10.1578
10.1697
10.1841
10.2043
10.2043
10.1841
10.1697
10.1578
10.1516
10.1467
10.1516
10.1599
10.1705
10.1819
10.1819
10.1705
10.1599
10.1516
10.1467
10.1302
10.1353
10.1431
10.1546
10.1656
10.1656
10.1546
10.1431
10.1354
10.1302
10.1353
10.1421
10.1539
10.17
10.193
10.193
10.17
10.1539
10.1421
10.1354
10.1431
10.1539
10.1712
10.2016
10.2522
10.2522
10.2016
10.1712
10.1539
10.1431
10.1546
10.17
10.2016
10.2479
10.3707
10.3707
10.2479
10.2016
10.17
10.1546
10.1656
10.193
10.2522
10.3707
11.1635
11.1635
10.3707
10.2522
10.193
10.1657
10.1657
10.193
10.2522
10.3707
11.1635
11.1635
10.3707
10.2522
10.193
10.1657
10.1546
10.17
10.2016
10.2479
10.3707
10.3707
10.2479
10.2016
10.17
10.1546
10.1431
10.1539
10.1712
10.2016
10.2522
10.2522
10.2016
10.1712
10.1539
10.1431
10.1354
10.1421
10.1539
10.17
10.193
10.193
10.17
10.1539
10.1421
10.1354
10.1302
10.1354
10.1431
10.1546
10.1657
10.1657
10.1546
10.1431
10.1354
10.1302
10.1113
10.1166
10.1229
10.135
10.1434
10.1434
10.135
10.1229
10.1166
10.1113
10.1166
10.1237
10.1346
10.1518
10.1761
10.1761
10.1518
10.1346
10.1237
10.1166
10.1229
10.1346
10.145
10.1795
10.2175
10.2175
10.1795
10.145
10.1346
10.1229
10.135
10.1518
10.1795
10.2316
10.4536
10.4536
10.2316
10.1795
10.1518
10.135
10.1434
10.1761
10.2175
10.4536
15.9009
15.9009
10.4536
10.2175
10.1761
10.1434
10.1434
10.1761
10.2175
10.4536
15.9009
15.9009
10.4536
10.2175
10.1761
10.1434
10.135
10.1518
10.1795
10.2316
10.4536
10.4536
10.2316
10.1795
10.1518
10.135
10.1229
10.1346
10.145
10.1795
10.2176
10.2176
10.1795
10.145
10.1346
10.1229
10.1166
10.1237
10.1346
10.1518
10.1762
10.1762
10.1518
10.1346
10.1237
10.1166
10.1113
10.1166
10.1229
10.135
10.1434
10.1434
10.135
10.1229
10.1166
10.1113
10.0903
10.0956
10.0998
10.1123
10.116
10.116
10.1123
10.0998
10.0956
10.0903
10.0956
10.1028
10.1125
10.1299
10.1537
10.1537
10.1299
10.1125
10.1028
10.0956
10.0998
10.1125
10.1114
10.1486
10.1472
10.1472
10.1486
10.1115
10.1125
10.0998
10.1123
10.1299
10.1486
10.1941
11.1311
11.1311
10.1941
10.1486
10.1299
10.1123
10.116
10.1537
10.1472
11.1311
58.5873
58.5873
11.1311
10.1472
10.1537
10.116
10.116
10.1537
10.1472
11.1311
58.5873
58.5873
11.1311
10.1473
10.1537
10.116
10.1123
10.1299
10.1486
10.1941
11.1312
11.1312
10.1941
10.1486
10.1299
10.1123
10.0998
10.1126
10.1115
10.1486
10.1473
10.1473
10.1486
10.1115
10.1126
10.0998
10.0956
10.1028
10.1126
10.1299
10.1537
10.1537
10.1299
10.1126
10.1028
10.0956
10.0903
10.0956
10.0998
10.1123
10.116
10.116
10.1123
10.0998
10.0956
10.0903
)
;

boundaryField
{
    bottom
    {
        type            fixedFluxPressure;
        gradient        nonuniform List<scalar> 0();
        value           nonuniform List<scalar> 0();
    }
    atmosphere
    {
        type            prghTotalPressure;
        p0              nonuniform List<scalar> 0();
        value           nonuniform List<scalar> 0();
    }
    walls
    {
        type            fixedFluxPressure;
        gradient        uniform 0;
        value           nonuniform List<scalar> 
400
(
10.2029
10.2052
10.2094
10.2136
10.2176
10.2176
10.2137
10.2094
10.2052
10.203
10.1976
10.2003
10.2054
10.2105
10.2156
10.2156
10.2105
10.2054
10.2003
10.1976
10.1909
10.1941
10.2001
10.2063
10.2127
10.2127
10.2063
10.2001
10.1941
10.191
10.1828
10.1864
10.1933
10.2006
10.2085
10.2085
10.2006
10.1934
10.1864
10.1828
10.1728
10.1769
10.1846
10.1931
10.2024
10.2024
10.1931
10.1847
10.1769
10.1728
10.1608
10.1654
10.1737
10.1832
10.1939
10.1939
10.1832
10.1737
10.1654
10.1608
10.1467
10.1516
10.1599
10.1705
10.1819
10.1819
10.1705
10.1599
10.1516
10.1467
10.1302
10.1353
10.1431
10.1546
10.1656
10.1657
10.1546
10.1431
10.1354
10.1302
10.1113
10.1166
10.1229
10.135
10.1434
10.1434
10.135
10.1229
10.1166
10.1113
10.0903
10.0956
10.0998
10.1123
10.116
10.116
10.1123
10.0998
10.0956
10.0903
10.2029
10.2052
10.2094
10.2136
10.2176
10.2176
10.2137
10.2094
10.2052
10.203
10.1976
10.2003
10.2054
10.2105
10.2156
10.2156
10.2105
10.2054
10.2003
10.1976
10.1909
10.1941
10.2001
10.2063
10.2127
10.2127
10.2063
10.2001
10.1941
10.191
10.1828
10.1864
10.1933
10.2006
10.2085
10.2085
10.2006
10.1934
10.1864
10.1828
10.1728
10.1769
10.1846
10.1931
10.2024
10.2024
10.1931
10.1847
10.1769
10.1728
10.1608
10.1654
10.1737
10.1832
10.1939
10.1939
10.1833
10.1737
10.1654
10.1608
10.1467
10.1516
10.1599
10.1705
10.1819
10.1819
10.1705
10.1599
10.1516
10.1467
10.1302
10.1354
10.1431
10.1546
10.1657
10.1657
10.1546
10.1431
10.1354
10.1302
10.1113
10.1166
10.1229
10.135
10.1434
10.1434
10.135
10.1229
10.1166
10.1113
10.0903
10.0956
10.0998
10.1123
10.116
10.116
10.1123
10.0998
10.0956
10.0903
10.2029
10.1976
10.1909
10.1828
10.1728
10.1608
10.1467
10.1302
10.1113
10.0903
10.2052
10.2003
10.1941
10.1864
10.1769
10.1654
10.1516
10.1353
10.1166
10.0956
10.2094
10.2054
10.2001
10.1933
10.1846
10.1736
10.1599
10.1431
10.1229
10.0998
10.2136
10.2105
10.2063
10.2006
10.1931
10.1832
10.1705
10.1546
10.135
10.1123
10.2176
10.2156
10.2127
10.2084
10.2024
10.1939
10.1818
10.1656
10.1434
10.116
10.2176
10.2156
10.2127
10.2084
10.2024
10.1939
10.1818
10.1656
10.1434
10.116
10.2136
10.2105
10.2063
10.2006
10.1931
10.1832
10.1705
10.1546
10.135
10.1123
10.2094
10.2054
10.2001
10.1933
10.1846
10.1737
10.1599
10.1431
10.1229
10.0998
10.2052
10.2003
10.1941
10.1864
10.1769
10.1654
10.1516
10.1354
10.1166
10.0956
10.2029
10.1976
10.1909
10.1828
10.1728
10.1608
10.1467
10.1302
10.1113
10.0903
10.203
10.1976
10.191
10.1828
10.1728
10.1608
10.1467
10.1302
10.1113
10.0903
10.2052
10.2003
10.1941
10.1864
10.1769
10.1654
10.1516
10.1354
10.1166
10.0956
10.2094
10.2054
10.2001
10.1934
10.1847
10.1737
10.1599
10.1431
10.1229
10.0998
10.2137
10.2105
10.2063
10.2006
10.1931
10.1833
10.1705
10.1546
10.135
10.1123
10.2176
10.2156
10.2127
10.2085
10.2024
10.1939
10.1819
10.1657
10.1434
10.116
10.2176
10.2156
10.2127
10.2085
10.2024
10.1939
10.1819
10.1657
10.1434
10.116
10.2137
10.2105
10.2063
10.2006
10.1931
10.1833
10.1705
10.1546
10.135
10.1123
10.2094
10.2054
10.2001
10.1934
10.1847
10.1737
10.1599
10.1431
10.1229
10.0998
10.2052
10.2003
10.1941
10.1864
10.1769
10.1654
10.1516
10.1354
10.1166
10.0956
10.203
10.1976
10.191
10.1828
10.1728
10.1608
10.1467
10.1302
10.1113
10.0903
)
;
    }
    procBoundary0to1
    {
        type            processor;
        value           nonuniform List<scalar> 
100
(
10.0671
10.0723
10.0736
10.0865
10.0826
10.0826
10.0865
10.0736
10.0723
10.0671
10.0723
10.0794
10.0877
10.105
10.1298
10.1298
10.105
10.0877
10.0794
10.0723
10.0736
10.0877
10.0691
10.1159
10.0244
10.0244
10.1159
10.0691
10.0877
10.0736
10.0865
10.105
10.1159
10.1775
11.6356
11.6356
10.1775
10.1159
10.105
10.0865
10.0826
10.1298
10.0244
11.6357
303.15
303.15
11.6356
10.0244
10.1298
10.0826
10.0826
10.1298
10.0244
11.6357
303.15
303.15
11.6356
10.0244
10.1298
10.0826
10.0865
10.105
10.116
10.1776
11.6356
11.6356
10.1776
10.116
10.105
10.0865
10.0736
10.0877
10.0691
10.116
10.0244
10.0244
10.116
10.0691
10.0877
10.0736
10.0724
10.0794
10.0877
10.105
10.1298
10.1298
10.105
10.0877
10.0794
10.0724
10.0672
10.0724
10.0736
10.0865
10.0826
10.0826
10.0865
10.0736
10.0724
10.0672
)
;
    }
    procBoundary0to2
    {
        type            processor;
        value           nonuniform List<scalar> 
100
(
10.2072
10.209
10.2125
10.2159
10.219
10.219
10.2159
10.2125
10.2091
10.2072
10.209
10.2112
10.2153
10.2193
10.2231
10.2231
10.2193
10.2153
10.2112
10.2091
10.2125
10.2153
10.2208
10.2263
10.2323
10.2323
10.2263
10.2208
10.2153
10.2125
10.2159
10.2193
10.2263
10.2329
10.2409
10.2409
10.2329
10.2263
10.2193
10.2159
10.219
10.2231
10.2323
10.2409
10.253
10.253
10.2409
10.2323
10.2231
10.219
10.219
10.2231
10.2323
10.2409
10.253
10.253
10.2409
10.2323
10.2231
10.219
10.216
10.2193
10.2263
10.233
10.241
10.241
10.233
10.2263
10.2193
10.216
10.2125
10.2153
10.2209
10.2263
10.2323
10.2323
10.2263
10.2209
10.2153
10.2125
10.2091
10.2112
10.2153
10.2193
10.2231
10.2231
10.2193
10.2153
10.2112
10.2091
10.2072
10.2091
10.2125
10.216
10.219
10.219
10.216
10.2125
10.2091
10.2072
)
;
    }
}


// ************************************************************************* //
