/*--------------------------------*- C++ -*----------------------------------*\
| =========                 |                                                 |
| \\      /  F ield         | OpenFOAM: The Open Source CFD Toolbox           |
|  \\    /   O peration     | Version:  2412                                  |
|   \\  /    A nd           | Website:  www.openfoam.com                      |
|    \\/     M anipulation  |                                                 |
\*---------------------------------------------------------------------------*/
FoamFile
{
    version     2.0;
    format      ascii;
    arch        "LSB;label=32;scalar=64";
    class       volVectorField;
    location    "0.55";
    object      U;
}
// * * * * * * * * * * * * * * * * * * * * * * * * * * * * * * * * * * * * * //

dimensions      [0 1 -1 0 0 0 0];

internalField   nonuniform List<vector> 
1000
(
(-0.548214 -0.548214 5.29053)
(-0.0377424 -1.39212 2.72392)
(-0.9913 -0.672226 3.09762)
(-0.155051 0.895461 1.08209)
(-0.616587 0.777344 0.797758)
(0.616604 0.777359 0.797689)
(0.155047 0.89548 1.08203)
(0.991301 -0.672214 3.09761)
(0.0377432 -1.39212 2.72392)
(0.548214 -0.548214 5.29053)
(-1.39212 -0.0377428 2.72392)
(1.40047 1.40047 1.39739)
(-0.438691 1.06202 1.5858)
(0.35911 1.29793 -1.19067)
(-0.622798 0.42545 -2.2228)
(0.62277 0.425477 -2.22285)
(-0.359199 1.29799 -1.19066)
(0.438681 1.06203 1.58581)
(-1.40047 1.40047 1.39741)
(1.39212 -0.037743 2.72392)
(-0.672229 -0.991301 3.09763)
(1.06202 -0.438699 1.58579)
(0.0204968 0.0204829 1.1577)
(0.434083 0.375489 -0.962724)
(-0.350472 0.142364 -2.48804)
(0.350514 0.142367 -2.48799)
(-0.434119 0.375516 -0.962734)
(-0.0205166 0.0204586 1.15769)
(-1.06202 -0.438717 1.5858)
(0.672226 -0.991303 3.09763)
(0.895456 -0.155051 1.0821)
(1.29792 0.359081 -1.19068)
(0.375483 0.434075 -0.96273)
(0.221367 0.221384 -2.02428)
(-0.125529 0.190076 -3.31804)
(0.125555 0.190081 -3.31804)
(-0.221358 0.221423 -2.02431)
(-0.375491 0.434082 -0.962759)
(-1.29792 0.359094 -1.1907)
(-0.895462 -0.155051 1.08209)
(0.777336 -0.616582 0.797775)
(0.425448 -0.622817 -2.22279)
(0.142359 -0.350466 -2.48805)
(0.190069 -0.125523 -3.31805)
(-0.123614 -0.123613 -3.60511)
(0.12362 -0.123614 -3.60511)
(-0.190054 -0.125523 -3.31805)
(-0.142354 -0.350482 -2.48804)
(-0.425451 -0.622814 -2.2228)
(-0.777337 -0.616585 0.797764)
(0.77736 0.616608 0.797671)
(0.425489 0.62277 -2.22287)
(0.142366 0.350527 -2.48798)
(0.190077 0.125559 -3.31804)
(-0.123615 0.123618 -3.60511)
(0.123621 0.123618 -3.6051)
(-0.190064 0.125556 -3.31805)
(-0.142358 0.35054 -2.48797)
(-0.425486 0.622773 -2.22287)
(-0.777359 0.616608 0.797672)
(0.895486 0.155047 1.08202)
(1.298 -0.359217 -1.19067)
(0.375522 -0.434128 -0.962745)
(0.221429 -0.221365 -2.02432)
(-0.125524 -0.19006 -3.31805)
(0.125547 -0.190066 -3.31805)
(-0.221419 -0.221403 -2.02434)
(-0.375524 -0.434129 -0.96277)
(-1.29799 -0.359215 -1.19068)
(-0.895491 0.155047 1.08202)
(-0.67221 0.991302 3.09761)
(1.06203 0.438686 1.58581)
(0.0204544 -0.0205138 1.15768)
(0.434092 -0.375501 -0.962762)
(-0.350486 -0.142356 -2.48803)
(0.350524 -0.142358 -2.48799)
(-0.434122 -0.375522 -0.962769)
(-0.0204782 -0.0204922 1.15766)
(-1.06203 0.438705 1.58581)
(0.672207 0.991304 3.09761)
(-1.39212 0.0377441 2.72392)
(1.40047 -1.40047 1.39741)
(-0.438716 -1.06202 1.5858)
(0.35912 -1.29794 -1.19069)
(-0.622797 -0.425453 -2.22281)
(0.622773 -0.425476 -2.22285)
(-0.359197 -1.29798 -1.19068)
(0.438707 -1.06203 1.58582)
(-1.40047 -1.40047 1.39743)
(1.39212 0.0377443 2.72392)
(-0.548214 0.548213 5.29053)
(-0.0377427 1.39212 2.72392)
(-0.991303 0.672222 3.09763)
(-0.155051 -0.89547 1.08208)
(-0.61659 -0.777346 0.797747)
(0.616605 -0.777361 0.797687)
(0.155048 -0.895488 1.08203)
(0.991304 0.67221 3.09761)
(0.0377436 1.39212 2.72392)
(0.548214 0.548214 5.29053)
(-0.511998 -0.511998 5.62993)
(-0.0319705 -1.11704 2.83944)
(-0.908925 -0.484282 2.97198)
(0.113193 1.56762 0.26412)
(-0.859633 0.982205 0.167579)
(0.859649 0.9822 0.167491)
(-0.113164 1.56763 0.264053)
(0.908924 -0.484269 2.97197)
(0.0319703 -1.11704 2.83944)
(0.511998 -0.511998 5.62993)
(-1.11704 -0.0319706 2.83944)
(1.0184 1.0184 1.13996)
(-0.98518 0.856452 1.624)
(0.281413 1.01773 -0.966109)
(-0.525997 0.361267 -2.07585)
(0.525991 0.36121 -2.07587)
(-0.28148 1.01773 -0.966107)
(0.985155 0.856466 1.624)
(-1.01841 1.01839 1.13997)
(1.11704 -0.0319708 2.83944)
(-0.484286 -0.908925 2.97199)
(0.856448 -0.98519 1.62399)
(0.00504636 0.00503639 1.35076)
(0.446664 0.351241 -0.667263)
(-0.235187 0.24067 -2.45224)
(0.235294 0.240649 -2.45218)
(-0.446676 0.351268 -0.667253)
(-0.0050594 0.00501223 1.35074)
(-0.85645 -0.985202 1.62399)
(0.484283 -0.908927 2.97199)
(1.56762 0.113201 0.264134)
(1.01773 0.281392 -0.966118)
(0.351231 0.446665 -0.667272)
(0.248858 0.248876 -1.7611)
(-0.0210245 0.219039 -3.18411)
(0.0210511 0.219045 -3.1841)
(-0.24884 0.248913 -1.76112)
(-0.351232 0.446676 -0.667299)
(-1.01772 0.281404 -0.966138)
(-1.56763 0.113201 0.264123)
(0.982207 -0.859629 0.1676)
(0.361288 -0.526004 -2.07585)
(0.240667 -0.235166 -2.45225)
(0.219033 -0.0210159 -3.18411)
(-0.0292619 -0.0292631 -3.55748)
(0.0292675 -0.0292663 -3.55748)
(-0.219017 -0.0210175 -3.18411)
(-0.240654 -0.235197 -2.45224)
(-0.361272 -0.526009 -2.07586)
(-0.982207 -0.859629 0.167588)
(0.982199 0.859652 0.167466)
(0.361199 0.525992 -2.07589)
(0.240638 0.235326 -2.45217)
(0.219042 0.0210552 -3.1841)
(-0.0292674 0.029266 -3.55747)
(0.0292727 0.0292689 -3.55747)
(-0.219027 0.0210537 -3.1841)
(-0.240627 0.235345 -2.45216)
(-0.361191 0.526 -2.07589)
(-0.9822 0.859652 0.167468)
(1.56764 -0.113159 0.264033)
(1.01773 -0.281495 -0.966115)
(0.351272 -0.446681 -0.667258)
(0.248917 -0.248844 -1.76112)
(-0.0210221 -0.219022 -3.1841)
(0.0210466 -0.219028 -3.1841)
(-0.248898 -0.248882 -1.76113)
(-0.351268 -0.446689 -0.667284)
(-1.01772 -0.281495 -0.966133)
(-1.56764 -0.113161 0.264032)
(-0.484265 0.908924 2.97196)
(0.856466 0.985156 1.624)
(0.00500838 -0.00505666 1.35073)
(0.446681 -0.351242 -0.667299)
(-0.235215 -0.240653 -2.45223)
(0.235309 -0.240635 -2.45218)
(-0.446689 -0.351263 -0.667288)
(-0.00502532 -0.00503553 1.35071)
(-0.856466 0.985166 1.624)
(0.484263 0.908927 2.97197)
(-1.11703 0.0319709 2.83944)
(1.01839 -1.01841 1.13997)
(-0.985198 -0.856455 1.62399)
(0.281424 -1.01773 -0.966138)
(-0.526003 -0.361251 -2.07586)
(0.525998 -0.361202 -2.07588)
(-0.281481 -1.01773 -0.966134)
(0.98517 -0.856467 1.624)
(-1.0184 -1.01841 1.13998)
(1.11704 0.0319712 2.83943)
(-0.511998 0.511997 5.62993)
(-0.0319709 1.11704 2.83944)
(-0.908928 0.484278 2.97198)
(0.113192 -1.56763 0.264105)
(-0.859635 -0.982206 0.167565)
(0.85965 -0.982201 0.167489)
(-0.113166 -1.56764 0.264047)
(0.908927 0.484266 2.97197)
(0.0319709 1.11704 2.83943)
(0.511998 0.511998 5.62993)
(-0.480824 -0.480824 5.85277)
(-0.0205522 -0.857371 2.97858)
(-0.834392 -0.295465 2.80219)
(-0.00794715 0.83301 -0.230905)
(-0.760091 0.452161 -0.3283)
(0.760043 0.452168 -0.328347)
(0.00797045 0.83299 -0.230963)
(0.834391 -0.295451 2.80218)
(0.0205512 -0.85737 2.97858)
(0.480824 -0.480824 5.85277)
(-0.857372 -0.020552 2.97858)
(0.659102 0.659101 1.35776)
(-1.39755 0.760317 1.63895)
(0.210616 0.548057 -0.798681)
(-0.465375 0.2329 -2.00581)
(0.465393 0.232788 -2.00578)
(-0.210596 0.548013 -0.79868)
(1.39754 0.760328 1.63896)
(-0.659107 0.659097 1.35776)
(0.857373 -0.020552 2.97858)
(-0.295471 -0.834392 2.8022)
(0.760311 -1.39755 1.63895)
(-0.035123 -0.0351214 1.4289)
(0.468015 0.242308 -0.485083)
(-0.131726 0.23438 -2.41147)
(0.131791 0.234317 -2.41143)
(-0.467977 0.242333 -0.48506)
(0.0351197 -0.0351275 1.42888)
(-0.760311 -1.39755 1.63894)
(0.295469 -0.834393 2.8022)
(0.833017 -0.00793871 -0.230892)
(0.548067 0.21062 -0.798687)
(0.242295 0.468031 -0.485094)
(0.274977 0.27499 -1.59242)
(0.0434396 0.213985 -3.04225)
(-0.0434294 0.21399 -3.04224)
(-0.27495 0.275007 -1.59242)
(-0.242296 0.46804 -0.485115)
(-0.548056 0.210616 -0.798708)
(-0.833012 -0.00793576 -0.230901)
(0.452159 -0.760105 -0.328293)
(0.232927 -0.465371 -2.00583)
(0.234383 -0.131712 -2.41148)
(0.213982 0.0434463 -3.04225)
(0.0264571 0.0264573 -3.44966)
(-0.0264523 0.0264574 -3.44967)
(-0.21397 0.0434457 -3.04224)
(-0.234345 -0.131735 -2.41147)
(-0.232896 -0.465394 -2.00582)
(-0.45216 -0.760099 -0.328293)
(0.452169 0.760031 -0.328362)
(0.232754 0.465398 -2.00578)
(0.234288 0.13181 -2.41142)
(0.213987 -0.0434314 -3.04224)
(0.0264559 -0.0264535 -3.44966)
(-0.0264507 -0.0264529 -3.44967)
(-0.213976 -0.0434311 -3.04224)
(-0.234261 0.131826 -2.41141)
(-0.23274 0.46542 -2.00578)
(-0.452169 0.760035 -0.328353)
(0.832986 0.00797102 -0.23098)
(0.547999 -0.210589 -0.798687)
(0.242335 -0.467972 -0.48506)
(0.275006 -0.274951 -1.59242)
(0.04344 -0.213975 -3.04224)
(-0.0434291 -0.213979 -3.04223)
(-0.274981 -0.274971 -1.59242)
(-0.242331 -0.467983 -0.485084)
(-0.547993 -0.210588 -0.798703)
(-0.832984 0.00796547 -0.230979)
(-0.295446 0.83439 2.80217)
(0.760328 1.39754 1.63895)
(-0.0351272 0.0351181 1.42887)
(0.468033 -0.242304 -0.485112)
(-0.131746 -0.234339 -2.41146)
(0.131804 -0.234286 -2.41142)
(-0.467996 -0.242325 -0.485091)
(0.0351236 0.0351237 1.42885)
(-0.760324 1.39754 1.63895)
(0.295446 0.834392 2.80218)
(-0.857369 0.0205514 2.97858)
(0.659096 -0.659108 1.35777)
(-1.39755 -0.760317 1.63894)
(0.210614 -0.548048 -0.79871)
(-0.465399 -0.232869 -2.00581)
(0.465416 -0.232772 -2.00578)
(-0.210596 -0.548008 -0.798705)
(1.39754 -0.760325 1.63895)
(-0.659103 -0.659106 1.35777)
(0.85737 0.0205515 2.97858)
(-0.480824 0.480824 5.85277)
(-0.0205525 0.857373 2.97858)
(-0.834393 0.295462 2.80219)
(-0.00794427 -0.833005 -0.230919)
(-0.760086 -0.452163 -0.328302)
(0.760047 -0.452168 -0.328342)
(0.00796551 -0.832988 -0.230968)
(0.834393 0.29545 2.80218)
(0.0205515 0.857371 2.97858)
(0.480824 0.480824 5.85277)
(-0.420278 -0.420278 6.07746)
(-0.0538888 -0.569159 3.13273)
(-0.758706 0.0615694 2.6058)
(-0.0730991 0.589075 -0.452297)
(-0.556806 0.321357 -0.630452)
(0.556802 0.321291 -0.630494)
(0.0731217 0.589022 -0.45235)
(0.758705 0.0615788 2.60578)
(0.0538867 -0.569157 3.13273)
(0.420278 -0.420278 6.07746)
(-0.56916 -0.0538884 3.13273)
(0.440496 0.440497 1.79816)
(-1.37358 0.850419 1.68602)
(0.22628 0.245589 -0.885186)
(-0.419106 0.164114 -2.01208)
(0.419173 0.164014 -2.01208)
(-0.226203 0.245556 -0.885195)
(1.37359 0.850422 1.68604)
(-0.440497 0.440493 1.79816)
(0.569162 -0.0538886 3.13273)
(0.0615648 -0.758705 2.6058)
(0.850413 -1.37358 1.68601)
(0.0415862 0.0416002 1.49163)
(0.487487 0.158442 -0.447335)
(-0.046895 0.189837 -2.35053)
(0.0468896 0.189839 -2.35055)
(-0.487428 0.158458 -0.447317)
(-0.0415824 0.0416148 1.49163)
(-0.850412 -1.37358 1.68601)
(-0.0615649 -0.758704 2.6058)
(0.589084 -0.0730905 -0.452285)
(0.245589 0.226301 -0.885187)
(0.158431 0.487509 -0.447337)
(0.322307 0.322315 -1.49138)
(0.0771997 0.189774 -2.89462)
(-0.0772044 0.189769 -2.89464)
(-0.322283 0.322317 -1.49137)
(-0.15843 0.487513 -0.447342)
(-0.245584 0.226282 -0.885203)
(-0.589073 -0.073089 -0.452291)
(0.321366 -0.556784 -0.63044)
(0.164132 -0.419095 -2.01209)
(0.189822 -0.0468969 -2.35052)
(0.189773 0.0772023 -2.89462)
(0.0601701 0.0601724 -3.3428)
(-0.0601631 0.0601719 -3.3428)
(-0.189769 0.0772057 -2.89463)
(-0.189794 -0.0468978 -2.35052)
(-0.164093 -0.419135 -2.0121)
(-0.32135 -0.556788 -0.630433)
(0.321265 0.556778 -0.6305)
(0.163975 0.419199 -2.01208)
(0.189822 0.0468906 -2.35055)
(0.189765 -0.0772106 -2.89464)
(0.0601688 -0.0601643 -3.3428)
(-0.0601622 -0.0601638 -3.34279)
(-0.189761 -0.0772114 -2.89464)
(-0.189797 0.0468925 -2.35055)
(-0.163952 0.419227 -2.01208)
(-0.321259 0.556786 -0.630484)
(0.589003 0.0731236 -0.452367)
(0.24554 -0.226181 -0.885205)
(0.158459 -0.487419 -0.447313)
(0.322312 -0.322284 -1.49137)
(0.0772014 -0.189772 -2.89462)
(-0.0772031 -0.189767 -2.89463)
(-0.322288 -0.322287 -1.49137)
(-0.158455 -0.487429 -0.447321)
(-0.245541 -0.226173 -0.885214)
(-0.589 0.0731182 -0.452364)
(0.061584 0.758705 2.60578)
(0.850422 1.37359 1.68605)
(0.0416181 -0.0415888 1.49163)
(0.4875 -0.158435 -0.44734)
(-0.0468958 -0.189804 -2.35052)
(0.0468929 -0.189807 -2.35054)
(-0.487445 -0.15845 -0.447325)
(-0.0416107 -0.0416011 1.49162)
(-0.850415 1.37358 1.68604)
(-0.0615813 0.758706 2.60578)
(-0.569157 0.0538864 3.13273)
(0.44049 -0.440498 1.79816)
(-1.37358 -0.850416 1.68601)
(0.226263 -0.245581 -0.885207)
(-0.419146 -0.164075 -2.01209)
(0.419204 -0.163988 -2.01208)
(-0.226196 -0.245552 -0.885211)
(1.37358 -0.850415 1.68603)
(-0.440492 -0.440495 1.79817)
(0.569158 0.0538868 3.13272)
(-0.420278 0.420278 6.07746)
(-0.0538892 0.569161 3.13273)
(-0.758705 -0.0615712 2.6058)
(-0.073097 -0.589064 -0.452306)
(-0.55681 -0.321342 -0.630446)
(0.556809 -0.321285 -0.630481)
(0.0731166 -0.589018 -0.452351)
(0.758706 -0.0615781 2.60579)
(0.0538874 0.569159 3.13272)
(0.420278 0.420278 6.07745)
(-0.358593 -0.358593 6.29675)
(-0.120591 -0.222578 3.2713)
(-0.849771 0.650062 2.21896)
(-0.176087 0.408652 -0.659547)
(-0.506056 0.208349 -0.936478)
(0.506167 0.208224 -0.936477)
(0.176073 0.408599 -0.659583)
(0.849773 0.650048 2.21896)
(0.120587 -0.222577 3.27129)
(0.358593 -0.358593 6.29675)
(-0.222579 -0.12059 3.2713)
(0.28516 0.285162 2.36755)
(-1.23066 0.864013 1.79068)
(0.239003 0.0497775 -0.93121)
(-0.382637 0.0739941 -2.01323)
(0.382732 0.0739309 -2.01327)
(-0.238952 0.0497695 -0.931209)
(1.23067 0.864005 1.79072)
(-0.28516 0.285158 2.36756)
(0.222581 -0.120591 3.27129)
(0.650063 -0.849767 2.21896)
(0.864009 -1.23065 1.79068)
(0.154638 0.154654 1.59148)
(0.497286 0.0972919 -0.44241)
(0.00724925 0.120154 -2.27517)
(-0.0072458 0.120181 -2.27521)
(-0.497244 0.0973027 -0.442394)
(-0.15463 0.154666 1.59149)
(-0.864007 -1.23065 1.79068)
(-0.650062 -0.849767 2.21897)
(0.408661 -0.176081 -0.659545)
(0.0497731 0.239015 -0.93121)
(0.0972855 0.497301 -0.442413)
(0.357137 0.357142 -1.44634)
(0.0876556 0.1664 -2.75547)
(-0.0876567 0.166379 -2.75548)
(-0.357125 0.357147 -1.44634)
(-0.0972868 0.497302 -0.442411)
(-0.0497756 0.238997 -0.931213)
(-0.408653 -0.176073 -0.659549)
(0.208376 -0.506006 -0.936463)
(0.0739872 -0.382625 -2.01323)
(0.120136 0.00725064 -2.27516)
(0.166405 0.0876557 -2.75547)
(0.0869226 0.0869244 -3.23024)
(-0.0869144 0.0869192 -3.23024)
(-0.166406 0.0876612 -2.75548)
(-0.120121 0.00726147 -2.27517)
(-0.0739469 -0.38266 -2.01326)
(-0.208349 -0.506016 -0.936444)
(0.208184 0.506179 -0.936456)
(0.073886 0.382772 -2.01328)
(0.120174 -0.00724404 -2.27522)
(0.166373 -0.0876591 -2.75549)
(0.0869157 -0.0869133 -3.23024)
(-0.0869086 -0.0869091 -3.23024)
(-0.166375 -0.0876628 -2.75549)
(-0.120157 -0.00725457 -2.27523)
(-0.0738552 0.38279 -2.0133)
(-0.208175 0.506177 -0.936433)
(0.40858 0.176058 -0.659602)
(0.0497635 -0.238934 -0.931212)
(0.0973028 -0.49724 -0.442393)
(0.357142 -0.357129 -1.44634)
(0.0876586 -0.166404 -2.75547)
(-0.0876582 -0.166385 -2.75548)
(-0.357129 -0.357132 -1.44634)
(-0.0973013 -0.497244 -0.442394)
(-0.0497674 -0.238924 -0.93121)
(-0.40858 0.17605 -0.659599)
(0.650046 0.849772 2.21895)
(0.864001 1.23067 1.79073)
(0.154666 -0.154635 1.59149)
(0.497291 -0.0972907 -0.442404)
(0.0072586 -0.120135 -2.27518)
(-0.0072539 -0.120159 -2.27521)
(-0.497253 -0.0972992 -0.442392)
(-0.154653 -0.154644 1.5915)
(-0.863995 1.23067 1.79072)
(-0.650045 0.849773 2.21896)
(-0.222577 0.120586 3.27129)
(0.285156 -0.285161 2.36756)
(-1.23065 -0.86401 1.79068)
(0.238987 -0.0497751 -0.931216)
(-0.382671 -0.0739521 -2.01326)
(0.382754 -0.0738967 -2.01328)
(-0.238942 -0.0497686 -0.93121)
(1.23066 -0.863998 1.79071)
(-0.285157 -0.285158 2.36756)
(0.222579 0.120587 3.27129)
(-0.358593 0.358593 6.29675)
(-0.120592 0.22258 3.27129)
(-0.84977 -0.650063 2.21896)
(-0.176078 -0.408645 -0.659553)
(-0.506065 -0.208323 -0.93646)
(0.506164 -0.208214 -0.936457)
(0.176064 -0.408599 -0.659583)
(0.849774 -0.650049 2.21896)
(0.120589 0.222579 3.27129)
(0.358593 0.358593 6.29675)
(-0.299855 -0.299855 6.51455)
(-0.224195 0.111407 3.40102)
(-1.03838 0.763058 1.68323)
(-0.223051 0.259184 -0.835382)
(-0.420917 0.111644 -1.17947)
(0.421268 0.111653 -1.17929)
(0.222995 0.25921 -0.835365)
(1.03839 0.763041 1.68323)
(0.224188 0.111407 3.40102)
(0.299855 -0.299855 6.51455)
(0.111407 -0.224195 3.40102)
(0.159163 0.159165 2.98133)
(-0.971524 0.673181 1.88801)
(0.234405 -0.0717051 -1.00979)
(-0.309434 0.00393613 -2.02468)
(0.309452 0.00394455 -2.02473)
(-0.234399 -0.0716931 -1.00978)
(0.97154 0.673162 1.88804)
(-0.159164 0.159162 2.98133)
(-0.111404 -0.224196 3.40102)
(0.76306 -1.03838 1.68323)
(0.673179 -0.971516 1.888)
(0.152523 0.152536 1.6872)
(0.483847 0.0909744 -0.498569)
(0.0514624 0.0916305 -2.2105)
(-0.0514405 0.0916058 -2.21052)
(-0.483851 0.0909788 -0.498576)
(-0.152513 0.152541 1.68722)
(-0.673177 -0.971513 1.888)
(-0.763061 -1.03838 1.68323)
(0.259179 -0.223051 -0.835393)
(-0.0717113 0.234408 -1.00979)
(0.0909714 0.483845 -0.49856)
(0.365336 0.365338 -1.40074)
(0.101365 0.155244 -2.63627)
(-0.101356 0.155228 -2.63628)
(-0.365337 0.365343 -1.40073)
(-0.0909704 0.483842 -0.498559)
(0.0717065 0.234404 -1.00979)
(-0.25919 -0.223029 -0.835393)
(0.11164 -0.420842 -1.17949)
(0.00391516 -0.309425 -2.02468)
(0.0916374 0.0514762 -2.2105)
(0.155249 0.101366 -2.63627)
(0.108865 0.108866 -3.11817)
(-0.108859 0.10886 -3.11818)
(-0.155253 0.101367 -2.63627)
(-0.0916369 0.0514891 -2.21052)
(-0.0039022 -0.309409 -2.02471)
(-0.111641 -0.42089 -1.17944)
(0.111654 0.421388 -1.17921)
(0.00392482 0.309452 -2.02475)
(0.0915991 -0.0514424 -2.21053)
(0.155226 -0.101354 -2.63628)
(0.108858 -0.108856 -3.11818)
(-0.108853 -0.108851 -3.11818)
(-0.155232 -0.101356 -2.63629)
(-0.0916021 -0.0514568 -2.21054)
(-0.0039094 0.309433 -2.02478)
(-0.111654 0.421393 -1.17917)
(0.25922 0.222966 -0.835369)
(-0.0716906 -0.234396 -1.00977)
(0.0909777 -0.483853 -0.498574)
(0.365342 -0.365342 -1.40073)
(0.101365 -0.155251 -2.63627)
(-0.101357 -0.155237 -2.63628)
(-0.365341 -0.365345 -1.40073)
(-0.0909744 -0.483849 -0.498574)
(0.0716874 -0.234394 -1.00977)
(-0.259228 0.22295 -0.835371)
(0.763035 1.03839 1.68323)
(0.673154 0.971541 1.88805)
(0.152536 -0.152518 1.68722)
(0.483842 -0.0909731 -0.498561)
(0.0514754 -0.0916293 -2.21051)
(-0.051455 -0.0916085 -2.21053)
(-0.483843 -0.0909755 -0.498569)
(-0.152522 -0.15252 1.68723)
(-0.67315 0.971535 1.88805)
(-0.763036 1.03839 1.68324)
(0.111407 0.224186 3.40102)
(0.159159 -0.159165 2.98133)
(-0.971516 -0.673177 1.88801)
(0.234403 0.0717046 -1.00979)
(-0.309418 -0.00392153 -2.02471)
(0.309433 -0.00392825 -2.02475)
(-0.234397 0.0716936 -1.00978)
(0.971531 -0.673157 1.88804)
(-0.159161 -0.159163 2.98134)
(-0.111404 0.224188 3.40101)
(-0.299855 0.299855 6.51455)
(-0.224197 -0.111405 3.40102)
(-1.03838 -0.763058 1.68323)
(-0.223029 -0.259195 -0.835384)
(-0.420963 -0.111646 -1.17942)
(0.421273 -0.111654 -1.17926)
(0.222978 -0.259218 -0.835369)
(1.03839 -0.763042 1.68324)
(0.224192 -0.111405 3.40101)
(0.299855 0.299855 6.51455)
(-0.242293 -0.242293 6.74288)
(-0.387177 0.336611 3.55045)
(-1.06669 0.465586 1.33362)
(-0.185448 0.155329 -1.01785)
(-0.366396 0.0531996 -1.36407)
(0.366832 0.0533028 -1.36383)
(0.185444 0.15539 -1.0177)
(1.0667 0.465575 1.33365)
(0.387171 0.336612 3.55044)
(0.242293 -0.242292 6.74288)
(0.336611 -0.387177 3.55045)
(-0.00529486 -0.0052934 3.57752)
(-0.521877 -0.0360978 2.02078)
(0.248734 -0.0996248 -1.05406)
(-0.194207 -0.0143923 -2.02711)
(0.19417 -0.0143305 -2.02713)
(-0.248746 -0.0995829 -1.05404)
(0.521891 -0.0361192 2.0208)
(0.0052898 -0.00529674 3.57752)
(-0.336608 -0.38718 3.55044)
(0.46559 -1.06669 1.33362)
(-0.0360991 -0.521869 2.02078)
(0.0652241 0.0652299 1.61)
(0.441186 0.142871 -0.605519)
(0.0821332 0.0933231 -2.14635)
(-0.082128 0.0933142 -2.14635)
(-0.441184 0.142873 -0.60551)
(-0.0652177 0.0652303 1.61001)
(0.0361006 -0.521863 2.02078)
(-0.465594 -1.06669 1.33362)
(0.155321 -0.185437 -1.01788)
(-0.0996332 0.248736 -1.05407)
(0.142867 0.441187 -0.605515)
(0.356179 0.356177 -1.34357)
(0.128591 0.148375 -2.51793)
(-0.128584 0.148375 -2.51795)
(-0.356185 0.356178 -1.34357)
(-0.142856 0.441188 -0.605511)
(0.0996211 0.248751 -1.05407)
(-0.155339 -0.185421 -1.01786)
(0.0531801 -0.366338 -1.36411)
(-0.0144048 -0.1942 -2.02712)
(0.0933327 0.0821453 -2.14635)
(0.148379 0.128593 -2.51793)
(0.127596 0.127598 -2.99374)
(-0.127592 0.127599 -2.99375)
(-0.148387 0.128589 -2.51793)
(-0.0933447 0.0821586 -2.14636)
(0.0143834 -0.194154 -2.02713)
(-0.0532002 -0.366445 -1.36407)
(0.0533414 0.367027 -1.36373)
(-0.0143095 0.194142 -2.02714)
(0.0933194 -0.0821363 -2.14636)
(0.14838 -0.128582 -2.51795)
(0.127599 -0.127589 -2.99374)
(-0.127594 -0.127589 -2.99374)
(-0.148389 -0.12858 -2.51795)
(-0.0933333 -0.0821499 -2.14637)
(0.0142968 0.194102 -2.02716)
(-0.0533508 0.367088 -1.36371)
(0.155416 0.185437 -1.01765)
(-0.0995666 -0.248753 -1.05403)
(0.142869 -0.441186 -0.605504)
(0.35618 -0.356187 -1.34356)
(0.128588 -0.148387 -2.51793)
(-0.128582 -0.148388 -2.51794)
(-0.356184 -0.356186 -1.34356)
(-0.142859 -0.441186 -0.605504)
(0.0995583 -0.248766 -1.05402)
(-0.155427 0.185422 -1.01765)
(0.465571 1.06671 1.33366)
(-0.03613 0.521888 2.02081)
(0.0652232 -0.0652222 1.61001)
(0.441184 -0.142859 -0.605511)
(0.0821476 -0.0933346 -2.14636)
(-0.0821425 -0.0933281 -2.14636)
(-0.441181 -0.142862 -0.605506)
(-0.0652141 -0.06522 1.61002)
(0.0361291 0.521882 2.02082)
(-0.465578 1.06671 1.33366)
(0.336611 0.387168 3.55044)
(-0.00529952 0.0052889 3.57753)
(-0.521866 0.0361029 2.02078)
(0.248749 0.0996153 -1.05406)
(-0.194161 0.0143717 -2.02713)
(0.194128 0.0143168 -2.02714)
(-0.24876 0.0995762 -1.05403)
(0.52188 0.0361217 2.02081)
(0.00529398 0.00529164 3.57753)
(-0.336607 0.387172 3.55044)
(-0.242293 0.242293 6.74288)
(-0.387182 -0.336607 3.55044)
(-1.06669 -0.465589 1.33362)
(-0.185432 -0.155347 -1.01783)
(-0.366499 -0.0532194 -1.36403)
(0.366891 -0.0533118 -1.36381)
(0.185429 -0.155401 -1.0177)
(1.06671 -0.465582 1.33365)
(0.387177 -0.336607 3.55044)
(0.242292 0.242292 6.74287)
(-0.126442 -0.126442 7.07116)
(-0.507577 0.342511 3.73852)
(-0.82639 0.0312655 1.29713)
(-0.0900376 0.0893034 -1.16767)
(-0.297779 0.0177785 -1.50368)
(0.297599 0.0178166 -1.50359)
(0.0899635 0.0893025 -1.16751)
(0.826386 0.0312523 1.29714)
(0.507573 0.342509 3.73852)
(0.126441 -0.126441 7.07116)
(0.342512 -0.507578 3.73852)
(-0.279002 -0.279002 3.9374)
(-0.137461 -0.698724 1.98044)
(0.291201 -0.0412749 -1.06119)
(-0.0926332 0.000965534 -2.00976)
(0.092598 0.000987998 -2.00975)
(-0.291213 -0.0412711 -1.06116)
(0.137459 -0.698745 1.98045)
(0.278992 -0.279006 3.9374)
(-0.342509 -0.507582 3.73852)
(0.0312713 -0.826393 1.29713)
(-0.698722 -0.137456 1.98044)
(0.0398323 0.0398337 1.06452)
(0.388891 0.203452 -0.728048)
(0.0967963 0.0982598 -2.08104)
(-0.0968004 0.0982736 -2.08104)
(-0.388886 0.203449 -0.728034)
(-0.0398202 0.0398272 1.06453)
(0.69872 -0.137443 1.98044)
(-0.031281 -0.826391 1.29712)
(0.0893066 -0.0900511 -1.1677)
(-0.0412747 0.291205 -1.0612)
(0.203449 0.388892 -0.728049)
(0.345708 0.345705 -1.28177)
(0.157883 0.14491 -2.40253)
(-0.15788 0.144915 -2.40254)
(-0.345712 0.345702 -1.28177)
(-0.203436 0.388892 -0.728052)
(0.0412685 0.291226 -1.06119)
(-0.0893092 -0.0900271 -1.16768)
(0.0177841 -0.297836 -1.50371)
(0.000976933 -0.0926304 -2.00976)
(0.0982639 0.0968015 -2.08104)
(0.144914 0.157883 -2.40253)
(0.14377 0.143774 -2.86428)
(-0.143767 0.14378 -2.86428)
(-0.144924 0.157878 -2.40253)
(-0.0982787 0.0968083 -2.08104)
(-0.00100719 -0.0926009 -2.00976)
(-0.0178026 -0.297799 -1.50373)
(0.0178454 0.297569 -1.50357)
(0.00101325 0.0925768 -2.00976)
(0.098285 -0.0968059 -2.08104)
(0.144924 -0.157878 -2.40254)
(0.143782 -0.143764 -2.86426)
(-0.143778 -0.143769 -2.86426)
(-0.144937 -0.157873 -2.40254)
(-0.0982996 -0.0968126 -2.08104)
(-0.00104247 0.0925523 -2.00976)
(-0.0178636 0.297573 -1.50359)
(0.0893056 0.089941 -1.16745)
(-0.0412687 -0.291221 -1.06115)
(0.203442 -0.388886 -0.728029)
(0.345704 -0.345712 -1.28177)
(0.157879 -0.144926 -2.40253)
(-0.157876 -0.144932 -2.40254)
(-0.345707 -0.345707 -1.28177)
(-0.203432 -0.388885 -0.728035)
(0.0412619 -0.291241 -1.06115)
(-0.0893085 0.0899317 -1.16744)
(0.0312489 0.826386 1.29713)
(-0.698753 0.137452 1.98046)
(0.0398179 -0.039823 1.06453)
(0.388888 -0.203438 -0.728049)
(0.0968034 -0.0982736 -2.08104)
(-0.0968071 -0.0982872 -2.08104)
(-0.388884 -0.203437 -0.728039)
(-0.0398069 -0.0398171 1.06453)
(0.698749 0.137443 1.98046)
(-0.0312624 0.826387 1.29713)
(0.342508 0.507571 3.73852)
(-0.279008 0.278991 3.9374)
(-0.137446 0.698724 1.98043)
(0.291222 0.0412694 -1.06119)
(-0.0926041 -0.000995699 -2.00976)
(0.0925724 -0.00101747 -2.00976)
(-0.291234 0.0412643 -1.06116)
(0.137448 0.698741 1.98045)
(0.278997 0.278994 3.93741)
(-0.342505 0.507577 3.73852)
(-0.126441 0.126441 7.07116)
(-0.507583 -0.342508 3.73852)
(-0.826388 -0.0312743 1.29712)
(-0.0900148 -0.089306 -1.16765)
(-0.297747 -0.0177967 -1.50369)
(0.2976 -0.0178331 -1.50361)
(0.0899511 -0.0893055 -1.1675)
(0.826387 -0.0312653 1.29713)
(0.507581 -0.342506 3.73852)
(0.126439 0.126439 7.07116)
(0.0115256 0.0115255 7.35838)
(-0.492414 0.245825 3.95065)
(-0.360282 -0.0378287 1.37506)
(0.0453413 0.0756435 -1.2603)
(-0.227695 0.000102209 -1.5918)
(0.226874 0.000171108 -1.5916)
(-0.0455398 0.0756137 -1.26027)
(0.360246 -0.0378454 1.37504)
(0.492407 0.245821 3.95064)
(-0.0115298 0.0115296 7.35838)
(0.245826 -0.492416 3.95065)
(-0.698748 -0.698749 4.10603)
(0.016182 -0.679086 1.70944)
(0.350685 0.078081 -1.06304)
(-0.0343983 0.0177242 -1.97227)
(0.0343869 0.0177199 -1.97227)
(-0.350687 0.078025 -1.06303)
(-0.0161754 -0.679124 1.70946)
(0.698736 -0.698755 4.10603)
(-0.245824 -0.492419 3.95064)
(-0.0378221 -0.360288 1.37507)
(-0.679082 0.0161825 1.70944)
(0.108915 0.108916 0.392024)
(0.351639 0.25847 -0.826823)
(0.109137 0.109983 -2.01806)
(-0.109138 0.109996 -2.01807)
(-0.351634 0.258463 -0.82682)
(-0.108904 0.108912 0.392024)
(0.679094 0.0161776 1.70945)
(0.0378095 -0.360274 1.37504)
(0.07565 0.0453032 -1.26031)
(0.078091 0.35069 -1.06304)
(0.25847 0.351638 -0.826824)
(0.345267 0.345263 -1.21433)
(0.185566 0.14936 -2.28429)
(-0.185566 0.149365 -2.28429)
(-0.34527 0.345257 -1.21433)
(-0.258467 0.351633 -0.826828)
(-0.0780838 0.350706 -1.06304)
(-0.0756465 0.0453445 -1.26031)
(0.00010602 -0.227822 -1.59185)
(0.0177409 -0.0343971 -1.97227)
(0.109988 0.109138 -2.01806)
(0.149364 0.185564 -2.28428)
(0.157524 0.157529 -2.72355)
(-0.157523 0.15754 -2.72353)
(-0.149375 0.185559 -2.28429)
(-0.110004 0.109136 -2.01805)
(-0.0177648 -0.0343922 -1.97226)
(-0.000144168 -0.22762 -1.5918)
(0.000213358 0.226527 -1.59152)
(0.0177331 0.0343815 -1.97227)
(0.110008 -0.109137 -2.01807)
(0.149376 -0.185563 -2.28429)
(0.157545 -0.157524 -2.72351)
(-0.157543 -0.157533 -2.72348)
(-0.14939 -0.185557 -2.28429)
(-0.110023 -0.109135 -2.01806)
(-0.017758 0.0343766 -1.97225)
(-0.00024375 0.226415 -1.59149)
(0.0756031 -0.0456167 -1.26025)
(0.0780013 -0.35069 -1.06302)
(0.258457 -0.35163 -0.826817)
(0.345258 -0.345267 -1.21432)
(0.185562 -0.149377 -2.28429)
(-0.185562 -0.149385 -2.28429)
(-0.345263 -0.345262 -1.21433)
(-0.258457 -0.351626 -0.826824)
(-0.0779996 -0.350708 -1.06301)
(-0.0756014 -0.0456314 -1.26026)
(-0.0378482 0.360231 1.37502)
(-0.679142 -0.0161697 1.70947)
(0.108908 -0.108904 0.392023)
(0.351632 -0.258465 -0.826829)
(0.109136 -0.109999 -2.01806)
(-0.109136 -0.110011 -2.01806)
(-0.351628 -0.258461 -0.826827)
(-0.108901 -0.108904 0.392019)
(0.679148 -0.0161663 1.70947)
(0.0378338 0.36022 1.375)
(0.245819 0.492404 3.95064)
(-0.698758 0.698736 4.10603)
(0.0161788 0.679097 1.70944)
(0.3507 -0.0780742 -1.06304)
(-0.0343935 -0.0177479 -1.97226)
(0.0343818 -0.0177449 -1.97226)
(-0.350705 -0.0780244 -1.06302)
(-0.0161727 0.67913 1.70946)
(0.698747 0.698742 4.10603)
(-0.245817 0.492409 3.95064)
(0.0115295 -0.0115297 7.35838)
(-0.49242 -0.245823 3.95064)
(-0.360268 0.0378169 1.37504)
(0.0453822 -0.07564 -1.26031)
(-0.227499 -0.000139096 -1.59176)
(0.226766 -0.000200615 -1.59157)
(-0.0455628 -0.0756132 -1.26027)
(0.360235 0.0378307 1.37502)
(0.492414 -0.245819 3.95064)
(-0.0115362 -0.0115363 7.35838)
(0.154332 0.154332 7.52071)
(-0.399834 0.0828445 4.1964)
(0.127844 0.139777 1.32067)
(0.213983 0.101022 -1.28361)
(-0.148872 -0.00725336 -1.62469)
(0.148526 -0.00717895 -1.62464)
(-0.213874 0.100986 -1.28377)
(-0.12787 0.139771 1.32066)
(0.39983 0.0828391 4.1964)
(-0.154337 0.154337 7.5207)
(0.0828454 -0.399835 4.1964)
(-1.12389 -1.12389 4.14727)
(0.184438 -0.321006 1.31879)
(0.433944 0.213883 -1.07156)
(0.0057141 0.0324101 -1.917)
(-0.00571341 0.0324887 -1.91698)
(-0.433926 0.213848 -1.07155)
(-0.184425 -0.32103 1.31881)
(1.12388 -1.1239 4.14728)
(-0.0828415 -0.399838 4.19639)
(0.13978 0.127839 1.32067)
(-0.321007 0.184431 1.3188)
(0.243728 0.243726 -0.0494205)
(0.36628 0.330223 -0.869478)
(0.125113 0.130063 -1.9449)
(-0.125119 0.130077 -1.9449)
(-0.366275 0.33022 -0.869481)
(-0.243735 0.243733 -0.0494327)
(0.321024 0.184412 1.3188)
(-0.139787 0.127853 1.32065)
(0.101029 0.213996 -1.28359)
(0.213891 0.43395 -1.07156)
(0.330224 0.366275 -0.869478)
(0.358395 0.358391 -1.14088)
(0.209077 0.160987 -2.15513)
(-0.209079 0.160994 -2.15513)
(-0.358397 0.358384 -1.14088)
(-0.330224 0.366262 -0.869482)
(-0.213888 0.433947 -1.07156)
(-0.101025 0.213957 -1.28364)
(-0.00725865 -0.148932 -1.62467)
(0.0324047 0.00571334 -1.91699)
(0.130066 0.125108 -1.9449)
(0.16099 0.209076 -2.15513)
(0.168414 0.168418 -2.56904)
(-0.168413 0.168426 -2.56901)
(-0.161 0.209073 -2.15513)
(-0.130077 0.125096 -1.94489)
(-0.0324412 0.00570795 -1.91697)
(0.0072248 -0.148905 -1.62463)
(-0.00714517 0.148366 -1.62457)
(0.0325241 -0.00570945 -1.91697)
(0.130088 -0.125113 -1.9449)
(0.161004 -0.209076 -2.15513)
(0.168429 -0.168414 -2.56897)
(-0.168427 -0.16842 -2.56893)
(-0.161016 -0.209073 -2.15514)
(-0.130098 -0.125101 -1.94489)
(-0.0325513 -0.00570617 -1.91695)
(0.00712041 0.148337 -1.62451)
(0.100973 -0.213832 -1.28383)
(0.213835 -0.43392 -1.07155)
(0.330218 -0.366267 -0.869482)
(0.358386 -0.358393 -1.14088)
(0.209075 -0.161001 -2.15513)
(-0.209077 -0.16101 -2.15513)
(-0.35839 -0.358388 -1.14088)
(-0.330221 -0.366256 -0.869487)
(-0.213836 -0.433924 -1.07156)
(-0.100973 -0.213813 -1.28385)
(0.139771 -0.127883 1.32066)
(-0.321046 -0.184408 1.31881)
(0.24374 -0.243732 -0.0494377)
(0.366266 -0.330223 -0.869483)
(0.125103 -0.130075 -1.9449)
(-0.125108 -0.130088 -1.9449)
(-0.366263 -0.330222 -0.869487)
(-0.243749 -0.243743 -0.0494499)
(0.321056 -0.184397 1.31881)
(-0.139778 -0.127896 1.32065)
(0.0828366 0.399829 4.1964)
(-1.12391 1.12389 4.14728)
(0.184421 0.321019 1.31879)
(0.433941 -0.21388 -1.07156)
(0.00570873 -0.0324463 -1.91698)
(-0.00570996 -0.0325165 -1.91697)
(-0.433929 -0.213849 -1.07156)
(-0.184415 0.321038 1.31881)
(1.1239 1.1239 4.14728)
(-0.0828328 0.399831 4.19639)
(0.154337 -0.154337 7.5207)
(-0.399838 -0.0828397 4.19639)
(0.127858 -0.139784 1.32065)
(0.213946 -0.101018 -1.28366)
(-0.148836 0.00721974 -1.62464)
(0.148497 0.0071537 -1.62458)
(-0.213854 -0.100985 -1.28379)
(-0.127885 -0.139778 1.32064)
(0.399833 -0.0828343 4.19639)
(-0.154346 -0.154346 7.52069)
)
;

boundaryField
{
    bottom
    {
        type            noSlip;
    }
    atmosphere
    {
        type            pressureInletOutletVelocity;
        value           nonuniform List<vector> 0();
    }
    walls
    {
        type            noSlip;
    }
    procBoundary2to0
    {
        type            processor;
        value           nonuniform List<vector> 
100
(
(0.334061 0.334061 7.53618)
(-0.177907 0.0657783 4.50869)
(0.649748 0.320705 1.10035)
(0.421763 0.131997 -1.26394)
(-0.0691961 -0.00656855 -1.57845)
(0.0695321 -0.00656305 -1.57888)
(-0.421661 0.132003 -1.26395)
(-0.649739 0.320699 1.10033)
(0.177911 0.0657697 4.50869)
(-0.334068 0.334069 7.53617)
(0.0657787 -0.177908 4.50869)
(-1.13702 -1.13702 3.98455)
(0.578579 0.156207 0.840726)
(0.563077 0.331701 -1.05383)
(0.038897 0.0519939 -1.81542)
(-0.0389125 0.0520395 -1.81539)
(-0.563071 0.331714 -1.05385)
(-0.578573 0.156206 0.840742)
(1.13702 -1.13704 3.98456)
(-0.0657771 -0.177906 4.50868)
(0.320704 0.649745 1.10035)
(0.156203 0.578571 0.840728)
(0.457225 0.457221 -0.309874)
(0.423269 0.411531 -0.843487)
(0.142248 0.152985 -1.85399)
(-0.142256 0.152994 -1.85398)
(-0.423269 0.411531 -0.843491)
(-0.45723 0.457223 -0.309878)
(-0.156207 0.57856 0.840727)
(-0.320706 0.649755 1.10033)
(0.131995 0.421777 -1.26394)
(0.331699 0.563075 -1.05383)
(0.411531 0.423263 -0.843487)
(0.382079 0.382076 -1.05231)
(0.224092 0.173168 -2.01712)
(-0.224093 0.173173 -2.01712)
(-0.38208 0.382071 -1.05231)
(-0.411532 0.42325 -0.843489)
(-0.331706 0.563063 -1.05383)
(-0.131998 0.421744 -1.26395)
(-0.00657204 -0.0691469 -1.57837)
(0.0519895 0.0388882 -1.81541)
(0.152986 0.142239 -1.854)
(0.173169 0.224092 -2.01711)
(0.175446 0.175448 -2.40251)
(-0.175445 0.175451 -2.40249)
(-0.173173 0.224091 -2.01712)
(-0.152991 0.142224 -1.85401)
(-0.0520109 0.0388772 -1.81538)
(0.0065695 -0.0692643 -1.57843)
(-0.00656841 0.0696756 -1.57906)
(0.0520564 -0.0389099 -1.81536)
(0.153 -0.14225 -1.85398)
(0.173178 -0.224092 -2.01712)
(0.175452 -0.175445 -2.40245)
(-0.17545 -0.175448 -2.4024)
(-0.173183 -0.224091 -2.01712)
(-0.153005 -0.142235 -1.85399)
(-0.0520755 -0.0388988 -1.81533)
(0.00656569 0.0697436 -1.57908)
(0.132005 -0.421625 -1.26396)
(0.331721 -0.563064 -1.05386)
(0.411532 -0.423262 -0.843493)
(0.382073 -0.382076 -1.05231)
(0.224092 -0.173173 -2.01712)
(-0.224093 -0.173179 -2.01712)
(-0.382076 -0.382073 -1.05231)
(-0.411534 -0.42325 -0.843496)
(-0.331727 -0.563056 -1.05386)
(-0.132006 -0.4216 -1.26397)
(0.320698 -0.649743 1.10032)
(0.156206 -0.578564 0.840745)
(0.457229 -0.457226 -0.309882)
(0.423256 -0.411532 -0.843489)
(0.142234 -0.152991 -1.854)
(-0.142242 -0.152999 -1.85399)
(-0.423257 -0.411533 -0.843494)
(-0.457238 -0.457231 -0.309887)
(-0.156212 -0.578562 0.840742)
(-0.320701 -0.649756 1.1003)
(0.0657676 0.177912 4.50869)
(-1.13704 1.13702 3.98456)
(0.578569 -0.156212 0.840722)
(0.563064 -0.331707 -1.05383)
(0.0388861 -0.0520159 -1.81538)
(-0.0389016 -0.0520588 -1.81535)
(-0.563063 -0.331719 -1.05385)
(-0.578572 -0.156213 0.840737)
(1.13703 1.13703 3.98456)
(-0.065767 0.177907 4.50868)
(0.334069 -0.334068 7.53617)
(-0.177906 -0.0657756 4.50868)
(0.649758 -0.320707 1.10033)
(0.421729 -0.131999 -1.26395)
(-0.0693086 0.00656485 -1.57851)
(0.069599 0.00655935 -1.5789)
(-0.421635 -0.132003 -1.26397)
(-0.649754 -0.3207 1.10031)
(0.177906 -0.0657678 4.50868)
(-0.334081 -0.334081 7.53616)
)
;
    }
    procBoundary2to3
    {
        type            processor;
        value           nonuniform List<vector> 
100
(
(-0.634549 -0.634549 5.06103)
(-0.0857282 -1.69397 2.6051)
(-1.08774 -0.825758 3.17947)
(-0.267413 0.162083 1.60571)
(-0.67777 0.0180144 1.25441)
(0.677802 0.0180427 1.25434)
(0.267398 0.162108 1.60566)
(1.08775 -0.825745 3.17946)
(0.0857305 -1.69397 2.6051)
(0.634548 -0.634549 5.06103)
(-1.69397 -0.0857288 2.6051)
(1.67145 1.67144 1.95563)
(-0.86908 0.997735 1.53032)
(0.468785 1.09533 -1.4674)
(-0.763881 0.309051 -2.3181)
(0.763789 0.309119 -2.31813)
(-0.46885 1.09539 -1.46738)
(0.869089 0.997732 1.53034)
(-1.67145 1.67145 1.95563)
(1.69397 -0.0857287 2.6051)
(-0.825761 -1.08774 3.17947)
(0.997738 -0.869084 1.53031)
(-0.277315 -0.27733 0.876867)
(0.426811 0.102748 -1.29823)
(-0.498487 -0.145041 -2.49632)
(0.498469 -0.145016 -2.49629)
(-0.426856 0.102761 -1.29826)
(0.277294 -0.277354 0.876857)
(-0.997739 -0.869103 1.53033)
(0.825758 -1.08775 3.17947)
(0.162077 -0.267418 1.60571)
(1.09532 0.468762 -1.46742)
(0.10275 0.426798 -1.29824)
(0.147045 0.147058 -2.33681)
(-0.286109 0.151905 -3.40337)
(0.286134 0.151911 -3.40339)
(-0.147041 0.147085 -2.33686)
(-0.102765 0.426803 -1.29826)
(-1.09533 0.468769 -1.46743)
(-0.162078 -0.267416 1.60571)
(0.0180065 -0.677762 1.25442)
(0.309033 -0.763907 -2.3181)
(-0.145049 -0.498495 -2.49633)
(0.151897 -0.286105 -3.40338)
(-0.246773 -0.24677 -3.58251)
(0.24678 -0.246767 -3.5825)
(-0.151886 -0.286109 -3.40339)
(0.145045 -0.498495 -2.49632)
(-0.309045 -0.763896 -2.31811)
(-0.0180092 -0.677767 1.25441)
(0.0180494 0.677811 1.25432)
(0.309136 0.763763 -2.31814)
(-0.145011 0.498464 -2.49628)
(0.151908 0.286137 -3.40339)
(-0.246767 0.246776 -3.5825)
(0.246774 0.246773 -3.5825)
(-0.151896 0.286138 -3.4034)
(0.145011 0.498469 -2.49628)
(-0.309137 0.763768 -2.31815)
(-0.0180486 0.677811 1.25432)
(0.162115 0.267395 1.60565)
(1.09541 -0.468861 -1.46738)
(0.102767 -0.426866 -1.29827)
(0.147088 -0.147045 -2.33687)
(-0.286111 -0.151892 -3.4034)
(0.286132 -0.151898 -3.40341)
(-0.147083 -0.147072 -2.33691)
(-0.102776 -0.426863 -1.29829)
(-1.09541 -0.468857 -1.4674)
(-0.162114 0.267395 1.60565)
(-0.825741 1.08775 3.17946)
(0.997731 0.869094 1.53034)
(-0.277358 0.277295 0.876853)
(0.426814 -0.102773 -1.29827)
(-0.498488 0.145037 -2.49632)
(0.498473 0.145017 -2.49629)
(-0.426853 -0.10278 -1.29829)
(0.277333 0.277318 0.876843)
(-0.997731 0.869119 1.53035)
(0.825739 1.08775 3.17947)
(-1.69397 0.0857318 2.6051)
(1.67145 -1.67145 1.95563)
(-0.869104 -0.997737 1.53033)
(0.468788 -1.09534 -1.46742)
(-0.763874 -0.309062 -2.31812)
(0.763794 -0.309122 -2.31814)
(-0.468844 -1.09539 -1.4674)
(0.869119 -0.997734 1.53035)
(-1.67145 -1.67145 1.95564)
(1.69397 0.0857311 2.6051)
(-0.634549 0.634548 5.06103)
(-0.0857282 1.69397 2.6051)
(-1.08775 0.825755 3.17947)
(-0.267412 -0.162085 1.6057)
(-0.677776 -0.0180177 1.2544)
(0.677803 -0.018043 1.25434)
(0.267398 -0.162108 1.60566)
(1.08775 0.825742 3.17947)
(0.0857298 1.69397 2.6051)
(0.634549 0.634549 5.06102)
)
;
    }
}


// ************************************************************************* //
