/*--------------------------------*- C++ -*----------------------------------*\
| =========                 |                                                 |
| \\      /  F ield         | OpenFOAM: The Open Source CFD Toolbox           |
|  \\    /   O peration     | Version:  2412                                  |
|   \\  /    A nd           | Website:  www.openfoam.com                      |
|    \\/     M anipulation  |                                                 |
\*---------------------------------------------------------------------------*/
FoamFile
{
    version     2.0;
    format      ascii;
    arch        "LSB;label=32;scalar=64";
    class       volScalarField;
    location    "1";
    object      p;
}
// * * * * * * * * * * * * * * * * * * * * * * * * * * * * * * * * * * * * * //

dimensions      [1 -1 -2 0 0 0 0];

internalField   nonuniform List<scalar> 
1000
(
4.46135
2.16053
2.66165
2.56431
2.63638
2.63638
2.5643
2.66165
2.16053
4.46127
2.16052
2.13385
2.39317
2.55596
2.6075
2.6075
2.55596
2.39317
2.13384
2.16051
2.66165
2.39317
2.59229
2.56925
2.66289
2.6629
2.56924
2.59229
2.39317
2.66166
2.56431
2.55596
2.56925
2.58082
2.60908
2.60909
2.58082
2.56925
2.55595
2.5643
2.63638
2.6075
2.66289
2.60908
2.64367
2.64367
2.60908
2.66289
2.60749
2.63638
2.63638
2.6075
2.6629
2.60909
2.64367
2.64367
2.60908
2.66289
2.6075
2.63638
2.56429
2.55596
2.56924
2.58082
2.60908
2.60908
2.58082
2.56924
2.55596
2.56429
2.66165
2.39317
2.59229
2.56925
2.66289
2.66289
2.56924
2.59227
2.39316
2.66165
2.16054
2.13383
2.39317
2.55595
2.60749
2.6075
2.55595
2.39316
2.13382
2.16052
4.46124
2.1605
2.66166
2.5643
2.63638
2.63638
2.56429
2.66166
2.16051
4.46119
4.19506
1.90738
2.46274
2.29055
2.36028
2.36028
2.29056
2.46274
1.90738
4.19501
1.90738
1.87199
2.18618
2.27253
2.33054
2.33055
2.27253
2.18617
1.87198
1.90737
2.46274
2.18618
2.44248
2.31379
2.40256
2.40256
2.31378
2.44248
2.18618
2.46274
2.29055
2.27252
2.31379
2.29463
2.32948
2.32949
2.29463
2.31379
2.27252
2.29056
2.36028
2.33054
2.40256
2.32948
2.36609
2.36609
2.32948
2.40256
2.33054
2.36028
2.36028
2.33055
2.40256
2.32949
2.36609
2.36609
2.32948
2.40256
2.33055
2.36028
2.29057
2.27253
2.31378
2.29462
2.32948
2.32948
2.29462
2.31378
2.27253
2.29057
2.46274
2.18617
2.44247
2.31379
2.40256
2.40256
2.31378
2.44246
2.18616
2.46274
1.90738
1.87198
2.18617
2.27252
2.33054
2.33055
2.27252
2.18616
1.87197
1.90737
4.195
1.90737
2.46275
2.29056
2.36028
2.36028
2.29057
2.46275
1.90737
4.19498
3.54125
1.681
2.21714
2.00812
2.08447
2.08447
2.00814
2.21716
1.681
3.54127
1.681
1.62183
1.97555
1.99142
2.05517
2.05518
1.99142
1.97555
1.62183
1.68099
2.21714
1.97555
2.25146
2.04212
2.13036
2.13036
2.04212
2.25145
1.97555
2.21715
2.00812
1.99142
2.04212
2.01764
2.05357
2.05357
2.01763
2.04212
1.99142
2.00813
2.08447
2.05517
2.13036
2.05356
2.08731
2.08732
2.05356
2.13036
2.05517
2.08447
2.08447
2.05518
2.13036
2.05357
2.08732
2.08732
2.05357
2.13036
2.05518
2.08447
2.00814
1.99142
2.04211
2.01763
2.05356
2.05357
2.01763
2.04211
1.99142
2.00814
2.21716
1.97555
2.25145
2.04212
2.13037
2.13037
2.04211
2.25143
1.97554
2.21717
1.68101
1.62183
1.97554
1.99142
2.05517
2.05518
1.99142
1.97554
1.62183
1.681
3.54129
1.68099
2.21716
2.00813
2.08447
2.08447
2.00814
2.21717
1.681
3.54129
3.15928
1.45158
1.95604
1.74048
1.8099
1.8099
1.74047
1.95606
1.45159
3.15928
1.45157
1.37495
1.72478
1.72036
1.78065
1.78066
1.72036
1.72479
1.37495
1.45157
1.95604
1.72478
2.06063
1.7677
1.85182
1.85182
1.7677
2.06064
1.72478
1.95605
1.74048
1.72036
1.7677
1.74726
1.77774
1.77774
1.74725
1.76771
1.72037
1.74048
1.80991
1.78065
1.85182
1.77774
1.80921
1.80921
1.77773
1.85182
1.78065
1.80991
1.8099
1.78066
1.85182
1.77774
1.80921
1.80921
1.77774
1.85182
1.78066
1.8099
1.74046
1.72036
1.76769
1.74725
1.77774
1.77774
1.74725
1.7677
1.72036
1.74047
1.95606
1.72479
2.06065
1.76772
1.85182
1.85182
1.76771
2.06065
1.72479
1.95606
1.4516
1.37495
1.72478
1.72037
1.78065
1.78066
1.72037
1.72479
1.37495
1.45159
3.15928
1.45157
1.95606
1.74049
1.80991
1.80991
1.74048
1.95607
1.45158
3.1593
3.18706
1.24138
1.70115
1.47349
1.53658
1.53658
1.47348
1.70117
1.2414
3.18711
1.24138
1.13638
1.42244
1.45353
1.50408
1.50409
1.45353
1.42245
1.13639
1.24139
1.70115
1.42243
1.80911
1.50825
1.56903
1.56903
1.50825
1.80913
1.42244
1.70116
1.4735
1.45354
1.50825
1.47628
1.50305
1.50305
1.47628
1.50826
1.45354
1.4735
1.53658
1.50408
1.56903
1.50305
1.53057
1.53058
1.50305
1.56903
1.50408
1.53658
1.53658
1.50409
1.56903
1.50305
1.53058
1.53058
1.50305
1.56904
1.50409
1.53659
1.47348
1.45353
1.50825
1.47628
1.50305
1.50305
1.47628
1.50826
1.45353
1.47348
1.70117
1.42245
1.80914
1.50827
1.56904
1.56904
1.50827
1.80915
1.42246
1.70118
1.24141
1.1364
1.42244
1.45354
1.50408
1.50409
1.45354
1.42245
1.1364
1.24141
3.18713
1.24139
1.70117
1.4735
1.53659
1.53659
1.47349
1.70118
1.24141
3.18717
2.71637
0.99134
1.42995
1.2073
1.26583
1.26583
1.20728
1.42997
0.991355
2.71642
0.991337
0.880337
1.10461
1.18114
1.22656
1.22656
1.18113
1.10462
0.880348
0.991343
1.42995
1.1046
1.50197
1.22808
1.28571
1.28571
1.22808
1.50198
1.10461
1.42996
1.2073
1.18114
1.22808
1.20475
1.2268
1.22681
1.20475
1.22809
1.18114
1.2073
1.26583
1.22656
1.28571
1.2268
1.25147
1.25147
1.22681
1.28571
1.22656
1.26583
1.26583
1.22657
1.28571
1.22681
1.25148
1.25148
1.22681
1.28571
1.22657
1.26583
1.20728
1.18113
1.22808
1.20475
1.22681
1.22681
1.20475
1.22808
1.18113
1.20728
1.42998
1.10462
1.50199
1.22809
1.28571
1.28571
1.22809
1.502
1.10462
1.42998
0.991361
0.880352
1.10461
1.18114
1.22656
1.22657
1.18114
1.10462
0.880358
0.991363
2.71644
0.991346
1.42997
1.2073
1.26583
1.26583
1.20729
1.42998
0.991358
2.71647
1.98269
0.777109
1.13069
0.943038
0.987673
0.987675
0.943034
1.1307
0.77712
1.9827
0.777107
0.677088
0.801761
0.912009
0.948295
0.948301
0.912004
0.801763
0.677097
0.777111
1.13069
0.80176
1.12044
0.944223
0.99547
0.995477
0.944224
1.12044
0.801762
1.1307
0.943041
0.912011
0.944225
0.93219
0.949846
0.949844
0.932189
0.94423
0.912013
0.943045
0.987673
0.948295
0.995469
0.949847
0.970732
0.970733
0.949852
0.995469
0.948297
0.987676
0.987677
0.948303
0.99548
0.949844
0.970734
0.970735
0.94985
0.995478
0.948304
0.987678
0.943034
0.912003
0.944224
0.932189
0.949855
0.949854
0.932189
0.944229
0.912006
0.943038
1.13071
0.801764
1.12044
0.944232
0.99547
0.995475
0.944231
1.12044
0.801766
1.13071
0.777124
0.677102
0.801762
0.912013
0.948298
0.948302
0.912009
0.801764
0.677106
0.777124
1.9827
0.777113
1.1307
0.943045
0.987677
0.987678
0.943041
1.13071
0.77712
1.98271
1.54405
0.517571
0.856694
0.688839
0.716709
0.716712
0.688841
0.856709
0.517579
1.54407
0.517568
0.4369
0.516533
0.640427
0.671923
0.671928
0.640424
0.516532
0.436916
0.517571
0.856693
0.516533
0.811144
0.665565
0.715388
0.715403
0.665567
0.811151
0.516535
0.856706
0.688842
0.640428
0.665565
0.658288
0.6731
0.673088
0.658288
0.665567
0.640429
0.688848
0.716709
0.671923
0.715385
0.673104
0.691684
0.691685
0.673117
0.715378
0.671924
0.716712
0.716714
0.67193
0.715411
0.673082
0.691685
0.691686
0.6731
0.715399
0.67193
0.716716
0.688843
0.640423
0.665568
0.658288
0.673124
0.673115
0.658289
0.665569
0.640425
0.688849
0.856716
0.516531
0.811151
0.665568
0.715375
0.715386
0.665569
0.811158
0.516534
0.856722
0.517582
0.436923
0.516536
0.640429
0.671924
0.671928
0.640426
0.516536
0.436931
0.517581
1.54408
0.517573
0.856711
0.68885
0.716713
0.716715
0.68885
0.85672
0.517577
1.54409
1.45072
0.354985
0.560273
0.420521
0.426106
0.426107
0.420523
0.560286
0.354993
1.45073
0.354982
0.35052
0.28532
0.370429
0.392626
0.392628
0.370427
0.285318
0.350524
0.35498
0.560273
0.285321
0.447514
0.380459
0.420577
0.420582
0.380461
0.447518
0.285322
0.560286
0.420522
0.37043
0.380459
0.382706
0.394819
0.394813
0.382706
0.38046
0.37043
0.42053
0.426106
0.392626
0.420577
0.394822
0.409418
0.409418
0.394832
0.420576
0.392626
0.426108
0.426109
0.392629
0.420586
0.394812
0.409417
0.409417
0.394823
0.420583
0.39263
0.426111
0.420525
0.370427
0.380463
0.382707
0.394836
0.394831
0.382708
0.380463
0.370428
0.420531
0.560292
0.285317
0.447518
0.38046
0.420575
0.420579
0.380462
0.447524
0.28532
0.560299
0.354997
0.350525
0.285322
0.37043
0.392627
0.392629
0.370429
0.285321
0.350526
0.354992
1.45074
0.354979
0.560291
0.420533
0.426109
0.426111
0.420533
0.560299
0.354986
1.45074
0.918427
0.0213525
0.284069
0.165773
0.157986
0.157988
0.165777
0.284079
0.0213473
0.918405
0.0213526
-0.0234829
0.0716517
0.112927
0.120597
0.120597
0.112931
0.0716488
-0.0234919
0.0213475
0.284069
0.0716522
0.197617
0.124897
0.14721
0.147211
0.124899
0.197619
0.071652
0.284076
0.165772
0.112927
0.124897
0.112094
0.120817
0.120808
0.112095
0.124898
0.112929
0.165775
0.157986
0.120597
0.147211
0.120824
0.132054
0.13205
0.120838
0.147212
0.120597
0.157987
0.157989
0.120598
0.147212
0.120808
0.132048
0.132044
0.120824
0.147213
0.120598
0.15799
0.165779
0.112932
0.1249
0.112095
0.120842
0.120834
0.112096
0.1249
0.112933
0.165781
0.284083
0.071648
0.19762
0.124899
0.147212
0.147212
0.1249
0.197622
0.0716488
0.284087
0.0213451
-0.0234963
0.0716511
0.112929
0.120597
0.120598
0.112931
0.0716491
-0.0235008
0.0213424
0.918395
0.0213449
0.284079
0.165776
0.157988
0.157989
0.16578
0.284086
0.021342
0.918383
)
;

boundaryField
{
    bottom
    {
        type            calculated;
        value           nonuniform List<scalar> 0();
    }
    atmosphere
    {
        type            calculated;
        value           nonuniform List<scalar> 
100
(
-0.0646143
0
0
0
-0.00482846
-0.00482828
0
0
0
-0.0646174
0
-0.023911
0
-0.042769
-0.0242862
-0.0242874
-0.0427643
0
-0.0239234
0
0
0
0
-0.0165663
-0.0034514
-0.00345142
-0.0165654
0
0
0
0
-0.0427686
-0.016566
-0.0298175
-0.0188354
-0.0188356
-0.0298167
-0.0165656
-0.0427665
0
-0.00482858
-0.0242866
-0.00345142
-0.0188356
-0.00906961
-0.00906946
-0.0188352
-0.00345096
-0.0242858
-0.00482759
-0.00482845
-0.0242872
-0.00345139
-0.0188357
-0.00906949
-0.00906936
-0.0188352
-0.00345092
-0.0242861
-0.00482755
0
-0.0427657
-0.0165655
-0.029817
-0.0188352
-0.0188353
-0.0298165
-0.0165652
-0.0427649
0
0
0
0
-0.016566
-0.0034511
-0.00345108
-0.0165652
0
0
0
0
-0.0239195
0
-0.0427674
-0.0242858
-0.0242866
-0.0427642
0
-0.0239281
0
-0.0646163
0
0
0
-0.00482782
-0.00482772
0
0
0
-0.0646189
)
;
    }
    walls
    {
        type            calculated;
        value           nonuniform List<scalar> 
400
(
4.46135
2.16052
2.66165
2.56431
2.63638
2.63638
2.56429
2.66165
2.16054
4.46124
4.19506
1.90738
2.46274
2.29055
2.36028
2.36028
2.29057
2.46274
1.90738
4.195
3.54125
1.681
2.21714
2.00812
2.08447
2.08447
2.00814
2.21716
1.68101
3.54129
3.15928
1.45157
1.95604
1.74048
1.80991
1.8099
1.74046
1.95606
1.4516
3.15928
3.18706
1.24138
1.70115
1.4735
1.53658
1.53658
1.47348
1.70117
1.24141
3.18713
2.71637
0.991337
1.42995
1.2073
1.26583
1.26583
1.20728
1.42998
0.991361
2.71644
1.98269
0.777107
1.13069
0.943041
0.987673
0.987677
0.943034
1.13071
0.777124
1.9827
1.54405
0.517568
0.856693
0.688842
0.716709
0.716714
0.688843
0.856716
0.517582
1.54408
1.45072
0.354982
0.560273
0.420522
0.426106
0.426109
0.420525
0.560292
0.354997
1.45074
0.918427
0.0213526
0.284069
0.165772
0.157986
0.157989
0.165779
0.284083
0.0213451
0.918395
4.46127
2.16051
2.66166
2.5643
2.63638
2.63638
2.56429
2.66165
2.16052
4.46119
4.19501
1.90737
2.46274
2.29056
2.36028
2.36028
2.29057
2.46274
1.90737
4.19498
3.54127
1.68099
2.21715
2.00813
2.08447
2.08447
2.00814
2.21717
1.681
3.54129
3.15928
1.45157
1.95605
1.74048
1.80991
1.8099
1.74047
1.95606
1.45159
3.1593
3.18711
1.24139
1.70116
1.4735
1.53658
1.53659
1.47348
1.70118
1.24141
3.18717
2.71642
0.991343
1.42996
1.2073
1.26583
1.26583
1.20728
1.42998
0.991363
2.71647
1.9827
0.777111
1.1307
0.943045
0.987676
0.987678
0.943038
1.13071
0.777124
1.98271
1.54407
0.517571
0.856706
0.688848
0.716712
0.716716
0.688849
0.856722
0.517581
1.54409
1.45073
0.35498
0.560286
0.42053
0.426108
0.426111
0.420531
0.560299
0.354992
1.45074
0.918405
0.0213475
0.284076
0.165775
0.157987
0.15799
0.165781
0.284087
0.0213424
0.918383
4.46135
4.19506
3.54125
3.15928
3.18706
2.71637
1.98269
1.54405
1.45072
0.918427
2.16053
1.90738
1.681
1.45158
1.24138
0.99134
0.777109
0.517571
0.354985
0.0213525
2.66165
2.46274
2.21714
1.95604
1.70115
1.42995
1.13069
0.856694
0.560273
0.284069
2.56431
2.29055
2.00812
1.74048
1.47349
1.2073
0.943038
0.688839
0.420521
0.165773
2.63638
2.36028
2.08447
1.8099
1.53658
1.26583
0.987673
0.716709
0.426106
0.157986
2.63638
2.36028
2.08447
1.8099
1.53658
1.26583
0.987675
0.716712
0.426107
0.157988
2.5643
2.29056
2.00814
1.74047
1.47348
1.20728
0.943034
0.688841
0.420523
0.165777
2.66165
2.46274
2.21716
1.95606
1.70117
1.42997
1.1307
0.856709
0.560286
0.284079
2.16053
1.90738
1.681
1.45159
1.2414
0.991355
0.77712
0.517579
0.354993
0.0213473
4.46127
4.19501
3.54127
3.15928
3.18711
2.71642
1.9827
1.54407
1.45073
0.918405
4.46124
4.195
3.54129
3.15928
3.18713
2.71644
1.9827
1.54408
1.45074
0.918395
2.1605
1.90737
1.68099
1.45157
1.24139
0.991346
0.777113
0.517573
0.354979
0.0213449
2.66166
2.46275
2.21716
1.95606
1.70117
1.42997
1.1307
0.856711
0.560291
0.284079
2.5643
2.29056
2.00813
1.74049
1.4735
1.2073
0.943045
0.68885
0.420533
0.165776
2.63638
2.36028
2.08447
1.80991
1.53659
1.26583
0.987677
0.716713
0.426109
0.157988
2.63638
2.36028
2.08447
1.80991
1.53659
1.26583
0.987678
0.716715
0.426111
0.157989
2.56429
2.29057
2.00814
1.74048
1.47349
1.20729
0.943041
0.68885
0.420533
0.16578
2.66166
2.46275
2.21717
1.95607
1.70118
1.42998
1.13071
0.85672
0.560299
0.284086
2.16051
1.90737
1.681
1.45158
1.24141
0.991358
0.77712
0.517577
0.354986
0.021342
4.46119
4.19498
3.54129
3.1593
3.18717
2.71647
1.98271
1.54409
1.45074
0.918383
)
;
    }
    procBoundary1to0
    {
        type            processor;
        value           nonuniform List<scalar> 
100
(
4.20052
2.38455
2.85944
2.85576
2.92011
2.92011
2.85575
2.85946
2.38456
4.20051
2.38455
2.38463
2.63218
2.83829
2.88801
2.88802
2.83828
2.63219
2.38462
2.38454
2.85943
2.63219
2.70289
2.81243
2.92169
2.92169
2.81241
2.70288
2.63219
2.85944
2.85577
2.83829
2.81243
2.87612
2.89238
2.89239
2.87611
2.81242
2.83828
2.85576
2.92011
2.88801
2.92169
2.89238
2.92515
2.92515
2.89238
2.92168
2.88801
2.92011
2.92011
2.88802
2.92169
2.89239
2.92515
2.92516
2.89238
2.92169
2.88801
2.92011
2.85574
2.83828
2.81241
2.87611
2.89238
2.89238
2.87611
2.8124
2.83827
2.85573
2.85947
2.6322
2.70288
2.81242
2.92168
2.92168
2.8124
2.70287
2.6322
2.85947
2.38456
2.38462
2.63219
2.83828
2.88801
2.88801
2.83827
2.6322
2.38461
2.38455
4.2005
2.38454
2.85943
2.85575
2.92011
2.92011
2.85573
2.85945
2.38454
4.2005
)
;
    }
}


// ************************************************************************* //
