/*--------------------------------*- C++ -*----------------------------------*\
| =========                 |                                                 |
| \\      /  F ield         | OpenFOAM: The Open Source CFD Toolbox           |
|  \\    /   O peration     | Version:  2412                                  |
|   \\  /    A nd           | Website:  www.openfoam.com                      |
|    \\/     M anipulation  |                                                 |
\*---------------------------------------------------------------------------*/
FoamFile
{
    version     2.0;
    format      ascii;
    arch        "LSB;label=32;scalar=64";
    class       volScalarField;
    location    "0.46";
    object      p_rgh;
}
// * * * * * * * * * * * * * * * * * * * * * * * * * * * * * * * * * * * * * //

dimensions      [1 -1 -2 0 0 0 0];

internalField   nonuniform List<scalar> 
1000
(
399.707
296.979
313.713
401.261
678.089
678.089
401.261
313.713
296.979
399.707
296.979
73.7109
44.0913
59.0135
212.844
212.845
59.0136
44.0914
73.7111
296.979
313.713
44.0913
86.6956
152.195
463.238
463.238
152.195
86.6956
44.0914
313.713
401.261
59.0135
152.195
194.456
302.304
302.305
194.455
152.195
59.0136
401.261
678.089
212.844
463.238
302.304
1193.14
1193.14
302.304
463.238
212.844
678.089
678.089
212.845
463.238
302.305
1193.14
1193.14
302.304
463.238
212.845
678.089
401.261
59.0136
152.195
194.455
302.304
302.304
194.455
152.195
59.0136
401.261
313.713
44.0914
86.6956
152.195
463.238
463.238
152.195
86.6955
44.0914
313.713
296.979
73.7111
44.0914
59.0136
212.844
212.845
59.0136
44.0914
73.7111
296.979
399.707
296.979
313.713
401.261
678.089
678.089
401.261
313.713
296.979
399.707
264.785
82.5244
45.315
-2.35178
19.7462
19.7461
-2.35182
45.3151
82.5245
264.785
82.5244
-41.2695
-12.1951
-23.9962
12.4942
12.4942
-23.9962
-12.1951
-41.2695
82.5245
45.315
-12.1951
24.0434
30.3438
141.986
141.986
30.3438
24.0434
-12.1951
45.3151
-2.35179
-23.9962
30.3438
41.9577
89.8695
89.8695
41.9575
30.3437
-23.9961
-2.3518
19.7462
12.4942
141.986
89.8695
256.229
256.229
89.8691
141.986
12.4943
19.7461
19.7461
12.4943
141.986
89.8695
256.229
256.229
89.8691
141.986
12.4943
19.7461
-2.35182
-23.9961
30.3438
41.9575
89.8691
89.8691
41.9573
30.3437
-23.9961
-2.35186
45.3151
-12.1951
24.0434
30.3438
141.986
141.986
30.3437
24.0433
-12.195
45.3151
82.5245
-41.2694
-12.1951
-23.9961
12.4943
12.4943
-23.9961
-12.195
-41.2694
82.5246
264.785
82.5245
45.3151
-2.35179
19.7462
19.7461
-2.35185
45.3151
82.5246
264.785
180.48
49.6108
49.5592
28.3882
75.8478
75.8478
28.3881
49.5591
49.6108
180.481
49.6108
-43.3069
-12.169
-24.5211
9.20525
9.20524
-24.5211
-12.169
-43.3068
49.6108
49.5592
-12.169
20.2377
20.459
90.5179
90.5179
20.459
20.2377
-12.169
49.5592
28.3882
-24.5211
20.459
20.9377
34.8332
34.8332
20.9375
20.459
-24.521
28.3882
75.8478
9.20525
90.5179
34.8332
18.3697
18.3697
34.8331
90.5178
9.20528
75.8478
75.8478
9.20524
90.5179
34.8332
18.3697
18.3697
34.833
90.5178
9.20527
75.8477
28.3881
-24.5211
20.459
20.9375
34.8331
34.833
20.9373
20.459
-24.521
28.3881
49.5591
-12.169
20.2377
20.459
90.5178
90.5178
20.459
20.2376
-12.169
49.5592
49.6108
-43.3068
-12.169
-24.521
9.20528
9.20527
-24.521
-12.169
-43.3067
49.6109
180.481
49.6108
49.5592
28.3882
75.8478
75.8478
28.3881
49.5592
49.6109
180.481
116.503
27.7898
29.3816
15.3042
42.829
42.8289
15.3042
29.3816
27.7898
116.504
27.7898
-54.3521
-14.9091
-30.2239
-5.17614
-5.17618
-30.2239
-14.9091
-54.352
27.7898
29.3816
-14.9091
14.9102
9.65802
49.9194
49.9194
9.65801
14.9102
-14.9091
29.3817
15.3042
-30.2239
9.65802
9.14721
12.7291
12.729
9.14708
9.65796
-30.2239
15.3042
42.829
-5.17614
49.9194
12.7291
12.8785
12.8785
12.729
49.9193
-5.17611
42.829
42.8289
-5.1762
49.9194
12.7291
12.8785
12.8784
12.729
49.9193
-5.17617
42.8288
15.3042
-30.2239
9.65802
9.14709
12.729
12.729
9.14697
9.65795
-30.2238
15.3042
29.3816
-14.9091
14.9102
9.65797
49.9193
49.9193
9.65795
14.9101
-14.9091
29.3817
27.7898
-54.352
-14.9091
-30.2239
-5.1761
-5.17615
-30.2238
-14.9091
-54.3519
27.7899
116.504
27.7898
29.3817
15.3042
42.829
42.8289
15.3042
29.3817
27.7899
116.504
64.5783
13.9848
15.5695
5.56405
17.96
17.9601
5.56405
15.5695
13.9848
64.5784
13.9848
-48.9003
-13.5675
-28.7324
-11.23
-11.23
-28.7324
-13.5675
-48.9002
13.9849
15.5695
-13.5675
10.643
4.02835
21.6847
21.6846
4.02833
10.643
-13.5675
15.5695
5.56405
-28.7324
4.02834
5.18465
8.35195
8.35193
5.18456
4.02827
-28.7323
5.56409
17.96
-11.23
21.6847
8.35195
10.6766
10.6766
8.35192
21.6846
-11.23
17.96
17.96
-11.23
21.6846
8.35194
10.6766
10.6766
8.3519
21.6846
-11.23
17.96
5.56406
-28.7324
4.02834
5.18457
8.35192
8.35191
5.18447
4.02825
-28.7323
5.56411
15.5695
-13.5675
10.643
4.02827
21.6846
21.6846
4.02825
10.6429
-13.5674
15.5695
13.9848
-48.9002
-13.5674
-28.7323
-11.2299
-11.23
-28.7323
-13.5674
-48.9001
13.9849
64.5784
13.9849
15.5695
5.5641
17.9601
17.9601
5.56411
15.5695
13.9849
64.5784
32.5394
4.12536
7.08781
-0.959721
4.24093
4.24103
-0.959702
7.08784
4.12539
32.5395
4.12536
-38.7281
-14.3933
-25.9431
-12.4019
-12.4019
-25.9431
-14.3932
-38.728
4.12542
7.08781
-14.3933
6.3895
0.923971
4.60876
4.60875
0.923925
6.38945
-14.3932
7.08782
-0.959722
-25.9431
0.923974
3.40541
5.63916
5.63915
3.40532
0.923843
-25.943
-0.959684
4.24092
-12.4019
4.60877
5.63915
8.76621
8.76621
5.63913
4.60876
-12.4018
4.24095
4.24105
-12.4019
4.60874
5.63915
8.76621
8.76621
5.63913
4.60873
-12.4018
4.24107
-0.959691
-25.9431
0.923936
3.40533
5.63914
5.63913
3.40523
0.923805
-25.943
-0.959655
7.08784
-14.3932
6.38945
0.923847
4.60875
4.60874
0.923801
6.38941
-14.3932
7.08786
4.1254
-38.728
-14.3932
-25.943
-12.4018
-12.4018
-25.943
-14.3932
-38.728
4.12545
32.5395
4.12542
7.08783
-0.959679
4.24097
4.24105
-0.959661
7.08785
4.12544
32.5395
15.3078
-2.31028
2.70968
-3.7336
-3.01278
-3.01274
-3.73358
2.70971
-2.31027
15.3078
-2.31028
-24.6126
-13.2212
-22.0837
-10.5098
-10.5098
-22.0837
-13.2211
-24.6125
-2.31021
2.70968
-13.2212
3.53101
-1.11722
2.38574
2.38572
-1.1173
3.531
-13.2211
2.70969
-3.7336
-22.0837
-1.11721
3.71529
3.77522
3.77523
3.71522
-1.1174
-22.0836
-3.73358
-3.01278
-10.5098
2.38575
3.77521
6.6941
6.6941
3.7752
2.38573
-10.5098
-3.01275
-3.01272
-10.5098
2.38571
3.77523
6.6941
6.6941
3.77521
2.3857
-10.5098
-3.0127
-3.73357
-22.0837
-1.11729
3.71523
3.77521
3.77521
3.71513
-1.11748
-22.0836
-3.73355
2.70971
-13.2211
3.531
-1.1174
2.38573
2.38571
-1.11749
3.53099
-13.2211
2.70972
-2.31026
-24.6125
-13.2211
-22.0836
-10.5098
-10.5098
-22.0836
-13.2211
-24.6124
-2.3102
15.3078
-2.3102
2.7097
-3.73358
-3.01275
-3.01272
-3.73356
2.70972
-2.3102
15.3078
6.67458
-6.5902
0.361849
-4.05816
-3.61346
-3.61346
-4.05815
0.361867
-6.5902
6.67464
-6.5902
-12.1277
-8.5808
-14.2515
-2.82248
-2.82249
-14.2515
-8.58075
-12.1277
-6.59016
0.36185
-8.5808
2.58657
1.15657
1.81348
1.81347
1.15654
2.58657
-8.58077
0.361849
-4.05816
-14.2515
1.15659
3.51365
2.94381
2.94384
3.51384
1.15669
-14.2515
-4.05815
-3.61346
-2.82247
1.81348
2.9438
5.01553
5.01553
2.9438
1.81346
-2.82247
-3.61345
-3.61346
-2.82247
1.81346
2.94384
5.01553
5.01553
2.94384
1.81345
-2.82246
-3.61345
-4.05814
-14.2515
1.15654
3.51384
2.94381
2.94384
3.51403
1.15666
-14.2514
-4.05813
0.361871
-8.58074
2.58657
1.15668
1.81346
1.81346
1.15666
2.58657
-8.58072
0.361876
-6.59019
-12.1277
-8.58077
-14.2514
-2.82248
-2.82248
-14.2514
-8.58072
-12.1276
-6.59015
6.67465
-6.59016
0.36185
-4.05815
-3.61345
-3.61345
-4.05813
0.361876
-6.59015
6.67465
1.86824
-7.47579
0.263856
-3.02202
-1.81727
-1.81727
-3.02201
0.263865
-7.47579
1.86826
-7.47579
-5.35508
-2.76449
-5.53899
4.76539
4.76542
-5.53897
-2.76447
-5.35507
-7.47576
0.263858
-2.76449
2.59927
4.36572
1.99478
1.99483
4.36569
2.59925
-2.76449
0.263833
-3.02201
-5.53899
4.36573
3.41104
2.78946
2.7895
3.41091
4.36574
-5.53897
-3.02201
-1.81726
4.7654
1.99475
2.78945
3.833
3.83299
2.78944
1.99476
4.76539
-1.81725
-1.81726
4.76545
1.99482
2.7895
3.83299
3.83298
2.78949
1.99482
4.76545
-1.81725
-3.022
-5.53896
4.36569
3.41092
2.78945
2.78949
3.41079
4.36571
-5.53893
-3.02199
0.263866
-2.76446
2.59925
4.36574
1.99478
1.99482
4.36571
2.59924
-2.76446
0.263862
-7.47579
-5.35506
-2.76449
-5.53895
4.76539
4.76542
-5.53893
-2.76446
-5.35503
-7.47575
1.86827
-7.47575
0.263833
-3.02201
-1.81726
-1.81726
-3.02199
0.263862
-7.47576
1.86828
2.82858
-3.99332
0.669278
-1.66137
-0.61932
-0.61929
-1.66136
0.669286
-3.99335
2.82857
-3.99332
-1.10099
0.0944813
-0.765533
9.34427
9.34446
-0.765484
0.0944993
-1.10099
-3.99334
0.669278
0.0944783
2.77128
6.52205
2.38233
2.38251
6.52203
2.77126
0.0944778
0.669269
-1.66137
-0.765562
6.52206
9.59734
2.85976
2.85982
9.59711
6.52211
-0.765544
-1.66137
-0.619325
9.34424
2.38225
2.85975
2.99997
2.99995
2.85975
2.38228
9.34426
-0.619317
-0.619284
9.34452
2.38252
2.85982
2.99995
2.99994
2.85982
2.38252
9.34452
-0.619276
-1.66136
-0.765478
6.52204
9.59712
2.85976
2.85982
9.5969
6.5221
-0.765459
-1.66136
0.669289
0.0945043
2.77125
6.5221
2.38235
2.38251
6.5221
2.77125
0.094512
0.669293
-3.99334
-1.10099
0.0944828
-0.765511
9.34429
9.34446
-0.765459
0.0945092
-1.10096
-3.99334
2.82858
-3.99334
0.669271
-1.66137
-0.61931
-0.619282
-1.66136
0.669292
-3.99334
2.82859
)
;

boundaryField
{
    bottom
    {
        type            fixedFluxPressure;
        gradient        uniform 0;
        value           nonuniform List<scalar> 
100
(
399.707
296.979
313.713
401.261
678.089
678.089
401.261
313.713
296.979
399.707
296.979
73.7109
44.0913
59.0135
212.844
212.845
59.0136
44.0914
73.7111
296.979
313.713
44.0913
86.6956
152.195
463.238
463.238
152.195
86.6956
44.0914
313.713
401.261
59.0135
152.195
194.456
302.304
302.305
194.455
152.195
59.0136
401.261
678.089
212.844
463.238
302.304
1193.14
1193.14
302.304
463.238
212.844
678.089
678.089
212.845
463.238
302.305
1193.14
1193.14
302.304
463.238
212.845
678.089
401.261
59.0136
152.195
194.455
302.304
302.304
194.455
152.195
59.0136
401.261
313.713
44.0914
86.6956
152.195
463.238
463.238
152.195
86.6955
44.0914
313.713
296.979
73.7111
44.0914
59.0136
212.844
212.845
59.0136
44.0914
73.7111
296.979
399.707
296.979
313.713
401.261
678.089
678.089
401.261
313.713
296.979
399.707
)
;
    }
    atmosphere
    {
        type            prghTotalPressure;
        p0              nonuniform List<scalar> 0();
        value           nonuniform List<scalar> 0();
    }
    walls
    {
        type            fixedFluxPressure;
        gradient        uniform 0;
        value           nonuniform List<scalar> 
400
(
399.707
296.979
313.713
401.261
678.089
678.089
401.261
313.713
296.979
399.707
264.785
82.5244
45.315
-2.35179
19.7462
19.7461
-2.35182
45.3151
82.5245
264.785
180.48
49.6108
49.5592
28.3882
75.8478
75.8478
28.3881
49.5591
49.6108
180.481
116.503
27.7898
29.3816
15.3042
42.829
42.8289
15.3042
29.3816
27.7898
116.504
64.5783
13.9848
15.5695
5.56405
17.96
17.96
5.56406
15.5695
13.9848
64.5784
32.5394
4.12536
7.08781
-0.959722
4.24092
4.24105
-0.959691
7.08784
4.1254
32.5395
15.3078
-2.31028
2.70968
-3.7336
-3.01278
-3.01272
-3.73357
2.70971
-2.31026
15.3078
6.67458
-6.5902
0.36185
-4.05816
-3.61346
-3.61346
-4.05814
0.361871
-6.59019
6.67465
1.86824
-7.47579
0.263858
-3.02201
-1.81726
-1.81726
-3.022
0.263866
-7.47579
1.86827
2.82858
-3.99332
0.669278
-1.66137
-0.619325
-0.619284
-1.66136
0.669289
-3.99334
2.82858
399.707
296.979
313.713
401.261
678.089
678.089
401.261
313.713
296.979
399.707
264.785
82.5245
45.3151
-2.3518
19.7461
19.7461
-2.35186
45.3151
82.5246
264.785
180.481
49.6108
49.5592
28.3882
75.8478
75.8477
28.3881
49.5592
49.6109
180.481
116.504
27.7898
29.3817
15.3042
42.829
42.8288
15.3042
29.3817
27.7899
116.504
64.5784
13.9849
15.5695
5.56409
17.96
17.96
5.56411
15.5695
13.9849
64.5784
32.5395
4.12542
7.08782
-0.959684
4.24095
4.24107
-0.959655
7.08786
4.12545
32.5395
15.3078
-2.31021
2.70969
-3.73358
-3.01275
-3.0127
-3.73355
2.70972
-2.3102
15.3078
6.67464
-6.59016
0.361849
-4.05815
-3.61345
-3.61345
-4.05813
0.361876
-6.59015
6.67465
1.86826
-7.47576
0.263833
-3.02201
-1.81725
-1.81725
-3.02199
0.263862
-7.47575
1.86828
2.82857
-3.99334
0.669269
-1.66137
-0.619317
-0.619276
-1.66136
0.669293
-3.99334
2.82859
399.707
264.785
180.48
116.503
64.5783
32.5394
15.3078
6.67458
1.86824
2.82858
296.979
82.5244
49.6108
27.7898
13.9848
4.12536
-2.31028
-6.5902
-7.47579
-3.99332
313.713
45.315
49.5592
29.3816
15.5695
7.08781
2.70968
0.361849
0.263856
0.669278
401.261
-2.35178
28.3882
15.3042
5.56405
-0.959721
-3.7336
-4.05816
-3.02202
-1.66137
678.089
19.7462
75.8478
42.829
17.96
4.24093
-3.01278
-3.61346
-1.81727
-0.61932
678.089
19.7461
75.8478
42.8289
17.9601
4.24103
-3.01274
-3.61346
-1.81727
-0.61929
401.261
-2.35182
28.3881
15.3042
5.56405
-0.959702
-3.73358
-4.05815
-3.02201
-1.66136
313.713
45.3151
49.5591
29.3816
15.5695
7.08784
2.70971
0.361867
0.263865
0.669286
296.979
82.5245
49.6108
27.7898
13.9848
4.12539
-2.31027
-6.5902
-7.47579
-3.99335
399.707
264.785
180.481
116.504
64.5784
32.5395
15.3078
6.67464
1.86826
2.82857
399.707
264.785
180.481
116.504
64.5784
32.5395
15.3078
6.67465
1.86827
2.82858
296.979
82.5245
49.6108
27.7898
13.9849
4.12542
-2.3102
-6.59016
-7.47575
-3.99334
313.713
45.3151
49.5592
29.3817
15.5695
7.08783
2.7097
0.36185
0.263833
0.669271
401.261
-2.35179
28.3882
15.3042
5.5641
-0.959679
-3.73358
-4.05815
-3.02201
-1.66137
678.089
19.7462
75.8478
42.829
17.9601
4.24097
-3.01275
-3.61345
-1.81726
-0.61931
678.089
19.7461
75.8478
42.8289
17.9601
4.24105
-3.01272
-3.61345
-1.81726
-0.619282
401.261
-2.35185
28.3881
15.3042
5.56411
-0.959661
-3.73356
-4.05813
-3.02199
-1.66136
313.713
45.3151
49.5592
29.3817
15.5695
7.08785
2.70972
0.361876
0.263862
0.669292
296.979
82.5246
49.6109
27.7899
13.9849
4.12544
-2.3102
-6.59015
-7.47576
-3.99334
399.707
264.785
180.481
116.504
64.5784
32.5395
15.3078
6.67465
1.86828
2.82859
)
;
    }
    procBoundary3to2
    {
        type            processor;
        value           nonuniform List<scalar> 
100
(
7.32796
0.792373
1.38239
-0.211736
0.39133
0.391385
-0.211738
1.38241
0.792334
7.32794
0.792372
1.92747
1.64491
1.60548
10.1594
10.1597
1.6054
1.64492
1.92747
0.792344
1.38239
1.64491
2.98103
5.43838
2.85182
2.85208
5.4387
2.98101
1.64491
1.38239
-0.211735
1.60549
5.43838
14.211
2.77635
2.77638
14.2109
5.43885
1.6055
-0.211737
0.391314
10.1594
2.85166
2.77633
2.6538
2.65378
2.77633
2.85168
10.1594
0.391324
0.391395
10.1598
2.85208
2.77636
2.65378
2.65377
2.77636
2.85206
10.1598
0.3914
-0.211738
1.60539
5.43871
14.2109
2.77635
2.77638
14.2109
5.43917
1.60541
-0.211736
1.38241
1.64493
2.98101
5.43885
2.85183
2.85206
5.43916
2.981
1.64494
1.38242
0.792337
1.92747
1.64491
1.60548
10.1595
10.1597
1.60543
1.64493
1.92749
0.792333
7.32795
0.792347
1.3824
-0.211737
0.391342
0.391392
-0.211734
1.38242
0.792332
7.32794
)
;
    }
}


// ************************************************************************* //
