/*--------------------------------*- C++ -*----------------------------------*\
| =========                 |                                                 |
| \\      /  F ield         | OpenFOAM: The Open Source CFD Toolbox           |
|  \\    /   O peration     | Version:  2412                                  |
|   \\  /    A nd           | Website:  www.openfoam.com                      |
|    \\/     M anipulation  |                                                 |
\*---------------------------------------------------------------------------*/
FoamFile
{
    version     2.0;
    format      ascii;
    arch        "LSB;label=32;scalar=64";
    class       volScalarField;
    location    "0.55";
    object      p_rgh;
}
// * * * * * * * * * * * * * * * * * * * * * * * * * * * * * * * * * * * * * //

dimensions      [1 -1 -2 0 0 0 0];

internalField   nonuniform List<scalar> 
1000
(
10.509
10.3127
9.87482
9.6549
9.95988
9.95989
9.65492
9.87484
10.3127
10.509
10.3127
10.1791
9.81486
9.68613
10.1905
10.1905
9.68614
9.81488
10.1791
10.3127
9.87482
9.81486
9.62719
9.67829
9.68223
9.68224
9.6783
9.62721
9.81488
9.87484
9.6549
9.68612
9.67829
10.2156
9.6047
9.6047
10.2156
9.6783
9.68614
9.65492
9.95988
10.1905
9.68223
9.6047
9.38671
9.38672
9.60471
9.68224
10.1905
9.95989
9.95989
10.1905
9.68224
9.60471
9.38672
9.38673
9.60471
9.68225
10.1905
9.95989
9.65492
9.68614
9.6783
10.2156
9.60471
9.60471
10.2156
9.67831
9.68615
9.65493
9.87485
9.81488
9.62722
9.67831
9.68225
9.68225
9.67831
9.62722
9.81489
9.87485
10.3127
10.1792
9.81488
9.68615
10.1905
10.1905
9.68615
9.81489
10.1792
10.3127
10.509
10.3127
9.87485
9.65493
9.9599
9.9599
9.65493
9.87485
10.3127
10.509
10.3047
10.1712
9.86648
9.71288
9.97303
9.97303
9.71289
9.8665
10.1713
10.3047
10.1712
10.0733
9.82424
9.74418
10.3035
10.3035
9.74419
9.82425
10.0734
10.1713
9.86648
9.82424
9.69995
9.77248
9.72761
9.72762
9.77249
9.69996
9.82425
9.8665
9.71288
9.74418
9.77248
10.3602
9.79764
9.79765
10.3602
9.77249
9.7442
9.71289
9.97303
10.3035
9.72761
9.79764
9.52708
9.52708
9.79765
9.72762
10.3035
9.97304
9.97303
10.3035
9.72762
9.79765
9.52708
9.52709
9.79765
9.72762
10.3035
9.97305
9.71289
9.7442
9.77249
10.3602
9.79765
9.79765
10.3602
9.77249
9.7442
9.7129
9.8665
9.82426
9.69996
9.77249
9.72763
9.72763
9.7725
9.69997
9.82426
9.8665
10.1713
10.0734
9.82426
9.7442
10.3035
10.3035
9.74421
9.82426
10.0734
10.1713
10.3047
10.1713
9.8665
9.7129
9.97305
9.97305
9.7129
9.86651
10.1713
10.3047
10.1602
10.0681
9.85616
9.75011
9.98338
9.98338
9.75012
9.85617
10.0682
10.1602
10.0681
9.99695
9.82653
9.78019
10.3912
10.3912
9.7802
9.82654
9.99697
10.0682
9.85616
9.82653
9.75101
9.85626
9.89599
9.896
9.85627
9.75103
9.82654
9.85617
9.7501
9.78019
9.85626
10.4636
9.86876
9.86876
10.4636
9.85627
9.78021
9.75012
9.98337
10.3912
9.89599
9.86876
9.63285
9.63286
9.86877
9.896
10.3912
9.98339
9.98338
10.3912
9.896
9.86876
9.63286
9.63286
9.86877
9.89601
10.3912
9.98339
9.75012
9.7802
9.85627
10.4636
9.86877
9.86877
10.4636
9.85628
9.78021
9.75012
9.85617
9.82654
9.75103
9.85628
9.89601
9.89601
9.85628
9.75103
9.82655
9.85618
10.0682
9.99697
9.82654
9.78021
10.3912
10.3912
9.78021
9.82655
9.99697
10.0682
10.1603
10.0682
9.85618
9.75012
9.98339
9.98339
9.75012
9.85618
10.0682
10.1603
10.0572
9.99329
9.84638
9.77381
9.96696
9.96696
9.77381
9.8464
9.9933
10.0572
9.99329
9.94199
9.82579
9.80777
10.4608
10.4608
9.80778
9.8258
9.942
9.9933
9.84638
9.82579
9.78466
9.89897
10.1567
10.1567
9.89898
9.78467
9.8258
9.8464
9.77381
9.80777
9.89897
10.1555
9.84278
9.84278
10.1555
9.89898
9.80778
9.77382
9.96696
10.4608
10.1567
9.84278
9.68668
9.68668
9.84278
10.1567
10.4608
9.96697
9.96696
10.4608
10.1567
9.84278
9.68668
9.68668
9.84278
10.1567
10.4608
9.96697
9.77382
9.80778
9.89898
10.1555
9.84278
9.84278
10.1555
9.89899
9.80779
9.77382
9.8464
9.8258
9.78467
9.89898
10.1567
10.1567
9.89899
9.78468
9.82581
9.8464
9.9933
9.942
9.82581
9.80779
10.4608
10.4608
9.80779
9.82581
9.942
9.9933
10.0572
9.9933
9.8464
9.77382
9.96697
9.96697
9.77382
9.8464
9.99331
10.0572
9.98501
9.94037
9.83921
9.78978
9.9383
9.9383
9.78978
9.83922
9.94038
9.98502
9.94037
9.90378
9.82509
9.82291
10.4979
10.4979
9.82291
9.8251
9.90379
9.94038
9.83921
9.82509
9.80508
9.88142
10.1837
10.1837
9.88142
9.80509
9.8251
9.83922
9.78977
9.82291
9.88142
10.0451
9.87386
9.87386
10.0451
9.88143
9.82291
9.78978
9.9383
10.4979
10.1837
9.87386
9.73289
9.7329
9.87386
10.1837
10.4979
9.93831
9.9383
10.4979
10.1837
9.87386
9.7329
9.7329
9.87386
10.1837
10.4979
9.93831
9.78978
9.82291
9.88143
10.0451
9.87386
9.87386
10.0451
9.88143
9.82292
9.78979
9.83922
9.8251
9.80509
9.88143
10.1837
10.1837
9.88143
9.80509
9.8251
9.83922
9.94039
9.90379
9.8251
9.82292
10.4979
10.4979
9.82292
9.8251
9.90379
9.94039
9.98502
9.94039
9.83922
9.78979
9.93831
9.93831
9.78979
9.83922
9.94039
9.98502
9.93131
9.90076
9.83188
9.79816
9.90584
9.90584
9.79817
9.83189
9.90077
9.93132
9.90076
9.87531
9.82294
9.83154
10.0985
10.0985
9.83154
9.82295
9.87532
9.90077
9.83188
9.82294
9.80926
9.83828
10.0026
10.0026
9.83829
9.80927
9.82295
9.83189
9.79816
9.83154
9.83828
9.93062
9.92746
9.92746
9.93062
9.83829
9.83155
9.79817
9.90584
10.0985
10.0026
9.92746
9.77364
9.77364
9.92746
10.0026
10.0985
9.90585
9.90584
10.0985
10.0026
9.92746
9.77364
9.77365
9.92746
10.0026
10.0985
9.90585
9.79817
9.83154
9.83829
9.93062
9.92746
9.92746
9.93062
9.83829
9.83155
9.79817
9.83189
9.82295
9.80927
9.83829
10.0026
10.0026
9.83829
9.80927
9.82295
9.83189
9.90077
9.87532
9.82295
9.83155
10.0985
10.0985
9.83155
9.82295
9.87532
9.90077
9.93132
9.90077
9.83189
9.79817
9.90585
9.90585
9.79817
9.83189
9.90077
9.93133
9.89488
9.87386
9.82778
9.80259
9.88022
9.88023
9.80259
9.82779
9.87387
9.89488
9.87386
9.8566
9.82223
9.83072
9.94202
9.94202
9.83073
9.82223
9.8566
9.87387
9.82778
9.82223
9.81314
9.86323
9.92467
9.92468
9.86323
9.81314
9.82223
9.82779
9.80259
9.83072
9.86323
10.1474
9.92378
9.92379
10.1474
9.86324
9.83073
9.80259
9.88022
9.94202
9.92467
9.92378
9.79279
9.79279
9.92379
9.92468
9.94202
9.88023
9.88023
9.94202
9.92468
9.92379
9.79279
9.79279
9.92379
9.92468
9.94202
9.88023
9.80259
9.83073
9.86324
10.1474
9.92379
9.92379
10.1474
9.86324
9.83073
9.80259
9.82779
9.82223
9.81315
9.86324
9.92468
9.92468
9.86324
9.81315
9.82223
9.82779
9.87387
9.8566
9.82223
9.83073
9.94203
9.94203
9.83073
9.82223
9.8566
9.87387
9.89488
9.87387
9.82779
9.8026
9.88023
9.88023
9.8026
9.82779
9.87387
9.89488
9.86279
9.84985
9.82124
9.80473
9.8539
9.8539
9.80473
9.82125
9.84985
9.8628
9.84985
9.83889
9.81845
9.83034
9.90498
9.90498
9.83034
9.81846
9.8389
9.84985
9.82124
9.81845
9.81815
10.0528
9.90175
9.90175
10.0528
9.81815
9.81846
9.82125
9.80473
9.83034
10.0528
10.1867
9.91185
9.91186
10.1867
10.0528
9.83034
9.80473
9.8539
9.90498
9.90175
9.91185
9.79936
9.79936
9.91186
9.90175
9.90498
9.8539
9.8539
9.90498
9.90175
9.91186
9.79936
9.79936
9.91186
9.90175
9.90498
9.8539
9.80473
9.83034
10.0528
10.1867
9.91186
9.91186
10.1867
10.0528
9.83034
9.80473
9.82125
9.81846
9.81815
10.0528
9.90175
9.90175
10.0528
9.81816
9.81846
9.82125
9.84985
9.8389
9.81846
9.83034
9.90498
9.90498
9.83034
9.81846
9.8389
9.84985
9.8628
9.84985
9.82125
9.80473
9.8539
9.8539
9.80473
9.82125
9.84985
9.8628
9.84323
9.83576
9.81894
9.80846
9.83257
9.83257
9.80846
9.81894
9.83576
9.84323
9.83576
9.82961
9.8178
9.83045
9.86369
9.86369
9.83045
9.8178
9.82961
9.83576
9.81894
9.8178
9.82349
10.0678
9.88377
9.88377
10.0678
9.82349
9.8178
9.81894
9.80846
9.83045
10.0678
10.1284
9.86204
9.86204
10.1284
10.0678
9.83045
9.80846
9.83257
9.86369
9.88377
9.86204
9.79795
9.79795
9.86204
9.88377
9.86369
9.83257
9.83257
9.86369
9.88377
9.86204
9.79795
9.79795
9.86204
9.88377
9.86369
9.83257
9.80846
9.83045
10.0678
10.1284
9.86204
9.86204
10.1284
10.0678
9.83045
9.80846
9.81894
9.8178
9.82349
10.0678
9.88377
9.88377
10.0678
9.82349
9.8178
9.81894
9.83576
9.82961
9.8178
9.83045
9.86369
9.86369
9.83045
9.8178
9.82961
9.83576
9.84323
9.83576
9.81894
9.80846
9.83257
9.83257
9.80846
9.81894
9.83576
9.84323
9.81695
9.8151
9.81176
9.80969
9.81509
9.81509
9.80969
9.81176
9.8151
9.81695
9.8151
9.81295
9.81112
9.83436
9.83268
9.83269
9.83436
9.81112
9.81295
9.8151
9.81176
9.81112
9.82398
9.94617
9.8439
9.8439
9.94617
9.82398
9.81112
9.81176
9.80969
9.83436
9.94617
9.94859
9.83001
9.83001
9.94859
9.94617
9.83436
9.80969
9.81509
9.83269
9.8439
9.83001
9.80609
9.80609
9.83001
9.8439
9.83269
9.81509
9.81509
9.83269
9.8439
9.83001
9.80609
9.80609
9.83001
9.8439
9.83269
9.81509
9.80969
9.83436
9.94617
9.94859
9.83001
9.83001
9.94859
9.94617
9.83436
9.80969
9.81176
9.81112
9.82398
9.94617
9.8439
9.8439
9.94617
9.82398
9.81112
9.81176
9.8151
9.81295
9.81112
9.83436
9.83269
9.83269
9.83436
9.81112
9.81295
9.8151
9.81695
9.8151
9.81176
9.80969
9.81509
9.81509
9.80969
9.81176
9.8151
9.81695
)
;

boundaryField
{
    bottom
    {
        type            fixedFluxPressure;
        gradient        nonuniform List<scalar> 0();
        value           nonuniform List<scalar> 0();
    }
    atmosphere
    {
        type            prghTotalPressure;
        p0              uniform 0;
        value           nonuniform List<scalar> 
100
(
9.81
9.81
9.81006
9.80966
9.80339
9.80339
9.80966
9.81006
9.81
9.81
9.81
9.81009
9.81125
9.83553
9.80664
9.80664
9.83553
9.81125
9.81009
9.81
9.81006
9.81125
9.82656
9.94967
9.80931
9.80931
9.94967
9.82656
9.81125
9.81006
9.80966
9.83553
9.94967
9.94769
9.80998
9.80998
9.94769
9.94967
9.83553
9.80966
9.80339
9.80664
9.80931
9.80998
9.80383
9.80383
9.80998
9.80931
9.80664
9.80339
9.80339
9.80664
9.80931
9.80998
9.80383
9.80383
9.80998
9.80931
9.80664
9.80339
9.80966
9.83553
9.94967
9.94769
9.80998
9.80998
9.94769
9.94967
9.83553
9.80966
9.81006
9.81125
9.82656
9.94967
9.80931
9.80931
9.94967
9.82656
9.81125
9.81006
9.81
9.81009
9.81125
9.83553
9.80664
9.80664
9.83553
9.81125
9.81009
9.81
9.81
9.81
9.81006
9.80966
9.80339
9.80339
9.80966
9.81006
9.81
9.81
)
;
    }
    walls
    {
        type            fixedFluxPressure;
        gradient        uniform 0;
        value           nonuniform List<scalar> 
400
(
10.509
10.3127
9.87482
9.6549
9.95988
9.95989
9.65492
9.87485
10.3127
10.509
10.3047
10.1712
9.86648
9.71288
9.97303
9.97303
9.71289
9.8665
10.1713
10.3047
10.1602
10.0681
9.85616
9.7501
9.98337
9.98338
9.75012
9.85617
10.0682
10.1603
10.0572
9.99329
9.84638
9.77381
9.96696
9.96696
9.77382
9.8464
9.9933
10.0572
9.98501
9.94037
9.83921
9.78977
9.9383
9.9383
9.78978
9.83922
9.94039
9.98502
9.93131
9.90076
9.83188
9.79816
9.90584
9.90584
9.79817
9.83189
9.90077
9.93132
9.89488
9.87386
9.82778
9.80259
9.88022
9.88023
9.80259
9.82779
9.87387
9.89488
9.86279
9.84985
9.82124
9.80473
9.8539
9.8539
9.80473
9.82125
9.84985
9.8628
9.84323
9.83576
9.81894
9.80846
9.83257
9.83257
9.80846
9.81894
9.83576
9.84323
9.81695
9.8151
9.81176
9.80969
9.81509
9.81509
9.80969
9.81176
9.8151
9.81695
10.509
10.3127
9.87484
9.65492
9.95989
9.95989
9.65493
9.87485
10.3127
10.509
10.3047
10.1713
9.8665
9.71289
9.97304
9.97305
9.7129
9.8665
10.1713
10.3047
10.1602
10.0682
9.85617
9.75012
9.98339
9.98339
9.75012
9.85618
10.0682
10.1603
10.0572
9.9933
9.8464
9.77382
9.96697
9.96697
9.77382
9.8464
9.9933
10.0572
9.98502
9.94038
9.83922
9.78978
9.93831
9.93831
9.78979
9.83922
9.94039
9.98502
9.93132
9.90077
9.83189
9.79817
9.90585
9.90585
9.79817
9.83189
9.90077
9.93133
9.89488
9.87387
9.82779
9.80259
9.88023
9.88023
9.80259
9.82779
9.87387
9.89488
9.8628
9.84985
9.82125
9.80473
9.8539
9.8539
9.80473
9.82125
9.84985
9.8628
9.84323
9.83576
9.81894
9.80846
9.83257
9.83257
9.80846
9.81894
9.83576
9.84323
9.81695
9.8151
9.81176
9.80969
9.81509
9.81509
9.80969
9.81176
9.8151
9.81695
10.509
10.3047
10.1602
10.0572
9.98501
9.93131
9.89488
9.86279
9.84323
9.81695
10.3127
10.1712
10.0681
9.99329
9.94037
9.90076
9.87386
9.84985
9.83576
9.8151
9.87482
9.86648
9.85616
9.84638
9.83921
9.83188
9.82778
9.82124
9.81894
9.81176
9.6549
9.71288
9.75011
9.77381
9.78978
9.79816
9.80259
9.80473
9.80846
9.80969
9.95988
9.97303
9.98338
9.96696
9.9383
9.90584
9.88022
9.8539
9.83257
9.81509
9.95989
9.97303
9.98338
9.96696
9.9383
9.90584
9.88023
9.8539
9.83257
9.81509
9.65492
9.71289
9.75012
9.77381
9.78978
9.79817
9.80259
9.80473
9.80846
9.80969
9.87484
9.8665
9.85617
9.8464
9.83922
9.83189
9.82779
9.82125
9.81894
9.81176
10.3127
10.1713
10.0682
9.9933
9.94038
9.90077
9.87387
9.84985
9.83576
9.8151
10.509
10.3047
10.1602
10.0572
9.98502
9.93132
9.89488
9.8628
9.84323
9.81695
10.509
10.3047
10.1603
10.0572
9.98502
9.93132
9.89488
9.8628
9.84323
9.81695
10.3127
10.1713
10.0682
9.9933
9.94039
9.90077
9.87387
9.84985
9.83576
9.8151
9.87485
9.8665
9.85618
9.8464
9.83922
9.83189
9.82779
9.82125
9.81894
9.81176
9.65493
9.7129
9.75012
9.77382
9.78979
9.79817
9.8026
9.80473
9.80846
9.80969
9.9599
9.97305
9.98339
9.96697
9.93831
9.90585
9.88023
9.8539
9.83257
9.81509
9.9599
9.97305
9.98339
9.96697
9.93831
9.90585
9.88023
9.8539
9.83257
9.81509
9.65493
9.7129
9.75012
9.77382
9.78979
9.79817
9.8026
9.80473
9.80846
9.80969
9.87485
9.86651
9.85618
9.8464
9.83922
9.83189
9.82779
9.82125
9.81894
9.81176
10.3127
10.1713
10.0682
9.99331
9.94039
9.90077
9.87387
9.84985
9.83576
9.8151
10.509
10.3047
10.1603
10.0572
9.98502
9.93133
9.89488
9.8628
9.84323
9.81695
)
;
    }
    procBoundary1to0
    {
        type            processor;
        value           nonuniform List<scalar> 
100
(
10.7976
10.5026
9.873
9.56272
9.92049
9.9205
9.56275
9.87303
10.5026
10.7976
10.5026
10.3215
9.79046
9.59653
9.75178
9.75182
9.59654
9.79049
10.3216
10.5026
9.873
9.79046
9.518
9.58224
9.77319
9.7732
9.58226
9.51802
9.79049
9.87302
9.56272
9.59652
9.58224
10.0257
9.49812
9.49813
10.0257
9.58226
9.59655
9.56275
9.92049
9.75178
9.77319
9.49812
9.24033
9.24034
9.49813
9.7732
9.75186
9.9205
9.9205
9.75184
9.7732
9.49813
9.24034
9.24035
9.49813
9.7732
9.75191
9.92051
9.56275
9.59655
9.58226
10.0257
9.49813
9.49813
10.0257
9.58227
9.59656
9.56276
9.87303
9.79049
9.51802
9.58227
9.77321
9.77321
9.58228
9.51803
9.7905
9.87304
10.5026
10.3216
9.79049
9.59655
9.75186
9.7519
9.59656
9.7905
10.3216
10.5026
10.7976
10.5026
9.87303
9.56275
9.92051
9.92051
9.56276
9.87304
10.5026
10.7976
)
;
    }
}


// ************************************************************************* //
