/*--------------------------------*- C++ -*----------------------------------*\
| =========                 |                                                 |
| \\      /  F ield         | OpenFOAM: The Open Source CFD Toolbox           |
|  \\    /   O peration     | Version:  2412                                  |
|   \\  /    A nd           | Website:  www.openfoam.com                      |
|    \\/     M anipulation  |                                                 |
\*---------------------------------------------------------------------------*/
FoamFile
{
    version     2.0;
    format      ascii;
    arch        "LSB;label=32;scalar=64";
    class       volScalarField;
    location    "0.22";
    object      p_rgh;
}
// * * * * * * * * * * * * * * * * * * * * * * * * * * * * * * * * * * * * * //

dimensions      [1 -1 -2 0 0 0 0];

internalField   nonuniform List<scalar> 
4000
(
12.9466
12.9492
12.9535
12.9579
12.9608
12.9608
12.9579
12.9535
12.9492
12.9466
12.9492
12.9519
12.9566
12.9612
12.9644
12.9644
12.9612
12.9566
12.9519
12.9492
12.9535
12.9566
12.9617
12.967
12.9706
12.9706
12.967
12.9617
12.9566
12.9535
12.9579
12.9612
12.967
12.9729
12.977
12.977
12.9729
12.967
12.9612
12.9579
12.9608
12.9644
12.9706
12.977
12.9814
12.9814
12.977
12.9706
12.9644
12.9608
12.9608
12.9644
12.9706
12.977
12.9814
12.9814
12.977
12.9706
12.9644
12.9608
12.9579
12.9612
12.967
12.9729
12.977
12.977
12.9729
12.967
12.9612
12.9579
12.9535
12.9566
12.9617
12.967
12.9706
12.9706
12.967
12.9617
12.9566
12.9535
12.9492
12.9519
12.9566
12.9612
12.9644
12.9644
12.9612
12.9566
12.9519
12.9492
12.9466
12.9492
12.9535
12.9579
12.9608
12.9608
12.9579
12.9535
12.9492
12.9466
12.9455
12.9482
12.9528
12.9574
12.9606
12.9606
12.9574
12.9528
12.9482
12.9455
12.9482
12.9511
12.9561
12.9611
12.9645
12.9645
12.9611
12.9561
12.9511
12.9482
12.9528
12.9561
12.9617
12.9674
12.9713
12.9713
12.9674
12.9617
12.9561
12.9528
12.9574
12.9611
12.9674
12.9738
12.9783
12.9783
12.9738
12.9674
12.9611
12.9574
12.9606
12.9645
12.9713
12.9783
12.9833
12.9833
12.9783
12.9713
12.9645
12.9606
12.9606
12.9645
12.9713
12.9783
12.9833
12.9833
12.9783
12.9713
12.9645
12.9606
12.9574
12.9611
12.9674
12.9738
12.9783
12.9783
12.9738
12.9674
12.9611
12.9574
12.9528
12.9561
12.9617
12.9674
12.9713
12.9713
12.9674
12.9617
12.9561
12.9528
12.9482
12.9511
12.9561
12.9611
12.9645
12.9645
12.9611
12.9561
12.9511
12.9482
12.9455
12.9482
12.9528
12.9574
12.9606
12.9606
12.9574
12.9528
12.9482
12.9455
12.943
12.9461
12.9513
12.9565
12.9601
12.9601
12.9565
12.9513
12.9461
12.943
12.9461
12.9494
12.955
12.9608
12.9648
12.9648
12.9608
12.955
12.9494
12.9461
12.9513
12.955
12.9615
12.9681
12.9728
12.9728
12.9681
12.9615
12.955
12.9513
12.9565
12.9608
12.9681
12.9757
12.9812
12.9812
12.9757
12.9681
12.9608
12.9565
12.9601
12.9648
12.9728
12.9812
12.9873
12.9873
12.9812
12.9728
12.9648
12.9601
12.9601
12.9648
12.9728
12.9812
12.9873
12.9873
12.9812
12.9728
12.9648
12.9601
12.9565
12.9608
12.9681
12.9757
12.9812
12.9812
12.9757
12.9681
12.9608
12.9565
12.9513
12.955
12.9615
12.9681
12.9728
12.9728
12.9681
12.9615
12.955
12.9513
12.9461
12.9494
12.955
12.9608
12.9648
12.9648
12.9608
12.955
12.9494
12.9461
12.943
12.9461
12.9513
12.9565
12.9601
12.9601
12.9565
12.9513
12.9461
12.943
12.9392
12.9428
12.9489
12.9551
12.9594
12.9594
12.9551
12.9489
12.9428
12.9392
12.9428
12.9467
12.9534
12.9603
12.9651
12.9651
12.9603
12.9534
12.9467
12.9428
12.9489
12.9534
12.9612
12.9693
12.9752
12.9752
12.9693
12.9612
12.9534
12.9489
12.9551
12.9603
12.9693
12.9788
12.9858
12.9858
12.9788
12.9693
12.9603
12.9551
12.9594
12.9651
12.9752
12.9858
12.9938
12.9938
12.9858
12.9752
12.9651
12.9594
12.9594
12.9651
12.9752
12.9858
12.9938
12.9938
12.9858
12.9752
12.9651
12.9594
12.9551
12.9603
12.9693
12.9788
12.9858
12.9858
12.9788
12.9693
12.9603
12.9551
12.9489
12.9534
12.9612
12.9693
12.9752
12.9752
12.9693
12.9612
12.9534
12.9489
12.9427
12.9467
12.9534
12.9603
12.9651
12.9651
12.9603
12.9534
12.9467
12.9427
12.9392
12.9427
12.9489
12.9551
12.9594
12.9594
12.9551
12.9489
12.9427
12.9392
12.9337
12.938
12.9454
12.9529
12.9583
12.9583
12.9529
12.9454
12.938
12.9337
12.938
12.9427
12.951
12.9595
12.9656
12.9656
12.9595
12.951
12.9427
12.938
12.9454
12.951
12.9607
12.971
12.9786
12.9786
12.971
12.9607
12.951
12.9454
12.9529
12.9595
12.971
12.9833
12.9926
12.9926
12.9833
12.971
12.9595
12.9529
12.9583
12.9656
12.9786
12.9926
13.0036
13.0036
12.9926
12.9786
12.9656
12.9583
12.9583
12.9656
12.9786
12.9926
13.0036
13.0036
12.9926
12.9786
12.9656
12.9583
12.9529
12.9595
12.971
12.9833
12.9926
12.9926
12.9833
12.971
12.9595
12.9529
12.9454
12.951
12.9607
12.971
12.9786
12.9786
12.971
12.9607
12.951
12.9454
12.938
12.9427
12.951
12.9595
12.9656
12.9656
12.9595
12.951
12.9427
12.938
12.9337
12.938
12.9454
12.9529
12.9583
12.9583
12.9529
12.9454
12.938
12.9337
12.9262
12.9314
12.9405
12.9498
12.9566
12.9566
12.9498
12.9405
12.9314
12.9262
12.9314
12.9373
12.9475
12.9582
12.9662
12.9662
12.9582
12.9475
12.9373
12.9314
12.9405
12.9475
12.9599
12.9732
12.9833
12.9833
12.9732
12.9599
12.9475
12.9405
12.9498
12.9582
12.9732
12.9894
13.0023
13.0023
12.9894
12.9732
12.9582
12.9498
12.9566
12.9662
12.9833
13.0023
13.0179
13.0179
13.0023
12.9833
12.9662
12.9566
12.9566
12.9662
12.9833
13.0023
13.0179
13.0179
13.0023
12.9833
12.9662
12.9566
12.9498
12.9582
12.9732
12.9894
13.0023
13.0023
12.9894
12.9732
12.9582
12.9498
12.9405
12.9475
12.9599
12.9732
12.9833
12.9833
12.9732
12.9599
12.9475
12.9405
12.9314
12.9373
12.9475
12.9582
12.9662
12.9662
12.9582
12.9475
12.9373
12.9314
12.9262
12.9314
12.9405
12.9498
12.9566
12.9566
12.9498
12.9405
12.9314
12.9262
12.9162
12.9226
12.9338
12.9454
12.9541
12.9541
12.9454
12.9338
12.9226
12.9162
12.9226
12.9299
12.9427
12.9563
12.9667
12.9667
12.9563
12.9427
12.9299
12.9226
12.9338
12.9427
12.9586
12.9759
12.9897
12.9897
12.9759
12.9586
12.9427
12.9338
12.9454
12.9563
12.9759
12.9976
13.0158
13.0158
12.9976
12.9759
12.9563
12.9454
12.9541
12.9667
12.9897
13.0158
13.0383
13.0383
13.0158
12.9897
12.9667
12.9541
12.9541
12.9667
12.9897
13.0158
13.0383
13.0383
13.0158
12.9897
12.9667
12.9541
12.9454
12.9563
12.9759
12.9976
13.0158
13.0158
12.9976
12.9759
12.9563
12.9454
12.9338
12.9427
12.9586
12.9759
12.9897
12.9897
12.9759
12.9586
12.9427
12.9338
12.9226
12.9299
12.9427
12.9563
12.9667
12.9667
12.9563
12.9427
12.9299
12.9226
12.9162
12.9226
12.9338
12.9454
12.9541
12.9541
12.9454
12.9338
12.9226
12.9162
12.9033
12.9111
12.9248
12.9393
12.9504
12.9504
12.9393
12.9248
12.9111
12.9033
12.9111
12.9201
12.9362
12.9534
12.9672
12.9672
12.9534
12.9362
12.9201
12.9111
12.9248
12.9362
12.9565
12.9792
12.9979
12.9979
12.9792
12.9565
12.9362
12.9248
12.9393
12.9534
12.9792
13.0085
13.0343
13.0343
13.0085
12.9792
12.9534
12.9393
12.9504
12.9672
12.9979
13.0343
13.0674
13.0674
13.0343
12.9979
12.9672
12.9504
12.9504
12.9672
12.9979
13.0343
13.0674
13.0674
13.0343
12.9979
12.9672
12.9504
12.9393
12.9534
12.9792
13.0085
13.0343
13.0343
13.0085
12.9792
12.9534
12.9393
12.9248
12.9362
12.9565
12.9792
12.9979
12.9979
12.9792
12.9565
12.9362
12.9248
12.911
12.9201
12.9362
12.9534
12.9672
12.9672
12.9534
12.9362
12.9201
12.911
12.9033
12.911
12.9248
12.9393
12.9504
12.9504
12.9393
12.9248
12.911
12.9033
12.8866
12.896
12.9129
12.9309
12.9451
12.9451
12.9309
12.9129
12.896
12.8866
12.896
12.9072
12.9272
12.9491
12.9672
12.9672
12.9491
12.9272
12.9072
12.896
12.9129
12.9272
12.9532
12.9829
13.0085
13.0085
12.9829
12.9532
12.9272
12.9129
12.9309
12.9491
12.9829
13.0226
13.0596
13.0596
13.0226
12.9829
12.9491
12.9309
12.9451
12.9672
13.0085
13.0596
13.109
13.109
13.0596
13.0085
12.9672
12.9451
12.9451
12.9672
13.0085
13.0596
13.109
13.109
13.0596
13.0085
12.9672
12.9451
12.9309
12.9491
12.9829
13.0226
13.0596
13.0596
13.0226
12.9829
12.9491
12.9309
12.9129
12.9272
12.9532
12.9829
13.0085
13.0085
12.9829
12.9532
12.9272
12.9129
12.896
12.9072
12.9272
12.9491
12.9672
12.9672
12.9491
12.9272
12.9072
12.896
12.8866
12.896
12.9129
12.9309
12.9451
12.9451
12.9309
12.9129
12.896
12.8866
12.8653
12.8767
12.8971
12.9193
12.9373
12.9373
12.9193
12.8971
12.8767
12.8653
12.8767
12.8904
12.915
12.9427
12.9665
12.9665
12.9427
12.915
12.8904
12.8767
12.8971
12.915
12.9479
12.9867
13.0217
13.0217
12.9867
12.9479
12.915
12.8971
12.9193
12.9427
12.9867
13.0405
13.0939
13.0939
13.0405
12.9867
12.9427
12.9193
12.9373
12.9665
13.0217
13.0939
13.1684
13.1684
13.0939
13.0217
12.9665
12.9373
12.9373
12.9665
13.0217
13.0939
13.1684
13.1684
13.0939
13.0217
12.9665
12.9373
12.9193
12.9427
12.9867
13.0405
13.0939
13.0939
13.0405
12.9867
12.9427
12.9193
12.8971
12.915
12.9479
12.9867
13.0217
13.0217
12.9867
12.9479
12.915
12.8971
12.8767
12.8904
12.915
12.9427
12.9665
12.9665
12.9427
12.915
12.8904
12.8767
12.8653
12.8767
12.8971
12.9193
12.9373
12.9373
12.9193
12.8971
12.8767
12.8653
12.8386
12.852
12.8763
12.9033
12.926
12.926
12.9033
12.8763
12.852
12.8386
12.852
12.8685
12.8986
12.9331
12.9643
12.9643
12.9331
12.8986
12.8685
12.852
12.8763
12.8986
12.9396
12.9898
13.0374
13.0374
12.9898
12.9396
12.8986
12.8763
12.9033
12.9331
12.9898
13.0626
13.1399
13.1399
13.0626
12.9898
12.9331
12.9033
12.926
12.9643
13.0374
13.1399
13.2539
13.2539
13.1399
13.0374
12.9643
12.926
12.926
12.9643
13.0374
13.1399
13.2539
13.2539
13.1399
13.0374
12.9643
12.926
12.9033
12.9331
12.9898
13.0626
13.1399
13.1399
13.0626
12.9898
12.9331
12.9033
12.8763
12.8986
12.9396
12.9898
13.0374
13.0374
12.9898
12.9396
12.8986
12.8763
12.852
12.8685
12.8986
12.9331
12.9643
12.9643
12.9331
12.8986
12.8685
12.852
12.8386
12.852
12.8763
12.9033
12.926
12.926
12.9033
12.8763
12.852
12.8386
12.8052
12.8209
12.8493
12.8816
12.9097
12.9097
12.8816
12.8493
12.8209
12.8052
12.8209
12.8404
12.8764
12.919
12.9594
12.9594
12.919
12.8764
12.8404
12.8209
12.8493
12.8764
12.9265
12.9908
13.055
13.055
12.9908
12.9265
12.8764
12.8493
12.8816
12.919
12.9908
13.0888
13.2011
13.2011
13.0888
12.9908
12.919
12.8816
12.9097
12.9594
13.055
13.2011
13.3767
13.3767
13.2011
13.055
12.9594
12.9097
12.9097
12.9594
13.055
13.2011
13.3767
13.3767
13.2011
13.055
12.9594
12.9097
12.8816
12.919
12.9908
13.0888
13.2011
13.2011
13.0888
12.9908
12.919
12.8816
12.8493
12.8764
12.9265
12.9908
13.055
13.055
12.9908
12.9265
12.8764
12.8493
12.8209
12.8404
12.8764
12.919
12.9594
12.9594
12.919
12.8764
12.8404
12.8209
12.8052
12.8209
12.8493
12.8816
12.9097
12.9097
12.8816
12.8493
12.8209
12.8052
12.7641
12.7819
12.8144
12.8523
12.8865
12.8865
12.8523
12.8144
12.7819
12.7641
12.7819
12.8046
12.8466
12.8983
12.95
12.95
12.8983
12.8466
12.8046
12.7819
12.8144
12.8466
12.9063
12.9875
13.0721
13.0721
12.9875
12.9063
12.8466
12.8144
12.8523
12.8983
12.9875
13.1178
13.2805
13.2805
13.1178
12.9875
12.8983
12.8523
12.8865
12.95
13.0721
13.2805
13.5532
13.5532
13.2805
13.0721
12.95
12.8865
12.8865
12.95
13.0721
13.2805
13.5532
13.5532
13.2805
13.0721
12.95
12.8865
12.8523
12.8983
12.9875
13.1178
13.2805
13.2805
13.1178
12.9875
12.8983
12.8523
12.8144
12.8466
12.9063
12.9874
13.0721
13.0721
12.9875
12.9063
12.8466
12.8144
12.7819
12.8046
12.8466
12.8983
12.95
12.95
12.8983
12.8466
12.8046
12.7819
12.7641
12.7819
12.8144
12.8523
12.8865
12.8865
12.8523
12.8144
12.7819
12.7641
12.714
12.7337
12.7698
12.8132
12.8537
12.8537
12.8132
12.7698
12.7337
12.714
12.7337
12.7594
12.807
12.8681
12.9331
12.9331
12.8681
12.807
12.7594
12.7337
12.7698
12.807
12.8756
12.9752
13.0834
13.0834
12.9752
12.8756
12.807
12.7698
12.8132
12.8681
12.9752
13.1456
13.3794
13.3794
13.1456
12.9752
12.8681
12.8132
12.8537
12.9331
13.0834
13.3794
13.8081
13.8081
13.3794
13.0834
12.9331
12.8537
12.8537
12.9331
13.0834
13.3794
13.8081
13.8081
13.3794
13.0834
12.9331
12.8537
12.8132
12.8681
12.9752
13.1456
13.3794
13.3794
13.1456
12.9752
12.8681
12.8132
12.7698
12.807
12.8756
12.9752
13.0834
13.0834
12.9752
12.8756
12.807
12.7698
12.7337
12.7594
12.807
12.8681
12.9331
12.9331
12.8681
12.807
12.7594
12.7337
12.714
12.7337
12.7698
12.8132
12.8537
12.8537
12.8132
12.7698
12.7337
12.714
12.6537
12.675
12.7137
12.7616
12.8077
12.8077
12.7616
12.7137
12.675
12.6537
12.675
12.7031
12.755
12.8249
12.9042
12.9042
12.8249
12.755
12.7031
12.675
12.7137
12.755
12.8296
12.9472
13.078
13.078
12.9472
12.8296
12.755
12.7137
12.7616
12.8249
12.9472
13.1634
13.4958
13.4958
13.1634
12.9472
12.8249
12.7616
12.8077
12.9042
13.078
13.4958
14.2108
14.2108
13.4958
13.078
12.9042
12.8077
12.8077
12.9042
13.078
13.4958
14.2108
14.2108
13.4958
13.078
12.9042
12.8077
12.7616
12.8249
12.9472
13.1634
13.4958
13.4958
13.1634
12.9472
12.8249
12.7616
12.7137
12.755
12.8296
12.9472
13.078
13.078
12.9472
12.8296
12.755
12.7137
12.675
12.7031
12.755
12.8249
12.9042
12.9042
12.8249
12.755
12.7031
12.675
12.6537
12.675
12.7137
12.7616
12.8077
12.8077
12.7616
12.7137
12.675
12.6537
12.5824
12.6045
12.6443
12.695
12.7445
12.7445
12.695
12.6443
12.6045
12.5824
12.6045
12.6339
12.6877
12.7641
12.8561
12.8561
12.7641
12.6877
12.6339
12.6045
12.6443
12.6877
12.7631
12.8932
13.0329
13.0329
12.8932
12.7631
12.6877
12.6443
12.695
12.7641
12.8932
13.1534
13.6186
13.6186
13.1534
12.8932
12.7641
12.695
12.7445
12.8561
13.0329
13.6186
15.0575
15.0575
13.6186
13.0329
12.8561
12.7445
12.7445
12.8561
13.0329
13.6186
15.0575
15.0575
13.6186
13.0329
12.8561
12.7445
12.695
12.7641
12.8932
13.1534
13.6186
13.6186
13.1534
12.8932
12.7641
12.695
12.6443
12.6877
12.7631
12.8932
13.0329
13.0329
12.8932
12.7631
12.6877
12.6443
12.6045
12.6339
12.6877
12.7641
12.8561
12.8561
12.7641
12.6877
12.6339
12.6045
12.5824
12.6045
12.6443
12.695
12.7445
12.7445
12.695
12.6443
12.6045
12.5824
12.4995
12.5214
12.5604
12.6111
12.6604
12.6604
12.6111
12.5604
12.5214
12.4995
12.5214
12.5508
12.6028
12.6808
12.7793
12.7793
12.6808
12.6028
12.5508
12.5214
12.5604
12.6028
12.6708
12.8004
12.9267
12.9267
12.8004
12.6708
12.6028
12.5604
12.6111
12.6808
12.8004
13.0801
13.8182
13.8182
13.0801
12.8004
12.6808
12.6111
12.6604
12.7793
12.9267
13.8182
17.2423
17.2423
13.8182
12.9267
12.7793
12.6604
12.6604
12.7793
12.9267
13.8182
17.2423
17.2423
13.8182
12.9267
12.7793
12.6604
12.6111
12.6808
12.8004
13.0801
13.8182
13.8182
13.0801
12.8004
12.6808
12.6111
12.5604
12.6028
12.6708
12.8004
12.9267
12.9267
12.8004
12.6708
12.6028
12.5604
12.5214
12.5508
12.6028
12.6808
12.7793
12.7793
12.6808
12.6028
12.5508
12.5214
12.4995
12.5214
12.5604
12.6111
12.6604
12.6604
12.6111
12.5604
12.5214
12.4995
12.4049
12.4257
12.462
12.5091
12.5529
12.5529
12.5091
12.462
12.4257
12.4049
12.4257
12.4532
12.4992
12.5715
12.658
12.658
12.5715
12.4992
12.4532
12.4257
12.462
12.4992
12.5509
12.6585
12.7707
12.7707
12.6585
12.5509
12.4992
12.462
12.5091
12.5714
12.6585
12.97
14.5303
14.5303
12.97
12.6585
12.5714
12.5091
12.5529
12.658
12.7707
14.5303
22.6931
22.6931
14.5303
12.7707
12.658
12.5529
12.5529
12.658
12.7707
14.5303
22.6931
22.6931
14.5303
12.7707
12.658
12.5529
12.5091
12.5714
12.6585
12.97
14.5303
14.5303
12.97
12.6585
12.5714
12.5091
12.462
12.4992
12.5509
12.6585
12.7707
12.7707
12.6585
12.5509
12.4992
12.462
12.4257
12.4532
12.4992
12.5714
12.658
12.658
12.5714
12.4992
12.4532
12.4257
12.4049
12.4257
12.462
12.5091
12.5529
12.5529
12.5091
12.462
12.4257
12.4049
12.2988
12.3178
12.3506
12.391
12.4274
12.4274
12.391
12.3506
12.3178
12.2988
12.3178
12.342
12.3786
12.4398
12.501
12.501
12.4398
12.3786
12.342
12.3178
12.3506
12.3786
12.4121
12.4789
12.6963
12.6963
12.4789
12.4122
12.3786
12.3506
12.391
12.4398
12.4789
12.9802
16.2215
16.2215
12.9802
12.4789
12.4398
12.391
12.4274
12.501
12.6963
16.2215
37.3578
37.3578
16.2214
12.6963
12.501
12.4274
12.4274
12.501
12.6963
16.2215
37.3578
37.3577
16.2214
12.6963
12.501
12.4274
12.391
12.4398
12.4789
12.9801
16.2214
16.2214
12.9801
12.4789
12.4398
12.391
12.3506
12.3786
12.4121
12.4789
12.6963
12.6963
12.4789
12.4121
12.3786
12.3506
12.3178
12.342
12.3786
12.4398
12.501
12.501
12.4398
12.3786
12.342
12.3178
12.2988
12.3178
12.3506
12.391
12.4274
12.4274
12.391
12.3506
12.3178
12.2988
12.1822
12.1992
12.2294
12.2621
12.2904
12.2904
12.2621
12.2294
12.1992
12.1822
12.1992
12.2195
12.2469
12.2965
12.3482
12.3482
12.2965
12.2469
12.2195
12.1992
12.2294
12.2469
12.2677
12.3378
12.8401
12.8401
12.3378
12.2677
12.2469
12.2294
12.2621
12.2965
12.3378
13.229
18.7305
18.7305
13.229
12.3378
12.2965
12.2621
12.2904
12.3482
12.8401
18.7305
75.1352
75.1352
18.7304
12.8401
12.3482
12.2904
12.2904
12.3482
12.8401
18.7305
75.1352
75.1352
18.7304
12.8401
12.3482
12.2904
12.2621
12.2965
12.3378
13.229
18.7304
18.7304
13.229
12.3378
12.2965
12.2621
12.2294
12.2469
12.2677
12.3378
12.8401
12.8401
12.3378
12.2677
12.2469
12.2294
12.1992
12.2195
12.2469
12.2965
12.3482
12.3482
12.2965
12.2469
12.2195
12.1992
12.1822
12.1992
12.2294
12.2621
12.2904
12.2904
12.2621
12.2294
12.1992
12.1822
12.0558
12.0712
12.1023
12.1299
12.1595
12.1595
12.1299
12.1023
12.0712
12.0558
12.0712
12.0887
12.1138
12.1573
12.2469
12.2469
12.1573
12.1138
12.0887
12.0712
12.1023
12.1138
12.1419
12.2815
13.107
13.107
12.2815
12.1419
12.1138
12.1023
12.1299
12.1573
12.2815
13.6434
21.3478
21.3478
13.6434
12.2815
12.1573
12.1299
12.1595
12.2469
13.107
21.3478
167.027
167.027
21.3478
13.107
12.2469
12.1595
12.1595
12.2469
13.107
21.3478
167.027
167.027
21.3478
13.107
12.2469
12.1595
12.1299
12.1573
12.2815
13.6434
21.3478
21.3478
13.6434
12.2815
12.1573
12.1299
12.1023
12.1138
12.1419
12.2815
13.107
13.107
12.2815
12.1419
12.1138
12.1023
12.0712
12.0886
12.1138
12.1573
12.2469
12.2469
12.1573
12.1138
12.0886
12.0712
12.0558
12.0712
12.1023
12.1299
12.1595
12.1595
12.1299
12.1023
12.0712
12.0558
11.9201
11.9346
11.9716
11.9988
12.0428
12.0428
11.9988
11.9716
11.9346
11.9201
11.9346
11.951
11.9851
12.0332
12.1978
12.1978
12.0332
11.9851
11.951
11.9346
11.9716
11.9851
12.0463
12.2881
13.3653
13.3653
12.2881
12.0463
11.9851
11.9716
11.9988
12.0332
12.2881
14.0412
24.9418
24.9418
14.0412
12.2881
12.0332
11.9988
12.0428
12.1978
13.3653
24.9418
404.174
404.174
24.9418
13.3653
12.1978
12.0428
12.0428
12.1978
13.3653
24.9418
404.174
404.174
24.9418
13.3653
12.1978
12.0428
11.9988
12.0332
12.2881
14.0412
24.9418
24.9418
14.0412
12.2881
12.0332
11.9988
11.9716
11.9851
12.0463
12.2881
13.3653
13.3653
12.2881
12.0463
11.9851
11.9716
11.9346
11.951
11.9851
12.0332
12.1978
12.1978
12.0332
11.9851
11.951
11.9346
11.9201
11.9346
11.9716
11.9988
12.0428
12.0428
11.9988
11.9716
11.9346
11.9201
11.7748
11.7888
11.8366
11.8664
11.9401
11.9401
11.8664
11.8366
11.7888
11.7748
11.7888
11.8052
11.8584
11.9182
12.171
12.171
11.9182
11.8584
11.8052
11.7888
11.8366
11.8584
11.981
12.3246
13.5828
13.5828
12.3246
11.981
11.8584
11.8366
11.8664
11.9182
12.3246
14.4149
32.5088
32.5088
14.4149
12.3246
11.9182
11.8664
11.9401
12.171
13.5828
32.5088
1186.64
1186.64
32.5088
13.5828
12.171
11.9401
11.9401
12.171
13.5828
32.5088
1186.64
1186.64
32.5088
13.5828
12.171
11.9401
11.8664
11.9182
12.3246
14.4149
32.5088
32.5088
14.4149
12.3246
11.9182
11.8664
11.8366
11.8584
11.981
12.3246
13.5828
13.5828
12.3246
11.981
11.8584
11.8366
11.7888
11.8052
11.8584
11.9182
12.171
12.171
11.9182
11.8584
11.8052
11.7888
11.7748
11.7888
11.8366
11.8664
11.9401
11.9401
11.8664
11.8366
11.7888
11.7748
11.6186
11.6317
11.6926
11.7244
11.8391
11.8391
11.7244
11.6926
11.6317
11.6186
11.6317
11.6471
11.7236
11.7883
12.1161
12.1161
11.7883
11.7236
11.6471
11.6317
11.6926
11.7236
11.9236
12.3548
13.8464
13.8464
12.3548
11.9236
11.7236
11.6926
11.7244
11.7883
12.3548
15.1135
47.4681
47.4681
15.1135
12.3548
11.7883
11.7244
11.8391
12.1161
13.8464
47.4681
4368.42
4368.42
47.4681
13.8464
12.1161
11.8391
11.8391
12.1161
13.8464
47.4681
4368.42
4368.42
47.468
13.8464
12.1161
11.8391
11.7244
11.7883
12.3548
15.1135
47.4681
47.4681
15.1135
12.3548
11.7883
11.7244
11.6926
11.7236
11.9236
12.3548
13.8464
13.8464
12.3548
11.9236
11.7236
11.6926
11.6317
11.6471
11.7236
11.7883
12.1161
12.1161
11.7883
11.7236
11.6471
11.6317
11.6186
11.6317
11.6926
11.7244
11.8391
11.8391
11.7244
11.6926
11.6317
11.6186
11.45
11.4605
11.5326
11.5617
11.7167
11.7167
11.5617
11.5326
11.4605
11.45
11.4605
11.4717
11.569
11.6249
12.0099
12.0099
11.6249
11.569
11.4717
11.4605
11.5326
11.569
11.8359
12.3665
14.6227
14.6227
12.3665
11.8359
11.569
11.5326
11.5617
11.6249
12.3665
16.578
77.8967
77.8967
16.578
12.3665
11.6249
11.5617
11.7167
12.0099
14.6227
77.8968
5822.62
5822.62
77.8967
14.6227
12.0099
11.7167
11.7167
12.0099
14.6227
77.8967
5822.62
5822.62
77.8967
14.6227
12.0099
11.7167
11.5617
11.6248
12.3665
16.578
77.8967
77.8967
16.578
12.3665
11.6248
11.5617
11.5326
11.569
11.8359
12.3665
14.6227
14.6227
12.3665
11.8359
11.569
11.5326
11.4605
11.4717
11.569
11.6248
12.0099
12.0099
11.6248
11.569
11.4717
11.4605
11.45
11.4605
11.5326
11.5617
11.7167
11.7167
11.5617
11.5326
11.4605
11.45
11.2679
11.2733
11.3498
11.3689
11.5501
11.5501
11.3689
11.3498
11.2733
11.2679
11.2733
11.2764
11.3866
11.4275
11.9581
11.9581
11.4275
11.3866
11.2764
11.2733
11.3498
11.3866
11.6843
12.4233
16.993
16.993
12.4233
11.6843
11.3866
11.3498
11.3689
11.4275
12.4233
18.8265
125.898
125.898
18.8265
12.4233
11.4275
11.3689
11.5501
11.9581
16.993
125.898
6061.47
6061.47
125.898
16.993
11.9581
11.5501
11.5501
11.9581
16.993
125.898
6061.47
6061.47
125.898
16.993
11.9581
11.5501
11.3689
11.4275
12.4233
18.8265
125.898
125.898
18.8265
12.4233
11.4275
11.3689
11.3498
11.3866
11.6843
12.4233
16.993
16.993
12.4233
11.6843
11.3866
11.3498
11.2733
11.2764
11.3866
11.4275
11.9581
11.9581
11.4275
11.3866
11.2764
11.2733
11.2679
11.2733
11.3498
11.3689
11.5501
11.5501
11.3689
11.3498
11.2733
11.2679
11.0728
11.0703
11.1413
11.1451
11.3424
11.3424
11.1451
11.1413
11.0703
11.0728
11.0703
11.0617
11.1768
11.22
12.1098
12.1098
11.22
11.1768
11.0617
11.0703
11.1413
11.1768
11.4935
12.6787
20.6537
20.6537
12.6787
11.4935
11.1768
11.1413
11.1451
11.22
12.6787
21.9669
183.132
183.132
21.9669
12.6787
11.22
11.1451
11.3424
12.1098
20.6537
183.132
6293.71
6293.71
183.132
20.6537
12.1098
11.3424
11.3424
12.1098
20.6537
183.132
6293.71
6293.71
183.132
20.6537
12.1098
11.3424
11.1451
11.22
12.6787
21.9669
183.132
183.132
21.9669
12.6787
11.22
11.1451
11.1413
11.1768
11.4935
12.6787
20.6537
20.6537
12.6787
11.4935
11.1768
11.1413
11.0703
11.0617
11.1768
11.22
12.1098
12.1098
11.22
11.1768
11.0617
11.0703
11.0728
11.0703
11.1413
11.145
11.3424
11.3424
11.145
11.1413
11.0703
11.0728
10.867
10.8538
10.9092
10.8913
11.1198
11.1198
10.8913
10.9092
10.8538
10.867
10.8538
10.8298
10.9445
11.0132
12.4748
12.4748
11.0132
10.9445
10.8298
10.8538
10.9092
10.9445
11.3178
13.1794
25.3364
25.3364
13.1794
11.3178
10.9445
10.9092
10.8913
11.0132
13.1794
26.7461
241.215
241.215
26.7461
13.1794
11.0132
10.8913
11.1198
12.4748
25.3364
241.215
6460.8
6460.8
241.215
25.3364
12.4748
11.1198
11.1198
12.4748
25.3364
241.215
6460.8
6460.8
241.214
25.3364
12.4748
11.1198
10.8913
11.0132
13.1794
26.7461
241.215
241.215
26.7461
13.1794
11.0132
10.8913
10.9092
10.9445
11.3178
13.1794
25.3364
25.3364
13.1794
11.3178
10.9445
10.9092
10.8538
10.8298
10.9445
11.0132
12.4748
12.4748
11.0132
10.9445
10.8298
10.8538
10.867
10.8538
10.9092
10.8913
11.1198
11.1198
10.8913
10.9092
10.8538
10.867
10.655
10.6282
10.6577
10.6079
10.8908
10.8908
10.6079
10.6577
10.6282
10.655
10.6282
10.5837
10.6888
10.7905
13.045
13.045
10.7905
10.6888
10.5837
10.6282
10.6577
10.6888
11.156
13.8705
33.5589
33.5589
13.8705
11.156
10.6888
10.6577
10.6079
10.7905
13.8705
32.3699
329.547
329.547
32.3699
13.8705
10.7905
10.6079
10.8908
13.045
33.5589
329.547
6508.65
6508.65
329.547
33.5589
13.045
10.8908
10.8908
13.045
33.5589
329.547
6508.65
6508.65
329.547
33.5589
13.045
10.8908
10.6079
10.7905
13.8705
32.3699
329.547
329.547
32.3699
13.8705
10.7905
10.6079
10.6576
10.6888
11.156
13.8705
33.5589
33.5589
13.8705
11.156
10.6888
10.6576
10.6282
10.5837
10.6888
10.7905
13.045
13.045
10.7905
10.6888
10.5837
10.6282
10.655
10.6282
10.6576
10.6079
10.8908
10.8908
10.6079
10.6576
10.6282
10.655
10.4437
10.4002
10.3921
10.299
10.6343
10.6343
10.299
10.3921
10.4002
10.4437
10.4002
10.3305
10.4049
10.5391
14.0228
14.0228
10.5391
10.4049
10.3305
10.4002
10.3921
10.4049
10.9522
14.7227
53.7446
53.7446
14.7227
10.9522
10.4049
10.3921
10.299
10.5391
14.7227
33.7279
491.728
491.728
33.7279
14.7227
10.5391
10.299
10.6343
14.0228
53.7446
491.728
6096.55
6096.55
491.728
53.7446
14.0228
10.6343
10.6343
14.0228
53.7446
491.728
6096.55
6096.55
491.727
53.7446
14.0228
10.6343
10.299
10.5391
14.7227
33.7279
491.728
491.728
33.7279
14.7227
10.5391
10.299
10.3921
10.4049
10.9522
14.7227
53.7446
53.7446
14.7227
10.9522
10.4049
10.3921
10.4002
10.3305
10.4049
10.5391
14.0228
14.0228
10.5391
10.4049
10.3305
10.4002
10.4437
10.4002
10.3921
10.299
10.6343
10.6343
10.299
10.3921
10.4002
10.4437
10.2418
10.18
10.1228
9.97987
10.3495
10.3495
9.97987
10.1228
10.18
10.2418
10.18
10.0852
10.0923
10.2841
15.9004
15.9004
10.2841
10.0923
10.0852
10.18
10.1228
10.0923
10.6598
15.8922
89.5005
89.5005
15.8922
10.6598
10.0923
10.1228
9.97987
10.2841
15.8922
26.9526
625.461
625.461
26.9526
15.8922
10.2841
9.97987
10.3495
15.9004
89.5005
625.461
2759.71
2759.71
625.461
89.5005
15.9004
10.3495
10.3495
15.9004
89.5005
625.461
2759.71
2759.71
625.461
89.5004
15.9004
10.3495
9.97987
10.2841
15.8922
26.9526
625.461
625.461
26.9526
15.8922
10.2841
9.97987
10.1228
10.0923
10.6598
15.8922
89.5004
89.5004
15.8922
10.6598
10.0923
10.1228
10.18
10.0852
10.0923
10.2841
15.9004
15.9004
10.2841
10.0923
10.0852
10.18
10.2418
10.18
10.1228
9.97987
10.3495
10.3495
9.97987
10.1228
10.18
10.2418
10.0605
9.98204
9.87322
9.6809
10.0911
10.0911
9.6809
9.87322
9.98204
10.0605
9.98204
9.86673
9.76894
10.0813
18.4058
18.4058
10.0813
9.76895
9.86673
9.98204
9.87322
9.76894
10.2702
16.388
124.363
124.363
16.388
10.2702
9.76894
9.87322
9.6809
10.0813
16.388
20.7589
363.285
363.285
20.759
16.388
10.0813
9.6809
10.0911
18.4058
124.363
363.285
66.3842
66.3842
363.285
124.363
18.4058
10.0911
10.0911
18.4058
124.363
363.285
66.3842
66.3842
363.285
124.363
18.4058
10.0911
9.68089
10.0813
16.388
20.759
363.285
363.285
20.759
16.388
10.0813
9.6809
9.87322
9.76894
10.2702
16.388
124.363
124.363
16.388
10.2702
9.76894
9.87322
9.98204
9.86673
9.76894
10.0813
18.4058
18.4058
10.0813
9.76894
9.86673
9.98204
10.0605
9.98204
9.87322
9.68089
10.0911
10.0911
9.68089
9.87322
9.98204
10.0605
9.90877
9.82308
9.6786
9.46618
9.84273
9.84273
9.46618
9.6786
9.82308
9.90877
9.82308
9.69925
9.50197
9.84617
20.1447
20.1447
9.84617
9.50197
9.69925
9.82308
9.6786
9.50197
9.76932
14.8197
109.442
109.442
14.8197
9.76932
9.50197
9.6786
9.46618
9.84617
14.8197
17.7109
64.4132
64.4132
17.7109
14.8197
9.84617
9.46618
9.84273
20.1447
109.442
64.4131
11.6812
11.6812
64.4131
109.442
20.1447
9.84273
9.84273
20.1447
109.442
64.4132
11.6812
11.6812
64.4131
109.442
20.1447
9.84273
9.46618
9.84617
14.8197
17.7109
64.4131
64.4131
17.7109
14.8197
9.84617
9.46618
9.6786
9.50197
9.76932
14.8197
109.442
109.442
14.8197
9.76932
9.50197
9.6786
9.82307
9.69925
9.50197
9.84617
20.1447
20.1447
9.84617
9.50197
9.69925
9.82308
9.90877
9.82307
9.6786
9.46618
9.84273
9.84273
9.46618
9.6786
9.82307
9.90877
9.79749
9.71359
9.55518
9.36603
9.54662
9.54662
9.36603
9.55518
9.71359
9.79749
9.71359
9.59867
9.35317
9.57118
18.9582
18.9582
9.57118
9.35317
9.59867
9.71359
9.55518
9.35317
9.35927
12.2462
46.2964
46.2964
12.2462
9.35927
9.35317
9.55518
9.36602
9.57118
12.2462
19.4073
17.131
17.131
19.4073
12.2462
9.57118
9.36602
9.54662
18.9582
46.2964
17.131
8.71075
8.71075
17.131
46.2964
18.9582
9.54662
9.54662
18.9582
46.2964
17.131
8.71075
8.71075
17.131
46.2964
18.9582
9.54662
9.36602
9.57118
12.2462
19.4073
17.131
17.131
19.4073
12.2462
9.57118
9.36602
9.55518
9.35317
9.35927
12.2462
46.2964
46.2964
12.2462
9.35927
9.35317
9.55518
9.71359
9.59867
9.35317
9.57118
18.9582
18.9582
9.57118
9.35317
9.59867
9.71359
9.79749
9.71359
9.55518
9.36602
9.54662
9.54662
9.36602
9.55518
9.71359
9.79749
9.72882
9.65483
9.50488
9.35534
9.4183
9.4183
9.35534
9.50488
9.65483
9.72882
9.65483
9.56357
9.32463
9.46136
16.3398
16.3398
9.46136
9.32463
9.56357
9.65483
9.50488
9.32462
9.17283
11.0392
19.2096
19.2096
11.0392
9.17283
9.32463
9.50488
9.35534
9.46136
11.0392
23.7398
10.7018
10.7018
23.7398
11.0392
9.46136
9.35534
9.41829
16.3398
19.2096
10.7018
8.49115
8.49115
10.7018
19.2096
16.3398
9.41829
9.41829
16.3398
19.2096
10.7018
8.49115
8.49115
10.7018
19.2096
16.3398
9.41829
9.35534
9.46136
11.0392
23.7398
10.7018
10.7018
23.7398
11.0392
9.46136
9.35534
9.50488
9.32462
9.17283
11.0392
19.2096
19.2096
11.0392
9.17283
9.32462
9.50488
9.65483
9.56357
9.32462
9.46136
16.3398
16.3398
9.46136
9.32462
9.56357
9.65483
9.72882
9.65483
9.50488
9.35534
9.41829
9.41829
9.35534
9.50488
9.65483
9.72882
9.69742
9.63872
9.5133
9.40775
9.44112
9.44112
9.40776
9.5133
9.63872
9.69742
9.63872
9.5729
9.38054
9.46284
14.8655
14.8655
9.46284
9.38054
9.5729
9.63872
9.5133
9.38054
9.22974
11.0207
12.4077
12.4077
11.0207
9.22974
9.38054
9.5133
9.40775
9.46284
11.0207
24.1974
9.84174
9.84174
24.1974
11.0207
9.46284
9.40775
9.44112
14.8655
12.4077
9.84174
8.66614
8.66614
9.84174
12.4077
14.8655
9.44112
9.44112
14.8655
12.4077
9.84174
8.66614
8.66614
9.84174
12.4077
14.8655
9.44112
9.40775
9.46284
11.0206
24.1974
9.84174
9.84174
24.1974
11.0207
9.46284
9.40775
9.5133
9.38054
9.22974
11.0207
12.4077
12.4077
11.0207
9.22974
9.38054
9.5133
9.63872
9.5729
9.38054
9.46284
14.8655
14.8655
9.46284
9.38054
9.5729
9.63872
9.69742
9.63872
9.5133
9.40775
9.44112
9.44112
9.40775
9.5133
9.63872
9.69742
9.69657
9.65474
9.56202
9.49211
9.54155
9.54155
9.49211
9.56202
9.65474
9.69657
9.65474
9.61036
9.47383
9.54579
13.8869
13.8869
9.54579
9.47383
9.61036
9.65474
9.56202
9.47383
9.40654
11.4654
10.5929
10.5929
11.4654
9.40654
9.47383
9.56202
9.49211
9.54579
11.4653
15.162
9.62686
9.62686
15.162
11.4654
9.54579
9.49211
9.54155
13.8869
10.5929
9.62686
8.87522
8.87522
9.62686
10.5929
13.8869
9.54155
9.54155
13.8869
10.5929
9.62686
8.87522
8.87522
9.62686
10.5929
13.8869
9.54155
9.49211
9.54579
11.4653
15.162
9.62686
9.62686
15.162
11.4654
9.54579
9.49211
9.56202
9.47383
9.40653
11.4654
10.5929
10.5929
11.4654
9.40653
9.47383
9.56202
9.65474
9.61036
9.47383
9.54579
13.8869
13.8869
9.54579
9.47383
9.61036
9.65474
9.69657
9.65474
9.56202
9.49211
9.54155
9.54155
9.49211
9.56202
9.65474
9.69657
9.71488
9.68842
9.62639
9.5876
9.6469
9.6469
9.5876
9.62639
9.68842
9.71488
9.68842
9.6617
9.58009
9.6484
12.5166
12.5166
9.6484
9.58009
9.6617
9.68842
9.62639
9.58009
9.57391
11.2843
10.048
10.048
11.2843
9.57391
9.58009
9.62639
9.5876
9.6484
11.2843
10.313
9.33663
9.33663
10.313
11.2843
9.6484
9.5876
9.6469
12.5166
10.048
9.33663
9.01728
9.01728
9.33663
10.048
12.5166
9.6469
9.6469
12.5166
10.048
9.33663
9.01728
9.01728
9.33663
10.048
12.5166
9.6469
9.5876
9.6484
11.2843
10.313
9.33663
9.33663
10.313
11.2843
9.6484
9.5876
9.62639
9.58009
9.57391
11.2843
10.048
10.048
11.2843
9.57391
9.58009
9.62639
9.68842
9.6617
9.58009
9.6484
12.5166
12.5166
9.6484
9.58009
9.6617
9.68842
9.71488
9.68842
9.62639
9.5876
9.6469
9.6469
9.5876
9.62639
9.68842
9.71488
9.74955
9.73625
9.70446
9.68794
9.74277
9.74277
9.68794
9.70446
9.73625
9.74955
9.73625
9.72696
9.69017
9.74935
11.1797
11.1797
9.74935
9.69017
9.72696
9.73625
9.70446
9.69017
9.72644
10.5531
9.83517
9.83517
10.5531
9.72644
9.69017
9.70446
9.68794
9.74935
10.5531
9.80754
9.37543
9.37543
9.80754
10.5531
9.74935
9.68794
9.74277
11.1797
9.83517
9.37543
9.10688
9.10688
9.37543
9.83517
11.1797
9.74277
9.74277
11.1797
9.83517
9.37543
9.10688
9.10688
9.37543
9.83517
11.1797
9.74277
9.68794
9.74935
10.5531
9.80754
9.37543
9.37543
9.80754
10.5531
9.74935
9.68794
9.70446
9.69017
9.72644
10.5531
9.83517
9.83517
10.5531
9.72644
9.69017
9.70446
9.73625
9.72696
9.69017
9.74935
11.1797
11.1797
9.74935
9.69017
9.72696
9.73625
9.74955
9.73625
9.70446
9.68794
9.74277
9.74277
9.68794
9.70446
9.73625
9.74955
9.78428
9.78088
9.76791
9.76885
9.80526
9.80526
9.76885
9.76791
9.78088
9.78428
9.78088
9.77971
9.77595
9.81188
10.3702
10.3702
9.81188
9.77595
9.77971
9.78088
9.76791
9.77595
9.79856
10.1521
9.78326
9.78326
10.1521
9.79856
9.77595
9.76791
9.76885
9.81188
10.1521
9.79991
9.32336
9.32336
9.79991
10.1521
9.81188
9.76885
9.80526
10.3702
9.78326
9.32336
9.03696
9.03696
9.32336
9.78326
10.3702
9.80526
9.80526
10.3702
9.78326
9.32336
9.03696
9.03696
9.32336
9.78326
10.3702
9.80526
9.76885
9.81188
10.1521
9.79991
9.32336
9.32336
9.79991
10.1521
9.81188
9.76885
9.76791
9.77595
9.79856
10.1521
9.78326
9.78326
10.1521
9.79856
9.77595
9.76791
9.78088
9.77971
9.77595
9.81188
10.3702
10.3702
9.81188
9.77595
9.77971
9.78088
9.78428
9.78088
9.76791
9.76885
9.80526
9.80526
9.76885
9.76791
9.78088
9.78428
)
;

boundaryField
{
    bottom
    {
        type            fixedFluxPressure;
        gradient        uniform 0;
        value           nonuniform List<scalar> 
100
(
12.9466
12.9492
12.9535
12.9579
12.9608
12.9608
12.9579
12.9535
12.9492
12.9466
12.9492
12.9519
12.9566
12.9612
12.9644
12.9644
12.9612
12.9566
12.9519
12.9492
12.9535
12.9566
12.9617
12.967
12.9706
12.9706
12.967
12.9617
12.9566
12.9535
12.9579
12.9612
12.967
12.9729
12.977
12.977
12.9729
12.967
12.9612
12.9579
12.9608
12.9644
12.9706
12.977
12.9814
12.9814
12.977
12.9706
12.9644
12.9608
12.9608
12.9644
12.9706
12.977
12.9814
12.9814
12.977
12.9706
12.9644
12.9608
12.9579
12.9612
12.967
12.9729
12.977
12.977
12.9729
12.967
12.9612
12.9579
12.9535
12.9566
12.9617
12.967
12.9706
12.9706
12.967
12.9617
12.9566
12.9535
12.9492
12.9519
12.9566
12.9612
12.9644
12.9644
12.9612
12.9566
12.9519
12.9492
12.9466
12.9492
12.9535
12.9579
12.9608
12.9608
12.9579
12.9535
12.9492
12.9466
)
;
    }
    atmosphere
    {
        type            prghTotalPressure;
        p0              uniform 0;
        value           nonuniform List<scalar> 
100
(
9.81
9.81
9.81001
9.81063
9.85513
9.85513
9.81063
9.81001
9.81
9.81
9.81
9.81001
9.81087
9.85249
9.80775
9.80775
9.85249
9.81087
9.81001
9.81
9.81001
9.81087
9.85063
10.1375
9.60011
9.60011
10.1375
9.85063
9.81087
9.81001
9.81063
9.85249
10.1375
9.63752
9.19342
9.19342
9.63752
10.1375
9.85249
9.81063
9.85513
9.80775
9.60011
9.19342
8.90227
8.90227
9.19342
9.60011
9.80775
9.85513
9.85513
9.80775
9.60011
9.19342
8.90227
8.90227
9.19342
9.60011
9.80775
9.85513
9.81063
9.85249
10.1375
9.63752
9.19342
9.19342
9.63752
10.1375
9.85249
9.81063
9.81001
9.81087
9.85063
10.1375
9.60011
9.60011
10.1375
9.85063
9.81087
9.81001
9.81
9.81001
9.81087
9.85249
9.80775
9.80775
9.85249
9.81087
9.81001
9.81
9.81
9.81
9.81001
9.81063
9.85513
9.85513
9.81063
9.81001
9.81
9.81
)
;
    }
    walls
    {
        type            fixedFluxPressure;
        gradient        uniform 0;
        value           nonuniform List<scalar> 
1600
(
12.9466
12.9492
12.9535
12.9579
12.9608
12.9608
12.9579
12.9535
12.9492
12.9466
12.9455
12.9482
12.9528
12.9574
12.9606
12.9606
12.9574
12.9528
12.9482
12.9455
12.943
12.9461
12.9513
12.9565
12.9601
12.9601
12.9565
12.9513
12.9461
12.943
12.9392
12.9428
12.9489
12.9551
12.9594
12.9594
12.9551
12.9489
12.9427
12.9392
12.9337
12.938
12.9454
12.9529
12.9583
12.9583
12.9529
12.9454
12.938
12.9337
12.9262
12.9314
12.9405
12.9498
12.9566
12.9566
12.9498
12.9405
12.9314
12.9262
12.9162
12.9226
12.9338
12.9454
12.9541
12.9541
12.9454
12.9338
12.9226
12.9162
12.9033
12.9111
12.9248
12.9393
12.9504
12.9504
12.9393
12.9248
12.911
12.9033
12.8866
12.896
12.9129
12.9309
12.9451
12.9451
12.9309
12.9129
12.896
12.8866
12.8653
12.8767
12.8971
12.9193
12.9373
12.9373
12.9193
12.8971
12.8767
12.8653
12.8386
12.852
12.8763
12.9033
12.926
12.926
12.9033
12.8763
12.852
12.8386
12.8052
12.8209
12.8493
12.8816
12.9097
12.9097
12.8816
12.8493
12.8209
12.8052
12.7641
12.7819
12.8144
12.8523
12.8865
12.8865
12.8523
12.8144
12.7819
12.7641
12.714
12.7337
12.7698
12.8132
12.8537
12.8537
12.8132
12.7698
12.7337
12.714
12.6537
12.675
12.7137
12.7616
12.8077
12.8077
12.7616
12.7137
12.675
12.6537
12.5824
12.6045
12.6443
12.695
12.7445
12.7445
12.695
12.6443
12.6045
12.5824
12.4995
12.5214
12.5604
12.6111
12.6604
12.6604
12.6111
12.5604
12.5214
12.4995
12.4049
12.4257
12.462
12.5091
12.5529
12.5529
12.5091
12.462
12.4257
12.4049
12.2988
12.3178
12.3506
12.391
12.4274
12.4274
12.391
12.3506
12.3178
12.2988
12.1822
12.1992
12.2294
12.2621
12.2904
12.2904
12.2621
12.2294
12.1992
12.1822
12.0558
12.0712
12.1023
12.1299
12.1595
12.1595
12.1299
12.1023
12.0712
12.0558
11.9201
11.9346
11.9716
11.9988
12.0428
12.0428
11.9988
11.9716
11.9346
11.9201
11.7748
11.7888
11.8366
11.8664
11.9401
11.9401
11.8664
11.8366
11.7888
11.7748
11.6186
11.6317
11.6926
11.7244
11.8391
11.8391
11.7244
11.6926
11.6317
11.6186
11.45
11.4605
11.5326
11.5617
11.7167
11.7167
11.5617
11.5326
11.4605
11.45
11.2679
11.2733
11.3498
11.3689
11.5501
11.5501
11.3689
11.3498
11.2733
11.2679
11.0728
11.0703
11.1413
11.1451
11.3424
11.3424
11.1451
11.1413
11.0703
11.0728
10.867
10.8538
10.9092
10.8913
11.1198
11.1198
10.8913
10.9092
10.8538
10.867
10.655
10.6282
10.6577
10.6079
10.8908
10.8908
10.6079
10.6576
10.6282
10.655
10.4437
10.4002
10.3921
10.299
10.6343
10.6343
10.299
10.3921
10.4002
10.4437
10.2418
10.18
10.1228
9.97987
10.3495
10.3495
9.97987
10.1228
10.18
10.2418
10.0605
9.98204
9.87322
9.6809
10.0911
10.0911
9.68089
9.87322
9.98204
10.0605
9.90877
9.82308
9.6786
9.46618
9.84273
9.84273
9.46618
9.6786
9.82307
9.90877
9.79749
9.71359
9.55518
9.36602
9.54662
9.54662
9.36602
9.55518
9.71359
9.79749
9.72882
9.65483
9.50488
9.35534
9.41829
9.41829
9.35534
9.50488
9.65483
9.72882
9.69742
9.63872
9.5133
9.40775
9.44112
9.44112
9.40775
9.5133
9.63872
9.69742
9.69657
9.65474
9.56202
9.49211
9.54155
9.54155
9.49211
9.56202
9.65474
9.69657
9.71488
9.68842
9.62639
9.5876
9.6469
9.6469
9.5876
9.62639
9.68842
9.71488
9.74955
9.73625
9.70446
9.68794
9.74277
9.74277
9.68794
9.70446
9.73625
9.74955
9.78428
9.78088
9.76791
9.76885
9.80526
9.80526
9.76885
9.76791
9.78088
9.78428
12.9466
12.9492
12.9535
12.9579
12.9608
12.9608
12.9579
12.9535
12.9492
12.9466
12.9455
12.9482
12.9528
12.9574
12.9606
12.9606
12.9574
12.9528
12.9482
12.9455
12.943
12.9461
12.9513
12.9565
12.9601
12.9601
12.9565
12.9513
12.9461
12.943
12.9392
12.9428
12.9489
12.9551
12.9594
12.9594
12.9551
12.9489
12.9427
12.9392
12.9337
12.938
12.9454
12.9529
12.9583
12.9583
12.9529
12.9454
12.938
12.9337
12.9262
12.9314
12.9405
12.9498
12.9566
12.9566
12.9498
12.9405
12.9314
12.9262
12.9162
12.9226
12.9338
12.9454
12.9541
12.9541
12.9454
12.9338
12.9226
12.9162
12.9033
12.9111
12.9248
12.9393
12.9504
12.9504
12.9393
12.9248
12.911
12.9033
12.8866
12.896
12.9129
12.9309
12.9451
12.9451
12.9309
12.9129
12.896
12.8866
12.8653
12.8767
12.8971
12.9193
12.9373
12.9373
12.9193
12.8971
12.8767
12.8653
12.8386
12.852
12.8763
12.9033
12.926
12.926
12.9033
12.8763
12.852
12.8386
12.8052
12.8209
12.8493
12.8816
12.9097
12.9097
12.8816
12.8493
12.8209
12.8052
12.7641
12.7819
12.8144
12.8523
12.8865
12.8865
12.8523
12.8144
12.7819
12.7641
12.714
12.7337
12.7698
12.8132
12.8537
12.8537
12.8132
12.7698
12.7337
12.714
12.6537
12.675
12.7137
12.7616
12.8077
12.8077
12.7616
12.7137
12.675
12.6537
12.5824
12.6045
12.6443
12.695
12.7445
12.7445
12.695
12.6443
12.6045
12.5824
12.4995
12.5214
12.5604
12.6111
12.6604
12.6604
12.6111
12.5604
12.5214
12.4995
12.4049
12.4257
12.462
12.5091
12.5529
12.5529
12.5091
12.462
12.4257
12.4049
12.2988
12.3178
12.3506
12.391
12.4274
12.4274
12.391
12.3506
12.3178
12.2988
12.1822
12.1992
12.2294
12.2621
12.2904
12.2904
12.2621
12.2294
12.1992
12.1822
12.0558
12.0712
12.1023
12.1299
12.1595
12.1595
12.1299
12.1023
12.0712
12.0558
11.9201
11.9346
11.9716
11.9988
12.0428
12.0428
11.9988
11.9716
11.9346
11.9201
11.7748
11.7888
11.8366
11.8664
11.9401
11.9401
11.8664
11.8366
11.7888
11.7748
11.6186
11.6317
11.6926
11.7244
11.8391
11.8391
11.7244
11.6926
11.6317
11.6186
11.45
11.4605
11.5326
11.5617
11.7167
11.7167
11.5617
11.5326
11.4605
11.45
11.2679
11.2733
11.3498
11.3689
11.5501
11.5501
11.3689
11.3498
11.2733
11.2679
11.0728
11.0703
11.1413
11.1451
11.3424
11.3424
11.1451
11.1413
11.0703
11.0728
10.867
10.8538
10.9092
10.8913
11.1198
11.1198
10.8913
10.9092
10.8538
10.867
10.655
10.6282
10.6577
10.6079
10.8908
10.8908
10.6079
10.6576
10.6282
10.655
10.4437
10.4002
10.3921
10.299
10.6343
10.6343
10.299
10.3921
10.4002
10.4437
10.2418
10.18
10.1228
9.97987
10.3495
10.3495
9.97987
10.1228
10.18
10.2418
10.0605
9.98204
9.87322
9.6809
10.0911
10.0911
9.6809
9.87322
9.98204
10.0605
9.90877
9.82308
9.6786
9.46618
9.84273
9.84273
9.46618
9.6786
9.82308
9.90877
9.79749
9.71359
9.55518
9.36602
9.54662
9.54662
9.36602
9.55518
9.71359
9.79749
9.72882
9.65483
9.50488
9.35534
9.41829
9.41829
9.35534
9.50488
9.65483
9.72882
9.69742
9.63872
9.5133
9.40775
9.44112
9.44112
9.40775
9.5133
9.63872
9.69742
9.69657
9.65474
9.56202
9.49211
9.54155
9.54155
9.49211
9.56202
9.65474
9.69657
9.71488
9.68842
9.62639
9.5876
9.6469
9.6469
9.5876
9.62639
9.68842
9.71488
9.74955
9.73625
9.70446
9.68794
9.74277
9.74277
9.68794
9.70446
9.73625
9.74955
9.78428
9.78088
9.76791
9.76885
9.80526
9.80526
9.76885
9.76791
9.78088
9.78428
12.9466
12.9455
12.943
12.9392
12.9337
12.9262
12.9162
12.9033
12.8866
12.8653
12.8386
12.8052
12.7641
12.714
12.6537
12.5824
12.4995
12.4049
12.2988
12.1822
12.9492
12.9482
12.9461
12.9428
12.938
12.9314
12.9226
12.9111
12.896
12.8767
12.852
12.8209
12.7819
12.7337
12.675
12.6045
12.5214
12.4257
12.3178
12.1992
12.9535
12.9528
12.9513
12.9489
12.9454
12.9405
12.9338
12.9248
12.9129
12.8971
12.8763
12.8493
12.8144
12.7698
12.7137
12.6443
12.5604
12.462
12.3506
12.2294
12.9579
12.9574
12.9565
12.9551
12.9529
12.9498
12.9454
12.9393
12.9309
12.9193
12.9033
12.8816
12.8523
12.8132
12.7616
12.695
12.6111
12.5091
12.391
12.2621
12.9608
12.9606
12.9601
12.9594
12.9583
12.9566
12.9541
12.9504
12.9451
12.9373
12.926
12.9097
12.8865
12.8537
12.8077
12.7445
12.6604
12.5529
12.4274
12.2904
12.9608
12.9606
12.9601
12.9594
12.9583
12.9566
12.9541
12.9504
12.9451
12.9373
12.926
12.9097
12.8865
12.8537
12.8077
12.7445
12.6604
12.5529
12.4274
12.2904
12.9579
12.9574
12.9565
12.9551
12.9529
12.9498
12.9454
12.9393
12.9309
12.9193
12.9033
12.8816
12.8523
12.8132
12.7616
12.695
12.6111
12.5091
12.391
12.2621
12.9535
12.9528
12.9513
12.9489
12.9454
12.9405
12.9338
12.9248
12.9129
12.8971
12.8763
12.8493
12.8144
12.7698
12.7137
12.6443
12.5604
12.462
12.3506
12.2294
12.9492
12.9482
12.9461
12.9428
12.938
12.9314
12.9226
12.9111
12.896
12.8767
12.852
12.8209
12.7819
12.7337
12.675
12.6045
12.5214
12.4257
12.3178
12.1992
12.9466
12.9455
12.943
12.9392
12.9337
12.9262
12.9162
12.9033
12.8866
12.8653
12.8386
12.8052
12.7641
12.714
12.6537
12.5824
12.4995
12.4049
12.2988
12.1822
12.0558
11.9201
11.7748
11.6186
11.45
11.2679
11.0728
10.867
10.655
10.4437
10.2418
10.0605
9.90877
9.79749
9.72882
9.69742
9.69657
9.71488
9.74955
9.78428
12.0712
11.9346
11.7888
11.6317
11.4605
11.2733
11.0703
10.8538
10.6282
10.4002
10.18
9.98204
9.82308
9.71359
9.65483
9.63872
9.65474
9.68842
9.73625
9.78088
12.1023
11.9716
11.8366
11.6926
11.5326
11.3498
11.1413
10.9092
10.6577
10.3921
10.1228
9.87322
9.6786
9.55518
9.50488
9.5133
9.56202
9.62639
9.70446
9.76791
12.1299
11.9988
11.8664
11.7244
11.5617
11.3689
11.1451
10.8913
10.6079
10.299
9.97987
9.6809
9.46618
9.36603
9.35534
9.40775
9.49211
9.5876
9.68794
9.76885
12.1595
12.0428
11.9401
11.8391
11.7167
11.5501
11.3424
11.1198
10.8908
10.6343
10.3495
10.0911
9.84273
9.54662
9.4183
9.44112
9.54155
9.6469
9.74277
9.80526
12.1595
12.0428
11.9401
11.8391
11.7167
11.5501
11.3424
11.1198
10.8908
10.6343
10.3495
10.0911
9.84273
9.54662
9.4183
9.44112
9.54155
9.6469
9.74277
9.80526
12.1299
11.9988
11.8664
11.7244
11.5617
11.3689
11.1451
10.8913
10.6079
10.299
9.97987
9.6809
9.46618
9.36603
9.35534
9.40776
9.49211
9.5876
9.68794
9.76885
12.1023
11.9716
11.8366
11.6926
11.5326
11.3498
11.1413
10.9092
10.6577
10.3921
10.1228
9.87322
9.6786
9.55518
9.50488
9.5133
9.56202
9.62639
9.70446
9.76791
12.0712
11.9346
11.7888
11.6317
11.4605
11.2733
11.0703
10.8538
10.6282
10.4002
10.18
9.98204
9.82308
9.71359
9.65483
9.63872
9.65474
9.68842
9.73625
9.78088
12.0558
11.9201
11.7748
11.6186
11.45
11.2679
11.0728
10.867
10.655
10.4437
10.2418
10.0605
9.90877
9.79749
9.72882
9.69742
9.69657
9.71488
9.74955
9.78428
12.9466
12.9455
12.943
12.9392
12.9337
12.9262
12.9162
12.9033
12.8866
12.8653
12.8386
12.8052
12.7641
12.714
12.6537
12.5824
12.4995
12.4049
12.2988
12.1822
12.9492
12.9482
12.9461
12.9427
12.938
12.9314
12.9226
12.911
12.896
12.8767
12.852
12.8209
12.7819
12.7337
12.675
12.6045
12.5214
12.4257
12.3178
12.1992
12.9535
12.9528
12.9513
12.9489
12.9454
12.9405
12.9338
12.9248
12.9129
12.8971
12.8763
12.8493
12.8144
12.7698
12.7137
12.6443
12.5604
12.462
12.3506
12.2294
12.9579
12.9574
12.9565
12.9551
12.9529
12.9498
12.9454
12.9393
12.9309
12.9193
12.9033
12.8816
12.8523
12.8132
12.7616
12.695
12.6111
12.5091
12.391
12.2621
12.9608
12.9606
12.9601
12.9594
12.9583
12.9566
12.9541
12.9504
12.9451
12.9373
12.926
12.9097
12.8865
12.8537
12.8077
12.7445
12.6604
12.5529
12.4274
12.2904
12.9608
12.9606
12.9601
12.9594
12.9583
12.9566
12.9541
12.9504
12.9451
12.9373
12.926
12.9097
12.8865
12.8537
12.8077
12.7445
12.6604
12.5529
12.4274
12.2904
12.9579
12.9574
12.9565
12.9551
12.9529
12.9498
12.9454
12.9393
12.9309
12.9193
12.9033
12.8816
12.8523
12.8132
12.7616
12.695
12.6111
12.5091
12.391
12.2621
12.9535
12.9528
12.9513
12.9489
12.9454
12.9405
12.9338
12.9248
12.9129
12.8971
12.8763
12.8493
12.8144
12.7698
12.7137
12.6443
12.5604
12.462
12.3506
12.2294
12.9492
12.9482
12.9461
12.9427
12.938
12.9314
12.9226
12.911
12.896
12.8767
12.852
12.8209
12.7819
12.7337
12.675
12.6045
12.5214
12.4257
12.3178
12.1992
12.9466
12.9455
12.943
12.9392
12.9337
12.9262
12.9162
12.9033
12.8866
12.8653
12.8386
12.8052
12.7641
12.714
12.6537
12.5824
12.4995
12.4049
12.2988
12.1822
12.0558
11.9201
11.7748
11.6186
11.45
11.2679
11.0728
10.867
10.655
10.4437
10.2418
10.0605
9.90877
9.79749
9.72882
9.69742
9.69657
9.71488
9.74955
9.78428
12.0712
11.9346
11.7888
11.6317
11.4605
11.2733
11.0703
10.8538
10.6282
10.4002
10.18
9.98204
9.82307
9.71359
9.65483
9.63872
9.65474
9.68842
9.73625
9.78088
12.1023
11.9716
11.8366
11.6926
11.5326
11.3498
11.1413
10.9092
10.6576
10.3921
10.1228
9.87322
9.6786
9.55518
9.50488
9.5133
9.56202
9.62639
9.70446
9.76791
12.1299
11.9988
11.8664
11.7244
11.5617
11.3689
11.145
10.8913
10.6079
10.299
9.97987
9.68089
9.46618
9.36602
9.35534
9.40775
9.49211
9.5876
9.68794
9.76885
12.1595
12.0428
11.9401
11.8391
11.7167
11.5501
11.3424
11.1198
10.8908
10.6343
10.3495
10.0911
9.84273
9.54662
9.41829
9.44112
9.54155
9.6469
9.74277
9.80526
12.1595
12.0428
11.9401
11.8391
11.7167
11.5501
11.3424
11.1198
10.8908
10.6343
10.3495
10.0911
9.84273
9.54662
9.41829
9.44112
9.54155
9.6469
9.74277
9.80526
12.1299
11.9988
11.8664
11.7244
11.5617
11.3689
11.145
10.8913
10.6079
10.299
9.97987
9.68089
9.46618
9.36602
9.35534
9.40775
9.49211
9.5876
9.68794
9.76885
12.1023
11.9716
11.8366
11.6926
11.5326
11.3498
11.1413
10.9092
10.6576
10.3921
10.1228
9.87322
9.6786
9.55518
9.50488
9.5133
9.56202
9.62639
9.70446
9.76791
12.0712
11.9346
11.7888
11.6317
11.4605
11.2733
11.0703
10.8538
10.6282
10.4002
10.18
9.98204
9.82307
9.71359
9.65483
9.63872
9.65474
9.68842
9.73625
9.78088
12.0558
11.9201
11.7748
11.6186
11.45
11.2679
11.0728
10.867
10.655
10.4437
10.2418
10.0605
9.90877
9.79749
9.72882
9.69742
9.69657
9.71488
9.74955
9.78428
)
;
    }
}


// ************************************************************************* //
