/*--------------------------------*- C++ -*----------------------------------*\
| =========                 |                                                 |
| \\      /  F ield         | OpenFOAM: The Open Source CFD Toolbox           |
|  \\    /   O peration     | Version:  2412                                  |
|   \\  /    A nd           | Website:  www.openfoam.com                      |
|    \\/     M anipulation  |                                                 |
\*---------------------------------------------------------------------------*/
FoamFile
{
    version     2.0;
    format      ascii;
    arch        "LSB;label=32;scalar=64";
    class       volVectorField;
    location    "0.97";
    object      U;
}
// * * * * * * * * * * * * * * * * * * * * * * * * * * * * * * * * * * * * * //

dimensions      [0 1 -1 0 0 0 0];

internalField   nonuniform List<vector> 
1000
(
(-0.763192 -0.763192 -0.956421)
(0.718034 -0.451466 0.114413)
(-0.0442623 -0.153473 -0.000921018)
(0.24983 0.058481 -0.0173362)
(-0.145876 0.193239 -0.400582)
(0.145872 0.193222 -0.40056)
(-0.249795 0.058358 -0.0173529)
(0.0441989 -0.153465 -0.00093119)
(-0.718019 -0.451455 0.114431)
(0.763194 -0.763197 -0.956396)
(-0.451455 0.718035 0.114419)
(-0.289769 -0.289791 0.687568)
(-0.477649 0.257712 0.302978)
(-0.0528149 0.140124 -0.225836)
(-0.242764 -0.076082 -0.334938)
(0.242791 -0.0760992 -0.334931)
(0.0528169 0.140114 -0.225846)
(0.477637 0.257658 0.303072)
(0.289777 -0.289806 0.687594)
(0.451457 0.718034 0.114427)
(-0.153482 -0.0442857 -0.000936617)
(0.257716 -0.477651 0.302995)
(-0.353771 -0.353749 1.36433)
(0.0801047 -0.0488584 0.55145)
(-0.0759287 -0.0244466 -0.120473)
(0.0758799 -0.0244511 -0.120396)
(-0.080071 -0.0488787 0.551535)
(0.353786 -0.35374 1.36435)
(-0.257694 -0.477655 0.302976)
(0.153483 -0.0442352 -0.000980324)
(0.0584986 0.249836 -0.0173313)
(0.140127 -0.0528065 -0.225827)
(-0.0488224 0.080104 0.551448)
(-0.123676 -0.123683 0.0514789)
(-0.0366272 0.0987757 -0.285996)
(0.0366352 0.0987829 -0.286011)
(0.123697 -0.123652 0.0515353)
(0.0488518 0.0800874 0.551435)
(-0.140152 -0.0528278 -0.225835)
(-0.0584397 0.249814 -0.0173517)
(0.193245 -0.145874 -0.400588)
(-0.0760746 -0.24277 -0.334935)
(-0.0244438 -0.075931 -0.120476)
(0.0987799 -0.0366223 -0.285992)
(-0.112015 -0.112013 -0.336392)
(0.112026 -0.112023 -0.3364)
(-0.0987662 -0.0366258 -0.286005)
(0.0244676 -0.0759153 -0.120468)
(0.0760693 -0.242776 -0.334931)
(-0.193237 -0.145845 -0.400615)
(0.19322 0.145857 -0.40055)
(-0.0760992 0.242806 -0.334925)
(-0.0244488 0.075855 -0.120374)
(0.0987909 0.0366325 -0.286011)
(-0.112027 0.112024 -0.336404)
(0.112033 0.112028 -0.336412)
(-0.0987799 0.0366356 -0.286014)
(0.0244713 0.0758442 -0.120394)
(0.0760905 0.242806 -0.334923)
(-0.193215 0.145829 -0.400584)
(0.0583182 -0.249786 -0.017357)
(0.140109 0.0528101 -0.225842)
(-0.0488592 -0.0800617 0.551561)
(-0.123629 0.123723 0.051555)
(-0.0366359 -0.0987561 -0.286006)
(0.0366431 -0.0987684 -0.286012)
(0.123646 0.123686 0.0515811)
(0.0488878 -0.0800571 0.551525)
(-0.140131 0.0528194 -0.225846)
(-0.0582926 -0.249781 -0.0173602)
(-0.153474 0.04418 -0.000944332)
(0.257637 0.477633 0.303116)
(-0.353753 0.35377 1.36435)
(0.0800738 0.0488879 0.551432)
(-0.0759162 0.0244738 -0.120459)
(0.0758693 0.024478 -0.120409)
(-0.0800545 0.0489094 0.551488)
(0.353767 0.353763 1.36434)
(-0.257632 0.477639 0.303085)
(0.153476 0.0441558 -0.000968429)
(-0.451451 -0.718018 0.114441)
(-0.289805 0.289789 0.687599)
(-0.477656 -0.257691 0.302951)
(-0.052839 -0.140166 -0.22584)
(-0.24277 0.0760677 -0.334936)
(0.242792 0.076083 -0.334931)
(0.0528354 -0.140147 -0.225851)
(0.477648 -0.257649 0.303023)
(0.289809 0.289804 0.687619)
(0.451455 -0.718019 0.114442)
(-0.763199 0.763194 -0.956389)
(0.718033 0.451458 0.114423)
(-0.0442155 0.153472 -0.000975926)
(0.249809 -0.0584208 -0.0173527)
(-0.145843 -0.19323 -0.400615)
(0.145841 -0.193217 -0.400595)
(-0.249785 -0.0583239 -0.0173572)
(0.0441716 0.153466 -0.000966356)
(-0.718021 0.451452 0.114432)
(0.763199 0.763198 -0.956379)
(-0.765487 -0.765487 -0.937039)
(0.684908 -0.556986 0.0930108)
(0.297454 -0.246122 0.0838455)
(0.353773 0.0406003 -0.00320022)
(-0.0464434 0.223523 -0.385804)
(0.0464107 0.223503 -0.385777)
(-0.353801 0.0405406 -0.00318615)
(-0.297489 -0.246127 0.0838448)
(-0.684908 -0.55699 0.0930154)
(0.765488 -0.76549 -0.937017)
(-0.556979 0.684911 0.0930147)
(-0.296991 -0.297007 0.670834)
(-0.463411 0.302884 0.291319)
(-0.0142385 0.218181 -0.243221)
(-0.237782 -0.052723 -0.342418)
(0.237787 -0.052735 -0.342397)
(0.014183 0.218198 -0.243242)
(0.463404 0.302833 0.291396)
(0.297004 -0.297037 0.670856)
(0.556986 0.684925 0.0930059)
(-0.246119 0.297443 0.0838393)
(0.302876 -0.463413 0.291333)
(-0.369928 -0.369914 1.42484)
(0.147896 -0.150677 0.550493)
(-0.073377 -0.0208714 -0.153637)
(0.0733452 -0.0208669 -0.153589)
(-0.147866 -0.150716 0.550543)
(0.369955 -0.369909 1.42483)
(-0.302847 -0.463416 0.291312)
(0.246127 0.297487 0.0838128)
(0.0406118 0.353764 -0.00320468)
(0.218182 -0.0142387 -0.243217)
(-0.150631 0.147894 0.550497)
(-0.0804755 -0.0804748 0.019863)
(-0.0582014 0.121075 -0.298959)
(0.0582153 0.121081 -0.298969)
(0.0804867 -0.080418 0.0199135)
(0.150658 0.147908 0.550494)
(-0.218214 -0.0142348 -0.24323)
(-0.040578 0.353784 -0.00321417)
(0.223525 -0.0464514 -0.385809)
(-0.0527173 -0.237792 -0.342418)
(-0.0208668 -0.0733791 -0.153633)
(0.121078 -0.0581976 -0.298954)
(-0.118888 -0.118887 -0.339796)
(0.118896 -0.118892 -0.339803)
(-0.121071 -0.058209 -0.298953)
(0.0208728 -0.0733705 -0.153615)
(0.0527144 -0.237801 -0.342414)
(-0.223506 -0.0464246 -0.385828)
(0.223498 0.0463956 -0.385767)
(-0.0527346 0.237798 -0.342389)
(-0.0208595 0.0733301 -0.153572)
(0.121087 0.0582154 -0.298969)
(-0.118895 0.118895 -0.339807)
(0.118899 0.118896 -0.339816)
(-0.121082 0.058224 -0.298963)
(0.0208631 0.0733277 -0.153578)
(0.0527283 0.237806 -0.342389)
(-0.223482 0.0463799 -0.385792)
(0.0405224 -0.353808 -0.00318145)
(0.218201 0.0141601 -0.243247)
(-0.150696 -0.147858 0.550557)
(-0.0803931 0.0804991 0.0199324)
(-0.0582183 -0.121065 -0.29895)
(0.0582294 -0.121074 -0.298955)
(0.0804105 0.0804472 0.0199507)
(0.150717 -0.147878 0.550531)
(-0.218224 0.0141625 -0.24325)
(-0.0405088 -0.353818 -0.00318581)
(-0.246136 -0.2975 0.0838434)
(0.30281 0.463404 0.291431)
(-0.369917 0.369951 1.42482)
(0.147916 0.150694 0.550496)
(-0.0733696 0.02088 -0.153609)
(0.0733444 0.0208737 -0.153585)
(-0.14789 0.150732 0.550516)
(0.369941 0.369946 1.42481)
(-0.302799 0.463408 0.291398)
(0.246133 -0.297517 0.0838237)
(-0.55699 -0.68491 0.0930216)
(-0.297044 0.297011 0.670859)
(-0.463411 -0.30285 0.291288)
(-0.0142338 -0.218229 -0.243233)
(-0.23779 0.0527133 -0.342416)
(0.237795 0.0527238 -0.342398)
(0.0141868 -0.218233 -0.243249)
(0.463405 -0.302818 0.291345)
(0.297047 0.297033 0.670877)
(0.556992 -0.684922 0.0930149)
(-0.765492 0.765487 -0.937011)
(0.68493 0.556988 0.0929985)
(0.297504 0.246122 0.083811)
(0.353799 -0.0405667 -0.00321224)
(-0.0464113 -0.223503 -0.385826)
(0.0463892 -0.223487 -0.385802)
(-0.353816 -0.0405238 -0.00319321)
(-0.297516 0.246119 0.0838176)
(-0.684927 0.556988 0.0930039)
(0.765492 0.76549 -0.937001)
(-0.754728 -0.754727 -0.886266)
(0.634247 -0.626807 0.0314595)
(0.417455 -0.345294 0.0980701)
(0.456207 0.03182 0.0351129)
(0.0116367 0.250606 -0.332859)
(-0.011689 0.250596 -0.332823)
(-0.456239 0.0318154 0.0351208)
(-0.417479 -0.345321 0.0980737)
(-0.63428 -0.626816 0.0314816)
(0.754717 -0.754719 -0.886238)
(-0.626804 0.634246 0.0314601)
(-0.275446 -0.275453 0.610115)
(-0.461853 0.38877 0.235082)
(0.0120383 0.285505 -0.233405)
(-0.22517 -0.0274083 -0.339669)
(0.225154 -0.0274116 -0.339649)
(-0.0120721 0.285505 -0.233412)
(0.461851 0.388757 0.235135)
(0.27546 -0.275479 0.610134)
(0.626812 0.634285 0.0314574)
(-0.345288 0.417452 0.0980661)
(0.388753 -0.461857 0.235104)
(-0.390753 -0.390743 1.49319)
(0.229695 -0.224977 0.560457)
(-0.0866266 -0.00163324 -0.168558)
(0.0866193 -0.00161529 -0.168522)
(-0.229668 -0.22503 0.560488)
(0.390782 -0.390741 1.49317)
(-0.388736 -0.461863 0.235087)
(0.345304 0.417488 0.0980389)
(0.0318225 0.456202 0.0351098)
(0.285505 0.0120408 -0.233408)
(-0.224944 0.22969 0.560463)
(-0.0611467 -0.061151 -0.0523899)
(-0.0862645 0.135854 -0.304337)
(0.0862831 0.135858 -0.304343)
(0.0611687 -0.0611411 -0.0523544)
(0.224974 0.229699 0.560471)
(-0.28552 0.0120311 -0.233419)
(-0.03181 0.456226 0.0350998)
(0.250605 0.0116254 -0.332864)
(-0.027405 -0.225182 -0.339674)
(-0.00162735 -0.0866275 -0.168554)
(0.135857 -0.0862625 -0.304331)
(-0.126129 -0.126128 -0.333644)
(0.126134 -0.12613 -0.333649)
(-0.135855 -0.0862809 -0.304322)
(0.00161102 -0.0866315 -0.168532)
(0.0274036 -0.225191 -0.339681)
(-0.25059 0.011654 -0.332864)
(0.250594 -0.011706 -0.332812)
(-0.0274104 0.225161 -0.339645)
(-0.00160294 0.0866157 -0.168509)
(0.135863 0.0862855 -0.304342)
(-0.12613 0.126134 -0.333653)
(0.126134 0.126134 -0.33366)
(-0.135861 0.0862978 -0.304329)
(0.00158452 0.0866241 -0.168507)
(0.0274069 0.225173 -0.339656)
(-0.250578 -0.0117193 -0.33282)
(0.0318172 -0.456248 0.0351233)
(0.285503 -0.0120867 -0.233418)
(-0.225021 -0.229657 0.560494)
(-0.0611337 0.0611794 -0.0523372)
(-0.0862881 -0.135851 -0.304319)
(0.0863006 -0.135857 -0.304322)
(0.0611523 0.0611682 -0.0523301)
(0.225032 -0.229675 0.560479)
(-0.285515 -0.012074 -0.233421)
(-0.0318085 -0.45626 0.0351164)
(-0.345333 -0.417485 0.0980768)
(0.388744 0.461856 0.235161)
(-0.390746 0.390785 1.49315)
(0.229713 0.224999 0.560478)
(-0.0866341 0.00161658 -0.168523)
(0.0866324 0.00159742 -0.168509)
(-0.229692 0.225039 0.56048)
(0.390773 0.390783 1.49312)
(-0.388726 0.461862 0.235144)
(0.345332 -0.417501 0.0980579)
(-0.626818 -0.634287 0.0314916)
(-0.275484 0.275463 0.610136)
(-0.461851 -0.388746 0.23506)
(0.0120323 -0.285533 -0.233417)
(-0.225178 0.0274018 -0.339678)
(0.225166 0.027405 -0.339663)
(-0.0120595 -0.285527 -0.233419)
(0.46185 -0.388736 0.235101)
(0.27549 0.275479 0.610153)
(0.626819 -0.634309 0.0314844)
(-0.754718 0.754714 -0.886231)
(0.634296 0.626813 0.031449)
(0.417504 0.345305 0.0980317)
(0.456239 -0.0318045 0.0350996)
(0.0116691 -0.25059 -0.332861)
(-0.0117076 -0.250582 -0.33283)
(-0.456258 -0.0318064 0.0351104)
(-0.417507 0.345319 0.0980444)
(-0.634314 0.626816 0.0314656)
(0.754714 0.754713 -0.886222)
(-0.740126 -0.740125 -0.828003)
(0.701316 -0.637199 -0.00590748)
(0.464283 -0.367762 0.108155)
(0.474713 0.0661618 0.0539034)
(0.0112327 0.27127 -0.271637)
(-0.0112829 0.271263 -0.271613)
(-0.474734 0.0661252 0.0539048)
(-0.464281 -0.367795 0.108175)
(-0.701423 -0.637213 -0.0058946)
(0.740106 -0.740108 -0.828028)
(-0.637197 0.701314 -0.00590692)
(-0.237191 -0.237195 0.507133)
(-0.446341 0.444704 0.183986)
(0.0299217 0.335241 -0.2191)
(-0.205319 -0.0130085 -0.322606)
(0.205304 -0.0130056 -0.322596)
(-0.0299311 0.335238 -0.219097)
(0.446342 0.44472 0.184019)
(0.237213 -0.237209 0.507143)
(0.637208 0.701425 -0.00592259)
(-0.367757 0.46428 0.108154)
(0.444692 -0.446346 0.184006)
(-0.401108 -0.401097 1.5571)
(0.265319 -0.220081 0.580537)
(-0.0917368 0.0177792 -0.16896)
(0.0917271 0.0177961 -0.168929)
(-0.26531 -0.220142 0.580561)
(0.401143 -0.401094 1.55708)
(-0.444693 -0.446347 0.183992)
(0.367771 0.464292 0.108151)
(0.0661678 0.47471 0.0539023)
(0.335241 0.0299287 -0.219105)
(-0.22007 0.265315 0.580545)
(-0.0511651 -0.0511711 -0.1258)
(-0.106625 0.140842 -0.30742)
(0.106647 0.140846 -0.307421)
(0.0511828 -0.0511767 -0.125776)
(0.220108 0.265321 0.580564)
(-0.335249 0.0299141 -0.219109)
(-0.0661424 0.474726 0.053895)
(0.271268 0.0112226 -0.271638)
(-0.0130071 -0.205329 -0.322612)
(0.0177842 -0.0917388 -0.168957)
(0.140845 -0.106625 -0.307416)
(-0.130802 -0.130801 -0.33045)
(0.130805 -0.130801 -0.330453)
(-0.140844 -0.10665 -0.307406)
(-0.0178043 -0.0917438 -0.168935)
(0.0130053 -0.205334 -0.322637)
(-0.271258 0.0112403 -0.271632)
(0.271261 -0.0112985 -0.271605)
(-0.0130035 0.20531 -0.322597)
(0.0178073 0.0917245 -0.16892)
(0.14085 0.106652 -0.307419)
(-0.130801 0.130806 -0.330456)
(0.130805 0.130806 -0.330461)
(-0.140848 0.106666 -0.307407)
(-0.0178291 0.0917383 -0.168914)
(0.0130005 0.205319 -0.322625)
(-0.271251 -0.0113042 -0.271604)
(0.0661193 -0.474739 0.0539044)
(0.335236 -0.0299363 -0.219101)
(-0.220147 -0.265303 0.580564)
(-0.0511735 0.0511923 -0.12576)
(-0.106657 -0.140842 -0.307404)
(0.106668 -0.140846 -0.307403)
(0.051188 0.0511964 -0.125754)
(0.220156 -0.265314 0.58056)
(-0.335243 -0.0299256 -0.219102)
(-0.0661041 -0.47475 0.0539)
(-0.367806 -0.464278 0.108185)
(0.44472 0.44635 0.184038)
(-0.401097 0.401148 1.55706)
(0.265331 0.220125 0.580577)
(-0.0917471 -0.0178018 -0.168924)
(0.0917459 -0.0178194 -0.168912)
(-0.265327 0.220157 0.580571)
(0.401132 0.401145 1.55703)
(-0.44471 0.446352 0.184028)
(0.367807 -0.464288 0.108179)
(-0.637215 -0.701447 -0.00588616)
(-0.237208 0.237218 0.507142)
(-0.446331 -0.444704 0.183968)
(0.0299131 -0.335259 -0.219106)
(-0.205323 0.013003 -0.322631)
(0.205314 0.0130003 -0.322625)
(-0.0299204 -0.335253 -0.219101)
(0.446333 -0.444713 0.183995)
(0.237219 0.23722 0.507158)
(0.637218 -0.70149 -0.00589823)
(-0.740105 0.7401 -0.828034)
(0.701454 0.637209 -0.00593692)
(0.464303 0.367773 0.108145)
(0.474736 -0.0661308 0.0538935)
(0.0112517 -0.271259 -0.27163)
(-0.0112914 -0.271254 -0.27161)
(-0.474751 -0.0661056 0.053897)
(-0.464299 0.367796 0.108165)
(-0.701494 0.637214 -0.00592151)
(0.740096 0.740094 -0.828045)
(-0.732418 -0.732418 -0.872208)
(0.72746 -0.649199 -0.100677)
(0.489316 -0.380263 0.117028)
(0.426752 0.124041 0.0746458)
(-0.0467455 0.277178 -0.224896)
(0.0466971 0.277182 -0.224876)
(-0.426774 0.123979 0.0746494)
(-0.48931 -0.380298 0.117074)
(-0.727414 -0.649199 -0.100632)
(0.732398 -0.732401 -0.872313)
(-0.649197 0.72746 -0.100678)
(-0.249004 -0.249007 0.403754)
(-0.44719 0.448576 0.131231)
(0.01974 0.34881 -0.210297)
(-0.195631 -0.0168597 -0.298303)
(0.195622 -0.016854 -0.298301)
(-0.0197522 0.348833 -0.210295)
(0.447188 0.448604 0.131252)
(0.249018 -0.248987 0.40376)
(0.649193 0.727417 -0.100663)
(-0.380258 0.489312 0.117029)
(0.448564 -0.447197 0.131251)
(-0.407284 -0.407272 1.64498)
(0.267794 -0.154532 0.606483)
(-0.0832867 0.0244157 -0.164996)
(0.0832736 0.0244298 -0.164969)
(-0.267794 -0.154584 0.606495)
(0.407317 -0.407261 1.64496)
(-0.448561 -0.447195 0.131245)
(0.380274 0.489312 0.117044)
(0.12405 0.426749 0.0746437)
(0.348808 0.0197492 -0.210299)
(-0.154534 0.267793 0.606493)
(-0.0403109 -0.0403147 -0.165784)
(-0.110153 0.14309 -0.30753)
(0.110171 0.143094 -0.307527)
(0.0403185 -0.0403163 -0.16577)
(0.154568 0.267802 0.60652)
(-0.348823 0.0197481 -0.210304)
(-0.124014 0.426758 0.0746428)
(0.277176 -0.0467534 -0.224894)
(-0.0168581 -0.195637 -0.29831)
(0.0244184 -0.0832895 -0.164993)
(0.143092 -0.110155 -0.307528)
(-0.128008 -0.128009 -0.32586)
(0.128004 -0.128004 -0.325862)
(-0.143092 -0.110176 -0.307519)
(-0.0244329 -0.0832928 -0.164974)
(0.0168533 -0.195637 -0.298344)
(-0.277178 -0.0467404 -0.22488)
(0.277184 0.0466788 -0.224868)
(-0.0168512 0.195626 -0.298307)
(0.0244375 0.08327 -0.164962)
(0.143096 0.110176 -0.307525)
(-0.128001 0.128005 -0.325864)
(0.128001 0.128003 -0.325867)
(-0.143095 0.110187 -0.307515)
(-0.0244518 0.0832844 -0.164955)
(0.0168453 0.19563 -0.298343)
(-0.277184 0.0466758 -0.224858)
(0.123964 -0.42678 0.0746469)
(0.348841 -0.0197586 -0.2103)
(-0.154595 -0.267788 0.606494)
(-0.0403125 0.0403235 -0.165757)
(-0.110182 -0.143091 -0.307517)
(0.110189 -0.143094 -0.307513)
(0.0403214 0.0403264 -0.165753)
(0.154601 -0.267797 0.606499)
(-0.34885 -0.0197611 -0.210304)
(-0.123944 -0.426788 0.0746474)
(-0.380308 -0.489305 0.117091)
(0.44861 0.447195 0.131268)
(-0.407259 0.407324 1.64494)
(0.267809 0.154579 0.606537)
(-0.0832945 -0.0244346 -0.164961)
(0.0832916 -0.0244475 -0.164951)
(-0.267807 0.154599 0.60652)
(0.407294 0.407313 1.64491)
(-0.448601 0.447194 0.13127)
(0.380317 -0.489311 0.11709)
(-0.649199 -0.727403 -0.100617)
(-0.248973 0.249026 0.403756)
(-0.44718 -0.448567 0.131225)
(0.0197459 -0.348834 -0.210299)
(-0.19563 0.0168525 -0.298338)
(0.195626 0.0168463 -0.298338)
(-0.0197556 -0.34885 -0.210299)
(0.447177 -0.448594 0.131244)
(0.248982 0.249002 0.403772)
(0.649199 -0.727389 -0.100621)
(-0.732396 0.732391 -0.872338)
(0.727407 0.649193 -0.100674)
(0.489319 0.38028 0.117038)
(0.426761 -0.124 0.0746438)
(-0.0467343 -0.277179 -0.224879)
(0.0466934 -0.277183 -0.224863)
(-0.426782 -0.123952 0.0746485)
(-0.489319 0.38031 0.117068)
(-0.727391 0.649197 -0.100648)
(0.732384 0.732383 -0.872376)
(-0.764079 -0.764078 -0.848398)
(0.577635 -0.613673 -0.136477)
(0.366994 -0.268795 0.174432)
(0.281736 0.25708 0.0986938)
(-0.107628 0.247492 -0.221929)
(0.107579 0.247508 -0.22192)
(-0.281767 0.257053 0.0986874)
(-0.367034 -0.268863 0.174429)
(-0.577543 -0.613687 -0.136464)
(0.76408 -0.764082 -0.848371)
(-0.61367 0.577636 -0.136477)
(-0.335871 -0.335876 0.282267)
(-0.454295 0.361301 0.0873631)
(-0.00324863 0.320107 -0.202362)
(-0.178374 -0.0469381 -0.281704)
(0.178374 -0.0469309 -0.281699)
(0.00323217 0.320173 -0.202361)
(0.454297 0.361347 0.0873551)
(0.335867 -0.335844 0.282272)
(0.61367 0.577561 -0.136481)
(-0.268787 0.366985 0.174436)
(0.361292 -0.454298 0.0873844)
(-0.412683 -0.412674 1.7151)
(0.259619 -0.0726716 0.625925)
(-0.0635008 0.0170005 -0.163747)
(0.0634949 0.017013 -0.163719)
(-0.259618 -0.0726919 0.625934)
(0.412711 -0.412659 1.71509)
(-0.361283 -0.454287 0.0873909)
(0.268806 0.366989 0.174428)
(0.257085 0.281732 0.098692)
(0.320101 -0.00323607 -0.202361)
(-0.0726761 0.25962 0.625937)
(-0.0220135 -0.0220166 -0.169998)
(-0.0981268 0.146366 -0.30525)
(0.0981334 0.14637 -0.305243)
(0.0220163 -0.0220231 -0.169991)
(0.072686 0.259632 0.625974)
(-0.320128 -0.00321513 -0.202365)
(-0.257073 0.281736 0.0986889)
(0.247492 -0.107636 -0.221924)
(-0.0469357 -0.178377 -0.281709)
(0.0170006 -0.0635034 -0.163743)
(0.146366 -0.0981285 -0.30525)
(-0.114369 -0.114371 -0.316381)
(0.114366 -0.114367 -0.316383)
(-0.146367 -0.0981398 -0.305242)
(-0.0170085 -0.0635069 -0.163721)
(0.0469273 -0.178376 -0.281741)
(-0.247508 -0.107622 -0.221915)
(0.247517 0.107561 -0.221913)
(-0.0469267 0.17838 -0.281704)
(0.0170165 0.0634945 -0.163712)
(0.146371 0.0981343 -0.305241)
(-0.114364 0.114365 -0.316385)
(0.114363 0.114364 -0.316386)
(-0.146369 0.0981393 -0.305235)
(-0.0170221 0.0635077 -0.163702)
(0.0469172 0.178381 -0.281736)
(-0.24753 0.107559 -0.221905)
(0.257052 -0.281776 0.0986793)
(0.320197 0.00322245 -0.202364)
(-0.0726967 -0.259612 0.625933)
(-0.0220232 0.0220179 -0.16998)
(-0.0981406 -0.146367 -0.305238)
(0.098141 -0.146369 -0.305233)
(0.0220278 0.0220259 -0.169975)
(0.0726923 -0.259619 0.62595)
(-0.320211 0.00320212 -0.20237)
(-0.257042 -0.281779 0.0986822)
(-0.268884 -0.367044 0.174433)
(0.361363 0.454304 0.087359)
(-0.412654 0.412717 1.71508)
(0.259636 0.0726885 0.625997)
(-0.0635081 -0.0170142 -0.163708)
(0.063512 -0.0170234 -0.163696)
(-0.259629 0.07269 0.625978)
(0.412685 0.412704 1.71505)
(-0.361352 0.454294 0.0873732)
(0.268897 -0.367048 0.17443)
(-0.613689 -0.57752 -0.136458)
(-0.335827 0.335875 0.282267)
(-0.454275 -0.361282 0.0873769)
(-0.00321773 -0.320139 -0.202359)
(-0.178372 0.0469283 -0.281736)
(0.178376 0.0469202 -0.281733)
(0.00320713 -0.320194 -0.202362)
(0.454276 -0.361329 0.0873691)
(0.335827 0.335848 0.282278)
(0.613692 -0.5775 -0.136465)
(-0.764083 0.764079 -0.848368)
(0.577547 0.613672 -0.136493)
(0.366988 0.268806 0.174419)
(0.281732 -0.25707 0.0986891)
(-0.107617 -0.247506 -0.22192)
(0.107576 -0.24752 -0.221911)
(-0.281761 -0.257046 0.0986881)
(-0.367029 0.26887 0.174422)
(-0.577511 0.613688 -0.136484)
(0.764079 0.764078 -0.848372)
(-0.795959 -0.795959 -0.662788)
(0.524125 -0.501633 -0.144323)
(0.034767 -0.0104913 0.190325)
(0.202303 0.337394 0.037246)
(-0.137451 0.219527 -0.246399)
(0.137414 0.219541 -0.246402)
(-0.202319 0.337409 0.0372252)
(-0.0348281 -0.0105691 0.190328)
(-0.524123 -0.501645 -0.144315)
(0.795958 -0.79596 -0.6628)
(-0.501628 0.524126 -0.144323)
(-0.405175 -0.405179 0.207126)
(-0.483887 0.256383 0.0777881)
(0.00116118 0.223346 -0.192018)
(-0.172176 -0.0860286 -0.266893)
(0.172179 -0.086025 -0.266885)
(-0.00116152 0.2234 -0.192013)
(0.483877 0.256419 0.0777584)
(0.405164 -0.405166 0.207119)
(0.501631 0.524137 -0.144323)
(-0.0104793 0.0347555 0.190329)
(0.256376 -0.483886 0.077808)
(-0.409819 -0.409812 1.72296)
(0.265207 -0.0338882 0.618782)
(-0.0406225 0.00257596 -0.171956)
(0.0406258 0.0025849 -0.17193)
(-0.2652 -0.033874 0.618805)
(0.40984 -0.409797 1.72295)
(-0.256371 -0.483869 0.0778122)
(0.0104912 0.0347552 0.190325)
(0.337394 0.202303 0.0372449)
(0.223341 0.00117659 -0.192015)
(-0.0338883 0.265208 0.618795)
(0.00476634 0.00476165 -0.147224)
(-0.0807725 0.153064 -0.299147)
(0.0807655 0.153069 -0.299139)
(-0.00476502 0.00474311 -0.147212)
(0.0338706 0.265218 0.618843)
(-0.223362 0.00120739 -0.192015)
(-0.337401 0.202311 0.0372309)
(0.219527 -0.137458 -0.246391)
(-0.0860267 -0.172177 -0.266896)
(0.00257475 -0.0406249 -0.171951)
(0.153064 -0.0807745 -0.299147)
(-0.102853 -0.102854 -0.296323)
(0.102849 -0.102851 -0.296325)
(-0.153065 -0.0807721 -0.299144)
(-0.0025786 -0.0406288 -0.171929)
(0.0860206 -0.172178 -0.266917)
(-0.219544 -0.137449 -0.246387)
(0.21955 0.137404 -0.246399)
(-0.086022 0.172186 -0.266886)
(0.00258474 0.0406301 -0.171925)
(0.15307 0.0807611 -0.299139)
(-0.102849 0.102848 -0.296326)
(0.102848 0.102848 -0.296328)
(-0.153068 0.0807589 -0.299137)
(-0.00258626 0.0406423 -0.171913)
(0.0860142 0.172186 -0.266907)
(-0.219564 0.137405 -0.246393)
(0.337419 -0.202328 0.037207)
(0.223418 -0.00116527 -0.192013)
(-0.0338694 -0.265193 0.61881)
(0.00473748 -0.00476595 -0.147201)
(-0.0807674 -0.153067 -0.29914)
(0.0807603 -0.153069 -0.299135)
(-0.00473494 -0.00474511 -0.14719)
(0.0338529 -0.265193 0.618838)
(-0.223431 -0.00119573 -0.192017)
(-0.337423 -0.202329 0.0372062)
(-0.0105947 -0.0348414 0.190333)
(0.256435 0.483878 0.0777505)
(-0.40979 0.409845 1.72294)
(0.26522 0.0338644 0.618871)
(-0.0406295 -0.00258554 -0.171917)
(0.0406422 -0.00259106 -0.171905)
(-0.265203 0.0338493 0.618865)
(0.409814 0.409832 1.72292)
(-0.25643 0.483862 0.0777653)
(0.0105997 -0.0348391 0.190333)
(-0.501642 -0.524119 -0.144312)
(-0.405153 0.405171 0.207111)
(-0.483863 -0.256368 0.0778042)
(0.00120748 -0.223369 -0.192009)
(-0.172178 0.0860216 -0.266913)
(0.172183 0.0860163 -0.266907)
(-0.00120211 -0.223417 -0.19201)
(0.483854 -0.256408 0.0777775)
(0.405146 0.405158 0.20711)
(0.501645 -0.524111 -0.144318)
(-0.79596 0.795957 -0.662804)
(0.524136 0.501635 -0.144331)
(0.0347478 0.010485 0.190315)
(0.202308 -0.337399 0.0372248)
(-0.137443 -0.219542 -0.246395)
(0.137414 -0.219554 -0.246397)
(-0.202317 -0.337412 0.0372141)
(-0.0348078 0.0105597 0.190323)
(-0.524117 0.501648 -0.14433)
(0.795958 0.795958 -0.66281)
(-0.81186 -0.81186 -0.616302)
(0.711546 -0.444737 -0.0612639)
(-0.248705 0.211357 0.174176)
(0.263385 0.270968 -0.0851682)
(-0.17091 0.196313 -0.252869)
(0.170903 0.196325 -0.252877)
(-0.263406 0.27095 -0.0851959)
(0.248674 0.211312 0.174176)
(-0.711539 -0.444731 -0.0612746)
(0.811863 -0.811864 -0.616297)
(-0.444734 0.711547 -0.0612623)
(-0.423084 -0.423086 0.246264)
(-0.578229 0.178938 0.110295)
(0.0205778 0.101144 -0.202158)
(-0.183129 -0.12022 -0.252047)
(0.183139 -0.120218 -0.252039)
(-0.0205672 0.101139 -0.202154)
(0.578214 0.178957 0.110252)
(0.42308 -0.423068 0.246247)
(0.444735 0.711545 -0.0612645)
(0.21137 -0.248713 0.174178)
(0.178936 -0.57823 0.110313)
(-0.408283 -0.40828 1.68422)
(0.314233 -0.0592784 0.572744)
(-0.0173989 -0.012941 -0.17584)
(0.0173997 -0.0129369 -0.175815)
(-0.314232 -0.0592568 0.572785)
(0.408294 -0.408263 1.68422)
(-0.178937 -0.578217 0.110314)
(-0.211374 -0.24872 0.174175)
(0.270971 0.263383 -0.0851697)
(0.101145 0.0205914 -0.202156)
(-0.0592757 0.314232 0.572756)
(0.045728 0.0457237 -0.13463)
(-0.064479 0.161065 -0.287537)
(0.0644648 0.16107 -0.287531)
(-0.0457295 0.0457043 -0.134609)
(0.059252 0.314236 0.572814)
(-0.101142 0.0206168 -0.202158)
(-0.270968 0.263391 -0.0851909)
(0.196311 -0.170916 -0.252861)
(-0.120219 -0.183129 -0.252048)
(-0.0129422 -0.017402 -0.175836)
(0.161063 -0.0644811 -0.287538)
(-0.0962917 -0.0962927 -0.268103)
(0.0962866 -0.0962896 -0.268105)
(-0.161066 -0.0644724 -0.287538)
(0.0129404 -0.0174027 -0.175814)
(0.120218 -0.183134 -0.252058)
(-0.196322 -0.170919 -0.25286)
(0.19633 0.170912 -0.252876)
(-0.120218 0.183149 -0.252038)
(-0.0129389 0.0174046 -0.175813)
(0.161071 0.0644585 -0.287532)
(-0.0962874 0.0962844 -0.268106)
(0.0962849 0.096284 -0.268107)
(-0.16107 0.0644536 -0.287533)
(0.0129382 0.0174128 -0.175802)
(0.120214 0.183151 -0.25205)
(-0.196338 0.170916 -0.252874)
(0.270938 -0.263416 -0.0852178)
(0.101126 -0.0205639 -0.202152)
(-0.0592515 -0.314229 0.572797)
(0.0456967 -0.0457322 -0.134597)
(-0.0644661 -0.161069 -0.287535)
(0.0644555 -0.161071 -0.287532)
(-0.0456967 -0.0457098 -0.13458)
(0.0592343 -0.314216 0.572835)
(-0.101132 -0.0205906 -0.202157)
(-0.270942 -0.263417 -0.0852236)
(0.211298 0.248673 0.174176)
(0.178969 0.578214 0.110235)
(-0.408253 0.408297 1.68421)
(0.314232 0.0592444 0.572846)
(-0.0174002 0.0129348 -0.175803)
(0.0174104 0.0129328 -0.175793)
(-0.314215 0.0592297 0.572859)
(0.408266 0.408281 1.6842)
(-0.178975 0.578202 0.110248)
(-0.211307 0.24868 0.174174)
(-0.444718 -0.711538 -0.0612811)
(-0.423049 0.423093 0.246237)
(-0.578213 -0.178935 0.110312)
(0.0206189 -0.10114 -0.202154)
(-0.183135 0.120218 -0.252056)
(0.183145 0.120214 -0.252051)
(-0.0206045 -0.101141 -0.202154)
(0.5782 -0.178962 0.110274)
(0.423049 0.423076 0.246226)
(0.444722 -0.711534 -0.0612864)
(-0.811865 0.811863 -0.616296)
(0.711541 0.444742 -0.0612661)
(-0.248726 -0.211384 0.174166)
(0.263387 -0.27096 -0.0852003)
(-0.170913 -0.196321 -0.252869)
(0.170908 -0.196332 -0.252877)
(-0.263404 -0.270946 -0.0852157)
(0.248694 -0.211341 0.174168)
(-0.711533 0.444739 -0.0612815)
(0.811866 0.811866 -0.61629)
(-0.81932 -0.81932 -0.585202)
(0.821125 -0.503457 0.0366379)
(-0.286846 0.22182 0.188464)
(0.213916 0.224671 -0.187053)
(-0.199107 0.172539 -0.24743)
(0.199131 0.172553 -0.247431)
(-0.213944 0.224622 -0.187048)
(0.28688 0.221819 0.188464)
(-0.82113 -0.503432 0.0366228)
(0.819324 -0.819325 -0.585201)
(-0.503456 0.821125 0.0366402)
(-0.447463 -0.447462 0.330799)
(-0.608443 0.0985948 0.169258)
(0.0244428 0.0110013 -0.228263)
(-0.181495 -0.147532 -0.237828)
(0.181502 -0.147531 -0.237819)
(-0.0244321 0.0109335 -0.228263)
(0.608437 0.0986059 0.169206)
(0.447466 -0.447437 0.33078)
(0.503458 0.821131 0.0366412)
(0.221829 -0.286852 0.188464)
(0.0985954 -0.608448 0.169275)
(-0.423036 -0.423038 1.58714)
(0.360774 -0.100381 0.46602)
(0.000635784 -0.0262284 -0.170189)
(-0.00064366 -0.0262283 -0.170167)
(-0.360781 -0.100375 0.466053)
(0.423037 -0.423021 1.58714)
(-0.0985968 -0.60844 0.16928)
(-0.221837 -0.286852 0.188456)
(0.224677 0.213914 -0.187057)
(0.0110068 0.0244514 -0.22826)
(-0.10038 0.360771 0.466033)
(0.0903747 0.090372 -0.150576)
(-0.0527288 0.164986 -0.262462)
(0.0527148 0.164993 -0.262462)
(-0.0903843 0.0903657 -0.150553)
(0.100372 0.360771 0.466089)
(-0.0109841 0.0244665 -0.228261)
(-0.22467 0.213922 -0.187071)
(0.172534 -0.199108 -0.247425)
(-0.147533 -0.181495 -0.23783)
(-0.026229 0.000632232 -0.170186)
(0.164985 -0.0527306 -0.262463)
(-0.0925034 -0.0925044 -0.234355)
(0.0924971 -0.0925014 -0.234355)
(-0.164989 -0.0527221 -0.262467)
(0.026228 0.000636183 -0.170167)
(0.147534 -0.181497 -0.237835)
(-0.172541 -0.199118 -0.247426)
(0.172557 0.199153 -0.247428)
(-0.147533 0.181509 -0.237818)
(-0.026231 -0.000640852 -0.170166)
(0.164994 0.0527089 -0.262463)
(-0.0924993 0.092494 -0.234356)
(0.0924953 0.0924935 -0.234357)
(-0.164995 0.0527039 -0.262469)
(0.0262298 -0.000638454 -0.170157)
(0.147531 0.18151 -0.237825)
(-0.172561 0.199157 -0.247429)
(0.224595 -0.213952 -0.187049)
(0.0108917 -0.024427 -0.228265)
(-0.100375 -0.360785 0.466058)
(0.0903622 -0.0903903 -0.150542)
(-0.0527168 -0.164993 -0.262467)
(0.0527064 -0.164996 -0.262467)
(-0.0903681 -0.090379 -0.150525)
(0.10037 -0.360773 0.466102)
(-0.0108908 -0.0244424 -0.228266)
(-0.2246 -0.213957 -0.187057)
(0.221822 0.286909 0.188465)
(0.0986139 0.608439 0.169181)
(-0.42301 0.423038 1.58714)
(0.360765 0.10037 0.46612)
(0.000642319 0.0262245 -0.170157)
(-0.000641585 0.0262252 -0.170149)
(-0.360762 0.100367 0.466131)
(0.423011 0.423022 1.58715)
(-0.0986216 0.608433 0.169197)
(-0.221832 0.286906 0.188456)
(-0.503413 -0.821131 0.0366121)
(-0.447417 0.44748 0.330772)
(-0.608435 -0.0985906 0.169286)
(0.0244679 -0.0109754 -0.228259)
(-0.181498 0.147533 -0.237831)
(0.181506 0.14753 -0.237825)
(-0.0244543 -0.010924 -0.228262)
(0.60843 -0.0986092 0.169238)
(0.447423 0.447457 0.330758)
(0.503422 -0.821135 0.0366101)
(-0.819326 0.819325 -0.585201)
(0.821132 0.503472 0.0366436)
(-0.286834 -0.221837 0.188445)
(0.213919 -0.224666 -0.187079)
(-0.199114 -0.172544 -0.247432)
(0.199135 -0.172557 -0.247435)
(-0.213944 -0.224625 -0.187068)
(0.286864 -0.221835 0.188445)
(-0.821135 0.503453 0.0366236)
(0.819329 0.819328 -0.5852)
(-0.831111 -0.83111 -0.639089)
(0.728217 -0.52242 0.165517)
(-0.137464 0.151212 0.285652)
(0.151791 0.212112 -0.241651)
(-0.19185 0.15593 -0.259959)
(0.191883 0.155949 -0.25995)
(-0.151809 0.212076 -0.241626)
(0.137512 0.151232 0.285636)
(-0.728224 -0.522386 0.165493)
(0.831113 -0.831114 -0.639085)
(-0.522419 0.728223 0.165522)
(-0.477622 -0.47762 0.374906)
(-0.588305 0.0107532 0.213894)
(0.0254977 -0.0112276 -0.254991)
(-0.172085 -0.159698 -0.224274)
(0.172082 -0.159698 -0.224264)
(-0.0254847 -0.0112908 -0.255001)
(0.588284 0.0107741 0.213842)
(0.477623 -0.477592 0.374892)
(0.522423 0.728234 0.165521)
(0.151219 -0.137472 0.285651)
(0.0107498 -0.588312 0.213911)
(-0.423936 -0.423942 1.40324)
(0.360104 -0.121189 0.328586)
(0.0105584 -0.0345198 -0.164023)
(-0.0105691 -0.0345213 -0.164004)
(-0.360108 -0.121192 0.328595)
(0.42393 -0.423935 1.40325)
(-0.0107499 -0.58831 0.213919)
(-0.151226 -0.137452 0.285641)
(0.212115 0.15179 -0.241662)
(-0.0112249 0.0255037 -0.254988)
(-0.121192 0.360102 0.328599)
(0.115984 0.115983 -0.184822)
(-0.052755 0.160994 -0.230329)
(0.0527409 0.160998 -0.230328)
(-0.116 0.115987 -0.184806)
(0.121196 0.360096 0.328647)
(0.0112429 0.0255109 -0.254989)
(-0.212114 0.151796 -0.241661)
(0.155924 -0.191849 -0.25996)
(-0.159699 -0.172085 -0.224276)
(-0.0345201 0.0105557 -0.164021)
(0.160993 -0.0527567 -0.230329)
(-0.0919214 -0.0919227 -0.199292)
(0.0919146 -0.0919206 -0.199292)
(-0.160998 -0.052748 -0.230331)
(0.0345189 0.0105616 -0.164003)
(0.1597 -0.172082 -0.224277)
(-0.155932 -0.191854 -0.259961)
(0.155954 0.191907 -0.259947)
(-0.1597 0.172083 -0.224263)
(-0.0345238 -0.0105672 -0.164003)
(0.160999 0.0527348 -0.230328)
(-0.0919186 0.0919113 -0.199292)
(0.0919133 0.0919108 -0.199293)
(-0.161003 0.0527299 -0.230332)
(0.0345221 -0.0105692 -0.163994)
(0.1597 0.172081 -0.224267)
(-0.155958 0.191906 -0.259951)
(0.212055 -0.151813 -0.241617)
(-0.0113282 -0.0254781 -0.255008)
(-0.121194 -0.360113 0.328589)
(0.115988 -0.116008 -0.184799)
(-0.052743 -0.161002 -0.230331)
(0.0527326 -0.161005 -0.230331)
(-0.115999 -0.116007 -0.184787)
(0.121198 -0.360105 0.328632)
(0.0113292 -0.0254868 -0.255008)
(-0.212061 -0.151817 -0.24162)
(0.151246 0.137551 0.285628)
(0.0107876 0.588275 0.213814)
(-0.42393 0.423928 1.40325)
(0.360089 0.121196 0.328674)
(0.0105688 0.0345164 -0.163994)
(-0.0105734 0.034518 -0.163988)
(-0.360092 0.121199 0.32867)
(0.423924 0.423923 1.40326)
(-0.0107869 0.588279 0.213834)
(-0.151251 0.137531 0.285617)
(-0.522363 -0.728228 0.165479)
(-0.477575 0.477636 0.374884)
(-0.588313 -0.0107388 0.213928)
(0.0255109 0.0112475 -0.254987)
(-0.172082 0.159699 -0.224273)
(0.172081 0.159699 -0.224266)
(-0.0254974 0.0112966 -0.254997)
(0.588294 -0.0107621 0.21388)
(0.477581 0.477612 0.374871)
(0.522373 -0.728239 0.165478)
(-0.831115 0.831113 -0.639083)
(0.728235 0.522438 0.165523)
(-0.137414 -0.15122 0.285636)
(0.151794 -0.212116 -0.241655)
(-0.191849 -0.155937 -0.259962)
(0.191878 -0.155954 -0.259957)
(-0.151809 -0.212085 -0.241629)
(0.13746 -0.151237 0.28562)
(-0.72824 0.522411 0.165497)
(0.831116 0.831116 -0.639079)
)
;

boundaryField
{
    bottom
    {
        type            noSlip;
    }
    atmosphere
    {
        type            pressureInletOutletVelocity;
        value           nonuniform List<vector> 0();
    }
    walls
    {
        type            noSlip;
    }
    procBoundary0to1
    {
        type            processor;
        value           nonuniform List<vector> 
100
(
(-0.839303 -0.839303 -0.486032)
(0.646588 -0.522355 0.220984)
(0.00592008 0.0920578 0.369682)
(0.17318 0.210182 -0.25311)
(-0.169196 0.149315 -0.266905)
(0.169202 0.149331 -0.266892)
(-0.173191 0.21018 -0.253064)
(-0.00590734 0.0920784 0.369655)
(-0.646595 -0.522334 0.220955)
(0.839303 -0.839304 -0.486038)
(-0.522352 0.646595 0.220991)
(-0.485223 -0.485222 0.411553)
(-0.576423 -0.0246371 0.218182)
(0.0222209 -0.0149506 -0.27188)
(-0.165612 -0.156436 -0.209777)
(0.165603 -0.156435 -0.209768)
(-0.0222074 -0.0149645 -0.27189)
(0.576401 -0.0246107 0.218142)
(0.485218 -0.485201 0.411541)
(0.522358 0.646609 0.220982)
(0.0920624 0.00591214 0.369684)
(-0.0246428 -0.576427 0.218198)
(-0.40681 -0.406816 1.20385)
(0.355408 -0.123734 0.194894)
(0.014203 -0.0389351 -0.1598)
(-0.0142121 -0.0389375 -0.159787)
(-0.355398 -0.123732 0.19489)
(0.406802 -0.406821 1.20386)
(0.024638 -0.576423 0.218211)
(-0.092067 0.00594152 0.369674)
(0.210179 0.173176 -0.253123)
(-0.0149554 0.0222246 -0.271877)
(-0.123737 0.355408 0.194905)
(0.111351 0.11135 -0.21763)
(-0.0653781 0.150103 -0.197824)
(0.0653646 0.150106 -0.197825)
(-0.111369 0.111358 -0.217621)
(0.12374 0.355388 0.194943)
(0.0149603 0.0222246 -0.271876)
(-0.210186 0.173186 -0.253113)
(0.14931 -0.169199 -0.26691)
(-0.156436 -0.165612 -0.209779)
(-0.0389351 0.0142021 -0.159799)
(0.150103 -0.06538 -0.197823)
(-0.095377 -0.0953786 -0.16966)
(0.0953694 -0.0953765 -0.169659)
(-0.150108 -0.065372 -0.197825)
(0.0389339 0.0142093 -0.159786)
(0.156436 -0.165607 -0.209777)
(-0.149317 -0.169193 -0.26691)
(0.149337 0.169212 -0.266889)
(-0.156436 0.165601 -0.209767)
(-0.0389398 -0.0142101 -0.159786)
(0.150107 0.0653591 -0.197825)
(-0.0953741 0.0953665 -0.16966)
(0.0953678 0.0953656 -0.16966)
(-0.150111 0.0653547 -0.197828)
(0.038938 -0.0142154 -0.15978)
(0.156435 0.165598 -0.209768)
(-0.149341 0.169206 -0.266893)
(0.210176 -0.17319 -0.253044)
(-0.0149743 -0.0222007 -0.271898)
(-0.123731 -0.355399 0.194877)
(0.11136 -0.111378 -0.217617)
(-0.0653667 -0.150112 -0.197825)
(0.0653567 -0.150114 -0.197827)
(-0.111374 -0.111381 -0.21761)
(0.123735 -0.355387 0.194915)
(0.0149754 -0.0222032 -0.271896)
(-0.210183 -0.173197 -0.253044)
(0.0920931 -0.00588985 0.369642)
(-0.0245946 0.576389 0.218119)
(-0.406824 0.406799 1.20386)
(0.355377 0.123741 0.194965)
(0.0142166 0.0389318 -0.159779)
(-0.0142215 0.0389339 -0.159774)
(-0.355375 0.12374 0.194952)
(0.406815 0.406804 1.20389)
(0.0245982 0.57639 0.218141)
(-0.0920938 -0.00591331 0.369634)
(-0.52232 -0.646599 0.220939)
(-0.48519 0.485223 0.411534)
(-0.576427 0.0246459 0.21822)
(0.0222233 0.0149576 -0.271873)
(-0.165605 0.156436 -0.209773)
(0.165599 0.156435 -0.209767)
(-0.0222109 0.0149657 -0.271884)
(0.576408 0.0246238 0.218182)
(0.48519 0.485208 0.411521)
(0.522328 -0.64661 0.220935)
(-0.839305 0.839303 -0.48604)
(0.646611 0.522368 0.22098)
(0.00597372 -0.0920607 0.369671)
(0.173191 -0.210194 -0.253101)
(-0.169183 -0.149323 -0.266906)
(0.169189 -0.149337 -0.266896)
(-0.1732 -0.210192 -0.253058)
(-0.00595806 -0.0920774 0.369645)
(-0.646613 0.522351 0.220952)
(0.839304 0.839304 -0.486044)
)
;
    }
    procBoundary0to2
    {
        type            processor;
        value           nonuniform List<vector> 
100
(
(-0.746127 -0.746127 -0.973356)
(0.653243 -0.389535 0.0533382)
(-0.383003 -0.19152 -0.0718125)
(0.181267 0.101821 0.0394791)
(-0.296965 0.150746 -0.377968)
(0.29698 0.150755 -0.377938)
(-0.181291 0.101793 0.0393943)
(0.38295 -0.191521 -0.0718474)
(-0.653185 -0.389519 0.0533667)
(0.746129 -0.746132 -0.973343)
(-0.389528 0.65324 0.0533477)
(-0.261052 -0.261064 0.641589)
(-0.500844 0.272603 0.300746)
(-0.0973896 0.0612596 -0.186061)
(-0.238878 -0.0949681 -0.301632)
(0.238911 -0.094972 -0.30162)
(0.0974463 0.0612034 -0.18606)
(0.500829 0.272549 0.30083)
(0.261063 -0.261061 0.641612)
(0.389538 0.653195 0.0533581)
(-0.191539 -0.38301 -0.071819)
(0.272613 -0.50085 0.300771)
(-0.349781 -0.349751 1.27244)
(0.0454128 0.0164706 0.550801)
(-0.114281 -0.0166017 -0.0696)
(0.114256 -0.0165938 -0.0694958)
(-0.0453918 0.0164883 0.5509)
(0.349783 -0.34974 1.27245)
(-0.2726 -0.500865 0.300733)
(0.191546 -0.382958 -0.071867)
(0.101826 0.181258 0.0394975)
(0.0612632 -0.0973781 -0.186049)
(0.0164759 0.0454122 0.550797)
(-0.183463 -0.183489 0.0410933)
(-0.0154563 0.0763947 -0.263431)
(0.015458 0.0764041 -0.26344)
(0.183524 -0.183564 0.0411645)
(-0.0164633 0.0453693 0.550771)
(-0.061268 -0.0974355 -0.186048)
(-0.101816 0.181256 0.0394609)
(0.150755 -0.296958 -0.377976)
(-0.0949625 -0.238882 -0.301631)
(-0.0165988 -0.114281 -0.0696099)
(0.0764 -0.0154494 -0.263425)
(-0.105735 -0.105735 -0.326439)
(0.105749 -0.105748 -0.326446)
(-0.076379 -0.0154348 -0.263433)
(0.0166156 -0.11427 -0.0696008)
(0.0949436 -0.23889 -0.301626)
(-0.150771 -0.296923 -0.378)
(0.150768 0.296969 -0.377926)
(-0.0949681 0.238927 -0.301611)
(-0.0165903 0.114239 -0.0694685)
(0.0764142 0.0154511 -0.263435)
(-0.105752 0.105749 -0.326448)
(0.105759 0.105755 -0.326456)
(-0.0763971 0.0154391 -0.263436)
(0.0166107 0.114225 -0.0694921)
(0.0949502 0.238927 -0.301614)
(-0.150781 0.296931 -0.377962)
(0.10178 -0.181311 0.0393751)
(0.06118 0.0974592 -0.18605)
(0.0164993 -0.0453905 0.550932)
(-0.183571 0.183563 0.0411878)
(-0.0154406 -0.0763646 -0.263433)
(0.0154445 -0.0763815 -0.263436)
(0.183597 0.183608 0.0412261)
(-0.0164788 -0.0453585 0.550889)
(-0.0611914 0.0974918 -0.186049)
(-0.101771 -0.181299 0.0393719)
(-0.191537 0.382935 -0.0718669)
(0.272532 0.500826 0.300874)
(-0.349758 0.349754 1.27243)
(0.0453395 -0.0164472 0.550758)
(-0.114275 0.0166186 -0.0695838)
(0.114243 0.0166163 -0.06951)
(-0.0453378 -0.0164607 0.550835)
(0.349761 0.349747 1.27243)
(-0.272534 0.500843 0.300833)
(0.191541 0.382904 -0.0718927)
(-0.389515 -0.653169 0.0533831)
(-0.261055 0.261075 0.641615)
(-0.500869 -0.272593 0.300702)
(-0.0974566 -0.061279 -0.186053)
(-0.238885 0.0949372 -0.301628)
(0.238912 0.0949422 -0.301621)
(0.0974982 -0.0612231 -0.186057)
(0.500856 -0.272548 0.300767)
(0.261066 0.261072 0.641634)
(0.389525 -0.653147 0.0533844)
(-0.746134 0.74613 -0.973339)
(0.65318 0.389541 0.0533537)
(-0.382941 0.19153 -0.0718669)
(0.181243 -0.10181 0.0394506)
(-0.296928 -0.150761 -0.377994)
(0.29694 -0.150769 -0.377971)
(-0.181266 -0.101785 0.0393893)
(0.382907 0.191527 -0.0718846)
(-0.653147 0.389528 0.0533714)
(0.746134 0.746132 -0.973335)
)
;
    }
}


// ************************************************************************* //
