/*--------------------------------*- C++ -*----------------------------------*\
| =========                 |                                                 |
| \\      /  F ield         | OpenFOAM: The Open Source CFD Toolbox           |
|  \\    /   O peration     | Version:  2412                                  |
|   \\  /    A nd           | Website:  www.openfoam.com                      |
|    \\/     M anipulation  |                                                 |
\*---------------------------------------------------------------------------*/
FoamFile
{
    version     2.0;
    format      ascii;
    arch        "LSB;label=32;scalar=64";
    class       volScalarField;
    location    "0.64";
    object      p;
}
// * * * * * * * * * * * * * * * * * * * * * * * * * * * * * * * * * * * * * //

dimensions      [1 -1 -2 0 0 0 0];

internalField   nonuniform List<scalar> 
1000
(
-1.58661
-4.21973
-3.42829
-2.88832
-2.02429
-2.0243
-2.88831
-3.4283
-4.2197
-1.58658
-4.21975
-4.59065
-2.96851
-2.51955
-1.91833
-1.91834
-2.51959
-2.9685
-4.59067
-4.21977
-3.4283
-2.96852
-1.9032
-1.84341
-1.40832
-1.40832
-1.8434
-1.90318
-2.96848
-3.4283
-2.88834
-2.51957
-1.84342
-1.61854
-1.31277
-1.31278
-1.61854
-1.84342
-2.5196
-2.88833
-2.02432
-1.91836
-1.40834
-1.31279
-1.08173
-1.08172
-1.31278
-1.40833
-1.91836
-2.02431
-2.02435
-1.91839
-1.40835
-1.3128
-1.08174
-1.08173
-1.3128
-1.40834
-1.91838
-2.02434
-2.88836
-2.51966
-1.84345
-1.61858
-1.31281
-1.31281
-1.61858
-1.84345
-2.51967
-2.88835
-3.42837
-2.96855
-1.90322
-1.84347
-1.40837
-1.40836
-1.84347
-1.9032
-2.96853
-3.42836
-4.21975
-4.59074
-2.96852
-2.51967
-1.9184
-1.91841
-2.51969
-2.96852
-4.59077
-4.21979
-1.58664
-4.21985
-3.42835
-2.88838
-2.02436
-2.02437
-2.88838
-3.42836
-4.21983
-1.58659
-2.44088
-4.8901
-3.99394
-3.10134
-2.27386
-2.27386
-3.10134
-3.99395
-4.89009
-2.4409
-4.89012
-5.94642
-3.84622
-2.81671
-2.22048
-2.22049
-2.81673
-3.84624
-5.94648
-4.89015
-3.99396
-3.84623
-2.26959
-2.11304
-1.62561
-1.62561
-2.11304
-2.26958
-3.84624
-3.99398
-3.10137
-2.81673
-2.11305
-1.80738
-1.48473
-1.48473
-1.80738
-2.11305
-2.81674
-3.10136
-2.27388
-2.2205
-1.62563
-1.48474
-1.25357
-1.25357
-1.48474
-1.62562
-2.22051
-2.27388
-2.2739
-2.22053
-1.62564
-1.48475
-1.25358
-1.25358
-1.48475
-1.62563
-2.22053
-2.2739
-3.10138
-2.81678
-2.11308
-1.80741
-1.48476
-1.48476
-1.80741
-2.11308
-2.81679
-3.10138
-3.99401
-3.8463
-2.26962
-2.11309
-1.62565
-1.62565
-2.11309
-2.26961
-3.84632
-3.99403
-4.89014
-5.94656
-3.84629
-2.8168
-2.22055
-2.22055
-2.81681
-3.84631
-5.94661
-4.89018
-2.44095
-4.89022
-3.99403
-3.10141
-2.27392
-2.27393
-3.10141
-3.99404
-4.89022
-2.44098
-3.22155
-5.49328
-4.63167
-3.21963
-2.41535
-2.41535
-3.21963
-4.63167
-5.49329
-3.22157
-5.4933
-7.34896
-4.85245
-3.03122
-2.3814
-2.3814
-3.03123
-4.85247
-7.34905
-5.49335
-4.63168
-4.85245
-2.58838
-2.27513
-1.7679
-1.7679
-2.27513
-2.58837
-4.85249
-4.63172
-3.21965
-3.03123
-2.27514
-1.90481
-1.57241
-1.57242
-1.90481
-2.27514
-3.03124
-3.21966
-2.41537
-2.38142
-1.76791
-1.57242
-1.35096
-1.35096
-1.57242
-1.76791
-2.38143
-2.41537
-2.41538
-2.38144
-1.76792
-1.57243
-1.35097
-1.35097
-1.57243
-1.76792
-2.38144
-2.41539
-3.21967
-3.03127
-2.27516
-1.90483
-1.57244
-1.57244
-1.90483
-2.27517
-3.03128
-3.21967
-4.63173
-4.85253
-2.58841
-2.27517
-1.76794
-1.76794
-2.27518
-2.58841
-4.85257
-4.63177
-5.49334
-7.34913
-4.85254
-3.03128
-2.38146
-2.38146
-3.03129
-4.85257
-7.34921
-5.49339
-3.22163
-5.49341
-4.63177
-3.2197
-2.41541
-2.41541
-3.2197
-4.63178
-5.49342
-3.22164
-3.96098
-6.0933
-5.16739
-3.24084
-2.40623
-2.40623
-3.24084
-5.1674
-6.09333
-3.96099
-6.09331
-8.46085
-5.69394
-3.10723
-2.36215
-2.36216
-3.10724
-5.69394
-8.46098
-6.09338
-5.1674
-5.69395
-2.82606
-2.28984
-1.80174
-1.80174
-2.28984
-2.82605
-5.69395
-5.16744
-3.24085
-3.10725
-2.28985
-1.89436
-1.57081
-1.57082
-1.89436
-2.28985
-3.10725
-3.24086
-2.40625
-2.36217
-1.80176
-1.57082
-1.36789
-1.36789
-1.57082
-1.80175
-2.36218
-2.40625
-2.40626
-2.36218
-1.80176
-1.57083
-1.36789
-1.36789
-1.57083
-1.80176
-2.36219
-2.40626
-3.24087
-3.10728
-2.28987
-1.89438
-1.57084
-1.57084
-1.89438
-2.28987
-3.10728
-3.24088
-5.16744
-5.69399
-2.82608
-2.28988
-1.80178
-1.80178
-2.28988
-2.82608
-5.69399
-5.16748
-6.09338
-8.46107
-5.69399
-3.10729
-2.36221
-2.36221
-3.10729
-5.69399
-8.4612
-6.09344
-3.96105
-6.09345
-5.16749
-3.2409
-2.40628
-2.40628
-3.2409
-5.1675
-6.09347
-3.96104
-3.88204
-6.93819
-5.2212
-3.09309
-2.22863
-2.22863
-3.09309
-5.22121
-6.93822
-3.88194
-6.9382
-8.82849
-5.61657
-2.95488
-2.16068
-2.16068
-2.95488
-5.61656
-8.82855
-6.93829
-5.22121
-5.61657
-2.84031
-2.13978
-1.71427
-1.71427
-2.13979
-2.84031
-5.61658
-5.22125
-3.0931
-2.95489
-2.13979
-1.76871
-1.47915
-1.47915
-1.76871
-2.13979
-2.95489
-3.09311
-2.22865
-2.1607
-1.71428
-1.47916
-1.30853
-1.30853
-1.47916
-1.71428
-2.1607
-2.22865
-2.22865
-2.16071
-1.71428
-1.47916
-1.30854
-1.30854
-1.47916
-1.71428
-2.16071
-2.22866
-3.09312
-2.95491
-2.13981
-1.76873
-1.47917
-1.47917
-1.76873
-2.13981
-2.95491
-3.09313
-5.22125
-5.6166
-2.84034
-2.13981
-1.7143
-1.7143
-2.13981
-2.84033
-5.61659
-5.22128
-6.93827
-8.82862
-5.61661
-2.95492
-2.16072
-2.16072
-2.95492
-5.6166
-8.82868
-6.93836
-3.88198
-6.93835
-5.22129
-3.09314
-2.22867
-2.22868
-3.09314
-5.22129
-6.93838
-3.88182
-3.63266
-7.43459
-4.56422
-2.70024
-1.89328
-1.89328
-2.70024
-4.56423
-7.43462
-3.63266
-7.4346
-7.7584
-4.57912
-2.5103
-1.815
-1.815
-2.5103
-4.57912
-7.75842
-7.43465
-4.56423
-4.57913
-2.50545
-1.8407
-1.51361
-1.51361
-1.8407
-2.50545
-4.57913
-4.56425
-2.70025
-2.51031
-1.8407
-1.54305
-1.3125
-1.3125
-1.54305
-1.8407
-2.51031
-2.70025
-1.89329
-1.81501
-1.51362
-1.31251
-1.18479
-1.18479
-1.31251
-1.51362
-1.81502
-1.89329
-1.89329
-1.81502
-1.51362
-1.31251
-1.18479
-1.18479
-1.31251
-1.51362
-1.81502
-1.8933
-2.70026
-2.51032
-1.84072
-1.54306
-1.31252
-1.31252
-1.54306
-1.84072
-2.51032
-2.70026
-4.56425
-4.57914
-2.50547
-1.84072
-1.51363
-1.51363
-1.84072
-2.50546
-4.57914
-4.56427
-7.43465
-7.75846
-4.57915
-2.51033
-1.81503
-1.81503
-2.51033
-4.57914
-7.75847
-7.4347
-3.6327
-7.43469
-4.56428
-2.70028
-1.89331
-1.89331
-2.70028
-4.56428
-7.43471
-3.63267
-4.69713
-6.03802
-3.3002
-2.07408
-1.46287
-1.46287
-2.07408
-3.3002
-6.03802
-4.6972
-6.03803
-4.81054
-3.06902
-1.84712
-1.39851
-1.39851
-1.84712
-3.06902
-4.81053
-6.03803
-3.30021
-3.06903
-1.86329
-1.4424
-1.23628
-1.23628
-1.4424
-1.86329
-3.06902
-3.30022
-2.07409
-1.84713
-1.44241
-1.24612
-1.09456
-1.09456
-1.24612
-1.44241
-1.84713
-2.07409
-1.46288
-1.39852
-1.23629
-1.09457
-1.0149
-1.0149
-1.09457
-1.23629
-1.39852
-1.46289
-1.46289
-1.39853
-1.23629
-1.09457
-1.01491
-1.01491
-1.09457
-1.2363
-1.39853
-1.46289
-2.07409
-1.84713
-1.44242
-1.24614
-1.09457
-1.09458
-1.24613
-1.44242
-1.84713
-2.07409
-3.30022
-3.06904
-1.86331
-1.44242
-1.2363
-1.2363
-1.44242
-1.8633
-3.06903
-3.30022
-6.03805
-4.81055
-3.06904
-1.84714
-1.39854
-1.39854
-1.84714
-3.06903
-4.81053
-6.03803
-4.69722
-6.03805
-3.30024
-2.07411
-1.4629
-1.4629
-2.0741
-3.30023
-6.03804
-4.69729
-4.15613
-2.68061
-1.81252
-1.34348
-1.02163
-1.02163
-1.34348
-1.81252
-2.68058
-4.15611
-2.68061
-1.4568
-1.57714
-1.14945
-0.988596
-0.988597
-1.14945
-1.57714
-1.45678
-2.68059
-1.81253
-1.57714
-1.13847
-1.01911
-0.931373
-0.931373
-1.01911
-1.13847
-1.57715
-1.81253
-1.34349
-1.14946
-1.01912
-0.923501
-0.850411
-0.850412
-0.923502
-1.01912
-1.14946
-1.34349
-1.02164
-0.988602
-0.931378
-0.850414
-0.817973
-0.817973
-0.850415
-0.931379
-0.988605
-1.02164
-1.02164
-0.988606
-0.931381
-0.850417
-0.817976
-0.817977
-0.850418
-0.931382
-0.988608
-1.02164
-1.3435
-1.14946
-1.01912
-0.923509
-0.85042
-0.85042
-0.923509
-1.01912
-1.14946
-1.34349
-1.81253
-1.57715
-1.13848
-1.01913
-0.931387
-0.931387
-1.01913
-1.13847
-1.57715
-1.81252
-2.6806
-1.4568
-1.57716
-1.14947
-0.988615
-0.988615
-1.14947
-1.57715
-1.45677
-2.68055
-4.15613
-2.68061
-1.81255
-1.34351
-1.02165
-1.02165
-1.3435
-1.81253
-2.68056
-4.1561
-1.27676
0.201839
-0.567065
-0.662981
-0.633445
-0.633446
-0.66298
-0.567063
0.201853
-1.27668
0.201837
0.451864
-0.49306
-0.57292
-0.62161
-0.621611
-0.57292
-0.49306
0.451868
0.201848
-0.567068
-0.493062
-0.541105
-0.618086
-0.630813
-0.630814
-0.618088
-0.541107
-0.493063
-0.567069
-0.662985
-0.572922
-0.618088
-0.608184
-0.601492
-0.601492
-0.608185
-0.618089
-0.572923
-0.662986
-0.63345
-0.621614
-0.630816
-0.601493
-0.612098
-0.612098
-0.601494
-0.630817
-0.621616
-0.633452
-0.633452
-0.621617
-0.630818
-0.601496
-0.6121
-0.6121
-0.601496
-0.630819
-0.621618
-0.633453
-0.662987
-0.572927
-0.618094
-0.60819
-0.601498
-0.601498
-0.60819
-0.618094
-0.572926
-0.662986
-0.56707
-0.493069
-0.541115
-0.618096
-0.630822
-0.630823
-0.618096
-0.541114
-0.493066
-0.567064
0.201847
0.451859
-0.493073
-0.57293
-0.621623
-0.621623
-0.572929
-0.493067
0.451868
0.201867
-1.2767
0.201839
-0.567079
-0.662994
-0.633459
-0.633459
-0.66299
-0.56707
0.201862
-1.27659
-1.4753
0.451194
0.217233
-0.149805
-0.320238
-0.320238
-0.149805
0.217234
0.451202
-1.47526
0.451194
0.740518
0.148279
-0.163488
-0.316889
-0.316889
-0.163489
0.148278
0.740517
0.451201
0.217232
0.148279
-0.102161
-0.268076
-0.360075
-0.360076
-0.268077
-0.102163
0.148278
0.217232
-0.149806
-0.163489
-0.268077
-0.32484
-0.373298
-0.373298
-0.324841
-0.268078
-0.16349
-0.149808
-0.32024
-0.31689
-0.360076
-0.373299
-0.419712
-0.419713
-0.3733
-0.360078
-0.316892
-0.320242
-0.320241
-0.316892
-0.360078
-0.3733
-0.419714
-0.419714
-0.373301
-0.360079
-0.316894
-0.320242
-0.149808
-0.163491
-0.26808
-0.324843
-0.373301
-0.373301
-0.324844
-0.268081
-0.163492
-0.149809
0.217232
0.148276
-0.102166
-0.268081
-0.36008
-0.360081
-0.268082
-0.102167
0.148275
0.217233
0.451201
0.740515
0.148276
-0.163493
-0.316895
-0.316895
-0.163494
0.148275
0.740515
0.451211
-1.47526
0.451199
0.217229
-0.149811
-0.320245
-0.320245
-0.149811
0.217231
0.45121
-1.47521
)
;

boundaryField
{
    bottom
    {
        type            calculated;
        value           nonuniform List<scalar> 0();
    }
    atmosphere
    {
        type            calculated;
        value           nonuniform List<scalar> 
100
(
0
0
0
-0.0694932
-0.208372
-0.208372
-0.0694941
0
0
0
0
0
0
-0.0744592
-0.20513
-0.205131
-0.0744605
0
0
0
0
0
-0.0588216
-0.155265
-0.244968
-0.244969
-0.155267
-0.0588237
0
0
-0.069493
-0.074459
-0.155265
-0.19792
-0.256905
-0.256906
-0.197922
-0.155268
-0.0744614
-0.0694954
-0.208371
-0.205129
-0.244968
-0.256905
-0.330476
-0.330477
-0.256906
-0.24497
-0.205132
-0.208375
-0.208372
-0.20513
-0.244968
-0.256905
-0.330477
-0.330478
-0.256907
-0.244971
-0.205133
-0.208375
-0.0694936
-0.0744599
-0.155266
-0.197921
-0.256906
-0.256906
-0.197923
-0.155268
-0.074462
-0.0694957
0
0
-0.0588229
-0.155267
-0.24497
-0.24497
-0.155268
-0.0588246
0
0
0
0
0
-0.0744607
-0.205131
-0.205132
-0.0744617
0
0
0
0
0
0
-0.0694947
-0.208374
-0.208374
-0.0694952
0
0
0
)
;
    }
    walls
    {
        type            calculated;
        value           nonuniform List<scalar> 
400
(
-1.58661
-4.21975
-3.4283
-2.88834
-2.02432
-2.02435
-2.88836
-3.42837
-4.21975
-1.58664
-2.44088
-4.89012
-3.99396
-3.10137
-2.27388
-2.2739
-3.10138
-3.99401
-4.89014
-2.44095
-3.22155
-5.4933
-4.63168
-3.21965
-2.41537
-2.41538
-3.21967
-4.63173
-5.49334
-3.22163
-3.96098
-6.09331
-5.1674
-3.24085
-2.40625
-2.40626
-3.24087
-5.16744
-6.09338
-3.96105
-3.88204
-6.9382
-5.22121
-3.0931
-2.22865
-2.22865
-3.09312
-5.22125
-6.93827
-3.88198
-3.63266
-7.4346
-4.56423
-2.70025
-1.89329
-1.89329
-2.70026
-4.56425
-7.43465
-3.6327
-4.69713
-6.03803
-3.30021
-2.07409
-1.46288
-1.46289
-2.07409
-3.30022
-6.03805
-4.69722
-4.15613
-2.68061
-1.81253
-1.34349
-1.02164
-1.02164
-1.3435
-1.81253
-2.6806
-4.15613
-1.27676
0.201837
-0.567068
-0.662985
-0.63345
-0.633452
-0.662987
-0.56707
0.201847
-1.2767
-1.4753
0.451194
0.217232
-0.149806
-0.32024
-0.320241
-0.149808
0.217232
0.451201
-1.47526
-1.58658
-4.21977
-3.4283
-2.88833
-2.02431
-2.02434
-2.88835
-3.42836
-4.21979
-1.58659
-2.4409
-4.89015
-3.99398
-3.10136
-2.27388
-2.2739
-3.10138
-3.99403
-4.89018
-2.44098
-3.22157
-5.49335
-4.63172
-3.21966
-2.41537
-2.41539
-3.21967
-4.63177
-5.49339
-3.22164
-3.96099
-6.09338
-5.16744
-3.24086
-2.40625
-2.40626
-3.24088
-5.16748
-6.09344
-3.96104
-3.88194
-6.93829
-5.22125
-3.09311
-2.22865
-2.22866
-3.09313
-5.22128
-6.93836
-3.88182
-3.63266
-7.43465
-4.56425
-2.70025
-1.89329
-1.8933
-2.70026
-4.56427
-7.4347
-3.63267
-4.6972
-6.03803
-3.30022
-2.07409
-1.46289
-1.46289
-2.07409
-3.30022
-6.03803
-4.69729
-4.15611
-2.68059
-1.81253
-1.34349
-1.02164
-1.02164
-1.34349
-1.81252
-2.68055
-4.1561
-1.27668
0.201848
-0.567069
-0.662986
-0.633452
-0.633453
-0.662986
-0.567064
0.201867
-1.27659
-1.47526
0.451201
0.217232
-0.149808
-0.320242
-0.320242
-0.149809
0.217233
0.451211
-1.47521
-1.58661
-2.44088
-3.22155
-3.96098
-3.88204
-3.63266
-4.69713
-4.15613
-1.27676
-1.4753
-4.21973
-4.8901
-5.49328
-6.0933
-6.93819
-7.43459
-6.03802
-2.68061
0.201839
0.451194
-3.42829
-3.99394
-4.63167
-5.16739
-5.2212
-4.56422
-3.3002
-1.81252
-0.567065
0.217233
-2.88832
-3.10134
-3.21963
-3.24084
-3.09309
-2.70024
-2.07408
-1.34348
-0.662981
-0.149805
-2.02429
-2.27386
-2.41535
-2.40623
-2.22863
-1.89328
-1.46287
-1.02163
-0.633445
-0.320238
-2.0243
-2.27386
-2.41535
-2.40623
-2.22863
-1.89328
-1.46287
-1.02163
-0.633446
-0.320238
-2.88831
-3.10134
-3.21963
-3.24084
-3.09309
-2.70024
-2.07408
-1.34348
-0.66298
-0.149805
-3.4283
-3.99395
-4.63167
-5.1674
-5.22121
-4.56423
-3.3002
-1.81252
-0.567063
0.217234
-4.2197
-4.89009
-5.49329
-6.09333
-6.93822
-7.43462
-6.03802
-2.68058
0.201853
0.451202
-1.58658
-2.4409
-3.22157
-3.96099
-3.88194
-3.63266
-4.6972
-4.15611
-1.27668
-1.47526
-1.58664
-2.44095
-3.22163
-3.96105
-3.88198
-3.6327
-4.69722
-4.15613
-1.2767
-1.47526
-4.21985
-4.89022
-5.49341
-6.09345
-6.93835
-7.43469
-6.03805
-2.68061
0.201839
0.451199
-3.42835
-3.99403
-4.63177
-5.16749
-5.22129
-4.56428
-3.30024
-1.81255
-0.567079
0.217229
-2.88838
-3.10141
-3.2197
-3.2409
-3.09314
-2.70028
-2.07411
-1.34351
-0.662994
-0.149811
-2.02436
-2.27392
-2.41541
-2.40628
-2.22867
-1.89331
-1.4629
-1.02165
-0.633459
-0.320245
-2.02437
-2.27393
-2.41541
-2.40628
-2.22868
-1.89331
-1.4629
-1.02165
-0.633459
-0.320245
-2.88838
-3.10141
-3.2197
-3.2409
-3.09314
-2.70028
-2.0741
-1.3435
-0.66299
-0.149811
-3.42836
-3.99404
-4.63178
-5.1675
-5.22129
-4.56428
-3.30023
-1.81253
-0.56707
0.217231
-4.21983
-4.89022
-5.49342
-6.09347
-6.93838
-7.43471
-6.03804
-2.68056
0.201862
0.45121
-1.58659
-2.44098
-3.22164
-3.96104
-3.88182
-3.63267
-4.69729
-4.1561
-1.27659
-1.47521
)
;
    }
    procBoundary1to0
    {
        type            processor;
        value           nonuniform List<scalar> 
100
(
-1.73039
-3.45514
-2.85877
-2.51671
-1.69541
-1.69542
-2.51669
-2.85878
-3.45509
-1.73031
-3.45516
-3.40992
-2.27636
-2.10212
-1.55646
-1.55646
-2.10212
-2.27637
-3.40993
-3.45517
-2.85878
-2.27636
-1.51095
-1.49491
-1.11309
-1.11309
-1.4949
-1.51092
-2.27634
-2.85876
-2.51674
-2.10214
-1.49493
-1.35106
-1.06136
-1.06136
-1.35105
-1.49493
-2.10213
-2.51671
-1.69545
-1.55649
-1.11312
-1.06137
-0.842294
-0.842291
-1.06137
-1.11311
-1.55648
-1.69543
-1.69548
-1.55652
-1.11313
-1.06139
-0.842306
-0.842304
-1.06139
-1.11311
-1.55651
-1.69546
-2.51674
-2.10218
-1.49495
-1.35109
-1.0614
-1.0614
-1.35109
-1.49495
-2.10217
-2.51673
-2.85885
-2.27644
-1.51097
-1.49498
-1.11314
-1.11314
-1.49497
-1.51094
-2.27642
-2.85884
-3.45514
-3.41
-2.27639
-2.10219
-1.55653
-1.55654
-2.1022
-2.27641
-3.41002
-3.45517
-1.73038
-3.45525
-2.85882
-2.51676
-1.69549
-1.6955
-2.51676
-2.85883
-3.45521
-1.73024
)
;
    }
}


// ************************************************************************* //
