/*--------------------------------*- C++ -*----------------------------------*\
| =========                 |                                                 |
| \\      /  F ield         | OpenFOAM: The Open Source CFD Toolbox           |
|  \\    /   O peration     | Version:  2412                                  |
|   \\  /    A nd           | Website:  www.openfoam.com                      |
|    \\/     M anipulation  |                                                 |
\*---------------------------------------------------------------------------*/
FoamFile
{
    version     2.0;
    format      ascii;
    arch        "LSB;label=32;scalar=64";
    class       volScalarField;
    location    "0.03";
    object      p;
}
// * * * * * * * * * * * * * * * * * * * * * * * * * * * * * * * * * * * * * //

dimensions      [1 -1 -2 0 0 0 0];

internalField   nonuniform List<scalar> 
4000
(
10.0993
10.0994
10.0994
10.0994
10.0995
10.0995
10.0994
10.0994
10.0994
10.0993
10.0994
10.0994
10.0994
10.0995
10.0995
10.0995
10.0995
10.0994
10.0994
10.0994
10.0994
10.0994
10.0995
10.0995
10.0995
10.0995
10.0995
10.0995
10.0994
10.0994
10.0995
10.0995
10.0995
10.0996
10.0996
10.0996
10.0996
10.0995
10.0995
10.0995
10.0995
10.0995
10.0996
10.0996
10.0996
10.0996
10.0996
10.0996
10.0995
10.0995
10.0995
10.0995
10.0996
10.0996
10.0996
10.0996
10.0996
10.0996
10.0995
10.0995
10.0995
10.0995
10.0995
10.0996
10.0996
10.0996
10.0996
10.0995
10.0995
10.0995
10.0994
10.0994
10.0995
10.0995
10.0996
10.0996
10.0995
10.0995
10.0994
10.0994
10.0994
10.0994
10.0995
10.0995
10.0995
10.0995
10.0995
10.0995
10.0994
10.0994
10.0994
10.0994
10.0994
10.0995
10.0995
10.0995
10.0995
10.0994
10.0994
10.0994
9.85408
9.85411
9.85415
9.8542
9.85422
9.85422
9.8542
9.85415
9.85411
9.85408
9.85411
9.85414
9.85418
9.85423
9.85425
9.85425
9.85423
9.85418
9.85414
9.85411
9.85415
9.85418
9.85423
9.85428
9.85431
9.85431
9.85428
9.85423
9.85418
9.85415
9.8542
9.85423
9.85428
9.85433
9.85436
9.85436
9.85433
9.85428
9.85423
9.8542
9.85423
9.85426
9.85431
9.85436
9.85439
9.85439
9.85436
9.85431
9.85426
9.85423
9.85423
9.85426
9.85431
9.85436
9.85439
9.85439
9.85436
9.85431
9.85426
9.85423
9.85421
9.85424
9.85429
9.85434
9.85437
9.85437
9.85434
9.85429
9.85424
9.85421
9.85417
9.8542
9.85424
9.85429
9.85432
9.85432
9.85429
9.85424
9.8542
9.85417
9.85413
9.85415
9.8542
9.85424
9.85427
9.85427
9.85424
9.8542
9.85415
9.85412
9.8541
9.85413
9.85417
9.85421
9.85424
9.85424
9.85421
9.85417
9.85413
9.8541
9.60881
9.60884
9.60889
9.60894
9.60897
9.60897
9.60894
9.60889
9.60884
9.60881
9.60884
9.60887
9.60892
9.60898
9.60901
9.60901
9.60898
9.60892
9.60887
9.60884
9.60889
9.60892
9.60898
9.60903
9.60907
9.60907
9.60903
9.60898
9.60893
9.60889
9.60895
9.60898
9.60904
9.60909
9.60913
9.60913
9.60909
9.60904
9.60898
9.60895
9.60898
9.60902
9.60907
9.60913
9.60917
9.60917
9.60913
9.60907
9.60902
9.60898
9.60898
9.60902
9.60908
9.60913
9.60917
9.60917
9.60913
9.60908
9.60902
9.60898
9.60895
9.60899
9.60904
9.6091
9.60914
9.60914
9.6091
9.60904
9.60899
9.60895
9.60891
9.60894
9.60899
9.60905
9.60908
9.60908
9.60905
9.60899
9.60894
9.60891
9.60886
9.60889
9.60894
9.60899
9.60902
9.60902
9.60899
9.60894
9.60889
9.60886
9.60883
9.60886
9.60891
9.60896
9.60899
9.60899
9.60896
9.60891
9.60886
9.60883
9.36352
9.36356
9.36362
9.36368
9.36372
9.36372
9.36368
9.36362
9.36356
9.36352
9.36356
9.3636
9.36366
9.36372
9.36376
9.36376
9.36372
9.36366
9.3636
9.36356
9.36362
9.36366
9.36373
9.3638
9.36384
9.36384
9.3638
9.36373
9.36366
9.36362
9.36369
9.36373
9.3638
9.36387
9.36391
9.36391
9.36387
9.3638
9.36373
9.36369
9.36373
9.36377
9.36384
9.36391
9.36396
9.36396
9.36391
9.36384
9.36377
9.36373
9.36373
9.36377
9.36385
9.36392
9.36396
9.36396
9.36392
9.36385
9.36378
9.36373
9.3637
9.36374
9.36381
9.36388
9.36392
9.36392
9.36388
9.36381
9.36374
9.3637
9.36364
9.36368
9.36374
9.36381
9.36385
9.36385
9.36381
9.36374
9.36368
9.36364
9.36358
9.36361
9.36368
9.36374
9.36378
9.36378
9.36374
9.36368
9.36361
9.36358
9.36354
9.36358
9.36364
9.3637
9.36374
9.36374
9.3637
9.36364
9.36358
9.36354
9.11822
9.11826
9.11834
9.11842
9.11847
9.11847
9.11842
9.11834
9.11826
9.11822
9.11826
9.11831
9.11839
9.11847
9.11852
9.11852
9.11847
9.11839
9.11831
9.11826
9.11834
9.11839
9.11848
9.11856
9.11862
9.11862
9.11856
9.11848
9.11839
9.11834
9.11842
9.11848
9.11857
9.11865
9.11871
9.11871
9.11865
9.11857
9.11848
9.11842
9.11848
9.11853
9.11862
9.11871
9.11877
9.11877
9.11871
9.11862
9.11853
9.11848
9.11848
9.11853
9.11863
9.11872
9.11878
9.11878
9.11872
9.11863
9.11853
9.11848
9.11843
9.11849
9.11857
9.11866
9.11872
9.11872
9.11866
9.11857
9.11849
9.11843
9.11836
9.11841
9.11849
9.11858
9.11863
9.11863
9.11858
9.11849
9.11841
9.11836
9.11828
9.11833
9.11841
9.11849
9.11854
9.11854
9.11849
9.11841
9.11833
9.11828
9.11823
9.11828
9.11836
9.11844
9.11849
9.11849
9.11844
9.11836
9.11828
9.11823
8.87289
8.87295
8.87305
8.87315
8.87321
8.87321
8.87315
8.87305
8.87295
8.87289
8.87295
8.87301
8.87312
8.87322
8.87329
8.87329
8.87322
8.87312
8.87301
8.87295
8.87305
8.87312
8.87323
8.87334
8.87341
8.87341
8.87334
8.87323
8.87312
8.87305
8.87315
8.87322
8.87334
8.87346
8.87353
8.87353
8.87346
8.87334
8.87322
8.87316
8.87322
8.87329
8.87341
8.87353
8.87361
8.87361
8.87353
8.87341
8.87329
8.87322
8.87322
8.8733
8.87342
8.87354
8.87362
8.87362
8.87354
8.87342
8.8733
8.87322
8.87316
8.87323
8.87335
8.87346
8.87354
8.87354
8.87346
8.87335
8.87323
8.87316
8.87307
8.87313
8.87324
8.87335
8.87342
8.87342
8.87335
8.87324
8.87313
8.87307
8.87297
8.87303
8.87313
8.87324
8.8733
8.8733
8.87324
8.87313
8.87303
8.87297
8.87291
8.87297
8.87307
8.87317
8.87323
8.87323
8.87317
8.87307
8.87297
8.87291
8.62754
8.62761
8.62774
8.62787
8.62796
8.62796
8.62787
8.62774
8.62762
8.62754
8.62762
8.6277
8.62783
8.62797
8.62805
8.62805
8.62797
8.62783
8.6277
8.62762
8.62775
8.62783
8.62798
8.62812
8.62821
8.62821
8.62812
8.62798
8.62783
8.62775
8.62788
8.62797
8.62812
8.62828
8.62838
8.62838
8.62828
8.62812
8.62797
8.62788
8.62796
8.62806
8.62822
8.62838
8.62849
8.62849
8.62838
8.62822
8.62806
8.62797
8.62797
8.62806
8.62822
8.62838
8.62849
8.62849
8.62838
8.62822
8.62806
8.62797
8.62789
8.62798
8.62813
8.62829
8.62839
8.62839
8.62829
8.62813
8.62798
8.62789
8.62776
8.62785
8.62799
8.62814
8.62823
8.62823
8.62814
8.62799
8.62785
8.62776
8.62763
8.62772
8.62785
8.62798
8.62807
8.62807
8.62798
8.62785
8.62771
8.62763
8.62756
8.62763
8.62776
8.62789
8.62798
8.62798
8.62789
8.62776
8.62763
8.62756
8.38215
8.38225
8.38242
8.38259
8.3827
8.3827
8.38259
8.38242
8.38225
8.38215
8.38225
8.38236
8.38253
8.38271
8.38282
8.38283
8.38271
8.38253
8.38236
8.38225
8.38242
8.38253
8.38272
8.38291
8.38304
8.38304
8.38292
8.38273
8.38254
8.38242
8.38259
8.38271
8.38292
8.38312
8.38326
8.38326
8.38312
8.38292
8.38271
8.38259
8.38271
8.38283
8.38305
8.38326
8.38341
8.38341
8.38326
8.38305
8.38283
8.38271
8.38271
8.38284
8.38305
8.38327
8.38341
8.38341
8.38327
8.38305
8.38284
8.38271
8.3826
8.38272
8.38293
8.38313
8.38327
8.38327
8.38313
8.38293
8.38272
8.3826
8.38244
8.38255
8.38274
8.38293
8.38306
8.38306
8.38293
8.38274
8.38255
8.38244
8.38227
8.38238
8.38255
8.38273
8.38284
8.38284
8.38273
8.38255
8.38238
8.38227
8.38217
8.38227
8.38244
8.38261
8.38272
8.38272
8.38261
8.38244
8.38227
8.38217
8.13671
8.13684
8.13707
8.13729
8.13743
8.13743
8.13729
8.13707
8.13685
8.13671
8.13685
8.13698
8.13722
8.13745
8.1376
8.1376
8.13745
8.13722
8.13699
8.13685
8.13707
8.13722
8.13747
8.13772
8.13789
8.13789
8.13772
8.13747
8.13722
8.13707
8.13729
8.13745
8.13773
8.138
8.13819
8.13819
8.138
8.13773
8.13746
8.13729
8.13744
8.13761
8.1379
8.13819
8.13839
8.13839
8.13819
8.1379
8.13761
8.13744
8.13744
8.13762
8.1379
8.13819
8.13839
8.13839
8.13819
8.1379
8.13762
8.13745
8.1373
8.13746
8.13774
8.13801
8.1382
8.1382
8.13801
8.13774
8.13746
8.1373
8.13708
8.13723
8.13749
8.13774
8.13791
8.13791
8.13774
8.13749
8.13723
8.13708
8.13687
8.137
8.13724
8.13747
8.13762
8.13762
8.13747
8.13724
8.137
8.13687
8.13673
8.13687
8.13709
8.13731
8.13745
8.13745
8.13731
8.13709
8.13687
8.13673
7.89122
7.89139
7.89168
7.89197
7.89216
7.89216
7.89197
7.89168
7.89139
7.89122
7.89139
7.89157
7.89188
7.89218
7.89239
7.89239
7.89218
7.89188
7.89157
7.89139
7.89168
7.89188
7.89222
7.89255
7.89278
7.89278
7.89255
7.89222
7.89188
7.89168
7.89197
7.89219
7.89256
7.89292
7.89318
7.89318
7.89292
7.89256
7.89219
7.89197
7.89217
7.8924
7.89279
7.89318
7.89346
7.89346
7.89318
7.89279
7.8924
7.89217
7.89217
7.8924
7.89279
7.89318
7.89346
7.89346
7.89319
7.89279
7.8924
7.89217
7.89198
7.8922
7.89257
7.89293
7.89319
7.89319
7.89293
7.89257
7.8922
7.89198
7.8917
7.8919
7.89223
7.89257
7.8928
7.8928
7.89257
7.89223
7.8919
7.8917
7.89141
7.89159
7.8919
7.8922
7.89241
7.89241
7.8922
7.8919
7.89159
7.89141
7.89124
7.89141
7.8917
7.89199
7.89218
7.89218
7.89199
7.8917
7.89141
7.89124
7.64564
7.64587
7.64624
7.64662
7.64688
7.64688
7.64662
7.64625
7.64587
7.64565
7.64587
7.64611
7.64651
7.64691
7.64719
7.64719
7.64691
7.64651
7.64611
7.64587
7.64625
7.64651
7.64696
7.64741
7.64772
7.64772
7.64741
7.64696
7.64651
7.64625
7.64663
7.64692
7.64741
7.6479
7.64825
7.64825
7.6479
7.64741
7.64692
7.64663
7.64689
7.6472
7.64773
7.64826
7.64864
7.64864
7.64826
7.64773
7.6472
7.64689
7.64689
7.6472
7.64773
7.64826
7.64865
7.64865
7.64826
7.64773
7.6472
7.64689
7.64664
7.64693
7.64742
7.64791
7.64826
7.64826
7.64791
7.64742
7.64693
7.64664
7.64627
7.64653
7.64698
7.64742
7.64774
7.64774
7.64742
7.64698
7.64653
7.64627
7.64589
7.64613
7.64653
7.64693
7.64721
7.64721
7.64693
7.64653
7.64613
7.64589
7.64567
7.64589
7.64627
7.64665
7.6469
7.6469
7.64665
7.64627
7.64589
7.64567
7.39997
7.40026
7.40075
7.40124
7.40158
7.40158
7.40124
7.40075
7.40026
7.39997
7.40026
7.40057
7.4011
7.40163
7.402
7.402
7.40163
7.4011
7.40057
7.40026
7.40075
7.4011
7.4017
7.40229
7.40272
7.40272
7.40229
7.4017
7.4011
7.40076
7.40125
7.40163
7.4023
7.40296
7.40344
7.40344
7.40296
7.4023
7.40163
7.40125
7.40159
7.40201
7.40273
7.40345
7.40399
7.40399
7.40345
7.40273
7.40201
7.40159
7.4016
7.40201
7.40273
7.40345
7.404
7.404
7.40345
7.40273
7.40201
7.4016
7.40126
7.40164
7.40231
7.40297
7.40346
7.40346
7.40297
7.40231
7.40164
7.40126
7.40077
7.40112
7.40172
7.40231
7.40274
7.40274
7.40231
7.40172
7.40112
7.40077
7.40028
7.40059
7.40112
7.40165
7.40202
7.40202
7.40165
7.40112
7.40059
7.40028
7.39999
7.40028
7.40077
7.40127
7.40161
7.40161
7.40127
7.40077
7.40028
7.39999
7.15416
7.15453
7.15517
7.15581
7.15626
7.15626
7.15581
7.15518
7.15454
7.15416
7.15454
7.15494
7.15563
7.15632
7.15682
7.15682
7.15632
7.15563
7.15494
7.15454
7.15518
7.15563
7.15643
7.15722
7.15781
7.15781
7.15722
7.15643
7.15564
7.15518
7.15582
7.15633
7.15722
7.15811
7.15879
7.15879
7.15811
7.15723
7.15633
7.15582
7.15627
7.15683
7.15782
7.15879
7.15957
7.15957
7.15879
7.15782
7.15683
7.15628
7.15628
7.15683
7.15782
7.1588
7.15957
7.15957
7.1588
7.15782
7.15683
7.15628
7.15583
7.15634
7.15724
7.15812
7.1588
7.1588
7.15812
7.15724
7.15634
7.15583
7.1552
7.15565
7.15645
7.15724
7.15783
7.15783
7.15724
7.15645
7.15565
7.1552
7.15456
7.15496
7.15565
7.15634
7.15684
7.15684
7.15634
7.15565
7.15496
7.15456
7.15418
7.15456
7.1552
7.15584
7.15629
7.15629
7.15584
7.1552
7.15456
7.15418
6.90818
6.90866
6.90949
6.91032
6.91091
6.91091
6.91032
6.90949
6.90866
6.90818
6.90866
6.90918
6.91009
6.91099
6.91166
6.91166
6.91099
6.91009
6.90918
6.90866
6.90949
6.91009
6.91115
6.9122
6.91301
6.91301
6.9122
6.91115
6.91009
6.90949
6.91032
6.911
6.9122
6.91339
6.91435
6.91435
6.91339
6.91221
6.911
6.91032
6.91092
6.91167
6.91302
6.91435
6.91546
6.91546
6.91435
6.91302
6.91167
6.91093
6.91093
6.91167
6.91302
6.91435
6.91546
6.91546
6.91435
6.91303
6.91167
6.91093
6.91033
6.91101
6.91222
6.91341
6.91436
6.91436
6.91341
6.91222
6.91101
6.91034
6.90951
6.91011
6.91117
6.91222
6.91303
6.91303
6.91222
6.91117
6.91011
6.90951
6.90868
6.90921
6.91011
6.91101
6.91168
6.91168
6.91101
6.91011
6.90921
6.90868
6.9082
6.90868
6.90951
6.91034
6.91094
6.91094
6.91034
6.90951
6.90868
6.9082
6.66197
6.66259
6.66366
6.66473
6.66552
6.66552
6.66473
6.66366
6.66259
6.66198
6.66259
6.66326
6.66445
6.66562
6.66651
6.66651
6.66562
6.66445
6.66327
6.66259
6.66366
6.66445
6.66586
6.66725
6.66837
6.66837
6.66725
6.66586
6.66445
6.66367
6.66473
6.66562
6.66725
6.66884
6.67018
6.67018
6.66884
6.66725
6.66562
6.66473
6.66553
6.66652
6.66838
6.67019
6.67179
6.67179
6.67019
6.66838
6.66652
6.66553
6.66553
6.66653
6.66838
6.67019
6.6718
6.6718
6.67019
6.66838
6.66653
6.66553
6.66474
6.66563
6.66726
6.66886
6.6702
6.6702
6.66886
6.66726
6.66563
6.66475
6.66368
6.66447
6.66587
6.66726
6.66839
6.66839
6.66727
6.66588
6.66447
6.66368
6.66261
6.66329
6.66447
6.66564
6.66654
6.66654
6.66564
6.66447
6.66329
6.66261
6.662
6.66262
6.66369
6.66475
6.66554
6.66554
6.66475
6.66369
6.66262
6.662
6.41549
6.41627
6.41764
6.41901
6.42005
6.42005
6.41901
6.41764
6.41627
6.41549
6.41627
6.41713
6.41866
6.42018
6.42138
6.42138
6.42018
6.41866
6.41713
6.41627
6.41764
6.41867
6.42053
6.42237
6.42393
6.42393
6.42237
6.42054
6.41867
6.41765
6.41901
6.42018
6.42237
6.42451
6.4264
6.4264
6.42451
6.42238
6.42019
6.41902
6.42006
6.42139
6.42394
6.42641
6.42876
6.42876
6.42641
6.42394
6.42139
6.42006
6.42007
6.4214
6.42394
6.42641
6.42876
6.42876
6.42641
6.42394
6.4214
6.42007
6.41903
6.4202
6.42239
6.42452
6.42642
6.42642
6.42452
6.42239
6.4202
6.41903
6.41766
6.41868
6.42055
6.42239
6.42395
6.42395
6.42239
6.42055
6.41868
6.41766
6.41629
6.41715
6.41869
6.4202
6.4214
6.4214
6.4202
6.41869
6.41715
6.41629
6.41551
6.41629
6.41767
6.41903
6.42008
6.42008
6.41903
6.41767
6.41629
6.41551
6.16863
6.16962
6.17137
6.17311
6.17449
6.17449
6.17311
6.17137
6.16962
6.16864
6.16962
6.17071
6.17269
6.17464
6.17626
6.17626
6.17465
6.1727
6.17071
6.16962
6.17137
6.1727
6.17517
6.17759
6.17977
6.17977
6.17759
6.17517
6.1727
6.17138
6.17312
6.17465
6.17759
6.18044
6.18314
6.18314
6.18044
6.1776
6.17465
6.17312
6.1745
6.17627
6.17977
6.18315
6.18662
6.18662
6.18315
6.17977
6.17627
6.1745
6.1745
6.17627
6.17978
6.18315
6.18662
6.18662
6.18315
6.17978
6.17628
6.1745
6.17313
6.17466
6.17761
6.18046
6.18315
6.18315
6.18046
6.17761
6.17466
6.17313
6.17139
6.17272
6.17519
6.17761
6.17978
6.17978
6.17761
6.17519
6.17272
6.17139
6.16964
6.17074
6.17272
6.17467
6.17628
6.17628
6.17467
6.17272
6.17074
6.16964
6.16866
6.16964
6.1714
6.17313
6.17451
6.17451
6.17313
6.1714
6.16964
6.16866
5.92132
5.92255
5.92477
5.92697
5.92878
5.92878
5.92697
5.92477
5.92255
5.92132
5.92255
5.92393
5.92647
5.92897
5.93113
5.93113
5.92897
5.92647
5.92393
5.92255
5.92477
5.92647
5.92973
5.93291
5.93596
5.93596
5.93292
5.92973
5.92648
5.92477
5.92697
5.92897
5.93292
5.93672
5.94058
5.94058
5.93672
5.93292
5.92898
5.92698
5.92879
5.93114
5.93597
5.94058
5.94578
5.94578
5.94058
5.93597
5.93115
5.92879
5.9288
5.93115
5.93597
5.94058
5.94578
5.94578
5.94058
5.93597
5.93115
5.9288
5.92699
5.92899
5.93293
5.93673
5.94059
5.94059
5.93673
5.93293
5.92899
5.92699
5.92479
5.92649
5.92975
5.93293
5.93598
5.93598
5.93293
5.92975
5.92649
5.92479
5.92258
5.92395
5.9265
5.92899
5.93116
5.93116
5.92899
5.9265
5.92395
5.92258
5.92135
5.92258
5.92479
5.92699
5.92881
5.92881
5.92699
5.92479
5.92258
5.92135
5.67343
5.67495
5.67773
5.68049
5.68286
5.68286
5.68049
5.67773
5.67495
5.67343
5.67495
5.67667
5.67991
5.68308
5.68598
5.68598
5.68308
5.67991
5.67668
5.67495
5.67773
5.67991
5.68419
5.68835
5.69262
5.69262
5.68835
5.68419
5.67992
5.67774
5.6805
5.68309
5.68835
5.6934
5.69894
5.69894
5.6934
5.68835
5.68309
5.6805
5.68288
5.68599
5.69263
5.69895
5.70682
5.70682
5.69895
5.69263
5.68599
5.68288
5.68288
5.68599
5.69263
5.69895
5.70683
5.70683
5.69895
5.69263
5.68599
5.68288
5.68051
5.6831
5.68836
5.69341
5.69896
5.69896
5.69341
5.68837
5.6831
5.68051
5.67775
5.67993
5.6842
5.68837
5.69264
5.69264
5.68837
5.68421
5.67993
5.67775
5.67497
5.6767
5.67993
5.68311
5.686
5.686
5.68311
5.67993
5.6767
5.67497
5.67345
5.67497
5.67776
5.68052
5.68289
5.68289
5.68052
5.67776
5.67498
5.67345
5.42481
5.42667
5.43013
5.43356
5.43664
5.43665
5.43356
5.43013
5.42668
5.42481
5.42667
5.42881
5.43289
5.43689
5.44074
5.44074
5.43689
5.43289
5.42881
5.42668
5.43013
5.43289
5.43846
5.44388
5.44989
5.44989
5.44388
5.43846
5.4329
5.43013
5.43357
5.4369
5.44388
5.45057
5.45856
5.45856
5.45057
5.44388
5.4369
5.43357
5.43666
5.44075
5.44989
5.45857
5.47063
5.47063
5.45857
5.44989
5.44076
5.43666
5.43666
5.44076
5.4499
5.45857
5.47064
5.47064
5.45857
5.4499
5.44076
5.43666
5.43358
5.43691
5.44389
5.45058
5.45858
5.45858
5.45058
5.44389
5.43691
5.43358
5.43015
5.43291
5.43848
5.4439
5.4499
5.4499
5.4439
5.43848
5.43291
5.43015
5.4267
5.42883
5.43291
5.43691
5.44077
5.44077
5.43691
5.43291
5.42884
5.4267
5.42484
5.4267
5.43015
5.43358
5.43667
5.43667
5.43358
5.43015
5.4267
5.42484
5.1753
5.17756
5.18178
5.18601
5.18999
5.18999
5.18601
5.18179
5.17756
5.17531
5.17756
5.18017
5.18525
5.19025
5.19535
5.19535
5.19025
5.18526
5.18017
5.17756
5.18179
5.18526
5.19244
5.19945
5.20789
5.20789
5.19945
5.19244
5.18526
5.18179
5.18602
5.19026
5.19945
5.20828
5.21984
5.21984
5.20828
5.19946
5.19026
5.18602
5.19
5.19536
5.2079
5.21985
5.23856
5.23856
5.21985
5.2079
5.19536
5.19001
5.19001
5.19537
5.20791
5.21985
5.23856
5.23856
5.21985
5.20791
5.19537
5.19001
5.18603
5.19027
5.19947
5.20829
5.21985
5.21985
5.20829
5.19947
5.19027
5.18603
5.18181
5.18528
5.19246
5.19947
5.20791
5.20791
5.19947
5.19246
5.18528
5.18181
5.17758
5.1802
5.18528
5.19027
5.19537
5.19537
5.19027
5.18528
5.1802
5.17758
5.17533
5.17758
5.18181
5.18603
5.19002
5.19002
5.18604
5.18181
5.17758
5.17533
4.92471
4.9274
4.93249
4.93763
4.94271
4.94271
4.93763
4.9325
4.9274
4.92471
4.9274
4.93056
4.9368
4.94297
4.94967
4.94968
4.94297
4.9368
4.93056
4.9274
4.9325
4.9368
4.94596
4.95496
4.96679
4.96679
4.95496
4.94596
4.9368
4.9325
4.93764
4.94298
4.95496
4.96657
4.9833
4.9833
4.96657
4.95496
4.94298
4.93764
4.94272
4.94969
4.9668
4.98331
5.01266
5.01266
4.98331
4.9668
4.94969
4.94273
4.94273
4.94969
4.9668
4.98331
5.01266
5.01266
4.98331
4.9668
4.94969
4.94273
4.93765
4.94299
4.95497
4.96658
4.98331
4.98331
4.96658
4.95498
4.94299
4.93765
4.93252
4.93682
4.94598
4.95498
4.96681
4.96681
4.95498
4.94598
4.93682
4.93252
4.92742
4.93058
4.93682
4.943
4.9497
4.9497
4.943
4.93682
4.93058
4.92743
4.92474
4.92743
4.93252
4.93766
4.94274
4.94274
4.93766
4.93252
4.92743
4.92474
4.67281
4.67597
4.68199
4.68815
4.69453
4.69453
4.68816
4.68199
4.67598
4.67282
4.67597
4.67973
4.68725
4.6948
4.70351
4.70351
4.6948
4.68725
4.67973
4.67598
4.68199
4.68725
4.69872
4.71015
4.72662
4.72662
4.71016
4.69872
4.68726
4.682
4.68816
4.69481
4.71016
4.72536
4.74955
4.74955
4.72536
4.71016
4.69481
4.68816
4.69454
4.70352
4.72663
4.74956
4.7961
4.7961
4.74956
4.72663
4.70352
4.69454
4.69455
4.70352
4.72663
4.74956
4.79611
4.79611
4.74956
4.72663
4.70353
4.69455
4.68817
4.69482
4.71017
4.72537
4.74956
4.74956
4.72537
4.71017
4.69482
4.68818
4.68201
4.68727
4.69874
4.71017
4.72664
4.72664
4.71017
4.69874
4.68727
4.68201
4.676
4.67975
4.68727
4.69482
4.70353
4.70353
4.69482
4.68728
4.67975
4.676
4.67284
4.676
4.68202
4.68818
4.69455
4.69455
4.68818
4.68202
4.676
4.67284
4.41938
4.42302
4.42996
4.43724
4.44507
4.44507
4.43724
4.42996
4.42303
4.41939
4.42302
4.42742
4.43629
4.4454
4.45656
4.45656
4.4454
4.43629
4.42742
4.42303
4.42996
4.43629
4.45032
4.46478
4.48735
4.48736
4.46479
4.45032
4.4363
4.42996
4.43724
4.4454
4.46479
4.48446
4.51931
4.51931
4.48446
4.46479
4.44541
4.43725
4.44508
4.45657
4.48736
4.51932
4.59393
4.59393
4.51932
4.48736
4.45657
4.44509
4.44509
4.45658
4.48737
4.51932
4.59394
4.59394
4.51932
4.48737
4.45658
4.44509
4.43725
4.44542
4.4648
4.48447
4.51932
4.51932
4.48447
4.4648
4.44542
4.43726
4.42998
4.43631
4.45034
4.4648
4.48737
4.48737
4.4648
4.45034
4.43631
4.42998
4.42305
4.42744
4.43631
4.44542
4.45658
4.45658
4.44542
4.43631
4.42744
4.42305
4.41941
4.42305
4.42998
4.43726
4.4451
4.4451
4.43726
4.42998
4.42305
4.41941
4.16417
4.16829
4.17602
4.18445
4.19378
4.19378
4.18445
4.17602
4.16829
4.16417
4.16829
4.17333
4.18349
4.19431
4.20832
4.20832
4.19431
4.18349
4.17333
4.16829
4.17602
4.18349
4.20002
4.21793
4.24818
4.24818
4.21794
4.20002
4.1835
4.17602
4.18446
4.19432
4.21794
4.24324
4.29292
4.29292
4.24324
4.21794
4.19432
4.18446
4.19379
4.20833
4.24818
4.29292
4.41378
4.41378
4.29293
4.24819
4.20833
4.1938
4.1938
4.20833
4.24819
4.29293
4.41378
4.41378
4.29293
4.24819
4.20834
4.1938
4.18447
4.19433
4.21795
4.24325
4.29293
4.29293
4.24325
4.21795
4.19433
4.18447
4.17604
4.18351
4.20004
4.21795
4.24819
4.24819
4.21795
4.20004
4.18351
4.17604
4.16831
4.17335
4.18351
4.19433
4.20834
4.20834
4.19433
4.18351
4.17335
4.16831
4.16419
4.16831
4.17604
4.18448
4.1938
4.19381
4.18448
4.17604
4.16831
4.16419
3.90695
3.91151
3.91977
3.92936
3.94004
3.94004
3.92936
3.91978
3.91151
3.90695
3.91151
3.91718
3.92842
3.94106
3.95826
3.95826
3.94107
3.92842
3.91718
3.91151
3.91978
3.92842
3.94703
3.96892
4.00839
4.00839
3.96892
3.94703
3.92843
3.91978
3.92936
3.94107
3.96892
4.00095
4.07094
4.07094
4.00095
3.96892
3.94107
3.92937
3.94005
3.95827
4.0084
4.07094
4.26796
4.26796
4.07094
4.0084
3.95827
3.94005
3.94005
3.95827
4.0084
4.07094
4.26796
4.26796
4.07094
4.0084
3.95827
3.94006
3.92937
3.94108
3.96893
4.00096
4.07095
4.07095
4.00096
3.96893
3.94108
3.92938
3.91979
3.92844
3.94704
3.96893
4.00841
4.00841
3.96893
3.94704
3.92844
3.9198
3.91153
3.9172
3.92844
3.94108
3.95828
3.95828
3.94109
3.92844
3.9172
3.91153
3.90697
3.91153
3.9198
3.92938
3.94006
3.94006
3.92938
3.9198
3.91153
3.90697
3.64753
3.65245
3.66077
3.67139
3.68272
3.68272
3.67139
3.66077
3.65245
3.64753
3.65245
3.65869
3.67052
3.68495
3.7052
3.7052
3.68495
3.67052
3.65869
3.65245
3.66077
3.67052
3.68959
3.71568
3.76351
3.76351
3.71568
3.68959
3.67052
3.66078
3.67139
3.68495
3.71568
3.75504
3.85011
3.85011
3.75505
3.71568
3.68496
3.6714
3.68273
3.7052
3.76352
3.85012
4.17423
4.17423
3.85012
3.76352
3.70521
3.68273
3.68273
3.70521
3.76352
3.85012
4.17424
4.17424
3.85012
3.76352
3.70521
3.68274
3.6714
3.68496
3.71569
3.75505
3.85012
3.85012
3.75505
3.71569
3.68497
3.6714
3.66079
3.67053
3.6896
3.71569
3.76352
3.76352
3.71569
3.6896
3.67054
3.66079
3.65247
3.65871
3.67054
3.68497
3.70522
3.70522
3.68497
3.67054
3.65871
3.65247
3.64755
3.65247
3.66079
3.67141
3.68275
3.68275
3.67141
3.6608
3.65247
3.64755
3.38579
3.39097
3.39875
3.41025
3.42127
3.42127
3.41025
3.39876
3.39098
3.38579
3.39097
3.3977
3.40954
3.42561
3.44858
3.44858
3.42561
3.40954
3.3977
3.39098
3.39875
3.40954
3.42685
3.4572
3.5078
3.5078
3.4572
3.42686
3.40954
3.39876
3.41025
3.42561
3.4572
3.50353
3.624
3.624
3.50353
3.4572
3.42562
3.41026
3.42127
3.44859
3.50781
3.624
4.16801
4.16801
3.624
3.50781
3.44859
3.42128
3.42128
3.44859
3.50781
3.624
4.16801
4.16801
3.62401
3.50781
3.44859
3.42128
3.41026
3.42562
3.45721
3.50354
3.62401
3.62401
3.50354
3.45721
3.42562
3.41026
3.39877
3.40955
3.42687
3.45721
3.50782
3.50782
3.45721
3.42687
3.40955
3.39877
3.39099
3.39772
3.40956
3.42563
3.4486
3.4486
3.42563
3.40956
3.39772
3.391
3.38581
3.391
3.39877
3.41027
3.42129
3.42129
3.41027
3.39877
3.391
3.38581
3.12169
3.127
3.13327
3.14539
3.15376
3.15376
3.14539
3.13327
3.127
3.12169
3.127
3.13403
3.145
3.16216
3.18651
3.18651
3.16216
3.145
3.13404
3.127
3.13327
3.145
3.1554
3.18983
3.22727
3.22727
3.18983
3.1554
3.145
3.13327
3.14539
3.16216
3.18983
3.2415
3.38521
3.38521
3.2415
3.18983
3.16216
3.14539
3.15376
3.18652
3.22727
3.38521
4.06542
4.06542
3.38521
3.22728
3.18652
3.15377
3.15377
3.18652
3.22727
3.38521
4.06543
4.06543
3.38522
3.22728
3.18652
3.15377
3.1454
3.16217
3.18984
3.24151
3.38522
3.38522
3.24151
3.18984
3.16217
3.1454
3.13329
3.14501
3.15541
3.18984
3.22728
3.22729
3.18984
3.15541
3.14502
3.13329
3.12702
3.13405
3.14502
3.16218
3.18653
3.18653
3.16218
3.14502
3.13405
3.12702
3.12171
3.12702
3.13329
3.14541
3.15378
3.15378
3.14541
3.13329
3.12702
3.12171
2.85539
2.86073
2.86491
2.87741
2.88109
2.88109
2.87741
2.86491
2.86073
2.85539
2.86073
2.8679
2.87767
2.89498
2.91882
2.91882
2.89498
2.87767
2.8679
2.86073
2.86491
2.87767
2.87657
2.91368
2.89971
2.89971
2.91368
2.87658
2.87767
2.86491
2.87741
2.89498
2.91368
2.95164
2.98189
2.98189
2.95164
2.91369
2.89498
2.87741
2.88109
2.91882
2.89971
2.98189
3.1117
3.1117
2.9819
2.89972
2.91882
2.88109
2.88109
2.91882
2.89972
2.9819
3.11171
3.11171
2.9819
2.89972
2.91882
2.88109
2.87742
2.89499
2.91369
2.95165
2.9819
2.9819
2.95165
2.9137
2.89499
2.87742
2.86492
2.87768
2.87659
2.9137
2.89973
2.89973
2.9137
2.87659
2.87769
2.86492
2.86075
2.86792
2.87769
2.89499
2.91884
2.91884
2.89499
2.87769
2.86792
2.86075
2.85541
2.86075
2.86493
2.87743
2.88111
2.88111
2.87743
2.86493
2.86075
2.85541
2.58701
2.59222
2.59348
2.60637
2.60244
2.60244
2.60637
2.59348
2.59222
2.58702
2.59222
2.59924
2.60753
2.6249
2.64965
2.64965
2.6249
2.60753
2.59924
2.59222
2.59348
2.60753
2.58896
2.63578
2.52661
2.52661
2.63578
2.58896
2.60753
2.59348
2.60636
2.6249
2.63578
2.68265
2.70428
2.70428
2.68265
2.63578
2.6249
2.60637
2.60244
2.64965
2.52661
2.70428
0.671366
0.67137
2.70429
2.52661
2.64965
2.60244
2.60244
2.64965
2.52661
2.70429
0.671373
0.671376
2.70429
2.52661
2.64965
2.60244
2.60637
2.6249
2.63579
2.68266
2.70429
2.7043
2.68267
2.63579
2.62491
2.60638
2.59349
2.60754
2.58897
2.63579
2.52662
2.52662
2.63579
2.58898
2.60755
2.59349
2.59224
2.59926
2.60755
2.62491
2.64967
2.64967
2.62492
2.60755
2.59926
2.59224
2.58703
2.59224
2.5935
2.60638
2.60246
2.60246
2.60638
2.5935
2.59224
2.58703
2.31717
2.322
2.32175
2.33398
2.329
2.329
2.33398
2.32175
2.322
2.31717
2.322
2.32832
2.33573
2.35165
2.38186
2.38186
2.35165
2.33573
2.32833
2.322
2.32175
2.33573
2.31409
2.36208
2.26399
2.26399
2.36208
2.31409
2.33573
2.32175
2.33398
2.35165
2.36208
2.42792
2.67824
2.67824
2.42792
2.36208
2.35165
2.33398
2.329
2.38186
2.26398
2.67824
1.8605
1.8605
2.67825
2.26399
2.38187
2.329
2.329
2.38187
2.26399
2.67825
1.8605
1.86051
2.67825
2.26399
2.38187
2.329
2.33399
2.35165
2.36209
2.42793
2.67825
2.67825
2.42793
2.36209
2.35166
2.33399
2.32176
2.33574
2.3141
2.36209
2.264
2.264
2.36209
2.31411
2.33574
2.32176
2.32201
2.32834
2.33575
2.35166
2.38188
2.38188
2.35166
2.33575
2.32834
2.32202
2.31719
2.32202
2.32176
2.334
2.32901
2.32901
2.334
2.32177
2.32202
2.31719
2.04589
2.05012
2.04883
2.05998
2.05981
2.05981
2.05998
2.04883
2.05012
2.04589
2.05012
2.05522
2.06142
2.07453
2.10709
2.10709
2.07453
2.06142
2.05522
2.05012
2.04882
2.06141
2.05168
2.09987
2.12907
2.12907
2.09987
2.05168
2.06142
2.04882
2.05997
2.07453
2.09987
2.14406
2.59578
2.59578
2.14406
2.09987
2.07453
2.05998
2.0598
2.10709
2.12907
2.59578
2.93517
2.93517
2.59578
2.12907
2.10709
2.05981
2.05981
2.10709
2.12907
2.59578
2.93518
2.93518
2.59579
2.12908
2.10709
2.05981
2.05998
2.07453
2.09988
2.14407
2.59579
2.59579
2.14407
2.09988
2.07454
2.05998
2.04883
2.06143
2.05169
2.09988
2.12908
2.12908
2.09988
2.05169
2.06143
2.04884
2.05013
2.05523
2.06143
2.07454
2.1071
2.1071
2.07454
2.06143
2.05523
2.05013
2.04591
2.05013
2.04884
2.05999
2.05982
2.05982
2.05999
2.04884
2.05013
2.04591
1.77381
1.77705
1.77569
1.7826
1.78073
1.78073
1.7826
1.77569
1.77705
1.77381
1.77705
1.78016
1.78238
1.78816
1.79189
1.79189
1.78816
1.78238
1.78016
1.77705
1.77568
1.78238
1.77378
1.78688
1.76253
1.76253
1.78688
1.77379
1.78238
1.77569
1.78259
1.78816
1.78688
1.78826
1.81425
1.81425
1.78826
1.78688
1.78816
1.7826
1.78073
1.79189
1.76253
1.81426
7.59171
7.59172
1.81426
1.76253
1.7919
1.78073
1.78073
1.79189
1.76253
1.81426
7.59173
7.59173
1.81426
1.76254
1.7919
1.78074
1.7826
1.78817
1.78689
1.78827
1.81426
1.81426
1.78827
1.78689
1.78817
1.7826
1.77569
1.78239
1.77379
1.78689
1.76254
1.76254
1.78689
1.7738
1.78239
1.7757
1.77706
1.78017
1.78239
1.78817
1.79191
1.79191
1.78817
1.7824
1.78017
1.77706
1.77382
1.77706
1.7757
1.78261
1.78075
1.78075
1.78261
1.7757
1.77706
1.77382
1.50086
1.50289
1.50041
1.50342
1.49971
1.49971
1.50342
1.50041
1.50289
1.50086
1.50289
1.50439
1.50228
1.50245
1.4818
1.4818
1.50245
1.50228
1.50439
1.50289
1.50041
1.50228
1.49363
1.47857
1.49294
1.49294
1.47858
1.49363
1.50228
1.50041
1.50341
1.50245
1.47857
1.45804
1.03047
1.03046
1.45804
1.47857
1.50245
1.50342
1.49971
1.4818
1.49294
1.03048
2.95432
2.95432
1.03048
1.49294
1.4818
1.49971
1.49971
1.4818
1.49294
1.03046
2.95432
2.95432
1.03046
1.49294
1.4818
1.49971
1.50342
1.50246
1.47858
1.45805
1.03048
1.03048
1.45805
1.47858
1.50246
1.50342
1.50042
1.50229
1.49364
1.47858
1.49295
1.49295
1.47858
1.49364
1.50229
1.50042
1.5029
1.5044
1.50229
1.50246
1.48181
1.48181
1.50246
1.50229
1.5044
1.5029
1.50087
1.5029
1.50042
1.50343
1.49972
1.49972
1.50343
1.50042
1.50291
1.50087
1.22799
1.22923
1.2275
1.22843
1.22681
1.22681
1.22843
1.2275
1.22923
1.22799
1.22923
1.22963
1.22723
1.22426
1.20488
1.20488
1.22426
1.22723
1.22963
1.22923
1.2275
1.22723
1.2241
1.20445
1.21743
1.21743
1.20445
1.2241
1.22723
1.2275
1.22842
1.22426
1.20444
1.17119
0.876978
0.876975
1.17119
1.20444
1.22426
1.22842
1.22681
1.20488
1.21743
0.876985
2.53547
2.53547
0.876985
1.21743
1.20488
1.22681
1.22681
1.20488
1.21743
0.876974
2.53547
2.53547
0.876973
1.21743
1.20488
1.22681
1.22843
1.22426
1.20445
1.1712
0.876988
0.876985
1.1712
1.20445
1.22427
1.22843
1.22751
1.22724
1.2241
1.20445
1.21744
1.21744
1.20445
1.2241
1.22724
1.22751
1.22923
1.22964
1.22724
1.22427
1.20489
1.20489
1.22427
1.22724
1.22964
1.22923
1.228
1.22923
1.22751
1.22844
1.22682
1.22682
1.22844
1.22751
1.22924
1.228
0.954891
0.955512
0.953544
0.953393
0.950812
0.950812
0.953393
0.953545
0.955513
0.954891
0.955511
0.955344
0.952437
0.94895
0.934262
0.934262
0.948951
0.952438
0.955345
0.955512
0.953543
0.952436
0.947809
0.933387
0.944421
0.944421
0.933388
0.94781
0.952437
0.953544
0.95339
0.948949
0.933386
0.908363
0.770776
0.770775
0.908363
0.933387
0.94895
0.953392
0.95081
0.934261
0.944421
0.770778
2.28061
2.28061
0.770781
0.944422
0.934263
0.950812
0.950811
0.934261
0.944422
0.770775
2.28061
2.28061
0.770778
0.944423
0.934263
0.950813
0.953394
0.948953
0.93339
0.908367
0.770784
0.770783
0.908367
0.933392
0.948954
0.953396
0.953548
0.952442
0.947815
0.933392
0.944428
0.944428
0.933393
0.947816
0.952443
0.953549
0.955518
0.955351
0.952444
0.948958
0.93427
0.93427
0.948958
0.952445
0.955351
0.955518
0.954897
0.955519
0.953552
0.9534
0.95082
0.95082
0.953401
0.953552
0.955519
0.954898
0.682013
0.682367
0.681208
0.681089
0.680507
0.680507
0.681089
0.681209
0.682367
0.682014
0.682366
0.682165
0.680622
0.678469
0.672626
0.672626
0.678469
0.680622
0.682166
0.682367
0.681207
0.680621
0.68003
0.673846
0.683136
0.683136
0.673847
0.680031
0.680622
0.681208
0.681087
0.678468
0.673846
0.667253
0.65969
0.659691
0.667254
0.673847
0.678469
0.681088
0.680506
0.672625
0.683136
0.65969
2.15423
2.15423
0.659693
0.683137
0.672626
0.680507
0.680506
0.672625
0.683136
0.659692
2.15423
2.15423
0.659695
0.683138
0.672627
0.680508
0.68109
0.67847
0.673849
0.667256
0.659696
0.659697
0.667257
0.67385
0.678472
0.681091
0.681211
0.680625
0.680034
0.673851
0.683141
0.683141
0.673851
0.680035
0.680626
0.681212
0.682371
0.68217
0.680627
0.678474
0.672631
0.672631
0.678474
0.680627
0.68217
0.682371
0.682018
0.682372
0.681213
0.681094
0.680513
0.680513
0.681094
0.681214
0.682372
0.682018
0.409167
0.409343
0.408582
0.408583
0.408035
0.408035
0.408583
0.408583
0.409343
0.409168
0.409342
0.409218
0.408417
0.407719
0.408384
0.408384
0.40772
0.408417
0.409218
0.409343
0.408582
0.408416
0.407447
0.408876
0.411958
0.411958
0.408877
0.407448
0.408417
0.408582
0.408582
0.407719
0.408876
0.414503
0.520077
0.520078
0.414504
0.408877
0.407719
0.408582
0.408034
0.408383
0.411957
0.520075
2.75797
2.75797
0.520077
0.411958
0.408384
0.408035
0.408034
0.408383
0.411958
0.520079
2.75797
2.75797
0.520081
0.411959
0.408384
0.408035
0.408583
0.40772
0.408878
0.414505
0.520078
0.52008
0.414505
0.408879
0.407721
0.408584
0.408584
0.408419
0.40745
0.408879
0.41196
0.41196
0.40888
0.40745
0.408419
0.408584
0.409345
0.409221
0.40842
0.407722
0.408387
0.408387
0.407723
0.40842
0.409221
0.409345
0.40917
0.409345
0.408585
0.408586
0.408038
0.408038
0.408586
0.408586
0.409346
0.40917
0.136414
0.136506
0.136403
0.13667
0.137121
0.137121
0.13667
0.136403
0.136506
0.136414
0.136506
0.136552
0.136766
0.137018
0.140768
0.140768
0.137018
0.136766
0.136552
0.136506
0.136403
0.136766
0.137536
0.141669
0.144695
0.144695
0.141669
0.137536
0.136766
0.136403
0.13667
0.137018
0.141669
0.146069
0.244883
0.244884
0.14607
0.141669
0.137018
0.13667
0.137121
0.140768
0.144695
0.244879
1.27511
1.27511
0.24488
0.144695
0.140768
0.137121
0.137121
0.140768
0.144695
0.244884
1.27511
1.27511
0.244885
0.144696
0.140769
0.137121
0.13667
0.137018
0.14167
0.14607
0.24488
0.244881
0.14607
0.14167
0.137018
0.13667
0.136404
0.136767
0.137536
0.14167
0.144696
0.144696
0.14167
0.137536
0.136767
0.136404
0.136507
0.136553
0.136767
0.137019
0.140769
0.140769
0.137019
0.136767
0.136553
0.136507
0.136415
0.136507
0.136404
0.136671
0.137122
0.137122
0.136671
0.136404
0.136507
0.136415
)
;

boundaryField
{
    bottom
    {
        type            calculated;
        value           nonuniform List<scalar> 
100
(
10.222
10.222
10.222
10.2221
10.2221
10.2221
10.2221
10.222
10.222
10.222
10.222
10.222
10.2221
10.2221
10.2221
10.2221
10.2221
10.2221
10.222
10.222
10.222
10.2221
10.2221
10.2221
10.2222
10.2222
10.2222
10.2221
10.2221
10.2221
10.2221
10.2221
10.2221
10.2222
10.2222
10.2222
10.2222
10.2222
10.2221
10.2221
10.2221
10.2221
10.2222
10.2222
10.2223
10.2223
10.2222
10.2222
10.2221
10.2221
10.2221
10.2221
10.2222
10.2222
10.2223
10.2223
10.2222
10.2222
10.2221
10.2221
10.2221
10.2221
10.2221
10.2222
10.2222
10.2222
10.2222
10.2222
10.2221
10.2221
10.222
10.2221
10.2221
10.2222
10.2222
10.2222
10.2222
10.2221
10.2221
10.2221
10.222
10.222
10.2221
10.2221
10.2221
10.2221
10.2221
10.2221
10.222
10.222
10.222
10.222
10.222
10.2221
10.2221
10.2221
10.2221
10.222
10.222
10.222
)
;
    }
    atmosphere
    {
        type            calculated;
        value           nonuniform List<scalar> 
100
(
0
0
0
0
0
0
0
0
0
0
0
0
0
0
0
0
0
0
0
0
0
0
0
0
0
0
0
0
0
0
0
0
0
0
-0.00199155
-0.00199132
0
0
0
0
0
0
0
-0.00199138
-0.0433232
-0.0433232
-0.00199156
0
0
0
0
0
0
-0.00199133
-0.0433232
-0.0433232
-0.0019915
0
0
0
0
0
0
0
-0.00199154
-0.00199131
0
0
0
0
0
0
0
0
0
0
0
0
0
0
0
0
0
0
0
0
0
0
0
0
0
0
0
0
0
0
0
0
0
0
)
;
    }
    walls
    {
        type            calculated;
        value           nonuniform List<scalar> 
1600
(
10.0993
10.0994
10.0994
10.0995
10.0995
10.0995
10.0995
10.0994
10.0994
10.0994
9.85408
9.85411
9.85415
9.8542
9.85423
9.85423
9.85421
9.85417
9.85413
9.8541
9.60881
9.60884
9.60889
9.60895
9.60898
9.60898
9.60895
9.60891
9.60886
9.60883
9.36352
9.36356
9.36362
9.36369
9.36373
9.36373
9.3637
9.36364
9.36358
9.36354
9.11822
9.11826
9.11834
9.11842
9.11848
9.11848
9.11843
9.11836
9.11828
9.11823
8.87289
8.87295
8.87305
8.87315
8.87322
8.87322
8.87316
8.87307
8.87297
8.87291
8.62754
8.62762
8.62775
8.62788
8.62796
8.62797
8.62789
8.62776
8.62763
8.62756
8.38215
8.38225
8.38242
8.38259
8.38271
8.38271
8.3826
8.38244
8.38227
8.38217
8.13671
8.13685
8.13707
8.13729
8.13744
8.13744
8.1373
8.13708
8.13687
8.13673
7.89122
7.89139
7.89168
7.89197
7.89217
7.89217
7.89198
7.8917
7.89141
7.89124
7.64564
7.64587
7.64625
7.64663
7.64689
7.64689
7.64664
7.64627
7.64589
7.64567
7.39997
7.40026
7.40075
7.40125
7.40159
7.4016
7.40126
7.40077
7.40028
7.39999
7.15416
7.15454
7.15518
7.15582
7.15627
7.15628
7.15583
7.1552
7.15456
7.15418
6.90818
6.90866
6.90949
6.91032
6.91092
6.91093
6.91033
6.90951
6.90868
6.9082
6.66197
6.66259
6.66366
6.66473
6.66553
6.66553
6.66474
6.66368
6.66261
6.662
6.41549
6.41627
6.41764
6.41901
6.42006
6.42007
6.41903
6.41766
6.41629
6.41551
6.16863
6.16962
6.17137
6.17312
6.1745
6.1745
6.17313
6.17139
6.16964
6.16866
5.92132
5.92255
5.92477
5.92697
5.92879
5.9288
5.92699
5.92479
5.92258
5.92135
5.67343
5.67495
5.67773
5.6805
5.68288
5.68288
5.68051
5.67775
5.67497
5.67345
5.42481
5.42667
5.43013
5.43357
5.43666
5.43666
5.43358
5.43015
5.4267
5.42484
5.1753
5.17756
5.18179
5.18602
5.19
5.19001
5.18603
5.18181
5.17758
5.17533
4.92471
4.9274
4.9325
4.93764
4.94272
4.94273
4.93765
4.93252
4.92742
4.92474
4.67281
4.67597
4.68199
4.68816
4.69454
4.69455
4.68817
4.68201
4.676
4.67284
4.41938
4.42302
4.42996
4.43724
4.44508
4.44509
4.43725
4.42998
4.42305
4.41941
4.16417
4.16829
4.17602
4.18446
4.19379
4.1938
4.18447
4.17604
4.16831
4.16419
3.90695
3.91151
3.91978
3.92936
3.94005
3.94005
3.92937
3.91979
3.91153
3.90697
3.64753
3.65245
3.66077
3.67139
3.68273
3.68273
3.6714
3.66079
3.65247
3.64755
3.38579
3.39097
3.39875
3.41025
3.42127
3.42128
3.41026
3.39877
3.39099
3.38581
3.12169
3.127
3.13327
3.14539
3.15376
3.15377
3.1454
3.13329
3.12702
3.12171
2.85539
2.86073
2.86491
2.87741
2.88109
2.88109
2.87742
2.86492
2.86075
2.85541
2.58701
2.59222
2.59348
2.60636
2.60244
2.60244
2.60637
2.59349
2.59224
2.58703
2.31717
2.322
2.32175
2.33398
2.329
2.329
2.33399
2.32176
2.32201
2.31719
2.04589
2.05012
2.04882
2.05997
2.0598
2.05981
2.05998
2.04883
2.05013
2.04591
1.77381
1.77705
1.77568
1.78259
1.78073
1.78073
1.7826
1.77569
1.77706
1.77382
1.50086
1.50289
1.50041
1.50341
1.49971
1.49971
1.50342
1.50042
1.5029
1.50087
1.22799
1.22923
1.2275
1.22842
1.22681
1.22681
1.22843
1.22751
1.22923
1.228
0.954891
0.955511
0.953543
0.95339
0.95081
0.950811
0.953394
0.953548
0.955518
0.954897
0.682013
0.682366
0.681207
0.681087
0.680506
0.680506
0.68109
0.681211
0.682371
0.682018
0.409167
0.409342
0.408582
0.408582
0.408034
0.408034
0.408583
0.408584
0.409345
0.40917
0.136414
0.136506
0.136403
0.13667
0.137121
0.137121
0.13667
0.136404
0.136507
0.136415
10.0993
10.0994
10.0994
10.0995
10.0995
10.0995
10.0995
10.0994
10.0994
10.0994
9.85408
9.85411
9.85415
9.8542
9.85423
9.85423
9.85421
9.85417
9.85412
9.8541
9.60881
9.60884
9.60889
9.60895
9.60898
9.60898
9.60895
9.60891
9.60886
9.60883
9.36352
9.36356
9.36362
9.36369
9.36373
9.36373
9.3637
9.36364
9.36358
9.36354
9.11822
9.11826
9.11834
9.11842
9.11848
9.11848
9.11843
9.11836
9.11828
9.11823
8.87289
8.87295
8.87305
8.87316
8.87322
8.87322
8.87316
8.87307
8.87297
8.87291
8.62754
8.62762
8.62775
8.62788
8.62797
8.62797
8.62789
8.62776
8.62763
8.62756
8.38215
8.38225
8.38242
8.38259
8.38271
8.38271
8.3826
8.38244
8.38227
8.38217
8.13671
8.13685
8.13707
8.13729
8.13744
8.13745
8.1373
8.13708
8.13687
8.13673
7.89122
7.89139
7.89168
7.89197
7.89217
7.89217
7.89198
7.8917
7.89141
7.89124
7.64565
7.64587
7.64625
7.64663
7.64689
7.64689
7.64664
7.64627
7.64589
7.64567
7.39997
7.40026
7.40076
7.40125
7.40159
7.4016
7.40126
7.40077
7.40028
7.39999
7.15416
7.15454
7.15518
7.15582
7.15628
7.15628
7.15583
7.1552
7.15456
7.15418
6.90818
6.90866
6.90949
6.91032
6.91093
6.91093
6.91034
6.90951
6.90868
6.9082
6.66198
6.66259
6.66367
6.66473
6.66553
6.66553
6.66475
6.66368
6.66261
6.662
6.41549
6.41627
6.41765
6.41902
6.42006
6.42007
6.41903
6.41766
6.41629
6.41551
6.16864
6.16962
6.17138
6.17312
6.1745
6.1745
6.17313
6.17139
6.16964
6.16866
5.92132
5.92255
5.92477
5.92698
5.92879
5.9288
5.92699
5.92479
5.92258
5.92135
5.67343
5.67495
5.67774
5.6805
5.68288
5.68288
5.68051
5.67775
5.67497
5.67345
5.42481
5.42668
5.43013
5.43357
5.43666
5.43666
5.43358
5.43015
5.4267
5.42484
5.17531
5.17756
5.18179
5.18602
5.19001
5.19001
5.18603
5.18181
5.17758
5.17533
4.92471
4.9274
4.9325
4.93764
4.94273
4.94273
4.93765
4.93252
4.92743
4.92474
4.67282
4.67598
4.682
4.68816
4.69454
4.69455
4.68818
4.68201
4.676
4.67284
4.41939
4.42303
4.42996
4.43725
4.44509
4.44509
4.43726
4.42998
4.42305
4.41941
4.16417
4.16829
4.17602
4.18446
4.1938
4.1938
4.18447
4.17604
4.16831
4.16419
3.90695
3.91151
3.91978
3.92937
3.94005
3.94006
3.92938
3.9198
3.91153
3.90697
3.64753
3.65245
3.66078
3.6714
3.68273
3.68274
3.6714
3.66079
3.65247
3.64755
3.38579
3.39098
3.39876
3.41026
3.42128
3.42128
3.41026
3.39877
3.391
3.38581
3.12169
3.127
3.13327
3.14539
3.15377
3.15377
3.1454
3.13329
3.12702
3.12171
2.85539
2.86073
2.86491
2.87741
2.88109
2.88109
2.87742
2.86492
2.86075
2.85541
2.58702
2.59222
2.59348
2.60637
2.60244
2.60244
2.60638
2.59349
2.59224
2.58703
2.31717
2.322
2.32175
2.33398
2.329
2.329
2.33399
2.32176
2.32202
2.31719
2.04589
2.05012
2.04882
2.05998
2.05981
2.05981
2.05998
2.04884
2.05013
2.04591
1.77381
1.77705
1.77569
1.7826
1.78073
1.78074
1.7826
1.7757
1.77706
1.77382
1.50086
1.50289
1.50041
1.50342
1.49971
1.49971
1.50342
1.50042
1.5029
1.50087
1.22799
1.22923
1.2275
1.22842
1.22681
1.22681
1.22843
1.22751
1.22923
1.228
0.954891
0.955512
0.953544
0.953392
0.950812
0.950813
0.953396
0.953549
0.955518
0.954898
0.682014
0.682367
0.681208
0.681088
0.680507
0.680508
0.681091
0.681212
0.682371
0.682018
0.409168
0.409343
0.408582
0.408582
0.408035
0.408035
0.408584
0.408584
0.409345
0.40917
0.136414
0.136506
0.136403
0.13667
0.137121
0.137121
0.13667
0.136404
0.136507
0.136415
10.0993
9.85408
9.60881
9.36352
9.11822
8.87289
8.62754
8.38215
8.13671
7.89122
7.64564
7.39997
7.15416
6.90818
6.66197
6.41549
6.16863
5.92132
5.67343
5.42481
10.0994
9.85411
9.60884
9.36356
9.11826
8.87295
8.62761
8.38225
8.13684
7.89139
7.64587
7.40026
7.15453
6.90866
6.66259
6.41627
6.16962
5.92255
5.67495
5.42667
10.0994
9.85415
9.60889
9.36362
9.11834
8.87305
8.62774
8.38242
8.13707
7.89168
7.64624
7.40075
7.15517
6.90949
6.66366
6.41764
6.17137
5.92477
5.67773
5.43013
10.0994
9.8542
9.60894
9.36368
9.11842
8.87315
8.62787
8.38259
8.13729
7.89197
7.64662
7.40124
7.15581
6.91032
6.66473
6.41901
6.17311
5.92697
5.68049
5.43356
10.0995
9.85422
9.60897
9.36372
9.11847
8.87321
8.62796
8.3827
8.13743
7.89216
7.64688
7.40158
7.15626
6.91091
6.66552
6.42005
6.17449
5.92878
5.68286
5.43664
10.0995
9.85422
9.60897
9.36372
9.11847
8.87321
8.62796
8.3827
8.13743
7.89216
7.64688
7.40158
7.15626
6.91091
6.66552
6.42005
6.17449
5.92878
5.68286
5.43665
10.0994
9.8542
9.60894
9.36368
9.11842
8.87315
8.62787
8.38259
8.13729
7.89197
7.64662
7.40124
7.15581
6.91032
6.66473
6.41901
6.17311
5.92697
5.68049
5.43356
10.0994
9.85415
9.60889
9.36362
9.11834
8.87305
8.62774
8.38242
8.13707
7.89168
7.64625
7.40075
7.15518
6.90949
6.66366
6.41764
6.17137
5.92477
5.67773
5.43013
10.0994
9.85411
9.60884
9.36356
9.11826
8.87295
8.62762
8.38225
8.13685
7.89139
7.64587
7.40026
7.15454
6.90866
6.66259
6.41627
6.16962
5.92255
5.67495
5.42668
10.0993
9.85408
9.60881
9.36352
9.11822
8.87289
8.62754
8.38215
8.13671
7.89122
7.64565
7.39997
7.15416
6.90818
6.66198
6.41549
6.16864
5.92132
5.67343
5.42481
5.1753
4.92471
4.67281
4.41938
4.16417
3.90695
3.64753
3.38579
3.12169
2.85539
2.58701
2.31717
2.04589
1.77381
1.50086
1.22799
0.954891
0.682013
0.409167
0.136414
5.17756
4.9274
4.67597
4.42302
4.16829
3.91151
3.65245
3.39097
3.127
2.86073
2.59222
2.322
2.05012
1.77705
1.50289
1.22923
0.955512
0.682367
0.409343
0.136506
5.18178
4.93249
4.68199
4.42996
4.17602
3.91977
3.66077
3.39875
3.13327
2.86491
2.59348
2.32175
2.04883
1.77569
1.50041
1.2275
0.953544
0.681208
0.408582
0.136403
5.18601
4.93763
4.68815
4.43724
4.18445
3.92936
3.67139
3.41025
3.14539
2.87741
2.60637
2.33398
2.05998
1.7826
1.50342
1.22843
0.953393
0.681089
0.408583
0.13667
5.18999
4.94271
4.69453
4.44507
4.19378
3.94004
3.68272
3.42127
3.15376
2.88109
2.60244
2.329
2.05981
1.78073
1.49971
1.22681
0.950812
0.680507
0.408035
0.137121
5.18999
4.94271
4.69453
4.44507
4.19378
3.94004
3.68272
3.42127
3.15376
2.88109
2.60244
2.329
2.05981
1.78073
1.49971
1.22681
0.950812
0.680507
0.408035
0.137121
5.18601
4.93763
4.68816
4.43724
4.18445
3.92936
3.67139
3.41025
3.14539
2.87741
2.60637
2.33398
2.05998
1.7826
1.50342
1.22843
0.953393
0.681089
0.408583
0.13667
5.18179
4.9325
4.68199
4.42996
4.17602
3.91978
3.66077
3.39876
3.13327
2.86491
2.59348
2.32175
2.04883
1.77569
1.50041
1.2275
0.953545
0.681209
0.408583
0.136403
5.17756
4.9274
4.67598
4.42303
4.16829
3.91151
3.65245
3.39098
3.127
2.86073
2.59222
2.322
2.05012
1.77705
1.50289
1.22923
0.955513
0.682367
0.409343
0.136506
5.17531
4.92471
4.67282
4.41939
4.16417
3.90695
3.64753
3.38579
3.12169
2.85539
2.58702
2.31717
2.04589
1.77381
1.50086
1.22799
0.954891
0.682014
0.409168
0.136414
10.0994
9.8541
9.60883
9.36354
9.11823
8.87291
8.62756
8.38217
8.13673
7.89124
7.64567
7.39999
7.15418
6.9082
6.662
6.41551
6.16866
5.92135
5.67345
5.42484
10.0994
9.85413
9.60886
9.36358
9.11828
8.87297
8.62763
8.38227
8.13687
7.89141
7.64589
7.40028
7.15456
6.90868
6.66262
6.41629
6.16964
5.92258
5.67497
5.4267
10.0994
9.85417
9.60891
9.36364
9.11836
8.87307
8.62776
8.38244
8.13709
7.8917
7.64627
7.40077
7.1552
6.90951
6.66369
6.41767
6.1714
5.92479
5.67776
5.43015
10.0995
9.85421
9.60896
9.3637
9.11844
8.87317
8.62789
8.38261
8.13731
7.89199
7.64665
7.40127
7.15584
6.91034
6.66475
6.41903
6.17313
5.92699
5.68052
5.43358
10.0995
9.85424
9.60899
9.36374
9.11849
8.87323
8.62798
8.38272
8.13745
7.89218
7.6469
7.40161
7.15629
6.91094
6.66554
6.42008
6.17451
5.92881
5.68289
5.43667
10.0995
9.85424
9.60899
9.36374
9.11849
8.87323
8.62798
8.38272
8.13745
7.89218
7.6469
7.40161
7.15629
6.91094
6.66554
6.42008
6.17451
5.92881
5.68289
5.43667
10.0995
9.85421
9.60896
9.3637
9.11844
8.87317
8.62789
8.38261
8.13731
7.89199
7.64665
7.40127
7.15584
6.91034
6.66475
6.41903
6.17313
5.92699
5.68052
5.43358
10.0994
9.85417
9.60891
9.36364
9.11836
8.87307
8.62776
8.38244
8.13709
7.8917
7.64627
7.40077
7.1552
6.90951
6.66369
6.41767
6.1714
5.92479
5.67776
5.43015
10.0994
9.85413
9.60886
9.36358
9.11828
8.87297
8.62763
8.38227
8.13687
7.89141
7.64589
7.40028
7.15456
6.90868
6.66262
6.41629
6.16964
5.92258
5.67498
5.4267
10.0994
9.8541
9.60883
9.36354
9.11823
8.87291
8.62756
8.38217
8.13673
7.89124
7.64567
7.39999
7.15418
6.9082
6.662
6.41551
6.16866
5.92135
5.67345
5.42484
5.17533
4.92474
4.67284
4.41941
4.16419
3.90697
3.64755
3.38581
3.12171
2.85541
2.58703
2.31719
2.04591
1.77382
1.50087
1.228
0.954897
0.682018
0.40917
0.136415
5.17758
4.92743
4.676
4.42305
4.16831
3.91153
3.65247
3.391
3.12702
2.86075
2.59224
2.32202
2.05013
1.77706
1.5029
1.22923
0.955519
0.682372
0.409345
0.136507
5.18181
4.93252
4.68202
4.42998
4.17604
3.9198
3.66079
3.39877
3.13329
2.86493
2.5935
2.32176
2.04884
1.7757
1.50042
1.22751
0.953552
0.681213
0.408585
0.136404
5.18603
4.93766
4.68818
4.43726
4.18448
3.92938
3.67141
3.41027
3.14541
2.87743
2.60638
2.334
2.05999
1.78261
1.50343
1.22844
0.9534
0.681094
0.408586
0.136671
5.19002
4.94274
4.69455
4.4451
4.1938
3.94006
3.68275
3.42129
3.15378
2.88111
2.60246
2.32901
2.05982
1.78075
1.49972
1.22682
0.95082
0.680513
0.408038
0.137122
5.19002
4.94274
4.69455
4.4451
4.19381
3.94006
3.68275
3.42129
3.15378
2.88111
2.60246
2.32901
2.05982
1.78075
1.49972
1.22682
0.95082
0.680513
0.408038
0.137122
5.18604
4.93766
4.68818
4.43726
4.18448
3.92938
3.67141
3.41027
3.14541
2.87743
2.60638
2.334
2.05999
1.78261
1.50343
1.22844
0.953401
0.681094
0.408586
0.136671
5.18181
4.93252
4.68202
4.42998
4.17604
3.9198
3.6608
3.39877
3.13329
2.86493
2.5935
2.32177
2.04884
1.7757
1.50042
1.22751
0.953552
0.681214
0.408586
0.136404
5.17758
4.92743
4.676
4.42305
4.16831
3.91153
3.65247
3.391
3.12702
2.86075
2.59224
2.32202
2.05013
1.77706
1.50291
1.22924
0.955519
0.682372
0.409346
0.136507
5.17533
4.92474
4.67284
4.41941
4.16419
3.90697
3.64755
3.38581
3.12171
2.85541
2.58703
2.31719
2.04591
1.77382
1.50087
1.228
0.954898
0.682018
0.40917
0.136415
)
;
    }
}


// ************************************************************************* //
