/*--------------------------------*- C++ -*----------------------------------*\
| =========                 |                                                 |
| \\      /  F ield         | OpenFOAM: The Open Source CFD Toolbox           |
|  \\    /   O peration     | Version:  2412                                  |
|   \\  /    A nd           | Website:  www.openfoam.com                      |
|    \\/     M anipulation  |                                                 |
\*---------------------------------------------------------------------------*/
FoamFile
{
    version     2.0;
    format      ascii;
    arch        "LSB;label=32;scalar=64";
    class       volVectorField;
    location    "0.04";
    object      U;
}
// * * * * * * * * * * * * * * * * * * * * * * * * * * * * * * * * * * * * * //

dimensions      [0 1 -1 0 0 0 0];

internalField   nonuniform List<vector> 
1000
(
(-8.13966e-06 -8.12847e-06 7.35779e-06)
(-2.13826e-05 -8.28532e-06 6.04274e-06)
(-2.65278e-05 -8.54369e-06 3.88371e-06)
(-2.15786e-05 -8.80414e-06 1.71052e-06)
(-8.29634e-06 -8.97223e-06 3.29675e-07)
(8.27933e-06 -8.97233e-06 3.29593e-07)
(2.15632e-05 -8.80442e-06 1.7101e-06)
(2.65147e-05 -8.54439e-06 3.88342e-06)
(2.13731e-05 -8.28642e-06 6.04106e-06)
(8.13659e-06 -8.1301e-06 7.35939e-06)
(-8.29653e-06 -2.13694e-05 6.04302e-06)
(-2.17999e-05 -2.17867e-05 4.67834e-06)
(-2.70507e-05 -2.24722e-05 2.43421e-06)
(-2.20116e-05 -2.31637e-05 1.75152e-07)
(-8.46702e-06 -2.36128e-05 -1.2637e-06)
(8.4496e-06 -2.36126e-05 -1.26381e-06)
(2.19956e-05 -2.31626e-05 1.74712e-07)
(2.70368e-05 -2.24706e-05 2.43382e-06)
(2.17895e-05 -2.17842e-05 4.67665e-06)
(8.29294e-06 -2.13665e-05 6.04386e-06)
(-8.55502e-06 -2.64928e-05 3.88316e-06)
(-2.24854e-05 -2.70154e-05 2.43357e-06)
(-2.79101e-05 -2.78749e-05 4.61157e-08)
(-2.27237e-05 -2.8742e-05 -2.35782e-06)
(-8.74693e-06 -2.9306e-05 -3.89577e-06)
(8.73121e-06 -2.9306e-05 -3.89585e-06)
(2.27095e-05 -2.87417e-05 -2.35818e-06)
(2.78985e-05 -2.78751e-05 4.59247e-08)
(2.24773e-05 -2.70153e-05 2.43235e-06)
(8.55227e-06 -2.64938e-05 3.88385e-06)
(-8.81517e-06 -2.15453e-05 1.71049e-06)
(-2.31767e-05 -2.19783e-05 1.75271e-07)
(-2.87772e-05 -2.26906e-05 -2.35705e-06)
(-2.34427e-05 -2.34094e-05 -4.90737e-06)
(-9.03104e-06 -2.38786e-05 -6.54574e-06)
(9.0139e-06 -2.38784e-05 -6.54584e-06)
(2.34265e-05 -2.34085e-05 -4.90778e-06)
(2.87632e-05 -2.26897e-05 -2.35747e-06)
(2.31654e-05 -2.19763e-05 1.74072e-07)
(8.81031e-06 -2.15441e-05 1.71059e-06)
(-8.98345e-06 -8.25522e-06 3.28071e-07)
(-2.36263e-05 -8.42553e-06 -1.26478e-06)
(-2.93413e-05 -8.70593e-06 -3.8962e-06)
(-2.39117e-05 -8.98929e-06 -6.5469e-06)
(-9.21592e-06 -9.17482e-06 -8.25512e-06)
(9.20128e-06 -9.17481e-06 -8.25521e-06)
(2.38983e-05 -8.98877e-06 -6.54714e-06)
(2.93308e-05 -8.70583e-06 -3.89659e-06)
(2.36186e-05 -8.42453e-06 -1.2654e-06)
(8.98e-06 -8.2555e-06 3.28062e-07)
(-8.98312e-06 8.31716e-06 3.28171e-07)
(-2.36258e-05 8.48792e-06 -1.26435e-06)
(-2.9341e-05 8.76861e-06 -3.89572e-06)
(-2.39116e-05 9.05259e-06 -6.54637e-06)
(-9.21657e-06 9.23862e-06 -8.25459e-06)
(9.19995e-06 9.23863e-06 -8.25469e-06)
(2.38955e-05 9.05308e-06 -6.54666e-06)
(2.93275e-05 8.7687e-06 -3.89617e-06)
(2.36141e-05 8.48889e-06 -1.26495e-06)
(8.97696e-06 8.31703e-06 3.27433e-07)
(-8.81528e-06 2.15926e-05 1.70707e-06)
(-2.31766e-05 2.20258e-05 1.72898e-07)
(-2.87766e-05 2.27385e-05 -2.35932e-06)
(-2.34417e-05 2.34579e-05 -4.9095e-06)
(-9.02989e-06 2.39277e-05 -6.5478e-06)
(9.01573e-06 2.39279e-05 -6.54788e-06)
(2.34283e-05 2.34588e-05 -4.90964e-06)
(2.87666e-05 2.27393e-05 -2.35975e-06)
(2.31686e-05 2.20276e-05 1.72934e-07)
(8.81072e-06 2.15937e-05 1.70605e-06)
(-8.55437e-06 2.65449e-05 3.87959e-06)
(-2.24843e-05 2.7068e-05 2.43164e-06)
(-2.79089e-05 2.79279e-05 4.44123e-08)
(-2.27224e-05 2.87956e-05 -2.35929e-06)
(-8.74664e-06 2.93601e-05 -3.89715e-06)
(8.73101e-06 2.93601e-05 -3.89722e-06)
(2.27069e-05 2.87959e-05 -2.35943e-06)
(2.78963e-05 2.79277e-05 4.4028e-08)
(2.24729e-05 2.70681e-05 2.43173e-06)
(8.54752e-06 2.65436e-05 3.87785e-06)
(-8.29615e-06 2.13795e-05 6.03825e-06)
(-2.17989e-05 2.17967e-05 4.67557e-06)
(-2.7049e-05 2.24823e-05 2.43169e-06)
(-2.20095e-05 2.31743e-05 1.72911e-07)
(-8.46541e-06 2.36241e-05 -1.26586e-06)
(8.45151e-06 2.36245e-05 -1.26595e-06)
(2.1996e-05 2.31755e-05 1.72798e-07)
(2.70388e-05 2.24842e-05 2.43113e-06)
(2.17899e-05 2.17993e-05 4.67589e-06)
(8.29026e-06 2.13826e-05 6.03634e-06)
(-8.13931e-06 8.14529e-06 7.34605e-06)
(-2.13815e-05 8.30216e-06 6.03434e-06)
(-2.65258e-05 8.56069e-06 3.8758e-06)
(-2.15762e-05 8.82131e-06 1.70311e-06)
(-8.29482e-06 8.98946e-06 3.22553e-07)
(8.28068e-06 8.98941e-06 3.22595e-07)
(2.15623e-05 8.8211e-06 1.70338e-06)
(2.65148e-05 8.56017e-06 3.87573e-06)
(2.13714e-05 8.30107e-06 6.03564e-06)
(8.13294e-06 8.14373e-06 7.34362e-06)
(-8.80324e-06 -8.79186e-06 2.26636e-05)
(-2.31381e-05 -8.97426e-06 1.86218e-05)
(-2.87154e-05 -9.27547e-06 1.1977e-05)
(-2.33743e-05 -9.57913e-06 5.28812e-06)
(-8.99475e-06 -9.77668e-06 1.02604e-06)
(8.97744e-06 -9.77679e-06 1.02556e-06)
(2.33587e-05 -9.57943e-06 5.28674e-06)
(2.87016e-05 -9.27622e-06 1.19747e-05)
(2.31296e-05 -8.97537e-06 1.86197e-05)
(8.80181e-06 -8.79388e-06 2.26588e-05)
(-8.98566e-06 -2.3125e-05 1.8623e-05)
(-2.3623e-05 -2.36099e-05 1.44226e-05)
(-2.93236e-05 -2.44098e-05 7.50914e-06)
(-2.38796e-05 -2.5217e-05 5.49348e-07)
(-9.19488e-06 -2.5745e-05 -3.8978e-06)
(9.17714e-06 -2.57447e-05 -3.89828e-06)
(2.38634e-05 -2.52159e-05 5.47912e-07)
(2.9309e-05 -2.44083e-05 7.50675e-06)
(2.36132e-05 -2.36071e-05 1.44202e-05)
(8.98333e-06 -2.31227e-05 1.86186e-05)
(-9.28689e-06 -2.86803e-05 1.19784e-05)
(-2.44229e-05 -2.92882e-05 7.50916e-06)
(-3.03278e-05 -3.02924e-05 1.41999e-07)
(-2.47142e-05 -3.13058e-05 -7.27703e-06)
(-9.52458e-06 -3.197e-05 -1.20397e-05)
(9.50858e-06 -3.19701e-05 -1.20402e-05)
(2.46999e-05 -3.13055e-05 -7.27831e-06)
(3.03157e-05 -3.02926e-05 1.39751e-07)
(2.44152e-05 -2.92878e-05 7.50699e-06)
(9.28508e-06 -2.86818e-05 1.19745e-05)
(-9.59014e-06 -2.33415e-05 5.29337e-06)
(-2.52298e-05 -2.38464e-05 5.53155e-07)
(-3.13412e-05 -2.46813e-05 -7.27324e-06)
(-2.55572e-05 -2.5524e-05 -1.51557e-05)
(-9.85916e-06 -2.60788e-05 -2.02383e-05)
(9.84171e-06 -2.60786e-05 -2.02388e-05)
(2.55408e-05 -2.55231e-05 -1.51571e-05)
(3.13267e-05 -2.46804e-05 -7.27556e-06)
(2.52187e-05 -2.38441e-05 5.50446e-07)
(9.58592e-06 -2.33405e-05 5.28938e-06)
(-9.78769e-06 -8.95407e-06 1.03153e-06)
(-2.5758e-05 -9.15347e-06 -3.89406e-06)
(-3.20055e-05 -9.48363e-06 -1.20361e-05)
(-2.61117e-05 -9.81741e-06 -2.02384e-05)
(-1.00792e-05 -1.00381e-05 -2.55453e-05)
(1.00643e-05 -1.00381e-05 -2.55457e-05)
(2.60981e-05 -9.81684e-06 -2.02397e-05)
(3.19947e-05 -9.48356e-06 -1.20381e-05)
(2.57504e-05 -9.15217e-06 -3.89637e-06)
(9.78453e-06 -8.95478e-06 1.02837e-06)
(-9.7872e-06 9.01479e-06 1.03597e-06)
(-2.57573e-05 9.21534e-06 -3.88978e-06)
(-3.20051e-05 9.54588e-06 -1.20318e-05)
(-2.61116e-05 9.88037e-06 -2.02341e-05)
(-1.00798e-05 1.01016e-05 -2.5541e-05)
(1.00629e-05 1.01016e-05 -2.55415e-05)
(2.60953e-05 9.8809e-06 -2.02355e-05)
(3.19914e-05 9.54594e-06 -1.20341e-05)
(2.57454e-05 9.21663e-06 -3.89273e-06)
(9.78095e-06 9.01415e-06 1.03256e-06)
(-9.58972e-06 2.3387e-05 5.29713e-06)
(-2.52291e-05 2.38928e-05 5.56195e-07)
(-3.13404e-05 2.47281e-05 -7.27032e-06)
(-2.5556e-05 2.55716e-05 -1.51528e-05)
(-9.85797e-06 2.6127e-05 -2.02354e-05)
(9.84364e-06 2.61272e-05 -2.02358e-05)
(2.55425e-05 2.55725e-05 -1.5154e-05)
(3.13304e-05 2.4729e-05 -7.27223e-06)
(2.52208e-05 2.3895e-05 5.53544e-07)
(9.58463e-06 2.33876e-05 5.29468e-06)
(-9.28541e-06 2.87319e-05 1.19894e-05)
(-2.44209e-05 2.93407e-05 7.51919e-06)
(-3.03263e-05 3.03454e-05 1.51944e-07)
(-2.47128e-05 3.13595e-05 -7.26715e-06)
(-9.52424e-06 3.20242e-05 -1.20298e-05)
(9.50843e-06 3.20242e-05 -1.20303e-05)
(2.46971e-05 3.13597e-05 -7.26852e-06)
(3.03138e-05 3.03452e-05 1.49745e-07)
(2.44088e-05 2.93409e-05 7.51599e-06)
(9.27763e-06 2.87302e-05 1.19868e-05)
(-8.98428e-06 2.31313e-05 1.86331e-05)
(-2.36209e-05 2.36168e-05 1.44314e-05)
(-2.93217e-05 2.44171e-05 7.51775e-06)
(-2.38773e-05 2.52249e-05 5.57966e-07)
(-9.19323e-06 2.57536e-05 -3.88915e-06)
(9.17916e-06 2.5754e-05 -3.88958e-06)
(2.38635e-05 2.52262e-05 5.56705e-07)
(2.93117e-05 2.44191e-05 7.51589e-06)
(2.36111e-05 2.362e-05 1.44284e-05)
(8.97726e-06 2.3134e-05 1.86311e-05)
(-8.80122e-06 8.80528e-06 2.26802e-05)
(-2.31351e-05 8.98836e-06 1.86363e-05)
(-2.87129e-05 9.28984e-06 1.19912e-05)
(-2.33715e-05 9.5938e-06 5.30218e-06)
(-8.99303e-06 9.79151e-06 1.04012e-06)
(8.97898e-06 9.79152e-06 1.03963e-06)
(2.33574e-05 9.59378e-06 5.30078e-06)
(2.87023e-05 9.28957e-06 1.19892e-05)
(2.31238e-05 8.98776e-06 1.86328e-05)
(8.79297e-06 8.80345e-06 2.26789e-05)
(-1.01676e-05 -1.01558e-05 3.98272e-05)
(-2.67456e-05 -1.03924e-05 3.27539e-05)
(-3.32164e-05 -1.07848e-05 2.11117e-05)
(-2.70718e-05 -1.11806e-05 9.39009e-06)
(-1.04344e-05 -1.14415e-05 1.90002e-06)
(1.04165e-05 -1.14416e-05 1.8992e-06)
(2.70554e-05 -1.11809e-05 9.38747e-06)
(3.32029e-05 -1.07855e-05 2.11079e-05)
(2.67349e-05 -1.03937e-05 3.27481e-05)
(1.01632e-05 -1.01573e-05 3.98224e-05)
(-1.04043e-05 -2.67316e-05 3.27559e-05)
(-2.73765e-05 -2.73627e-05 2.53912e-05)
(-3.40091e-05 -2.84092e-05 1.32542e-05)
(-2.77333e-05 -2.94658e-05 1.03368e-06)
(-1.06981e-05 -3.01651e-05 -6.80085e-06)
(1.06797e-05 -3.01649e-05 -6.80169e-06)
(2.77162e-05 -2.94647e-05 1.03108e-06)
(3.39947e-05 -2.84076e-05 1.32503e-05)
(2.7365e-05 -2.73601e-05 2.53855e-05)
(1.03997e-05 -2.67283e-05 3.27507e-05)
(-1.07968e-05 -3.31792e-05 2.11127e-05)
(-2.84232e-05 -3.39719e-05 1.32532e-05)
(-3.53257e-05 -3.52885e-05 2.76793e-07)
(-2.88332e-05 -3.66175e-05 -1.27935e-05)
(-1.1136e-05 -3.74997e-05 -2.12178e-05)
(1.11193e-05 -3.74997e-05 -2.12185e-05)
(2.88181e-05 -3.66172e-05 -1.27958e-05)
(3.53136e-05 -3.52886e-05 2.73408e-07)
(2.84143e-05 -3.39718e-05 1.32483e-05)
(1.07932e-05 -3.31801e-05 2.11081e-05)
(-1.11924e-05 -2.70363e-05 9.39658e-06)
(-2.94796e-05 -2.76979e-05 1.03841e-06)
(-3.66548e-05 -2.87982e-05 -1.27877e-05)
(-2.99445e-05 -2.99092e-05 -2.67151e-05)
(-1.15803e-05 -3.06509e-05 -3.57375e-05)
(1.15622e-05 -3.06507e-05 -3.57383e-05)
(2.99273e-05 -2.99083e-05 -2.67175e-05)
(3.66401e-05 -2.87971e-05 -1.27916e-05)
(2.94675e-05 -2.7696e-05 1.03312e-06)
(1.11869e-05 -2.70347e-05 9.39115e-06)
(-1.14536e-05 -1.03906e-05 1.90455e-06)
(-3.01796e-05 -1.06541e-05 -6.79795e-06)
(-3.7537e-05 -1.10925e-05 -2.12139e-05)
(-3.06859e-05 -1.1536e-05 -3.57394e-05)
(-1.18774e-05 -1.18339e-05 -4.51867e-05)
(1.18619e-05 -1.18339e-05 -4.51874e-05)
(3.06717e-05 -1.15355e-05 -3.57415e-05)
(3.7526e-05 -1.10924e-05 -2.12172e-05)
(3.01712e-05 -1.06532e-05 -6.80219e-06)
(1.14497e-05 -1.03906e-05 1.89992e-06)
(-1.14533e-05 1.04569e-05 1.91014e-06)
(-3.01792e-05 1.07204e-05 -6.79205e-06)
(-3.75367e-05 1.11591e-05 -2.1208e-05)
(-3.06858e-05 1.16032e-05 -3.57333e-05)
(-1.18781e-05 1.19016e-05 -4.51806e-05)
(1.18605e-05 1.19016e-05 -4.51814e-05)
(3.06688e-05 1.16037e-05 -3.57356e-05)
(3.75224e-05 1.11592e-05 -2.12117e-05)
(3.01669e-05 1.07212e-05 -6.79673e-06)
(1.14469e-05 1.04571e-05 1.9044e-06)
(-1.11928e-05 2.70872e-05 9.39633e-06)
(-2.94799e-05 2.77485e-05 1.03861e-06)
(-3.66542e-05 2.88491e-05 -1.27874e-05)
(-2.99434e-05 2.99607e-05 -2.67146e-05)
(-1.15791e-05 3.0703e-05 -3.57369e-05)
(1.1564e-05 3.07032e-05 -3.57376e-05)
(2.99293e-05 2.99616e-05 -2.67165e-05)
(3.66435e-05 2.885e-05 -1.27906e-05)
(2.94716e-05 2.77502e-05 1.03496e-06)
(1.11884e-05 2.70887e-05 9.39128e-06)
(-1.07967e-05 3.32347e-05 2.11209e-05)
(-2.84227e-05 3.40275e-05 1.32625e-05)
(-3.53245e-05 3.53445e-05 2.86199e-07)
(-2.8832e-05 3.66742e-05 -1.27837e-05)
(-1.11357e-05 3.75569e-05 -2.12078e-05)
(1.11191e-05 3.75569e-05 -2.12086e-05)
(2.88156e-05 3.66744e-05 -1.27857e-05)
(3.5311e-05 3.53443e-05 2.82643e-07)
(2.84111e-05 3.40274e-05 1.32585e-05)
(1.07901e-05 3.32336e-05 2.11149e-05)
(-1.04046e-05 2.67446e-05 3.27614e-05)
(-2.73763e-05 2.73749e-05 2.53978e-05)
(-3.40076e-05 2.84216e-05 1.3261e-05)
(-2.77311e-05 2.94787e-05 1.04071e-06)
(-1.06964e-05 3.01786e-05 -6.79349e-06)
(1.06816e-05 3.0179e-05 -6.79419e-06)
(2.77168e-05 2.94798e-05 1.03887e-06)
(3.39965e-05 2.84235e-05 1.32577e-05)
(2.73671e-05 2.73774e-05 2.53943e-05)
(1.03991e-05 2.67483e-05 3.27558e-05)
(-1.01684e-05 1.0176e-05 3.98314e-05)
(-2.67457e-05 1.04122e-05 3.276e-05)
(-3.32147e-05 1.08046e-05 2.11182e-05)
(-2.70695e-05 1.12005e-05 9.39713e-06)
(-1.04329e-05 1.14615e-05 1.90734e-06)
(1.04178e-05 1.14614e-05 1.90668e-06)
(2.70547e-05 1.12002e-05 9.39544e-06)
(3.32025e-05 1.0804e-05 2.1115e-05)
(2.67359e-05 1.04108e-05 3.2757e-05)
(1.01631e-05 1.01748e-05 3.98251e-05)
(-1.23438e-05 -1.23314e-05 6.01953e-05)
(-3.24994e-05 -1.26588e-05 4.95709e-05)
(-4.03972e-05 -1.32054e-05 3.20481e-05)
(-3.298e-05 -1.37574e-05 1.44002e-05)
(-1.27402e-05 -1.41266e-05 3.071e-06)
(1.27211e-05 -1.41267e-05 3.06988e-06)
(3.2963e-05 -1.37577e-05 1.43969e-05)
(4.03818e-05 -1.32062e-05 3.20427e-05)
(3.24903e-05 -1.26599e-05 4.95645e-05)
(1.23429e-05 -1.23336e-05 6.01871e-05)
(-1.26712e-05 -3.24858e-05 4.95734e-05)
(-3.33769e-05 -3.33633e-05 3.84809e-05)
(-4.15024e-05 -3.48292e-05 2.01589e-05)
(-3.39071e-05 -3.63097e-05 1.70557e-06)
(-1.31126e-05 -3.7304e-05 -1.01872e-05)
(1.30931e-05 -3.73037e-05 -1.01883e-05)
(3.38894e-05 -3.63085e-05 1.7021e-06)
(4.14862e-05 -3.48274e-05 2.01535e-05)
(3.33664e-05 -3.33601e-05 3.84742e-05)
(1.26692e-05 -3.24833e-05 4.9565e-05)
(-1.32178e-05 -4.03599e-05 3.20502e-05)
(-3.48428e-05 -4.14646e-05 2.01584e-05)
(-4.33512e-05 -4.33134e-05 4.71912e-07)
(-3.54615e-05 -4.51802e-05 -1.93623e-05)
(-1.37371e-05 -4.64384e-05 -3.2228e-05)
(1.37196e-05 -4.64384e-05 -3.2229e-05)
(3.54459e-05 -4.51798e-05 -1.93655e-05)
(4.33378e-05 -4.33136e-05 4.67004e-07)
(3.48345e-05 -4.1464e-05 2.01525e-05)
(1.32162e-05 -4.03615e-05 3.20431e-05)
(-1.37693e-05 -3.29454e-05 1.44103e-05)
(-3.63228e-05 -3.3872e-05 1.71302e-06)
(-4.52179e-05 -3.54266e-05 -1.93543e-05)
(-3.70321e-05 -3.6997e-05 -4.05806e-05)
(-1.43708e-05 -3.80633e-05 -5.44328e-05)
(1.43517e-05 -3.80631e-05 -5.4434e-05)
(3.70142e-05 -3.69959e-05 -4.0584e-05)
(4.52021e-05 -3.54257e-05 -1.93597e-05)
(3.6311e-05 -3.38693e-05 1.70623e-06)
(1.3765e-05 -3.29445e-05 1.4402e-05)
(-1.41384e-05 -1.26972e-05 3.08013e-06)
(-3.73174e-05 -1.30687e-05 -1.0181e-05)
(-4.64762e-05 -1.36937e-05 -3.22213e-05)
(-3.80981e-05 -1.43265e-05 -5.44342e-05)
(-1.48032e-05 -1.47596e-05 -6.90014e-05)
(1.47869e-05 -1.47596e-05 -6.90024e-05)
(3.80832e-05 -1.43259e-05 -5.44372e-05)
(4.64644e-05 -1.36936e-05 -3.22259e-05)
(3.73091e-05 -1.30671e-05 -1.01867e-05)
(1.4135e-05 -1.26981e-05 3.07356e-06)
(-1.41377e-05 1.27607e-05 3.08863e-06)
(-3.73165e-05 1.31336e-05 -1.01724e-05)
(-4.64757e-05 1.37591e-05 -3.22127e-05)
(-3.8098e-05 1.43927e-05 -5.44256e-05)
(-1.48039e-05 1.48265e-05 -6.89927e-05)
(1.47855e-05 1.48265e-05 -6.89938e-05)
(3.80802e-05 1.43934e-05 -5.44288e-05)
(4.64608e-05 1.37592e-05 -3.22179e-05)
(3.73036e-05 1.31352e-05 -1.01791e-05)
(1.4131e-05 1.27598e-05 3.08071e-06)
(-1.37687e-05 3.29923e-05 1.44141e-05)
(-3.63219e-05 3.39201e-05 1.7165e-06)
(-4.5217e-05 3.54752e-05 -1.9351e-05)
(-3.70308e-05 3.70464e-05 -4.05773e-05)
(-1.43695e-05 3.81134e-05 -5.44294e-05)
(1.43538e-05 3.81136e-05 -5.44304e-05)
(3.7016e-05 3.70475e-05 -4.05801e-05)
(4.52062e-05 3.54762e-05 -1.93555e-05)
(3.63126e-05 3.39226e-05 1.71076e-06)
(1.37629e-05 3.29927e-05 1.44079e-05)
(-1.32158e-05 4.04144e-05 3.20676e-05)
(-3.48402e-05 4.15203e-05 2.01755e-05)
(-4.33494e-05 4.33696e-05 4.89138e-07)
(-3.54598e-05 4.52371e-05 -1.93451e-05)
(-1.37367e-05 4.64959e-05 -3.22106e-05)
(1.37195e-05 4.64959e-05 -3.22117e-05)
(3.54427e-05 4.52374e-05 -1.93481e-05)
(4.33359e-05 4.33693e-05 4.84175e-07)
(3.48268e-05 4.15206e-05 2.0169e-05)
(1.3207e-05 4.04124e-05 3.20604e-05)
(-1.26693e-05 3.249e-05 4.95876e-05)
(-3.33742e-05 3.33686e-05 3.84947e-05)
(-4.15002e-05 3.48351e-05 2.01727e-05)
(-3.39045e-05 3.63162e-05 1.71958e-06)
(-1.31107e-05 3.73113e-05 -1.01731e-05)
(1.30953e-05 3.73118e-05 -1.01741e-05)
(3.38894e-05 3.63177e-05 1.7168e-06)
(4.14894e-05 3.48372e-05 2.01682e-05)
(3.33632e-05 3.33723e-05 3.84888e-05)
(1.26613e-05 3.24926e-05 4.95815e-05)
(-1.23408e-05 1.23442e-05 6.02157e-05)
(-3.24952e-05 1.26728e-05 4.95903e-05)
(-4.03942e-05 1.32197e-05 3.20675e-05)
(-3.29768e-05 1.37721e-05 1.44199e-05)
(-1.27382e-05 1.41414e-05 3.09095e-06)
(1.2723e-05 1.41414e-05 3.08991e-06)
(3.29614e-05 1.37722e-05 1.4417e-05)
(4.03829e-05 1.32194e-05 3.20629e-05)
(3.24823e-05 1.26724e-05 4.9584e-05)
(1.23309e-05 1.2342e-05 6.02096e-05)
(-1.54854e-05 -1.54723e-05 8.54073e-05)
(-4.08248e-05 -1.59423e-05 7.04558e-05)
(-5.08018e-05 -1.67312e-05 4.5734e-05)
(-4.15602e-05 -1.75282e-05 2.08263e-05)
(-1.60996e-05 -1.80696e-05 4.73619e-06)
(1.60794e-05 -1.80697e-05 4.73459e-06)
(4.15417e-05 -1.75286e-05 2.08214e-05)
(5.07868e-05 -1.6732e-05 4.57266e-05)
(4.08126e-05 -1.59438e-05 7.04457e-05)
(1.54801e-05 -1.54739e-05 8.53967e-05)
(-1.59554e-05 -4.08097e-05 7.04596e-05)
(-4.20886e-05 -4.20738e-05 5.4794e-05)
(-5.23968e-05 -4.42002e-05 2.88438e-05)
(-4.29063e-05 -4.63484e-05 2.69864e-06)
(-1.6645e-05 -4.78148e-05 -1.42726e-05)
(1.66243e-05 -4.78145e-05 -1.42742e-05)
(4.28871e-05 -4.63472e-05 2.69382e-06)
(5.23807e-05 -4.41985e-05 2.88363e-05)
(4.20757e-05 -4.2071e-05 5.47839e-05)
(1.595e-05 -4.08059e-05 7.04487e-05)
(-1.67445e-05 -5.07608e-05 4.5736e-05)
(-4.42153e-05 -5.23558e-05 2.88421e-05)
(-5.50861e-05 -5.50451e-05 7.76936e-07)
(-4.51832e-05 -5.77606e-05 -2.75084e-05)
(-1.75693e-05 -5.96225e-05 -4.60162e-05)
(1.75506e-05 -5.96225e-05 -4.60177e-05)
(4.51661e-05 -5.77602e-05 -2.75128e-05)
(5.50726e-05 -5.50452e-05 7.70211e-07)
(4.42052e-05 -5.23558e-05 2.88332e-05)
(1.67403e-05 -5.07616e-05 4.57263e-05)
(-1.75413e-05 -4.15212e-05 2.08391e-05)
(-4.63633e-05 -4.28676e-05 2.70775e-06)
(-5.78016e-05 -4.51448e-05 -2.74975e-05)
(-4.74837e-05 -4.74452e-05 -5.79379e-05)
(-1.8507e-05 -4.90376e-05 -7.80039e-05)
(1.84866e-05 -4.90374e-05 -7.80055e-05)
(4.74645e-05 -4.74442e-05 -5.79425e-05)
(5.77852e-05 -4.51436e-05 -2.75048e-05)
(4.63497e-05 -4.28655e-05 2.69816e-06)
(1.7535e-05 -4.15193e-05 2.08281e-05)
(-1.80832e-05 -1.60514e-05 4.74585e-06)
(-4.78305e-05 -1.65968e-05 -1.42665e-05)
(-5.96637e-05 -1.75217e-05 -4.60085e-05)
(-4.9076e-05 -1.84585e-05 -7.80072e-05)
(-1.91615e-05 -1.91138e-05 -9.92317e-05)
(1.9144e-05 -1.91138e-05 -9.92331e-05)
(4.90599e-05 -1.84579e-05 -7.80112e-05)
(5.96512e-05 -1.75215e-05 -4.60148e-05)
(4.78211e-05 -1.65959e-05 -1.42745e-05)
(1.80789e-05 -1.60512e-05 4.73656e-06)
(-1.80829e-05 1.61239e-05 4.75684e-06)
(-4.783e-05 1.66692e-05 -1.42552e-05)
(-5.96633e-05 1.75942e-05 -4.5997e-05)
(-4.90759e-05 1.85317e-05 -7.79956e-05)
(-1.91622e-05 1.91876e-05 -9.92201e-05)
(1.91424e-05 1.91876e-05 -9.92216e-05)
(4.90568e-05 1.85323e-05 -7.79999e-05)
(5.96472e-05 1.75944e-05 -4.60041e-05)
(4.78163e-05 1.66699e-05 -1.42641e-05)
(1.80759e-05 1.61243e-05 4.74602e-06)
(-1.7542e-05 4.15765e-05 2.08404e-05)
(-4.63639e-05 4.29225e-05 2.70929e-06)
(-5.78011e-05 4.52e-05 -2.74958e-05)
(-4.74826e-05 4.7501e-05 -5.7936e-05)
(-1.85057e-05 4.90941e-05 -7.80019e-05)
(1.84887e-05 4.90942e-05 -7.80033e-05)
(4.74668e-05 4.75019e-05 -5.79397e-05)
(5.77889e-05 4.5201e-05 -2.75019e-05)
(4.63547e-05 4.29243e-05 2.70197e-06)
(1.75373e-05 4.15783e-05 2.08311e-05)
(-1.67446e-05 5.08215e-05 4.57546e-05)
(-4.42149e-05 5.24166e-05 2.88614e-05)
(-5.50848e-05 5.51064e-05 7.9644e-07)
(-4.51818e-05 5.78226e-05 -2.74883e-05)
(-1.7569e-05 5.9685e-05 -4.59959e-05)
(1.75503e-05 5.9685e-05 -4.59973e-05)
(4.51635e-05 5.78229e-05 -2.74923e-05)
(5.50696e-05 5.51062e-05 7.89771e-07)
(4.42021e-05 5.24164e-05 2.88533e-05)
(1.67377e-05 5.08205e-05 4.5744e-05)
(-1.5956e-05 4.08243e-05 7.04728e-05)
(-4.20887e-05 4.20872e-05 5.48079e-05)
(-5.23951e-05 4.42138e-05 2.8858e-05)
(-4.2904e-05 4.63625e-05 2.71322e-06)
(-1.66433e-05 4.78296e-05 -1.42574e-05)
(1.66266e-05 4.78299e-05 -1.42587e-05)
(4.28879e-05 4.63637e-05 2.70965e-06)
(5.23824e-05 4.42158e-05 2.88519e-05)
(4.20786e-05 4.20898e-05 5.48007e-05)
(1.59504e-05 4.08285e-05 7.04631e-05)
(-1.54866e-05 1.54956e-05 8.54237e-05)
(-4.08254e-05 1.59649e-05 7.04734e-05)
(-5.08e-05 1.67539e-05 4.57519e-05)
(-4.15576e-05 1.7551e-05 2.08449e-05)
(-1.60979e-05 1.80925e-05 4.75521e-06)
(1.60808e-05 1.80924e-05 4.75388e-06)
(4.1541e-05 1.75506e-05 2.08413e-05)
(5.0786e-05 1.67532e-05 4.57457e-05)
(4.08148e-05 1.59633e-05 7.04661e-05)
(1.54815e-05 1.54944e-05 8.54133e-05)
(-1.98262e-05 -1.98119e-05 0.000117425)
(-5.23443e-05 -2.04957e-05 9.70797e-05)
(-6.52121e-05 -2.16531e-05 6.3326e-05)
(-5.34787e-05 -2.28218e-05 2.9304e-05)
(-2.0786e-05 -2.36296e-05 7.14783e-06)
(2.07637e-05 -2.36298e-05 7.14603e-06)
(5.34588e-05 -2.28221e-05 2.92986e-05)
(6.51941e-05 -2.16539e-05 6.33176e-05)
(5.23336e-05 -2.04967e-05 9.70692e-05)
(1.9825e-05 -1.98143e-05 0.000117413)
(-2.05099e-05 -5.23297e-05 9.70841e-05)
(-5.41917e-05 -5.41771e-05 7.56733e-05)
(-6.755e-05 -5.73119e-05 4.00716e-05)
(-5.54653e-05 -6.0479e-05 4.189e-06)
(-2.1599e-05 -6.26804e-05 -1.93194e-05)
(2.15763e-05 -6.268e-05 -1.93213e-05)
(5.54446e-05 -6.04775e-05 4.18343e-06)
(6.75312e-05 -5.73098e-05 4.00629e-05)
(5.41796e-05 -5.41733e-05 7.56622e-05)
(2.05075e-05 -5.23267e-05 9.70713e-05)
(-2.16673e-05 -6.51703e-05 6.33297e-05)
(-5.73266e-05 -6.75077e-05 4.00706e-05)
(-7.15264e-05 -7.14841e-05 1.25514e-06)
(-5.8858e-05 -7.54984e-05 -3.78782e-05)
(-2.29917e-05 -7.83041e-05 -6.37758e-05)
(2.29713e-05 -7.83041e-05 -6.37775e-05)
(5.88398e-05 -7.54979e-05 -3.78833e-05)
(7.15108e-05 -7.14841e-05 1.24726e-06)
(5.73167e-05 -6.75068e-05 4.00607e-05)
(2.16653e-05 -6.51719e-05 6.33185e-05)
(-2.28355e-05 -5.34403e-05 2.93206e-05)
(-6.0493e-05 -5.54263e-05 4.20119e-06)
(-7.55407e-05 -5.88193e-05 -3.7865e-05)
(-6.22853e-05 -6.22464e-05 -8.02679e-05)
(-2.44046e-05 -6.4671e-05 -0.000108588)
(2.43824e-05 -6.46708e-05 -0.000108589)
(6.22645e-05 -6.22451e-05 -8.02733e-05)
(7.55224e-05 -5.88182e-05 -3.78737e-05)
(6.04793e-05 -5.54232e-05 4.19004e-06)
(2.28305e-05 -5.34392e-05 2.93078e-05)
(-2.36433e-05 -2.07383e-05 7.16293e-06)
(-6.26948e-05 -2.15502e-05 -1.93093e-05)
(-7.83465e-05 -2.29435e-05 -6.37648e-05)
(-6.47097e-05 -2.43554e-05 -0.00010859)
(-2.54162e-05 -2.53677e-05 -0.000138767)
(2.53972e-05 -2.53677e-05 -0.000138769)
(6.46924e-05 -2.43546e-05 -0.000108595)
(7.83327e-05 -2.29433e-05 -6.37724e-05)
(6.2685e-05 -2.15482e-05 -1.93189e-05)
(2.36393e-05 -2.07391e-05 7.1522e-06)
(-2.36424e-05 2.08079e-05 7.17644e-06)
(-6.26936e-05 2.16215e-05 -1.92956e-05)
(-7.8346e-05 2.30155e-05 -6.37509e-05)
(-6.47095e-05 2.44284e-05 -0.000108576)
(-2.54169e-05 2.54414e-05 -0.000138753)
(2.53956e-05 2.54414e-05 -0.000138755)
(6.4689e-05 2.44291e-05 -0.000108581)
(7.83287e-05 2.30157e-05 -6.37595e-05)
(6.26789e-05 2.16234e-05 -1.93065e-05)
(2.36347e-05 2.0807e-05 7.16387e-06)
(-2.28348e-05 5.34909e-05 2.93268e-05)
(-6.04919e-05 5.54784e-05 4.20695e-06)
(-7.55397e-05 5.8872e-05 -3.78595e-05)
(-6.22838e-05 6.23001e-05 -8.02624e-05)
(-2.44031e-05 6.47256e-05 -0.000108582)
(2.43849e-05 6.47258e-05 -0.000108584)
(6.22667e-05 6.23013e-05 -8.02671e-05)
(7.55271e-05 5.88731e-05 -3.7867e-05)
(6.0481e-05 5.54813e-05 4.19745e-06)
(2.2828e-05 5.34915e-05 2.93164e-05)
(-2.1665e-05 6.52307e-05 6.33575e-05)
(-5.73235e-05 6.75696e-05 4.00983e-05)
(-7.15243e-05 7.15466e-05 1.28306e-06)
(-5.88559e-05 7.55618e-05 -3.78503e-05)
(-2.29912e-05 7.83682e-05 -6.37478e-05)
(2.29713e-05 7.83682e-05 -6.37495e-05)
(5.88362e-05 7.55622e-05 -3.78553e-05)
(7.15087e-05 7.15463e-05 1.27486e-06)
(5.73082e-05 6.757e-05 4.00878e-05)
(2.16549e-05 6.52286e-05 6.33456e-05)
(-2.05077e-05 5.23328e-05 9.71075e-05)
(-5.41885e-05 5.41816e-05 7.5696e-05)
(-6.75476e-05 5.7317e-05 4.00943e-05)
(-5.54622e-05 6.04848e-05 4.21214e-06)
(-2.15967e-05 6.26871e-05 -1.92963e-05)
(2.15789e-05 6.26876e-05 -1.9298e-05)
(5.54447e-05 6.04864e-05 4.2075e-06)
(6.75349e-05 5.73193e-05 4.00868e-05)
(5.41758e-05 5.41856e-05 7.56864e-05)
(2.04984e-05 5.23356e-05 9.70969e-05)
(-1.98226e-05 1.98263e-05 0.000117457)
(-5.23393e-05 2.05114e-05 9.71106e-05)
(-6.52087e-05 2.16692e-05 6.33568e-05)
(-5.3475e-05 2.28385e-05 2.93351e-05)
(-2.07837e-05 2.36464e-05 7.17929e-06)
(2.0766e-05 2.36464e-05 7.17758e-06)
(5.34571e-05 2.28385e-05 2.93304e-05)
(6.51955e-05 2.16689e-05 6.33491e-05)
(5.23244e-05 2.0511e-05 9.71007e-05)
(1.98112e-05 1.98237e-05 0.000117446)
(-2.56668e-05 -2.56515e-05 0.00015874)
(-6.78858e-05 -2.6653e-05 0.000131577)
(-8.46898e-05 -2.83619e-05 8.63322e-05)
(-6.9649e-05 -3.00865e-05 4.07065e-05)
(-2.71785e-05 -3.13015e-05 1.06928e-05)
(2.71546e-05 -3.13017e-05 1.06905e-05)
(6.96273e-05 -3.0087e-05 4.06994e-05)
(8.46723e-05 -2.83629e-05 8.63211e-05)
(6.78717e-05 -2.66547e-05 0.000131563)
(2.56606e-05 -2.56533e-05 0.000158724)
(-2.66683e-05 -6.78688e-05 0.000131582)
(-7.06044e-05 -7.05878e-05 0.00010285)
(-8.81389e-05 -7.52415e-05 5.48549e-05)
(-7.26018e-05 -7.99422e-05 6.4627e-06)
(-2.84002e-05 -8.32769e-05 -2.56118e-05)
(2.83757e-05 -8.32766e-05 -2.56142e-05)
(7.25792e-05 -7.99408e-05 6.45561e-06)
(8.81201e-05 -7.52395e-05 5.48436e-05)
(7.05894e-05 -7.05848e-05 0.000102836)
(2.6662e-05 -6.78645e-05 0.000131566)
(-2.83776e-05 -8.46427e-05 8.63347e-05)
(-7.52585e-05 -8.80918e-05 5.48522e-05)
(-9.40605e-05 -9.40134e-05 2.01816e-06)
(-7.76986e-05 -9.99891e-05 -5.1267e-05)
(-3.0519e-05 -0.000104257 -8.70361e-05)
(3.04969e-05 -0.000104257 -8.70383e-05)
(7.76785e-05 -9.99887e-05 -5.12734e-05)
(9.40446e-05 -9.40135e-05 2.00816e-06)
(7.52467e-05 -8.80918e-05 5.48391e-05)
(2.83728e-05 -8.46436e-05 8.63209e-05)
(-3.01019e-05 -6.96044e-05 4.07238e-05)
(-7.99588e-05 -7.25576e-05 6.47512e-06)
(-0.000100036 -7.76547e-05 -5.12517e-05)
(-8.2845e-05 -8.28011e-05 -0.000109449)
(-3.26678e-05 -8.65334e-05 -0.000148963)
(3.26437e-05 -8.65332e-05 -0.000148965)
(8.28224e-05 -8.27999e-05 -0.000109456)
(0.000100017 -7.76534e-05 -5.12626e-05)
(7.99431e-05 -7.25553e-05 6.46122e-06)
(3.00947e-05 -6.96022e-05 4.07071e-05)
(-3.13176e-05 -2.71233e-05 1.07054e-05)
(-8.32947e-05 -2.83452e-05 -2.56039e-05)
(-0.000104304 -3.04647e-05 -8.70257e-05)
(-8.65773e-05 -3.26126e-05 -0.000148968)
(-3.42511e-05 -3.41967e-05 -0.000191461)
(3.42303e-05 -3.41967e-05 -0.000191463)
(8.65583e-05 -3.26119e-05 -0.000148974)
(0.000104289 -3.04644e-05 -8.70351e-05)
(8.32837e-05 -2.83442e-05 -2.56159e-05)
(3.13127e-05 -2.7123e-05 1.06923e-05)
(-3.13173e-05 2.72057e-05 1.07203e-05)
(-8.3294e-05 2.84273e-05 -2.55884e-05)
(-0.000104303 3.05469e-05 -8.701e-05)
(-8.65771e-05 3.26955e-05 -0.000148952)
(-3.4252e-05 3.42803e-05 -0.000191445)
(3.42286e-05 3.42803e-05 -0.000191447)
(8.65547e-05 3.26961e-05 -0.000148958)
(0.000104285 3.05471e-05 -8.70204e-05)
(8.32783e-05 2.84281e-05 -2.56014e-05)
(3.13094e-05 2.72063e-05 1.07042e-05)
(-3.01027e-05 6.96668e-05 4.07243e-05)
(-7.99597e-05 7.26195e-05 6.47609e-06)
(-0.000100036 7.7717e-05 -5.12505e-05)
(-8.28439e-05 8.28638e-05 -0.000109448)
(-3.26664e-05 8.65969e-05 -0.000148961)
(3.26462e-05 8.65971e-05 -0.000148963)
(8.28251e-05 8.28649e-05 -0.000109453)
(0.000100021 7.77182e-05 -5.12595e-05)
(7.99491e-05 7.26214e-05 6.46515e-06)
(3.00975e-05 6.96689e-05 4.07112e-05)
(-2.83778e-05 8.4712e-05 8.63587e-05)
(-7.5258e-05 8.81611e-05 5.48777e-05)
(-9.40592e-05 9.40833e-05 2.04382e-06)
(-7.76972e-05 0.00010006 -5.12403e-05)
(-3.05186e-05 0.000104328 -8.70091e-05)
(3.04966e-05 0.000104328 -8.70112e-05)
(7.76757e-05 0.00010006 -5.1246e-05)
(9.40411e-05 9.40831e-05 2.0341e-06)
(7.52433e-05 8.81609e-05 5.48659e-05)
(2.83701e-05 8.47109e-05 8.63433e-05)
(-2.66691e-05 6.78853e-05 0.000131598)
(-7.06047e-05 7.06028e-05 0.000102868)
(-8.8137e-05 7.52565e-05 5.48725e-05)
(-7.25993e-05 7.99579e-05 6.48083e-06)
(-2.83984e-05 8.32934e-05 -2.55928e-05)
(2.83785e-05 8.32939e-05 -2.55947e-05)
(7.25803e-05 7.99592e-05 6.4756e-06)
(8.81219e-05 7.52588e-05 5.48636e-05)
(7.05932e-05 7.06057e-05 0.000102857)
(2.66631e-05 6.78902e-05 0.000131585)
(-2.56683e-05 2.56788e-05 0.00015876)
(-6.78867e-05 2.66797e-05 0.000131599)
(-8.46879e-05 2.83887e-05 8.63547e-05)
(-6.96462e-05 3.01133e-05 4.073e-05)
(-2.71765e-05 3.13286e-05 1.07169e-05)
(2.71562e-05 3.13285e-05 1.0715e-05)
(6.96265e-05 3.01129e-05 4.07248e-05)
(8.46714e-05 2.83879e-05 8.63457e-05)
(6.78747e-05 2.66779e-05 0.000131589)
(2.56628e-05 2.56776e-05 0.000158745)
(-3.34192e-05 -3.34024e-05 0.00021245)
(-8.85634e-05 -3.48692e-05 0.000176632)
(-0.000110648 -3.73966e-05 0.000116672)
(-9.12981e-05 -3.99449e-05 5.61793e-05)
(-3.57938e-05 -4.17797e-05 1.58929e-05)
(3.57668e-05 -4.17799e-05 1.58905e-05)
(9.12738e-05 -3.99452e-05 5.61723e-05)
(0.000110626 -3.73976e-05 0.000116661)
(8.85506e-05 -3.48703e-05 0.000176618)
(3.34178e-05 -3.34054e-05 0.000212434)
(-3.48861e-05 -8.85475e-05 0.000176638)
(-9.25683e-05 -9.25524e-05 0.000138524)
(-0.000115744 -9.94769e-05 7.44963e-05)
(-9.56986e-05 -0.000106469 9.9161e-06)
(-3.76375e-05 -0.000111545 -3.35009e-05)
(3.761e-05 -0.000111545 -3.35033e-05)
(9.56735e-05 -0.000106468 9.9087e-06)
(0.000115721 -9.94743e-05 7.44849e-05)
(9.25534e-05 -9.25478e-05 0.000138509)
(3.48826e-05 -8.85438e-05 0.000176621)
(-3.74135e-05 -0.0001106 0.000116679)
(-9.94928e-05 -0.000115695 7.44964e-05)
(-0.000124586 -0.000124537 3.21798e-06)
(-0.000103385 -0.000133454 -6.86909e-05)
(-4.08774e-05 -0.00013998 -0.000117819)
(4.08527e-05 -0.00013998 -0.000117821)
(0.000103363 -0.000133454 -6.86976e-05)
(0.000124567 -0.000124537 3.20729e-06)
(9.94811e-05 -0.000115694 7.44837e-05)
(3.74111e-05 -0.000110602 0.000116664)
(-3.99611e-05 -9.12547e-05 5.62048e-05)
(-0.000106484 -9.56543e-05 9.93516e-06)
(-0.000133503 -0.000103341 -6.86718e-05)
(-0.000111141 -0.000111097 -0.000147924)
(-4.41626e-05 -0.000116884 -0.000202835)
(4.41359e-05 -0.000116883 -0.000202838)
(0.000111116 -0.000111095 -0.000147931)
(0.000133481 -0.00010334 -6.86835e-05)
(0.000106468 -9.56506e-05 9.91985e-06)
(3.99547e-05 -9.12532e-05 5.61871e-05)
(-4.17957e-05 -3.57399e-05 1.59182e-05)
(-0.000111561 -3.75819e-05 -3.34826e-05)
(-0.000140028 -4.08228e-05 -0.0001178)
(-0.000116927 -4.41067e-05 -0.000202836)
(-4.6664e-05 -4.6609e-05 -0.000262551)
(4.6641e-05 -4.66089e-05 -0.000262554)
(0.000116907 -4.41057e-05 -0.000202843)
(0.000140012 -4.08222e-05 -0.000117811)
(0.000111549 -3.75795e-05 -3.34951e-05)
(4.17911e-05 -3.57404e-05 1.59038e-05)
(-4.17946e-05 3.58171e-05 1.59384e-05)
(-0.000111559 3.76616e-05 -3.34625e-05)
(-0.000140028 4.09031e-05 -0.00011778)
(-0.000116927 4.41884e-05 -0.000202816)
(-4.66648e-05 4.66915e-05 -0.000262531)
(4.66392e-05 4.66916e-05 -0.000262534)
(0.000116902 4.41894e-05 -0.000202823)
(0.000140007 4.09035e-05 -0.000117792)
(0.000111542 3.7664e-05 -3.34775e-05)
(4.17853e-05 3.58163e-05 1.59209e-05)
(-3.99601e-05 9.13099e-05 5.62191e-05)
(-0.000106483 9.57115e-05 9.94836e-06)
(-0.000133502 0.000103399 -6.86589e-05)
(-0.000111139 0.000111156 -0.000147911)
(-4.41608e-05 0.000116944 -0.000202822)
(4.41389e-05 0.000116944 -0.000202825)
(0.000111118 0.000111157 -0.000147918)
(0.000133486 0.0001034 -6.86693e-05)
(0.00010647 9.57149e-05 9.93544e-06)
(3.99523e-05 9.13108e-05 5.62049e-05)
(-3.74104e-05 0.000110668 0.000116725)
(-9.94889e-05 0.000115765 7.45419e-05)
(-0.000124583 0.000124608 3.26344e-06)
(-0.000103382 0.000133526 -6.86455e-05)
(-4.08767e-05 0.000140052 -0.000117773)
(4.08529e-05 0.000140052 -0.000117776)
(0.000103359 0.000133527 -6.86524e-05)
(0.000124565 0.000124608 3.25201e-06)
(9.94707e-05 0.000115766 7.45273e-05)
(3.73986e-05 0.000110666 0.000116709)
(-3.4883e-05 8.85486e-05 0.000176681)
(-9.25641e-05 9.25551e-05 0.000138566)
(-0.000115741 9.94805e-05 7.45375e-05)
(-9.56948e-05 0.000106474 9.95731e-06)
(-3.76345e-05 0.000111551 -3.34596e-05)
(3.76131e-05 0.000111551 -3.34619e-05)
(9.56738e-05 0.000106476 9.95084e-06)
(0.000115726 9.94831e-05 7.4527e-05)
(9.25492e-05 9.25598e-05 0.000138552)
(3.48723e-05 8.85519e-05 0.000176667)
(-3.34146e-05 3.34189e-05 0.000212506)
(-8.85571e-05 3.48873e-05 0.000176685)
(-0.000110644 3.74153e-05 0.000116726)
(-9.12936e-05 3.99643e-05 5.62326e-05)
(-3.5791e-05 4.1799e-05 1.59464e-05)
(3.57698e-05 4.17991e-05 1.5944e-05)
(9.12722e-05 3.99644e-05 5.62261e-05)
(0.000110628 3.74149e-05 0.000116715)
(8.85396e-05 3.48869e-05 0.000176672)
(3.34013e-05 3.34159e-05 0.000212492)
(-4.35921e-05 -4.35736e-05 0.000282608)
(-0.000115795 -4.57204e-05 0.000235783)
(-0.000144916 -4.94566e-05 0.000156949)
(-0.000120038 -5.32199e-05 7.73727e-05)
(-4.73226e-05 -5.59955e-05 2.35877e-05)
(4.72941e-05 -5.59957e-05 2.3585e-05)
(0.000120012 -5.32206e-05 7.73649e-05)
(0.000144896 -4.94578e-05 0.000156937)
(0.000115778 -4.57228e-05 0.000235766)
(4.35843e-05 -4.35758e-05 0.000282594)
(-4.57388e-05 -0.000115775 0.000235788)
(-0.000121692 -0.000121672 0.000185627)
(-0.000152443 -0.000131979 0.000100804)
(-0.0001266 -0.000142382 1.52188e-05)
(-5.011e-05 -0.000150134 -4.33156e-05)
(5.00806e-05 -0.000150133 -4.33183e-05)
(0.000126573 -0.000142381 1.52108e-05)
(0.00015242 -0.000131977 0.000100791)
(0.000121674 -0.000121669 0.00018561)
(4.57313e-05 -0.00011577 0.000235771)
(-4.94757e-05 -0.00014486 0.000156952)
(-0.000132 -0.000152386 0.000100802)
(-0.000165654 -0.000165598 5.14483e-06)
(-0.000138217 -0.000178909 -9.13825e-05)
(-5.50841e-05 -0.000188924 -0.000158755)
(5.50574e-05 -0.000188924 -0.000158758)
(0.000138193 -0.000178909 -9.13898e-05)
(0.000165635 -0.000165598 5.1335e-06)
(0.000131986 -0.000152387 0.000100787)
(4.94696e-05 -0.000144861 0.000156938)
(-5.32385e-05 -0.000119984 7.73898e-05)
(-0.000142402 -0.000126547 1.52316e-05)
(-0.000178966 -0.000138164 -9.13676e-05)
(-0.000149927 -0.000149874 -0.000198835)
(-6.01247e-05 -0.0001589 -0.000275149)
(6.00957e-05 -0.0001589 -0.000275152)
(0.000149899 -0.000149873 -0.000198842)
(0.000178943 -0.000138162 -9.13801e-05)
(0.000142383 -0.000126545 1.52157e-05)
(5.32302e-05 -0.000119982 7.73727e-05)
(-5.60152e-05 -4.72563e-05 2.36009e-05)
(-0.000150155 -5.0044e-05 -4.33066e-05)
(-0.000188981 -5.50189e-05 -0.000158744)
(-0.000158953 -6.00586e-05 -0.000275153)
(-6.411e-05 -6.40448e-05 -0.000359268)
(6.40847e-05 -6.40448e-05 -0.00035927)
(0.00015893 -6.00579e-05 -0.00027516)
(0.000188963 -5.50186e-05 -0.000158755)
(0.000150142 -5.00429e-05 -4.33201e-05)
(5.60093e-05 -4.72558e-05 2.3587e-05)
(-5.60148e-05 4.73559e-05 2.36141e-05)
(-0.000150154 5.01428e-05 -4.32925e-05)
(-0.00018898 5.51177e-05 -0.00015873)
(-0.000158953 6.01582e-05 -0.000275139)
(-6.41109e-05 6.41449e-05 -0.000359253)
(6.40826e-05 6.41449e-05 -0.000359256)
(0.000158926 6.01588e-05 -0.000275146)
(0.000188958 5.51179e-05 -0.000158742)
(0.000150136 5.01434e-05 -4.3307e-05)
(5.60058e-05 4.73566e-05 2.35972e-05)
(-5.32399e-05 0.00012006 7.73897e-05)
(-0.000142404 0.000126622 1.52328e-05)
(-0.000178966 0.000138239 -9.13665e-05)
(-0.000149926 0.000149949 -0.000198833)
(-6.01232e-05 0.000158976 -0.000275148)
(6.00986e-05 0.000158976 -0.00027515)
(0.000149903 0.00014995 -0.000198839)
(0.000178948 0.00013824 -9.13767e-05)
(0.000142391 0.000126624 1.52208e-05)
(5.32341e-05 0.000120063 7.73754e-05)
(-4.94762e-05 0.000144943 0.000156972)
(-0.000132 0.00015247 0.000100825)
(-0.000165653 0.000165682 5.16826e-06)
(-0.000138216 0.000178994 -9.13586e-05)
(-5.50838e-05 0.000189009 -0.000158731)
(5.5057e-05 0.000189009 -0.000158733)
(0.00013819 0.000178995 -9.13648e-05)
(0.000165631 0.000165681 5.15749e-06)
(0.000131983 0.000152469 0.000100812)
(4.94677e-05 0.000144942 0.000156956)
(-4.57405e-05 0.000115796 0.000235801)
(-0.000121694 0.000121692 0.000185643)
(-0.000152441 0.000131998 0.00010082)
(-0.000126598 0.000142402 1.52361e-05)
(-5.0108e-05 0.000150154 -4.3298e-05)
(5.00837e-05 0.000150155 -4.33002e-05)
(0.000126575 0.000142404 1.52304e-05)
(0.000152423 0.000132001 0.00010081)
(0.00012168 0.000121695 0.000185632)
(4.57339e-05 0.000115802 0.000235786)
(-4.35947e-05 4.36074e-05 0.000282621)
(-0.000115797 4.57532e-05 0.000235799)
(-0.000144915 4.94896e-05 0.000156966)
(-0.000120036 5.32528e-05 7.7391e-05)
(-4.73206e-05 5.60287e-05 2.3607e-05)
(4.72958e-05 5.60286e-05 2.36051e-05)
(0.000120012 5.32524e-05 7.7386e-05)
(0.000144895 4.94888e-05 0.000156957)
(0.000115783 4.57514e-05 0.000235789)
(4.35886e-05 4.36061e-05 0.000282606)
(-5.68537e-05 -5.68343e-05 0.00037424)
(-0.00015142 -5.99652e-05 0.000313472)
(-0.000189853 -6.54784e-05 0.000210473)
(-0.000157978 -7.10245e-05 0.000106445)
(-6.26873e-05 -7.52277e-05 3.48849e-05)
(6.2655e-05 -7.52279e-05 3.48822e-05)
(0.000157949 -7.10248e-05 0.000106437)
(0.000189827 -6.54797e-05 0.00021046)
(0.000151406 -5.99665e-05 0.000313457)
(5.68532e-05 -5.68384e-05 0.000374219)
(-5.99846e-05 -0.000151403 0.00031348)
(-0.000160083 -0.000160066 0.000247893)
(-0.000200948 -0.000175393 0.000136111)
(-0.000167758 -0.000190854 2.32897e-05)
(-6.6906e-05 -0.000202718 -5.54738e-05)
(6.68733e-05 -0.000202718 -5.54766e-05)
(0.000167728 -0.000190852 2.32815e-05)
(0.000200921 -0.000175391 0.000136097)
(0.000160066 -0.00016006 0.000247877)
(5.99814e-05 -0.000151399 0.000313459)
(-6.54978e-05 -0.000189799 0.00021048)
(-0.000175411 -0.000200893 0.00013611)
(-0.000220678 -0.000220623 8.18246e-06)
(-0.000185335 -0.000240481 -0.00012094)
(-7.45652e-05 -0.000255897 -0.00021341)
(7.45355e-05 -0.000255897 -0.000213412)
(0.000185309 -0.00024048 -0.000120947)
(0.000220655 -0.000220623 8.17056e-06)
(0.000175398 -0.000200891 0.000136096)
(6.54959e-05 -0.000189801 0.000210463)
(-7.10428e-05 -0.00015793 0.000106477)
(-0.00019087 -0.000167708 2.33137e-05)
(-0.000240536 -0.000185286 -0.000120915)
(-0.000203032 -0.000202982 -0.000266287)
(-8.23215e-05 -0.00021714 -0.00037261)
(8.22896e-05 -0.00021714 -0.000372612)
(0.000203002 -0.00020298 -0.000266296)
(0.00024051 -0.000185284 -0.000120928)
(0.000190851 -0.000167704 2.32968e-05)
(7.10358e-05 -0.000157928 0.000106455)
(-7.52458e-05 -6.26273e-05 3.4915e-05)
(-0.000202735 -6.6844e-05 -5.54514e-05)
(-0.000255952 -7.45041e-05 -0.000213387)
(-0.000217189 -8.22591e-05 -0.000372612)
(-8.87229e-05 -8.86614e-05 -0.000491704)
(8.86954e-05 -8.86613e-05 -0.000491707)
(0.000217164 -8.22578e-05 -0.000372619)
(0.000255932 -7.45032e-05 -0.000213398)
(0.000202722 -6.68409e-05 -5.54651e-05)
(7.5241e-05 -6.26277e-05 3.48992e-05)
(-7.52442e-05 6.27112e-05 3.49409e-05)
(-0.000202733 6.69313e-05 -5.54248e-05)
(-0.000255951 7.45922e-05 -0.00021336)
(-0.000217189 8.23487e-05 -0.000372585)
(-8.87238e-05 8.87521e-05 -0.000491677)
(8.86933e-05 8.87522e-05 -0.00049168)
(0.00021716 8.235e-05 -0.000372593)
(0.000255927 7.45928e-05 -0.000213373)
(0.000202713 6.69344e-05 -5.54416e-05)
(7.52337e-05 6.27101e-05 3.49205e-05)
(-7.10412e-05 0.000157989 0.000106493)
(-0.000190868 0.00016777 2.33297e-05)
(-0.000240535 0.000185348 -0.000120899)
(-0.00020303 0.000203046 -0.000266271)
(-8.23194e-05 0.000217205 -0.000372593)
(8.22933e-05 0.000217205 -0.000372596)
(0.000203005 0.000203048 -0.000266278)
(0.000240516 0.00018535 -0.00012091)
(0.000190853 0.000167774 2.33157e-05)
(7.10322e-05 0.00015799 0.000106477)
(-6.54934e-05 0.000189874 0.000210537)
(-0.000175406 0.000200971 0.000136168)
(-0.000220675 0.000220701 8.23995e-06)
(-0.000185332 0.000240561 -0.000120882)
(-7.45641e-05 0.000255977 -0.000213351)
(7.4536e-05 0.000255978 -0.000213354)
(0.000185304 0.000240562 -0.000120889)
(0.000220653 0.000220701 8.22738e-06)
(0.000175384 0.000200971 0.000136152)
(6.54797e-05 0.000189871 0.000210518)
(-5.99801e-05 0.0001514 0.000313531)
(-0.000160077 0.000160065 0.000247944)
(-0.000200944 0.000175394 0.000136162)
(-0.000167754 0.000190855 2.33409e-05)
(-6.69026e-05 0.000202721 -5.54213e-05)
(6.68774e-05 0.000202722 -5.54238e-05)
(0.000167729 0.000190858 2.33342e-05)
(0.000200926 0.000175397 0.000136151)
(0.00016006 0.000160071 0.00024793)
(5.99677e-05 0.000151404 0.000313516)
(-5.68471e-05 5.68506e-05 0.000374305)
(-0.000151412 5.99837e-05 0.000313537)
(-0.000189848 6.54975e-05 0.000210537)
(-0.000157973 7.10444e-05 0.00010651)
(-6.26836e-05 7.52479e-05 3.49501e-05)
(6.26589e-05 7.5248e-05 3.49475e-05)
(0.000157948 7.10448e-05 0.000106503)
(0.000189829 6.54975e-05 0.000210525)
(0.000151391 5.99838e-05 0.000313522)
(5.68318e-05 5.68478e-05 0.000374288)
)
;

boundaryField
{
    bottom
    {
        type            noSlip;
    }
    atmosphere
    {
        type            pressureInletOutletVelocity;
        value           nonuniform List<vector> 0();
    }
    walls
    {
        type            noSlip;
    }
    procBoundary3to2
    {
        type            processor;
        value           nonuniform List<vector> 
100
(
(-7.40049e-05 -7.39826e-05 0.000493889)
(-0.000197715 -7.85344e-05 0.000415552)
(-0.00024843 -8.66499e-05 0.000281739)
(-0.000207832 -9.48014e-05 0.000146505)
(-8.31034e-05 -0.00010117 5.15282e-05)
(8.30696e-05 -0.00010117 5.15251e-05)
(0.000207801 -9.48022e-05 0.000146496)
(0.000248406 -8.66514e-05 0.000281725)
(0.000197694 -7.85375e-05 0.000415536)
(7.39947e-05 -7.39854e-05 0.000493868)
(-7.85567e-05 -0.000197691 0.000415558)
(-0.000210407 -0.000210384 0.000330298)
(-0.000264745 -0.000233144 0.000183664)
(-0.000222392 -0.000256085 3.56175e-05)
(-8.94932e-05 -0.000274283 -7.02769e-05)
(8.94583e-05 -0.000274283 -7.02799e-05)
(0.00022236 -0.000256083 3.56086e-05)
(0.000264718 -0.000233141 0.00018365)
(0.000210385 -0.00021038 0.000330281)
(7.85468e-05 -0.000197684 0.000415537)
(-8.66728e-05 -0.000248361 0.00028175)
(-0.000233168 -0.000264676 0.000183669)
(-0.00029418 -0.000294111 1.30282e-05)
(-0.000249013 -0.000323698 -0.000159241)
(-0.00010132 -0.000347492 -0.000286447)
(0.000101289 -0.000347492 -0.000286449)
(0.000248984 -0.000323698 -0.000159249)
(0.000294157 -0.000294111 1.30148e-05)
(0.000233151 -0.000264676 0.000183653)
(8.66653e-05 -0.000248363 0.000281731)
(-9.48237e-05 -0.000207767 0.000146532)
(-0.000256108 -0.000222328 3.56389e-05)
(-0.000323767 -0.000248949 -0.000159224)
(-0.000275774 -0.00027571 -0.000355569)
(-0.000113288 -0.000298047 -0.000504282)
(0.000113253 -0.000298047 -0.000504285)
(0.000275742 -0.000275708 -0.000355578)
(0.000323739 -0.000248947 -0.000159239)
(0.000256085 -0.000222325 3.56206e-05)
(9.48132e-05 -0.000207763 0.000146511)
(-0.000101194 -8.30235e-05 5.15621e-05)
(-0.000274308 -8.94134e-05 -7.02495e-05)
(-0.000347562 -0.000101242 -0.000286424)
(-0.000298112 -0.000113208 -0.000504277)
(-0.000123658 -0.000123579 -0.000674086)
(0.000123628 -0.000123579 -0.000674089)
(0.000298084 -0.000113207 -0.000504285)
(0.000347541 -0.000101241 -0.000286437)
(0.000274293 -8.94121e-05 -7.0265e-05)
(0.000101187 -8.30227e-05 5.15429e-05)
(-0.000101193 8.31444e-05 5.15782e-05)
(-0.000274307 8.95335e-05 -7.02335e-05)
(-0.000347561 0.000101362 -0.000286408)
(-0.000298111 0.000113329 -0.000504261)
(-0.000123659 0.000123701 -0.00067407)
(0.000123626 0.000123701 -0.000674073)
(0.000298079 0.00011333 -0.000504269)
(0.000347534 0.000101362 -0.000286422)
(0.000274285 8.95339e-05 -7.02514e-05)
(0.000101182 8.31452e-05 5.15562e-05)
(-9.48254e-05 0.000207858 0.000146554)
(-0.000256109 0.000222418 3.56601e-05)
(-0.000323767 0.000249039 -0.000159203)
(-0.000275773 0.000275801 -0.000355548)
(-0.000113286 0.000298139 -0.000504261)
(0.000113257 0.00029814 -0.000504264)
(0.000275746 0.000275802 -0.000355556)
(0.000323745 0.00024904 -0.000159216)
(0.000256095 0.00022242 3.56444e-05)
(9.48189e-05 0.000207861 0.000146535)
(-8.66733e-05 0.000248463 0.000281796)
(-0.000233168 0.000264777 0.000183713)
(-0.000294178 0.000294212 1.30727e-05)
(-0.000249011 0.000323801 -0.000159196)
(-0.00010132 0.000347596 -0.000286402)
(0.000101288 0.000347596 -0.000286404)
(0.00024898 0.000323801 -0.000159204)
(0.000294152 0.000294212 1.30589e-05)
(0.000233148 0.000264776 0.000183696)
(8.66633e-05 0.000248461 0.000281775)
(-7.85584e-05 0.000197716 0.000415608)
(-0.000210408 0.000210406 0.000330348)
(-0.000264743 0.000233167 0.000183713)
(-0.000222389 0.000256107 3.56664e-05)
(-8.94904e-05 0.000274307 -7.02274e-05)
(8.94616e-05 0.000274307 -7.02301e-05)
(0.000222362 0.000256109 3.5659e-05)
(0.00026472 0.00023317 0.0001837)
(0.000210393 0.00021041 0.000330332)
(7.85511e-05 0.000197723 0.00041559)
(-7.40078e-05 7.40233e-05 0.000493947)
(-0.000197717 7.8574e-05 0.000415609)
(-0.000248428 8.66895e-05 0.000281796)
(-0.000207829 9.48411e-05 0.000146561)
(-8.31012e-05 0.00010121 5.15847e-05)
(8.30717e-05 0.00010121 5.15818e-05)
(0.0002078 9.48405e-05 0.000146554)
(0.000248404 8.66885e-05 0.000281783)
(0.000197701 7.85718e-05 0.000415593)
(7.40008e-05 7.40214e-05 0.000493928)
)
;
    }
}


// ************************************************************************* //
