/*--------------------------------*- C++ -*----------------------------------*\
| =========                 |                                                 |
| \\      /  F ield         | OpenFOAM: The Open Source CFD Toolbox           |
|  \\    /   O peration     | Version:  2412                                  |
|   \\  /    A nd           | Website:  www.openfoam.com                      |
|    \\/     M anipulation  |                                                 |
\*---------------------------------------------------------------------------*/
FoamFile
{
    version     2.0;
    format      ascii;
    arch        "LSB;label=32;scalar=64";
    class       volScalarField;
    location    "0.27";
    object      p;
}
// * * * * * * * * * * * * * * * * * * * * * * * * * * * * * * * * * * * * * //

dimensions      [1 -1 -2 0 0 0 0];

internalField   nonuniform List<scalar> 
1000
(
13.9031
13.9142
13.9332
13.953
13.9669
13.9669
13.953
13.9332
13.9142
13.9031
13.9142
13.9266
13.9479
13.9702
13.9862
13.9862
13.9702
13.9479
13.9266
13.9142
13.9332
13.9479
13.9733
14.0004
14.0203
14.0203
14.0004
13.9733
13.9479
13.9332
13.953
13.9702
14.0004
14.0331
14.0578
14.0578
14.0331
14.0004
13.9702
13.953
13.9669
13.9862
14.0203
14.0578
14.0866
14.0866
14.0578
14.0203
13.9862
13.9669
13.9669
13.9862
14.0203
14.0578
14.0866
14.0866
14.0578
14.0203
13.9862
13.9669
13.953
13.9702
14.0004
14.0331
14.0578
14.0578
14.0331
14.0004
13.9702
13.953
13.9332
13.9479
13.9733
14.0004
14.0203
14.0203
14.0004
13.9733
13.9479
13.9332
13.9142
13.9266
13.9479
13.9702
13.9862
13.9862
13.9702
13.9479
13.9266
13.9142
13.9031
13.9142
13.9332
13.953
13.9669
13.9669
13.953
13.9332
13.9142
13.9031
13.6527
13.6643
13.6843
13.7053
13.7201
13.7201
13.7053
13.6843
13.6643
13.6527
13.6643
13.6774
13.6999
13.7238
13.7411
13.7411
13.7238
13.6999
13.6774
13.6643
13.6843
13.6999
13.7272
13.7565
13.7784
13.7784
13.7565
13.7272
13.6999
13.6843
13.7053
13.7238
13.7565
13.7923
13.82
13.82
13.7923
13.7565
13.7238
13.7053
13.7201
13.7411
13.7784
13.82
13.8531
13.8531
13.82
13.7784
13.7411
13.7201
13.7201
13.7411
13.7784
13.82
13.8531
13.8531
13.82
13.7784
13.7411
13.7201
13.7053
13.7238
13.7565
13.7923
13.82
13.82
13.7923
13.7565
13.7238
13.7053
13.6843
13.6999
13.7272
13.7565
13.7784
13.7784
13.7565
13.7272
13.6999
13.6843
13.6643
13.6774
13.6999
13.7238
13.7411
13.7411
13.7238
13.6999
13.6774
13.6643
13.6527
13.6643
13.6843
13.7053
13.7201
13.7201
13.7053
13.6843
13.6643
13.6527
13.3968
13.4095
13.4315
13.4547
13.4715
13.4715
13.4547
13.4315
13.4095
13.3968
13.4095
13.4239
13.4491
13.476
13.496
13.496
13.476
13.4491
13.4239
13.4095
13.4315
13.4491
13.48
13.5139
13.54
13.54
13.5139
13.48
13.4491
13.4315
13.4547
13.476
13.5139
13.5563
13.5906
13.5906
13.5563
13.5139
13.476
13.4547
13.4715
13.496
13.54
13.5906
13.6328
13.6328
13.5906
13.54
13.496
13.4715
13.4715
13.496
13.54
13.5906
13.6328
13.6328
13.5906
13.54
13.496
13.4715
13.4547
13.476
13.5139
13.5563
13.5906
13.5906
13.5563
13.5139
13.476
13.4547
13.4315
13.4491
13.48
13.5139
13.54
13.54
13.5139
13.48
13.4491
13.4315
13.4095
13.4239
13.4491
13.476
13.496
13.496
13.476
13.4491
13.4239
13.4095
13.3968
13.4095
13.4315
13.4547
13.4715
13.4715
13.4547
13.4315
13.4095
13.3968
13.1348
13.1492
13.1742
13.2009
13.2207
13.2207
13.2009
13.1742
13.1492
13.1348
13.1492
13.1657
13.1948
13.2264
13.2507
13.2507
13.2264
13.1948
13.1657
13.1492
13.1742
13.1948
13.2314
13.2724
13.3054
13.3054
13.2724
13.2314
13.1948
13.1742
13.2009
13.2264
13.2724
13.3256
13.3709
13.3709
13.3256
13.2724
13.2264
13.2009
13.2207
13.2507
13.3054
13.3709
13.4289
13.4289
13.3709
13.3054
13.2507
13.2207
13.2207
13.2507
13.3054
13.3709
13.4289
13.4289
13.3709
13.3054
13.2507
13.2207
13.2009
13.2264
13.2724
13.3256
13.3709
13.3709
13.3256
13.2724
13.2264
13.2009
13.1742
13.1948
13.2314
13.2724
13.3054
13.3054
13.2724
13.2314
13.1948
13.1742
13.1492
13.1657
13.1948
13.2264
13.2507
13.2507
13.2264
13.1948
13.1657
13.1492
13.1348
13.1492
13.1742
13.2009
13.2207
13.2207
13.2009
13.1742
13.1492
13.1348
12.8661
12.8825
12.9115
12.9429
12.967
12.967
12.9429
12.9115
12.8825
12.8661
12.8825
12.9019
12.9362
12.9743
13.0048
13.0048
12.9743
12.9362
12.9019
12.8825
12.9115
12.9362
12.9806
13.0318
13.075
13.075
13.0318
12.9806
12.9362
12.9115
12.9429
12.9743
13.0318
13.1008
13.1633
13.1633
13.1008
13.0318
12.9743
12.9429
12.967
13.0048
13.075
13.1633
13.2469
13.2469
13.1633
13.075
13.0048
12.967
12.967
13.0048
13.075
13.1633
13.2469
13.2469
13.1633
13.075
13.0048
12.967
12.9429
12.9743
13.0318
13.1008
13.1633
13.1633
13.1008
13.0318
12.9743
12.9429
12.9115
12.9362
12.9806
13.0318
13.075
13.075
13.0318
12.9806
12.9362
12.9115
12.8825
12.9019
12.9362
12.9743
13.0048
13.0048
12.9743
12.9362
12.9019
12.8825
12.8661
12.8825
12.9115
12.9429
12.967
12.967
12.9429
12.9115
12.8825
12.8661
12.5894
12.6084
12.6422
12.6795
12.7091
12.7091
12.6795
12.6422
12.6084
12.5894
12.6084
12.6312
12.6721
12.7186
12.7574
12.7574
12.7186
12.6721
12.6312
12.6084
12.6422
12.6721
12.7264
12.7913
12.8489
12.8489
12.7913
12.7264
12.6721
12.6422
12.6795
12.7186
12.7913
12.8824
12.9709
12.9709
12.8824
12.7913
12.7186
12.6795
12.7091
12.7574
12.8489
12.9709
13.0954
13.0954
12.9709
12.8489
12.7574
12.7091
12.7091
12.7574
12.8489
12.9709
13.0954
13.0954
12.9709
12.8489
12.7574
12.7091
12.6795
12.7186
12.7913
12.8824
12.9709
12.9709
12.8824
12.7913
12.7186
12.6795
12.6422
12.6721
12.7264
12.7913
12.8489
12.8489
12.7913
12.7264
12.6721
12.6422
12.6084
12.6312
12.6721
12.7186
12.7574
12.7574
12.7186
12.6721
12.6312
12.6084
12.5894
12.6084
12.6422
12.6795
12.7091
12.7091
12.6795
12.6422
12.6084
12.5894
12.3034
12.3253
12.3647
12.4089
12.4453
12.4453
12.4089
12.3647
12.3253
12.3034
12.3253
12.3522
12.4007
12.4576
12.5076
12.5076
12.4576
12.4007
12.3522
12.3253
12.3647
12.4007
12.467
12.5495
12.6267
12.6267
12.5495
12.467
12.4007
12.3647
12.4089
12.4576
12.5495
12.671
12.798
12.798
12.671
12.5495
12.4576
12.4089
12.4453
12.5076
12.6267
12.798
12.9869
12.9869
12.798
12.6267
12.5076
12.4453
12.4453
12.5076
12.6267
12.798
12.9869
12.9869
12.798
12.6267
12.5076
12.4453
12.4089
12.4576
12.5495
12.671
12.798
12.798
12.671
12.5495
12.4576
12.4089
12.3647
12.4007
12.467
12.5495
12.6267
12.6267
12.5495
12.467
12.4007
12.3647
12.3253
12.3522
12.4007
12.4576
12.5076
12.5076
12.4576
12.4007
12.3522
12.3253
12.3034
12.3253
12.3647
12.4089
12.4453
12.4453
12.4089
12.3647
12.3253
12.3034
12.0066
12.0316
12.0768
12.1289
12.1734
12.1734
12.1289
12.0768
12.0316
12.0066
12.0316
12.0629
12.1199
12.1889
12.2528
12.2528
12.1889
12.1199
12.0629
12.0316
12.0768
12.1199
12.1997
12.3038
12.4067
12.4067
12.3038
12.1997
12.1199
12.0768
12.1289
12.1889
12.3038
12.4657
12.649
12.649
12.4657
12.3038
12.1889
12.1289
12.1734
12.2528
12.4067
12.649
12.9396
12.9396
12.649
12.4067
12.2528
12.1734
12.1734
12.2528
12.4067
12.649
12.9396
12.9396
12.649
12.4067
12.2528
12.1734
12.1289
12.1889
12.3038
12.4657
12.649
12.649
12.4657
12.3038
12.1889
12.1289
12.0768
12.1199
12.1997
12.3038
12.4067
12.4067
12.3038
12.1997
12.1199
12.0768
12.0316
12.0629
12.1199
12.1889
12.2528
12.2528
12.1889
12.1199
12.0629
12.0316
12.0066
12.0316
12.0768
12.1289
12.1734
12.1734
12.1289
12.0768
12.0316
12.0066
11.6973
11.7253
11.7763
11.8366
11.89
11.89
11.8366
11.7763
11.7253
11.6973
11.7253
11.7611
11.8266
11.9093
11.99
11.99
11.9093
11.8266
11.7611
11.7253
11.7763
11.8266
11.9205
12.0499
12.1843
12.1843
12.0499
11.9205
11.8266
11.7763
11.8366
11.9093
12.0499
12.2637
12.5278
12.5278
12.2637
12.0499
11.9093
11.8366
11.89
11.99
12.1843
12.5278
12.9778
12.9778
12.5278
12.1843
11.99
11.89
11.89
11.99
12.1843
12.5278
12.9778
12.9778
12.5278
12.1843
11.99
11.89
11.8366
11.9093
12.0499
12.2637
12.5278
12.5278
12.2637
12.0499
11.9093
11.8366
11.7763
11.8266
11.9205
12.0499
12.1843
12.1843
12.0499
11.9205
11.8266
11.7763
11.7253
11.7611
11.8266
11.9093
11.99
11.99
11.9093
11.8266
11.7611
11.7253
11.6973
11.7253
11.7763
11.8366
11.89
11.89
11.8366
11.7763
11.7253
11.6973
11.3738
11.4044
11.4604
11.5284
11.591
11.591
11.5284
11.4604
11.4044
11.3738
11.4044
11.4442
11.5174
11.6141
11.714
11.714
11.6141
11.5174
11.4442
11.4044
11.4604
11.5174
11.6238
11.7801
11.9493
11.9493
11.7801
11.6238
11.5174
11.4604
11.5284
11.6141
11.7801
12.057
12.4339
12.4339
12.057
11.7801
11.6141
11.5284
11.591
11.714
11.9493
12.4339
13.1305
13.1305
12.4339
11.9493
11.714
11.591
11.591
11.714
11.9493
12.4339
13.1305
13.1305
12.4339
11.9493
11.714
11.591
11.5284
11.6141
11.7801
12.057
12.4339
12.4339
12.057
11.7801
11.6141
11.5284
11.4604
11.5174
11.6238
11.7801
11.9493
11.9493
11.7801
11.6238
11.5174
11.4604
11.4044
11.4442
11.5174
11.6141
11.714
11.714
11.6141
11.5174
11.4442
11.4044
11.3738
11.4044
11.4604
11.5284
11.591
11.591
11.5284
11.4604
11.4044
11.3738
)
;

boundaryField
{
    bottom
    {
        type            calculated;
        value           nonuniform List<scalar> 
100
(
14.0257
14.0368
14.0559
14.0756
14.0895
14.0895
14.0756
14.0559
14.0368
14.0257
14.0368
14.0492
14.0705
14.0928
14.1088
14.1088
14.0928
14.0705
14.0492
14.0368
14.0559
14.0705
14.0959
14.123
14.1429
14.1429
14.123
14.0959
14.0705
14.0559
14.0756
14.0928
14.123
14.1557
14.1804
14.1804
14.1557
14.123
14.0928
14.0756
14.0895
14.1088
14.1429
14.1804
14.2093
14.2093
14.1804
14.1429
14.1088
14.0895
14.0895
14.1088
14.1429
14.1804
14.2093
14.2093
14.1804
14.1429
14.1088
14.0895
14.0756
14.0928
14.123
14.1557
14.1804
14.1804
14.1557
14.123
14.0928
14.0756
14.0559
14.0705
14.0959
14.123
14.1429
14.1429
14.123
14.0959
14.0705
14.0559
14.0368
14.0492
14.0705
14.0928
14.1088
14.1088
14.0928
14.0705
14.0492
14.0368
14.0257
14.0368
14.0559
14.0756
14.0895
14.0895
14.0756
14.0559
14.0368
14.0257
)
;
    }
    atmosphere
    {
        type            calculated;
        value           nonuniform List<scalar> 0();
    }
    walls
    {
        type            calculated;
        value           nonuniform List<scalar> 
400
(
13.9031
13.9142
13.9332
13.953
13.9669
13.9669
13.953
13.9332
13.9142
13.9031
13.6527
13.6643
13.6843
13.7053
13.7201
13.7201
13.7053
13.6843
13.6643
13.6527
13.3968
13.4095
13.4315
13.4547
13.4715
13.4715
13.4547
13.4315
13.4095
13.3968
13.1348
13.1492
13.1742
13.2009
13.2207
13.2207
13.2009
13.1742
13.1492
13.1348
12.8661
12.8825
12.9115
12.9429
12.967
12.967
12.9429
12.9115
12.8825
12.8661
12.5894
12.6084
12.6422
12.6795
12.7091
12.7091
12.6795
12.6422
12.6084
12.5894
12.3034
12.3253
12.3647
12.4089
12.4453
12.4453
12.4089
12.3647
12.3253
12.3034
12.0066
12.0316
12.0768
12.1289
12.1734
12.1734
12.1289
12.0768
12.0316
12.0066
11.6973
11.7253
11.7763
11.8366
11.89
11.89
11.8366
11.7763
11.7253
11.6973
11.3738
11.4044
11.4604
11.5284
11.591
11.591
11.5284
11.4604
11.4044
11.3738
13.9031
13.9142
13.9332
13.953
13.9669
13.9669
13.953
13.9332
13.9142
13.9031
13.6527
13.6643
13.6843
13.7053
13.7201
13.7201
13.7053
13.6843
13.6643
13.6527
13.3968
13.4095
13.4315
13.4547
13.4715
13.4715
13.4547
13.4315
13.4095
13.3968
13.1348
13.1492
13.1742
13.2009
13.2207
13.2207
13.2009
13.1742
13.1492
13.1348
12.8661
12.8825
12.9115
12.9429
12.967
12.967
12.9429
12.9115
12.8825
12.8661
12.5894
12.6084
12.6422
12.6795
12.7091
12.7091
12.6795
12.6422
12.6084
12.5894
12.3034
12.3253
12.3647
12.4089
12.4453
12.4453
12.4089
12.3647
12.3253
12.3034
12.0066
12.0316
12.0768
12.1289
12.1734
12.1734
12.1289
12.0768
12.0316
12.0066
11.6973
11.7253
11.7763
11.8366
11.89
11.89
11.8366
11.7763
11.7253
11.6973
11.3738
11.4044
11.4604
11.5284
11.591
11.591
11.5284
11.4604
11.4044
11.3738
13.9031
13.6527
13.3968
13.1348
12.8661
12.5894
12.3034
12.0066
11.6973
11.3738
13.9142
13.6643
13.4095
13.1492
12.8825
12.6084
12.3253
12.0316
11.7253
11.4044
13.9332
13.6843
13.4315
13.1742
12.9115
12.6422
12.3647
12.0768
11.7763
11.4604
13.953
13.7053
13.4547
13.2009
12.9429
12.6795
12.4089
12.1289
11.8366
11.5284
13.9669
13.7201
13.4715
13.2207
12.967
12.7091
12.4453
12.1734
11.89
11.591
13.9669
13.7201
13.4715
13.2207
12.967
12.7091
12.4453
12.1734
11.89
11.591
13.953
13.7053
13.4547
13.2009
12.9429
12.6795
12.4089
12.1289
11.8366
11.5284
13.9332
13.6843
13.4315
13.1742
12.9115
12.6422
12.3647
12.0768
11.7763
11.4604
13.9142
13.6643
13.4095
13.1492
12.8825
12.6084
12.3253
12.0316
11.7253
11.4044
13.9031
13.6527
13.3968
13.1348
12.8661
12.5894
12.3034
12.0066
11.6973
11.3738
13.9031
13.6527
13.3968
13.1348
12.8661
12.5894
12.3034
12.0066
11.6973
11.3738
13.9142
13.6643
13.4095
13.1492
12.8825
12.6084
12.3253
12.0316
11.7253
11.4044
13.9332
13.6843
13.4315
13.1742
12.9115
12.6422
12.3647
12.0768
11.7763
11.4604
13.953
13.7053
13.4547
13.2009
12.9429
12.6795
12.4089
12.1289
11.8366
11.5284
13.9669
13.7201
13.4715
13.2207
12.967
12.7091
12.4453
12.1734
11.89
11.591
13.9669
13.7201
13.4715
13.2207
12.967
12.7091
12.4453
12.1734
11.89
11.591
13.953
13.7053
13.4547
13.2009
12.9429
12.6795
12.4089
12.1289
11.8366
11.5284
13.9332
13.6843
13.4315
13.1742
12.9115
12.6422
12.3647
12.0768
11.7763
11.4604
13.9142
13.6643
13.4095
13.1492
12.8825
12.6084
12.3253
12.0316
11.7253
11.4044
13.9031
13.6527
13.3968
13.1348
12.8661
12.5894
12.3034
12.0066
11.6973
11.3738
)
;
    }
    procBoundary3to2
    {
        type            processor;
        value           nonuniform List<scalar> 
100
(
11.0343
11.0668
11.1263
11.2006
11.2709
11.2709
11.2006
11.1263
11.0668
11.0343
11.0668
11.1096
11.1882
11.2973
11.4173
11.4173
11.2973
11.1882
11.1096
11.0668
11.1263
11.1882
11.3022
11.4822
11.681
11.681
11.4822
11.3022
11.1882
11.1263
11.2006
11.2973
11.4822
11.8281
12.3451
12.3451
11.8281
11.4822
11.2973
11.2006
11.2709
11.4173
11.681
12.3451
13.4171
13.4171
12.3451
11.681
11.4173
11.2709
11.2709
11.4173
11.681
12.3451
13.4171
13.4171
12.3451
11.681
11.4173
11.2709
11.2006
11.2973
11.4822
11.8281
12.3451
12.3451
11.8281
11.4822
11.2973
11.2006
11.1263
11.1882
11.3022
11.4822
11.681
11.681
11.4822
11.3022
11.1882
11.1263
11.0668
11.1096
11.1882
11.2973
11.4173
11.4173
11.2973
11.1882
11.1096
11.0668
11.0343
11.0668
11.1263
11.2006
11.2709
11.2709
11.2006
11.1263
11.0668
11.0343
)
;
    }
}


// ************************************************************************* //
