/*--------------------------------*- C++ -*----------------------------------*\
| =========                 |                                                 |
| \\      /  F ield         | OpenFOAM: The Open Source CFD Toolbox           |
|  \\    /   O peration     | Version:  2412                                  |
|   \\  /    A nd           | Website:  www.openfoam.com                      |
|    \\/     M anipulation  |                                                 |
\*---------------------------------------------------------------------------*/
FoamFile
{
    version     2.0;
    format      ascii;
    arch        "LSB;label=32;scalar=64";
    class       volScalarField;
    location    "0.97";
    object      p;
}
// * * * * * * * * * * * * * * * * * * * * * * * * * * * * * * * * * * * * * //

dimensions      [1 -1 -2 0 0 0 0];

internalField   nonuniform List<scalar> 
1000
(
8.92501
8.5887
9.42165
9.09117
9.21355
9.21357
9.09112
9.42175
8.58879
8.92505
8.58867
8.63408
8.66399
8.93741
8.92468
8.92469
8.93741
8.66399
8.63409
8.58872
9.4216
8.66397
9.32628
8.58033
8.93013
8.93018
8.58036
9.32624
8.66397
9.42161
9.09118
8.93738
8.58031
8.65347
9.0924
9.09241
8.65354
8.58033
8.93734
9.09121
9.21347
8.92462
8.9301
9.0925
9.68818
9.68817
9.09263
8.93011
8.92455
9.21338
9.21349
8.92462
8.93015
9.09249
9.68817
9.68819
9.09261
8.93014
8.92455
9.21339
9.09107
8.93737
8.58032
8.65356
9.09265
9.09263
8.65361
8.58031
8.93733
9.09102
9.42177
8.66396
9.32621
8.58032
8.93014
8.93015
8.58032
9.32617
8.66396
9.4218
8.58881
8.63407
8.66397
8.93734
8.92456
8.92456
8.93733
8.66396
8.63409
8.58883
8.92507
8.58875
9.42165
9.09124
9.21342
9.21342
9.0911
9.42179
8.58882
8.92515
8.91468
8.5263
8.70162
8.61654
8.70854
8.70857
8.61654
8.70176
8.52643
8.91472
8.52625
8.63566
8.39178
8.68116
8.6203
8.6203
8.68118
8.39181
8.63569
8.52628
8.70159
8.39178
8.63984
8.08832
8.50701
8.50704
8.08837
8.63982
8.39184
8.70162
8.61653
8.68113
8.08833
8.37935
8.78173
8.78176
8.3794
8.08841
8.6811
8.61657
8.70848
8.62026
8.50697
8.78177
9.27353
9.27363
8.78187
8.50697
8.62021
8.70843
8.70852
8.62025
8.507
8.78181
9.27373
9.27382
8.7819
8.50699
8.62021
8.70846
8.6165
8.68115
8.08838
8.37942
8.78187
8.78189
8.37947
8.08842
8.68113
8.61645
8.70181
8.39183
8.6398
8.0884
8.50698
8.50699
8.08841
8.63976
8.39188
8.70189
8.52645
8.63568
8.39185
8.68111
8.62021
8.6202
8.68112
8.39188
8.6357
8.52651
8.91474
8.52632
8.70162
8.61661
8.70846
8.70848
8.61651
8.70183
8.52647
8.91484
8.91565
8.43646
8.2084
8.37898
8.28774
8.28773
8.37901
8.20845
8.43659
8.91568
8.43637
8.42582
8.0658
8.41676
8.30787
8.30788
8.41679
8.06588
8.42585
8.43639
8.20839
8.06579
8.0914
7.86339
8.18692
8.18696
7.86341
8.09139
8.06589
8.20851
8.37895
8.41674
7.8634
8.0941
8.40739
8.40743
8.09409
7.86346
8.41677
8.37896
8.28771
8.30784
8.18689
8.4074
8.73904
8.7391
8.40747
8.18692
8.30782
8.28768
8.2877
8.30784
8.18694
8.40747
8.73916
8.73921
8.40753
8.18695
8.30782
8.28766
8.37899
8.41678
7.86339
8.09408
8.40749
8.40751
8.0941
7.86345
8.41681
8.37897
8.20848
8.0659
8.09138
7.86343
8.18693
8.18694
7.86345
8.09134
8.06598
8.20861
8.43659
8.42584
8.06592
8.41678
8.30782
8.30782
8.4168
8.06598
8.42587
8.43662
8.91571
8.43645
8.20851
8.37898
8.28769
8.28768
8.37898
8.20859
8.43658
8.91583
8.88055
8.22915
7.93388
7.98976
7.9487
7.94869
7.98976
7.93385
8.22928
8.88056
8.2291
8.07534
7.68302
8.0866
7.91711
7.91712
8.0866
7.68315
8.0754
8.22912
7.93387
7.68296
7.7204
7.87472
7.93565
7.93563
7.87463
7.72042
7.68312
7.934
7.98974
8.08659
7.87473
7.81733
8.01848
8.01848
7.81735
7.87473
8.08662
7.98974
7.94868
7.91709
7.93563
8.01849
8.22126
8.2213
8.01853
7.93564
7.91707
7.94866
7.94866
7.9171
7.93561
8.0185
8.22132
8.22134
8.01854
7.93561
7.91708
7.94864
7.98975
8.08659
7.87459
7.81735
8.01853
8.01854
7.81736
7.87463
8.08663
7.98974
7.93385
7.68316
7.72042
7.87467
7.93564
7.93562
7.87461
7.72043
7.68328
7.93399
8.22929
8.07541
7.68322
8.08664
7.91708
7.91708
8.08664
7.6833
8.07546
8.22931
8.88058
8.22916
7.93402
7.98977
7.94867
7.94866
7.98976
7.93403
8.22928
8.88069
8.84133
7.93545
7.67743
7.44046
7.59693
7.59692
7.44047
7.67737
7.93554
8.84128
7.93543
7.71522
7.52065
7.69694
7.59582
7.59583
7.69696
7.52076
7.71526
7.93543
7.67744
7.52057
7.54859
7.69694
7.63497
7.63496
7.69688
7.54862
7.52067
7.67752
7.44045
7.69691
7.69691
7.50662
7.679
7.67899
7.50664
7.69685
7.69691
7.44045
7.59692
7.59579
7.63496
7.67901
7.81785
7.81787
7.67904
7.63495
7.59576
7.59691
7.59691
7.59581
7.63495
7.679
7.81789
7.8179
7.67903
7.63495
7.59578
7.5969
7.44045
7.69694
7.69681
7.50665
7.67904
7.67903
7.50666
7.69677
7.69694
7.44046
7.67736
7.52075
7.54864
7.69684
7.63495
7.63495
7.69679
7.5487
7.52082
7.67746
7.93555
7.71526
7.52076
7.69692
7.59576
7.59577
7.69694
7.52085
7.71529
7.93556
8.84127
7.93543
7.67752
7.44047
7.59691
7.59691
7.44048
7.67749
7.93551
8.84133
9.04802
7.46385
7.51059
7.0581
7.24985
7.24984
7.05811
7.51048
7.4639
9.04785
7.46389
7.28583
7.35238
7.30559
7.32154
7.32155
7.3056
7.35249
7.28585
7.46387
7.51063
7.35229
7.4434
7.32094
7.33454
7.33454
7.32094
7.44336
7.35231
7.51061
7.05809
7.30557
7.32091
7.23578
7.35355
7.35354
7.23578
7.3209
7.30555
7.05812
7.24985
7.32152
7.33452
7.35356
7.43747
7.43748
7.35357
7.3345
7.32152
7.24985
7.24983
7.32154
7.33453
7.35355
7.43748
7.43749
7.35357
7.33451
7.32154
7.24983
7.05811
7.3056
7.32091
7.23579
7.35357
7.35356
7.23579
7.32089
7.30557
7.05813
7.51048
7.35247
7.44336
7.32092
7.33451
7.33452
7.32091
7.44335
7.35247
7.51048
7.46394
7.28585
7.35236
7.30555
7.32152
7.32153
7.30556
7.35245
7.28586
7.46392
9.04779
7.46382
7.51055
7.0581
7.24984
7.24984
7.05811
7.51046
7.46387
9.04773
9.54296
6.88941
7.34501
6.76277
6.99049
6.99047
6.76281
7.34492
6.8894
9.54281
6.88947
6.90292
7.08693
6.96045
7.01058
7.01057
6.96044
7.08704
6.90291
6.88942
7.34504
7.08687
7.1831
6.94811
6.98887
6.98889
6.9481
7.18305
7.08684
7.34494
6.76275
6.96045
6.94809
6.95719
7.02812
7.02811
6.95719
6.94808
6.96043
6.76277
6.99049
7.01057
6.98886
7.02813
7.07414
7.07414
7.02814
6.98883
7.01056
6.99049
6.99046
7.01056
6.98888
7.02811
7.07415
7.07414
7.02813
6.98886
7.01055
6.99046
6.7628
6.96043
6.94807
6.9572
7.02814
7.02813
6.9572
6.94806
6.96042
6.7628
7.34492
7.08702
7.18304
6.94809
6.98883
6.98885
6.94807
7.183
7.08698
7.34485
6.88944
6.90292
7.08687
6.96043
7.01056
7.01055
6.96042
7.08695
6.90291
6.88941
9.54271
6.88936
7.34486
6.76278
6.99047
6.99046
6.7628
7.3448
6.88936
9.54251
8.52816
6.39519
7.05495
6.4895
6.66412
6.6641
6.48954
7.05494
6.39513
8.52796
6.39525
6.53835
6.71918
6.62747
6.68306
6.68305
6.62744
6.71921
6.53832
6.39516
7.05496
6.71915
6.85821
6.62362
6.66215
6.66217
6.6236
6.85814
6.71907
7.05487
6.48949
6.62747
6.6236
6.67969
6.70312
6.7031
6.67971
6.62359
6.62745
6.48951
6.66413
6.68305
6.66214
6.70312
6.72073
6.72072
6.70314
6.66209
6.68304
6.66411
6.66409
6.68305
6.66217
6.70311
6.72072
6.72072
6.70313
6.66212
6.68304
6.66408
6.48954
6.62743
6.62358
6.67972
6.70314
6.70313
6.67974
6.62357
6.62742
6.48955
7.05494
6.7192
6.85811
6.62359
6.66208
6.66211
6.62357
6.85805
6.71912
7.05486
6.39515
6.53831
6.71906
6.62745
6.68304
6.68304
6.62742
6.71909
6.53829
6.3951
8.52785
6.39509
7.05482
6.48951
6.6641
6.66408
6.48953
7.05481
6.39506
8.52757
8.12146
5.98719
6.62704
6.21231
6.32426
6.32426
6.21233
6.62697
5.98709
8.12132
5.98721
6.16673
6.34077
6.31272
6.36172
6.36172
6.31267
6.34077
6.16669
5.98711
6.62703
6.34076
6.46567
6.30755
6.34643
6.34645
6.30753
6.46563
6.34065
6.62694
6.2123
6.31272
6.30755
6.3796
6.37539
6.37538
6.37965
6.30751
6.31271
6.2123
6.32426
6.36172
6.34643
6.37539
6.37922
6.37922
6.3754
6.34639
6.3617
6.32425
6.32426
6.36171
6.34645
6.37538
6.37922
6.37921
6.37539
6.34642
6.3617
6.32424
6.21233
6.31266
6.30752
6.37966
6.3754
6.37539
6.37969
6.30748
6.31266
6.21232
6.62694
6.34076
6.46561
6.3075
6.34638
6.3464
6.30748
6.46557
6.34068
6.62688
5.98707
6.16668
6.34063
6.3127
6.3617
6.3617
6.31267
6.34064
6.16666
5.98702
8.12128
5.98708
6.62692
6.2123
6.32424
6.32424
6.21232
6.62688
5.98702
8.1212
7.55514
5.6106
6.18697
5.9222
6.00633
6.00634
5.92219
6.18694
5.61066
7.55553
5.61064
5.78749
5.94598
5.9732
6.03051
6.0305
5.97315
5.94599
5.78746
5.61064
6.18697
5.94598
6.10833
5.99372
6.01775
6.01777
5.99369
6.10829
5.94589
6.18692
5.92219
5.9732
5.99373
6.06267
6.04262
6.04261
6.0627
5.99369
5.97319
5.92219
6.00633
6.03051
6.01775
6.04263
6.0415
6.0415
6.04262
6.01771
6.03049
6.00632
6.00634
6.03049
6.01777
6.04261
6.04149
6.04149
6.04261
6.01773
6.03048
6.00632
5.92219
5.97314
5.99369
6.0627
6.04261
6.04261
6.06272
5.99366
5.97313
5.92218
6.18692
5.94599
6.10828
5.99367
6.0177
6.01771
5.99365
6.10826
5.94591
6.18688
5.61071
5.78745
5.94586
5.97318
6.03049
6.03048
5.97314
5.94588
5.78744
5.61069
7.55564
5.61062
6.18692
5.92218
6.00631
6.00632
5.92218
6.1869
5.61066
7.55581
)
;

boundaryField
{
    bottom
    {
        type            calculated;
        value           nonuniform List<scalar> 0();
    }
    atmosphere
    {
        type            calculated;
        value           nonuniform List<scalar> 0();
    }
    walls
    {
        type            calculated;
        value           nonuniform List<scalar> 
400
(
8.92501
8.58867
9.4216
9.09118
9.21347
9.21349
9.09107
9.42177
8.58881
8.92507
8.91468
8.52625
8.70159
8.61653
8.70848
8.70852
8.6165
8.70181
8.52645
8.91474
8.91565
8.43637
8.20839
8.37895
8.28771
8.2877
8.37899
8.20848
8.43659
8.91571
8.88055
8.2291
7.93387
7.98974
7.94868
7.94866
7.98975
7.93385
8.22929
8.88058
8.84133
7.93543
7.67744
7.44045
7.59692
7.59691
7.44045
7.67736
7.93555
8.84127
9.04802
7.46389
7.51063
7.05809
7.24985
7.24983
7.05811
7.51048
7.46394
9.04779
9.54296
6.88947
7.34504
6.76275
6.99049
6.99046
6.7628
7.34492
6.88944
9.54271
8.52816
6.39525
7.05496
6.48949
6.66413
6.66409
6.48954
7.05494
6.39515
8.52785
8.12146
5.98721
6.62703
6.2123
6.32426
6.32426
6.21233
6.62694
5.98707
8.12128
7.55514
5.61064
6.18697
5.92219
6.00633
6.00634
5.92219
6.18692
5.61071
7.55564
8.92505
8.58872
9.42161
9.09121
9.21338
9.21339
9.09102
9.4218
8.58883
8.92515
8.91472
8.52628
8.70162
8.61657
8.70843
8.70846
8.61645
8.70189
8.52651
8.91484
8.91568
8.43639
8.20851
8.37896
8.28768
8.28766
8.37897
8.20861
8.43662
8.91583
8.88056
8.22912
7.934
7.98974
7.94866
7.94864
7.98974
7.93399
8.22931
8.88069
8.84128
7.93543
7.67752
7.44045
7.59691
7.5969
7.44046
7.67746
7.93556
8.84133
9.04785
7.46387
7.51061
7.05812
7.24985
7.24983
7.05813
7.51048
7.46392
9.04773
9.54281
6.88942
7.34494
6.76277
6.99049
6.99046
6.7628
7.34485
6.88941
9.54251
8.52796
6.39516
7.05487
6.48951
6.66411
6.66408
6.48955
7.05486
6.3951
8.52757
8.12132
5.98711
6.62694
6.2123
6.32425
6.32424
6.21232
6.62688
5.98702
8.1212
7.55553
5.61064
6.18692
5.92219
6.00632
6.00632
5.92218
6.18688
5.61069
7.55581
8.92501
8.91468
8.91565
8.88055
8.84133
9.04802
9.54296
8.52816
8.12146
7.55514
8.5887
8.5263
8.43646
8.22915
7.93545
7.46385
6.88941
6.39519
5.98719
5.6106
9.42165
8.70162
8.2084
7.93388
7.67743
7.51059
7.34501
7.05495
6.62704
6.18697
9.09117
8.61654
8.37898
7.98976
7.44046
7.0581
6.76277
6.4895
6.21231
5.9222
9.21355
8.70854
8.28774
7.9487
7.59693
7.24985
6.99049
6.66412
6.32426
6.00633
9.21357
8.70857
8.28773
7.94869
7.59692
7.24984
6.99047
6.6641
6.32426
6.00634
9.09112
8.61654
8.37901
7.98976
7.44047
7.05811
6.76281
6.48954
6.21233
5.92219
9.42175
8.70176
8.20845
7.93385
7.67737
7.51048
7.34492
7.05494
6.62697
6.18694
8.58879
8.52643
8.43659
8.22928
7.93554
7.4639
6.8894
6.39513
5.98709
5.61066
8.92505
8.91472
8.91568
8.88056
8.84128
9.04785
9.54281
8.52796
8.12132
7.55553
8.92507
8.91474
8.91571
8.88058
8.84127
9.04779
9.54271
8.52785
8.12128
7.55564
8.58875
8.52632
8.43645
8.22916
7.93543
7.46382
6.88936
6.39509
5.98708
5.61062
9.42165
8.70162
8.20851
7.93402
7.67752
7.51055
7.34486
7.05482
6.62692
6.18692
9.09124
8.61661
8.37898
7.98977
7.44047
7.0581
6.76278
6.48951
6.2123
5.92218
9.21342
8.70846
8.28769
7.94867
7.59691
7.24984
6.99047
6.6641
6.32424
6.00631
9.21342
8.70848
8.28768
7.94866
7.59691
7.24984
6.99046
6.66408
6.32424
6.00632
9.0911
8.61651
8.37898
7.98976
7.44048
7.05811
6.7628
6.48953
6.21232
5.92218
9.42179
8.70183
8.20859
7.93403
7.67749
7.51046
7.3448
7.05481
6.62688
6.1869
8.58882
8.52647
8.43658
8.22928
7.93551
7.46387
6.88936
6.39506
5.98702
5.61066
8.92515
8.91484
8.91583
8.88069
8.84133
9.04773
9.54251
8.52757
8.1212
7.55581
)
;
    }
    procBoundary2to0
    {
        type            processor;
        value           nonuniform List<scalar> 
100
(
6.62804
5.24915
5.80435
5.64401
5.68058
5.68057
5.64398
5.80433
5.24914
6.62821
5.24917
5.36973
5.54441
5.61317
5.68386
5.68384
5.61312
5.54441
5.36971
5.24915
5.80435
5.54441
5.78607
5.68616
5.67878
5.67879
5.68615
5.78605
5.54433
5.80432
5.64401
5.61318
5.68617
5.74684
5.70324
5.70322
5.74685
5.68614
5.61316
5.644
5.68058
5.68386
5.67878
5.70324
5.704
5.704
5.70322
5.67874
5.68384
5.68056
5.68057
5.68384
5.67879
5.70322
5.70399
5.70399
5.70321
5.67875
5.68382
5.68055
5.64398
5.61311
5.68615
5.74685
5.70322
5.70321
5.74685
5.68614
5.6131
5.64397
5.80432
5.54442
5.78604
5.68611
5.67873
5.67874
5.68612
5.78602
5.54435
5.8043
5.24915
5.3697
5.54431
5.61315
5.68383
5.68382
5.61311
5.54432
5.36969
5.24914
6.62826
5.24914
5.80432
5.644
5.68055
5.68055
5.64398
5.8043
5.24914
6.62836
)
;
    }
    procBoundary2to3
    {
        type            processor;
        value           nonuniform List<scalar> 
100
(
9.37765
8.74378
10.1901
9.64331
9.69631
9.69629
9.64322
10.1901
8.74381
9.37768
8.74375
8.60626
8.86252
9.08293
9.14093
9.14096
9.08292
8.86247
8.60625
8.74374
10.1901
8.8625
9.92137
8.87798
9.27442
9.27443
8.87802
9.9213
8.86243
10.19
9.64334
9.08288
8.8779
8.84565
9.12778
9.12764
8.84567
8.87785
9.08284
9.64333
9.69616
9.14082
9.27435
9.12789
9.44121
9.44106
9.12792
9.27429
9.14071
9.69599
9.69613
9.14084
9.27436
9.12762
9.44096
9.44086
9.12767
9.2743
9.14073
9.69595
9.64317
9.08286
8.87794
8.8457
9.12785
9.12773
8.84571
8.87788
9.08281
9.64312
10.1901
8.86241
9.92125
8.87785
9.2743
9.2743
8.87787
9.9212
8.86237
10.1901
8.74378
8.6062
8.86239
9.08283
9.14072
9.14074
9.08282
8.86236
8.60618
8.74373
9.37769
8.74376
10.19
9.64331
9.69603
9.69601
9.64318
10.1901
8.74375
9.37775
)
;
    }
}


// ************************************************************************* //
