/*--------------------------------*- C++ -*----------------------------------*\
| =========                 |                                                 |
| \\      /  F ield         | OpenFOAM: The Open Source CFD Toolbox           |
|  \\    /   O peration     | Version:  2412                                  |
|   \\  /    A nd           | Website:  www.openfoam.com                      |
|    \\/     M anipulation  |                                                 |
\*---------------------------------------------------------------------------*/
FoamFile
{
    version     2.0;
    format      ascii;
    arch        "LSB;label=32;scalar=64";
    class       surfaceScalarField;
    location    "0.01";
    object      phi;
}
// * * * * * * * * * * * * * * * * * * * * * * * * * * * * * * * * * * * * * //

dimensions      [0 3 -1 0 0 0 0];

oriented        oriented;

internalField   nonuniform List<scalar> 
2700
(
-3.35816e-09
-3.30258e-09
6.63838e-09
-5.44806e-09
-3.36263e-09
5.43142e-09
-5.46972e-09
-3.46069e-09
3.46365e-09
-3.40126e-09
-3.56025e-09
1.47624e-09
-2.69518e-11
-3.62273e-09
2.35519e-10
3.34983e-09
-3.62261e-09
2.34294e-10
5.42547e-09
-3.55991e-09
1.47284e-09
5.41573e-09
-3.46017e-09
3.4586e-09
3.34014e-09
-3.36211e-09
5.42418e-09
-3.30256e-09
6.63556e-09
-3.41824e-09
-5.34305e-09
5.43391e-09
-5.54625e-09
-5.44109e-09
4.18282e-09
-5.56918e-09
-5.60121e-09
2.14209e-09
-3.46352e-09
-5.76394e-09
7.96203e-11
-2.68708e-11
-5.86604e-09
-1.20931e-09
3.41218e-09
-5.86585e-09
-1.21068e-09
5.52479e-09
-5.76334e-09
7.56798e-11
5.51355e-09
-5.60029e-09
2.13626e-09
3.39974e-09
-5.43998e-09
4.17445e-09
-5.34328e-09
5.42913e-09
-3.51638e-09
-5.32258e-09
3.46955e-09
-5.70645e-09
-5.42179e-09
2.14571e-09
-5.7315e-09
-5.58406e-09
-1.50207e-11
-3.56497e-09
-5.74889e-09
-2.20171e-09
-2.65552e-11
-5.85252e-09
-3.56981e-09
3.51438e-09
-5.85257e-09
-3.57118e-09
5.68808e-09
-5.74901e-09
-2.20551e-09
5.67494e-09
-5.58434e-09
-2.08625e-11
3.49854e-09
-5.4224e-09
2.13803e-09
-5.32564e-09
3.46473e-09
-3.61569e-09
-3.23677e-09
1.48951e-09
-5.86905e-09
-3.29883e-09
9.09375e-11
-5.89635e-09
-3.40026e-09
-2.19402e-09
-3.66835e-09
-3.50343e-09
-4.50835e-09
-2.67831e-11
-3.56836e-09
-5.95843e-09
3.61709e-09
-3.56839e-09
-5.95983e-09
5.85163e-09
-3.50351e-09
-4.51227e-09
5.83514e-09
-3.40037e-09
-2.19985e-09
3.59522e-09
-3.2991e-09
8.29034e-11
-3.23981e-09
1.484e-09
-3.67845e-09
1.44922e-10
2.5406e-10
-5.97138e-09
1.45385e-10
-1.19254e-09
-6.00005e-09
1.45781e-10
-3.55665e-09
-3.73334e-09
1.46188e-10
-5.953e-09
-2.67068e-11
1.46369e-10
-7.45584e-09
3.68244e-09
1.46153e-10
-7.45727e-09
5.95625e-09
1.45515e-10
-5.95691e-09
5.93897e-09
1.44536e-10
-3.5625e-09
3.659e-09
1.43477e-10
-1.19962e-09
1.39788e-10
2.48435e-10
-3.67792e-09
3.50086e-09
2.61217e-10
-5.97084e-09
3.56369e-09
-1.18514e-09
-5.9997e-09
3.66589e-09
-3.54919e-09
-3.73332e-09
3.76986e-09
-5.94551e-09
-2.71946e-11
3.8353e-09
-7.44837e-09
3.68118e-09
3.83532e-09
-7.44985e-09
5.95385e-09
3.76991e-09
-5.94959e-09
5.93511e-09
3.66593e-09
-3.55532e-09
3.6549e-09
3.56352e-09
-1.19273e-09
3.49805e-09
2.54386e-10
-3.61534e-09
5.55119e-09
1.50336e-09
-5.86837e-09
5.65125e-09
1.05481e-10
-5.89557e-09
5.81446e-09
-2.17949e-09
-3.66796e-09
5.98032e-09
-4.49375e-09
-2.70559e-11
6.08471e-09
-5.94386e-09
3.61629e-09
6.08486e-09
-5.94531e-09
5.85071e-09
5.98068e-09
-4.49764e-09
5.83423e-09
5.81483e-09
-2.18546e-09
3.59365e-09
5.65136e-09
9.86389e-11
5.54873e-09
1.49676e-09
-3.51498e-09
5.49509e-09
3.49439e-09
-5.70454e-09
5.59359e-09
2.17161e-09
-5.72973e-09
5.75461e-09
1.11583e-11
-3.56408e-09
5.91853e-09
-2.17541e-09
-2.71365e-11
6.02175e-09
-3.54347e-09
3.51197e-09
6.02234e-09
-3.54488e-09
5.6836e-09
5.92018e-09
-2.17927e-09
5.66796e-09
5.75722e-09
4.99552e-12
3.49048e-09
5.59633e-09
2.16456e-09
5.49661e-09
3.48656e-09
-3.41676e-09
3.37685e-09
5.4638e-09
-5.54375e-09
3.43692e-09
4.21407e-09
-5.56637e-09
3.53562e-09
2.17355e-09
-3.46154e-09
3.6361e-09
1.11386e-10
-2.64838e-11
3.69955e-09
-1.17751e-09
3.41078e-09
3.70006e-09
-1.17897e-09
5.52173e-09
3.63756e-09
1.07362e-10
5.50848e-09
3.53789e-09
2.16714e-09
3.39297e-09
3.43904e-09
4.20699e-09
3.37839e-09
5.45575e-09
-3.35658e-09
6.66411e-09
-5.44491e-09
5.45984e-09
-5.46587e-09
3.49267e-09
-3.39819e-09
1.50605e-09
-2.58411e-11
2.66058e-10
3.34853e-09
2.65203e-10
5.42165e-09
1.50391e-09
5.40946e-09
3.48917e-09
3.33213e-09
5.45683e-09
6.66051e-09
-3.63734e-09
-3.58129e-09
1.38372e-08
-5.90244e-09
-3.65135e-09
1.13284e-08
-5.92765e-09
-3.76606e-09
7.23715e-09
-3.68658e-09
-3.88278e-09
3.1024e-09
-2.72127e-11
-3.95621e-09
5.18284e-10
3.63466e-09
-3.95614e-09
5.14144e-10
5.88291e-09
-3.88256e-09
3.09036e-09
5.87003e-09
-3.76572e-09
7.21841e-09
3.6206e-09
-3.65097e-09
1.13046e-08
-3.58193e-09
1.38076e-08
-3.70748e-09
-5.79669e-09
1.13336e-08
-6.01719e-09
-5.91115e-09
8.72938e-09
-6.04413e-09
-6.09869e-09
4.48055e-09
-3.75965e-09
-6.2896e-09
1.83256e-10
-2.71916e-11
-6.40975e-09
-2.5052e-09
3.70772e-09
-6.40957e-09
-2.50914e-09
5.99917e-09
-6.28901e-09
1.71834e-10
5.98424e-09
-6.09773e-09
4.46269e-09
3.6899e-09
-5.9099e-09
8.70692e-09
-5.79727e-09
1.13062e-08
-3.82219e-09
-5.77944e-09
7.25119e-09
-6.20478e-09
-5.89543e-09
4.48915e-09
-6.23448e-09
-6.08569e-09
-2.00404e-11
-3.87893e-09
-6.27951e-09
-4.58681e-09
-2.68696e-11
-6.4017e-09
-7.44772e-09
3.82775e-09
-6.40174e-09
-7.45154e-09
6.19063e-09
-6.27963e-09
-4.59785e-09
6.17298e-09
-6.08602e-09
-3.70748e-11
3.80508e-09
-5.8958e-09
4.46777e-09
-5.78284e-09
7.22502e-09
-3.93853e-09
-3.52112e-09
3.13306e-09
-6.39548e-09
-3.59366e-09
2.084e-10
-6.42831e-09
-3.71289e-09
-4.57031e-09
-4.0007e-09
-3.83447e-09
-9.41523e-09
-2.71091e-11
-3.91122e-09
-1.24551e-08
3.94885e-09
-3.91127e-09
-1.2459e-08
6.3831e-09
-3.83455e-09
-9.42632e-09
6.36128e-09
-3.71303e-09
-4.5876e-09
3.91856e-09
-3.59373e-09
1.86534e-10
-3.52453e-09
3.10656e-09
-4.01204e-09
1.45705e-10
5.63e-10
-6.51579e-09
1.46448e-10
-2.46655e-09
-6.55057e-09
1.46883e-10
-7.41782e-09
-4.07752e-09
1.47308e-10
-1.24418e-08
-2.70295e-11
1.4749e-10
-1.55971e-08
4.02604e-09
1.4727e-10
-1.56009e-08
6.50637e-09
1.46633e-10
-1.24527e-08
6.48312e-09
1.45627e-10
-7.43458e-09
3.99292e-09
1.44779e-10
-2.4874e-09
1.40099e-10
5.37575e-10
-4.01137e-09
3.78633e-09
5.78532e-10
-6.51516e-09
3.86017e-09
-2.45097e-09
-6.5502e-09
3.98024e-09
-7.40213e-09
-4.07751e-09
4.10266e-09
-1.2426e-08
-2.75348e-11
4.17994e-09
-1.55813e-08
4.02477e-09
4.17996e-09
-1.55851e-08
6.50393e-09
4.10274e-09
-1.2437e-08
6.47904e-09
3.98031e-09
-7.41926e-09
3.98835e-09
3.86024e-09
-2.47268e-09
3.78306e-09
5.52153e-10
-3.93775e-09
6.00931e-09
3.16662e-09
-6.39454e-09
6.12657e-09
2.41624e-10
-6.42747e-09
6.31784e-09
-4.53715e-09
-4.00032e-09
6.51275e-09
-9.38196e-09
-2.7374e-11
6.63571e-09
-1.24217e-08
3.94807e-09
6.63587e-09
-1.24255e-08
6.3823e-09
6.51314e-09
-9.39279e-09
6.36006e-09
6.31825e-09
-4.55376e-09
3.91579e-09
6.12689e-09
2.20666e-10
6.00641e-09
3.14151e-09
-3.82013e-09
5.94818e-09
7.30944e-09
-6.20246e-09
6.06372e-09
4.54717e-09
-6.23257e-09
6.25228e-09
3.83112e-11
-3.878e-09
6.44441e-09
-4.52823e-09
-2.74469e-11
6.56569e-09
-7.38889e-09
3.82533e-09
6.5663e-09
-7.39262e-09
6.18617e-09
6.44611e-09
-4.539e-09
6.16533e-09
6.25489e-09
2.15321e-11
3.79505e-09
6.06673e-09
4.52582e-09
5.94916e-09
7.28361e-09
-3.70517e-09
3.65248e-09
1.14013e-08
-6.01417e-09
3.72335e-09
8.79662e-09
-6.0412e-09
3.83887e-09
4.54825e-09
-3.75765e-09
3.95663e-09
2.51625e-10
-2.68153e-11
4.03109e-09
-2.4363e-09
3.70627e-09
4.03179e-09
-2.43984e-09
5.99623e-09
3.95859e-09
2.41377e-10
5.97841e-09
3.84192e-09
4.53254e-09
3.68068e-09
3.72669e-09
8.77657e-09
3.6547e-09
1.13772e-08
-3.63416e-09
1.39159e-08
-5.89823e-09
1.1406e-08
-5.92347e-09
7.31518e-09
-3.68336e-09
3.18105e-09
-2.59188e-11
5.97719e-10
3.63355e-09
5.93678e-10
5.8794e-09
3.16947e-09
5.86225e-09
7.29714e-09
3.60869e-09
1.13829e-08
1.38872e-08
-4.21525e-09
-4.15781e-09
2.2185e-08
-6.84373e-09
-4.24978e-09
1.8183e-08
-6.87731e-09
-4.40043e-09
1.16506e-08
-4.27879e-09
-4.5542e-09
5.04161e-09
-2.82974e-11
-4.6514e-09
9.0626e-10
4.22482e-09
-4.65126e-09
9.01522e-10
6.83095e-09
-4.55381e-09
5.02811e-09
6.81002e-09
-4.39982e-09
1.16301e-08
4.19593e-09
-4.24916e-09
1.81561e-08
-4.15756e-09
2.21628e-08
-4.30725e-09
-6.73519e-09
1.81905e-08
-6.9944e-09
-6.88576e-09
1.40264e-08
-7.03058e-09
-7.13251e-09
7.22555e-09
-4.37524e-09
-7.38473e-09
3.38887e-10
-2.82021e-11
-7.54412e-09
-3.9759e-09
4.32137e-09
-7.5439e-09
-3.98079e-09
6.98408e-09
-7.38405e-09
3.2482e-10
6.96032e-09
-7.13145e-09
7.20409e-09
4.28762e-09
-6.88449e-09
1.39984e-08
-6.73516e-09
1.81658e-08
-4.45802e-09
-6.7248e-09
1.16692e-08
-7.24125e-09
-6.87788e-09
7.23679e-09
-7.28192e-09
-7.12915e-09
-7.76086e-12
-4.53321e-09
-7.38582e-09
-7.35598e-09
-2.78514e-11
-7.54846e-09
-1.19674e-08
4.48017e-09
-7.5485e-09
-1.19722e-08
7.2365e-09
-7.38593e-09
-7.3697e-09
7.20843e-09
-7.12937e-09
-2.8676e-11
4.43916e-09
-6.87839e-09
7.21009e-09
-6.72777e-09
1.16454e-08
-4.61157e-09
-4.1085e-09
5.08278e-09
-7.49332e-09
-4.20482e-09
3.73294e-10
-7.53862e-09
-4.3628e-09
-7.33276e-09
-4.69508e-09
-4.52449e-09
-1.51582e-08
-2.8098e-11
-4.62707e-09
-2.00788e-08
4.64134e-09
-4.62712e-09
-2.00837e-08
7.49182e-09
-4.52457e-09
-1.51721e-08
7.45805e-09
-4.36291e-09
-7.35393e-09
4.59015e-09
-4.2051e-09
3.46183e-10
-4.11143e-09
5.05758e-09
-4.70914e-09
1.49828e-10
9.64984e-10
-7.65303e-09
1.50233e-10
-3.92388e-09
-7.70136e-09
1.50648e-10
-1.19266e-08
-4.79773e-09
1.51086e-10
-2.00614e-08
-2.80152e-11
1.51279e-10
-2.51828e-08
4.7444e-09
1.51059e-10
-2.51878e-08
7.6556e-09
1.50409e-10
-2.00754e-08
7.61935e-09
1.49398e-10
-1.19475e-08
4.68892e-09
1.48308e-10
-3.94951e-09
1.44704e-10
9.40423e-10
-4.70862e-09
4.38109e-09
9.86558e-10
-7.65247e-09
4.47804e-09
-3.90183e-09
-7.70099e-09
4.6368e-09
-1.19044e-08
-4.79772e-09
4.79933e-09
-2.00391e-08
-2.8529e-11
4.90244e-09
-2.51606e-08
4.74307e-09
4.90247e-09
-2.51657e-08
7.65302e-09
4.7994e-09
-2.00534e-08
7.61531e-09
4.63687e-09
-1.1926e-08
4.68488e-09
4.47784e-09
-3.92835e-09
4.37829e-09
9.59568e-10
-4.61142e-09
6.96098e-09
5.12692e-09
-7.4927e-09
7.11482e-09
4.18342e-10
-7.53781e-09
7.36705e-09
-7.28769e-09
-4.69469e-09
7.62489e-09
-1.51131e-08
-2.83606e-11
7.78833e-09
-2.00338e-08
4.64059e-09
7.78851e-09
-2.00387e-08
7.49097e-09
7.62533e-09
-1.5127e-08
7.45725e-09
7.3675e-09
-7.30868e-09
4.58916e-09
7.11497e-09
3.93021e-10
6.9586e-09
5.1009e-09
-4.45684e-09
6.89226e-09
1.17469e-08
-7.23936e-09
7.04315e-09
7.31619e-09
-7.28e-09
7.29088e-09
7.21739e-11
-4.53225e-09
7.54434e-09
-7.27555e-09
-2.84311e-11
7.70493e-09
-1.18869e-08
4.4777e-09
7.70555e-09
-1.18918e-08
7.23177e-09
7.54609e-09
-7.28928e-09
7.20127e-09
7.29359e-09
5.08862e-11
4.43175e-09
7.04591e-09
7.29059e-09
6.89401e-09
1.17187e-08
-4.30603e-09
4.23581e-09
1.82825e-08
-6.99186e-09
4.32749e-09
1.41204e-08
-7.02758e-09
4.47877e-09
7.32028e-09
-4.37312e-09
4.6335e-09
4.3439e-10
-2.77303e-11
4.7317e-09
-3.88017e-09
4.32001e-09
4.73224e-09
-3.88503e-09
6.98092e-09
4.63501e-09
4.20667e-10
6.95517e-09
4.48105e-09
7.29905e-09
4.28185e-09
4.32959e-09
1.40949e-08
4.23781e-09
1.82542e-08
-4.21423e-09
2.2278e-08
-6.84064e-09
1.82796e-08
-6.87325e-09
1.17486e-08
-4.27555e-09
5.14118e-09
-2.70672e-11
1.0073e-09
4.22354e-09
1.00323e-09
6.82696e-09
5.12999e-09
6.80378e-09
1.17312e-08
4.18982e-09
1.82594e-08
2.22559e-08
-5.13831e-09
-5.07933e-09
3.23807e-08
-8.34733e-09
-5.20813e-09
2.65786e-08
-8.39516e-09
-5.42e-09
1.70988e-08
-5.22607e-09
-5.63717e-09
7.49251e-09
-2.9401e-11
-5.77514e-09
1.4694e-09
5.17001e-09
-5.77506e-09
1.46141e-09
8.34689e-09
-5.63689e-09
7.46934e-09
8.31235e-09
-5.41958e-09
1.70627e-08
5.12057e-09
-5.20755e-09
2.65339e-08
-5.07995e-09
3.23249e-08
-5.26721e-09
-8.23628e-09
2.65891e-08
-8.55908e-09
-8.44771e-09
2.05326e-08
-8.61131e-09
-8.79571e-09
1.06302e-08
-5.3626e-09
-9.15261e-09
5.85129e-10
-2.93748e-11
-9.37954e-09
-5.72302e-09
5.30654e-09
-9.37932e-09
-5.73071e-09
8.56284e-09
-9.15191e-09
5.62895e-10
8.52357e-09
-8.79453e-09
1.05956e-08
5.24851e-09
-8.44603e-09
2.04899e-08
-8.23662e-09
2.6537e-08
-5.47905e-09
-8.23874e-09
1.71256e-08
-8.90713e-09
-8.4543e-09
1.06462e-08
-8.96669e-09
-8.80956e-09
4.21585e-11
-5.58705e-09
-9.1744e-09
-1.07347e-08
-2.90038e-11
-9.40686e-09
-1.75168e-08
5.53186e-09
-9.4069e-09
-1.75243e-08
8.91955e-09
-9.1745e-09
-1.07563e-08
8.87295e-09
-8.80983e-09
9.03373e-12
5.46088e-09
-8.45437e-09
1.06052e-08
-8.24212e-09
1.7076e-08
-5.69577e-09
-5.05202e-09
7.5522e-09
-9.26376e-09
-5.18791e-09
6.33856e-10
-9.33155e-09
-5.41236e-09
-1.07018e-08
-5.81804e-09
-5.64318e-09
-2.22402e-08
-2.92694e-11
-5.79059e-09
-2.95189e-08
5.76211e-09
-5.79065e-09
-2.95265e-08
9.28299e-09
-5.64328e-09
-2.22621e-08
9.22716e-09
-5.41248e-09
-1.07355e-08
5.67458e-09
-5.18777e-09
5.92187e-10
-5.0555e-09
7.50213e-09
-5.8338e-09
1.52976e-10
1.55531e-09
-9.49092e-09
1.53859e-10
-5.64881e-09
-9.56416e-09
1.54353e-10
-1.74588e-08
-5.96552e-09
1.54823e-10
-2.9494e-08
-2.91868e-11
1.55019e-10
-3.7098e-08
5.91003e-09
1.54791e-10
-3.71054e-08
9.51679e-09
1.54148e-10
-2.95155e-08
9.45607e-09
1.53094e-10
-1.74916e-08
5.81353e-09
1.52342e-10
-5.68914e-09
1.47114e-10
1.50732e-09
-5.83299e-09
5.32931e-09
1.58612e-09
-9.49018e-09
5.46668e-09
-5.61781e-09
-9.56375e-09
5.69206e-09
-1.74276e-08
-5.96552e-09
5.92377e-09
-2.94626e-08
-2.97315e-11
6.07171e-09
-3.70664e-08
5.90867e-09
6.07176e-09
-3.7074e-08
9.51418e-09
5.92392e-09
-2.94843e-08
9.4517e-09
5.69219e-09
-1.74609e-08
5.80855e-09
5.46697e-09
-5.65951e-09
5.32579e-09
1.53671e-09
-5.69485e-09
8.48001e-09
7.61636e-09
-9.2627e-09
8.69709e-09
6.97445e-10
-9.33068e-09
9.05351e-09
-1.06383e-08
-5.81765e-09
9.41956e-09
-2.21766e-08
-2.95159e-11
9.65289e-09
-2.94552e-08
5.76143e-09
9.6531e-09
-2.94626e-08
9.2824e-09
9.42008e-09
-2.21979e-08
9.22606e-09
9.05404e-09
-1.06707e-08
5.67144e-09
8.69761e-09
6.56921e-10
8.47697e-09
7.56899e-09
-5.4766e-09
8.39425e-09
1.72388e-08
-8.90446e-09
8.60701e-09
1.07592e-08
-8.96463e-09
8.95614e-09
1.55806e-10
-5.58605e-09
9.31442e-09
-1.06206e-08
-2.95592e-11
9.54263e-09
-1.74024e-08
5.52941e-09
9.54329e-09
-1.74097e-08
8.91501e-09
9.31628e-09
-1.06418e-08
8.86493e-09
8.95891e-09
1.23141e-10
5.44975e-09
8.6103e-09
1.07179e-08
8.395e-09
1.71905e-08
-5.26448e-09
5.15254e-09
2.67195e-08
-8.55566e-09
5.28256e-09
2.06625e-08
-8.60809e-09
5.49535e-09
1.07611e-08
-5.36039e-09
5.71372e-09
7.17138e-10
-2.88761e-11
5.85277e-09
-5.59002e-09
5.30513e-09
5.85358e-09
-5.59699e-09
8.55999e-09
5.71596e-09
6.96966e-10
8.5176e-09
5.49878e-09
1.07303e-08
5.23827e-09
5.28653e-09
2.06233e-08
5.15504e-09
2.6674e-08
-5.13426e-09
3.25331e-08
-8.34241e-09
2.67292e-08
-8.39051e-09
1.72503e-08
-5.22255e-09
7.64519e-09
-2.78435e-11
1.62333e-09
5.16908e-09
1.61561e-09
8.34352e-09
7.62293e-09
8.30403e-09
1.72159e-08
5.10681e-09
2.66849e-08
3.24804e-08
-6.47632e-09
-6.41486e-09
4.5244e-08
-1.05296e-08
-6.602e-09
3.72078e-08
-1.06014e-08
-6.91039e-09
2.40585e-08
-6.60514e-09
-7.22783e-09
1.07066e-08
-3.14467e-11
-7.43083e-09
2.31346e-09
6.54519e-09
-7.43066e-09
2.30496e-09
1.05501e-08
-7.22731e-09
1.06824e-08
1.04925e-08
-6.90955e-09
2.40217e-08
6.45486e-09
-6.60111e-09
3.71602e-08
-6.41424e-09
4.52016e-08
-6.6635e-09
-1.04136e-08
3.72213e-08
-1.08377e-08
-1.07215e-08
2.87981e-08
-1.09169e-08
-1.12294e-08
1.50035e-08
-6.80536e-09
-1.17528e-08
9.78052e-10
-3.13218e-11
-1.20877e-08
-7.85675e-09
6.74557e-09
-1.20874e-08
-7.86544e-09
1.08655e-08
-1.1752e-08
9.53195e-10
1.08002e-08
-1.12281e-08
1.49656e-08
6.64179e-09
-1.07198e-08
2.87494e-08
-1.0413e-08
3.71758e-08
-6.97204e-09
-1.04372e-08
2.4089e-08
-1.13457e-08
-1.07525e-08
1.50207e-08
-1.14377e-08
-1.12732e-08
1.50907e-10
-7.13574e-09
-1.18103e-08
-1.50021e-08
-3.08959e-11
-1.21549e-08
-2.45737e-08
7.07696e-09
-1.21549e-08
-2.45823e-08
1.13876e-08
-1.18104e-08
-1.50265e-08
1.13098e-08
-1.12733e-08
1.13979e-10
6.95136e-09
-1.07528e-08
1.49739e-08
-1.04401e-08
2.40451e-08
-7.28922e-09
-6.42246e-09
1.0777e-08
-1.18689e-08
-6.62262e-09
1.03611e-09
-1.19748e-08
-6.95309e-09
-1.49609e-08
-7.47752e-09
-7.29473e-09
-3.1294e-08
-3.11844e-11
-7.51454e-09
-4.16429e-08
7.41796e-09
-7.51459e-09
-4.16517e-08
1.19232e-08
-7.29481e-09
-3.13188e-08
1.18304e-08
-6.95312e-09
-1.49984e-08
7.26584e-09
-6.62272e-09
9.88961e-10
-6.42516e-09
1.07316e-08
-7.49272e-09
1.60276e-10
2.41151e-09
-1.22042e-08
1.60727e-10
-7.77117e-09
-1.23196e-08
1.61208e-10
-2.45053e-08
-7.69742e-09
1.61704e-10
-4.16161e-08
-3.1091e-11
1.61919e-10
-5.24806e-08
7.63835e-09
1.61697e-10
-5.24896e-08
1.22693e-08
1.61028e-10
-4.16413e-08
1.21676e-08
1.59976e-10
-2.45426e-08
7.47089e-09
1.58789e-10
-7.81658e-09
1.54992e-10
2.36713e-09
-7.49212e-09
6.71255e-09
2.44957e-09
-1.22036e-08
6.91331e-09
-7.73215e-09
-1.23192e-08
7.24461e-09
-2.44659e-08
-7.69741e-09
7.58713e-09
-4.15767e-08
-3.16497e-11
7.80748e-09
-5.24413e-08
7.63692e-09
7.80754e-09
-5.24506e-08
1.22665e-08
7.5873e-09
-4.16024e-08
1.21632e-08
7.2448e-09
-2.45043e-08
7.4665e-09
6.91319e-09
-7.77864e-09
6.7098e-09
2.4022e-09
-7.2891e-09
1.06896e-08
1.0849e-08
-1.18683e-08
1.10058e-08
1.10914e-09
-1.1974e-08
1.15277e-08
-1.4888e-08
-7.47714e-09
1.20661e-08
-3.12211e-08
-3.14136e-11
1.24116e-08
-4.15705e-08
7.41735e-09
1.24118e-08
-4.15795e-08
1.19226e-08
1.20667e-08
-3.12462e-08
1.18299e-08
1.15284e-08
-1.49253e-08
7.26528e-09
1.10061e-08
1.06426e-09
1.06872e-08
1.08028e-08
-6.97072e-09
1.05807e-08
2.42206e-08
-1.13435e-08
1.08889e-08
1.51549e-08
-1.14357e-08
1.13979e-08
2.86181e-10
-7.13471e-09
1.19228e-08
-1.48665e-08
-3.14463e-11
1.2259e-08
-2.44382e-08
7.0745e-09
1.22597e-08
-2.4447e-08
1.13827e-08
1.19247e-08
-1.4891e-08
1.13022e-08
1.14009e-08
2.48739e-10
6.94376e-09
1.08919e-08
1.51098e-08
1.05827e-08
2.4172e-08
-6.6621e-09
6.49871e-09
3.73743e-08
-1.08348e-08
6.68541e-09
2.8954e-08
-1.09135e-08
6.9945e-09
1.51605e-08
-6.80295e-09
7.31303e-09
1.13604e-09
-3.06456e-11
7.51718e-09
-7.69844e-09
6.74435e-09
7.51775e-09
-7.70709e-09
1.08623e-08
7.31461e-09
1.11166e-09
1.0795e-08
6.99682e-09
1.51231e-08
6.63625e-09
6.68746e-09
2.89088e-08
6.50079e-09
3.7325e-08
-6.47528e-09
4.54046e-08
-1.05262e-08
3.73735e-08
-1.05968e-08
2.42262e-08
-6.60147e-09
1.08764e-08
-2.9945e-11
2.48505e-09
6.54401e-09
2.47741e-09
1.05459e-08
1.08552e-08
1.04862e-08
2.41937e-08
6.44927e-09
3.73349e-08
4.5364e-08
-8.33144e-09
-8.26726e-09
6.18154e-08
-1.35581e-08
-8.54282e-09
5.09511e-08
-1.3668e-08
-8.99879e-09
3.31431e-08
-8.52555e-09
-9.47043e-09
1.50139e-08
-3.35335e-11
-9.77406e-09
3.57777e-09
8.46168e-09
-9.77395e-09
3.56585e-09
1.36132e-08
-9.47002e-09
1.49793e-08
1.35184e-08
-8.99815e-09
3.30896e-08
8.3114e-09
-8.54188e-09
5.0885e-08
-8.26761e-09
6.17345e-08
-8.60708e-09
-1.34376e-08
5.09676e-08
-1.40132e-08
-1.38923e-08
3.95235e-08
-1.4136e-08
-1.46454e-08
2.07449e-08
-8.82396e-09
-1.54252e-08
1.59636e-09
-3.34711e-11
-1.59281e-08
-1.05145e-08
8.76015e-09
-1.59278e-08
-1.05262e-08
1.40811e-08
-1.54243e-08
1.56269e-09
1.39732e-08
-1.46439e-08
2.06928e-08
8.58615e-09
-1.38899e-08
3.94595e-08
-1.34371e-08
5.089e-08
-9.06304e-09
-1.34967e-08
3.31825e-08
-1.47664e-08
-1.3964e-08
2.07673e-08
-1.49114e-08
-1.47392e-08
3.63056e-10
-9.31873e-09
-1.55432e-08
-2.05e-08
-3.30204e-11
-1.60633e-08
-3.37442e-08
9.25601e-09
-1.60633e-08
-3.37556e-08
1.48581e-08
-1.55433e-08
-2.0533e-08
1.4728e-08
-1.47394e-08
3.1281e-10
9.04268e-09
-1.39638e-08
2.07055e-08
-1.35e-08
3.31098e-08
-9.5341e-09
-8.33585e-09
1.51044e-08
-1.55459e-08
-8.63356e-09
1.67017e-09
-1.57153e-08
-9.12842e-09
-2.04484e-08
-9.83334e-09
-9.64296e-09
-4.31194e-08
-3.33476e-11
-9.97709e-09
-5.75689e-08
9.76978e-09
-9.9772e-09
-5.75805e-08
1.56606e-08
-9.64311e-09
-4.31529e-08
1.55051e-08
-9.1285e-09
-2.04995e-08
9.51068e-09
-8.63309e-09
1.60765e-09
-8.33906e-09
1.50294e-08
-9.83787e-09
1.6614e-10
3.70495e-09
-1.60491e-08
1.67177e-10
-1.0405e-08
-1.62358e-08
1.67755e-10
-3.36576e-08
-1.01676e-08
1.68285e-10
-5.75344e-08
-3.32825e-11
1.68486e-10
-7.27944e-08
1.01045e-08
1.68239e-10
-7.28059e-08
1.61825e-08
1.67594e-10
-5.75674e-08
1.60103e-08
1.66488e-10
-3.37076e-08
9.81546e-09
1.65729e-10
-1.0466e-08
1.59874e-10
3.63491e-09
-9.83687e-09
8.63491e-09
3.75339e-09
-1.60482e-08
8.93431e-09
-1.03558e-08
-1.62353e-08
9.43018e-09
-3.3608e-08
-1.01676e-08
9.94564e-09
-5.74845e-08
-3.38966e-11
1.02803e-08
-7.27444e-08
1.0103e-08
1.02804e-08
-7.27559e-08
1.61796e-08
9.94596e-09
-5.75177e-08
1.60056e-08
9.43049e-09
-3.36588e-08
9.81006e-09
8.93489e-09
-1.04184e-08
8.63141e-09
3.67999e-09
-9.53305e-09
1.37586e-08
1.51979e-08
-1.55448e-08
1.42277e-08
1.76284e-09
-1.57145e-08
1.50043e-08
-2.03559e-08
-9.83304e-09
1.58097e-08
-4.30271e-08
-3.35727e-11
1.63308e-08
-5.74765e-08
9.76931e-09
1.63312e-08
-5.74879e-08
1.56604e-08
1.58105e-08
-4.30598e-08
1.55042e-08
1.50051e-08
-2.04055e-08
9.50724e-09
1.42285e-08
1.70174e-09
1.37554e-08
1.51287e-08
-9.06009e-09
1.36078e-08
3.3353e-08
-1.47634e-08
1.40641e-08
2.09382e-08
-1.4909e-08
1.48186e-08
5.34775e-10
-9.31768e-09
1.56e-08
-2.0328e-08
-3.35453e-11
1.61044e-08
-3.35718e-08
9.25359e-09
1.61052e-08
-3.3583e-08
1.48534e-08
1.56022e-08
-2.03603e-08
1.47196e-08
1.48216e-08
4.85154e-10
9.03055e-09
1.40677e-08
2.08764e-08
1.36085e-08
3.32817e-08
-8.60381e-09
8.34611e-09
5.11627e-08
-1.40093e-08
8.62312e-09
3.97183e-08
-1.41323e-08
9.08016e-09
2.09409e-08
-8.82143e-09
9.55319e-09
1.7937e-09
-3.27448e-11
9.85808e-09
-1.03159e-08
8.75892e-09
9.85896e-09
-1.03267e-08
1.40783e-08
9.55567e-09
1.76262e-09
1.39671e-08
9.0839e-09
2.08936e-08
8.57486e-09
8.62741e-09
3.96589e-08
8.3487e-09
5.10958e-08
-8.32655e-09
6.20423e-08
-1.35524e-08
5.11768e-08
-1.36626e-08
3.33699e-08
-8.52152e-09
1.52423e-08
-3.16055e-11
3.80756e-09
8.46099e-09
3.79614e-09
1.36099e-08
1.52091e-08
1.35098e-08
3.33188e-08
8.2962e-09
5.11122e-08
6.19667e-08
-1.08407e-08
-1.07729e-08
8.33975e-08
-1.76613e-08
-1.11816e-08
6.89236e-08
-1.78318e-08
-1.186e-08
4.51486e-08
-1.11397e-08
-1.25653e-08
2.08689e-08
-3.65286e-11
-1.30234e-08
5.48586e-09
1.10701e-08
-1.30232e-08
5.47383e-09
1.77724e-08
-1.25647e-08
2.08347e-08
1.76188e-08
-1.18589e-08
4.50966e-08
1.08165e-08
-1.11804e-08
6.8857e-08
-1.07719e-08
8.33394e-08
-1.12493e-08
-1.75334e-08
6.89424e-08
-1.83379e-08
-1.82099e-08
5.3607e-08
-1.85306e-08
-1.93339e-08
2.83823e-08
-1.15881e-08
-2.05045e-08
2.56993e-09
-3.63958e-11
-2.12658e-08
-1.38412e-08
1.15187e-08
-2.12655e-08
-1.38536e-08
1.84712e-08
-2.05034e-08
2.53464e-09
1.8295e-08
-1.93321e-08
2.83287e-08
1.12249e-08
-1.82074e-08
5.35381e-08
-1.75319e-08
6.88783e-08
-1.1928e-08
-1.76494e-08
4.51903e-08
-1.94621e-08
-1.83479e-08
2.84056e-08
-1.96936e-08
-1.95107e-08
7.41242e-10
-1.23348e-08
-2.07234e-08
-2.76643e-08
-3.58746e-11
-2.15155e-08
-4.58124e-08
1.22666e-08
-2.15155e-08
-4.58247e-08
1.96358e-08
-2.07235e-08
-2.76992e-08
1.94212e-08
-1.95108e-08
6.88844e-10
1.19049e-08
-1.8348e-08
2.83398e-08
-1.7652e-08
4.51305e-08
-1.26328e-08
-1.09375e-08
2.09684e-08
-2.06324e-08
-1.13859e-08
2.65254e-09
-2.09063e-08
-1.21327e-08
-2.76046e-08
-1.31164e-08
-1.29143e-08
-5.87649e-08
-3.62574e-11
-1.34274e-08
-7.87781e-08
1.30473e-08
-1.34274e-08
-7.87908e-08
2.08469e-08
-1.29144e-08
-5.88007e-08
2.05889e-08
-1.21326e-08
-2.76582e-08
1.26069e-08
-1.13856e-08
2.58549e-09
-1.09397e-08
2.09038e-08
-1.30917e-08
1.76461e-10
5.62215e-09
-2.13945e-08
1.77025e-10
-1.37217e-08
-2.16988e-08
1.77581e-10
-4.57164e-08
-1.36296e-08
1.7815e-10
-7.87428e-08
-3.6168e-11
1.78389e-10
-1.00035e-07
1.35611e-08
1.78162e-10
-1.00048e-07
2.1641e-08
1.77477e-10
-7.87793e-08
2.13533e-08
1.76336e-10
-4.57699e-08
1.30678e-08
1.75024e-10
-1.37857e-08
1.7094e-10
5.5622e-09
-1.30908e-08
1.12549e-08
5.67823e-09
-2.13936e-08
1.1704e-08
-1.36642e-08
-2.16983e-08
1.24517e-08
-4.56584e-08
-1.36296e-08
1.32342e-08
-7.86848e-08
-3.67923e-11
1.37478e-08
-9.9977e-08
1.35595e-08
1.37479e-08
-9.99907e-08
2.16379e-08
1.32345e-08
-7.87224e-08
2.13484e-08
1.24521e-08
-4.57136e-08
1.30628e-08
1.17041e-08
-1.37303e-08
1.12524e-08
5.61156e-09
-1.26328e-08
1.79271e-08
2.1068e-08
-2.06319e-08
1.86267e-08
2.75383e-09
-2.09056e-08
1.9791e-08
-2.75039e-08
-1.31161e-08
2.10052e-08
-5.86649e-08
-3.6446e-11
2.17984e-08
-7.86793e-08
1.3047e-08
2.17988e-08
-7.86925e-08
2.08467e-08
2.10061e-08
-5.87013e-08
2.05889e-08
1.9792e-08
-2.75576e-08
1.26069e-08
1.86271e-08
2.69056e-09
1.79246e-08
2.10053e-08
-1.19263e-08
1.77164e-08
4.53784e-08
-1.94596e-08
1.83933e-08
2.85976e-08
-1.96914e-08
1.95187e-08
9.34254e-10
-1.23337e-08
2.06912e-08
-2.74717e-08
-3.63906e-11
2.14541e-08
-4.56205e-08
1.22642e-08
2.14549e-08
-4.56333e-08
1.96309e-08
2.06934e-08
-2.75074e-08
1.94133e-08
1.9522e-08
8.80622e-10
1.18967e-08
1.83966e-08
2.85334e-08
1.77189e-08
4.53107e-08
-1.12477e-08
1.08655e-08
6.91586e-08
-1.83346e-08
1.12738e-08
5.38278e-08
-1.85267e-08
1.1953e-08
2.86041e-08
-1.15854e-08
1.26596e-08
2.79262e-09
-3.54617e-11
1.31191e-08
-1.36187e-08
1.15178e-08
1.31198e-08
-1.36312e-08
1.84681e-08
1.26614e-08
2.75752e-09
1.82899e-08
1.19555e-08
2.85507e-08
1.12195e-08
1.1276e-08
5.37646e-08
1.08679e-08
6.90915e-08
-1.08392e-08
8.3627e-08
-1.76572e-08
6.91601e-08
-1.78265e-08
4.53872e-08
-1.11354e-08
2.11096e-08
-3.46497e-11
5.72828e-09
1.10691e-08
5.71727e-09
1.77682e-08
2.10788e-08
1.76125e-08
4.53409e-08
1.08109e-08
6.91055e-08
8.35711e-08
-1.4187e-08
-1.41154e-08
1.11664e-07
-2.31428e-08
-1.47219e-08
9.25671e-08
-2.34088e-08
-1.5733e-08
6.11164e-08
-1.46524e-08
-1.67905e-08
2.88768e-08
-3.96039e-11
-1.74838e-08
8.33595e-09
1.4577e-08
-1.74836e-08
8.32123e-09
2.33445e-08
-1.679e-08
2.88339e-08
2.30963e-08
-1.57323e-08
6.10507e-08
1.41638e-08
-1.47206e-08
9.24871e-08
-1.41156e-08
1.11566e-07
-1.47935e-08
-2.30083e-08
9.25878e-08
-2.41504e-08
-2.40155e-08
7.22181e-08
-2.44547e-08
-2.56969e-08
3.86139e-08
-1.53279e-08
-2.74585e-08
4.07985e-09
-3.954e-11
-2.86164e-08
-1.80226e-08
1.52526e-08
-2.86161e-08
-1.80372e-08
2.43903e-08
-2.74574e-08
4.0377e-09
2.41035e-08
-2.56948e-08
3.85492e-08
1.47689e-08
-2.40121e-08
7.21388e-08
-2.30068e-08
9.24934e-08
-1.58047e-08
-2.32159e-08
6.11671e-08
-2.5832e-08
-2.42609e-08
3.86436e-08
-2.62033e-08
-2.60093e-08
1.39232e-09
-1.64592e-08
-2.78449e-08
-3.70498e-08
-3.89928e-11
-2.90579e-08
-6.1813e-08
1.63853e-08
-2.90581e-08
-6.18273e-08
2.6141e-08
-2.78451e-08
-3.70913e-08
2.57875e-08
-2.60095e-08
1.32971e-09
1.57816e-08
-2.42602e-08
3.85681e-08
-2.3219e-08
6.10792e-08
-1.68612e-08
-1.44397e-08
2.89947e-08
-2.7593e-08
-1.51143e-08
4.17751e-09
-2.80389e-08
-1.62458e-08
-3.69815e-08
-1.76521e-08
-1.74388e-08
-7.96129e-08
-3.94564e-11
-1.82326e-08
-1.07265e-07
1.75771e-08
-1.82328e-08
-1.0728e-07
2.79751e-08
-1.74391e-08
-7.96557e-08
2.75459e-08
-1.62459e-08
-3.7046e-08
1.68342e-08
-1.51133e-08
4.09926e-09
-1.44423e-08
2.89022e-08
-1.75548e-08
1.8532e-10
8.50077e-09
-2.87517e-08
1.8663e-10
-1.78788e-08
-2.92527e-08
1.87315e-10
-6.16999e-08
-1.8446e-08
1.87907e-10
-1.07221e-07
-3.94483e-11
1.88078e-10
-1.36897e-07
1.83716e-08
1.87789e-10
-1.36912e-07
2.91907e-08
1.87159e-10
-1.07263e-07
2.87076e-08
1.85963e-10
-6.1763e-08
1.75299e-08
1.85259e-10
-1.79535e-08
1.78804e-10
8.41585e-09
-1.75534e-08
1.47709e-08
8.5657e-09
-2.87506e-08
1.54475e-08
-1.78126e-08
-2.92521e-08
1.65802e-08
-6.16333e-08
-1.84461e-08
1.77741e-08
-1.07154e-07
-4.01814e-11
1.85682e-08
-1.3683e-07
1.837e-08
1.85684e-08
-1.36845e-07
2.91876e-08
1.77747e-08
-1.07197e-07
2.8702e-08
1.65808e-08
-6.16976e-08
1.7523e-08
1.54485e-08
-1.7891e-08
1.47676e-08
8.47453e-09
-1.68601e-08
2.3508e-08
2.9117e-08
-2.75919e-08
2.45552e-08
4.29911e-09
-2.80383e-08
2.63052e-08
-3.68605e-08
-1.7652e-08
2.81427e-08
-7.94927e-08
-3.96807e-11
2.9357e-08
-1.07145e-07
1.75771e-08
2.93575e-08
-1.0716e-07
2.79756e-08
2.81439e-08
-7.95345e-08
2.75461e-08
2.63064e-08
-3.69233e-08
1.68314e-08
2.45563e-08
4.22412e-09
2.35048e-08
2.90323e-08
-1.5801e-08
2.31968e-08
6.13927e-08
-2.58285e-08
2.4206e-08
3.88707e-08
-2.62008e-08
2.58892e-08
1.61949e-09
-1.64582e-08
2.76528e-08
-3.68227e-08
-3.95216e-11
2.88127e-08
-6.15863e-08
1.6383e-08
2.88136e-08
-6.16005e-08
2.61365e-08
2.76553e-08
-3.68641e-08
2.57789e-08
2.58928e-08
1.55672e-09
1.57677e-08
2.42101e-08
3.87937e-08
2.31977e-08
6.13041e-08
-1.47894e-08
1.42025e-08
9.28465e-08
-2.41458e-08
1.48107e-08
7.24776e-08
-2.44505e-08
1.58232e-08
3.88742e-08
-1.53249e-08
1.68823e-08
4.34108e-09
-3.85277e-11
1.7577e-08
-1.77603e-08
1.52517e-08
1.75781e-08
-1.77739e-08
2.4388e-08
1.68853e-08
4.30154e-09
2.40979e-08
1.58276e-08
3.88147e-08
1.4757e-08
1.48157e-08
7.24049e-08
1.42054e-08
9.27643e-08
-1.41808e-08
1.11958e-07
-2.31359e-08
9.28618e-08
-2.34026e-08
6.1412e-08
-1.46478e-08
2.91738e-08
-3.71682e-11
8.63438e-09
1.45768e-08
8.62043e-09
2.33416e-08
2.91331e-08
2.30875e-08
6.13499e-08
1.41466e-08
9.27847e-08
1.11866e-07
-1.86069e-08
-1.85305e-08
1.4877e-07
-3.03992e-08
-1.94303e-08
1.2376e-07
-3.08147e-08
-2.0937e-08
8.24476e-08
-1.93354e-08
-2.25229e-08
3.99103e-08
-4.32052e-11
-2.3575e-08
1.26195e-08
1.92532e-08
-2.35748e-08
1.26086e-08
3.07448e-08
-2.25224e-08
3.98801e-08
3.03505e-08
-2.0936e-08
8.24027e-08
1.85801e-08
-1.94291e-08
1.23705e-07
-1.85293e-08
1.48742e-07
-1.95067e-08
-3.02544e-08
1.2378e-07
-3.18994e-08
-3.17545e-08
9.68989e-08
-3.23806e-08
-3.42703e-08
5.23988e-08
-2.03551e-08
-3.69242e-08
6.43633e-09
-4.31407e-11
-3.86905e-08
-2.32285e-08
2.0273e-08
-3.86901e-08
-2.32405e-08
3.23104e-08
-3.6923e-08
6.40264e-09
3.18501e-08
-3.42682e-08
5.23485e-08
1.94796e-08
-3.17514e-08
9.68356e-08
-3.02522e-08
1.23738e-07
-2.10138e-08
-3.06067e-08
8.24907e-08
-3.44154e-08
-3.21721e-08
5.24238e-08
-3.50127e-08
-3.48042e-08
2.49046e-09
-2.20729e-08
-3.75873e-08
-4.935e-08
-4.25351e-11
-3.94523e-08
-8.30959e-08
2.19922e-08
-3.94525e-08
-8.31081e-08
3.49447e-08
-3.75877e-08
-4.93838e-08
3.4369e-08
-3.48043e-08
2.44101e-09
2.09887e-08
-3.21721e-08
5.23643e-08
-3.06091e-08
8.24535e-08
-2.2599e-08
-1.91052e-08
4.00205e-08
-3.70689e-08
-2.01251e-08
6.53186e-09
-3.77958e-08
-2.18433e-08
-4.92787e-08
-2.38992e-08
-2.36698e-08
-1.07481e-07
-4.31297e-11
-2.49048e-08
-1.45713e-07
2.38173e-08
-2.4905e-08
-1.45726e-07
3.77261e-08
-2.36701e-08
-1.07517e-07
3.70192e-08
-2.18432e-08
-4.93304e-08
2.25707e-08
-2.01243e-08
6.46955e-09
-1.9107e-08
3.99749e-08
-2.36524e-08
1.99596e-10
1.2768e-08
-3.88364e-08
2.00152e-10
-2.30936e-08
-3.96617e-08
2.00732e-10
-8.29857e-08
-2.51345e-08
2.01341e-10
-1.45677e-07
-4.3094e-11
2.01549e-10
-1.87143e-07
2.50532e-08
2.01288e-10
-1.87158e-07
3.95941e-08
2.0056e-10
-1.45716e-07
3.87903e-08
1.99323e-10
-8.30387e-08
2.36269e-08
1.98065e-10
-2.31515e-08
1.9384e-10
1.27289e-08
-2.36514e-08
1.94628e-08
1.28363e-08
-3.88353e-08
2.04835e-08
-2.30228e-08
-3.96611e-08
2.22023e-08
-8.29145e-08
-2.51345e-08
2.40295e-08
-1.45606e-07
-4.38398e-11
2.52648e-08
-1.87074e-07
2.50514e-08
2.5265e-08
-1.8709e-07
3.95905e-08
2.403e-08
-1.45648e-07
3.87843e-08
2.22029e-08
-8.2971e-08
2.36211e-08
2.04836e-08
-2.3085e-08
1.94603e-08
1.27854e-08
-2.25995e-08
3.09206e-08
4.01334e-08
-3.70689e-08
3.24872e-08
6.64917e-09
-3.77955e-08
3.51211e-08
-4.9163e-08
-2.38993e-08
3.79058e-08
-1.07367e-07
-4.33455e-11
3.97721e-08
-1.45604e-07
2.38175e-08
3.97726e-08
-1.45619e-07
3.77269e-08
3.79072e-08
-1.07407e-07
3.70206e-08
3.51225e-08
-4.92168e-08
2.25722e-08
3.2488e-08
6.59061e-09
3.09182e-08
4.00881e-08
-2.10122e-08
3.04616e-08
8.27114e-08
-3.44128e-08
3.1962e-08
5.26525e-08
-3.50108e-08
3.44793e-08
2.72057e-09
-2.20722e-08
3.71357e-08
-4.91227e-08
-4.31521e-11
3.8904e-08
-8.28719e-08
2.19901e-08
3.8905e-08
-8.28861e-08
3.49402e-08
3.71385e-08
-4.91608e-08
3.43605e-08
3.44833e-08
2.66648e-09
2.09806e-08
3.19659e-08
5.25921e-08
3.04649e-08
8.2657e-08
-1.95054e-08
1.86374e-08
1.24029e-07
-3.18959e-08
1.95363e-08
9.71576e-08
-3.23763e-08
2.1044e-08
5.26585e-08
-2.03524e-08
2.26314e-08
6.69612e-09
-4.20047e-11
2.36856e-08
-2.29712e-08
2.02725e-08
2.36865e-08
-2.29842e-08
3.23079e-08
2.26338e-08
6.66019e-09
3.18455e-08
2.10472e-08
5.26064e-08
1.94755e-08
1.95394e-08
9.70998e-08
1.8641e-08
1.23975e-07
-1.86062e-08
1.49025e-07
-3.03949e-08
1.24029e-07
-3.08087e-08
8.27187e-08
-1.93304e-08
4.01829e-08
-4.09146e-11
1.2893e-08
1.92523e-08
1.28829e-08
3.07409e-08
4.01558e-08
3.03446e-08
8.26812e-08
1.85766e-08
1.23988e-07
1.48996e-07
-2.44036e-08
-2.43242e-08
-3.99394e-08
-2.56555e-08
-4.05883e-08
-2.78975e-08
-2.55463e-08
-3.02742e-08
-4.60382e-11
-3.18727e-08
2.54589e-08
-3.18728e-08
4.05142e-08
-3.02741e-08
3.98868e-08
-2.78974e-08
2.43811e-08
-2.56548e-08
-2.43256e-08
-2.57352e-08
-3.97891e-08
-4.21694e-08
-4.2018e-08
-4.29305e-08
-4.57785e-08
-2.7086e-08
-4.97755e-08
-4.61872e-11
-5.24761e-08
2.69983e-08
-5.24758e-08
4.28559e-08
-4.97745e-08
4.21159e-08
-4.5776e-08
2.57104e-08
-4.20137e-08
-3.97872e-08
-2.79768e-08
-4.0372e-08
-4.593e-08
-4.27121e-08
-4.68917e-08
-4.66728e-08
-2.96983e-08
-5.08957e-08
-4.5609e-11
-5.37737e-08
2.96121e-08
-5.37741e-08
4.682e-08
-5.08964e-08
4.588e-08
-4.66732e-08
2.79541e-08
-4.27106e-08
-4.03747e-08
-3.03518e-08
-2.5307e-08
-4.99258e-08
-2.68445e-08
-5.11143e-08
-2.94573e-08
-3.25017e-08
-3.22614e-08
-4.63879e-11
-3.41958e-08
3.24141e-08
-3.41964e-08
5.1041e-08
-3.22624e-08
4.98729e-08
-2.94577e-08
3.0324e-08
-2.68431e-08
-2.53098e-08
-3.19502e-08
2.05648e-10
-5.26276e-08
2.07948e-10
-5.39938e-08
2.08776e-10
-3.44364e-08
2.09326e-10
-4.67174e-11
2.09213e-10
3.43492e-08
2.08736e-10
5.39233e-08
2.08239e-10
5.25792e-08
2.07219e-10
3.19258e-08
2.0706e-10
1.98618e-10
-3.1948e-08
2.56759e-08
-5.2626e-08
2.72172e-08
-5.39932e-08
2.98311e-08
-3.44368e-08
3.26359e-08
-4.77295e-11
3.45701e-08
3.43474e-08
3.45705e-08
5.39198e-08
3.26369e-08
5.25722e-08
2.98322e-08
3.19165e-08
2.72188e-08
2.56716e-08
-3.03498e-08
4.06961e-08
-4.99244e-08
4.30401e-08
-5.11143e-08
4.70025e-08
-3.25026e-08
5.12278e-08
-4.68949e-11
5.41074e-08
3.2415e-08
5.41083e-08
5.10433e-08
5.12299e-08
4.98742e-08
4.70046e-08
3.03202e-08
4.30419e-08
4.06925e-08
-2.79712e-08
3.99963e-08
-4.59254e-08
4.22291e-08
-4.6889e-08
4.59921e-08
-2.96979e-08
4.99913e-08
-4.64363e-11
5.26946e-08
2.96103e-08
5.2696e-08
4.6816e-08
4.99949e-08
4.58701e-08
4.59967e-08
2.79355e-08
4.22344e-08
3.99966e-08
-2.57285e-08
2.44149e-08
-4.21629e-08
2.57494e-08
-4.29259e-08
2.79933e-08
-2.70829e-08
3.0372e-08
-4.50033e-11
3.19721e-08
2.69978e-08
3.19739e-08
4.2855e-08
3.03768e-08
4.21098e-08
2.80004e-08
2.56937e-08
2.57579e-08
2.44205e-08
-2.43935e-08
-3.99295e-08
-4.05811e-08
-2.55413e-08
-4.28615e-11
2.54599e-08
4.05129e-08
3.98753e-08
2.43563e-08
)
;

boundaryField
{
    bottom
    {
        type            calculated;
        value           uniform 0;
    }
    atmosphere
    {
        type            calculated;
        value           nonuniform List<scalar> 0();
    }
    walls
    {
        type            calculated;
        value           uniform 0;
    }
    procBoundary3to2
    {
        type            processor;
        value           nonuniform List<scalar> 
100
(
1.97454e-07
1.6491e-07
1.10952e-07
5.51024e-08
1.8956e-08
1.89384e-08
5.50506e-08
1.10871e-07
1.64817e-07
1.97316e-07
1.64933e-07
1.29649e-07
7.0994e-08
1.00503e-08
-2.9702e-08
-2.97189e-08
1.00013e-08
7.09179e-08
1.2956e-07
1.64809e-07
1.11018e-07
7.10364e-08
4.31034e-09
-6.54559e-08
-1.11477e-07
-1.11493e-07
-6.5504e-08
4.23747e-09
7.09529e-08
1.10903e-07
5.52488e-08
1.01718e-08
-6.53764e-08
-1.44797e-07
-1.97808e-07
-1.97825e-07
-1.44847e-07
-6.54528e-08
1.00834e-08
5.51304e-08
1.91703e-08
-2.95143e-08
-1.11334e-07
-1.97745e-07
-2.55962e-07
-2.55979e-07
-1.97794e-07
-1.11407e-07
-2.95993e-08
1.90619e-08
1.9246e-08
-2.94389e-08
-1.11258e-07
-1.97669e-07
-2.55885e-07
-2.55901e-07
-1.97718e-07
-1.11333e-07
-2.95299e-08
1.91316e-08
5.54143e-08
1.0333e-08
-6.5216e-08
-1.44638e-07
-1.97649e-07
-1.97666e-07
-1.44686e-07
-6.52894e-08
1.02455e-08
5.53082e-08
1.11304e-07
7.13184e-08
4.59164e-09
-6.51754e-08
-1.11197e-07
-1.11213e-07
-6.52233e-08
4.5189e-09
7.12278e-08
1.11195e-07
1.65265e-07
1.29975e-07
7.13219e-08
1.03791e-08
-2.93713e-08
-2.93865e-08
1.03344e-08
7.12558e-08
1.29892e-07
1.65168e-07
1.97852e-07
1.65296e-07
1.11338e-07
5.54897e-08
1.93449e-08
1.93279e-08
5.5439e-08
1.1126e-07
1.65194e-07
1.97724e-07
)
;
    }
}


// ************************************************************************* //
