/*--------------------------------*- C++ -*----------------------------------*\
| =========                 |                                                 |
| \\      /  F ield         | OpenFOAM: The Open Source CFD Toolbox           |
|  \\    /   O peration     | Version:  2412                                  |
|   \\  /    A nd           | Website:  www.openfoam.com                      |
|    \\/     M anipulation  |                                                 |
\*---------------------------------------------------------------------------*/
FoamFile
{
    version     2.0;
    format      ascii;
    arch        "LSB;label=32;scalar=64";
    class       volVectorField;
    location    "0.35";
    object      U;
}
// * * * * * * * * * * * * * * * * * * * * * * * * * * * * * * * * * * * * * //

dimensions      [0 1 -1 0 0 0 0];

internalField   nonuniform List<vector> 
1000
(
(-0.0486504 -0.0486504 0.874284)
(-0.145494 -0.058094 0.87079)
(-0.191263 -0.0777523 0.844241)
(-0.202897 -0.0921145 0.843934)
(-0.109761 -0.131531 0.787338)
(0.109762 -0.131531 0.787338)
(0.202898 -0.0921142 0.843934)
(0.191263 -0.0777522 0.84424)
(0.145494 -0.0580939 0.87079)
(0.0486503 -0.0486503 0.874284)
(-0.058094 -0.145494 0.87079)
(-0.174881 -0.174881 0.860575)
(-0.225258 -0.247846 0.825749)
(-0.252396 -0.327411 0.843129)
(-0.137756 -0.467266 0.56322)
(0.137757 -0.467266 0.563221)
(0.252396 -0.327411 0.843127)
(0.225258 -0.247846 0.825748)
(0.174881 -0.17488 0.860575)
(0.0580939 -0.145493 0.87079)
(-0.0777523 -0.191263 0.844241)
(-0.247846 -0.225258 0.825749)
(-0.327165 -0.327165 0.697185)
(-0.339219 -0.309447 0.140548)
(-0.132528 -0.216553 -1.20283)
(0.132529 -0.216552 -1.20283)
(0.33922 -0.309446 0.140551)
(0.327166 -0.327166 0.697182)
(0.247847 -0.225258 0.825747)
(0.0777521 -0.191262 0.84424)
(-0.0921145 -0.202897 0.843934)
(-0.327411 -0.252395 0.843129)
(-0.309447 -0.339219 0.140548)
(-0.0028454 -0.00284545 -1.65638)
(-0.0574043 0.162742 -3.19515)
(0.0574044 0.162742 -3.19515)
(0.00284515 -0.00284229 -1.65638)
(0.309447 -0.339221 0.140548)
(0.327413 -0.252395 0.843127)
(0.0921144 -0.202896 0.843933)
(-0.131531 -0.109761 0.787338)
(-0.467266 -0.137756 0.563221)
(-0.216553 -0.132528 -1.20283)
(0.162742 -0.0574043 -3.19515)
(0.00905385 0.00905385 -3.38659)
(-0.00905384 0.00905384 -3.38659)
(-0.162743 -0.0574046 -3.19515)
(0.216552 -0.132532 -1.20283)
(0.467262 -0.137756 0.563219)
(0.131531 -0.10976 0.787334)
(-0.131531 0.109762 0.787338)
(-0.467266 0.137757 0.563221)
(-0.216552 0.132529 -1.20283)
(0.162742 0.0574044 -3.19515)
(0.00905384 -0.00905384 -3.38659)
(-0.00905384 -0.00905384 -3.38659)
(-0.162742 0.0574046 -3.19515)
(0.216551 0.132533 -1.20283)
(0.467262 0.137757 0.563219)
(0.131531 0.109761 0.787334)
(-0.0921142 0.202897 0.843934)
(-0.327411 0.252396 0.843127)
(-0.309446 0.33922 0.140551)
(-0.0028423 0.00284517 -1.65638)
(-0.0574046 -0.162743 -3.19515)
(0.0574046 -0.162742 -3.19515)
(0.00284219 0.00284216 -1.65637)
(0.309447 0.339222 0.140551)
(0.327412 0.252395 0.843125)
(0.0921143 0.202896 0.843932)
(-0.0777522 0.191263 0.84424)
(-0.247846 0.225258 0.825748)
(-0.327166 0.327166 0.697182)
(-0.339221 0.309447 0.140548)
(-0.132532 0.216552 -1.20283)
(0.132533 0.216551 -1.20283)
(0.339222 0.309447 0.140551)
(0.327167 0.327167 0.69718)
(0.247847 0.225258 0.825746)
(0.0777521 0.191262 0.84424)
(-0.0580939 0.145494 0.87079)
(-0.17488 0.174881 0.860575)
(-0.225258 0.247847 0.825747)
(-0.252395 0.327413 0.843127)
(-0.137756 0.467262 0.563219)
(0.137757 0.467262 0.563219)
(0.252395 0.327412 0.843125)
(0.225258 0.247847 0.825746)
(0.17488 0.17488 0.860575)
(0.0580938 0.145494 0.87079)
(-0.0486503 0.0486503 0.874284)
(-0.145493 0.0580939 0.87079)
(-0.191262 0.0777521 0.84424)
(-0.202896 0.0921144 0.843933)
(-0.10976 0.131531 0.787334)
(0.109761 0.131531 0.787334)
(0.202896 0.0921143 0.843932)
(0.191262 0.0777521 0.84424)
(0.145494 0.0580938 0.87079)
(0.0486502 0.0486502 0.874283)
(-0.0497827 -0.0497826 0.971922)
(-0.154351 -0.0593186 0.968578)
(-0.200888 -0.0830591 0.93792)
(-0.222494 -0.0910373 0.933383)
(-0.127157 -0.16106 0.855689)
(0.127158 -0.161059 0.855688)
(0.222495 -0.0910372 0.933382)
(0.200888 -0.0830592 0.937919)
(0.154351 -0.0593186 0.968577)
(0.0497826 -0.0497826 0.971922)
(-0.0593186 -0.154351 0.968578)
(-0.18775 -0.18775 0.955444)
(-0.233508 -0.278209 0.90819)
(-0.290718 -0.362346 0.902204)
(-0.178507 -0.536403 0.477513)
(0.178508 -0.536403 0.477514)
(0.290718 -0.362346 0.902203)
(0.233508 -0.278209 0.908189)
(0.18775 -0.18775 0.955444)
(0.0593186 -0.154351 0.968577)
(-0.0830591 -0.200888 0.93792)
(-0.278209 -0.233508 0.90819)
(-0.357758 -0.357758 0.72039)
(-0.402269 -0.200131 -0.00545682)
(-0.231249 -0.12363 -1.51986)
(0.231251 -0.123629 -1.51986)
(0.402269 -0.200131 -0.00545365)
(0.357759 -0.35776 0.720389)
(0.27821 -0.233508 0.908189)
(0.083059 -0.200888 0.937919)
(-0.0910373 -0.222494 0.933383)
(-0.362346 -0.290718 0.902204)
(-0.200131 -0.402269 -0.00545685)
(0.0452861 0.0452861 -1.71386)
(-0.0633551 0.0968711 -3.24375)
(0.0633549 0.0968711 -3.24375)
(-0.0452862 0.0452883 -1.71385)
(0.200131 -0.402274 -0.00545446)
(0.362348 -0.290718 0.902203)
(0.0910373 -0.222494 0.933382)
(-0.161059 -0.127157 0.855689)
(-0.536403 -0.178507 0.477513)
(-0.12363 -0.231249 -1.51986)
(0.096871 -0.063355 -3.24375)
(0.00238829 0.0023883 -3.3241)
(-0.00238831 0.00238829 -3.3241)
(-0.096871 -0.0633554 -3.24375)
(0.123629 -0.231253 -1.51986)
(0.536406 -0.178507 0.477514)
(0.16106 -0.127157 0.855686)
(-0.161059 0.127158 0.855688)
(-0.536403 0.178508 0.477514)
(-0.123629 0.231251 -1.51986)
(0.0968711 0.0633549 -3.24375)
(0.00238829 -0.00238831 -3.3241)
(-0.0023883 -0.00238831 -3.3241)
(-0.096871 0.0633551 -3.24375)
(0.123628 0.231254 -1.51986)
(0.536406 0.178508 0.477514)
(0.16106 0.127157 0.855686)
(-0.0910372 0.222495 0.933382)
(-0.362346 0.290718 0.902203)
(-0.200131 0.402269 -0.00545359)
(0.0452883 -0.0452862 -1.71385)
(-0.0633554 -0.0968711 -3.24375)
(0.0633552 -0.096871 -3.24375)
(-0.0452884 -0.0452884 -1.71384)
(0.200132 0.402274 -0.005451)
(0.362348 0.290719 0.902203)
(0.0910373 0.222494 0.933381)
(-0.0830592 0.200888 0.937919)
(-0.278209 0.233508 0.908189)
(-0.35776 0.357759 0.720389)
(-0.402274 0.200131 -0.00545439)
(-0.231252 0.123629 -1.51986)
(0.231254 0.123628 -1.51986)
(0.402274 0.200132 -0.00545102)
(0.357761 0.357761 0.720388)
(0.27821 0.233508 0.908188)
(0.0830591 0.200888 0.937919)
(-0.0593186 0.154351 0.968577)
(-0.18775 0.18775 0.955444)
(-0.233508 0.27821 0.908189)
(-0.290718 0.362348 0.902203)
(-0.178507 0.536406 0.477514)
(0.178508 0.536406 0.477514)
(0.290718 0.362348 0.902203)
(0.233508 0.27821 0.908188)
(0.18775 0.18775 0.955443)
(0.0593185 0.154351 0.968577)
(-0.0497826 0.0497826 0.971922)
(-0.154351 0.0593186 0.968577)
(-0.200888 0.083059 0.937919)
(-0.222494 0.0910373 0.933382)
(-0.127157 0.16106 0.855686)
(0.127157 0.16106 0.855686)
(0.222494 0.0910373 0.933381)
(0.200888 0.0830591 0.937919)
(0.154351 0.0593185 0.968577)
(0.0497826 0.0497826 0.971922)
(-0.0507533 -0.0507533 1.07436)
(-0.163705 -0.0609533 1.07286)
(-0.211963 -0.0907131 1.04387)
(-0.247644 -0.0962965 1.03692)
(-0.150448 -0.218011 0.944856)
(0.150449 -0.218011 0.944856)
(0.247645 -0.0962964 1.03692)
(0.211963 -0.0907132 1.04387)
(0.163706 -0.0609533 1.07286)
(0.0507533 -0.0507533 1.07436)
(-0.0609533 -0.163705 1.07286)
(-0.203633 -0.203633 1.05781)
(-0.250282 -0.31746 1.00572)
(-0.355826 -0.41852 0.957258)
(-0.248727 -0.638667 0.338066)
(0.248729 -0.638667 0.338067)
(0.355826 -0.41852 0.957258)
(0.250282 -0.31746 1.00572)
(0.203634 -0.203633 1.05781)
(0.0609532 -0.163705 1.07286)
(-0.0907131 -0.211963 1.04387)
(-0.31746 -0.250282 1.00572)
(-0.40797 -0.40797 0.769835)
(-0.523509 -0.0975233 -0.146921)
(-0.304921 -0.0553285 -1.88741)
(0.304922 -0.0553282 -1.88741)
(0.523509 -0.0975235 -0.146919)
(0.40797 -0.407972 0.769835)
(0.317461 -0.250282 1.00572)
(0.0907131 -0.211963 1.04387)
(-0.0962965 -0.247644 1.03692)
(-0.41852 -0.355826 0.957258)
(-0.0975233 -0.523509 -0.146921)
(0.0556538 0.0556538 -1.72964)
(-0.0596777 0.0403673 -3.2657)
(0.0596774 0.0403673 -3.2657)
(-0.0556541 0.0556549 -1.72963)
(0.0975233 -0.523515 -0.14692)
(0.418522 -0.355828 0.957258)
(0.0962965 -0.247644 1.03692)
(-0.218011 -0.150448 0.944856)
(-0.638667 -0.248727 0.338066)
(-0.0553284 -0.304921 -1.88741)
(0.0403673 -0.0596777 -3.2657)
(-0.0064676 -0.0064676 -3.29158)
(0.00646757 -0.00646757 -3.29158)
(-0.0403673 -0.0596779 -3.26571)
(0.0553291 -0.304923 -1.88741)
(0.638673 -0.248729 0.338065)
(0.218012 -0.150448 0.944854)
(-0.218011 0.150449 0.944856)
(-0.638667 0.248729 0.338067)
(-0.0553282 0.304922 -1.88741)
(0.0403673 0.0596774 -3.2657)
(-0.00646757 0.00646757 -3.29158)
(0.00646754 0.00646753 -3.29158)
(-0.0403673 0.0596776 -3.26571)
(0.0553289 0.304924 -1.88741)
(0.638673 0.24873 0.338066)
(0.218012 0.150449 0.944854)
(-0.0962964 0.247645 1.03692)
(-0.41852 0.355826 0.957258)
(-0.0975235 0.523509 -0.146919)
(0.0556549 -0.0556541 -1.72963)
(-0.0596779 -0.0403673 -3.26571)
(0.0596776 -0.0403673 -3.26571)
(-0.0556551 -0.0556551 -1.72963)
(0.097524 0.523515 -0.146918)
(0.418522 0.355828 0.957257)
(0.0962965 0.247645 1.03692)
(-0.0907132 0.211963 1.04387)
(-0.31746 0.250282 1.00572)
(-0.407972 0.40797 0.769835)
(-0.523515 0.0975233 -0.14692)
(-0.304923 0.0553291 -1.88741)
(0.304924 0.0553289 -1.88741)
(0.523515 0.0975239 -0.146918)
(0.407972 0.407972 0.769835)
(0.317461 0.250283 1.00572)
(0.0907132 0.211963 1.04387)
(-0.0609533 0.163706 1.07286)
(-0.203633 0.203634 1.05781)
(-0.250282 0.317461 1.00572)
(-0.355828 0.418522 0.957258)
(-0.248729 0.638673 0.338065)
(0.24873 0.638673 0.338066)
(0.355828 0.418522 0.957257)
(0.250282 0.317461 1.00572)
(0.203634 0.203634 1.05781)
(0.0609532 0.163705 1.07286)
(-0.0507533 0.0507533 1.07436)
(-0.163705 0.0609532 1.07286)
(-0.211963 0.0907131 1.04387)
(-0.247644 0.0962965 1.03692)
(-0.150448 0.218012 0.944854)
(0.150449 0.218012 0.944854)
(0.247645 0.0962965 1.03692)
(0.211963 0.0907132 1.04387)
(0.163705 0.0609532 1.07286)
(0.0507532 0.0507533 1.07436)
(-0.0510212 -0.0510212 1.18132)
(-0.171134 -0.0625317 1.1843)
(-0.221566 -0.0988481 1.16574)
(-0.27479 -0.11031 1.16312)
(-0.179988 -0.30584 1.0698)
(0.179989 -0.305839 1.0698)
(0.27479 -0.11031 1.16312)
(0.221566 -0.0988482 1.16574)
(0.171134 -0.0625316 1.1843)
(0.0510212 -0.0510212 1.18132)
(-0.0625317 -0.171134 1.1843)
(-0.218942 -0.218942 1.17035)
(-0.275533 -0.354047 1.12724)
(-0.448623 -0.478097 1.00909)
(-0.336701 -0.70394 0.108859)
(0.336701 -0.70394 0.10886)
(0.448623 -0.478097 1.00909)
(0.275533 -0.354047 1.12724)
(0.218942 -0.218942 1.17035)
(0.0625316 -0.171134 1.1843)
(-0.0988481 -0.221566 1.16574)
(-0.354047 -0.275533 1.12724)
(-0.455673 -0.455673 0.869464)
(-0.640259 -0.0108433 -0.309862)
(-0.221683 -0.0296009 -2.34348)
(0.221682 -0.0296008 -2.34347)
(0.64026 -0.0108432 -0.30986)
(0.455673 -0.455674 0.869464)
(0.354047 -0.275533 1.12723)
(0.0988481 -0.221566 1.16574)
(-0.11031 -0.27479 1.16312)
(-0.478097 -0.448623 1.00909)
(-0.0108433 -0.640259 -0.309862)
(0.0514037 0.0514037 -1.71599)
(-0.0514476 -0.0277576 -3.27241)
(0.0514474 -0.0277575 -3.27241)
(-0.0514039 0.0514045 -1.71598)
(0.0108434 -0.640262 -0.309861)
(0.478099 -0.448623 1.00909)
(0.11031 -0.27479 1.16312)
(-0.30584 -0.179988 1.0698)
(-0.70394 -0.336701 0.108859)
(-0.0296008 -0.221683 -2.34348)
(-0.0277576 -0.0514476 -3.27241)
(-0.0158205 -0.0158205 -3.29177)
(0.0158205 -0.0158204 -3.29177)
(0.0277577 -0.0514476 -3.27241)
(0.0296018 -0.221683 -2.34348)
(0.703943 -0.336701 0.108858)
(0.305841 -0.179989 1.0698)
(-0.305839 0.179989 1.0698)
(-0.70394 0.336701 0.10886)
(-0.0296008 0.221682 -2.34347)
(-0.0277575 0.0514474 -3.27241)
(-0.0158204 0.0158205 -3.29177)
(0.0158204 0.0158204 -3.29177)
(0.0277576 0.0514474 -3.27241)
(0.0296019 0.221682 -2.34348)
(0.703944 0.336702 0.108859)
(0.30584 0.179989 1.0698)
(-0.11031 0.27479 1.16312)
(-0.478097 0.448623 1.00909)
(-0.0108432 0.64026 -0.309859)
(0.0514045 -0.0514039 -1.71598)
(-0.0514477 0.0277577 -3.27241)
(0.0514474 0.0277576 -3.27241)
(-0.0514047 -0.0514047 -1.71598)
(0.0108436 0.640263 -0.309858)
(0.478098 0.448623 1.00909)
(0.11031 0.27479 1.16312)
(-0.0988482 0.221566 1.16574)
(-0.354047 0.275533 1.12724)
(-0.455674 0.455673 0.869464)
(-0.640262 0.0108434 -0.309861)
(-0.221683 0.0296019 -2.34348)
(0.221682 0.0296018 -2.34348)
(0.640263 0.0108435 -0.309858)
(0.455674 0.455674 0.869465)
(0.354047 0.275533 1.12723)
(0.0988482 0.221566 1.16574)
(-0.0625316 0.171134 1.1843)
(-0.218942 0.218942 1.17035)
(-0.275533 0.354047 1.12723)
(-0.448623 0.478099 1.00909)
(-0.336701 0.703943 0.108858)
(0.336702 0.703944 0.108859)
(0.448623 0.478098 1.00909)
(0.275533 0.354047 1.12723)
(0.218942 0.218942 1.17035)
(0.0625316 0.171134 1.1843)
(-0.0510212 0.0510212 1.18132)
(-0.171134 0.0625316 1.1843)
(-0.221566 0.0988481 1.16574)
(-0.27479 0.11031 1.16312)
(-0.179989 0.305841 1.0698)
(0.179989 0.30584 1.0698)
(0.27479 0.11031 1.16312)
(0.221566 0.0988482 1.16574)
(0.171134 0.0625316 1.1843)
(0.0510212 0.0510212 1.18132)
(-0.0498254 -0.0498254 1.29086)
(-0.173424 -0.0630543 1.30146)
(-0.225203 -0.104053 1.30306)
(-0.298311 -0.13217 1.31502)
(-0.211728 -0.411414 1.21916)
(0.211728 -0.411414 1.21916)
(0.298311 -0.13217 1.31502)
(0.225203 -0.104053 1.30306)
(0.173425 -0.0630542 1.30146)
(0.0498253 -0.0498253 1.29086)
(-0.0630543 -0.173424 1.30146)
(-0.227878 -0.227878 1.2941)
(-0.303858 -0.371177 1.27461)
(-0.553515 -0.508638 1.04953)
(-0.392715 -0.633227 -0.239125)
(0.392715 -0.633227 -0.239124)
(0.553515 -0.508638 1.04953)
(0.303858 -0.371176 1.27461)
(0.227878 -0.227878 1.2941)
(0.0630542 -0.173424 1.30146)
(-0.104053 -0.225203 1.30306)
(-0.371177 -0.303858 1.27461)
(-0.468314 -0.468314 1.00377)
(-0.620588 0.0432042 -0.554637)
(-0.0859723 -0.0422626 -2.72057)
(0.0859717 -0.0422625 -2.72057)
(0.62059 0.0432031 -0.554635)
(0.468314 -0.468314 1.00377)
(0.371177 -0.303858 1.27461)
(0.104053 -0.225203 1.30306)
(-0.13217 -0.298311 1.31502)
(-0.508638 -0.553515 1.04953)
(0.0432042 -0.620588 -0.554638)
(0.0649807 0.0649807 -1.65052)
(-0.0445297 -0.127044 -3.27579)
(0.0445295 -0.127043 -3.27579)
(-0.064981 0.0649813 -1.65051)
(-0.0432027 -0.620589 -0.554637)
(0.508638 -0.553515 1.04953)
(0.13217 -0.298311 1.31503)
(-0.411414 -0.211728 1.21916)
(-0.633227 -0.392715 -0.239125)
(-0.0422625 -0.0859723 -2.72057)
(-0.127044 -0.0445297 -3.27579)
(-0.0223415 -0.0223415 -3.33455)
(0.0223415 -0.0223414 -3.33455)
(0.127044 -0.0445297 -3.27579)
(0.0422631 -0.0859721 -2.72057)
(0.633227 -0.392714 -0.239127)
(0.411414 -0.211728 1.21917)
(-0.411414 0.211728 1.21916)
(-0.633227 0.392715 -0.239124)
(-0.0422625 0.0859717 -2.72057)
(-0.127043 0.0445295 -3.27579)
(-0.0223414 0.0223415 -3.33455)
(0.0223414 0.0223414 -3.33455)
(0.127044 0.0445295 -3.27579)
(0.0422631 0.0859715 -2.72057)
(0.633228 0.392715 -0.239125)
(0.411414 0.211728 1.21917)
(-0.13217 0.298311 1.31502)
(-0.508638 0.553515 1.04953)
(0.0432031 0.62059 -0.554635)
(0.0649813 -0.064981 -1.65051)
(-0.0445297 0.127044 -3.27579)
(0.0445295 0.127044 -3.27579)
(-0.0649816 -0.0649816 -1.65051)
(-0.0432014 0.62059 -0.554634)
(0.508638 0.553515 1.04953)
(0.13217 0.298311 1.31502)
(-0.104053 0.225203 1.30306)
(-0.371176 0.303858 1.27461)
(-0.468314 0.468314 1.00377)
(-0.620589 -0.0432026 -0.554637)
(-0.0859721 0.0422631 -2.72057)
(0.0859715 0.0422631 -2.72057)
(0.62059 -0.0432014 -0.554634)
(0.468315 0.468315 1.00378)
(0.371177 0.303858 1.27461)
(0.104053 0.225203 1.30306)
(-0.0630542 0.173425 1.30146)
(-0.227878 0.227878 1.2941)
(-0.303858 0.371177 1.27461)
(-0.553515 0.508639 1.04953)
(-0.392714 0.633227 -0.239127)
(0.392715 0.633228 -0.239125)
(0.553515 0.508638 1.04953)
(0.303858 0.371177 1.27461)
(0.227878 0.227878 1.2941)
(0.0630542 0.173425 1.30146)
(-0.0498253 0.0498253 1.29086)
(-0.173424 0.0630542 1.30146)
(-0.225203 0.104053 1.30306)
(-0.298311 0.13217 1.31503)
(-0.211728 0.411414 1.21917)
(0.211728 0.411414 1.21917)
(0.298311 0.13217 1.31502)
(0.225203 0.104053 1.30306)
(0.173425 0.0630542 1.30146)
(0.0498253 0.0498253 1.29086)
(-0.0463277 -0.0463277 1.39899)
(-0.167539 -0.0611058 1.42009)
(-0.21812 -0.102518 1.44985)
(-0.311717 -0.154766 1.48485)
(-0.23611 -0.501383 1.357)
(0.23611 -0.501383 1.357)
(0.311717 -0.154766 1.48485)
(0.21812 -0.102518 1.44985)
(0.167539 -0.0611058 1.42009)
(0.0463276 -0.0463276 1.39899)
(-0.0611059 -0.167539 1.42009)
(-0.224523 -0.224523 1.42658)
(-0.322764 -0.35525 1.43921)
(-0.63547 -0.475325 1.05628)
(-0.368559 -0.438894 -0.657187)
(0.368559 -0.438894 -0.657185)
(0.635471 -0.475325 1.05628)
(0.322764 -0.35525 1.43921)
(0.224523 -0.224523 1.42658)
(0.0611058 -0.167539 1.42009)
(-0.102518 -0.21812 1.44985)
(-0.35525 -0.322764 1.43921)
(-0.427779 -0.427779 1.1094)
(-0.45933 0.0578283 -0.839229)
(-0.033091 -0.1118 -2.92933)
(0.0330909 -0.1118 -2.92933)
(0.459331 0.0578266 -0.839227)
(0.427779 -0.427778 1.1094)
(0.35525 -0.322763 1.43921)
(0.102518 -0.218119 1.44985)
(-0.154766 -0.311717 1.48485)
(-0.475325 -0.63547 1.05628)
(0.0578283 -0.45933 -0.839229)
(0.094872 0.094872 -1.58216)
(-0.0409902 -0.219774 -3.27907)
(0.0409901 -0.219774 -3.27907)
(-0.0948721 0.0948723 -1.58216)
(-0.0578263 -0.459329 -0.839228)
(0.475325 -0.635469 1.05628)
(0.154766 -0.311717 1.48485)
(-0.501383 -0.23611 1.357)
(-0.438894 -0.368559 -0.657187)
(-0.1118 -0.033091 -2.92933)
(-0.219774 -0.0409902 -3.27907)
(-0.0179185 -0.0179185 -3.42254)
(0.0179186 -0.0179186 -3.42254)
(0.219774 -0.0409902 -3.27907)
(0.1118 -0.0330909 -2.92934)
(0.438894 -0.368558 -0.657187)
(0.501382 -0.23611 1.357)
(-0.501383 0.23611 1.357)
(-0.438894 0.368559 -0.657185)
(-0.1118 0.0330909 -2.92933)
(-0.219774 0.0409901 -3.27907)
(-0.0179186 0.0179186 -3.42254)
(0.0179187 0.0179187 -3.42254)
(0.219774 0.0409901 -3.27907)
(0.1118 0.0330908 -2.92934)
(0.438894 0.368558 -0.657186)
(0.501382 0.23611 1.357)
(-0.154766 0.311717 1.48485)
(-0.475325 0.63547 1.05628)
(0.0578265 0.459331 -0.839227)
(0.0948723 -0.0948721 -1.58216)
(-0.0409902 0.219774 -3.27907)
(0.0409901 0.219774 -3.27907)
(-0.0948724 -0.0948724 -1.58215)
(-0.0578245 0.45933 -0.839226)
(0.475325 0.63547 1.05628)
(0.154766 0.311717 1.48485)
(-0.102518 0.21812 1.44985)
(-0.35525 0.322764 1.43921)
(-0.427778 0.427779 1.1094)
(-0.459329 -0.0578262 -0.839228)
(-0.0330909 0.1118 -2.92934)
(0.0330908 0.1118 -2.92934)
(0.45933 -0.0578245 -0.839226)
(0.427779 0.427779 1.1094)
(0.355249 0.322763 1.43921)
(0.102518 0.21812 1.44985)
(-0.0611058 0.167539 1.42009)
(-0.224523 0.224523 1.42658)
(-0.322763 0.35525 1.43921)
(-0.635469 0.475325 1.05628)
(-0.368558 0.438894 -0.657187)
(0.368558 0.438894 -0.657186)
(0.63547 0.475325 1.05628)
(0.322763 0.355249 1.43921)
(0.224523 0.224523 1.42658)
(0.0611057 0.167539 1.42009)
(-0.0463276 0.0463276 1.39899)
(-0.167539 0.0611058 1.42009)
(-0.218119 0.102518 1.44985)
(-0.311717 0.154766 1.48485)
(-0.23611 0.501382 1.357)
(0.23611 0.501382 1.357)
(0.311717 0.154766 1.48485)
(0.21812 0.102518 1.44985)
(0.167539 0.0611057 1.42009)
(0.0463276 0.0463276 1.39899)
(-0.0398708 -0.0398708 1.4999)
(-0.151465 -0.0553306 1.53337)
(-0.196995 -0.0917051 1.59412)
(-0.306313 -0.165961 1.65477)
(-0.244697 -0.516003 1.44493)
(0.244698 -0.516003 1.44493)
(0.306313 -0.165961 1.65477)
(0.196995 -0.0917051 1.59412)
(0.151465 -0.0553305 1.53337)
(0.0398708 -0.0398708 1.4999)
(-0.0553306 -0.151465 1.53337)
(-0.204897 -0.204897 1.56085)
(-0.318752 -0.300577 1.60335)
(-0.647742 -0.380762 1.01614)
(-0.29076 -0.248256 -1.04379)
(0.29076 -0.248256 -1.04379)
(0.647743 -0.380762 1.01614)
(0.318753 -0.300576 1.60335)
(0.204897 -0.204897 1.56085)
(0.0553305 -0.151465 1.53337)
(-0.0917051 -0.196995 1.59412)
(-0.300577 -0.318752 1.60335)
(-0.337244 -0.337244 1.1558)
(-0.294405 0.0430985 -1.06868)
(-0.0198636 -0.182647 -3.0273)
(0.0198637 -0.182647 -3.0273)
(0.294406 0.0430972 -1.06868)
(0.337245 -0.337244 1.1558)
(0.300576 -0.318752 1.60335)
(0.091705 -0.196995 1.59412)
(-0.165961 -0.306313 1.65477)
(-0.380762 -0.647742 1.01614)
(0.0430986 -0.294405 -1.06868)
(0.0860457 0.0860457 -1.53577)
(-0.0245728 -0.248648 -3.28768)
(0.0245732 -0.248648 -3.28768)
(-0.0860455 0.0860465 -1.53577)
(-0.0430973 -0.294405 -1.06868)
(0.380762 -0.647741 1.01614)
(0.16596 -0.306312 1.65477)
(-0.516003 -0.244697 1.44493)
(-0.248256 -0.29076 -1.04379)
(-0.182647 -0.0198636 -3.0273)
(-0.248648 -0.0245727 -3.28768)
(0.0266688 0.0266688 -3.5835)
(-0.0266684 0.026668 -3.5835)
(0.248648 -0.0245726 -3.28768)
(0.182647 -0.0198635 -3.0273)
(0.248256 -0.29076 -1.04379)
(0.516002 -0.244697 1.44493)
(-0.516003 0.244698 1.44493)
(-0.248256 0.29076 -1.04379)
(-0.182647 0.0198637 -3.0273)
(-0.248648 0.0245732 -3.28768)
(0.026668 -0.0266684 -3.5835)
(-0.0266676 -0.0266676 -3.5835)
(0.248648 0.024573 -3.28768)
(0.182647 0.0198636 -3.0273)
(0.248256 0.29076 -1.04379)
(0.516002 0.244697 1.44493)
(-0.165961 0.306313 1.65477)
(-0.380762 0.647743 1.01614)
(0.0430971 0.294406 -1.06868)
(0.0860464 -0.0860455 -1.53577)
(-0.0245726 0.248648 -3.28768)
(0.024573 0.248648 -3.28768)
(-0.0860463 -0.0860462 -1.53576)
(-0.0430958 0.294405 -1.06868)
(0.380762 0.647741 1.01614)
(0.16596 0.306312 1.65477)
(-0.0917051 0.196995 1.59412)
(-0.300576 0.318753 1.60335)
(-0.337244 0.337245 1.1558)
(-0.294405 -0.0430972 -1.06868)
(-0.0198635 0.182647 -3.0273)
(0.0198636 0.182647 -3.0273)
(0.294405 -0.0430958 -1.06868)
(0.337245 0.337245 1.1558)
(0.300576 0.318752 1.60335)
(0.091705 0.196995 1.59412)
(-0.0553305 0.151465 1.53337)
(-0.204897 0.204897 1.56085)
(-0.318752 0.300576 1.60335)
(-0.647741 0.380762 1.01614)
(-0.29076 0.248256 -1.04379)
(0.29076 0.248256 -1.04379)
(0.647741 0.380762 1.01614)
(0.318752 0.300576 1.60335)
(0.204897 0.204897 1.56085)
(0.0553305 0.151465 1.53337)
(-0.0398708 0.0398708 1.4999)
(-0.151465 0.0553305 1.53337)
(-0.196995 0.091705 1.59412)
(-0.306312 0.16596 1.65477)
(-0.244697 0.516002 1.44493)
(0.244697 0.516002 1.44493)
(0.306312 0.16596 1.65477)
(0.196995 0.091705 1.59412)
(0.151465 0.0553305 1.53337)
(0.0398708 0.0398708 1.4999)
(-0.030111 -0.0301109 1.58674)
(-0.125127 -0.0448855 1.63305)
(-0.160015 -0.0712627 1.71976)
(-0.278327 -0.151689 1.80134)
(-0.234318 -0.461725 1.48636)
(0.234319 -0.461725 1.48636)
(0.278327 -0.151689 1.80134)
(0.160015 -0.0712627 1.71976)
(0.125127 -0.0448854 1.63305)
(0.0301109 -0.0301109 1.58674)
(-0.0448855 -0.125126 1.63305)
(-0.168596 -0.168596 1.68541)
(-0.280317 -0.215903 1.75071)
(-0.579633 -0.240296 0.944975)
(-0.200357 -0.134168 -1.35542)
(0.200357 -0.134168 -1.35542)
(0.579634 -0.240295 0.944976)
(0.280317 -0.215903 1.75071)
(0.168597 -0.168596 1.68541)
(0.0448854 -0.125126 1.63305)
(-0.0712627 -0.160015 1.71976)
(-0.215903 -0.280317 1.75071)
(-0.214872 -0.214872 1.15721)
(-0.185552 0.0208393 -1.21859)
(8.63843e-05 -0.215924 -3.05921)
(-8.62853e-05 -0.215924 -3.05921)
(0.185552 0.0208389 -1.21859)
(0.214872 -0.214871 1.15721)
(0.215903 -0.280316 1.75071)
(0.0712626 -0.160015 1.71976)
(-0.151689 -0.278327 1.80134)
(-0.240296 -0.579633 0.944975)
(0.0208393 -0.185552 -1.21859)
(0.00180202 0.00180207 -1.53349)
(0.0691772 -0.251889 -3.34368)
(-0.0691769 -0.251889 -3.34368)
(-0.00180233 0.00180425 -1.53349)
(-0.0208393 -0.185551 -1.21859)
(0.240296 -0.579632 0.944976)
(0.151688 -0.278326 1.80134)
(-0.461725 -0.234318 1.48636)
(-0.134168 -0.200357 -1.35542)
(-0.215924 8.63909e-05 -3.05921)
(-0.251889 0.0691772 -3.34368)
(0.0757656 0.0757656 -3.66619)
(-0.0757651 0.0757648 -3.66619)
(0.251889 0.0691779 -3.34368)
(0.215924 8.66856e-05 -3.05921)
(0.134167 -0.200357 -1.35542)
(0.461725 -0.234318 1.48636)
(-0.461725 0.234319 1.48636)
(-0.134168 0.200357 -1.35542)
(-0.215924 -8.62794e-05 -3.05921)
(-0.251889 -0.0691769 -3.34368)
(0.0757649 -0.0757652 -3.66619)
(-0.0757643 -0.0757644 -3.6662)
(0.251889 -0.0691775 -3.34368)
(0.215924 -8.65708e-05 -3.05921)
(0.134167 0.200357 -1.35542)
(0.461725 0.234318 1.48636)
(-0.151689 0.278327 1.80134)
(-0.240295 0.579634 0.944976)
(0.0208388 0.185552 -1.21859)
(0.00180417 -0.0018023 -1.53349)
(0.0691779 0.251889 -3.34368)
(-0.0691776 0.251889 -3.34368)
(-0.00180439 -0.00180439 -1.53349)
(-0.0208387 0.185551 -1.21859)
(0.240295 0.579632 0.944977)
(0.151688 0.278327 1.80134)
(-0.0712627 0.160015 1.71976)
(-0.215903 0.280317 1.75071)
(-0.214871 0.214872 1.15721)
(-0.185551 -0.0208392 -1.21859)
(8.66813e-05 0.215924 -3.05921)
(-8.6579e-05 0.215924 -3.05921)
(0.185551 -0.0208387 -1.21859)
(0.214872 0.214872 1.15721)
(0.215903 0.280316 1.75071)
(0.0712626 0.160015 1.71976)
(-0.0448855 0.125127 1.63305)
(-0.168596 0.168597 1.68541)
(-0.280316 0.215903 1.75071)
(-0.579632 0.240296 0.944976)
(-0.200357 0.134167 -1.35542)
(0.200357 0.134167 -1.35542)
(0.579632 0.240295 0.944977)
(0.280316 0.215903 1.75071)
(0.168596 0.168596 1.68541)
(0.0448854 0.125126 1.63304)
(-0.0301109 0.0301109 1.58674)
(-0.125126 0.0448855 1.63305)
(-0.160015 0.0712626 1.71976)
(-0.278326 0.151688 1.80134)
(-0.234318 0.461725 1.48636)
(0.234318 0.461725 1.48636)
(0.278327 0.151688 1.80134)
(0.160015 0.0712626 1.71976)
(0.125126 0.0448854 1.63304)
(0.0301109 0.0301109 1.58673)
(-0.0168616 -0.0168616 1.65251)
(-0.0903663 -0.0292063 1.71011)
(-0.107651 -0.0427508 1.81212)
(-0.228029 -0.106085 1.90383)
(-0.210506 -0.364687 1.4881)
(0.210506 -0.364687 1.4881)
(0.228029 -0.106085 1.90383)
(0.107651 -0.0427509 1.81212)
(0.0903664 -0.0292062 1.71011)
(0.0168615 -0.0168615 1.65251)
(-0.0292063 -0.0903663 1.71011)
(-0.119023 -0.119023 1.78784)
(-0.203516 -0.115302 1.85966)
(-0.452868 -0.0855296 0.878853)
(-0.117533 -0.0793906 -1.56783)
(0.117533 -0.0793906 -1.56783)
(0.452868 -0.0855289 0.878854)
(0.203516 -0.115302 1.85966)
(0.119023 -0.119023 1.78784)
(0.0292062 -0.0903662 1.71011)
(-0.0427509 -0.107651 1.81212)
(-0.115302 -0.203516 1.85966)
(-0.0710039 -0.0710039 1.14833)
(-0.116718 0.0080298 -1.26868)
(0.0500345 -0.225206 -3.05589)
(-0.0500345 -0.225206 -3.05589)
(0.116718 0.00803044 -1.26868)
(0.0710037 -0.0710036 1.14833)
(0.115302 -0.203515 1.85966)
(0.0427508 -0.107651 1.81212)
(-0.106085 -0.228029 1.90383)
(-0.0855296 -0.452868 0.878853)
(0.0080298 -0.116718 -1.26868)
(-0.0658492 -0.0658491 -1.60015)
(0.191909 -0.252212 -3.41401)
(-0.19191 -0.252212 -3.41401)
(0.0658482 -0.0658465 -1.60015)
(-0.00803085 -0.116717 -1.26868)
(0.0855295 -0.452867 0.878854)
(0.106085 -0.228028 1.90383)
(-0.364687 -0.210506 1.4881)
(-0.0793906 -0.117533 -1.56783)
(-0.225206 0.0500345 -3.05589)
(-0.252212 0.191909 -3.41401)
(0.0161157 0.0161157 -3.73704)
(-0.0161154 0.0161147 -3.73704)
(0.252212 0.19191 -3.41401)
(0.225206 0.0500348 -3.05589)
(0.0793893 -0.117533 -1.56783)
(0.364686 -0.210505 1.4881)
(-0.364687 0.210506 1.4881)
(-0.0793905 0.117533 -1.56783)
(-0.225206 -0.0500345 -3.05589)
(-0.252212 -0.19191 -3.41401)
(0.0161148 -0.0161155 -3.73704)
(-0.0161145 -0.0161145 -3.73704)
(0.252212 -0.191911 -3.41401)
(0.225206 -0.0500348 -3.05589)
(0.0793893 0.117533 -1.56783)
(0.364687 0.210505 1.4881)
(-0.106085 0.228029 1.90383)
(-0.0855289 0.452868 0.878854)
(0.00803032 0.116718 -1.26868)
(-0.0658466 0.0658482 -1.60015)
(0.19191 0.252212 -3.41401)
(-0.191911 0.252212 -3.41401)
(0.0658457 0.0658457 -1.60014)
(-0.00803121 0.116717 -1.26868)
(0.0855289 0.452868 0.878855)
(0.106085 0.228029 1.90383)
(-0.0427509 0.107651 1.81212)
(-0.115302 0.203516 1.85966)
(-0.0710036 0.0710037 1.14833)
(-0.116717 -0.00803073 -1.26868)
(0.0500348 0.225206 -3.05589)
(-0.0500348 0.225206 -3.05589)
(0.116717 -0.00803121 -1.26868)
(0.0710035 0.0710035 1.14833)
(0.115302 0.203515 1.85966)
(0.0427508 0.107651 1.81212)
(-0.0292062 0.0903664 1.71011)
(-0.119023 0.119023 1.78784)
(-0.203515 0.115302 1.85966)
(-0.452867 0.0855296 0.878854)
(-0.117533 0.0793893 -1.56783)
(0.117533 0.0793893 -1.56783)
(0.452868 0.0855289 0.878855)
(0.203515 0.115302 1.85966)
(0.119023 0.119023 1.78784)
(0.0292062 0.0903663 1.71011)
(-0.0168615 0.0168615 1.65251)
(-0.0903662 0.0292062 1.71011)
(-0.107651 0.0427508 1.81212)
(-0.228028 0.106085 1.90383)
(-0.210505 0.364686 1.4881)
(0.210505 0.364687 1.4881)
(0.228029 0.106085 1.90383)
(0.10765 0.0427508 1.81212)
(0.0903663 0.0292062 1.71011)
(0.0168615 0.0168615 1.65251)
(-0.00141158 -0.00141157 1.69209)
(-0.0529273 -0.0085749 1.75808)
(-0.0455129 -0.00883093 1.86332)
(-0.160411 -0.0353324 1.95711)
(-0.179056 -0.245036 1.47108)
(0.179056 -0.245037 1.47108)
(0.160411 -0.0353323 1.95711)
(0.0455128 -0.00883099 1.86332)
(0.0529274 -0.00857489 1.75808)
(0.00141156 -0.00141156 1.69209)
(-0.00857491 -0.0529272 1.75808)
(-0.0616038 -0.0616038 1.8592)
(-0.097593 -0.0182546 1.91613)
(-0.298146 0.0562177 0.845087)
(-0.046473 -0.0419087 -1.6781)
(0.046473 -0.0419086 -1.6781)
(0.298146 0.0562179 0.845088)
(0.097593 -0.0182549 1.91613)
(0.061604 -0.0616039 1.8592)
(0.00857488 -0.0529272 1.75808)
(-0.00883094 -0.0455128 1.86332)
(-0.0182546 -0.097593 1.91613)
(0.0720558 0.0720558 1.16034)
(-0.0662826 0.0202935 -1.23572)
(0.118708 -0.227693 -3.01423)
(-0.118708 -0.227693 -3.01423)
(0.0662824 0.0202944 -1.23572)
(-0.0720559 0.0720555 1.16034)
(0.0182551 -0.0975931 1.91613)
(0.00883102 -0.0455128 1.86332)
(-0.0353324 -0.160411 1.95711)
(0.0562177 -0.298146 0.845087)
(0.0202935 -0.0662826 -1.23572)
(-0.116944 -0.116944 -1.73192)
(0.225069 -0.245705 -3.41224)
(-0.225071 -0.245705 -3.41223)
(0.116943 -0.116943 -1.73191)
(-0.0202945 -0.0662822 -1.23572)
(-0.0562174 -0.298146 0.845088)
(0.0353327 -0.160411 1.95711)
(-0.245036 -0.179056 1.47108)
(-0.0419087 -0.0464729 -1.6781)
(-0.227693 0.118708 -3.01423)
(-0.245705 0.225069 -3.41223)
(-0.0702794 -0.0702794 -3.9102)
(0.0702791 -0.07028 -3.9102)
(0.245705 0.22507 -3.41223)
(0.227693 0.118708 -3.01423)
(0.0419079 -0.0464734 -1.6781)
(0.245036 -0.179056 1.47108)
(-0.245036 0.179056 1.47108)
(-0.0419086 0.046473 -1.6781)
(-0.227693 -0.118708 -3.01423)
(-0.245705 -0.22507 -3.41223)
(-0.07028 0.070279 -3.9102)
(0.0702797 0.0702797 -3.9102)
(0.245705 -0.225071 -3.41223)
(0.227693 -0.118708 -3.01423)
(0.0419078 0.0464735 -1.6781)
(0.245037 0.179056 1.47108)
(-0.0353323 0.160411 1.95711)
(0.056218 0.298146 0.845088)
(0.0202944 0.0662824 -1.23572)
(-0.116943 0.116943 -1.73191)
(0.22507 0.245705 -3.41223)
(-0.225072 0.245705 -3.41223)
(0.116942 0.116942 -1.73191)
(-0.0202953 0.0662821 -1.23572)
(-0.0562176 0.298146 0.845088)
(0.0353326 0.160411 1.95711)
(-0.00883099 0.0455128 1.86332)
(-0.0182549 0.097593 1.91613)
(0.0720555 -0.0720559 1.16034)
(-0.0662823 -0.0202944 -1.23572)
(0.118708 0.227693 -3.01423)
(-0.118708 0.227693 -3.01423)
(0.0662821 -0.0202953 -1.23572)
(-0.0720556 -0.0720556 1.16034)
(0.0182553 0.0975932 1.91613)
(0.00883108 0.0455128 1.86332)
(-0.00857489 0.0529274 1.75808)
(-0.0616039 0.061604 1.8592)
(-0.0975931 0.0182551 1.91613)
(-0.298146 -0.0562174 0.845088)
(-0.0464734 0.0419079 -1.6781)
(0.0464735 0.0419079 -1.6781)
(0.298146 -0.0562176 0.845088)
(0.0975932 0.0182553 1.91613)
(0.0616041 0.0616041 1.8592)
(0.00857487 0.0529273 1.75808)
(-0.00141156 0.00141156 1.69209)
(-0.0529272 0.00857488 1.75808)
(-0.0455128 0.00883102 1.86332)
(-0.160411 0.0353327 1.95711)
(-0.179056 0.245036 1.47108)
(0.179056 0.245037 1.47108)
(0.160411 0.0353326 1.95711)
(0.0455128 0.00883109 1.86332)
(0.0529273 0.00857487 1.75808)
(0.00141155 0.00141155 1.69209)
)
;

boundaryField
{
    bottom
    {
        type            noSlip;
    }
    atmosphere
    {
        type            pressureInletOutletVelocity;
        value           nonuniform List<vector> 0();
    }
    walls
    {
        type            noSlip;
    }
    procBoundary2to0
    {
        type            processor;
        value           nonuniform List<vector> 
100
(
(0.0156952 0.0156952 1.70407)
(-0.0119228 0.0164582 1.77163)
(0.0203292 0.0272058 1.87284)
(-0.0839362 0.0467245 1.95863)
(-0.145547 -0.127522 1.44523)
(0.145547 -0.127522 1.44523)
(0.0839361 0.0467246 1.95863)
(-0.0203292 0.0272057 1.87284)
(0.0119229 0.0164582 1.77163)
(-0.0156952 0.0156952 1.70407)
(0.0164582 -0.0119228 1.77163)
(-0.00226235 -0.00226233 1.88778)
(0.0203096 0.0684876 1.92681)
(-0.149755 0.174741 0.840024)
(0.00832244 0.0113368 -1.70179)
(-0.00832237 0.0113371 -1.70179)
(0.149755 0.174741 0.840025)
(-0.0203095 0.0684871 1.92681)
(0.00226258 -0.0022626 1.88778)
(-0.0164582 -0.0119229 1.77163)
(0.0272058 0.0203292 1.87284)
(0.0684876 0.0203096 1.92681)
(0.196647 0.196647 1.18234)
(-0.00791526 0.081064 -1.17427)
(0.185382 -0.22441 -2.94369)
(-0.185383 -0.22441 -2.94369)
(0.00791516 0.0810646 -1.17427)
(-0.196647 0.196646 1.18234)
(-0.0684869 0.0203091 1.92681)
(-0.0272056 0.0203291 1.87284)
(0.0467245 -0.0839361 1.95863)
(0.174742 -0.149755 0.840024)
(0.081064 -0.00791521 -1.17427)
(-0.131115 -0.131115 -1.84823)
(0.22159 -0.187238 -3.41997)
(-0.221591 -0.187237 -3.41997)
(0.131114 -0.131114 -1.84823)
(-0.0810643 -0.007915 -1.17427)
(-0.174741 -0.149756 0.840024)
(-0.046724 -0.0839362 1.95863)
(-0.127522 -0.145547 1.44523)
(0.0113369 0.00832246 -1.70179)
(-0.22441 0.185382 -2.94369)
(-0.187237 0.22159 -3.41997)
(-0.0501536 -0.0501536 -4.06467)
(0.0501528 -0.0501538 -4.06467)
(0.187237 0.221591 -3.41997)
(0.22441 0.185383 -2.94369)
(-0.0113371 0.00832243 -1.70179)
(0.127522 -0.145548 1.44523)
(-0.127522 0.145547 1.44523)
(0.0113371 -0.00832236 -1.70179)
(-0.22441 -0.185383 -2.94369)
(-0.187237 -0.221591 -3.41997)
(-0.0501537 0.0501528 -4.06467)
(0.050153 0.050153 -4.06467)
(0.187236 -0.221592 -3.41997)
(0.22441 -0.185383 -2.94369)
(-0.0113374 -0.0083223 -1.70179)
(0.127522 0.145548 1.44523)
(0.0467246 0.0839361 1.95863)
(0.174741 0.149755 0.840025)
(0.0810646 0.00791513 -1.17427)
(-0.131114 0.131114 -1.84823)
(0.221591 0.187237 -3.41997)
(-0.221592 0.187236 -3.41997)
(0.131113 0.131113 -1.84822)
(-0.0810649 0.00791494 -1.17427)
(-0.174741 0.149756 0.840025)
(-0.0467241 0.0839362 1.95863)
(0.0272057 -0.0203292 1.87284)
(0.0684871 -0.0203095 1.92681)
(0.196646 -0.196647 1.18234)
(-0.00791504 -0.0810644 -1.17427)
(0.185383 0.22441 -2.94369)
(-0.185383 0.22441 -2.94369)
(0.00791496 -0.0810649 -1.17427)
(-0.196646 -0.196646 1.18234)
(-0.0684864 -0.020309 1.92681)
(-0.0272055 -0.0203291 1.87283)
(0.0164582 0.0119229 1.77163)
(-0.00226261 0.00226256 1.88778)
(0.0203091 -0.0684869 1.92681)
(-0.149756 -0.174741 0.840024)
(0.00832238 -0.0113371 -1.70179)
(-0.00832229 -0.0113374 -1.70179)
(0.149756 -0.174741 0.840025)
(-0.020309 -0.0684864 1.92681)
(0.00226284 0.00226283 1.88778)
(-0.0164582 0.011923 1.77163)
(0.0156952 -0.0156952 1.70407)
(-0.0119229 -0.0164582 1.77163)
(0.0203291 -0.0272056 1.87284)
(-0.0839362 -0.046724 1.95863)
(-0.145548 0.127522 1.44523)
(0.145548 0.127522 1.44523)
(0.0839362 -0.0467241 1.95863)
(-0.0203292 -0.0272055 1.87283)
(0.011923 -0.0164582 1.77163)
(-0.0156953 -0.0156952 1.70407)
)
;
    }
    procBoundary2to3
    {
        type            processor;
        value           nonuniform List<vector> 
100
(
(-0.047641 -0.047641 0.780709)
(-0.138386 -0.0573715 0.777802)
(-0.184345 -0.0752105 0.757654)
(-0.18982 -0.0969309 0.760526)
(-0.0976938 -0.119559 0.724796)
(0.097695 -0.119559 0.724795)
(0.18982 -0.0969303 0.760525)
(0.184344 -0.0752103 0.757654)
(0.138386 -0.0573713 0.777802)
(0.047641 -0.0476409 0.780709)
(-0.0573715 -0.138386 0.777802)
(-0.166364 -0.166364 0.770262)
(-0.223643 -0.22993 0.749249)
(-0.233724 -0.313635 0.773953)
(-0.117973 -0.442187 0.610416)
(0.117975 -0.442187 0.610416)
(0.233724 -0.313632 0.773953)
(0.223643 -0.229929 0.749248)
(0.166364 -0.166363 0.770261)
(0.0573714 -0.138386 0.777802)
(-0.0752105 -0.184345 0.757654)
(-0.22993 -0.223643 0.749249)
(-0.31769 -0.31769 0.673918)
(-0.327026 -0.418042 0.274553)
(-0.0912224 -0.322962 -0.921302)
(0.0912237 -0.322961 -0.921302)
(0.327028 -0.418033 0.274559)
(0.317689 -0.317687 0.673916)
(0.229929 -0.223642 0.749248)
(0.0752101 -0.184344 0.757654)
(-0.0969309 -0.18982 0.760526)
(-0.313635 -0.233724 0.773953)
(-0.418042 -0.327026 0.274553)
(-0.091817 -0.0918171 -1.53004)
(-0.0388353 0.199349 -3.10071)
(0.0388359 0.199348 -3.10071)
(0.0918194 -0.0918016 -1.53003)
(0.418037 -0.327013 0.274555)
(0.313633 -0.23372 0.773952)
(0.0969304 -0.189818 0.760525)
(-0.119559 -0.0976938 0.724796)
(-0.442187 -0.117973 0.610416)
(-0.322962 -0.0912225 -0.921303)
(0.199349 -0.0388353 -3.10071)
(0.0129323 0.0129322 -3.48535)
(-0.0129322 0.0129322 -3.48535)
(-0.19935 -0.0388342 -3.10071)
(0.322941 -0.0912211 -0.921288)
(0.44217 -0.117971 0.610419)
(0.119556 -0.0976921 0.724794)
(-0.119559 0.097695 0.724795)
(-0.442187 0.117975 0.610416)
(-0.322961 0.0912238 -0.921302)
(0.199348 0.0388358 -3.10071)
(0.0129322 -0.0129322 -3.48535)
(-0.0129322 -0.0129322 -3.48535)
(-0.19935 0.0388346 -3.10071)
(0.322939 0.0912222 -0.921287)
(0.44217 0.117973 0.610419)
(0.119556 0.0976933 0.724794)
(-0.0969303 0.18982 0.760525)
(-0.313632 0.233724 0.773953)
(-0.418033 0.327028 0.274559)
(-0.0918016 0.0918194 -1.53003)
(-0.0388342 -0.19935 -3.10071)
(0.0388346 -0.19935 -3.10071)
(0.0918039 0.0918039 -1.53002)
(0.418028 0.327014 0.27456)
(0.31363 0.233721 0.773951)
(0.0969299 0.189819 0.760524)
(-0.0752103 0.184344 0.757654)
(-0.229929 0.223643 0.749248)
(-0.317687 0.317689 0.673916)
(-0.327013 0.418037 0.274555)
(-0.0912211 0.322941 -0.921288)
(0.0912222 0.322939 -0.921287)
(0.327014 0.418028 0.27456)
(0.317686 0.317686 0.673914)
(0.229928 0.223642 0.749247)
(0.0752099 0.184344 0.757653)
(-0.0573713 0.138386 0.777802)
(-0.166363 0.166364 0.770261)
(-0.223642 0.229929 0.749248)
(-0.23372 0.313633 0.773952)
(-0.117971 0.44217 0.610419)
(0.117973 0.44217 0.610419)
(0.233721 0.31363 0.773951)
(0.223642 0.229928 0.749247)
(0.166363 0.166363 0.770261)
(0.0573712 0.138386 0.777802)
(-0.0476409 0.047641 0.780709)
(-0.138386 0.0573714 0.777802)
(-0.184344 0.0752101 0.757654)
(-0.189818 0.0969304 0.760525)
(-0.0976921 0.119556 0.724794)
(0.0976933 0.119556 0.724794)
(0.189819 0.0969299 0.760524)
(0.184344 0.0752099 0.757653)
(0.138386 0.0573712 0.777802)
(0.0476409 0.0476409 0.780709)
)
;
    }
}


// ************************************************************************* //
