/*--------------------------------*- C++ -*----------------------------------*\
| =========                 |                                                 |
| \\      /  F ield         | OpenFOAM: The Open Source CFD Toolbox           |
|  \\    /   O peration     | Version:  2412                                  |
|   \\  /    A nd           | Website:  www.openfoam.com                      |
|    \\/     M anipulation  |                                                 |
\*---------------------------------------------------------------------------*/
FoamFile
{
    version     2.0;
    format      ascii;
    arch        "LSB;label=32;scalar=64";
    class       surfaceScalarField;
    location    "0.27";
    object      phi;
}
// * * * * * * * * * * * * * * * * * * * * * * * * * * * * * * * * * * * * * //

dimensions      [0 3 -1 0 0 0 0];

oriented        oriented;

internalField   nonuniform List<scalar> 
2700
(
6.24255e-05
6.24255e-05
0.00233474
0.000111797
0.000100734
0.00240397
0.000123164
0.000170519
0.00255378
1.26136e-05
0.000367021
0.00264859
-3.8677e-11
0.000233117
0.00249801
-1.26136e-05
0.000233117
0.00249801
-0.000123164
0.000367021
0.00264859
-0.000111797
0.000170519
0.00255378
-6.24255e-05
0.000100734
0.00240397
6.24255e-05
0.00233474
0.000100734
0.000111797
0.00240397
0.000196831
0.000196831
0.00251573
0.000212489
0.000376373
0.00278845
0.000169214
0.000568868
0.00200788
-1.83226e-11
0.000235541
-0.00182031
-0.000169214
0.000235541
-0.00182031
-0.000212489
0.000568868
0.00200788
-0.000196831
0.000376373
0.00278845
-0.000100734
0.000196831
0.00251573
0.000111797
0.00240397
0.000170519
0.000123164
0.00255378
0.000376373
0.000212489
0.00278845
0.000456788
0.000456788
0.00248377
0.000368023
0.000397512
-0.00047329
8.29402e-12
0.000200818
-0.00476048
-0.000368023
0.000200818
-0.00476048
-0.000456788
0.000397511
-0.00047329
-0.000376373
0.000456788
0.00248377
-0.000170519
0.000212489
0.00278845
0.000123164
0.00255378
0.000367021
1.26136e-05
0.00264859
0.000568868
0.000169214
0.00200788
0.000397512
0.000368024
-0.00047329
0.000302686
0.000302686
-0.00293884
-1.91703e-11
0.000151829
-0.00638084
-0.000302686
0.000151829
-0.00638084
-0.000397511
0.000302685
-0.00293884
-0.000568868
0.000368024
-0.00047329
-0.000367021
0.000169213
0.00200788
1.26135e-05
0.00264859
0.000233118
-3.9105e-11
0.00249801
0.000235541
-3.69429e-11
-0.00182031
0.000200818
-1.41937e-11
-0.00476048
0.000151829
-3.61884e-11
-0.00638084
-2.96282e-11
-7.4308e-11
-0.00732692
-0.000151829
-7.19144e-11
-0.00732692
-0.000200818
-3.98169e-11
-0.00638084
-0.000235541
-1.89126e-11
-0.00476048
-0.000233117
-3.47469e-11
-0.00182031
-3.41797e-11
0.00249801
0.000233118
-1.26136e-05
0.00249801
0.000235541
-0.000169214
-0.00182031
0.000200818
-0.000368024
-0.00476048
0.000151829
-0.000302686
-0.00638084
-2.80224e-11
-0.000151829
-0.00732692
-0.000151829
-0.000151829
-0.00732692
-0.000200818
-0.000302685
-0.00638084
-0.000235541
-0.000368023
-0.00476048
-0.000233117
-0.000169214
-0.00182031
-1.26136e-05
0.00249801
0.000367021
-0.000123164
0.00264859
0.000568868
-0.000212489
0.00200788
0.000397511
-0.000456788
-0.00047329
0.000302686
-0.000397511
-0.00293884
-2.23142e-11
-0.000200818
-0.00638084
-0.000302685
-0.000200818
-0.00638084
-0.000397511
-0.000397511
-0.00293884
-0.000568867
-0.000456788
-0.00047329
-0.00036702
-0.000212489
0.00200788
-0.000123164
0.00264859
0.000170519
-0.000111797
0.00255378
0.000376373
-0.000196831
0.00278845
0.000456788
-0.000376373
0.00248377
0.000368023
-0.000568868
-0.00047329
3.55665e-12
-0.000235541
-0.00476048
-0.000368024
-0.000235541
-0.00476048
-0.000456788
-0.000568867
-0.00047329
-0.000376373
-0.000376373
0.00248377
-0.000170519
-0.000196831
0.00278845
-0.000111797
0.00255378
0.000100734
-6.24255e-05
0.00240397
0.000196831
-0.000100734
0.00251573
0.000212489
-0.000170519
0.00278845
0.000169213
-0.000367021
0.00200788
-1.62354e-11
-0.000233117
-0.00182031
-0.000169214
-0.000233117
-0.00182031
-0.000212489
-0.00036702
0.00200788
-0.000196831
-0.000170519
0.00278845
-0.000100734
-0.000100734
0.00251573
-6.24255e-05
0.00240397
6.24255e-05
0.00233474
0.000111797
0.00240397
0.000123164
0.00255378
1.26135e-05
0.00264859
-3.38937e-11
0.00249801
-1.26136e-05
0.00249801
-0.000123164
0.00264859
-0.000111797
0.00255378
-6.24255e-05
0.00240397
0.00233474
8.08302e-05
8.08302e-05
0.00217308
0.000144236
0.000127248
0.00221332
0.000166262
0.000208138
0.00232362
6.1761e-05
0.000418524
0.00233456
-3.67963e-11
0.000351318
0.00220845
-6.17611e-05
0.000351318
0.00220845
-0.000166262
0.000418524
0.00233456
-0.000144236
0.000208138
0.00232362
-8.08302e-05
0.000127248
0.00221332
8.08302e-05
0.00217308
0.000127248
0.000144236
0.00221332
0.000246096
0.000246096
0.00227803
0.00030722
0.000442499
0.00249296
0.000278449
0.000645351
0.00180983
7.59168e-13
0.00041683
-0.00160737
-0.000278449
0.00041683
-0.00160737
-0.00030722
0.00064535
0.00180983
-0.000246096
0.000442499
0.00249296
-0.000127248
0.000246096
0.00227803
0.000144236
0.00221332
0.000208138
0.000166262
0.00232362
0.000442499
0.00030722
0.00249296
0.000556124
0.000556125
0.00225652
0.000467191
0.000484899
-0.000223904
1.79935e-11
0.000383942
-0.0042604
-0.000467191
0.000383942
-0.0042604
-0.000556124
0.000484898
-0.000223904
-0.000442499
0.000556124
0.00225652
-0.000208138
0.00030722
0.00249296
0.000166262
0.00232362
0.000418524
6.17611e-05
0.00233456
0.000645351
0.000278449
0.00180983
0.000484899
0.000467191
-0.000223904
0.000363012
0.000363012
-0.00269507
7.62822e-11
0.000257781
-0.00589167
-0.000363012
0.000257781
-0.00589167
-0.000484898
0.000363012
-0.00269507
-0.00064535
0.000467191
-0.000223904
-0.000418524
0.000278449
0.00180983
6.1761e-05
0.00233456
0.000351318
-4.46555e-11
0.00220845
0.00041683
-2.23428e-11
-0.00160737
0.000383942
3.78103e-12
-0.0042604
0.000257781
5.17034e-11
-0.00589167
1.91295e-13
-5.13417e-11
-0.00681136
-0.000257781
-4.89207e-11
-0.00681136
-0.000383942
4.44699e-11
-0.00589167
-0.00041683
-1.28148e-12
-0.0042604
-0.000351318
-2.27969e-11
-0.00160737
-4.15632e-11
0.00220845
0.000351318
-6.17611e-05
0.00220845
0.00041683
-0.000278449
-0.00160737
0.000383942
-0.000467191
-0.0042604
0.000257781
-0.000363012
-0.00589167
3.12023e-12
-0.000257781
-0.00681136
-0.000257781
-0.000257781
-0.00681136
-0.000383942
-0.000363011
-0.00589167
-0.00041683
-0.000467191
-0.0042604
-0.000351318
-0.000278449
-0.00160737
-6.1761e-05
0.00220845
0.000418524
-0.000166262
0.00233456
0.00064535
-0.00030722
0.00180983
0.000484898
-0.000556124
-0.000223904
0.000363012
-0.000484898
-0.00269507
6.92961e-11
-0.000383942
-0.00589167
-0.000363012
-0.000383942
-0.00589167
-0.000484898
-0.000484898
-0.00269507
-0.00064535
-0.000556124
-0.000223904
-0.000418524
-0.000307219
0.00180983
-0.000166262
0.00233456
0.000208138
-0.000144236
0.00232362
0.000442499
-0.000246096
0.00249296
0.000556124
-0.000442499
0.00225652
0.000467191
-0.00064535
-0.000223905
1.34346e-11
-0.00041683
-0.0042604
-0.000467191
-0.00041683
-0.0042604
-0.000556124
-0.00064535
-0.000223905
-0.000442499
-0.000442499
0.00225652
-0.000208138
-0.000246095
0.00249296
-0.000144236
0.00232362
0.000127248
-8.08302e-05
0.00221332
0.000246096
-0.000127248
0.00227803
0.00030722
-0.000208138
0.00249296
0.000278449
-0.000418524
0.00180983
2.93833e-13
-0.000351317
-0.00160737
-0.000278449
-0.000351317
-0.00160737
-0.000307219
-0.000418524
0.00180983
-0.000246095
-0.000208138
0.00249296
-0.000127248
-0.000127248
0.00227803
-8.08302e-05
0.00221332
8.08302e-05
0.00217308
0.000144236
0.00221332
0.000166262
0.00232362
6.1761e-05
0.00233456
-3.37175e-11
0.00220845
-6.1761e-05
0.00220845
-0.000166262
0.00233456
-0.000144236
0.00232362
-8.08302e-05
0.00221332
0.00217308
9.27447e-05
9.27447e-05
0.00198759
0.000164086
0.000143021
0.00199896
0.000191818
0.000230911
0.00206497
9.73302e-05
0.000429346
0.0019997
-2.84976e-11
0.000421403
0.00188438
-9.73302e-05
0.000421403
0.00188438
-0.000191818
0.000429345
0.0019997
-0.000164086
0.000230911
0.00206497
-9.27447e-05
0.000143021
0.00199896
9.27447e-05
0.00198759
0.000143021
0.000164086
0.00199896
0.000272264
0.000272264
0.00201955
0.000362804
0.00046756
0.00216577
0.000340475
0.000675032
0.00158647
5.89736e-12
0.000511548
-0.00135704
-0.000340475
0.000511548
-0.00135704
-0.000362804
0.000675032
0.00158647
-0.000272263
0.00046756
0.00216577
-0.000143021
0.000272263
0.00201955
0.000164086
0.00199896
0.000230911
0.000191818
0.00206497
0.00046756
0.000362804
0.00216577
0.000602214
0.000602214
0.00198721
0.000534804
0.000536295
-1.7758e-05
3.02928e-11
0.000491106
-0.00370515
-0.000534804
0.000491106
-0.00370515
-0.000602214
0.000536295
-1.77578e-05
-0.00046756
0.000602214
0.00198721
-0.000230911
0.000362804
0.00216577
0.000191818
0.00206497
0.000429346
9.73302e-05
0.0019997
0.000675032
0.000340475
0.00158647
0.000536295
0.000534804
-1.77579e-05
0.000397072
0.000397072
-0.00241662
1.19263e-10
0.000322868
-0.00532636
-0.000397071
0.000322868
-0.00532636
-0.000536295
0.000397072
-0.00241662
-0.000675032
0.000534804
-1.77583e-05
-0.000429345
0.000340475
0.00158647
9.73301e-05
0.0019997
0.000421403
-4.43358e-11
0.00188438
0.000511548
-3.11229e-11
-0.00135704
0.000491106
1.42449e-11
-0.00370515
0.000322868
1.03126e-10
-0.00532636
-2.29765e-12
-5.52404e-11
-0.00616562
-0.000322868
-5.18228e-11
-0.00616562
-0.000491106
9.6853e-11
-0.00532636
-0.000511548
9.78042e-12
-0.00370515
-0.000421403
-3.14064e-11
-0.00135704
-4.26175e-11
0.00188438
0.000421403
-9.73302e-05
0.00188438
0.000511548
-0.000340475
-0.00135704
0.000491106
-0.000534804
-0.00370515
0.000322868
-0.000397071
-0.00532636
1.49681e-12
-0.000322868
-0.00616562
-0.000322868
-0.000322868
-0.00616562
-0.000491106
-0.000397071
-0.00532636
-0.000511548
-0.000534804
-0.00370515
-0.000421402
-0.000340475
-0.00135704
-9.73301e-05
0.00188438
0.000429346
-0.000191818
0.0019997
0.000675032
-0.000362804
0.00158647
0.000536295
-0.000602214
-1.77576e-05
0.000397072
-0.000536295
-0.00241662
1.1294e-10
-0.000491106
-0.00532636
-0.000397071
-0.000491106
-0.00532636
-0.000536295
-0.000536295
-0.00241662
-0.000675032
-0.000602214
-1.7758e-05
-0.000429345
-0.000362804
0.00158647
-0.000191818
0.0019997
0.000230911
-0.000164086
0.00206497
0.000467559
-0.000272263
0.00216577
0.000602214
-0.00046756
0.00198721
0.000534804
-0.000675031
-1.77585e-05
2.61113e-11
-0.000511548
-0.00370515
-0.000534804
-0.000511548
-0.00370515
-0.000602214
-0.000675031
-1.77584e-05
-0.00046756
-0.00046756
0.00198721
-0.000230911
-0.000272263
0.00216577
-0.000164086
0.00206497
0.000143021
-9.27447e-05
0.00199896
0.000272263
-0.000143021
0.00201955
0.000362804
-0.000230911
0.00216577
0.000340475
-0.000429345
0.00158647
5.66461e-12
-0.000421402
-0.00135704
-0.000340475
-0.000421402
-0.00135704
-0.000362804
-0.000429345
0.00158647
-0.000272263
-0.000230911
0.00216577
-0.000143021
-0.000143021
0.00201955
-9.27447e-05
0.00199896
9.27447e-05
0.00198759
0.000164086
0.00199896
0.000191818
0.00206497
9.73301e-05
0.0019997
-2.67009e-11
0.00188438
-9.73302e-05
0.00188438
-0.000191818
0.00199971
-0.000164086
0.00206497
-9.27447e-05
0.00199896
0.00198759
9.80197e-05
9.80197e-05
0.00179155
0.000171611
0.000148007
0.00177736
0.000201078
0.000239498
0.00179601
0.000118447
0.000412205
0.00167013
-1.82206e-11
0.000446609
0.00155622
-0.000118447
0.000446609
0.00155622
-0.000201078
0.000412205
0.00167013
-0.000171611
0.000239498
0.00179601
-9.80197e-05
0.000148007
0.00177736
9.80197e-05
0.00179155
0.000148007
0.000171611
0.00177736
0.000277604
0.000277604
0.00176035
0.000382968
0.000465305
0.0018346
0.000360477
0.000667012
0.00135415
-3.59808e-12
0.000546604
-0.00109656
-0.000360477
0.000546604
-0.00109656
-0.000382968
0.000667012
0.00135415
-0.000277604
0.000465305
0.0018346
-0.000148007
0.000277604
0.00176035
0.000171611
0.00177736
0.000239498
0.000201078
0.00179601
0.000465305
0.000382968
0.0018346
0.000611777
0.000611777
0.00169427
0.00056071
0.000558322
0.000142
2.80599e-11
0.000547719
-0.00314556
-0.00056071
0.000547719
-0.00314556
-0.000611777
0.000558322
0.000142
-0.000465305
0.000611777
0.00169427
-0.000239498
0.000382968
0.0018346
0.000201078
0.00179601
0.000412205
0.000118447
0.00167013
0.000667012
0.000360477
0.00135415
0.000558321
0.00056071
0.000142
0.000410781
0.000410781
-0.00212154
8.78264e-11
0.000365904
-0.00473376
-0.000410781
0.000365904
-0.00473376
-0.000558321
0.000410781
-0.00212154
-0.000667012
0.00056071
0.000142
-0.000412205
0.000360477
0.00135415
0.000118447
0.00167013
0.000446609
-4.49291e-11
0.00155622
0.000546604
-6.29553e-11
-0.00109656
0.000547719
-5.51274e-12
-0.00314556
0.000365904
9.90247e-11
-0.00473376
-2.29496e-11
-7.40361e-11
-0.00543382
-0.000365904
-6.97443e-11
-0.00543382
-0.000547719
9.78087e-11
-0.00473376
-0.000546604
-1.15872e-11
-0.00314556
-0.000446609
-6.45211e-11
-0.00109656
-4.43072e-11
0.00155622
0.000446609
-0.000118447
0.00155622
0.000546604
-0.000360477
-0.00109656
0.000547719
-0.00056071
-0.00314556
0.000365904
-0.000410781
-0.00473376
-1.84823e-11
-0.000365904
-0.00543382
-0.000365904
-0.000365904
-0.00543382
-0.000547719
-0.000410781
-0.00473376
-0.000546604
-0.00056071
-0.00314556
-0.000446609
-0.000360477
-0.00109656
-0.000118447
0.00155622
0.000412205
-0.000201078
0.00167013
0.000667013
-0.000382968
0.00135415
0.000558322
-0.000611778
0.000142001
0.000410781
-0.000558321
-0.00212154
8.58818e-11
-0.000547719
-0.00473376
-0.000410781
-0.000547719
-0.00473376
-0.000558322
-0.000558322
-0.00212154
-0.000667012
-0.000611777
0.000142
-0.000412205
-0.000382968
0.00135415
-0.000201078
0.00167013
0.000239498
-0.000171611
0.00179601
0.000465305
-0.000277604
0.0018346
0.000611777
-0.000465305
0.00169427
0.00056071
-0.000667012
0.000142
2.41487e-11
-0.000546604
-0.00314556
-0.00056071
-0.000546604
-0.00314556
-0.000611777
-0.000667012
0.000142
-0.000465305
-0.000465305
0.00169427
-0.000239498
-0.000277604
0.0018346
-0.000171611
0.00179601
0.000148007
-9.80197e-05
0.00177736
0.000277604
-0.000148007
0.00176035
0.000382968
-0.000239498
0.0018346
0.000360477
-0.000412205
0.00135415
-4.82025e-12
-0.000446609
-0.00109656
-0.000360477
-0.000446609
-0.00109656
-0.000382968
-0.000412205
0.00135415
-0.000277604
-0.000239498
0.0018346
-0.000148007
-0.000148007
0.00176035
-9.80197e-05
0.00177736
9.80197e-05
0.00179155
0.000171611
0.00177736
0.000201078
0.00179601
0.000118447
0.00167013
-1.7278e-11
0.00155622
-0.000118447
0.00155622
-0.000201078
0.00167013
-0.000171611
0.00179601
-9.80197e-05
0.00177736
0.00179155
9.6952e-05
9.69521e-05
0.00159765
0.000168653
0.000143257
0.0015624
0.000197477
0.000231615
0.00153557
0.000125471
0.000377601
0.00136454
-9.3911e-12
0.000434987
0.0012467
-0.000125471
0.000434987
0.0012467
-0.000197478
0.000377601
0.00136454
-0.000168653
0.000231615
0.00153557
-9.6952e-05
0.000143257
0.0015624
9.69521e-05
0.00159765
0.000143257
0.000168653
0.0015624
0.000264311
0.000264311
0.00151824
0.00037242
0.00044112
0.00151699
0.000347446
0.000626156
0.00113057
-1.91645e-11
0.000540895
-0.00085502
-0.000347446
0.000540895
-0.00085502
-0.00037242
0.000626156
0.00113057
-0.000264311
0.00044112
0.00151699
-0.000143257
0.000264311
0.00151824
0.000168653
0.0015624
0.000231615
0.000197478
0.00153557
0.00044112
0.00037242
0.00151699
0.000588615
0.000588615
0.00139928
0.0005305
0.000601559
0.000224711
2.03696e-11
0.000564082
-0.00263824
-0.0005305
0.000564082
-0.00263824
-0.000588615
0.000601559
0.000224712
-0.00044112
0.000588615
0.00139928
-0.000231615
0.00037242
0.00151699
0.000197478
0.00153557
0.000377601
0.000125471
0.00136454
0.000626156
0.000347446
0.00113057
0.000601559
0.0005305
0.000224711
0.00046153
0.00046153
-0.00184148
4.09705e-11
0.000386475
-0.00409463
-0.00046153
0.000386476
-0.00409463
-0.000601559
0.00046153
-0.00184148
-0.000626156
0.0005305
0.000224711
-0.000377601
0.000347446
0.00113057
0.000125471
0.00136454
0.000434987
-4.30976e-11
0.0012467
0.000540895
-9.90339e-11
-0.00085502
0.000564082
6.25359e-12
-0.00263824
0.000386476
8.9686e-11
-0.00409463
-3.11218e-11
-8.41581e-11
-0.00466087
-0.000386476
-8.02275e-11
-0.00466087
-0.000564082
9.32251e-11
-0.00409463
-0.000540895
3.55056e-12
-0.00263824
-0.000434987
-9.98893e-11
-0.00085502
-4.25784e-11
0.0012467
0.000434987
-0.000125471
0.0012467
0.000540895
-0.000347446
-0.00085502
0.000564082
-0.0005305
-0.00263824
0.000386476
-0.00046153
-0.00409463
-2.66055e-11
-0.000386476
-0.00466087
-0.000386476
-0.000386476
-0.00466087
-0.000564082
-0.00046153
-0.00409463
-0.000540895
-0.0005305
-0.00263824
-0.000434987
-0.000347446
-0.00085502
-0.000125471
0.0012467
0.000377601
-0.000197478
0.00136454
0.000626156
-0.00037242
0.00113057
0.000601559
-0.000588615
0.000224712
0.00046153
-0.000601559
-0.00184148
4.28982e-11
-0.000564082
-0.00409463
-0.00046153
-0.000564082
-0.00409463
-0.00060156
-0.000601559
-0.00184148
-0.000626156
-0.000588615
0.000224711
-0.000377601
-0.00037242
0.00113057
-0.000197477
0.00136454
0.000231615
-0.000168653
0.00153557
0.00044112
-0.000264311
0.00151699
0.000588615
-0.00044112
0.00139928
0.000530501
-0.000626156
0.000224711
1.77984e-11
-0.000540895
-0.00263824
-0.0005305
-0.000540895
-0.00263824
-0.000588615
-0.000626156
0.000224711
-0.00044112
-0.00044112
0.00139928
-0.000231615
-0.000264311
0.00151699
-0.000168653
0.00153557
0.000143257
-9.69521e-05
0.0015624
0.000264311
-0.000143257
0.00151824
0.00037242
-0.000231615
0.00151699
0.000347446
-0.000377601
0.00113057
-1.93754e-11
-0.000434987
-0.00085502
-0.000347446
-0.000434987
-0.00085502
-0.00037242
-0.000377601
0.00113057
-0.000264311
-0.000231615
0.00151699
-0.000143257
-0.000143257
0.00151824
-9.6952e-05
0.0015624
9.6952e-05
0.00159765
0.000168653
0.0015624
0.000197478
0.00153557
0.000125471
0.00136454
-8.58281e-12
0.0012467
-0.000125471
0.0012467
-0.000197478
0.00136454
-0.000168653
0.00153557
-9.6952e-05
0.0015624
0.00159765
9.05161e-05
9.05161e-05
0.00141662
0.000157217
0.000130687
0.00136501
0.00018392
0.000208417
0.00130045
0.000123767
0.000322455
0.00110223
-3.68026e-12
0.000398529
0.000971941
-0.000123767
0.000398529
0.000971941
-0.00018392
0.000322455
0.00110223
-0.000157217
0.000208417
0.00130045
-9.05161e-05
0.000130687
0.00136501
9.05161e-05
0.00141662
0.000130687
0.000157217
0.00136501
0.000236586
0.000236586
0.00130645
0.000338239
0.000392939
0.00123081
0.000313408
0.000541858
0.000936001
-2.28437e-11
0.000515185
-0.000658268
-0.000313408
0.000515185
-0.000658268
-0.000338239
0.000541858
0.000936001
-0.000236586
0.000392939
0.00123081
-0.000130687
0.000236586
0.00130645
0.000157217
0.00136501
0.000208417
0.00018392
0.00130045
0.000392939
0.000338239
0.00123081
0.000531113
0.000531113
0.00112293
0.000468416
0.00059322
0.000236046
1.64344e-11
0.000557946
-0.00221259
-0.000468416
0.000557946
-0.00221259
-0.000531113
0.00059322
0.000236046
-0.000392939
0.000531113
0.00112293
-0.000208417
0.000338239
0.00123081
0.00018392
0.00130045
0.000322455
0.000123767
0.00110223
0.000541858
0.000313408
0.000936001
0.000593219
0.000468416
0.000236046
0.00047025
0.00047025
-0.00159555
1.18807e-11
0.000378723
-0.00344515
-0.00047025
0.000378723
-0.00344515
-0.00059322
0.000470251
-0.00159555
-0.000541858
0.000468416
0.000236046
-0.000322455
0.000313408
0.000936001
0.000123767
0.00110223
0.00039853
-3.89701e-11
0.000971941
0.000515185
-9.8704e-11
-0.000658267
0.000557946
4.35426e-11
-0.00221259
0.000378723
8.63214e-11
-0.00344515
-2.84557e-11
-7.63891e-11
-0.00390342
-0.000378723
-7.32267e-11
-0.00390342
-0.000557946
9.18886e-11
-0.00344515
-0.000515186
4.10362e-11
-0.00221259
-0.00039853
-1.00477e-10
-0.000658267
-3.89139e-11
0.000971941
0.000398529
-0.000123767
0.000971941
0.000515185
-0.000313408
-0.000658268
0.000557946
-0.000468416
-0.00221259
0.000378723
-0.00047025
-0.00344515
-2.43779e-11
-0.000378723
-0.00390342
-0.000378723
-0.000378723
-0.00390342
-0.000557946
-0.00047025
-0.00344515
-0.000515185
-0.000468416
-0.00221259
-0.000398529
-0.000313408
-0.000658268
-0.000123767
0.000971941
0.000322455
-0.00018392
0.00110223
0.000541858
-0.000338239
0.000936001
0.00059322
-0.000531113
0.000236046
0.000470251
-0.000593219
-0.00159555
1.54234e-11
-0.000557946
-0.00344515
-0.000470251
-0.000557946
-0.00344515
-0.00059322
-0.00059322
-0.00159555
-0.000541858
-0.000531113
0.000236046
-0.000322455
-0.000338239
0.000936001
-0.00018392
0.00110223
0.000208417
-0.000157217
0.00130045
0.000392939
-0.000236586
0.00123081
0.000531113
-0.000392939
0.00112293
0.000468416
-0.000541858
0.000236046
1.37201e-11
-0.000515185
-0.00221259
-0.000468416
-0.000515185
-0.00221259
-0.000531113
-0.000541858
0.000236046
-0.000392939
-0.000392939
0.00112293
-0.000208417
-0.000236586
0.00123081
-0.000157217
0.00130045
0.000130687
-9.05161e-05
0.00136501
0.000236586
-0.000130687
0.00130645
0.000338239
-0.000208417
0.00123081
0.000313408
-0.000322455
0.000936001
-2.36405e-11
-0.00039853
-0.000658267
-0.000313408
-0.00039853
-0.000658267
-0.000338239
-0.000322455
0.000936001
-0.000236586
-0.000208417
0.00123081
-0.000130687
-0.000130687
0.00130645
-9.0516e-05
0.00136501
9.05161e-05
0.00141662
0.000157217
0.00136501
0.00018392
0.00130045
0.000123767
0.00110223
-3.33017e-12
0.000971942
-0.000123767
0.000971941
-0.00018392
0.00110223
-0.000157217
0.00130045
-9.05161e-05
0.00136501
0.00141662
7.96411e-05
7.96412e-05
0.00125734
0.000138384
0.000111893
0.00119438
0.000162579
0.000175841
0.00110041
0.000114803
0.000255938
0.000894072
-2.57375e-12
0.000351712
0.000735033
-0.000114803
0.000351712
0.000735033
-0.000162579
0.000255938
0.000894072
-0.000138384
0.000175841
0.00110041
-7.96411e-05
0.000111893
0.00119438
7.96412e-05
0.00125734
0.000111893
0.000138384
0.00119438
0.000200194
0.000200194
0.00112985
0.000290001
0.000323614
0.000993234
0.000268924
0.000435113
0.000777903
-1.64914e-11
0.000481585
-0.000519216
-0.000268924
0.000481585
-0.000519216
-0.000290001
0.000435113
0.000777903
-0.000200194
0.000323614
0.000993234
-0.000111893
0.000200194
0.00112985
0.000138384
0.00119438
0.000175841
0.000162579
0.00110041
0.000323614
0.000290001
0.000993234
0.000442251
0.000442252
0.000885658
0.000385779
0.000540255
0.000187376
2.38573e-11
0.000507715
-0.00185294
-0.000385779
0.000507715
-0.00185294
-0.000442251
0.000540255
0.000187376
-0.000323614
0.000442252
0.000885658
-0.000175841
0.000290001
0.000993234
0.000162579
0.00110041
0.000255938
0.000114803
0.000894072
0.000435113
0.000268924
0.000777903
0.000540255
0.000385779
0.000187376
0.000440438
0.000440438
-0.00139591
-5.83092e-12
0.000329475
-0.00282648
-0.000440438
0.000329475
-0.00282648
-0.000540255
0.000440438
-0.00139591
-0.000435113
0.000385779
0.000187376
-0.000255938
0.000268924
0.000777903
0.000114803
0.000894072
0.000351712
-3.49045e-11
0.000735032
0.000481585
-8.48911e-11
-0.000519216
0.000507716
9.82949e-11
-0.00185294
0.000329476
6.70518e-11
-0.00282648
-2.32361e-11
-5.21424e-11
-0.00324447
-0.000329476
-4.96302e-11
-0.00324447
-0.000507716
7.2932e-11
-0.00282648
-0.000481585
9.77978e-11
-0.00185294
-0.000351713
-8.60733e-11
-0.000519216
-3.4661e-11
0.000735032
0.000351712
-0.000114803
0.000735033
0.000481585
-0.000268924
-0.000519216
0.000507715
-0.000385779
-0.00185294
0.000329475
-0.000440438
-0.00282648
-1.99333e-11
-0.000329476
-0.00324447
-0.000329475
-0.000329476
-0.00324447
-0.000507715
-0.000440438
-0.00282648
-0.000481585
-0.000385779
-0.00185294
-0.000351712
-0.000268924
-0.000519216
-0.000114803
0.000735033
0.000255938
-0.000162579
0.000894072
0.000435113
-0.000290001
0.000777903
0.000540255
-0.000442251
0.000187376
0.000440438
-0.000540255
-0.00139591
-2.0123e-12
-0.000507716
-0.00282648
-0.000440438
-0.000507716
-0.00282648
-0.000540255
-0.000540255
-0.00139591
-0.000435113
-0.000442251
0.000187376
-0.000255938
-0.000290001
0.000777903
-0.000162579
0.000894072
0.000175841
-0.000138384
0.00110041
0.000323614
-0.000200194
0.000993234
0.000442252
-0.000323614
0.000885658
0.000385779
-0.000435113
0.000187376
2.24271e-11
-0.000481585
-0.00185294
-0.000385779
-0.000481585
-0.00185294
-0.000442252
-0.000435113
0.000187376
-0.000323614
-0.000323614
0.000885658
-0.000175841
-0.000200194
0.000993234
-0.000138384
0.00110041
0.000111893
-7.96411e-05
0.00119438
0.000200194
-0.000111893
0.00112985
0.000290001
-0.000175841
0.000993234
0.000268924
-0.000255938
0.000777903
-1.64242e-11
-0.000351713
-0.000519216
-0.000268924
-0.000351712
-0.000519216
-0.000290001
-0.000255939
0.000777903
-0.000200194
-0.000175841
0.000993234
-0.000111893
-0.000111893
0.00112985
-7.96411e-05
0.00119438
7.96412e-05
0.00125734
0.000138384
0.00119438
0.000162579
0.00110041
0.000114803
0.000894072
-1.99635e-12
0.000735033
-0.000114803
0.000735032
-0.000162579
0.000894072
-0.000138384
0.00110041
-7.96412e-05
0.00119438
0.00125734
6.61961e-05
6.61961e-05
0.00112494
0.000114977
9.049e-05
0.00105511
0.000135553
0.000143419
0.000936416
0.000100317
0.000193086
0.000736221
-3.11856e-12
0.000305983
0.000529367
-0.000100317
0.000305983
0.000529367
-0.000135553
0.000193086
0.000736221
-0.000114977
0.000143419
0.000936416
-6.61961e-05
9.049e-05
0.00105511
6.61961e-05
0.00112494
9.049e-05
0.000114977
0.00105511
0.000161852
0.000161852
0.000987122
0.000236938
0.000253021
0.000808546
0.000217295
0.000344528
0.000646105
-6.92198e-12
0.000426991
-0.00042293
-0.000217295
0.000426991
-0.00042293
-0.000236938
0.000344529
0.000646105
-0.000161852
0.000253021
0.000808546
-9.049e-05
0.000161852
0.000987122
0.000114977
0.00105511
0.000143419
0.000135553
0.000936416
0.000253021
0.000236939
0.000808546
0.000352203
0.000352203
0.000687293
0.000305847
0.000477946
0.000100315
3.13674e-11
0.000401674
-0.00152178
-0.000305846
0.000401674
-0.00152178
-0.000352203
0.000477946
0.000100315
-0.000253021
0.000352203
0.000687293
-0.000143419
0.000236939
0.000808546
0.000135553
0.000936416
0.000193086
0.000100317
0.000736221
0.000344528
0.000217295
0.000646105
0.000477946
0.000305847
0.000100315
0.000384425
0.000384425
-0.00120887
6.60319e-13
0.000250254
-0.00229063
-0.000384425
0.000250254
-0.00229063
-0.000477946
0.000384425
-0.00120887
-0.000344529
0.000305847
0.000100315
-0.000193086
0.000217295
0.000646105
0.000100317
0.000736221
0.000305983
-3.26448e-11
0.000529367
0.000426991
-4.92801e-11
-0.000422929
0.000401674
1.29332e-10
-0.00152177
0.000250254
4.78075e-11
-0.00229063
-1.1959e-11
-3.38521e-11
-0.00274396
-0.000250254
-3.23938e-11
-0.00274396
-0.000401674
5.1428e-11
-0.00229063
-0.000426991
1.30229e-10
-0.00152177
-0.000305983
-5.27187e-11
-0.000422929
-3.28477e-11
0.000529366
0.000305983
-0.000100317
0.000529367
0.000426991
-0.000217295
-0.00042293
0.000401674
-0.000305846
-0.00152178
0.000250254
-0.000384425
-0.00229063
-9.829e-12
-0.000250254
-0.00274396
-0.000250254
-0.000250254
-0.00274396
-0.000401674
-0.000384425
-0.00229063
-0.000426991
-0.000305846
-0.00152178
-0.000305983
-0.000217295
-0.00042293
-0.000100317
0.000529367
0.000193086
-0.000135553
0.000736221
0.000344528
-0.000236938
0.000646105
0.000477946
-0.000352203
0.000100315
0.000384425
-0.000477946
-0.00120887
3.24843e-12
-0.000401674
-0.00229063
-0.000384425
-0.000401674
-0.00229063
-0.000477946
-0.000477946
-0.00120887
-0.000344529
-0.000352203
0.000100315
-0.000193086
-0.000236939
0.000646105
-0.000135553
0.000736221
0.000143419
-0.000114977
0.000936416
0.000253021
-0.000161852
0.000808546
0.000352203
-0.000253021
0.000687293
0.000305847
-0.000344529
0.000100315
3.06043e-11
-0.000426991
-0.00152177
-0.000305847
-0.000426991
-0.00152177
-0.000352203
-0.000344529
0.000100315
-0.000253021
-0.000253021
0.000687293
-0.000143419
-0.000161852
0.000808546
-0.000114977
0.000936416
9.049e-05
-6.61961e-05
0.00105511
0.000161852
-9.049e-05
0.000987122
0.000236939
-0.000143419
0.000808546
0.000217295
-0.000193086
0.000646105
-9.30951e-12
-0.000305983
-0.000422929
-0.000217295
-0.000305983
-0.000422929
-0.000236939
-0.000193086
0.000646105
-0.000161852
-0.000143419
0.000808546
-9.049e-05
-9.049e-05
0.000987122
-6.61961e-05
0.00105511
6.61961e-05
0.00112494
0.000114977
0.00105511
0.000135553
0.000936416
0.000100317
0.000736221
-2.91168e-12
0.000529366
-0.000100317
0.000529367
-0.000135553
0.000736221
-0.000114977
0.000936416
-6.61961e-05
0.00105511
0.00112494
5.10392e-05
5.10392e-05
0.00102287
8.83567e-05
6.7542e-05
0.000950247
0.000106115
0.000110213
0.000808445
8.05338e-05
0.000142966
0.000618836
-6.67768e-12
0.000269884
0.000340016
-8.05338e-05
0.000269884
0.000340016
-0.000106115
0.000142966
0.000618836
-8.83568e-05
0.000110213
0.000808445
-5.10392e-05
6.7542e-05
0.000950248
5.10392e-05
0.00102287
6.7542e-05
8.83568e-05
0.000950248
0.000123751
0.000123751
0.000874703
0.000183077
0.000185731
0.000673702
0.000155537
0.000289109
0.000527502
4.44993e-12
0.000345666
-0.000343174
-0.000155537
0.000345666
-0.000343174
-0.000183077
0.000289109
0.000527502
-0.000123751
0.000185731
0.000673702
-6.7542e-05
0.000123751
0.000874703
8.83568e-05
0.000950248
0.000110213
0.000106115
0.000808445
0.000185731
0.000183077
0.000673702
0.00029112
0.00029112
0.000476515
0.000245474
0.000374797
6.02731e-05
2.31689e-11
0.000253729
-0.00118436
-0.000245474
0.000253729
-0.00118436
-0.00029112
0.000374797
6.02732e-05
-0.000185731
0.00029112
0.000476515
-0.000110213
0.000183077
0.000673702
0.000106115
0.000808445
0.000142966
8.05338e-05
0.000618836
0.000289109
0.000155537
0.000527502
0.000374797
0.000245474
6.02732e-05
0.000260677
0.000260677
-0.000980631
2.51242e-12
0.000152946
-0.00192917
-0.000260677
0.000152946
-0.00192917
-0.000374797
0.000260677
-0.00098063
-0.000289109
0.000245474
6.02731e-05
-0.000142966
0.000155537
0.000527502
8.05339e-05
0.000618836
0.000269884
-3.94751e-11
0.000340016
0.000345666
1.8272e-11
-0.000343174
0.000253729
9.70277e-11
-0.00118436
0.000152946
2.66546e-11
-0.00192917
-5.75963e-12
-2.01268e-11
-0.00243807
-0.000152946
-1.93996e-11
-0.00243807
-0.000253729
2.86902e-11
-0.00192917
-0.000345666
9.90651e-11
-0.00118436
-0.000269884
1.72668e-11
-0.000343173
-4.01312e-11
0.000340016
0.000269884
-8.05338e-05
0.000340017
0.000345666
-0.000155537
-0.000343174
0.000253729
-0.000245473
-0.00118436
0.000152946
-0.000260677
-0.00192917
-4.66418e-12
-0.000152946
-0.00243807
-0.000152946
-0.000152946
-0.00243807
-0.000253729
-0.000260677
-0.00192917
-0.000345666
-0.000245474
-0.00118436
-0.000269884
-0.000155537
-0.000343174
-8.05339e-05
0.000340016
0.000142966
-0.000106115
0.000618836
0.000289109
-0.000183077
0.000527502
0.000374797
-0.00029112
6.02733e-05
0.000260677
-0.000374797
-0.00098063
3.8743e-12
-0.000253729
-0.00192917
-0.000260677
-0.000253729
-0.00192917
-0.000374797
-0.000374798
-0.00098063
-0.000289109
-0.00029112
6.02731e-05
-0.000142966
-0.000183077
0.000527502
-0.000106115
0.000618836
0.000110213
-8.83568e-05
0.000808445
0.000185731
-0.000123751
0.000673702
0.00029112
-0.000185731
0.000476515
0.000245474
-0.000289109
6.02731e-05
2.36947e-11
-0.000345666
-0.00118436
-0.000245474
-0.000345666
-0.00118436
-0.00029112
-0.000289109
6.02731e-05
-0.000185731
-0.000185731
0.000476515
-0.000110213
-0.000123751
0.000673702
-8.83568e-05
0.000808445
6.7542e-05
-5.10392e-05
0.000950247
0.000123751
-6.7542e-05
0.000874703
0.000183077
-0.000110213
0.000673702
0.000155537
-0.000142966
0.000527502
3.47024e-12
-0.000269884
-0.000343173
-0.000155537
-0.000269884
-0.000343174
-0.000183077
-0.000142966
0.000527502
-0.000123751
-0.000110213
0.000673702
-6.7542e-05
-6.7542e-05
0.000874703
-5.10392e-05
0.000950248
5.10392e-05
0.00102287
8.83568e-05
0.000950248
0.000106115
0.000808445
8.05339e-05
0.000618836
-6.72658e-12
0.000340016
-8.05339e-05
0.000340016
-0.000106115
0.000618836
-8.83568e-05
0.000808445
-5.10392e-05
0.000950248
0.00102287
2.83965e-05
2.83965e-05
4.97602e-05
3.42714e-05
5.74413e-05
6.21428e-05
4.28375e-05
7.13442e-05
-2.83889e-12
0.000127569
-4.28375e-05
0.000127569
-5.74413e-05
7.13442e-05
-4.97602e-05
6.21429e-05
-2.83965e-05
3.42714e-05
2.83965e-05
3.42714e-05
4.97602e-05
6.59593e-05
6.59593e-05
9.54964e-05
9.81305e-05
6.05026e-05
0.000170083
3.36482e-12
0.000143124
-6.05026e-05
0.000143124
-9.54964e-05
0.000170083
-6.59593e-05
9.81305e-05
-3.42714e-05
6.59593e-05
4.97602e-05
6.21428e-05
5.74414e-05
9.81305e-05
9.54964e-05
0.000171226
0.000171226
0.000143677
0.000183399
1.02634e-11
9.1121e-05
-0.000143677
9.1121e-05
-0.000171226
0.000183399
-9.81305e-05
0.000171226
-6.21428e-05
9.54965e-05
5.74414e-05
7.13442e-05
4.28376e-05
0.000170083
6.05027e-05
0.000183399
0.000143677
9.70084e-05
9.70083e-05
-2.77556e-14
5.49544e-05
-9.70084e-05
5.49544e-05
-0.000183399
9.70083e-05
-0.000170083
0.000143677
-7.13442e-05
6.05027e-05
4.28376e-05
0.000127569
-2.26582e-11
0.000143124
2.44431e-11
9.1121e-05
3.23791e-11
5.49545e-05
1.05471e-11
-2.31798e-12
-6.36828e-12
-5.49545e-05
-6.07538e-12
-9.1121e-05
1.15286e-11
-0.000143124
3.23411e-11
-0.000127569
2.39646e-11
-2.33576e-11
0.000127569
-4.28376e-05
0.000143124
-6.05026e-05
9.1121e-05
-0.000143677
5.49544e-05
-9.70084e-05
-1.89587e-12
-5.49545e-05
-5.49544e-05
-5.49545e-05
-9.1121e-05
-9.70084e-05
-0.000143124
-0.000143677
-0.000127569
-6.05026e-05
-4.28376e-05
7.13442e-05
-5.74413e-05
0.000170083
-9.54964e-05
0.000183399
-0.000171226
9.70083e-05
-0.000183399
7.78779e-13
-9.1121e-05
-9.70083e-05
-9.1121e-05
-0.000183399
-0.000183399
-0.000170083
-0.000171226
-7.13442e-05
-9.54964e-05
-5.74414e-05
6.21428e-05
-4.97602e-05
9.81305e-05
-6.59593e-05
0.000171226
-9.81305e-05
0.000143677
-0.000170083
9.68093e-12
-0.000143124
-0.000143677
-0.000143124
-0.000171226
-0.000170083
-9.81305e-05
-9.81305e-05
-6.21429e-05
-6.59593e-05
-4.97602e-05
3.42714e-05
-2.83965e-05
6.59593e-05
-3.42714e-05
9.54964e-05
-6.21428e-05
6.05027e-05
-7.13442e-05
2.57822e-12
-0.000127569
-6.05027e-05
-0.000127569
-9.54964e-05
-7.13442e-05
-6.59593e-05
-6.21428e-05
-3.42714e-05
-3.42714e-05
-2.83965e-05
2.83965e-05
4.97602e-05
5.74414e-05
4.28376e-05
-3.21726e-12
-4.28376e-05
-5.74414e-05
-4.97602e-05
-2.83965e-05
)
;

boundaryField
{
    bottom
    {
        type            calculated;
        value           nonuniform List<scalar> 0();
    }
    atmosphere
    {
        type            calculated;
        value           nonuniform List<scalar> 
100
(
0.000966072
0.000894612
0.000738621
0.000562096
0.000255285
0.000255285
0.000562096
0.000738621
0.000894612
0.000966072
0.000894612
0.000811327
0.000608177
0.000463757
-0.000298225
-0.000298226
0.000463757
0.000608177
0.000811327
0.000894612
0.000738621
0.000608177
0.000330325
7.45059e-05
-0.000988684
-0.000988684
7.45059e-05
0.000330325
0.000608177
0.000738621
0.000562096
0.000463757
7.45058e-05
-0.00080785
-0.001796
-0.001796
-0.000807849
7.45058e-05
0.000463757
0.000562096
0.000255285
-0.000298226
-0.000988684
-0.001796
-0.00232816
-0.00232816
-0.00179599
-0.000988683
-0.000298225
0.000255284
0.000255285
-0.000298226
-0.000988684
-0.001796
-0.00232816
-0.00232816
-0.00179599
-0.000988684
-0.000298225
0.000255284
0.000562096
0.000463757
7.45058e-05
-0.000807849
-0.00179599
-0.001796
-0.000807849
7.45058e-05
0.000463757
0.000562096
0.000738621
0.000608177
0.000330325
7.45058e-05
-0.000988684
-0.000988684
7.45058e-05
0.000330325
0.000608177
0.000738621
0.000894612
0.000811327
0.000608177
0.000463757
-0.000298225
-0.000298226
0.000463757
0.000608177
0.000811327
0.000894612
0.000966072
0.000894612
0.000738621
0.000562096
0.000255284
0.000255285
0.000562096
0.000738621
0.000894612
0.000966072
)
;
    }
    walls
    {
        type            calculated;
        value           uniform 0;
    }
    procBoundary1to0
    {
        type            processor;
        value           nonuniform List<scalar> 
100
(
-0.00245959
-0.00255408
-0.00273567
-0.00290506
-0.00271852
-0.00271852
-0.00290506
-0.00273567
-0.00255408
-0.00245959
-0.00255408
-0.00270792
-0.00300996
-0.00216645
0.0019871
0.0019871
-0.00216645
-0.00300996
-0.00270792
-0.00255408
-0.00273567
-0.00300996
-0.0026446
0.000733411
0.00516322
0.00516322
0.000733411
-0.0026446
-0.00300996
-0.00273567
-0.00290506
-0.00216645
0.000733411
0.0031285
0.00673252
0.00673252
0.0031285
0.00073341
-0.00216645
-0.00290506
-0.00271851
0.0019871
0.00516322
0.00673252
0.00763058
0.00763058
0.00673252
0.00516322
0.0019871
-0.00271851
-0.00271851
0.0019871
0.00516322
0.00673252
0.00763058
0.00763058
0.00673252
0.00516322
0.0019871
-0.00271851
-0.00290506
-0.00216645
0.000733411
0.0031285
0.00673252
0.00673252
0.00312849
0.000733411
-0.00216645
-0.00290506
-0.00273567
-0.00300996
-0.0026446
0.00073341
0.00516322
0.00516322
0.000733411
-0.0026446
-0.00300996
-0.00273567
-0.00255408
-0.00270792
-0.00300996
-0.00216645
0.0019871
0.0019871
-0.00216645
-0.00300996
-0.00270792
-0.00255408
-0.00245959
-0.00255408
-0.00273567
-0.00290506
-0.00271851
-0.00271851
-0.00290506
-0.00273567
-0.00255408
-0.00245959
)
;
    }
}


// ************************************************************************* //
