/*--------------------------------*- C++ -*----------------------------------*\
| =========                 |                                                 |
| \\      /  F ield         | OpenFOAM: The Open Source CFD Toolbox           |
|  \\    /   O peration     | Version:  2412                                  |
|   \\  /    A nd           | Website:  www.openfoam.com                      |
|    \\/     M anipulation  |                                                 |
\*---------------------------------------------------------------------------*/
FoamFile
{
    version     2.0;
    format      ascii;
    arch        "LSB;label=32;scalar=64";
    class       volScalarField;
    location    "0.9";
    object      p;
}
// * * * * * * * * * * * * * * * * * * * * * * * * * * * * * * * * * * * * * //

dimensions      [1 -1 -2 0 0 0 0];

internalField   nonuniform List<scalar> 
1000
(
7.6802
5.2612
5.81183
5.58432
5.70884
5.70889
5.58413
5.81178
5.26117
7.6804
5.2612
5.46259
5.57485
5.68249
5.76215
5.76215
5.6824
5.57485
5.46256
5.26118
5.81184
5.57485
5.58609
5.59323
5.63844
5.63844
5.59327
5.58614
5.5748
5.81182
5.58436
5.68249
5.59322
5.828
5.73743
5.73742
5.82802
5.59322
5.68245
5.58434
5.70879
5.76214
5.63844
5.73743
5.73648
5.73647
5.73743
5.63843
5.76211
5.70876
5.70883
5.76213
5.63844
5.73741
5.73647
5.73646
5.73742
5.63843
5.76211
5.70876
5.58416
5.68238
5.5933
5.82802
5.73744
5.73743
5.82802
5.59332
5.68237
5.58422
5.81179
5.57487
5.58617
5.59322
5.63842
5.63843
5.59328
5.58622
5.57482
5.81181
5.26117
5.46255
5.57479
5.68245
5.76213
5.76213
5.68239
5.5748
5.46253
5.26116
7.68048
5.26118
5.81182
5.58428
5.70882
5.70885
5.58415
5.8118
5.26116
7.68053
7.05373
4.87263
5.57197
5.31173
5.41042
5.41042
5.31167
5.57197
4.87262
7.054
4.87263
5.09233
5.20445
5.34419
5.41883
5.41883
5.34412
5.20447
5.09231
4.87263
5.57198
5.20445
5.2802
5.24476
5.31939
5.31938
5.24482
5.28022
5.20441
5.57199
5.31174
5.34418
5.24475
5.43961
5.38539
5.38538
5.43963
5.24476
5.34416
5.31174
5.4104
5.41882
5.31939
5.38539
5.4023
5.4023
5.38539
5.31937
5.4188
5.41037
5.41039
5.41882
5.31938
5.38537
5.40229
5.40229
5.38538
5.31938
5.4188
5.41036
5.31169
5.34411
5.24485
5.43964
5.3854
5.3854
5.43964
5.24486
5.34411
5.31172
5.57199
5.20449
5.28024
5.24475
5.31937
5.31937
5.24482
5.2803
5.20447
5.57202
4.87262
5.0923
5.20441
5.34416
5.41882
5.41882
5.34412
5.20444
5.09229
4.87263
7.0541
4.87263
5.572
5.31173
5.4104
5.41041
5.31169
5.57201
4.87263
7.0542
6.42427
4.51796
5.36674
5.05824
5.12832
5.12831
5.0582
5.36673
4.51796
6.42447
4.51797
4.80883
4.83919
5.02317
5.09283
5.09285
5.02315
4.83922
4.80882
4.51797
5.36674
4.8392
4.96393
4.88785
5.02196
5.02195
4.88789
4.96394
4.83917
5.36676
5.05824
5.02317
4.88785
5.04609
5.0418
5.0418
5.04609
4.88784
5.02317
5.05823
5.12831
5.09283
5.02196
5.0418
5.07488
5.07488
5.0418
5.02194
5.09283
5.1283
5.1283
5.09285
5.02195
5.04179
5.07488
5.07487
5.0418
5.02194
5.09285
5.12828
5.05821
5.02315
4.88791
5.0461
5.04181
5.04181
5.04609
4.88791
5.02316
5.05822
5.36674
4.83924
4.96396
4.88784
5.02194
5.02194
4.88788
4.96401
4.83922
5.36677
4.51796
4.80882
4.83916
5.02318
5.09285
5.09286
5.02317
4.83919
4.80881
4.51797
6.42452
4.51797
5.36677
5.05824
5.12831
5.12831
5.05821
5.36677
4.51797
6.42466
6.32598
4.17566
5.12373
4.80649
4.84841
4.84841
4.80646
5.12373
4.17566
6.32601
4.17566
4.53306
4.48518
4.72808
4.78378
4.7838
4.72806
4.4852
4.53307
4.17566
5.12373
4.48519
4.63906
4.5426
4.73207
4.73207
4.54259
4.63908
4.48518
5.12375
4.80649
4.72809
4.5426
4.68408
4.71798
4.71797
4.68405
4.54258
4.7281
4.80649
4.8484
4.78377
4.73207
4.71797
4.76456
4.76455
4.71797
4.73206
4.78379
4.8484
4.8484
4.78381
4.73207
4.71797
4.76455
4.76455
4.71796
4.73206
4.78382
4.8484
4.80647
4.72806
4.54259
4.68404
4.71797
4.71797
4.68403
4.54258
4.72807
4.80648
5.12373
4.48522
4.63909
4.54257
4.73206
4.73206
4.54257
4.63912
4.48522
5.12376
4.17567
4.53307
4.48516
4.7281
4.7838
4.78382
4.72808
4.48519
4.53307
4.17567
6.32602
4.17566
5.12376
4.80649
4.84841
4.84842
4.80648
5.12377
4.17566
6.32606
7.32331
3.78909
4.88332
4.55796
4.55882
4.55883
4.55793
4.88331
3.78909
7.32312
3.78909
4.17471
4.11836
4.44572
4.47425
4.47427
4.44569
4.11837
4.17474
3.78908
4.88332
4.11839
4.35615
4.23586
4.45516
4.45516
4.23582
4.35614
4.11838
4.88332
4.55796
4.44573
4.23586
4.36727
4.41532
4.41531
4.36723
4.23584
4.44574
4.55796
4.55882
4.47425
4.45516
4.41532
4.47026
4.47026
4.41531
4.45515
4.47426
4.55882
4.55883
4.47427
4.45515
4.41531
4.47026
4.47026
4.41531
4.45514
4.47428
4.55883
4.55792
4.44568
4.23581
4.36721
4.41531
4.41531
4.36719
4.23579
4.4457
4.55793
4.88332
4.11838
4.35614
4.23583
4.45516
4.45515
4.2358
4.35612
4.1184
4.88333
3.78909
4.17474
4.11837
4.44575
4.47427
4.47428
4.44572
4.11838
4.17476
3.78909
7.32311
3.78907
4.88333
4.55796
4.55883
4.55884
4.55794
4.88333
3.78907
7.32306
6.20913
3.46715
4.48462
4.32469
4.25577
4.25578
4.32469
4.48463
3.46713
6.20907
3.46715
3.78495
3.80217
4.1753
4.16631
4.16631
4.17528
3.80215
3.78498
3.46714
4.48462
3.80219
4.17673
3.97638
4.1979
4.19789
3.97632
4.17669
3.80219
4.48461
4.32469
4.1753
3.97638
4.08697
4.12856
4.12856
4.08693
3.9764
4.17531
4.3247
4.25577
4.1663
4.1979
4.12856
4.18385
4.18385
4.12855
4.19789
4.1663
4.25577
4.25577
4.16631
4.19788
4.12856
4.18385
4.18384
4.12855
4.19787
4.16631
4.25577
4.3247
4.17528
3.97629
4.08692
4.12855
4.12855
4.08689
3.97629
4.17529
4.3247
4.48464
3.80216
4.17667
3.97641
4.19789
4.19788
3.97634
4.17662
3.80217
4.48464
3.46713
3.78499
3.80218
4.17532
4.16631
4.16632
4.17531
3.80218
3.78501
3.46713
6.20907
3.46714
4.48461
4.3247
4.25578
4.25578
4.3247
4.48462
3.46712
6.20908
4.74289
3.20007
4.05832
4.03331
3.96466
3.96466
4.03334
4.05836
3.20005
4.74285
3.20008
3.44901
3.58666
3.86504
3.87028
3.87029
3.86502
3.58664
3.44904
3.20008
4.05831
3.58668
4.01496
3.75216
3.94874
3.94873
3.7521
4.01494
3.58668
4.0583
4.0333
3.86503
3.75216
3.80423
3.8479
3.8479
3.80421
3.75216
3.86503
4.03332
3.96466
3.87028
3.94873
3.84789
3.90213
3.90213
3.84789
3.94874
3.87027
3.96466
3.96466
3.87028
3.94872
3.84789
3.90213
3.90213
3.84789
3.94872
3.87027
3.96466
4.03335
3.86501
3.75207
3.80421
3.84789
3.84789
3.8042
3.75207
3.86501
4.03336
4.05838
3.58663
4.01492
3.75217
3.94874
3.94873
3.7521
4.01488
3.58664
4.05836
3.20005
3.44904
3.58668
3.86503
3.87028
3.87028
3.86503
3.58666
3.44906
3.20005
4.74281
3.20008
4.05829
4.03332
3.96466
3.96466
4.03334
4.05832
3.20006
4.74275
5.02881
2.99707
3.75607
3.65145
3.66314
3.66314
3.65147
3.75612
2.99705
5.0289
2.99708
3.11839
3.40813
3.5453
3.5836
3.58361
3.54527
3.40811
3.1184
2.99709
3.75606
3.40813
3.75652
3.52143
3.68107
3.68108
3.52138
3.75654
3.40814
3.75606
3.65144
3.54529
3.52143
3.51938
3.56909
3.56909
3.51937
3.52143
3.54528
3.65144
3.66314
3.5836
3.68107
3.56909
3.6187
3.61871
3.56908
3.68108
3.5836
3.66314
3.66314
3.5836
3.68108
3.56909
3.61871
3.61871
3.56908
3.68108
3.5836
3.66314
3.65148
3.54526
3.52137
3.51937
3.56908
3.56908
3.51936
3.52136
3.54525
3.65148
3.75614
3.40811
3.75654
3.52143
3.68109
3.68109
3.52138
3.75655
3.40812
3.75613
2.99704
3.11841
3.40814
3.54529
3.58361
3.58361
3.54527
3.40813
3.11842
2.99706
5.02892
2.9971
3.75605
3.65144
3.66314
3.66314
3.65146
3.75608
2.99708
5.02894
5.84951
2.75967
3.49032
3.2784
3.36006
3.36007
3.27835
3.4904
2.75966
5.84944
2.75968
2.76325
3.18454
3.24346
3.29413
3.29414
3.24344
3.18455
2.76324
2.75969
3.49031
3.18455
3.39924
3.26732
3.3933
3.39331
3.2673
3.39926
3.18456
3.49031
3.27839
3.24346
3.26732
3.23743
3.28641
3.28641
3.23743
3.26732
3.24345
3.27839
3.36005
3.29413
3.3933
3.28641
3.33232
3.33232
3.28641
3.39331
3.29413
3.36005
3.36007
3.29413
3.39332
3.28641
3.33232
3.33233
3.28641
3.39332
3.29413
3.36007
3.27832
3.24342
3.26729
3.23743
3.28641
3.28641
3.23742
3.26729
3.24342
3.27833
3.49045
3.18456
3.39927
3.26732
3.39332
3.39332
3.2673
3.3993
3.18457
3.49043
2.75965
2.76324
3.18456
3.24346
3.29414
3.29414
3.24344
3.18456
2.76324
2.75967
5.84944
2.75971
3.49029
3.2784
3.36006
3.36007
3.27837
3.49035
2.7597
5.84943
4.43844
2.47153
3.12924
3.00269
3.05863
3.05864
3.00261
3.12927
2.47153
4.43847
2.47154
2.44718
2.91145
2.94971
3.00255
3.00256
2.94969
2.91147
2.44717
2.47155
3.12924
2.91145
3.03346
2.99367
3.10147
3.10148
2.99366
3.03346
2.91147
3.12925
3.00269
2.94971
2.99366
2.95149
2.99915
2.99915
2.95149
2.99365
2.9497
3.00269
3.05862
3.00255
3.10147
2.99915
3.04254
3.04254
2.99914
3.10148
3.00255
3.05863
3.05864
3.00255
3.10149
2.99914
3.04254
3.04254
2.99914
3.10149
3.00256
3.05864
3.00257
2.94968
2.99366
2.95149
2.99915
2.99915
2.95148
2.99365
2.94968
3.00258
3.12928
2.91148
3.03347
2.99365
3.10148
3.10149
2.99364
3.03348
2.91149
3.12929
2.47152
2.44717
2.91147
2.94971
3.00256
3.00257
2.94969
2.91149
2.44717
2.47154
4.43848
2.47156
3.12925
3.0027
3.05864
3.05865
3.00264
3.12928
2.47156
4.43851
)
;

boundaryField
{
    bottom
    {
        type            calculated;
        value           nonuniform List<scalar> 0();
    }
    atmosphere
    {
        type            calculated;
        value           nonuniform List<scalar> 0();
    }
    walls
    {
        type            calculated;
        value           nonuniform List<scalar> 
400
(
7.6802
5.2612
5.81184
5.58436
5.70879
5.70883
5.58416
5.81179
5.26117
7.68048
7.05373
4.87263
5.57198
5.31174
5.4104
5.41039
5.31169
5.57199
4.87262
7.0541
6.42427
4.51797
5.36674
5.05824
5.12831
5.1283
5.05821
5.36674
4.51796
6.42452
6.32598
4.17566
5.12373
4.80649
4.8484
4.8484
4.80647
5.12373
4.17567
6.32602
7.32331
3.78909
4.88332
4.55796
4.55882
4.55883
4.55792
4.88332
3.78909
7.32311
6.20913
3.46715
4.48462
4.32469
4.25577
4.25577
4.3247
4.48464
3.46713
6.20907
4.74289
3.20008
4.05831
4.0333
3.96466
3.96466
4.03335
4.05838
3.20005
4.74281
5.02881
2.99708
3.75606
3.65144
3.66314
3.66314
3.65148
3.75614
2.99704
5.02892
5.84951
2.75968
3.49031
3.27839
3.36005
3.36007
3.27832
3.49045
2.75965
5.84944
4.43844
2.47154
3.12924
3.00269
3.05862
3.05864
3.00257
3.12928
2.47152
4.43848
7.6804
5.26118
5.81182
5.58434
5.70876
5.70876
5.58422
5.81181
5.26116
7.68053
7.054
4.87263
5.57199
5.31174
5.41037
5.41036
5.31172
5.57202
4.87263
7.0542
6.42447
4.51797
5.36676
5.05823
5.1283
5.12828
5.05822
5.36677
4.51797
6.42466
6.32601
4.17566
5.12375
4.80649
4.8484
4.8484
4.80648
5.12376
4.17567
6.32606
7.32312
3.78908
4.88332
4.55796
4.55882
4.55883
4.55793
4.88333
3.78909
7.32306
6.20907
3.46714
4.48461
4.3247
4.25577
4.25577
4.3247
4.48464
3.46713
6.20908
4.74285
3.20008
4.0583
4.03332
3.96466
3.96466
4.03336
4.05836
3.20005
4.74275
5.0289
2.99709
3.75606
3.65144
3.66314
3.66314
3.65148
3.75613
2.99706
5.02894
5.84944
2.75969
3.49031
3.27839
3.36005
3.36007
3.27833
3.49043
2.75967
5.84943
4.43847
2.47155
3.12925
3.00269
3.05863
3.05864
3.00258
3.12929
2.47154
4.43851
7.6802
7.05373
6.42427
6.32598
7.32331
6.20913
4.74289
5.02881
5.84951
4.43844
5.2612
4.87263
4.51796
4.17566
3.78909
3.46715
3.20007
2.99707
2.75967
2.47153
5.81183
5.57197
5.36674
5.12373
4.88332
4.48462
4.05832
3.75607
3.49032
3.12924
5.58432
5.31173
5.05824
4.80649
4.55796
4.32469
4.03331
3.65145
3.2784
3.00269
5.70884
5.41042
5.12832
4.84841
4.55882
4.25577
3.96466
3.66314
3.36006
3.05863
5.70889
5.41042
5.12831
4.84841
4.55883
4.25578
3.96466
3.66314
3.36007
3.05864
5.58413
5.31167
5.0582
4.80646
4.55793
4.32469
4.03334
3.65147
3.27835
3.00261
5.81178
5.57197
5.36673
5.12373
4.88331
4.48463
4.05836
3.75612
3.4904
3.12927
5.26117
4.87262
4.51796
4.17566
3.78909
3.46713
3.20005
2.99705
2.75966
2.47153
7.6804
7.054
6.42447
6.32601
7.32312
6.20907
4.74285
5.0289
5.84944
4.43847
7.68048
7.0541
6.42452
6.32602
7.32311
6.20907
4.74281
5.02892
5.84944
4.43848
5.26118
4.87263
4.51797
4.17566
3.78907
3.46714
3.20008
2.9971
2.75971
2.47156
5.81182
5.572
5.36677
5.12376
4.88333
4.48461
4.05829
3.75605
3.49029
3.12925
5.58428
5.31173
5.05824
4.80649
4.55796
4.3247
4.03332
3.65144
3.2784
3.0027
5.70882
5.4104
5.12831
4.84841
4.55883
4.25578
3.96466
3.66314
3.36006
3.05864
5.70885
5.41041
5.12831
4.84842
4.55884
4.25578
3.96466
3.66314
3.36007
3.05865
5.58415
5.31169
5.05821
4.80648
4.55794
4.3247
4.03334
3.65146
3.27837
3.00264
5.8118
5.57201
5.36677
5.12377
4.88333
4.48462
4.05832
3.75608
3.49035
3.12928
5.26116
4.87263
4.51797
4.17566
3.78907
3.46712
3.20006
2.99708
2.7597
2.47156
7.68053
7.0542
6.42466
6.32606
7.32306
6.20908
4.74275
5.02894
5.84943
4.43851
)
;
    }
    procBoundary0to1
    {
        type            processor;
        value           nonuniform List<scalar> 
100
(
3.46629
2.20926
2.81304
2.7776
2.7662
2.76621
2.77754
2.81306
2.20926
3.46634
2.20926
2.17408
2.64079
2.65339
2.71015
2.71015
2.65338
2.64081
2.17409
2.20927
2.81303
2.64079
2.76905
2.6872
2.81068
2.81069
2.6872
2.76904
2.64081
2.81305
2.7776
2.65339
2.6872
2.66126
2.70802
2.70802
2.66126
2.68719
2.65339
2.7776
2.76619
2.71015
2.81068
2.70802
2.75075
2.75075
2.70802
2.81068
2.71015
2.7662
2.76621
2.71015
2.81069
2.70802
2.75075
2.75075
2.70802
2.81069
2.71016
2.76621
2.7775
2.65337
2.6872
2.66126
2.70802
2.70802
2.66125
2.68719
2.65338
2.77751
2.81306
2.64081
2.76905
2.68719
2.81069
2.81069
2.68719
2.76905
2.64083
2.81307
2.20925
2.17409
2.64083
2.6534
2.71016
2.71017
2.65339
2.64084
2.17409
2.20926
3.46636
2.20927
2.81305
2.77761
2.76621
2.76622
2.77756
2.81307
2.20928
3.4664
)
;
    }
    procBoundary0to2
    {
        type            processor;
        value           nonuniform List<scalar> 
100
(
7.01815
5.63641
6.08611
5.92959
6.03823
6.03828
5.9295
6.08608
5.63638
7.01761
5.63642
5.86567
5.92576
6.0335
6.10154
6.10153
6.03341
5.92573
5.86561
5.63636
6.08612
5.92577
5.95676
5.95172
5.98769
5.9877
5.95174
5.95678
5.92569
6.08609
5.9296
6.03351
5.95172
6.19718
6.08771
6.08769
6.1972
5.9517
6.03348
5.92958
6.03821
6.10153
5.98769
6.08771
6.07673
6.07673
6.0877
5.98767
6.10151
6.03819
6.03826
6.10153
5.9877
6.08769
6.07672
6.07672
6.08769
5.98768
6.1015
6.03822
5.92951
6.0334
5.95176
6.1972
6.0877
6.0877
6.1972
5.95176
6.0334
5.92953
6.0861
5.92573
5.95681
5.95169
5.98766
5.98768
5.95173
5.95684
5.92568
6.0861
5.63637
5.8656
5.92567
6.03348
6.10152
6.10152
6.03341
5.92566
5.86557
5.63635
7.01747
5.63636
6.08609
5.92957
6.03823
6.03826
5.92951
6.08609
5.63635
7.01727
)
;
    }
}


// ************************************************************************* //
