/*--------------------------------*- C++ -*----------------------------------*\
| =========                 |                                                 |
| \\      /  F ield         | OpenFOAM: The Open Source CFD Toolbox           |
|  \\    /   O peration     | Version:  2412                                  |
|   \\  /    A nd           | Website:  www.openfoam.com                      |
|    \\/     M anipulation  |                                                 |
\*---------------------------------------------------------------------------*/
FoamFile
{
    version     2.0;
    format      ascii;
    arch        "LSB;label=32;scalar=64";
    class       volVectorField;
    location    "0.76";
    object      U;
}
// * * * * * * * * * * * * * * * * * * * * * * * * * * * * * * * * * * * * * //

dimensions      [0 1 -1 0 0 0 0];

internalField   nonuniform List<vector> 
1000
(
(-0.782309 -0.782309 0.197944)
(0.662573 -1.27743 -0.165687)
(0.00333153 -0.89936 0.479592)
(0.136583 -0.344798 0.860584)
(-0.50218 -0.493805 0.453012)
(0.502166 -0.493798 0.453011)
(-0.136589 -0.344819 0.860579)
(-0.00330556 -0.899358 0.479594)
(-0.662574 -1.27746 -0.165709)
(0.78231 -0.782309 0.197944)
(-1.27741 0.662573 -0.165682)
(-0.0553967 -0.05535 -0.311104)
(-1.44672 1.01949 0.466664)
(0.112587 0.39531 -0.396849)
(-0.847388 -0.0342687 -0.859478)
(0.847366 -0.0343819 -0.859385)
(-0.112535 0.395227 -0.396911)
(1.44678 1.01948 0.466646)
(0.0554152 -0.0552828 -0.311143)
(1.27743 0.662578 -0.165693)
(-0.899371 0.00334666 0.479588)
(1.01951 -1.44669 0.466662)
(-0.899818 -0.899827 1.82491)
(0.952996 -0.718394 0.55822)
(-0.253233 -0.526278 -0.39869)
(0.253197 -0.526314 -0.398751)
(-0.952981 -0.718407 0.558245)
(0.899753 -0.899829 1.82491)
(-1.01953 -1.44666 0.466695)
(0.899398 0.00336279 0.479584)
(-0.344808 0.136574 0.86058)
(0.395352 0.112596 -0.396828)
(-0.718411 0.95297 0.558219)
(0.575872 0.57586 -0.35168)
(-0.245556 0.354064 -1.06821)
(0.245583 0.35401 -1.06826)
(-0.575814 0.575777 -0.351666)
(0.71841 0.95295 0.558217)
(-0.39534 0.112529 -0.396807)
(0.344826 0.136566 0.860578)
(-0.493817 -0.502172 0.452999)
(-0.0341654 -0.847394 -0.859503)
(-0.526271 -0.253239 -0.398634)
(0.354082 -0.245609 -1.06819)
(-0.271147 -0.271231 -1.17383)
(0.271182 -0.271379 -1.17376)
(-0.354024 -0.245629 -1.06822)
(0.526268 -0.253231 -0.398594)
(0.0341791 -0.847402 -0.859474)
(0.493811 -0.502164 0.453001)
(-0.493804 0.502146 0.452996)
(-0.0343247 0.847356 -0.859365)
(-0.52634 0.253166 -0.398733)
(0.353978 0.245606 -1.06825)
(-0.27143 0.271218 -1.17368)
(0.271453 0.271357 -1.1736)
(-0.35394 0.245606 -1.06825)
(0.52633 0.253139 -0.398678)
(0.0343282 0.847359 -0.859363)
(0.493798 0.502133 0.452992)
(-0.344824 -0.136591 0.860574)
(0.395218 -0.112517 -0.396913)
(-0.718444 -0.952956 0.558247)
(0.57576 -0.575761 -0.351656)
(-0.24562 -0.353963 -1.06822)
(0.245621 -0.353928 -1.06825)
(-0.575732 -0.5757 -0.351658)
(0.718443 -0.952941 0.558246)
(-0.395218 -0.112464 -0.396875)
(0.344816 -0.136581 0.860574)
(-0.899363 -0.00330068 0.479589)
(1.01948 1.44678 0.466622)
(-0.899833 0.899728 1.8249)
(0.952967 0.718394 0.558221)
(-0.253202 0.526275 -0.398638)
(0.253161 0.526307 -0.39869)
(-0.952963 0.718396 0.558244)
(0.899786 0.899735 1.82491)
(-1.0195 1.44676 0.46662)
(0.899375 -0.00330056 0.479579)
(-1.27745 -0.662575 -0.165708)
(-0.0552953 0.055406 -0.311154)
(-1.44667 -1.01953 0.466697)
(0.112513 -0.395293 -0.396825)
(-0.847375 0.0343305 -0.859448)
(0.847354 0.0344379 -0.859383)
(-0.112466 -0.395221 -0.39687)
(1.44672 -1.01952 0.466648)
(0.055333 0.0553704 -0.311183)
(1.27744 -0.662577 -0.165703)
(-0.782309 0.782311 0.197944)
(0.662578 1.27743 -0.165693)
(0.00335971 0.899396 0.479587)
(0.136565 0.344832 0.860578)
(-0.502167 0.4938 0.453013)
(0.502148 0.493791 0.453009)
(-0.136569 0.344826 0.860576)
(-0.00332068 0.899382 0.479582)
(-0.66258 1.27744 -0.165698)
(0.782311 0.782311 0.197944)
(-0.824053 -0.824052 0.261427)
(0.701402 -1.12484 0.0757144)
(-0.227207 -0.820721 0.610824)
(0.137403 -0.276027 0.902999)
(-0.443578 -0.144903 0.483079)
(0.443586 -0.144889 0.483109)
(-0.137422 -0.27603 0.903017)
(0.227237 -0.820717 0.610833)
(-0.701404 -1.12485 0.0757051)
(0.824054 -0.824052 0.261426)
(-1.12483 0.7014 0.0757206)
(-0.147354 -0.147344 -0.432448)
(-1.20752 0.875264 0.343368)
(0.0965749 0.464385 -0.402536)
(-0.821366 0.114591 -1.03484)
(0.821364 0.114641 -1.03478)
(-0.0965446 0.464323 -0.402603)
(1.20757 0.87525 0.343351)
(0.147363 -0.147342 -0.432462)
(1.12484 0.701403 0.0757198)
(-0.820727 -0.227194 0.610819)
(0.875271 -1.20752 0.343368)
(-0.935717 -0.935703 1.8075)
(0.883286 -0.395041 0.369926)
(-0.394926 -0.392427 -0.323353)
(0.394965 -0.392385 -0.323377)
(-0.883266 -0.395171 0.36998)
(0.935662 -0.935713 1.80751)
(-0.875298 -1.20753 0.34338)
(0.820739 -0.227178 0.610817)
(-0.276035 0.137393 0.902986)
(0.464408 0.0965691 -0.402514)
(-0.395065 0.883276 0.369941)
(0.448033 0.448018 -0.489905)
(-0.206303 0.300162 -1.05998)
(0.206383 0.300108 -1.06001)
(-0.447962 0.447968 -0.489903)
(0.395068 0.883268 0.369963)
(-0.464385 0.0965196 -0.402505)
(0.276034 0.137385 0.902994)
(-0.144895 -0.443569 0.483048)
(0.114597 -0.821347 -1.03485)
(-0.392435 -0.394939 -0.323303)
(0.300186 -0.206327 -1.05998)
(-0.208708 -0.20874 -1.13212)
(0.208755 -0.208825 -1.13206)
(-0.300157 -0.206377 -1.06001)
(0.392403 -0.39499 -0.323253)
(-0.114566 -0.821324 -1.03483)
(0.14487 -0.443564 0.483055)
(-0.144866 0.443567 0.483089)
(0.114677 0.821338 -1.03476)
(-0.392375 0.394986 -0.323341)
(0.300085 0.206411 -1.06001)
(-0.208856 0.208778 -1.132)
(0.208886 0.208848 -1.13195)
(-0.300066 0.206421 -1.06002)
(0.392344 0.395011 -0.323289)
(-0.114621 0.821315 -1.03477)
(0.144833 0.443546 0.483088)
(-0.276038 -0.137427 0.903009)
(0.464316 -0.0965172 -0.402606)
(-0.395249 -0.883257 0.370001)
(0.44795 -0.447908 -0.489902)
(-0.20638 -0.300104 -1.06001)
(0.206417 -0.300058 -1.06002)
(-0.44791 -0.447876 -0.489918)
(0.395233 -0.883259 0.370005)
(-0.464305 -0.0964709 -0.402579)
(0.276036 -0.137412 0.902999)
(-0.820721 0.227248 0.610829)
(0.875245 1.20758 0.343338)
(-0.935737 0.935633 1.80751)
(0.883269 0.395041 0.369955)
(-0.394966 0.392394 -0.3233)
(0.394993 0.39236 -0.323324)
(-0.883263 0.395133 0.369991)
(0.935716 0.935663 1.80752)
(-0.875265 1.20758 0.343337)
(0.82073 0.227254 0.610819)
(-1.12485 -0.701403 0.0757082)
(-0.147344 0.147359 -0.432469)
(-1.20753 -0.875302 0.343375)
(0.0965194 -0.464349 -0.402532)
(-0.821332 -0.114518 -1.03482)
(0.821333 -0.114543 -1.03478)
(-0.0964886 -0.464296 -0.402582)
(1.20755 -0.875285 0.343347)
(0.147343 0.147351 -0.432485)
(1.12484 -0.701406 0.0757138)
(-0.824052 0.824054 0.261426)
(0.701406 1.12485 0.0757179)
(-0.22718 0.820739 0.61082)
(0.137389 0.276029 0.903011)
(-0.443572 0.144877 0.483099)
(0.443564 0.144854 0.483122)
(-0.137401 0.276032 0.903014)
(0.227231 0.820734 0.610821)
(-0.70141 1.12484 0.0757168)
(0.824055 0.824055 0.261426)
(-0.825404 -0.825403 0.317486)
(0.788527 -0.961673 0.177577)
(-0.383 -0.780993 0.710527)
(0.2263 -0.0572822 0.855626)
(-0.53531 0.687625 0.328777)
(0.535346 0.687651 0.328772)
(-0.226329 -0.0572582 0.855651)
(0.383019 -0.780987 0.710525)
(-0.788525 -0.961676 0.177575)
(0.825404 -0.825403 0.317484)
(-0.961672 0.788525 0.177579)
(-0.0568363 -0.0568395 -0.169602)
(-1.01762 0.825998 0.308528)
(0.00548869 0.589124 -0.44571)
(-0.733804 0.138852 -0.996342)
(0.733737 0.138962 -0.99629)
(-0.00549609 0.589066 -0.445744)
(1.01765 0.825983 0.308521)
(0.0568519 -0.0568477 -0.169621)
(0.961677 0.788529 0.177571)
(-0.780994 -0.382993 0.710525)
(0.825999 -1.01762 0.308536)
(-0.88825 -0.888225 1.79699)
(0.679547 0.111962 0.256766)
(-0.586691 -0.219749 -0.290349)
(0.586714 -0.219705 -0.290351)
(-0.679534 0.111843 0.256854)
(0.888214 -0.888243 1.79702)
(-0.826009 -1.01765 0.308543)
(0.780993 -0.382984 0.710522)
(-0.0572854 0.226281 0.855615)
(0.589127 0.00547882 -0.445694)
(0.111935 0.679555 0.25679)
(0.306623 0.306604 -0.419365)
(-0.102989 0.248717 -1.02638)
(0.103064 0.248662 -1.02638)
(-0.306547 0.306533 -0.419369)
(-0.111928 0.679533 0.256835)
(-0.589082 0.00544947 -0.445691)
(0.057261 0.226273 0.855631)
(0.687656 -0.535336 0.328749)
(0.1388 -0.733794 -0.99635)
(-0.219728 -0.586706 -0.290311)
(0.24874 -0.103 -1.02639)
(-0.164574 -0.164594 -1.09487)
(0.1646 -0.164648 -1.09484)
(-0.248725 -0.103059 -1.02641)
(0.219664 -0.586783 -0.290283)
(-0.138761 -0.733754 -0.996332)
(-0.687708 -0.535371 0.328758)
(0.687729 0.535373 0.328728)
(0.138958 0.733691 -0.996264)
(-0.219668 0.586745 -0.290311)
(0.248642 0.103088 -1.02639)
(-0.164667 0.164618 -1.09482)
(0.16468 0.16466 -1.09479)
(-0.248633 0.103106 -1.0264)
(0.219608 0.586816 -0.290292)
(-0.138882 0.733667 -0.996256)
(-0.687815 0.53538 0.328725)
(-0.0572559 -0.226326 0.855643)
(0.589046 -0.00548258 -0.445743)
(0.111788 -0.679533 0.256899)
(0.306505 -0.306494 -0.419373)
(-0.10306 -0.24868 -1.02641)
(0.103094 -0.24863 -1.02641)
(-0.306463 -0.306444 -0.419394)
(-0.11182 -0.679514 0.256905)
(-0.589014 -0.00545092 -0.445728)
(0.0572517 -0.226307 0.855635)
(-0.78099 0.383027 0.71052)
(0.82598 1.01767 0.308522)
(-0.88827 0.888188 1.79702)
(0.679516 -0.111954 0.25682)
(-0.586756 0.219681 -0.290322)
(0.58678 0.219649 -0.29033)
(-0.67951 -0.111875 0.25687)
(0.888264 0.888226 1.79703)
(-0.825991 1.01767 0.308527)
(0.780996 0.383027 0.710512)
(-0.961675 -0.788521 0.17758)
(-0.056846 0.0568584 -0.169624)
(-1.01764 -0.826009 0.308529)
(0.00545997 -0.589064 -0.445709)
(-0.733766 -0.138794 -0.996321)
(0.733712 -0.138869 -0.996275)
(-0.00546373 -0.589013 -0.445734)
(1.01766 -0.825998 0.308519)
(0.0568545 0.0568595 -0.169632)
(0.961669 -0.788524 0.177582)
(-0.825404 0.825404 0.317484)
(0.788533 0.961677 0.17757)
(-0.382985 0.780994 0.710524)
(0.226293 0.0572498 0.85565)
(-0.535342 -0.68767 0.328804)
(0.535356 -0.687725 0.32879)
(-0.226311 0.0572483 0.855654)
(0.383013 0.780996 0.710516)
(-0.788532 0.961669 0.177579)
(0.825406 0.825406 0.317483)
(-0.796201 -0.7962 0.294779)
(0.754278 -0.814968 0.333331)
(-0.452137 -0.712368 0.818607)
(0.23615 0.390729 0.700784)
(-0.685852 0.842065 -0.122489)
(0.685968 0.842085 -0.122511)
(-0.236153 0.390748 0.700827)
(0.45214 -0.71235 0.818606)
(-0.754274 -0.814971 0.333336)
(0.7962 -0.7962 0.294778)
(-0.814968 0.754277 0.333332)
(-0.0642034 -0.0642084 -0.155815)
(-0.96506 0.761103 0.312316)
(-0.0358348 0.769611 -0.476198)
(-0.576164 -0.0220042 -0.934346)
(0.576102 -0.0219468 -0.934335)
(0.0358414 0.769514 -0.476238)
(0.965091 0.761084 0.312301)
(0.0642324 -0.0642216 -0.155802)
(0.814972 0.754279 0.333333)
(-0.71237 -0.452135 0.818609)
(0.761101 -0.965063 0.312334)
(-0.798016 -0.797984 1.87838)
(0.48304 0.410799 0.298565)
(-0.635564 -0.150998 -0.365289)
(0.635571 -0.150977 -0.365206)
(-0.483068 0.410643 0.298663)
(0.797996 -0.798001 1.87841)
(-0.761098 -0.965078 0.312337)
(0.71236 -0.45213 0.818608)
(0.390731 0.236136 0.700783)
(0.769599 -0.0358278 -0.476175)
(0.410814 0.483032 0.298592)
(0.134832 0.134811 -0.186152)
(-0.0147446 0.209029 -0.982418)
(0.0147932 0.208989 -0.982411)
(-0.134771 0.13475 -0.18615)
(-0.410787 0.482983 0.298654)
(-0.769518 -0.0358507 -0.476173)
(-0.390762 0.236119 0.700817)
(0.842019 -0.685801 -0.12252)
(-0.0220489 -0.576167 -0.93434)
(-0.150973 -0.635579 -0.365299)
(0.209045 -0.0147495 -0.982434)
(-0.152039 -0.152054 -1.06177)
(0.152045 -0.152088 -1.06176)
(-0.209034 -0.014798 -0.982463)
(0.150914 -0.635614 -0.365314)
(0.0220711 -0.576136 -0.934347)
(-0.841972 -0.685873 -0.122524)
(0.842025 0.685952 -0.122575)
(-0.0219802 0.576073 -0.934318)
(-0.150953 0.635595 -0.365171)
(0.208975 0.0148095 -0.982425)
(-0.152103 0.152061 -1.06176)
(0.152104 0.152092 -1.06175)
(-0.208968 0.0148323 -0.982451)
(0.150901 0.635635 -0.365214)
(0.0220273 0.576057 -0.934329)
(-0.841943 0.68598 -0.122598)
(0.390751 -0.236138 0.700833)
(0.76947 0.0358409 -0.476239)
(0.410602 -0.483061 0.298719)
(0.13473 -0.134726 -0.186154)
(-0.0148025 -0.209004 -0.982476)
(0.0148246 -0.208967 -0.982465)
(-0.134682 -0.134669 -0.18617)
(-0.410626 -0.483001 0.298738)
(-0.769422 0.0358516 -0.476233)
(-0.390761 -0.236116 0.700836)
(-0.712347 0.45214 0.818605)
(0.761078 0.965103 0.312308)
(-0.798025 0.797976 1.87841)
(0.482979 -0.410768 0.298635)
(-0.635587 0.150927 -0.365304)
(0.635602 0.150915 -0.365241)
(-0.483001 -0.410648 0.298693)
(0.798029 0.798005 1.87843)
(-0.761083 0.965104 0.312317)
(0.712349 0.452135 0.818602)
(-0.814973 -0.754269 0.333342)
(-0.0642157 0.0642466 -0.155802)
(-0.965077 -0.761096 0.312313)
(-0.0358536 -0.769512 -0.476198)
(-0.576133 0.0220253 -0.934355)
(0.576082 0.0219927 -0.934344)
(0.0358523 -0.769439 -0.476235)
(0.965091 -0.761087 0.312301)
(0.0642379 0.0642545 -0.155799)
(0.814969 -0.754272 0.333347)
(-0.796201 0.7962 0.294778)
(0.754282 0.814971 0.333333)
(-0.45213 0.712359 0.818605)
(0.23614 -0.390768 0.700828)
(-0.685907 -0.842021 -0.122467)
(0.685993 -0.842015 -0.122503)
(-0.236139 -0.390758 0.700848)
(0.452131 0.712354 0.818603)
(-0.754279 0.814967 0.333343)
(0.796203 0.796202 0.294779)
(-0.753299 -0.753298 0.332565)
(0.645492 -0.660747 0.44883)
(-0.460597 -0.6135 0.925291)
(0.136526 0.846717 0.376129)
(-0.605424 0.416678 -0.328368)
(0.605436 0.416676 -0.328357)
(-0.136474 0.846663 0.376255)
(0.460585 -0.613468 0.92528)
(-0.645486 -0.660756 0.448838)
(0.753298 -0.753301 0.332563)
(-0.660747 0.645491 0.44883)
(-0.071758 -0.0717671 0.0529775)
(-1.01095 0.681296 0.317534)
(-0.0924446 0.606413 -0.550714)
(-0.439503 -0.154042 -0.85352)
(0.43942 -0.154022 -0.853523)
(0.0924792 0.606425 -0.550709)
(1.01097 0.681269 0.317531)
(0.071783 -0.0717863 0.0529821)
(0.660754 0.645492 0.448838)
(-0.613505 -0.460598 0.925298)
(0.681295 -1.01094 0.317557)
(-0.705879 -0.705841 2.01591)
(0.453017 0.369394 0.468294)
(-0.566026 -0.117084 -0.509695)
(0.565853 -0.117071 -0.509609)
(-0.453087 0.36929 0.468357)
(0.705875 -0.705854 2.01595)
(-0.681285 -1.01093 0.317564)
(0.613494 -0.460589 0.925299)
(0.846705 0.136535 0.376105)
(0.606356 -0.0924211 -0.550711)
(0.369436 0.452998 0.468324)
(-0.0843858 -0.084379 0.0363448)
(0.0209635 0.187913 -0.972079)
(-0.0209403 0.187888 -0.972063)
(0.084412 -0.0843356 0.0363044)
(-0.369458 0.45297 0.468359)
(-0.606306 -0.092449 -0.550712)
(-0.846659 0.13652 0.376187)
(0.416646 -0.605393 -0.328355)
(-0.154059 -0.439519 -0.853532)
(-0.117066 -0.566043 -0.509712)
(0.187924 0.02096 -0.972097)
(-0.152929 -0.152939 -1.04298)
(0.152917 -0.152954 -1.04299)
(-0.187916 0.0209227 -0.972124)
(0.117044 -0.56594 -0.50973)
(0.154047 -0.439482 -0.853564)
(-0.416646 -0.605419 -0.328337)
(0.41662 0.605404 -0.328351)
(-0.154048 0.439396 -0.853536)
(-0.117053 0.565801 -0.509585)
(0.187883 -0.0209276 -0.972075)
(-0.152961 0.152927 -1.043)
(0.15295 0.152944 -1.04301)
(-0.187879 -0.0208982 -0.972107)
(0.11703 0.565762 -0.509631)
(0.154047 0.439383 -0.853568)
(-0.416607 0.60543 -0.328345)
(0.846627 -0.136449 0.376268)
(0.60638 0.0924757 -0.550714)
(0.36928 -0.45309 0.468404)
(-0.0843334 0.0844122 0.0362834)
(0.0209171 -0.187898 -0.972136)
(-0.0209025 -0.187877 -0.972124)
(0.0843913 0.0844022 0.0362372)
(-0.369322 -0.453039 0.468415)
(-0.606324 0.0924803 -0.550725)
(-0.846592 -0.136443 0.376295)
(-0.613461 0.46058 0.92528)
(0.681259 1.01098 0.317541)
(-0.705873 0.705861 2.01595)
(0.452964 -0.369433 0.468334)
(-0.565919 0.117046 -0.50971)
(0.56579 0.117031 -0.509643)
(-0.453021 -0.369331 0.46837)
(0.705888 0.70588 2.01598)
(-0.681264 1.01096 0.317551)
(0.613466 0.460568 0.925281)
(-0.660762 -0.645484 0.448842)
(-0.0717777 0.0718012 0.0529834)
(-1.01093 -0.681284 0.317541)
(-0.0924674 -0.606359 -0.550711)
(-0.439472 0.154019 -0.853549)
(0.439404 0.154011 -0.853551)
(0.0924854 -0.606365 -0.550716)
(1.01095 -0.681271 0.317534)
(0.0717957 0.0718157 0.0529885)
(0.660762 -0.645489 0.44885)
(-0.753304 0.753297 0.332563)
(0.645495 0.660754 0.448841)
(-0.460586 0.613491 0.925291)
(0.136528 -0.846679 0.376218)
(-0.605463 -0.416703 -0.32833)
(0.605478 -0.416693 -0.328325)
(-0.136485 -0.846627 0.376309)
(0.460569 0.613477 0.925279)
(-0.645494 0.660757 0.44885)
(0.753305 0.753303 0.332564)
(-0.711068 -0.711069 0.374547)
(0.458529 -0.532498 0.545401)
(-0.469274 -0.501463 1.0118)
(0.039693 0.64957 0.066264)
(-0.587925 0.286961 -0.520442)
(0.587887 0.286911 -0.52052)
(-0.0393922 0.649604 0.0663778)
(0.469256 -0.501403 1.01183)
(-0.458504 -0.532507 0.545415)
(0.711069 -0.71108 0.37455)
(-0.532498 0.458537 0.545398)
(-0.0745919 -0.0746005 0.273097)
(-0.983184 0.546477 0.352682)
(-0.110394 0.395402 -0.574304)
(-0.378431 -0.194286 -0.891125)
(0.378381 -0.194307 -0.891175)
(0.110422 0.395614 -0.57436)
(0.983225 0.546455 0.352696)
(0.0746161 -0.0746247 0.27311)
(0.532503 0.458547 0.545407)
(-0.501481 -0.469275 1.0118)
(0.546472 -0.98317 0.352701)
(-0.601562 -0.601522 2.07858)
(0.49097 0.179158 0.629127)
(-0.3996 -0.0616814 -0.611003)
(0.399447 -0.0616896 -0.610937)
(-0.491025 0.179134 0.629119)
(0.601585 -0.601532 2.07858)
(-0.546479 -0.983169 0.352713)
(0.501471 -0.469261 1.01181)
(0.649562 0.0397876 0.0662742)
(0.395328 -0.110373 -0.574294)
(0.179199 0.490958 0.629162)
(-0.231736 -0.231701 0.11724)
(0.0275449 0.172943 -0.987047)
(-0.0275518 0.172936 -0.987033)
(0.231693 -0.231526 0.117243)
(-0.179278 0.49096 0.629157)
(-0.395421 -0.110398 -0.574329)
(-0.649616 0.0397191 0.0663963)
(0.287003 -0.587925 -0.520413)
(-0.194271 -0.378442 -0.891122)
(-0.0616716 -0.399609 -0.611013)
(0.172952 0.0275432 -0.987057)
(-0.15226 -0.152258 -1.03431)
(0.152239 -0.152246 -1.03433)
(-0.17295 0.0275239 -0.987074)
(0.0616927 -0.399507 -0.611013)
(0.194247 -0.378423 -0.891146)
(-0.28706 -0.587932 -0.520448)
(0.286911 0.587873 -0.52053)
(-0.194316 0.378372 -0.8912)
(-0.0616867 0.399402 -0.610919)
(0.172942 -0.0275454 -0.987037)
(-0.152243 0.152236 -1.03435)
(0.152228 0.15223 -1.03436)
(-0.172941 -0.0275156 -0.987066)
(0.0617005 0.399359 -0.610938)
(0.194287 0.378371 -0.891212)
(-0.28698 0.587892 -0.520552)
(0.649595 -0.0393495 0.0664203)
(0.395628 0.110415 -0.574385)
(0.179149 -0.491029 0.629139)
(-0.231485 0.231657 0.117237)
(0.0275226 -0.172945 -0.987081)
(-0.027518 -0.172939 -0.987077)
(0.231507 0.231533 0.117217)
(-0.179217 -0.491005 0.629135)
(-0.395648 0.110421 -0.574408)
(-0.649624 -0.039377 0.0664981)
(-0.501392 0.469249 1.01184)
(0.546439 0.98323 0.352703)
(-0.601546 0.601581 2.07858)
(0.490957 -0.179276 0.629134)
(-0.399503 0.0616971 -0.610996)
(0.399392 0.0616968 -0.610946)
(-0.490991 -0.179227 0.629115)
(0.601583 0.601593 2.07859)
(-0.546453 0.983215 0.352713)
(0.501403 0.469234 1.01184)
(-0.532512 -0.458504 0.545418)
(-0.0746226 0.0746317 0.273112)
(-0.983179 -0.546492 0.3527)
(-0.110425 -0.395499 -0.574334)
(-0.378421 0.194251 -0.891143)
(0.378381 0.19427 -0.891184)
(0.11044 -0.395657 -0.574382)
(0.983211 -0.546477 0.352706)
(0.0746373 0.0746486 0.273119)
(0.532515 -0.458526 0.545421)
(-0.711084 0.71107 0.374551)
(0.45855 0.532504 0.545413)
(-0.469257 0.501461 1.01181)
(0.0396498 -0.649639 0.0663982)
(-0.587937 -0.287034 -0.520465)
(0.587909 -0.286997 -0.52053)
(-0.039415 -0.649657 0.0664862)
(0.469236 0.501419 1.01183)
(-0.458536 0.532512 0.545423)
(0.711085 0.711081 0.374553)
(-0.728745 -0.728746 0.595855)
(0.432582 -0.487195 0.640798)
(-0.464732 -0.344271 1.0852)
(0.184822 0.532318 -0.0807823)
(-0.563541 0.253018 -0.648533)
(0.563497 0.252994 -0.648656)
(-0.184709 0.532594 -0.0807956)
(0.464705 -0.344199 1.08529)
(-0.432569 -0.487198 0.640812)
(0.728748 -0.728761 0.595867)
(-0.487195 0.432589 0.640795)
(-0.117536 -0.117539 0.517891)
(-0.925121 0.358102 0.389268)
(-0.0922965 0.204785 -0.615845)
(-0.322286 -0.196918 -0.916006)
(0.322294 -0.19695 -0.916047)
(0.0922284 0.205178 -0.615851)
(0.925174 0.358115 0.389309)
(0.11757 -0.117569 0.517913)
(0.487201 0.432614 0.6408)
(-0.344298 -0.464733 1.08519)
(0.358098 -0.925107 0.38928)
(-0.48825 -0.488226 2.03346)
(0.501829 -0.0111988 0.733242)
(-0.254216 -0.0639959 -0.66918)
(0.254163 -0.0640093 -0.669147)
(-0.501858 -0.0111643 0.733202)
(0.488288 -0.488239 2.03347)
(-0.358138 -0.925124 0.389305)
(0.344298 -0.464703 1.08521)
(0.532313 0.184879 -0.0807573)
(0.204721 -0.0923007 -0.615842)
(-0.011172 0.501824 0.733276)
(-0.189873 -0.189855 0.133004)
(0.0200972 0.158321 -1.00854)
(-0.0201319 0.158326 -1.00853)
(0.1898 -0.18968 0.133042)
(0.0110841 0.501838 0.733258)
(-0.204946 -0.0922849 -0.615852)
(-0.532517 0.184861 -0.0807297)
(0.253055 -0.563538 -0.648501)
(-0.196896 -0.322285 -0.915994)
(-0.0639904 -0.254208 -0.669178)
(0.158327 0.0200994 -1.00854)
(-0.149411 -0.149402 -1.02497)
(0.149407 -0.149389 -1.02499)
(-0.158326 0.0201182 -1.00853)
(0.0640194 -0.254147 -0.669161)
(0.196882 -0.322281 -0.915995)
(-0.253082 -0.563509 -0.648571)
(0.253018 0.563489 -0.648674)
(-0.196951 0.322302 -0.916061)
(-0.06401 0.254145 -0.669133)
(0.158335 -0.020136 -1.00852)
(-0.149391 0.1494 -1.025)
(0.14939 0.149391 -1.02501)
(-0.158333 -0.0201314 -1.00852)
(0.064034 0.254108 -0.669126)
(0.19693 0.322299 -0.916051)
(-0.25305 0.563477 -0.648715)
(0.532692 -0.184707 -0.0807876)
(0.205279 0.092205 -0.615865)
(-0.0111363 -0.501857 0.733204)
(-0.189624 0.189781 0.133045)
(0.0201191 -0.158329 -1.00852)
(-0.0201288 -0.158332 -1.00852)
(0.189614 0.189653 0.133048)
(0.0110741 -0.501855 0.733197)
(-0.205379 0.0922042 -0.615875)
(-0.532811 -0.184714 -0.0807583)
(-0.344185 0.464694 1.08531)
(0.358111 0.925182 0.389318)
(-0.488245 0.488297 2.03347)
(0.50184 0.0110756 0.733241)
(-0.254159 0.0640253 -0.669155)
(0.254125 0.0640318 -0.669133)
(-0.501854 0.0110719 0.733197)
(0.488292 0.488311 2.03349)
(-0.358147 0.925183 0.389334)
(0.344201 0.464672 1.08531)
(-0.487201 -0.43257 0.640814)
(-0.117579 0.117578 0.517918)
(-0.925134 -0.358158 0.389303)
(-0.0922939 -0.20501 -0.615855)
(-0.322289 0.196896 -0.916003)
(0.322294 0.196924 -0.916035)
(0.0922361 -0.205316 -0.615861)
(0.925179 -0.358168 0.389331)
(0.1176 0.117597 0.51793)
(0.487207 -0.432595 0.640815)
(-0.728763 0.728749 0.595868)
(0.432617 0.487203 0.640807)
(-0.464695 0.344285 1.08522)
(0.184803 -0.53252 -0.08075)
(-0.563512 -0.253051 -0.648591)
(0.563479 -0.253033 -0.648691)
(-0.184704 -0.532735 -0.0807552)
(0.464674 0.344224 1.08529)
(-0.432604 0.487206 0.640817)
(0.728763 0.728759 0.595872)
(-0.788598 -0.788599 0.642318)
(0.560031 -0.541682 0.721486)
(-0.311798 -0.182945 1.12656)
(0.257482 0.466379 -0.222391)
(-0.506101 0.230746 -0.746763)
(0.50604 0.230737 -0.746874)
(-0.257615 0.466549 -0.222626)
(0.311764 -0.182909 1.12662)
(-0.560041 -0.541688 0.721499)
(0.788595 -0.788603 0.642331)
(-0.541681 0.56003 0.721483)
(-0.191668 -0.191663 0.719454)
(-0.871769 0.256909 0.43411)
(-0.0802823 0.117109 -0.624706)
(-0.280434 -0.188355 -0.929409)
(0.280504 -0.188386 -0.929418)
(0.0802838 0.117477 -0.624713)
(0.871814 0.256955 0.434135)
(0.191709 -0.191683 0.719492)
(0.541689 0.560048 0.721487)
(-0.182969 -0.311797 1.12655)
(0.256904 -0.871759 0.43412)
(-0.390821 -0.390817 1.90386)
(0.49934 -0.159891 0.768691)
(-0.153388 -0.0808683 -0.686598)
(0.153422 -0.0808744 -0.686564)
(-0.499369 -0.159814 0.768737)
(0.390844 -0.390826 1.90387)
(-0.256959 -0.871774 0.434135)
(0.183 -0.311753 1.12657)
(0.46636 0.257466 -0.222349)
(0.11706 -0.0802787 -0.624701)
(-0.159886 0.499338 0.768709)
(-0.0554819 -0.0554944 0.0520484)
(0.00592456 0.134079 -1.00987)
(-0.00595342 0.134085 -1.00985)
(0.0554614 -0.0554777 0.0521044)
(0.159813 0.499369 0.768739)
(-0.117262 -0.0802829 -0.624721)
(-0.466458 0.257503 -0.222451)
(0.230758 -0.506102 -0.746735)
(-0.188337 -0.280422 -0.929399)
(-0.0808646 -0.153373 -0.686591)
(0.134083 0.00592864 -1.00986)
(-0.148975 -0.14897 -1.02842)
(0.148983 -0.148968 -1.02843)
(-0.134078 0.00596427 -1.00982)
(0.0808852 -0.153368 -0.686557)
(0.188349 -0.280443 -0.929384)
(-0.230737 -0.506047 -0.746795)
(0.23076 0.506023 -0.74689)
(-0.18838 0.280528 -0.929415)
(-0.0808724 0.153431 -0.686549)
(0.13409 -0.0059597 -1.00984)
(-0.148976 0.148981 -1.02844)
(0.148984 0.148982 -1.02845)
(-0.134085 -0.00597606 -1.00982)
(0.0808915 0.153424 -0.686524)
(0.188386 0.28053 -0.929397)
(-0.230738 0.505995 -0.746925)
(0.466609 -0.257669 -0.222683)
(0.117588 0.0802812 -0.62472)
(-0.15978 -0.499368 0.768758)
(-0.0554603 0.0554792 0.0521165)
(0.00596507 -0.134083 -1.00981)
(-0.00597422 -0.134088 -1.00981)
(0.0554512 0.0554676 0.0521353)
(0.159739 -0.499386 0.768772)
(-0.117675 0.080276 -0.624733)
(-0.466655 -0.257654 -0.222718)
(-0.182908 0.311749 1.12663)
(0.256963 0.871822 0.434139)
(-0.390828 0.390851 1.90388)
(0.499379 0.159799 0.768743)
(-0.153385 0.0808891 -0.686557)
(0.153419 0.0808923 -0.686535)
(-0.499393 0.15975 0.768764)
(0.390855 0.390863 1.90392)
(-0.257004 0.871824 0.434153)
(0.182938 0.311719 1.12663)
(-0.541691 -0.560042 0.721501)
(-0.191698 0.191713 0.719501)
(-0.871782 -0.256978 0.434135)
(-0.0802953 -0.11731 -0.62473)
(-0.280458 0.188362 -0.929394)
(0.280513 0.188389 -0.9294)
(0.0802901 -0.117598 -0.624732)
(0.871822 -0.257014 0.434155)
(0.191728 0.191721 0.719524)
(0.541697 -0.560052 0.721501)
(-0.788604 0.788594 0.642333)
(0.560052 0.541691 0.721492)
(-0.311741 0.182993 1.12658)
(0.257505 -0.466478 -0.222479)
(-0.506048 -0.230729 -0.746814)
(0.506005 -0.230719 -0.746908)
(-0.2576 -0.466612 -0.222662)
(0.311722 0.182956 1.12662)
(-0.560054 0.541697 0.721501)
(0.788601 0.788599 0.642337)
(-0.874717 -0.874717 0.832002)
(0.598123 -0.621209 0.77623)
(-0.0944579 -0.104344 1.16512)
(0.260817 0.414875 -0.253573)
(-0.44015 0.195629 -0.81248)
(0.440148 0.195612 -0.812535)
(-0.260976 0.414688 -0.253874)
(0.0944342 -0.104351 1.16512)
(-0.598138 -0.621219 0.776241)
(0.874711 -0.874715 0.831991)
(-0.621207 0.598116 0.776229)
(-0.262686 -0.262677 0.851776)
(-0.835454 0.207462 0.472881)
(-0.0596953 0.066382 -0.614984)
(-0.254601 -0.190962 -0.929441)
(0.254696 -0.190988 -0.929438)
(0.0597231 0.0664259 -0.614947)
(0.835445 0.207493 0.472911)
(0.262718 -0.262675 0.85182)
(0.621213 0.598125 0.776234)
(-0.104355 -0.0944588 1.16513)
(0.207458 -0.835455 0.472883)
(-0.326413 -0.326419 1.72257)
(0.456143 -0.245742 0.752405)
(-0.0974054 -0.0876456 -0.683207)
(0.0974632 -0.0876467 -0.683165)
(-0.456164 -0.245685 0.752534)
(0.326413 -0.326433 1.72258)
(-0.207492 -0.835449 0.472893)
(0.104394 -0.0944252 1.16513)
(0.414907 0.260786 -0.25352)
(0.0663694 -0.0596836 -0.614984)
(-0.245751 0.45614 0.752403)
(0.0619364 0.0619101 -0.0791057)
(-0.0219882 0.121712 -0.984796)
(0.021979 0.121721 -0.984789)
(-0.0618856 0.0617947 -0.0790304)
(0.245734 0.456172 0.752465)
(-0.0663912 -0.0596823 -0.614976)
(-0.414834 0.260837 -0.253658)
(0.195634 -0.440151 -0.812464)
(-0.190953 -0.254586 -0.929435)
(-0.0876398 -0.097391 -0.683203)
(0.121717 -0.021985 -0.984793)
(-0.14149 -0.141487 -1.04533)
(0.141501 -0.141492 -1.04534)
(-0.121724 -0.0219615 -0.984772)
(0.087648 -0.0974102 -0.68317)
(0.190982 -0.254625 -0.929433)
(-0.195605 -0.440138 -0.812482)
(0.19562 0.44014 -0.812541)
(-0.190983 0.254728 -0.92943)
(-0.0876401 0.0974796 -0.683147)
(0.121727 0.0219761 -0.984787)
(-0.141498 0.141502 -1.04535)
(0.141509 0.141507 -1.04536)
(-0.121731 0.0219629 -0.984773)
(0.087647 0.097487 -0.683125)
(0.191008 0.254738 -0.929427)
(-0.195593 0.440141 -0.812547)
(0.414643 -0.26103 -0.253955)
(0.0664419 0.0597289 -0.61494)
(-0.245663 -0.456161 0.752578)
(0.0617705 -0.0618512 -0.0790077)
(-0.0219618 -0.121725 -0.984766)
(0.021962 -0.121732 -0.984769)
(-0.0617524 -0.0617627 -0.0789756)
(0.245663 -0.456188 0.752598)
(-0.0664425 0.0597127 -0.614939)
(-0.414618 -0.261028 -0.253999)
(-0.104361 0.0944227 1.16511)
(0.207495 0.835441 0.472916)
(-0.326442 0.326406 1.7226)
(0.456189 0.245729 0.752487)
(-0.0974253 0.0876523 -0.683166)
(0.0974767 0.0876519 -0.683138)
(-0.456203 0.245681 0.752574)
(0.326443 0.326424 1.72264)
(-0.207519 0.835437 0.472925)
(0.104387 0.0944018 1.16512)
(-0.621222 -0.598138 0.776243)
(-0.262682 0.262721 0.851831)
(-0.83545 -0.207508 0.472895)
(-0.0596939 -0.0664089 -0.614977)
(-0.254641 0.19099 -0.929441)
(0.254716 0.191013 -0.929438)
(0.0597134 -0.0664421 -0.614947)
(0.835446 -0.207531 0.472921)
(0.262712 0.262711 0.851858)
(0.621227 -0.598139 0.776245)
(-0.874715 0.87471 0.831989)
(0.598128 0.621216 0.776237)
(-0.0944143 0.104395 1.16513)
(0.260856 -0.414805 -0.253698)
(-0.44014 -0.195604 -0.812494)
(0.440147 -0.195589 -0.812539)
(-0.260977 -0.414656 -0.25393)
(0.0944044 0.104392 1.16513)
(-0.598138 0.621225 0.776244)
(0.874711 0.87471 0.831982)
(-0.907934 -0.907933 0.916589)
(0.700283 -0.679191 0.795264)
(0.0569371 -0.108974 1.19647)
(0.286493 0.387347 -0.244674)
(-0.387513 0.167096 -0.847827)
(0.387591 0.16709 -0.847826)
(-0.286517 0.387091 -0.244871)
(-0.0569599 -0.109 1.19644)
(-0.700276 -0.679199 0.795271)
(0.907931 -0.907933 0.916588)
(-0.679187 0.700277 0.795264)
(-0.313606 -0.313602 0.938464)
(-0.804845 0.213846 0.477569)
(-0.046318 0.0425381 -0.611515)
(-0.245624 -0.194709 -0.933082)
(0.245674 -0.19472 -0.933081)
(0.0463515 0.0422946 -0.611526)
(0.804806 0.21384 0.477588)
(0.313616 -0.313592 0.9385)
(0.679188 0.700264 0.79527)
(-0.108975 0.0569318 1.19648)
(0.213842 -0.804853 0.477569)
(-0.293331 -0.293335 1.58298)
(0.38468 -0.253214 0.706331)
(-0.0598555 -0.0812551 -0.695632)
(0.0598884 -0.0812589 -0.695583)
(-0.384691 -0.253232 0.70649)
(0.293318 -0.293353 1.583)
(-0.213849 -0.804839 0.477565)
(0.109004 0.0569474 1.19648)
(0.387387 0.286487 -0.244635)
(0.042571 -0.0463063 -0.611507)
(-0.253217 0.384673 0.706318)
(0.129403 0.129382 -0.208826)
(-0.0517706 0.122758 -0.951094)
(0.0517755 0.122765 -0.9511)
(-0.129353 0.129291 -0.208757)
(0.253245 0.384694 0.706386)
(-0.04247 -0.0463128 -0.611518)
(-0.387276 0.286504 -0.24472)
(0.167099 -0.387501 -0.847822)
(-0.194706 -0.245617 -0.933079)
(-0.0812465 -0.059847 -0.695633)
(0.122762 -0.0517681 -0.951095)
(-0.117018 -0.117019 -1.05227)
(0.117022 -0.117027 -1.05228)
(-0.122772 -0.0517598 -0.951101)
(0.0812458 -0.0598667 -0.695609)
(0.194726 -0.245643 -0.933088)
(-0.167093 -0.387536 -0.847816)
(0.167093 0.387605 -0.84782)
(-0.194718 0.245693 -0.933075)
(-0.0812524 0.0598957 -0.695566)
(0.122772 0.0517748 -0.951102)
(-0.117029 0.117024 -1.05228)
(0.117032 0.11703 -1.05228)
(-0.122779 0.0517703 -0.951107)
(0.0812487 0.0599073 -0.695554)
(0.194737 0.245702 -0.933084)
(-0.167089 0.387625 -0.847817)
(0.387019 -0.286529 -0.244925)
(0.0422244 0.046362 -0.61153)
(-0.253238 -0.384684 0.706543)
(0.129273 -0.129326 -0.208733)
(-0.0517614 -0.122773 -0.951103)
(0.0517692 -0.122779 -0.951108)
(-0.12925 -0.129255 -0.208703)
(0.253258 -0.384706 0.706561)
(-0.0421901 0.046354 -0.611537)
(-0.38698 -0.28654 -0.244941)
(-0.109015 -0.0569694 1.19643)
(0.213827 0.804796 0.477591)
(-0.293373 0.293298 1.583)
(0.384715 0.253249 0.706419)
(-0.059879 0.0812508 -0.695601)
(0.0599077 0.0812529 -0.695566)
(-0.384727 0.253255 0.70653)
(0.293359 0.293319 1.58304)
(-0.21383 0.804793 0.477589)
(0.109031 -0.0569789 1.19644)
(-0.679201 -0.700271 0.795272)
(-0.313594 0.313616 0.938509)
(-0.804834 -0.213862 0.477561)
(-0.0463196 -0.0424504 -0.611526)
(-0.245651 0.19473 -0.933094)
(0.245691 0.194741 -0.933093)
(0.0463469 -0.0422575 -0.611536)
(0.804804 -0.213853 0.47758)
(0.313608 0.313606 0.938532)
(0.679201 -0.700262 0.795276)
(-0.907934 0.907931 0.916587)
(0.700265 0.67919 0.795271)
(0.056955 0.109007 1.19648)
(0.286504 -0.387241 -0.244746)
(-0.38755 -0.167092 -0.847822)
(0.387616 -0.167088 -0.847821)
(-0.286524 -0.387037 -0.244894)
(-0.0569705 0.109023 1.19645)
(-0.700263 0.679198 0.795276)
(0.907933 0.907932 0.916586)
)
;

boundaryField
{
    bottom
    {
        type            noSlip;
    }
    atmosphere
    {
        type            pressureInletOutletVelocity;
        value           nonuniform List<vector> 0();
    }
    walls
    {
        type            noSlip;
    }
    procBoundary2to0
    {
        type            processor;
        value           nonuniform List<vector> 
100
(
(-0.92593 -0.92593 1.0136)
(0.799107 -0.682919 0.821797)
(-0.0192206 -0.0637039 1.27569)
(0.294724 0.37626 -0.223735)
(-0.355422 0.146859 -0.858379)
(0.355522 0.14687 -0.858376)
(-0.294669 0.376162 -0.223746)
(0.0191771 -0.0637349 1.27568)
(-0.7991 -0.682929 0.821797)
(0.92593 -0.925932 1.0136)
(-0.682915 0.799103 0.821799)
(-0.339266 -0.33927 0.968543)
(-0.759895 0.240435 0.476278)
(-0.0156444 0.027045 -0.601604)
(-0.243672 -0.195202 -0.935449)
(0.243672 -0.195201 -0.935448)
(0.0156582 0.026788 -0.601629)
(0.759862 0.240406 0.476302)
(0.339257 -0.339268 0.968563)
(0.682916 0.799096 0.821801)
(-0.0637006 -0.0192323 1.2757)
(0.240431 -0.759904 0.476277)
(-0.296345 -0.296344 1.49917)
(0.348208 -0.221082 0.633794)
(-0.0346287 -0.0723164 -0.709296)
(0.0346181 -0.0723179 -0.70925)
(-0.348213 -0.221151 0.633895)
(0.296332 -0.296365 1.49917)
(-0.24043 -0.759897 0.476268)
(0.0637163 -0.0192271 1.2757)
(0.376277 0.294738 -0.223723)
(0.0270863 -0.0156364 -0.601593)
(-0.221075 0.348201 0.633788)
(0.158206 0.158198 -0.305325)
(-0.0684106 0.128878 -0.918592)
(0.0684181 0.128886 -0.9186)
(-0.158188 0.158183 -0.305286)
(0.221121 0.348224 0.633834)
(-0.0269934 -0.0156387 -0.601604)
(-0.376239 0.294726 -0.223736)
(0.146861 -0.355404 -0.858376)
(-0.195199 -0.243673 -0.935447)
(-0.0723081 -0.034629 -0.709298)
(0.128882 -0.0684099 -0.918593)
(-0.0872338 -0.0872357 -1.0442)
(0.0872317 -0.0872399 -1.0442)
(-0.128894 -0.0684116 -0.918606)
(0.0723025 -0.0346383 -0.709279)
(0.195209 -0.243679 -0.935457)
(-0.146872 -0.355457 -0.858383)
(0.146877 0.355544 -0.858373)
(-0.195198 0.243676 -0.935446)
(-0.0723123 0.0346109 -0.709236)
(0.128893 0.0684184 -0.918603)
(-0.0872402 0.0872317 -1.0442)
(0.0872384 0.0872361 -1.04421)
(-0.128903 0.0684208 -0.918613)
(0.0723044 0.034622 -0.709228)
(0.195207 0.24368 -0.935455)
(-0.146885 0.35557 -0.858381)
(0.376138 -0.29466 -0.223746)
(0.026714 0.0156645 -0.601638)
(-0.221167 -0.348205 0.633934)
(0.158186 -0.158176 -0.30527)
(-0.0684134 -0.128896 -0.918609)
(0.0684211 -0.128903 -0.918614)
(-0.158172 -0.158163 -0.305254)
(0.221188 -0.348227 0.633947)
(-0.0266992 0.01566 -0.601643)
(-0.376128 -0.294666 -0.223737)
(-0.0637522 0.0191634 1.27567)
(0.240382 0.759855 0.476312)
(-0.29639 0.296309 1.49918)
(0.348248 0.221137 0.633861)
(-0.0346435 0.0723059 -0.709269)
(0.0346359 0.0723069 -0.709237)
(-0.348253 0.221181 0.633928)
(0.296376 0.296328 1.4992)
(-0.240379 0.759857 0.476304)
(0.0637589 0.0191615 1.27568)
(-0.682931 -0.799094 0.821796)
(-0.339269 0.339254 0.968568)
(-0.759891 -0.240443 0.476258)
(-0.0156395 -0.0269664 -0.601612)
(-0.24368 0.195212 -0.935462)
(0.243682 0.195212 -0.935462)
(0.0156537 -0.026766 -0.601637)
(0.759863 -0.240415 0.476281)
(0.339264 0.339256 0.96858)
(0.682932 -0.799091 0.821798)
(-0.925933 0.92593 1.0136)
(0.799099 0.682917 0.8218)
(-0.0192221 0.0637145 1.2757)
(0.294714 -0.376225 -0.22374)
(-0.355475 -0.146871 -0.858387)
(0.355555 -0.146881 -0.858385)
(-0.294671 -0.376147 -0.223739)
(0.0191822 0.0637387 1.27568)
(-0.799096 0.682928 0.821799)
(0.925933 0.925932 1.01361)
)
;
    }
    procBoundary2to3
    {
        type            processor;
        value           nonuniform List<vector> 
100
(
(-0.724222 -0.724223 0.150866)
(0.626154 -1.78097 -0.148538)
(-0.0164813 -0.92126 0.387252)
(0.117817 -0.355591 0.687058)
(-0.610372 -0.623572 0.409244)
(0.610353 -0.623573 0.409231)
(-0.117795 -0.355612 0.687046)
(0.0165166 -0.921251 0.387257)
(-0.626154 -1.781 -0.148531)
(0.724222 -0.724222 0.150867)
(-1.78096 0.626154 -0.148546)
(1.21894 1.21901 -0.885394)
(-1.38262 1.13962 0.429521)
(0.321184 0.377502 -0.335325)
(-0.838396 -0.189388 -0.699238)
(0.838398 -0.189513 -0.699157)
(-0.321154 0.377489 -0.335358)
(1.3827 1.13962 0.429493)
(-1.21898 1.21919 -0.885405)
(1.78098 0.626154 -0.14855)
(-0.921283 -0.0164595 0.387246)
(1.13964 -1.38253 0.429494)
(-0.820605 -0.820629 1.80498)
(0.967476 -0.848173 0.789513)
(-0.160653 -0.603674 -0.423928)
(0.160546 -0.603791 -0.423879)
(-0.967501 -0.848176 0.789561)
(0.820561 -0.820627 1.80498)
(-1.13968 -1.38242 0.429458)
(0.921319 -0.0164548 0.387241)
(-0.355603 0.117822 0.687055)
(0.377526 0.321204 -0.335326)
(-0.848184 0.967443 0.789509)
(0.655258 0.65524 -0.0590226)
(-0.24139 0.393655 -1.0986)
(0.241344 0.393594 -1.09868)
(-0.65522 0.655114 -0.0590207)
(0.848198 0.967422 0.789513)
(-0.377523 0.321165 -0.335331)
(0.355622 0.117817 0.687045)
(-0.62358 -0.610367 0.409247)
(-0.18929 -0.838394 -0.699251)
(-0.603642 -0.160653 -0.423924)
(0.393674 -0.241458 -1.09854)
(-0.324644 -0.324845 -1.19665)
(0.324623 -0.32511 -1.19648)
(-0.393605 -0.24147 -1.09855)
(0.603662 -0.160605 -0.423898)
(0.189298 -0.838403 -0.6992)
(0.623576 -0.610354 0.409249)
(-0.623584 0.610337 0.409228)
(-0.189471 0.838398 -0.699133)
(-0.603832 0.160481 -0.423867)
(0.393563 0.241343 -1.09865)
(-0.325175 0.324663 -1.19628)
(0.325152 0.324928 -1.19614)
(-0.393522 0.241356 -1.09863)
(0.603836 0.160431 -0.423834)
(0.189449 0.838402 -0.699108)
(0.623581 0.610327 0.409229)
(-0.355621 -0.117794 0.687041)
(0.377493 -0.321146 -0.335371)
(-0.848196 -0.967483 0.789582)
(0.6551 -0.655178 -0.0590072)
(-0.241445 -0.393543 -1.09854)
(0.241394 -0.393509 -1.0986)
(-0.655096 -0.655085 -0.0590127)
(0.848207 -0.96746 0.789591)
(-0.377491 -0.321104 -0.335358)
(0.355616 -0.117788 0.687043)
(-0.921263 0.0165078 0.38725)
(1.13963 1.38266 0.429464)
(-0.82061 0.820553 1.80497)
(0.967449 0.848199 0.789525)
(-0.160568 0.603696 -0.423894)
(0.160464 0.603797 -0.423846)
(-0.967475 0.848196 0.789573)
(0.820565 0.820539 1.80497)
(-1.13967 1.38257 0.429433)
(0.921293 0.0164873 0.387237)
(-1.781 -0.626155 -0.148536)
(1.21916 -1.21899 -0.885421)
(-1.38244 -1.13967 0.429469)
(0.32114 -0.377508 -0.335329)
(-0.838375 0.189414 -0.69919)
(0.838377 0.18952 -0.699135)
(-0.321099 -0.377495 -0.335346)
(1.38251 -1.13968 0.429445)
(-1.21908 -1.21903 -0.885454)
(1.78099 -0.626155 -0.148546)
(-0.724222 0.724223 0.150867)
(0.626153 1.78098 -0.148549)
(-0.0164608 0.921313 0.387243)
(0.117803 0.355627 0.687036)
(-0.610355 0.623567 0.409239)
(0.610337 0.623568 0.409225)
(-0.117781 0.355625 0.687037)
(0.0164752 0.921302 0.387237)
(-0.626156 1.78098 -0.148549)
(0.724224 0.724224 0.150867)
)
;
    }
}


// ************************************************************************* //
