/*--------------------------------*- C++ -*----------------------------------*\
| =========                 |                                                 |
| \\      /  F ield         | OpenFOAM: The Open Source CFD Toolbox           |
|  \\    /   O peration     | Version:  2412                                  |
|   \\  /    A nd           | Website:  www.openfoam.com                      |
|    \\/     M anipulation  |                                                 |
\*---------------------------------------------------------------------------*/
FoamFile
{
    version     2.0;
    format      ascii;
    arch        "LSB;label=32;scalar=64";
    class       volScalarField;
    location    "0.4";
    object      p;
}
// * * * * * * * * * * * * * * * * * * * * * * * * * * * * * * * * * * * * * //

dimensions      [1 -1 -2 0 0 0 0];

internalField   nonuniform List<scalar> 
1000
(
1.67527
1.71973
1.75506
1.83905
1.85039
1.85039
1.83905
1.75506
1.71973
1.67526
1.71973
1.77599
1.84447
1.95316
2.05321
2.05321
1.95316
1.84446
1.77598
1.71973
1.75506
1.84447
1.89412
2.07062
2.16724
2.16724
2.07061
1.89411
1.84446
1.75505
1.83905
1.95316
2.07062
2.26973
2.3592
2.3592
2.26973
2.07061
1.95316
1.83905
1.85039
2.05321
2.16724
2.3592
2.43175
2.43175
2.3592
2.16723
2.0532
1.85039
1.85039
2.05321
2.16724
2.3592
2.43175
2.43175
2.3592
2.16723
2.0532
1.85038
1.83905
1.95316
2.07061
2.26973
2.3592
2.3592
2.26972
2.07061
1.95315
1.83904
1.75506
1.84446
1.89411
2.07061
2.16723
2.16723
2.07061
1.89411
1.84446
1.75505
1.71973
1.77598
1.84446
1.95316
2.0532
2.0532
1.95315
1.84446
1.77598
1.71972
1.67526
1.71973
1.75505
1.83905
1.85038
1.85038
1.83904
1.75505
1.71972
1.67526
1.56172
1.60297
1.63372
1.70716
1.71625
1.71625
1.70716
1.63371
1.60296
1.56172
1.60297
1.65249
1.71405
1.80492
1.89244
1.89244
1.80491
1.71405
1.65249
1.60296
1.63372
1.71405
1.75467
1.91328
1.97998
1.97998
1.91328
1.75467
1.71405
1.63371
1.70716
1.80492
1.91328
2.08814
2.16377
2.16377
2.08814
1.91328
1.80491
1.70716
1.71625
1.89244
1.97998
2.16377
2.23341
2.23341
2.16377
1.97998
1.89244
1.71624
1.71625
1.89244
1.97998
2.16377
2.23341
2.23341
2.16377
1.97997
1.89244
1.71624
1.70716
1.80491
1.91328
2.08814
2.16377
2.16376
2.08814
1.91327
1.80491
1.70715
1.63371
1.71405
1.75467
1.91328
1.97998
1.97997
1.91327
1.75466
1.71404
1.63371
1.60296
1.65249
1.71405
1.80491
1.89244
1.89244
1.80491
1.71404
1.65248
1.60296
1.56172
1.60296
1.63371
1.70715
1.71624
1.71624
1.70715
1.63371
1.60296
1.56171
1.42623
1.46317
1.48965
1.55183
1.5588
1.5588
1.55182
1.48964
1.46317
1.42623
1.46317
1.50599
1.55984
1.63542
1.70975
1.70975
1.63542
1.55984
1.50598
1.46317
1.48965
1.55984
1.59514
1.72962
1.7825
1.7825
1.72962
1.59513
1.55984
1.48964
1.55183
1.63542
1.72962
1.87653
1.95803
1.95803
1.87653
1.72962
1.63542
1.55182
1.5588
1.70975
1.7825
1.95803
2.01106
2.01106
1.95803
1.7825
1.70975
1.5588
1.5588
1.70975
1.7825
1.95803
2.01106
2.01106
1.95803
1.7825
1.70975
1.5588
1.55182
1.63542
1.72962
1.87653
1.95803
1.95803
1.87653
1.72961
1.63542
1.55182
1.48964
1.55984
1.59513
1.72962
1.7825
1.7825
1.72961
1.59513
1.55984
1.48964
1.46317
1.50598
1.55984
1.63542
1.70975
1.70975
1.63542
1.55984
1.50598
1.46317
1.42623
1.46317
1.48964
1.55182
1.5588
1.5588
1.55182
1.48964
1.46317
1.42622
1.27162
1.30376
1.32645
1.37764
1.38135
1.38135
1.37764
1.32645
1.30376
1.27162
1.30376
1.34018
1.38609
1.44892
1.50846
1.50846
1.44892
1.38609
1.34018
1.30376
1.32645
1.38609
1.41785
1.53
1.57397
1.57397
1.53
1.41785
1.38609
1.32645
1.37764
1.44892
1.53
1.65491
1.72826
1.72826
1.65491
1.53
1.44892
1.37764
1.38135
1.50846
1.57397
1.72826
1.76912
1.76912
1.72826
1.57397
1.50845
1.38135
1.38135
1.50846
1.57397
1.72826
1.76912
1.76912
1.72826
1.57397
1.50845
1.38135
1.37764
1.44892
1.53
1.65491
1.72826
1.72826
1.65491
1.53
1.44892
1.37764
1.32645
1.38609
1.41785
1.53
1.57397
1.57397
1.53
1.41784
1.38609
1.32645
1.30376
1.34018
1.38609
1.44892
1.50845
1.50845
1.44892
1.38609
1.34017
1.30375
1.27162
1.30376
1.32645
1.37764
1.38135
1.38135
1.37764
1.32645
1.30375
1.27162
1.10207
1.129
1.14827
1.18907
1.19097
1.19097
1.18907
1.14827
1.129
1.10206
1.129
1.15942
1.19721
1.24905
1.29193
1.29193
1.24905
1.19721
1.15942
1.129
1.14827
1.19721
1.22553
1.31675
1.35396
1.35396
1.31675
1.22553
1.19721
1.14827
1.18907
1.24905
1.31675
1.42886
1.48327
1.48327
1.42886
1.31675
1.24905
1.18907
1.19097
1.29193
1.35396
1.48327
1.51423
1.51423
1.48327
1.35396
1.29193
1.19096
1.19097
1.29193
1.35396
1.48327
1.51423
1.51423
1.48327
1.35396
1.29193
1.19096
1.18907
1.24905
1.31675
1.42886
1.48327
1.48327
1.42886
1.31675
1.24905
1.18906
1.14827
1.19721
1.22553
1.31675
1.35396
1.35396
1.31675
1.22553
1.19721
1.14826
1.129
1.15942
1.19721
1.24905
1.29193
1.29193
1.24905
1.19721
1.15942
1.12899
1.10206
1.129
1.14827
1.18907
1.19096
1.19096
1.18906
1.14826
1.12899
1.10206
0.918155
0.940154
0.956246
0.988537
0.989931
0.98993
0.988536
0.956244
0.940152
0.918152
0.940154
0.9649
0.995296
1.03804
1.0659
1.0659
1.03804
0.995294
0.964898
0.940152
0.956246
0.995296
1.01917
1.09465
1.12269
1.12269
1.09465
1.01917
0.995293
0.956243
0.988537
1.03804
1.09465
1.1924
1.22962
1.22962
1.19239
1.09465
1.03803
0.988534
0.989931
1.0659
1.12269
1.22962
1.24912
1.24912
1.22962
1.12269
1.06589
0.989928
0.98993
1.0659
1.12269
1.22962
1.24912
1.24912
1.22962
1.12269
1.06589
0.989928
0.988535
1.03804
1.09465
1.19239
1.22962
1.22962
1.19239
1.09465
1.03803
0.988533
0.956244
0.995294
1.01917
1.09465
1.12269
1.12269
1.09465
1.01916
0.995291
0.956241
0.940152
0.964898
0.995293
1.03803
1.06589
1.06589
1.03803
0.995291
0.964896
0.94015
0.918152
0.940152
0.956243
0.988534
0.989928
0.989928
0.988533
0.956241
0.940149
0.91815
0.726768
0.743238
0.755923
0.779598
0.780563
0.780563
0.779597
0.755921
0.743236
0.726766
0.743238
0.762445
0.785425
0.818062
0.834529
0.834529
0.818061
0.785424
0.762443
0.743236
0.755923
0.785425
0.805253
0.863372
0.881953
0.881952
0.863371
0.805252
0.785423
0.755921
0.779598
0.818062
0.863372
0.939594
0.966654
0.966654
0.939593
0.863371
0.81806
0.779596
0.780563
0.834529
0.881953
0.966654
0.975406
0.975405
0.966653
0.881951
0.834527
0.780561
0.780563
0.834529
0.881952
0.966654
0.975405
0.975405
0.966653
0.881951
0.834527
0.780561
0.779597
0.818061
0.863371
0.939593
0.966653
0.966653
0.939592
0.86337
0.818059
0.779595
0.755921
0.785424
0.805252
0.863371
0.881951
0.881951
0.86337
0.80525
0.785422
0.755919
0.743236
0.762443
0.785423
0.81806
0.834527
0.834527
0.818059
0.785422
0.762441
0.743234
0.726766
0.743236
0.755921
0.779596
0.780561
0.780561
0.779595
0.755919
0.743234
0.726764
0.522294
0.534509
0.544395
0.562642
0.565411
0.565411
0.562642
0.544394
0.534508
0.522293
0.534509
0.54851
0.565548
0.591452
0.60292
0.60292
0.591451
0.565547
0.548509
0.534508
0.544395
0.565548
0.579484
0.622704
0.634254
0.634253
0.622703
0.579483
0.565547
0.544394
0.562642
0.591452
0.622704
0.682255
0.696421
0.696421
0.682254
0.622703
0.59145
0.562641
0.565411
0.60292
0.634254
0.696421
0.69468
0.69468
0.696421
0.634253
0.602919
0.56541
0.565411
0.60292
0.634253
0.696421
0.69468
0.69468
0.69642
0.634252
0.602919
0.56541
0.562642
0.591451
0.622703
0.682254
0.69642
0.69642
0.682254
0.622702
0.59145
0.56264
0.544394
0.565547
0.579483
0.622703
0.634252
0.634252
0.622702
0.579482
0.565546
0.544393
0.534508
0.548508
0.565546
0.59145
0.602919
0.602919
0.59145
0.565545
0.548507
0.534506
0.522293
0.534508
0.544394
0.562641
0.56541
0.565409
0.56264
0.544393
0.534506
0.522292
0.320702
0.326994
0.332564
0.340846
0.34168
0.34168
0.340846
0.332564
0.326993
0.320701
0.326994
0.335246
0.34405
0.356967
0.361358
0.361358
0.356967
0.34405
0.335246
0.326993
0.332564
0.34405
0.354851
0.371634
0.380929
0.380929
0.371634
0.354851
0.344049
0.332564
0.340846
0.356967
0.371634
0.404374
0.417143
0.417143
0.404373
0.371633
0.356967
0.340845
0.34168
0.361358
0.380929
0.417143
0.407042
0.407042
0.417143
0.380929
0.361357
0.341679
0.34168
0.361358
0.380929
0.417143
0.407042
0.407042
0.417143
0.380929
0.361357
0.341679
0.340846
0.356967
0.371634
0.404373
0.417143
0.417143
0.404373
0.371633
0.356966
0.340845
0.332564
0.34405
0.354851
0.371633
0.380929
0.380929
0.371633
0.35485
0.344049
0.332563
0.326993
0.335245
0.344049
0.356966
0.361357
0.361357
0.356966
0.344049
0.335245
0.326993
0.320701
0.326993
0.332563
0.340845
0.341679
0.341679
0.340845
0.332563
0.326993
0.3207
0.101133
0.104246
0.108353
0.11458
0.116458
0.116458
0.11458
0.108353
0.104245
0.101132
0.104246
0.107624
0.11306
0.12085
0.124937
0.124937
0.12085
0.113059
0.107624
0.104245
0.108353
0.11306
0.116255
0.12884
0.134419
0.134419
0.12884
0.116255
0.113059
0.108353
0.11458
0.12085
0.12884
0.148222
0.14054
0.14054
0.148222
0.12884
0.12085
0.11458
0.116458
0.124937
0.134419
0.14054
0.116629
0.116629
0.14054
0.134419
0.124937
0.116458
0.116458
0.124937
0.134419
0.14054
0.116629
0.116629
0.14054
0.134419
0.124937
0.116458
0.11458
0.12085
0.12884
0.148222
0.14054
0.14054
0.148222
0.12884
0.12085
0.11458
0.108353
0.113059
0.116255
0.12884
0.134419
0.134419
0.12884
0.116255
0.113059
0.108353
0.104245
0.107624
0.113059
0.12085
0.124937
0.124936
0.12085
0.113059
0.107624
0.104245
0.101132
0.104245
0.108353
0.11458
0.116458
0.116458
0.11458
0.108353
0.104245
0.101132
)
;

boundaryField
{
    bottom
    {
        type            calculated;
        value           nonuniform List<scalar> 0();
    }
    atmosphere
    {
        type            calculated;
        value           nonuniform List<scalar> 
100
(
0
0
0
0
-0.00314233
-0.00314232
0
0
0
0
0
0
0
0
-0.00454323
-0.00454324
0
0
0
0
0
0
0
0
-0.00455878
-0.0045588
0
0
0
0
0
0
0
0
-0.0117668
-0.0117668
0
0
0
0
-0.00314233
-0.00454324
-0.0045588
-0.0117668
-0.0405043
-0.0405043
-0.0117668
-0.00455877
-0.00454321
-0.00314232
-0.00314232
-0.00454324
-0.0045588
-0.0117668
-0.0405043
-0.0405043
-0.0117668
-0.00455877
-0.00454321
-0.00314232
0
0
0
0
-0.0117668
-0.0117668
0
0
0
0
0
0
0
0
-0.00455877
-0.00455879
0
0
0
0
0
0
0
0
-0.00454321
-0.00454322
0
0
0
0
0
0
0
0
-0.00314233
-0.00314232
0
0
0
0
)
;
    }
    walls
    {
        type            calculated;
        value           nonuniform List<scalar> 
400
(
1.67527
1.71973
1.75506
1.83905
1.85039
1.85039
1.83905
1.75506
1.71973
1.67526
1.56172
1.60297
1.63372
1.70716
1.71625
1.71625
1.70716
1.63371
1.60296
1.56172
1.42623
1.46317
1.48965
1.55183
1.5588
1.5588
1.55182
1.48964
1.46317
1.42623
1.27162
1.30376
1.32645
1.37764
1.38135
1.38135
1.37764
1.32645
1.30376
1.27162
1.10207
1.129
1.14827
1.18907
1.19097
1.19097
1.18907
1.14827
1.129
1.10206
0.918155
0.940154
0.956246
0.988537
0.989931
0.98993
0.988535
0.956244
0.940152
0.918152
0.726768
0.743238
0.755923
0.779598
0.780563
0.780563
0.779597
0.755921
0.743236
0.726766
0.522294
0.534509
0.544395
0.562642
0.565411
0.565411
0.562642
0.544394
0.534508
0.522293
0.320702
0.326994
0.332564
0.340846
0.34168
0.34168
0.340846
0.332564
0.326993
0.320701
0.101133
0.104246
0.108353
0.11458
0.116458
0.116458
0.11458
0.108353
0.104245
0.101132
1.67526
1.71973
1.75505
1.83905
1.85039
1.85038
1.83904
1.75505
1.71972
1.67526
1.56172
1.60296
1.63371
1.70716
1.71624
1.71624
1.70715
1.63371
1.60296
1.56171
1.42623
1.46317
1.48964
1.55182
1.5588
1.5588
1.55182
1.48964
1.46317
1.42622
1.27162
1.30376
1.32645
1.37764
1.38135
1.38135
1.37764
1.32645
1.30375
1.27162
1.10206
1.129
1.14827
1.18907
1.19096
1.19096
1.18906
1.14826
1.12899
1.10206
0.918152
0.940152
0.956243
0.988534
0.989928
0.989928
0.988533
0.956241
0.94015
0.91815
0.726766
0.743236
0.755921
0.779596
0.780561
0.780561
0.779595
0.755919
0.743234
0.726764
0.522293
0.534508
0.544394
0.562641
0.56541
0.56541
0.56264
0.544393
0.534506
0.522292
0.320701
0.326993
0.332564
0.340845
0.341679
0.341679
0.340845
0.332563
0.326993
0.3207
0.101132
0.104245
0.108353
0.11458
0.116458
0.116458
0.11458
0.108353
0.104245
0.101132
1.67527
1.56172
1.42623
1.27162
1.10207
0.918155
0.726768
0.522294
0.320702
0.101133
1.71973
1.60297
1.46317
1.30376
1.129
0.940154
0.743238
0.534509
0.326994
0.104246
1.75506
1.63372
1.48965
1.32645
1.14827
0.956246
0.755923
0.544395
0.332564
0.108353
1.83905
1.70716
1.55183
1.37764
1.18907
0.988537
0.779598
0.562642
0.340846
0.11458
1.85039
1.71625
1.5588
1.38135
1.19097
0.989931
0.780563
0.565411
0.34168
0.116458
1.85039
1.71625
1.5588
1.38135
1.19097
0.98993
0.780563
0.565411
0.34168
0.116458
1.83905
1.70716
1.55182
1.37764
1.18907
0.988536
0.779597
0.562642
0.340846
0.11458
1.75506
1.63371
1.48964
1.32645
1.14827
0.956244
0.755921
0.544394
0.332564
0.108353
1.71973
1.60296
1.46317
1.30376
1.129
0.940152
0.743236
0.534508
0.326993
0.104245
1.67526
1.56172
1.42623
1.27162
1.10206
0.918152
0.726766
0.522293
0.320701
0.101132
1.67526
1.56172
1.42623
1.27162
1.10206
0.918152
0.726766
0.522293
0.320701
0.101132
1.71973
1.60296
1.46317
1.30376
1.129
0.940152
0.743236
0.534508
0.326993
0.104245
1.75505
1.63371
1.48964
1.32645
1.14827
0.956243
0.755921
0.544394
0.332563
0.108353
1.83905
1.70715
1.55182
1.37764
1.18907
0.988534
0.779596
0.562641
0.340845
0.11458
1.85038
1.71624
1.5588
1.38135
1.19096
0.989928
0.780561
0.56541
0.341679
0.116458
1.85038
1.71624
1.5588
1.38135
1.19096
0.989928
0.780561
0.565409
0.341679
0.116458
1.83904
1.70715
1.55182
1.37764
1.18906
0.988533
0.779595
0.56264
0.340845
0.11458
1.75505
1.63371
1.48964
1.32645
1.14826
0.956241
0.755919
0.544393
0.332563
0.108353
1.71972
1.60296
1.46317
1.30375
1.12899
0.940149
0.743234
0.534506
0.326993
0.104245
1.67526
1.56171
1.42622
1.27162
1.10206
0.91815
0.726764
0.522292
0.3207
0.101132
)
;
    }
    procBoundary1to0
    {
        type            processor;
        value           nonuniform List<scalar> 
100
(
1.76314
1.8091
1.84876
1.94151
1.95418
1.95418
1.94151
1.84875
1.80909
1.76313
1.8091
1.87132
1.9456
2.07167
2.18949
2.18949
2.07166
1.94559
1.87131
1.80909
1.84876
1.9456
2.00163
2.19468
2.32064
2.32064
2.19467
2.00163
1.94559
1.84875
1.94151
2.07167
2.19468
2.4186
2.52666
2.52666
2.4186
2.19467
2.07166
1.94151
1.95418
2.18949
2.32064
2.52666
2.59137
2.59137
2.52666
2.32063
2.18948
1.95417
1.95418
2.18949
2.32064
2.52666
2.59137
2.59137
2.52665
2.32063
2.18948
1.95417
1.94151
2.07166
2.19467
2.4186
2.52666
2.52665
2.41859
2.19467
2.07165
1.9415
1.84875
1.94559
2.00163
2.19467
2.32063
2.32063
2.19467
2.00162
1.94559
1.84874
1.80909
1.87131
1.94559
2.07166
2.18948
2.18948
2.07165
1.94559
1.87131
1.80908
1.76313
1.80909
1.84875
1.9415
1.95417
1.95417
1.9415
1.84874
1.80908
1.76313
)
;
    }
}


// ************************************************************************* //
