/*--------------------------------*- C++ -*----------------------------------*\
| =========                 |                                                 |
| \\      /  F ield         | OpenFOAM: The Open Source CFD Toolbox           |
|  \\    /   O peration     | Version:  2412                                  |
|   \\  /    A nd           | Website:  www.openfoam.com                      |
|    \\/     M anipulation  |                                                 |
\*---------------------------------------------------------------------------*/
FoamFile
{
    version     2.0;
    format      ascii;
    arch        "LSB;label=32;scalar=64";
    class       surfaceScalarField;
    location    "0.79";
    object      phi;
}
// * * * * * * * * * * * * * * * * * * * * * * * * * * * * * * * * * * * * * //

dimensions      [0 3 -1 0 0 0 0];

oriented        oriented;

internalField   nonuniform List<scalar> 
2700
(
-6.82252e-05
-6.82236e-05
-0.000149062
0.000469708
-0.00073351
-0.0005857
0.000238015
0.000102526
0.000727037
-0.000143035
1.60847e-05
0.00192699
-9.02807e-09
-0.00032799
0.000963693
0.000143023
-0.000328019
0.000963746
-0.000238003
1.59982e-05
0.00192701
-0.000469701
0.000102516
0.000727044
6.82259e-05
-0.000733517
-0.000585742
-6.82205e-05
-0.000149063
-0.000733521
0.00046972
-0.000585672
-0.00104834
-0.0010483
-0.00107073
-0.000809887
6.53336e-05
0.000395394
-0.000406743
-0.000406199
-0.000688256
-2.76724e-08
-0.000464328
-0.00185866
0.00040674
-0.000464332
-0.00185854
0.000809945
-0.000406277
-0.000688333
0.0010484
6.53087e-05
0.00039537
0.000733534
-0.0010483
-0.00107078
0.000469735
-0.000585664
0.000102533
0.000238023
0.000727028
6.53771e-05
-0.000809891
0.000395372
-1.20417e-06
-1.24941e-06
0.00433398
0.000490727
-0.000127491
0.00168476
4.71968e-08
-0.000130122
-0.000476127
-0.000490633
-0.000130125
-0.000476288
1.20338e-06
-0.000127535
0.00168482
-6.54231e-05
-1.2892e-06
0.00433397
-0.000102531
-0.000809943
0.000395393
0.000238027
0.000727031
1.61144e-05
-0.000143033
0.00192697
-0.000406167
-0.000406766
-0.00068825
-0.000127499
0.000490719
0.00168477
0.000189782
0.000189754
-0.00056819
2.47592e-08
4.47228e-05
-0.00221966
-0.000189714
4.46534e-05
-0.00221966
0.000127549
0.0001897
-0.000568164
0.000406195
0.000490698
0.00168476
-1.60785e-05
-0.000406804
-0.000688216
-0.000143029
0.00192697
-0.00032796
-1.45003e-08
0.000963652
-0.000464311
-4.59397e-08
-0.0018587
-0.000130123
5.20579e-08
-0.000475953
4.47484e-05
1.20497e-08
-0.00221968
3.47692e-08
3.68641e-08
-0.00228533
-4.46968e-05
2.86965e-08
-0.00228522
0.000130134
-4.8018e-09
-0.0022197
0.000464314
2.78493e-08
-0.000475831
0.000327962
-4.82501e-08
-0.00185863
-1.50825e-08
0.000963701
-0.000327999
0.000143011
0.000963724
-0.000464317
0.00040675
-0.00185852
-0.000130147
-0.000490602
-0.000476203
4.46243e-05
-0.000189664
-0.00221964
2.52122e-08
-4.46572e-05
-0.00228516
-4.45886e-05
-4.4601e-05
-0.00228507
0.000130156
-0.000189641
-0.00221963
0.000464328
-0.000490608
-0.000476053
0.000328002
0.000406775
-0.00185849
0.000143007
0.000963758
1.59847e-05
-0.000238005
0.001927
-0.000406302
0.000809973
-0.000688355
-0.000127568
1.23219e-06
0.00168483
0.00018969
0.00012758
-0.000568149
3.66101e-09
0.000130151
-0.00221969
-0.000189663
0.000130154
-0.00221966
0.000127593
0.000127601
-0.000568171
0.000406317
1.25615e-06
0.00168481
-1.59744e-05
0.000810007
-0.000688309
-0.000238001
0.00192703
0.000102516
-0.000469703
0.000727034
6.53278e-05
0.0010484
0.000395321
-1.27261e-06
-6.5417e-05
0.00433393
0.000490705
0.000406248
0.00168476
2.80433e-08
0.00046437
-0.000475961
-0.000490637
0.000464384
-0.000476101
1.26257e-06
0.000406309
0.00168481
-6.5376e-05
-6.54057e-05
0.00433387
-0.000102522
0.00104839
0.000395297
-0.000469709
0.000727021
-0.000733525
6.82252e-05
-0.000585734
-0.00104832
0.000733529
-0.0010708
-0.000809942
-0.000102531
0.000395391
-0.000406781
-1.60272e-05
-0.000688224
-2.64098e-08
0.000328021
-0.00185855
0.000406773
0.000328051
-0.00185847
0.000809985
-1.59663e-05
-0.000688288
0.00104837
-0.000102528
0.000395323
0.000733528
0.000733529
-0.00107086
6.82234e-05
-0.000585714
-6.8221e-05
-0.000149063
0.000469731
-0.000585669
0.000238018
0.000727042
-0.000143034
0.00192699
-9.69827e-09
0.000963774
0.000143022
0.000963816
-0.000238002
0.00192703
-0.00046972
0.000727031
6.82216e-05
-0.000585697
-0.000149063
-8.46845e-05
-8.46857e-05
2.03079e-05
0.000347318
-0.000690434
-0.000327268
8.61765e-05
5.66149e-05
0.000931564
-9.64447e-05
8.79036e-05
0.00202171
7.6395e-09
-9.53124e-05
0.000962554
9.64494e-05
-9.52437e-05
0.000962548
-8.61509e-05
8.78555e-05
0.00202175
-0.000347292
5.65923e-05
0.000931593
8.46846e-05
-0.000690445
-0.000327274
-8.46835e-05
2.03054e-05
-0.000690434
0.000347329
-0.000327253
-0.000860917
-0.000860902
-0.000729779
-0.000693364
-0.000122468
0.000406923
-0.000453354
-0.000176421
-0.000663941
-9.7899e-09
-0.000315479
-0.00209184
0.000453345
-0.00031537
-0.00209177
0.000693394
-0.000176512
-0.000664015
0.000860944
-0.000122508
0.000406919
0.000690434
-0.000860913
-0.000729797
0.000347346
-0.000327259
5.66259e-05
8.6185e-05
0.000931546
-0.000122435
-0.000693373
0.000406905
-7.44143e-05
-7.44402e-05
0.00423793
0.000393852
-5.25793e-05
0.00109265
8.73824e-08
-0.000105509
-0.000292332
-0.000393738
-0.000105525
-0.000292308
7.43937e-05
-5.26519e-05
0.00109283
0.00012235
-7.44765e-05
0.00423799
-5.66416e-05
-0.000693408
0.000406881
8.61914e-05
0.000931544
8.79082e-05
-9.64423e-05
0.00202169
-0.000176419
-0.000453356
-0.000663941
-5.25888e-05
0.000393831
0.00109267
0.000119689
0.000119682
-0.000912728
4.52452e-08
3.81439e-05
-0.00224367
-0.000119593
3.80772e-05
-0.00224362
5.26394e-05
0.000119616
-0.000912665
0.000176441
0.000393762
0.00109271
-8.78803e-05
-0.00045337
-0.000663933
-9.6443e-05
0.00202173
-9.53313e-05
4.94525e-09
0.000962536
-0.000315516
-1.87148e-08
-0.00209185
-0.0001055
1.11257e-07
-0.000292249
3.81677e-05
4.86367e-08
-0.00224371
1.87969e-08
1.68752e-08
-0.00220905
-3.81366e-05
1.02486e-08
-0.002209
0.000105494
2.08724e-08
-0.00224373
0.000315513
7.90625e-08
-0.000292166
9.53359e-05
-1.92947e-08
-0.0020918
-4.21514e-09
0.000962598
-9.52235e-05
9.6438e-05
0.000962514
-0.000315356
0.000453337
-0.00209174
-0.000105536
-0.00039369
-0.000292221
3.80525e-05
-0.00011955
-0.00224363
1.14607e-08
-3.81019e-05
-0.002209
-3.80338e-05
-3.80462e-05
-0.00220896
0.000105526
-0.000119527
-0.00224365
0.000315376
-0.00039366
-0.000292163
9.52411e-05
0.000453348
-0.00209172
9.64279e-05
0.000962567
8.78442e-05
-8.61416e-05
0.00202174
-0.000176551
0.000693417
-0.000664039
-5.2699e-05
7.44008e-05
0.00109289
0.000119594
5.26597e-05
-0.000912652
1.34239e-08
0.000105518
-0.00224372
-0.000119552
0.000105532
-0.00224367
5.27185e-05
5.27009e-05
-0.000912668
0.000176558
7.44292e-05
0.00109288
-8.78383e-05
0.000693449
-0.000664013
-8.61286e-05
0.00202174
5.65857e-05
-0.000347281
0.000931587
-0.000122512
0.000860946
0.00040689
-7.44792e-05
0.000122338
0.00423796
0.000393775
0.000176455
0.00109271
6.23125e-08
0.000315499
-0.00029223
-0.000393696
0.000315417
-0.000292228
7.44589e-05
0.00017652
0.00109283
0.000122447
0.00012238
0.00423794
-5.66006e-05
0.000860943
0.00040685
-0.000347278
0.00093157
-0.000690442
8.46859e-05
-0.000327259
-0.000860915
0.00069043
-0.000729814
-0.000693405
-5.66417e-05
0.00040686
-0.000453376
-8.78588e-05
-0.000663939
-8.6919e-09
9.53398e-05
-0.00209176
0.00045337
9.52838e-05
-0.00209171
0.000693432
-8.78336e-05
-0.000663997
0.000860926
-5.66205e-05
0.00040683
0.000690425
0.000690425
-0.000729839
8.46844e-05
-0.000327251
-8.46817e-05
2.03049e-05
0.000347347
-0.000327267
8.61888e-05
0.000931558
-9.64506e-05
0.00202177
-1.60769e-09
0.000962665
9.64446e-05
0.000962654
-8.6144e-05
0.00202178
-0.000347304
0.000931571
8.46815e-05
-0.000327257
2.03027e-05
-2.51516e-05
-2.51515e-05
7.0611e-05
0.000278595
-0.000575951
-5.50636e-05
-3.76096e-05
1.32488e-05
0.00123452
-0.000104279
0.000198725
0.00188966
1.41711e-08
0.00039173
0.00046653
0.000104281
0.000391808
0.000466472
3.76101e-05
0.000198705
0.00188972
-0.000278573
1.32423e-05
0.00123453
2.51545e-05
-0.000575948
-5.5053e-05
-2.5147e-05
7.06069e-05
-0.00057595
0.000278602
-5.50564e-05
-0.000698841
-0.000698842
-0.000483997
-0.000612142
-0.000190719
0.000524193
-0.000521168
0.000186641
-0.000742831
-3.28003e-08
-0.000148554
-0.00207269
0.000521131
-0.00014847
-0.00207265
0.000612159
0.000186526
-0.000742864
0.00069887
-0.000190744
0.000524194
0.000575959
-0.000698852
-0.000483983
0.000278616
-5.50636e-05
1.32482e-05
-3.76133e-05
0.00123451
-0.000190728
-0.000612164
0.000524203
-0.00015687
-0.000156862
0.00417022
0.000100461
0.00018442
0.00083754
2.05972e-08
-2.92976e-05
-0.000311149
-0.000100454
-2.93144e-05
-0.000310988
0.000156839
0.000184258
0.000837802
0.000190683
-0.000156897
0.0041703
-1.32653e-05
-0.000612202
0.000524179
-3.76113e-05
0.00123451
0.00019872
-0.000104302
0.00188966
0.000186619
-0.000521178
-0.000742825
0.000184406
0.000100438
0.000837581
0.000108819
0.000108807
-0.000761527
4.08257e-08
2.79183e-05
-0.00219211
-0.000108724
2.78722e-05
-0.00219204
-0.000184336
0.000108712
-0.000761508
-0.00018658
0.000100354
0.000837707
-0.0001987
-0.000521197
-0.000742818
-0.00010432
0.00188973
0.000391722
1.11529e-08
0.000466501
-0.000148573
-5.45245e-08
-0.00207268
-2.92705e-05
2.75814e-08
-0.000311141
2.79363e-05
4.8062e-08
-0.00219216
5.74769e-09
8.22725e-09
-0.00215321
-2.79234e-05
5.82035e-09
-0.00215321
2.92448e-05
2.32851e-08
-0.00219221
0.000148542
1.69148e-08
-0.000311126
-0.000391741
-5.21855e-08
-0.00207266
-2.73853e-09
0.000466541
0.000391855
0.00010429
0.00046638
-0.000148451
0.000521119
-0.00207261
-2.93032e-05
-0.000100434
-0.000310907
2.78551e-05
-0.00010868
-0.00219206
3.21139e-09
-2.78933e-05
-0.00215324
-2.78486e-05
-2.78531e-05
-0.00215325
2.92709e-05
-0.000108625
-0.00219212
0.000148433
-0.000100358
-0.00031095
-0.000391881
0.00052114
-0.0020726
0.000104293
0.00046639
0.000198694
3.76163e-05
0.00188972
0.000186472
0.000612183
-0.000742882
0.000184183
0.000156821
0.000837923
0.000108691
-0.000184319
-0.00076152
1.48975e-08
2.92806e-05
-0.00219222
-0.000108644
2.92955e-05
-0.00219216
-0.000184169
-0.000184207
-0.000761561
-0.000186464
0.000156861
0.000837957
-0.00019868
0.000612214
-0.000742872
3.76287e-05
0.00188973
1.32358e-05
-0.00027856
0.00123453
-0.000190764
0.000698885
0.000524187
-0.000156921
0.000190661
0.00417028
0.000100377
-0.000186589
0.000837685
1.55052e-08
0.00014853
-0.000311117
-0.000100377
0.000148464
-0.000311005
0.000156898
-0.000186506
0.000837858
0.000190737
0.000190693
0.00417026
-1.32488e-05
0.000698882
0.000524168
-0.00027856
0.00123451
-0.00057594
2.51573e-05
-5.50364e-05
-0.00069884
0.000575964
-0.000483993
-0.000612186
-1.32705e-05
0.000524138
-0.000521194
-0.000198696
-0.000742824
-3.06701e-08
-0.000391728
-0.00207266
0.000521161
-0.000391809
-0.00207263
0.000612196
-0.000198679
-0.000742859
0.000698854
-1.32629e-05
0.000524127
0.000575938
0.000575951
-0.000483992
2.51548e-05
-5.50267e-05
-2.51442e-05
7.06065e-05
0.00027862
-5.50669e-05
-3.76047e-05
0.00123451
-0.000104297
0.00188977
1.89824e-09
0.000466638
0.000104288
0.000466559
3.76203e-05
0.00188977
-0.000278584
0.00123451
2.51487e-05
-5.50383e-05
7.06062e-05
5.96059e-06
5.96067e-06
5.86898e-05
0.000213862
-0.00052367
0.000260705
-8.69072e-05
8.76443e-06
0.00152652
-0.000240253
0.000443673
0.00159933
3.51807e-08
0.000526775
-0.000300533
0.000240291
0.000526809
-0.000300593
8.69117e-05
0.000443644
0.00159945
-0.000213852
8.76317e-06
0.00152653
-5.95953e-06
-0.000523675
0.00026073
5.9611e-06
5.86862e-05
-0.000523666
0.000213865
0.000260705
-0.000642133
-0.000642137
-0.000247063
-0.000556187
-0.000158425
0.000605436
-0.000429103
0.000508974
-0.000935217
-2.56599e-08
-0.000118014
-0.00185698
0.000429093
-0.000117979
-0.00185698
0.000556219
0.000508841
-0.000935187
0.000642169
-0.000158454
0.000605461
0.000523684
-0.000642148
-0.000247025
0.000213871
0.00026071
8.75804e-06
-8.69104e-05
0.00152653
-0.000158447
-0.000556193
0.000605465
-0.000277049
-0.00027704
0.00440743
-0.000164296
0.000310494
0.000923267
-6.63641e-09
2.49341e-05
-0.000618386
0.000164243
2.49284e-05
-0.000618145
0.000276999
0.000310357
0.00092353
0.000158423
-0.000277101
0.00440752
-8.7723e-06
-0.000556227
0.000605454
-8.69209e-05
0.00152653
0.000443658
-0.00024025
0.00159934
0.000508953
-0.000429102
-0.000935212
0.000310493
-0.000164314
0.000923315
7.53616e-05
7.53525e-05
-0.000291253
2.02253e-08
1.2548e-05
-0.00210438
-7.52985e-05
1.25262e-05
-0.00210432
-0.000310426
7.52798e-05
-0.000291304
-0.000508886
-0.000164363
0.000923429
-0.000443639
-0.00042912
-0.000935172
-0.00024031
0.00159948
0.00052673
4.10088e-08
-0.00030052
-0.000118019
-4.22954e-08
-0.00185699
2.49616e-05
-5.8055e-09
-0.00061843
1.25577e-05
2.53352e-08
-0.00210443
-3.65414e-09
1.33284e-09
-0.0021281
-1.25551e-05
2.69993e-09
-0.00212813
-2.499e-05
1.43392e-08
-0.00210451
0.000117985
-3.19028e-09
-0.00061846
-0.000526722
-3.71968e-08
-0.00185704
2.28863e-08
-0.000300515
0.000526754
0.000240294
-0.000300626
-0.000117986
0.000429081
-0.00185699
2.49434e-05
0.000164248
-0.000618091
1.25188e-05
-7.5268e-05
-0.00210434
-1.87575e-09
-1.25371e-05
-0.00212818
-1.25167e-05
-1.25162e-05
-0.00212822
-2.49708e-05
-7.5208e-05
-0.00210444
0.000117969
0.000164306
-0.000618199
-0.000526715
0.000429092
-0.00185705
0.000240333
-0.000300635
0.000443615
8.69199e-05
0.00159948
0.000508777
0.000556236
-0.000935199
0.000310305
0.000276981
0.000923662
7.52645e-05
-0.000310409
-0.000291339
8.56942e-09
-2.49702e-05
-0.00210453
-7.52203e-05
-2.49628e-05
-0.00210448
-0.000310273
-0.000310291
-0.000291424
-0.000508749
0.000277051
0.000923688
-0.000443596
0.000556256
-0.000935188
8.69356e-05
0.00159953
8.75768e-06
-0.000213847
0.00152654
-0.00015848
0.00064219
0.000605472
-0.000277122
0.000158401
0.0044075
-0.000164342
-0.000508896
0.000923392
-2.58615e-09
0.000117963
-0.000618389
0.000164297
0.000117945
-0.000618212
0.000277083
-0.000508788
0.000923568
0.00015847
0.000158434
0.0044075
-8.7658e-06
0.00064219
0.000605469
-0.000213848
0.00152653
-0.000523666
-5.95856e-06
0.000260742
-0.000642137
0.000523694
-0.000247026
-0.000556223
-8.77845e-06
0.000605403
-0.000429124
-0.00044365
-0.000935169
-2.18328e-08
-0.000526781
-0.00185702
0.00042911
-0.00052679
-0.00185703
0.000556243
-0.000443614
-0.000935166
0.000642159
-8.77327e-06
0.000605419
0.000523671
0.000523689
-0.000247003
-5.95816e-06
0.000260755
5.9614e-06
5.86865e-05
0.000213872
0.000260716
-8.69105e-05
0.00152652
-0.000240301
0.00159951
2.18966e-08
-0.000300466
0.000240325
-0.000300534
8.69211e-05
0.00159956
-0.000213859
0.00152652
-5.95965e-06
0.000260751
5.86883e-05
-4.26532e-05
-4.26531e-05
0.000143996
0.000118631
-0.000456071
0.000555491
-0.000137681
2.47723e-05
0.00175806
-0.000268393
0.000727097
0.00100294
-2.11709e-08
0.000182379
-0.000751284
0.000268386
0.000182384
-0.000751385
0.000137685
0.000727098
0.00100306
-0.000118629
2.47701e-05
0.00175808
4.26557e-05
-0.000456083
0.000555528
-4.26555e-05
0.000143997
-0.000456067
0.000118632
0.000555486
-0.0006713
-0.000671298
0.000183397
-0.00060846
-0.000101116
0.000668485
-0.000318753
0.000585499
-0.00108332
-2.46607e-08
-0.000144599
-0.00184873
0.000318756
-0.000144597
-0.00184878
0.000608498
0.000585488
-0.00108332
0.000671332
-0.000101151
0.000668548
0.000456082
-0.000671303
0.000183444
0.000118637
0.000555499
2.47666e-05
-0.00013768
0.00175808
-0.00010114
-0.000608446
0.000668519
-0.000303113
-0.000303105
0.0048114
-0.000213835
0.000173459
0.00124603
-1.13566e-07
5.32064e-05
-0.00102991
0.00021365
5.32055e-05
-0.00102971
0.000303055
0.000173468
0.00124614
0.000101136
-0.000303154
0.00481144
-2.47725e-05
-0.000608467
0.000668527
-0.000137689
0.00175808
0.000727058
-0.000268386
0.00100298
0.000585465
-0.000318747
-0.00108332
0.000173452
-0.000213846
0.00124607
-2.86453e-05
-2.86404e-05
0.000112943
3.17705e-09
9.62621e-07
-0.00208079
2.86649e-05
9.62365e-07
-0.00208074
-0.000173447
-2.86291e-05
0.000112905
-0.000585453
-0.00021378
0.00124606
-0.000727038
-0.000318766
-0.00108329
-0.000268422
0.00100318
0.000182365
-3.17153e-08
-0.000751239
-0.000144595
-3.69883e-08
-0.00184874
5.32222e-05
-1.57055e-07
-0.00102994
9.6563e-07
6.33343e-09
-0.00208082
-8.4943e-09
-4.38061e-09
-0.00212616
-9.69482e-07
1.35902e-10
-0.00212621
-5.32189e-05
7.92186e-09
-0.0020809
0.00014458
-1.18225e-07
-0.00102992
-0.000182408
-2.81482e-08
-0.00184879
-2.46499e-08
-0.00075132
0.000182345
0.000268376
-0.000751378
-0.000144608
0.000318751
-0.00184883
5.3218e-05
0.000213592
-0.00102967
9.65555e-07
2.86678e-05
-0.00208075
-4.42976e-09
-9.64866e-07
-0.00212625
-9.67043e-07
-9.62796e-07
-0.00212629
-5.3219e-05
2.8679e-05
-0.00208086
0.000144595
0.000213583
-0.00102971
-0.000182377
0.000318763
-0.00184887
0.000268414
-0.000751451
0.000727055
0.000137689
0.00100311
0.000585448
0.000608505
-0.00108335
0.000173461
0.000303034
0.00124621
-2.86293e-05
-0.000173458
0.000112877
4.52887e-09
-5.32164e-05
-0.00208092
2.86704e-05
-5.32214e-05
-0.00208089
-0.000173433
-0.000173435
0.000112793
-0.000585428
0.000303099
0.00124617
-0.000727024
0.00060851
-0.00108334
0.000137697
0.00100322
2.47644e-05
-0.000118629
0.00175809
-0.00010118
0.000671348
0.000668573
-0.000303181
0.00010112
0.00481142
-0.000213783
-0.00058549
0.00124602
-8.74815e-08
0.000144565
-0.00102987
0.000213632
0.000144564
-0.00102972
0.000303134
-0.000585464
0.0012461
0.000101183
0.000101155
0.00481139
-2.47649e-05
0.000671344
0.000668583
-0.000118634
0.00175809
-0.000456079
4.26571e-05
0.000555535
-0.000671299
0.000456092
0.000183449
-0.00060848
-2.47768e-05
0.000668482
-0.000318777
-0.000727081
-0.00108328
-1.94592e-08
-0.000182447
-0.00184877
0.000318775
-0.000182445
-0.00184881
0.000608507
-0.000727066
-0.0010833
0.000671321
-2.47696e-05
0.00066853
0.000456084
0.000456097
0.00018348
4.26597e-05
0.000555545
-4.26561e-05
0.000144
0.000118638
0.000555514
-0.000137682
0.00175806
-0.000268433
0.00100318
-1.4796e-08
-0.000751331
0.000268428
-0.000751422
0.000137684
0.00100324
-0.000118639
0.00175807
4.26585e-05
0.000555551
0.000144007
-0.000105855
-0.000105852
0.000355704
1.40994e-05
-0.000400948
0.000836484
-0.000235333
4.14402e-05
0.00196606
-0.000339572
0.000661149
0.000446033
-4.2158e-08
8.99784e-05
-0.00118079
0.000339648
8.99376e-05
-0.00118101
0.000235445
0.000661299
0.000445959
-1.40958e-05
4.14572e-05
0.00196616
0.000105866
-0.000400961
0.000836528
-0.000105854
0.000355717
-0.000400945
1.4103e-05
0.000836476
-0.000649796
-0.00064979
0.00068109
-0.000647481
-5.75594e-05
0.00076517
-0.000296165
0.000447346
-0.00122084
-3.02161e-09
-0.000117451
-0.00193746
0.000296181
-0.000117488
-0.00193754
0.000647519
0.000447516
-0.00122087
0.000649832
-5.75936e-05
0.000765286
0.000400959
-0.000649794
0.000681151
1.41141e-05
0.00083649
4.14276e-05
-0.000235288
0.00196604
-5.7584e-05
-0.000647454
0.000765196
-0.000219959
-0.000219952
0.00513616
-7.35777e-05
-2.39998e-05
0.00157099
-8.27039e-08
7.43503e-05
-0.00129521
7.34166e-05
7.43562e-05
-0.00129505
0.000219909
-2.38119e-05
0.00157098
5.75933e-05
-0.000219982
0.00513615
-4.14366e-05
-0.000647462
0.000765225
-0.000235312
0.00196607
0.00066112
-0.000339536
0.000446112
0.000447318
-0.000296151
-0.00122082
-2.40219e-05
-7.35889e-05
0.00157105
-0.000129787
-0.000129767
0.000324475
-1.33168e-08
-1.98829e-05
-0.00211633
0.000129758
-1.98655e-05
-0.00211629
2.39354e-05
-0.000129661
0.000324577
-0.000447451
-7.35165e-05
0.00157098
-0.000661236
-0.000296155
-0.00122081
-0.00033956
0.000446191
9.0017e-05
-5.56834e-08
-0.00118074
-0.000117434
-2.05432e-09
-0.00193744
7.43579e-05
-1.10695e-07
-0.00129521
-1.98837e-05
-1.25731e-08
-0.00211633
-6.42173e-09
-4.54285e-09
-0.00216592
1.98789e-05
-2.89071e-10
-0.00216596
-7.43335e-05
-3.82839e-10
-0.00211635
0.000117444
-7.97619e-08
-0.00129514
-9.00635e-05
1.83494e-09
-0.00193744
-4.29853e-08
-0.0011809
8.99458e-05
0.000339653
-0.00118103
-0.000117496
0.000296179
-0.00193757
7.43662e-05
7.33729e-05
-0.00129501
-1.98559e-05
0.000129742
-0.00211628
-2.92064e-09
1.98742e-05
-0.00216599
1.98572e-05
1.98627e-05
-0.00216602
-7.43416e-05
0.000129672
-0.00211633
0.000117496
7.3363e-05
-0.00129499
-9.00028e-05
0.000296178
-0.00193754
0.000339655
-0.00118115
0.000661316
0.000235453
0.000445992
0.000447542
0.000647513
-0.00122091
-2.37627e-05
0.000219892
0.00157099
-0.000129635
2.3898e-05
0.000324594
-9.3302e-11
-7.43306e-05
-0.00211635
0.000129651
-7.43395e-05
-0.00211634
2.37493e-05
2.37744e-05
0.000324592
-0.000447604
0.000219947
0.00157094
-0.000661373
0.000647502
-0.0012209
0.00023544
0.000446066
4.14527e-05
-1.41004e-05
0.00196619
-5.76202e-05
0.000649842
0.000765317
-0.000220006
5.75797e-05
0.00513611
-7.3527e-05
-0.000447496
0.00157094
-6.10522e-08
0.000117452
-0.00129511
7.34094e-05
0.000117481
-0.00129501
0.000219978
-0.000447605
0.00157091
5.76303e-05
5.76082e-05
0.00513608
-4.14541e-05
0.000649835
0.000765335
-1.41178e-05
0.0019662
-0.000400962
0.000105865
0.000836531
-0.0006498
0.000400965
0.000681163
-0.000647492
-4.1447e-05
0.000765201
-0.000296178
-0.000661276
-0.00122081
-2.43742e-09
-9.00425e-05
-0.00193745
0.000296188
-9.00098e-05
-0.00193751
0.000647519
-0.000661382
-0.00122085
0.000649825
-4.14587e-05
0.000765292
0.000400968
0.000400972
0.0006812
0.000105862
0.000836533
-0.000105855
0.00035572
1.41158e-05
0.000836508
-0.000235342
0.00196607
-0.000339586
0.000446146
-3.36117e-08
-0.00118093
0.000339646
-0.00118111
0.000235426
0.000446078
-1.41206e-05
0.00196616
0.000105861
0.000836542
0.000355729
-0.000125953
-0.000125951
0.000607608
-5.55234e-05
-0.000375474
0.00114153
-0.000226286
2.06549e-05
0.00211616
-0.000300666
0.000486303
3.411e-05
-3.13492e-08
6.99655e-05
-0.00155139
0.000300711
6.99098e-05
-0.00155166
0.000226381
0.000486649
3.36412e-05
5.55168e-05
2.07052e-05
0.00211632
0.000125965
-0.000375497
0.00114158
-0.000125952
0.000607634
-0.000375473
-5.55212e-05
0.00114152
-0.000625425
-0.000625417
0.00118098
-0.000589474
-7.40154e-05
0.000823889
-0.000239046
0.000258608
-0.00134357
2.55245e-08
-0.00011834
-0.00198823
0.00023903
-0.000118381
-0.00198825
0.000589467
0.000258858
-0.00134352
0.000625481
-7.40297e-05
0.000824007
0.000375502
-0.000625444
0.00118108
-5.54942e-05
0.00114153
2.06369e-05
-0.00022624
0.00211612
-7.40421e-05
-0.000589461
0.000823919
-0.000117575
-0.000117555
0.00522324
7.17792e-05
-0.000145143
0.00178539
-2.45956e-08
5.13302e-05
-0.00139308
-7.18342e-05
5.13414e-05
-0.00139297
0.000117572
-0.000144987
0.00178542
7.40455e-05
-0.000117568
0.00522321
-2.0669e-05
-0.000589455
0.000823951
-0.000226261
0.00211617
0.000486283
-0.000300628
3.42168e-05
0.000258601
-0.000239041
-0.00134356
-0.000145135
7.17829e-05
0.00178544
-0.000134048
-0.000134035
0.00030228
-2.95051e-08
-4.31794e-05
-0.00215584
0.000133987
-4.31645e-05
-0.0021558
0.000145032
-0.000133904
0.000302449
-0.000258804
7.18274e-05
0.00178542
-0.00048652
-0.000239025
-0.00134353
-0.000300611
3.40211e-05
7.00005e-05
-3.85591e-08
-0.00155133
-0.00011832
4.07104e-08
-0.0019882
5.13356e-05
-2.68379e-08
-0.00139305
-4.31794e-05
-3.32743e-08
-0.00215582
-2.52866e-09
-3.32388e-09
-0.00225227
4.31781e-05
-2.67428e-10
-0.0022523
-5.13144e-05
-1.43099e-08
-0.00215574
0.000118341
-1.20369e-08
-0.00139295
-6.99842e-05
3.49892e-08
-0.00198817
-2.54592e-08
-0.00155147
6.9928e-05
0.000300703
-0.0015517
-0.00011838
0.000239026
-0.00198825
5.1351e-05
-7.18467e-05
-0.00139292
-4.31589e-05
0.000133973
-0.00215578
-6.17464e-10
4.31718e-05
-0.00225232
4.31626e-05
4.31625e-05
-0.00225234
-5.1326e-05
0.000133884
-0.00215574
0.000118392
-7.18582e-05
-0.00139287
-6.99223e-05
0.000239013
-0.00198821
0.000300682
-0.00155178
0.000486764
0.000226379
3.35528e-05
0.00025894
0.000589455
-0.00134351
-0.000144924
0.000117568
0.00178544
-0.000133866
0.00014502
0.000302489
-8.81116e-09
-5.13099e-05
-0.00215572
0.000133858
-5.13197e-05
-0.00215573
0.000144883
0.000144916
0.000302535
-0.00025905
0.000117594
0.00178542
-0.000486892
0.000589447
-0.00134349
0.000226374
3.34829e-05
2.07093e-05
5.55073e-05
0.00211635
-7.40464e-05
0.000625493
0.000824035
-0.000117583
7.4035e-05
0.00522318
7.18182e-05
-0.000258837
0.0017854
-1.22308e-08
0.000118357
-0.00139295
-7.18434e-05
0.000118392
-0.00139289
0.0001176
-0.000259011
0.00178539
7.40526e-05
7.40418e-05
0.00522318
-2.07279e-05
0.000625503
0.00082406
5.54781e-05
0.00211637
-0.000375506
0.000125964
0.00114158
-0.000625457
0.000375508
0.0011811
-0.000589472
-2.06871e-05
0.000823937
-0.000239041
-0.000486546
-0.00134354
1.92902e-08
-6.99594e-05
-0.00198819
0.000239025
-6.991e-05
-0.00198821
0.000589468
-0.000486814
-0.00134349
0.000625501
-2.07293e-05
0.000824029
0.000375525
0.000375523
0.00118116
0.000125958
0.00114158
-0.000125953
0.000607637
-5.54885e-05
0.00114155
-0.000226303
0.0021162
-0.000300647
3.39434e-05
-2.26544e-08
-0.00155151
0.000300691
-0.00155174
0.000226382
3.3574e-05
5.54764e-05
0.00211634
0.000125957
0.00114158
0.000607645
-0.000115566
-0.000115567
0.00083874
1.95209e-05
-0.00040725
0.00141369
-0.000115428
1.20956e-05
0.00223902
-0.000192092
0.000363981
-0.000253207
-1.46157e-08
4.02467e-05
-0.00178372
0.000191981
4.02066e-05
-0.00178387
0.000115334
0.000364168
-0.000253879
-1.95448e-05
1.21521e-05
0.00223905
0.000115563
-0.00040727
0.00141374
-0.000115558
0.000838756
-0.00040725
1.9519e-05
0.00141368
-0.000614686
-0.00061468
0.00159585
-0.000538476
-0.000118282
0.000878056
-0.000204699
8.25462e-05
-0.00139591
4.94558e-08
-0.000134431
-0.0020183
0.000204732
-0.000134452
-0.00201828
0.000538474
8.27319e-05
-0.00139582
0.000614741
-0.000118258
0.000878149
0.000407286
-0.000614703
0.00159597
1.95591e-05
0.0014137
1.20791e-05
-0.000115439
0.002239
-0.000118305
-0.000538467
0.000878091
-3.58296e-05
-3.58096e-05
0.00505829
0.000153048
-0.000193198
0.00187226
3.65417e-08
3.41582e-05
-0.00140865
-0.000153015
3.4175e-05
-0.00140854
3.5852e-05
-0.00019315
0.00187243
0.000118298
-3.58077e-05
0.00505831
-1.21112e-05
-0.000538459
0.000878116
-0.00011539
0.00223901
0.000363964
-0.000192104
-0.000253082
8.25444e-05
-0.000204693
-0.00139591
-0.000193174
0.000153061
0.00187229
-9.32716e-05
-9.32782e-05
0.000102458
-2.28538e-08
-4.72602e-05
-0.00216767
9.32426e-05
-4.7252e-05
-0.00216764
0.000193122
-9.32335e-05
0.000102653
-8.26829e-05
0.000153065
0.00187236
-0.000364071
-0.0002047
-0.0013959
-0.000192044
-0.000253396
4.02664e-05
-2.26368e-08
-0.00178367
-0.000134416
7.41129e-08
-0.00201828
3.4164e-05
6.02961e-08
-0.00140863
-4.72577e-05
-2.76416e-08
-0.00216765
2.06364e-09
1.49843e-09
-0.00234679
4.72583e-05
3.00932e-09
-0.00234681
-3.41549e-05
-1.24599e-08
-0.00216755
0.000134442
5.7063e-08
-0.00140854
-4.02222e-05
5.93882e-08
-0.00201827
-1.0412e-08
-0.00178373
4.02236e-05
0.00019194
-0.00178389
-0.000134442
0.000204747
-0.00201825
3.4187e-05
-0.000152999
-0.00140849
-4.72488e-05
9.32472e-05
-0.00216762
2.36535e-09
4.72559e-05
-0.00234682
4.72525e-05
4.72512e-05
-0.00234684
-3.41721e-05
9.32189e-05
-0.00216755
0.000134463
-0.000152998
-0.00140845
-4.01845e-05
0.000204741
-0.00201824
0.000191931
-0.00178391
0.000364239
0.000115298
-0.000254044
8.28062e-05
0.000538472
-0.0013958
-0.000193113
3.58591e-05
0.0018725
-9.32182e-05
0.000193135
0.000102707
-8.38525e-09
-3.41496e-05
-0.00216752
9.32085e-05
-3.41626e-05
-0.00216753
0.000193083
0.000193104
0.000102775
-8.28761e-05
3.58616e-05
0.00187252
-0.000364282
0.000538458
-0.0013958
0.000115285
-0.000254154
1.21627e-05
-1.95546e-05
0.00223904
-0.000118255
0.000614751
0.000878173
-3.58136e-05
0.000118292
0.00505831
0.000153055
-8.27027e-05
0.00187236
3.72106e-08
0.000134455
-0.00140854
-0.000153011
0.000134475
-0.00140848
3.58491e-05
-8.28362e-05
0.00187247
0.000118257
0.000118266
0.00505836
-1.21839e-05
0.00061476
0.0008782
-1.95845e-05
0.00223905
-0.000407281
0.000115561
0.00141374
-0.000614717
0.000407292
0.00159599
-0.000538465
-1.21281e-05
0.000878106
-0.000204711
-0.00036409
-0.0013959
3.7778e-08
-4.0205e-05
-0.00201828
0.000204732
-4.01671e-05
-0.00201827
0.000538466
-0.000364233
-0.00139583
0.000614762
-1.21789e-05
0.000878178
0.000407307
0.000407303
0.00159607
0.000115556
0.00141374
-0.000115557
0.000838755
1.95692e-05
0.00141372
-0.000115386
0.00223903
-0.000192044
-0.000253488
-5.9971e-09
-0.00178375
0.000191971
-0.00178388
0.00011532
-0.000254008
-1.95852e-05
0.00223906
0.000115556
0.00141375
0.000838756
-0.000166526
-0.000166529
0.0011718
0.000146103
-0.000487958
0.00158902
1.60707e-05
4.06047e-05
0.00232844
-0.00013421
0.000269209
-0.000372135
2.70859e-08
1.17205e-06
-0.00191912
0.000134153
1.15401e-06
-0.00191915
-1.61861e-05
0.00026905
-0.00037259
-0.000146141
4.0629e-05
0.00232837
0.000166502
-0.000487964
0.00158906
-0.000166508
0.00117177
-0.00048796
0.000146097
0.00158902
-0.000636067
-0.000636068
0.00189207
-0.000508106
-0.000142735
0.000933435
-0.000183636
-4.77053e-05
-0.00140347
4.87437e-08
-0.000157669
-0.00204314
0.000183719
-0.000157675
-0.00204312
0.000508104
-4.77351e-05
-0.00140342
0.00063608
-0.00014271
0.000933511
0.000487988
-0.000636069
0.00189216
0.000146142
0.00158904
4.05918e-05
1.60466e-05
0.00232846
-0.000142747
-0.000508101
0.000933463
2.83553e-05
2.8367e-05
0.00471608
0.000192466
-0.000169971
0.00183041
5.12036e-08
3.86317e-05
-0.00141254
-0.000192412
3.86465e-05
-0.0014124
-2.83356e-05
-0.000170057
0.00183068
0.000142741
2.83774e-05
0.00471615
-4.0591e-05
-0.000508096
0.000933474
1.61197e-05
0.00232844
0.000269231
-0.000134225
-0.000372041
-4.7698e-05
-0.000183621
-0.00140346
-0.000169943
0.000192479
0.00183042
-2.86133e-05
-2.86322e-05
-0.000180211
-6.19995e-09
-2.11941e-05
-0.00213645
2.86503e-05
-2.11965e-05
-0.00213645
0.00016998
-2.87075e-05
-0.000180027
4.77038e-05
0.000192468
0.00183054
-0.000269167
-0.000183652
-0.00140347
-0.000134199
-0.000372244
1.17954e-06
3.38582e-08
-0.00191911
-0.000157661
7.23787e-08
-0.00204314
3.86402e-05
8.10974e-08
-0.00141253
-2.11895e-05
-6.92463e-09
-0.00213644
8.11747e-09
1.13555e-08
-0.0023892
2.11938e-05
9.36635e-09
-0.00238921
-3.8645e-05
3.33256e-11
-0.00213642
0.000157675
7.25985e-08
-0.00141247
-1.15533e-06
5.71255e-08
-0.00204314
3.38258e-08
-0.00191911
1.16086e-06
0.000134131
-0.00191915
-0.000157666
0.000183748
-0.0020431
3.86594e-05
-0.000192389
-0.00141235
-2.11931e-05
2.86725e-05
-0.00213644
6.54904e-09
2.11989e-05
-0.00238921
2.11977e-05
2.12003e-05
-0.00238922
-3.86595e-05
2.87344e-05
-0.00213643
0.000157677
-0.000192383
-0.00141233
-1.13966e-06
0.00018375
-0.00204312
0.000134134
-0.00191915
0.000269012
-1.62208e-05
-0.000372704
-4.77326e-05
0.000508105
-0.00140341
-0.000170068
-2.83246e-05
0.00183077
-2.87278e-05
0.000170009
-0.00017997
3.55442e-10
-3.86399e-05
-0.00213641
2.8745e-05
-3.86507e-05
-0.00213642
0.000170081
0.000170076
-0.000179903
4.7736e-05
-2.83266e-05
0.00183081
-0.000268984
0.000508095
-0.00140342
-1.62526e-05
-0.000372751
4.06315e-05
-0.000146152
0.00232834
-0.000142702
0.00063608
0.000933531
2.83789e-05
0.000142735
0.00471617
0.000192459
4.77037e-05
0.00183059
4.80089e-08
0.000157682
-0.00141245
-0.000192403
0.000157686
-0.00141236
-2.83456e-05
4.77289e-05
0.00183076
0.000142703
0.000142711
0.00471628
-4.0633e-05
0.000636079
0.000933552
-0.000146179
0.00232834
-0.000487971
0.000166498
0.00158907
-0.000636076
0.000487992
0.00189219
-0.0005081
-4.06007e-05
0.000933465
-0.000183667
-0.000269152
-0.00140348
3.8031e-08
-1.14971e-06
-0.00204315
0.000183731
-1.134e-06
-0.00204314
0.0005081
-0.000269023
-0.00140344
0.00063609
-4.06292e-05
0.000933529
0.000487996
0.000487992
0.00189225
0.00016649
0.00158907
-0.000166503
0.00117176
0.000146155
0.00158905
1.6146e-05
0.00232843
-0.00013419
-0.000372304
2.68407e-08
-0.00191912
0.000134152
-0.00191914
-1.62296e-05
-0.000372649
-0.000146177
0.00232838
0.00016649
0.00158907
0.00117174
-0.000182613
-0.000182616
0.000325904
-0.000577899
0.000208728
5.0833e-05
-6.53516e-05
0.000249443
5.70722e-08
-1.49724e-05
6.54041e-05
-1.49686e-05
-0.000208753
0.000249175
-0.00032591
5.08213e-05
0.000182623
-0.0005779
-0.000182629
-0.000577898
0.000325898
-0.000664853
-0.000664859
-0.000505147
-0.000143791
-0.000172737
-8.86902e-05
1.81205e-08
-0.000166024
0.000172782
-0.000166025
0.000505127
-8.88553e-05
0.000664836
-0.000143798
0.000577912
-0.000664853
0.000325904
5.08274e-05
0.000208722
-0.000143787
-0.000505149
7.00641e-05
7.00602e-05
0.000208658
-0.000128447
2.25178e-08
5.13343e-05
-0.000208631
5.13397e-05
-7.0061e-05
-0.000128527
0.000143781
7.0068e-05
-5.0809e-05
-0.000505147
0.000208743
0.00024948
-6.53418e-05
-8.86699e-05
-0.000172728
-0.000128431
0.000208664
1.01061e-05
1.00896e-05
3.67718e-09
1.17038e-05
-1.00635e-05
1.1701e-05
0.000128484
1.00207e-05
8.87461e-05
0.00020866
-0.000249374
-0.000172746
-6.53665e-05
-1.49693e-05
7.99576e-08
-0.000166018
2.78403e-08
5.13441e-05
3.66388e-08
1.17074e-05
4.414e-09
4.51863e-09
6.13733e-09
-1.17065e-05
5.33955e-09
-5.13526e-05
8.00313e-09
0.000166022
3.37186e-08
1.49688e-05
2.15989e-08
6.77535e-08
-1.49625e-05
6.54095e-05
-0.000166018
0.0001728
5.13488e-05
-0.000208616
1.17027e-05
-1.0042e-05
3.94492e-09
-1.17036e-05
-1.17016e-05
-1.17013e-05
-5.13556e-05
-9.98359e-06
0.000166019
-0.000208615
1.49625e-05
0.000172801
6.54244e-05
0.0002491
-0.000208766
-8.88989e-05
0.000505126
-0.000128544
-7.00538e-05
1.00026e-05
0.000128508
6.2857e-09
-5.13485e-05
-9.97732e-06
-5.13516e-05
0.000128572
0.000128567
8.89249e-05
-7.00523e-05
-0.000249065
0.000505125
-0.000208778
5.08109e-05
-0.000325911
-0.000143803
0.000664828
7.00743e-05
0.000143772
0.000208658
8.87638e-05
2.24652e-08
0.000166026
-0.000208629
0.000166025
-7.00631e-05
8.88875e-05
0.000143795
0.00014378
-5.08034e-05
0.000664829
-0.000325914
-0.000577905
0.000182628
-0.000664855
0.000577912
-0.000505145
-5.08156e-05
-0.000172754
-0.000249346
1.4962e-08
1.49703e-05
0.00017279
1.49661e-05
0.000505131
-0.000249132
0.000664845
-5.08137e-05
0.000577919
0.000577913
0.000182638
-0.000182631
0.000325909
0.000208746
-6.53812e-05
4.78599e-08
6.54261e-05
-0.000208762
-0.000325911
0.000182637
)
;

boundaryField
{
    bottom
    {
        type            calculated;
        value           nonuniform List<scalar> 0();
    }
    atmosphere
    {
        type            calculated;
        value           nonuniform List<scalar> 0();
    }
    walls
    {
        type            calculated;
        value           uniform 0;
    }
    procBoundary2to0
    {
        type            processor;
        value           nonuniform List<scalar> 
100
(
0.00153702
0.0016584
0.00239479
-0.000347499
-0.00196956
-0.00196953
-0.000347608
0.00239471
0.00165843
0.00153702
0.0016584
0.00206598
0.000968353
-0.00139774
-0.00206484
-0.00206483
-0.00139774
0.000968422
0.00206604
0.00165842
0.00239481
0.000968367
0.00428838
0.00173157
-0.00142126
-0.00142111
0.00173178
0.00428844
0.000968359
0.00239479
-0.000347458
-0.00139773
0.00173158
-0.000457285
-0.00208672
-0.00208675
-0.000457122
0.00173169
-0.00139775
-0.000347509
-0.00196957
-0.00206484
-0.00142127
-0.00208672
-0.00236579
-0.0023658
-0.00208676
-0.00142121
-0.00206486
-0.00196958
-0.00196951
-0.00206482
-0.00142106
-0.00208675
-0.0023658
-0.00236581
-0.00208678
-0.00142105
-0.00206484
-0.00196954
-0.000347628
-0.00139774
0.00173186
-0.000457066
-0.00208677
-0.00208679
-0.000457002
0.00173189
-0.00139776
-0.000347613
0.00239468
0.000968443
0.00428847
0.00173175
-0.00142119
-0.00142109
0.00173187
0.00428859
0.000968447
0.00239468
0.00165843
0.00206605
0.000968343
-0.00139776
-0.00206487
-0.00206486
-0.00139776
0.000968408
0.00206609
0.00165844
0.00153702
0.00165842
0.00239478
-0.000347522
-0.00196958
-0.00196955
-0.000347593
0.00239471
0.00165844
0.00153701
)
;
    }
    procBoundary2to3
    {
        type            processor;
        value           nonuniform List<scalar> 
100
(
0.000285511
0.000781277
-0.00059787
-0.00156203
-0.000778729
-0.000778758
-0.00156198
-0.000597863
0.000781332
0.000285509
0.000781249
0.00170034
-0.000596657
0.000707396
0.00158828
0.00158808
0.000707404
-0.000596618
0.00170043
0.000781241
-0.000597864
-0.000596626
-0.00420082
-0.0024554
0.000632601
0.000632761
-0.0024554
-0.00420075
-0.000596646
-0.000597854
-0.00156203
0.000707406
-0.00245541
-6.63364e-05
0.00223458
0.00223462
-6.63336e-05
-0.00245539
0.00070735
-0.00156199
-0.00077871
0.00158833
0.000632432
0.00223455
0.00237473
0.00237458
0.00223457
0.000632321
0.00158822
-0.000778752
-0.00077875
0.00158804
0.000632686
0.00223454
0.00237445
0.00237431
0.00223453
0.000632516
0.00158799
-0.000778778
-0.00156197
0.000707418
-0.0024554
-6.63539e-05
0.00223456
0.00223457
-6.63277e-05
-0.0024554
0.000707368
-0.00156199
-0.000597852
-0.000596559
-0.00420068
-0.00245541
0.000632419
0.000632536
-0.00245542
-0.00420057
-0.000596535
-0.000597835
0.00078133
0.00170047
-0.00059666
0.000707338
0.00158814
0.001588
0.000707351
-0.000596581
0.00170056
0.000781309
0.000285509
0.000781246
-0.000597859
-0.00156197
-0.000778777
-0.000778798
-0.00156197
-0.000597842
0.000781285
0.000285508
)
;
    }
}


// ************************************************************************* //
