/*--------------------------------*- C++ -*----------------------------------*\
| =========                 |                                                 |
| \\      /  F ield         | OpenFOAM: The Open Source CFD Toolbox           |
|  \\    /   O peration     | Version:  2412                                  |
|   \\  /    A nd           | Website:  www.openfoam.com                      |
|    \\/     M anipulation  |                                                 |
\*---------------------------------------------------------------------------*/
FoamFile
{
    version     2.0;
    format      ascii;
    arch        "LSB;label=32;scalar=64";
    class       volVectorField;
    location    "0.87";
    object      U;
}
// * * * * * * * * * * * * * * * * * * * * * * * * * * * * * * * * * * * * * //

dimensions      [0 1 -1 0 0 0 0];

internalField   nonuniform List<vector> 
1000
(
(-0.798812 -0.798811 -0.115218)
(0.592196 -0.509938 0.358819)
(-0.00141775 -0.16746 0.383571)
(0.311295 0.15494 -0.00507362)
(-0.312571 0.161255 -0.63572)
(0.312569 0.161262 -0.635694)
(-0.311254 0.154791 -0.00504943)
(0.00136547 -0.167451 0.383581)
(-0.592098 -0.509935 0.358832)
(0.798815 -0.798818 -0.115201)
(-0.509932 0.592194 0.35882)
(-0.341294 -0.341306 0.689259)
(-0.563598 0.289332 0.322022)
(-0.0455366 0.201475 -0.409555)
(-0.20055 -0.144017 -0.590496)
(0.200554 -0.144017 -0.590492)
(0.0455452 0.20147 -0.409555)
(0.563573 0.289293 0.322094)
(0.3413 -0.341315 0.689273)
(0.509935 0.592105 0.358828)
(-0.167477 -0.0014383 0.383569)
(0.289338 -0.563603 0.322032)
(-0.44303 -0.443011 1.88014)
(0.290817 -0.21449 0.655015)
(-0.0962796 -0.0271475 -0.363501)
(0.0962424 -0.0271475 -0.363435)
(-0.29078 -0.214531 0.655051)
(0.443047 -0.443019 1.88012)
(-0.289338 -0.563601 0.322028)
(0.167503 -0.0014089 0.383567)
(0.154961 0.311303 -0.00507005)
(0.201476 -0.0455266 -0.409556)
(-0.214469 0.290814 0.65503)
(-0.0646892 -0.0646996 -0.0605907)
(-0.0747765 0.129638 -0.578756)
(0.0747834 0.129638 -0.578768)
(0.0646952 -0.064677 -0.0605222)
(0.21449 0.290797 0.65504)
(-0.201496 -0.0455391 -0.409567)
(-0.154897 0.311281 -0.00505713)
(0.161261 -0.312568 -0.635726)
(-0.144014 -0.200554 -0.590493)
(-0.0271417 -0.0962796 -0.363501)
(0.129644 -0.0747728 -0.578755)
(-0.107027 -0.107027 -0.662167)
(0.107034 -0.107034 -0.662169)
(-0.129637 -0.0747698 -0.578765)
(0.0271512 -0.0962672 -0.363476)
(0.14401 -0.200558 -0.590495)
(-0.161273 -0.312556 -0.635749)
(0.161274 0.312558 -0.635688)
(-0.144014 0.200562 -0.590489)
(-0.0271438 0.0962297 -0.363413)
(0.129641 0.074781 -0.578769)
(-0.107037 0.107034 -0.662171)
(0.107042 0.10704 -0.662176)
(-0.129635 0.0747799 -0.578771)
(0.0271501 0.0962343 -0.363413)
(0.144007 0.200566 -0.590493)
(-0.161283 0.312549 -0.635718)
(0.154747 -0.311248 -0.00503556)
(0.201476 0.045546 -0.409558)
(-0.214524 -0.290764 0.655065)
(-0.0646604 0.0647138 -0.0604979)
(-0.0747737 -0.129631 -0.578765)
(0.0747823 -0.129631 -0.578768)
(0.0646746 0.0647002 -0.0604747)
(0.214531 -0.290749 0.655054)
(-0.201499 0.0455471 -0.409568)
(-0.154722 -0.311244 -0.00501845)
(-0.167459 0.00135009 0.383582)
(0.289283 0.563568 0.322122)
(-0.443027 0.443042 1.8801)
(0.290792 0.214507 0.655048)
(-0.096268 0.0271554 -0.363466)
(0.0962471 0.0271541 -0.363426)
(-0.290757 0.214535 0.655053)
(0.443054 0.443057 1.88005)
(-0.289298 0.563572 0.322115)
(0.167486 0.00133717 0.383588)
(-0.509934 -0.592071 0.358836)
(-0.341319 0.341298 0.689276)
(-0.563598 -0.289343 0.322013)
(-0.0455485 -0.201505 -0.409569)
(-0.200555 0.144009 -0.590497)
(0.200561 0.144006 -0.590497)
(0.045554 -0.201502 -0.409569)
(0.56358 -0.289317 0.322073)
(0.341319 0.341304 0.689289)
(0.509939 -0.592037 0.358838)
(-0.79882 0.798816 -0.115196)
(0.592079 0.509936 0.358831)
(-0.00139526 0.1675 0.383573)
(0.31127 -0.154878 -0.0050524)
(-0.312561 -0.161268 -0.635744)
(0.312562 -0.161274 -0.635724)
(-0.311241 -0.154759 -0.00502796)
(0.00135626 0.16749 0.383591)
(-0.592038 0.509937 0.358837)
(0.798819 0.798819 -0.115197)
(-0.8187 -0.8187 -0.0833965)
(0.731944 -0.637394 0.368227)
(0.287613 -0.226545 0.425137)
(0.361799 0.205468 0.00921018)
(-0.216209 0.179595 -0.614717)
(0.21615 0.179597 -0.614706)
(-0.361823 0.205414 0.00925521)
(-0.287648 -0.226552 0.425133)
(-0.731938 -0.637397 0.368231)
(0.818705 -0.818708 -0.0833903)
(-0.637388 0.731944 0.368229)
(-0.376926 -0.376939 0.670207)
(-0.574128 0.289252 0.311796)
(-0.0324862 0.25098 -0.408874)
(-0.195488 -0.153421 -0.601952)
(0.195488 -0.15343 -0.601945)
(0.0324406 0.251067 -0.408885)
(0.574124 0.289237 0.31186)
(0.376923 -0.376955 0.670222)
(0.637387 0.731948 0.368227)
(-0.226549 0.287599 0.425137)
(0.289252 -0.574131 0.311803)
(-0.416492 -0.416473 1.86222)
(0.355581 -0.232033 0.647021)
(-0.0925323 -0.0302618 -0.373463)
(0.0925067 -0.030262 -0.373414)
(-0.355558 -0.232087 0.647043)
(0.416518 -0.416475 1.8622)
(-0.289261 -0.574132 0.311793)
(0.226569 0.287619 0.425123)
(0.205476 0.361796 0.00920504)
(0.250968 -0.0324829 -0.408872)
(-0.232029 0.355576 0.647036)
(-0.0207201 -0.0207244 -0.155978)
(-0.0887073 0.150334 -0.590545)
(0.088719 0.150335 -0.590552)
(0.0207276 -0.0206958 -0.15593)
(0.232075 0.355565 0.64705)
(-0.251022 -0.0324679 -0.408886)
(-0.205456 0.361804 0.00921686)
(0.1796 -0.216214 -0.614719)
(-0.153416 -0.195492 -0.60195)
(-0.030258 -0.0925311 -0.373461)
(0.150338 -0.0887045 -0.590543)
(-0.106904 -0.106903 -0.645051)
(0.10691 -0.106909 -0.645054)
(-0.150333 -0.0887064 -0.590544)
(0.0302661 -0.0925212 -0.373439)
(0.153417 -0.195492 -0.601948)
(-0.179604 -0.216186 -0.614741)
(0.179605 0.216121 -0.614702)
(-0.153429 0.195495 -0.60194)
(-0.0302593 0.0924982 -0.373397)
(0.150337 0.0887182 -0.590553)
(-0.106911 0.10691 -0.645057)
(0.106917 0.106915 -0.645062)
(-0.150332 0.0887198 -0.590549)
(0.0302643 0.0925052 -0.373394)
(0.153425 0.195497 -0.60194)
(-0.179608 0.216114 -0.614726)
(0.205403 -0.361833 0.00926819)
(0.251099 0.0324214 -0.40889)
(-0.232096 -0.35554 0.647052)
(-0.0206807 0.0207365 -0.15591)
(-0.0887113 -0.15033 -0.590541)
(0.0887223 -0.150331 -0.590543)
(0.0206992 0.0207188 -0.155894)
(0.232117 -0.355524 0.64705)
(-0.25113 0.0324096 -0.408898)
(-0.205397 -0.361835 0.00927808)
(-0.226558 -0.287658 0.425131)
(0.289232 0.574128 0.311884)
(-0.416478 0.416517 1.86218)
(0.355567 0.232089 0.647064)
(-0.0925207 0.0302686 -0.37343)
(0.0925124 0.0302668 -0.373403)
(-0.355537 0.232116 0.647059)
(0.416512 0.416523 1.86215)
(-0.289256 0.574126 0.311876)
(0.226577 -0.287662 0.425128)
(-0.637397 -0.731935 0.368231)
(-0.376961 0.376916 0.670225)
(-0.574125 -0.289276 0.311779)
(-0.03247 -0.251042 -0.408887)
(-0.195487 0.15342 -0.601951)
(0.195491 0.153425 -0.601947)
(0.0324312 -0.25111 -0.408896)
(0.574119 -0.289276 0.311837)
(0.376952 0.376929 0.670239)
(0.637398 -0.731931 0.368229)
(-0.818711 0.818707 -0.0833883)
(0.731953 0.637389 0.368225)
(0.287629 0.226571 0.425121)
(0.361807 -0.205447 0.00922565)
(-0.21618 -0.1796 -0.614742)
(0.216139 -0.1796 -0.614733)
(-0.361822 -0.205406 0.00926687)
(-0.287651 0.226577 0.425129)
(-0.731939 0.637395 0.368227)
(0.818713 0.818712 -0.0833842)
(-0.823425 -0.823425 -0.0466664)
(0.724244 -0.678569 0.354557)
(0.395293 -0.269562 0.492214)
(0.353536 0.285464 0.0439087)
(-0.175396 0.185917 -0.581908)
(0.175365 0.185915 -0.5819)
(-0.353573 0.285509 0.0439017)
(-0.395313 -0.269583 0.492208)
(-0.724256 -0.678581 0.354562)
(0.82343 -0.823432 -0.0466486)
(-0.678564 0.724243 0.354556)
(-0.387456 -0.387466 0.609535)
(-0.58133 0.272404 0.266328)
(-0.00910882 0.261361 -0.395993)
(-0.1889 -0.161834 -0.60215)
(0.188891 -0.161844 -0.602127)
(0.00906037 0.261424 -0.39598)
(0.581339 0.272409 0.266373)
(0.387451 -0.387478 0.609551)
(0.678568 0.724265 0.35455)
(-0.269558 0.395284 0.492216)
(0.272399 -0.581331 0.266337)
(-0.400125 -0.40011 1.80757)
(0.398962 -0.188232 0.645819)
(-0.0949751 -0.0270536 -0.384235)
(0.094984 -0.0270506 -0.384192)
(-0.398952 -0.188285 0.645849)
(0.400157 -0.400102 1.80756)
(-0.272413 -0.581329 0.266324)
(0.269576 0.395296 0.492206)
(0.285459 0.353532 0.0439094)
(0.261354 -0.00910671 -0.395991)
(-0.188233 0.398959 0.645834)
(0.0107762 0.0107687 -0.22712)
(-0.0905998 0.165028 -0.592822)
(0.0906181 0.16503 -0.592827)
(-0.0107521 0.0107486 -0.227098)
(0.188277 0.398961 0.645868)
(-0.26139 -0.00908735 -0.395987)
(-0.285481 0.353543 0.0438994)
(0.185918 -0.175401 -0.581907)
(-0.16183 -0.188904 -0.602149)
(-0.0270495 -0.0949702 -0.384233)
(0.165031 -0.0905981 -0.592821)
(-0.105119 -0.105118 -0.620189)
(0.105125 -0.105122 -0.620192)
(-0.16503 -0.0906066 -0.592822)
(0.0270474 -0.0949707 -0.384213)
(0.161834 -0.188901 -0.602138)
(-0.185912 -0.175388 -0.581926)
(0.185918 0.175352 -0.581896)
(-0.161843 0.188893 -0.602116)
(-0.027047 0.0949877 -0.384178)
(0.165032 0.0906196 -0.592829)
(-0.105123 0.105125 -0.620195)
(0.105129 0.105128 -0.6202)
(-0.165029 0.0906239 -0.592827)
(0.0270433 0.0949965 -0.384175)
(0.161841 0.188894 -0.602111)
(-0.185912 0.17535 -0.581916)
(0.285531 -0.353585 0.0438948)
(0.261446 0.00904252 -0.395978)
(-0.188299 -0.398938 0.645863)
(0.0107448 -0.0107443 -0.227084)
(-0.0906124 -0.165029 -0.592819)
(0.0906261 -0.165029 -0.592822)
(-0.0107227 -0.0107232 -0.22708)
(0.188317 -0.398929 0.645878)
(-0.26147 0.00902793 -0.395976)
(-0.285538 -0.353587 0.0438956)
(-0.26959 -0.395316 0.492206)
(0.272406 0.581349 0.266392)
(-0.400099 0.400163 1.80755)
(0.398966 0.188288 0.64589)
(-0.0949738 0.0270479 -0.384203)
(0.094994 0.0270447 -0.384181)
(-0.398944 0.188312 0.645892)
(0.400135 0.400155 1.80754)
(-0.272432 0.581343 0.266384)
(0.269605 -0.39532 0.492202)
(-0.678583 -0.724256 0.354564)
(-0.387484 0.387443 0.609552)
(-0.581321 -0.272432 0.266308)
(-0.00908669 -0.261403 -0.395985)
(-0.188895 0.161837 -0.602141)
(0.188892 0.161843 -0.602124)
(0.00904637 -0.261455 -0.395978)
(0.581327 -0.272452 0.26635)
(0.387475 0.387453 0.609563)
(0.678585 -0.724271 0.354558)
(-0.823435 0.823431 -0.0466442)
(0.724275 0.678571 0.354544)
(0.395306 0.269583 0.492203)
(0.353547 -0.285484 0.0439017)
(-0.175382 -0.185912 -0.581929)
(0.175363 -0.185909 -0.581922)
(-0.353573 -0.285521 0.0439003)
(-0.395318 0.269604 0.492204)
(-0.724281 0.678582 0.354548)
(0.823437 0.823436 -0.0466337)
(-0.837927 -0.837926 -0.00498173)
(0.649325 -0.648981 0.33271)
(0.349185 -0.215696 0.553112)
(0.312236 0.354292 0.0486434)
(-0.144634 0.184466 -0.545977)
(0.144612 0.184468 -0.545957)
(-0.31227 0.354248 0.0486253)
(-0.349224 -0.215736 0.553106)
(-0.649339 -0.649003 0.332716)
(0.837925 -0.837927 -0.00498672)
(-0.648975 0.649325 0.332709)
(-0.383182 -0.383188 0.537905)
(-0.572625 0.22337 0.213189)
(0.0112291 0.232895 -0.383141)
(-0.178748 -0.16708 -0.591931)
(0.178739 -0.167087 -0.591906)
(-0.0112423 0.232913 -0.383126)
(0.572638 0.223378 0.21321)
(0.383178 -0.3832 0.537915)
(0.648983 0.649354 0.332698)
(-0.215686 0.349174 0.553115)
(0.223362 -0.572628 0.213198)
(-0.399857 -0.399852 1.71007)
(0.424445 -0.123205 0.638203)
(-0.084327 -0.0213801 -0.394355)
(0.0843393 -0.0213719 -0.394314)
(-0.424439 -0.123241 0.638247)
(0.399879 -0.399833 1.71007)
(-0.223375 -0.572623 0.213183)
(0.215704 0.349188 0.553109)
(0.354301 0.312233 0.048643)
(0.232896 0.0112343 -0.383137)
(-0.123201 0.424445 0.638217)
(0.044155 0.0441482 -0.265858)
(-0.0840511 0.172645 -0.586277)
(0.0840635 0.172647 -0.586282)
(-0.0441384 0.0441212 -0.265849)
(0.123218 0.424456 0.638272)
(-0.232907 0.0112388 -0.383127)
(-0.354284 0.312245 0.0486261)
(0.184465 -0.14464 -0.545977)
(-0.167077 -0.178754 -0.59193)
(-0.0213747 -0.0843246 -0.394356)
(0.172648 -0.0840516 -0.586278)
(-0.103896 -0.103897 -0.588735)
(0.103899 -0.103898 -0.588737)
(-0.17265 -0.0840614 -0.586286)
(0.0213607 -0.0843281 -0.394338)
(0.167082 -0.178758 -0.591922)
(-0.184456 -0.14463 -0.545986)
(0.184468 0.144605 -0.54595)
(-0.167086 0.178742 -0.591895)
(-0.0213654 0.0843438 -0.394303)
(0.172649 0.0840654 -0.586284)
(-0.103898 0.103899 -0.588739)
(0.103901 0.103901 -0.588743)
(-0.172649 0.0840717 -0.58629)
(0.0213513 0.0843512 -0.394301)
(0.167086 0.178749 -0.591892)
(-0.184458 0.144603 -0.545964)
(0.354238 -0.312281 0.0486106)
(0.232918 -0.0112477 -0.383124)
(-0.12325 -0.424428 0.638264)
(0.0441152 -0.0441337 -0.265839)
(-0.0840647 -0.172651 -0.586285)
(0.0840734 -0.172651 -0.586288)
(-0.0441017 -0.0441071 -0.265839)
(0.123251 -0.424427 0.638296)
(-0.232931 -0.0112539 -0.383119)
(-0.354232 -0.312285 0.0486067)
(-0.215745 -0.34923 0.553105)
(0.22337 0.572651 0.213222)
(-0.399824 0.399885 1.71007)
(0.424465 0.123225 0.638302)
(-0.0843304 0.0213616 -0.394325)
(0.0843499 0.021355 -0.394304)
(-0.424446 0.123243 0.638315)
(0.399848 0.399867 1.71009)
(-0.223391 0.572643 0.213215)
(0.215757 -0.349236 0.5531)
(-0.649007 -0.649337 0.33272)
(-0.383206 0.383173 0.537914)
(-0.572612 -0.223395 0.213168)
(0.0112379 -0.232912 -0.383123)
(-0.178751 0.167086 -0.591925)
(0.178747 0.167088 -0.591906)
(-0.011248 -0.232927 -0.383117)
(0.572621 -0.223415 0.213192)
(0.383201 0.383184 0.537922)
(0.649011 -0.649355 0.332711)
(-0.837928 0.837924 -0.00498803)
(0.649364 0.648987 0.332688)
(0.349197 0.215711 0.553102)
(0.312247 -0.354276 0.0486283)
(-0.144624 -0.184458 -0.545989)
(0.14461 -0.184459 -0.545972)
(-0.312272 -0.35424 0.0486179)
(-0.349228 0.215748 0.553098)
(-0.649368 0.649006 0.332695)
(0.837927 0.837926 -0.00499103)
(-0.839559 -0.839559 0.130949)
(0.770462 -0.590286 0.324284)
(0.129056 -0.0639146 0.627369)
(0.279412 0.37228 0.0182378)
(-0.136983 0.180113 -0.511545)
(0.136966 0.180117 -0.511528)
(-0.279419 0.372273 0.0182547)
(-0.129123 -0.063968 0.627369)
(-0.770459 -0.59031 0.324288)
(0.839551 -0.839554 0.130945)
(-0.590278 0.770462 0.324283)
(-0.371702 -0.371705 0.497891)
(-0.566196 0.187804 0.200589)
(0.0426136 0.176527 -0.372462)
(-0.174942 -0.162179 -0.574547)
(0.174925 -0.16218 -0.57453)
(-0.0426136 0.176538 -0.372456)
(0.566201 0.187805 0.200593)
(0.3717 -0.371718 0.497892)
(0.590284 0.770475 0.324273)
(-0.0639013 0.12904 0.627372)
(0.187793 -0.5662 0.200597)
(-0.408896 -0.408902 1.56785)
(0.435963 -0.0856362 0.60911)
(-0.0606039 -0.0152007 -0.399255)
(0.0605929 -0.0151892 -0.399217)
(-0.435963 -0.0856435 0.60916)
(0.408897 -0.408884 1.56785)
(-0.187801 -0.566195 0.200579)
(0.0639117 0.12905 0.627372)
(0.372282 0.279415 0.0182312)
(0.176527 0.0426172 -0.372457)
(-0.0856299 0.435963 0.609122)
(0.0782327 0.0782288 -0.274752)
(-0.0798597 0.171746 -0.565418)
(0.0798641 0.171749 -0.565421)
(-0.0782349 0.0782231 -0.274745)
(0.0856202 0.43598 0.609189)
(-0.17653 0.0426135 -0.372449)
(-0.372277 0.279417 0.0182262)
(0.180109 -0.136989 -0.511544)
(-0.162177 -0.174951 -0.574548)
(-0.0151952 -0.0606069 -0.399255)
(0.17175 -0.0798618 -0.565419)
(-0.103361 -0.103363 -0.555697)
(0.103359 -0.103362 -0.555698)
(-0.171756 -0.0798698 -0.565427)
(0.0151741 -0.0606043 -0.399237)
(0.162179 -0.174956 -0.574552)
(-0.180099 -0.136984 -0.511548)
(0.180115 0.136963 -0.511521)
(-0.162178 0.174927 -0.574524)
(-0.0151805 0.0605885 -0.399208)
(0.171752 0.0798651 -0.565422)
(-0.10336 0.103358 -0.5557)
(0.10336 0.103359 -0.555703)
(-0.171756 0.079872 -0.56543)
(0.0151606 0.0605936 -0.399205)
(0.162176 0.174937 -0.574532)
(-0.180104 0.136963 -0.51153)
(0.372272 -0.279424 0.0182502)
(0.176538 -0.0426124 -0.372456)
(-0.0856455 -0.435957 0.609177)
(0.0782254 -0.0782354 -0.274737)
(-0.0798712 -0.171758 -0.565429)
(0.0798742 -0.171758 -0.56543)
(-0.078224 -0.0782249 -0.274735)
(0.0856326 -0.435966 0.609222)
(-0.176546 -0.0426113 -0.372451)
(-0.37227 -0.279427 0.0182493)
(-0.0639841 -0.129138 0.627371)
(0.187794 0.566209 0.2006)
(-0.408878 0.408894 1.56785)
(0.435991 0.0856196 0.609224)
(-0.060603 0.0151752 -0.399224)
(0.0606003 0.0151661 -0.399204)
(-0.435985 0.0856242 0.609244)
(0.408881 0.40888 1.56788)
(-0.187803 0.566203 0.200589)
(0.0639861 -0.129141 0.627368)
(-0.590315 -0.770457 0.324292)
(-0.371722 0.3717 0.497889)
(-0.566187 -0.187815 0.200562)
(0.0426149 -0.176533 -0.372446)
(-0.174949 0.162182 -0.574553)
(0.174937 0.16218 -0.57454)
(-0.0426132 -0.176545 -0.372447)
(0.566189 -0.187823 0.200569)
(0.37172 0.371712 0.497889)
(0.590317 -0.770471 0.324282)
(-0.839553 0.839549 0.130945)
(0.770484 0.590288 0.324261)
(0.129055 0.0639119 0.627365)
(0.279415 -0.372277 0.0182308)
(-0.136978 -0.180103 -0.511552)
(0.136967 -0.180107 -0.511538)
(-0.27942 -0.372271 0.0182494)
(-0.129116 0.0639605 0.627363)
(-0.770484 0.590311 0.324265)
(0.839548 0.839547 0.130946)
(-0.824033 -0.824033 0.03549)
(0.766893 -0.534587 0.369139)
(-0.130336 0.0895567 0.685982)
(0.266734 0.338073 -0.0861363)
(-0.157251 0.169333 -0.484003)
(0.157221 0.169338 -0.483993)
(-0.266739 0.338114 -0.0861224)
(0.130294 0.0894955 0.685997)
(-0.766874 -0.5346 0.369138)
(0.824024 -0.824026 0.0354743)
(-0.53458 0.766892 0.36914)
(-0.366842 -0.366842 0.49359)
(-0.594081 0.176309 0.228547)
(0.0868685 0.101101 -0.369702)
(-0.176019 -0.147119 -0.549349)
(0.176002 -0.147118 -0.54934)
(-0.0868665 0.101132 -0.369697)
(0.594081 0.17632 0.228533)
(0.366841 -0.366844 0.493581)
(0.534581 0.766885 0.36913)
(0.0895746 -0.130348 0.685983)
(0.176293 -0.594085 0.228557)
(-0.413914 -0.413922 1.41607)
(0.424694 -0.0858938 0.539196)
(-0.0354306 -0.0144894 -0.392297)
(0.0354039 -0.0144791 -0.392263)
(-0.424708 -0.0858785 0.539249)
(0.413904 -0.413923 1.41606)
(-0.176295 -0.594086 0.228534)
(-0.0895728 -0.130347 0.685984)
(0.338066 0.266736 -0.0861434)
(0.101094 0.0868716 -0.369698)
(-0.0858915 0.424691 0.539204)
(0.102384 0.102381 -0.276271)
(-0.0791216 0.161916 -0.535627)
(0.0791157 0.16192 -0.535625)
(-0.102398 0.10239 -0.276253)
(0.0858724 0.424711 0.53927)
(-0.1011 0.0868692 -0.369692)
(-0.338076 0.266742 -0.0861538)
(0.169329 -0.157259 -0.483999)
(-0.147116 -0.176026 -0.549351)
(-0.0144852 -0.0354374 -0.392295)
(0.161918 -0.0791248 -0.535627)
(-0.0993917 -0.0993943 -0.5265)
(0.0993848 -0.0993923 -0.526499)
(-0.161927 -0.0791264 -0.535631)
(0.014467 -0.0354338 -0.392275)
(0.147113 -0.176031 -0.549366)
(-0.169322 -0.15725 -0.484)
(0.169337 0.157215 -0.483987)
(-0.147117 0.176003 -0.54934)
(-0.0144723 0.0353944 -0.392257)
(0.161924 0.079114 -0.535625)
(-0.0993889 0.0993835 -0.5265)
(0.0993837 0.0993832 -0.526502)
(-0.161932 0.0791175 -0.535629)
(0.0144553 0.0353983 -0.392249)
(0.147113 0.176012 -0.549356)
(-0.169329 0.157213 -0.483991)
(0.338128 -0.266743 -0.0861292)
(0.101136 -0.0868628 -0.369696)
(-0.0858732 -0.424711 0.539267)
(0.102397 -0.102403 -0.276242)
(-0.0791245 -0.161928 -0.535631)
(0.0791202 -0.161932 -0.53563)
(-0.102404 -0.102404 -0.276233)
(0.0858591 -0.424727 0.539315)
(-0.101142 -0.0868625 -0.369693)
(-0.33813 -0.266748 -0.0861318)
(0.089474 0.130289 0.686006)
(0.176318 0.594087 0.228533)
(-0.413931 0.413892 1.41606)
(0.424722 0.085867 0.539304)
(-0.0354286 0.0144668 -0.392263)
(0.0354099 0.0144588 -0.392245)
(-0.424734 0.085857 0.539332)
(0.413921 0.413896 1.41608)
(-0.176309 0.594086 0.228522)
(-0.0894843 0.130288 0.686003)
(-0.534598 -0.766868 0.369142)
(-0.366837 0.366849 0.493576)
(-0.594081 -0.176297 0.228515)
(0.0868741 -0.101107 -0.36969)
(-0.176025 0.147115 -0.549366)
(0.176013 0.147114 -0.54936)
(-0.08687 -0.101138 -0.369691)
(0.594079 -0.176307 0.228507)
(0.36684 0.366851 0.493568)
(0.534599 -0.766869 0.369131)
(-0.824024 0.82402 0.0354683)
(0.766886 0.534586 0.369119)
(-0.130342 -0.0895775 0.685975)
(0.266742 -0.338082 -0.0861518)
(-0.157242 -0.169326 -0.484006)
(0.157218 -0.169331 -0.483999)
(-0.266745 -0.338118 -0.0861326)
(0.130299 -0.0895232 0.685987)
(-0.766876 0.534599 0.369118)
(0.824017 0.824016 0.0354565)
(-0.863284 -0.863284 0.161874)
(0.652188 -0.486545 0.454013)
(-0.293606 0.173284 0.707256)
(0.233975 0.277023 -0.201529)
(-0.177187 0.15627 -0.470423)
(0.177155 0.156277 -0.470417)
(-0.233992 0.277044 -0.201545)
(0.293613 0.173244 0.707269)
(-0.652173 -0.486543 0.454008)
(0.863283 -0.863284 0.161876)
(-0.48654 0.652186 0.454015)
(-0.378806 -0.378802 0.544442)
(-0.620627 0.181165 0.265035)
(0.11575 0.0353034 -0.378424)
(-0.177028 -0.136207 -0.515399)
(0.177018 -0.136211 -0.515396)
(-0.115755 0.0353293 -0.378419)
(0.62063 0.181196 0.265015)
(0.378811 -0.378782 0.544431)
(0.486536 0.652173 0.454006)
(0.1733 -0.293612 0.707256)
(0.181144 -0.620631 0.265047)
(-0.419859 -0.419863 1.28667)
(0.387018 -0.0963775 0.432341)
(-0.0200791 -0.0201121 -0.380471)
(0.0200503 -0.0201075 -0.380441)
(-0.387047 -0.0963584 0.432397)
(0.419853 -0.419884 1.28665)
(-0.181136 -0.620633 0.265027)
(-0.173309 -0.293619 0.707252)
(0.277019 0.233976 -0.20153)
(0.0352956 0.115754 -0.378421)
(-0.0963796 0.387011 0.432347)
(0.109889 0.109886 -0.28414)
(-0.0764614 0.154193 -0.504943)
(0.0764475 0.154199 -0.50494)
(-0.109906 0.109896 -0.284117)
(0.0963671 0.387022 0.432408)
(-0.0352974 0.115765 -0.378416)
(-0.277022 0.233986 -0.201549)
(0.156268 -0.177195 -0.470417)
(-0.136205 -0.177031 -0.515403)
(-0.0201106 -0.0200863 -0.380469)
(0.154194 -0.076465 -0.504943)
(-0.0892103 -0.0892134 -0.498463)
(0.089201 -0.0892114 -0.498462)
(-0.154201 -0.0764607 -0.504943)
(0.0201032 -0.0200838 -0.380446)
(0.136203 -0.177032 -0.515427)
(-0.156271 -0.177185 -0.470415)
(0.15628 0.177149 -0.470411)
(-0.136213 0.177019 -0.5154)
(-0.020106 0.0200418 -0.380434)
(0.154203 0.0764428 -0.504939)
(-0.0892074 0.0891994 -0.498462)
(0.0891995 0.0891986 -0.498462)
(-0.154209 0.0764429 -0.50494)
(0.0200986 0.0200438 -0.380421)
(0.13621 0.177022 -0.515425)
(-0.156281 0.177145 -0.47041)
(0.277051 -0.233995 -0.201561)
(0.0353329 -0.115753 -0.378418)
(-0.0963499 -0.387062 0.432415)
(0.109903 -0.109914 -0.284104)
(-0.0764557 -0.154203 -0.504943)
(0.0764459 -0.154208 -0.504941)
(-0.109914 -0.109917 -0.284091)
(0.0963419 -0.387074 0.43246)
(-0.0353334 -0.115765 -0.378416)
(-0.277052 -0.234004 -0.201567)
(0.173229 0.293629 0.707277)
(0.181212 0.620635 0.265014)
(-0.4199 0.419843 1.28664)
(0.387026 0.0963655 0.432438)
(-0.0200759 0.0201004 -0.380436)
(0.020053 0.0200968 -0.380418)
(-0.387058 0.09635 0.432471)
(0.41989 0.419859 1.28666)
(-0.181187 0.620636 0.265005)
(-0.173247 0.29363 0.707271)
(-0.486536 -0.652168 0.454009)
(-0.37876 0.378829 0.544426)
(-0.620629 -0.181124 0.265009)
(0.115772 -0.0353046 -0.378414)
(-0.177029 0.136203 -0.515424)
(0.177022 0.136206 -0.515423)
(-0.115774 -0.0353314 -0.378413)
(0.62063 -0.181151 0.264995)
(0.378772 0.378812 0.544415)
(0.486535 -0.652159 0.454)
(-0.863285 0.863282 0.161875)
(0.652167 0.486541 0.453999)
(-0.293611 -0.173316 0.707241)
(0.233991 -0.277027 -0.201554)
(-0.177175 -0.156273 -0.470421)
(0.177148 -0.156279 -0.470418)
(-0.234004 -0.277047 -0.201561)
(0.293612 -0.173281 0.707254)
(-0.652157 0.486542 0.453994)
(0.863283 0.863282 0.161873)
(-0.877658 -0.877658 0.25173)
(0.682039 -0.482629 0.541969)
(-0.264986 0.165772 0.700637)
(0.220942 0.237976 -0.305644)
(-0.177976 0.144494 -0.465396)
(0.177963 0.144504 -0.465393)
(-0.220955 0.237966 -0.305681)
(0.265038 0.165759 0.700642)
(-0.682043 -0.482611 0.541963)
(0.877658 -0.877659 0.251729)
(-0.482624 0.682035 0.541972)
(-0.392191 -0.392184 0.628651)
(-0.612052 0.20579 0.288793)
(0.111152 -0.00314911 -0.399942)
(-0.176107 -0.134453 -0.482466)
(0.176102 -0.134455 -0.48246)
(-0.111157 -0.00315202 -0.399939)
(0.612049 0.205848 0.288768)
(0.392203 -0.392144 0.628645)
(0.482617 0.68203 0.541966)
(0.165784 -0.26499 0.700639)
(0.205764 -0.612057 0.288808)
(-0.429473 -0.429472 1.18625)
(0.36051 -0.093827 0.308526)
(-0.0138854 -0.028661 -0.371541)
(0.0138615 -0.0286628 -0.371516)
(-0.360528 -0.0938173 0.308577)
(0.429475 -0.429492 1.18624)
(-0.20575 -0.612054 0.288795)
(-0.165802 -0.264997 0.700629)
(0.237976 0.220943 -0.305643)
(-0.003154 0.111159 -0.39994)
(-0.0938301 0.360504 0.308531)
(0.110226 0.110223 -0.291253)
(-0.0672016 0.148509 -0.478076)
(0.0671839 0.148514 -0.478073)
(-0.110244 0.110234 -0.291229)
(0.0938278 0.360495 0.30858)
(0.003162 0.111178 -0.399937)
(-0.237973 0.220952 -0.305666)
(0.144493 -0.177981 -0.465391)
(-0.134451 -0.176107 -0.482468)
(-0.0286614 -0.0138907 -0.371538)
(0.148509 -0.0672055 -0.478076)
(-0.0775174 -0.0775203 -0.466993)
(0.0775088 -0.0775191 -0.466992)
(-0.148514 -0.0671987 -0.478075)
(0.0286633 -0.0138858 -0.371518)
(0.134451 -0.176104 -0.482481)
(-0.144503 -0.177977 -0.465387)
(0.144509 0.177966 -0.465388)
(-0.134459 0.176103 -0.482462)
(-0.0286664 0.0138575 -0.371509)
(0.148517 0.0671775 -0.478072)
(-0.0775157 0.0775069 -0.466992)
(0.0775079 0.0775063 -0.466991)
(-0.148522 0.0671764 -0.478072)
(0.0286671 0.0138551 -0.371497)
(0.134458 0.1761 -0.482476)
(-0.144518 0.177964 -0.465386)
(0.237959 -0.220957 -0.305706)
(-0.00315893 -0.111157 -0.39994)
(-0.0938097 -0.360541 0.308593)
(0.110238 -0.110254 -0.291217)
(-0.0671922 -0.148517 -0.478074)
(0.0671795 -0.148522 -0.478072)
(-0.110252 -0.110258 -0.291202)
(0.0938088 -0.360537 0.30863)
(0.00316335 -0.111177 -0.399939)
(-0.237961 -0.220966 -0.305712)
(0.165755 0.265076 0.700647)
(0.205881 0.61205 0.288761)
(-0.429502 0.429475 1.18623)
(0.360489 0.0938316 0.308603)
(-0.0138753 0.0286583 -0.371511)
(0.013856 0.0286598 -0.371495)
(-0.360513 0.0938218 0.308637)
(0.4295 0.429488 1.18623)
(-0.205847 0.612049 0.288759)
(-0.165776 0.265074 0.700638)
(-0.482598 -0.682047 0.541961)
(-0.392111 0.392228 0.628641)
(-0.612052 -0.205729 0.288784)
(0.111185 0.00315826 -0.399934)
(-0.176102 0.13445 -0.482478)
(0.176099 0.134453 -0.482474)
(-0.111187 0.00315639 -0.399934)
(0.612048 -0.205779 0.288763)
(0.392133 0.392193 0.628632)
(0.482595 -0.682037 0.541955)
(-0.877659 0.877657 0.25173)
(0.682024 0.482622 0.541961)
(-0.26498 -0.16581 0.700617)
(0.220955 -0.237975 -0.305671)
(-0.177967 -0.144505 -0.465393)
(0.177956 -0.144514 -0.465392)
(-0.220966 -0.237969 -0.305695)
(0.265023 -0.165797 0.700623)
(-0.682025 0.48261 0.541955)
(0.877659 0.877659 0.25173)
(-0.882636 -0.882635 0.332749)
(0.798022 -0.520456 0.605076)
(-0.108097 0.136489 0.723667)
(0.20225 0.211053 -0.350006)
(-0.165988 0.131599 -0.457662)
(0.165995 0.13161 -0.45766)
(-0.202255 0.211018 -0.350048)
(0.108144 0.136494 0.723655)
(-0.798031 -0.520443 0.605068)
(0.882639 -0.88264 0.33275)
(-0.520452 0.798019 0.605081)
(-0.408631 -0.408625 0.699763)
(-0.590507 0.21765 0.305138)
(0.0910191 -0.0166047 -0.421328)
(-0.172065 -0.132932 -0.455107)
(0.172062 -0.132933 -0.455099)
(-0.0910159 -0.0166321 -0.421329)
(0.590495 0.217724 0.30511)
(0.408642 -0.40858 0.69976)
(0.520452 0.798015 0.605078)
(0.136494 -0.108102 0.723672)
(0.217625 -0.590513 0.305156)
(-0.435458 -0.43545 1.10995)
(0.361142 -0.0935396 0.17425)
(-0.0108151 -0.03761 -0.363257)
(0.0107985 -0.0376152 -0.363237)
(-0.361145 -0.0935342 0.174288)
(0.435466 -0.435435 1.10995)
(-0.217611 -0.590509 0.305157)
(-0.136518 -0.108103 0.723657)
(0.211056 0.202251 -0.350005)
(-0.016607 0.0910253 -0.421326)
(-0.0935435 0.361139 0.174255)
(0.113376 0.113372 -0.303424)
(-0.0509251 0.145149 -0.453768)
(0.0509089 0.145152 -0.453765)
(-0.113397 0.11338 -0.303405)
(0.0935502 0.361118 0.174291)
(0.0166236 0.091041 -0.421323)
(-0.21105 0.202259 -0.350024)
(0.131596 -0.165991 -0.457658)
(-0.132931 -0.172064 -0.455108)
(-0.03761 -0.0108173 -0.363255)
(0.145149 -0.0509286 -0.453768)
(-0.0706751 -0.0706775 -0.432654)
(0.0706669 -0.0706761 -0.432653)
(-0.145154 -0.0509222 -0.453767)
(0.0376126 -0.0108068 -0.36324)
(0.132931 -0.17206 -0.455113)
(-0.131606 -0.165993 -0.457656)
(0.131614 0.166008 -0.457655)
(-0.132936 0.172064 -0.455099)
(-0.0376204 0.0107998 -0.363231)
(0.145154 0.0509035 -0.453765)
(-0.070673 0.0706645 -0.432652)
(0.0706654 0.0706635 -0.432651)
(-0.145159 0.0509013 -0.453765)
(0.0376212 0.0107904 -0.363221)
(0.132936 0.17206 -0.455105)
(-0.131621 0.166007 -0.457654)
(0.210995 -0.202253 -0.350075)
(-0.0166495 -0.0910126 -0.421332)
(-0.0935306 -0.361151 0.174298)
(0.113382 -0.113408 -0.303396)
(-0.0509155 -0.145157 -0.453764)
(0.0509033 -0.145161 -0.453763)
(-0.113399 -0.11341 -0.303382)
(0.0935364 -0.361136 0.174327)
(0.0166572 -0.0910297 -0.421331)
(-0.210999 -0.202262 -0.350078)
(0.136498 0.108176 0.72365)
(0.217768 0.590488 0.305097)
(-0.435421 0.435478 1.10994)
(0.361106 0.0935522 0.174308)
(-0.0107937 0.0376078 -0.363235)
(0.010781 0.0376121 -0.363222)
(-0.361115 0.0935455 0.174334)
(0.435431 0.435461 1.10995)
(-0.217733 0.590488 0.305107)
(-0.136517 0.108171 0.723641)
(-0.520432 -0.798039 0.605064)
(-0.408549 0.408662 0.699758)
(-0.59051 -0.217584 0.305159)
(0.0910463 0.0166255 -0.421319)
(-0.172059 0.132929 -0.455109)
(0.172058 0.132931 -0.455103)
(-0.091042 0.0166446 -0.421322)
(0.590498 -0.21765 0.30513)
(0.408569 0.408623 0.699751)
(0.520434 -0.798033 0.605063)
(-0.882641 0.882639 0.33275)
(0.79801 0.520458 0.605077)
(-0.108085 -0.136527 0.723648)
(0.202263 -0.21105 -0.350026)
(-0.165985 -0.131609 -0.457658)
(0.165991 -0.131619 -0.457657)
(-0.202268 -0.211021 -0.350057)
(0.108124 -0.136528 0.723639)
(-0.798019 0.520448 0.605069)
(0.882643 0.882643 0.332752)
(-0.880388 -0.880388 0.303718)
(0.783619 -0.539667 0.646302)
(-0.0231258 0.156879 0.777759)
(0.192613 0.185432 -0.361558)
(-0.159237 0.119857 -0.447907)
(0.159255 0.119869 -0.447904)
(-0.192617 0.185389 -0.361584)
(0.0231378 0.156899 0.777725)
(-0.783628 -0.539664 0.646288)
(0.88039 -0.880391 0.30372)
(-0.539664 0.783618 0.646308)
(-0.440051 -0.440055 0.736878)
(-0.560649 0.175021 0.317368)
(0.0693524 -0.0220974 -0.443508)
(-0.162499 -0.129649 -0.433549)
(0.162496 -0.129648 -0.43354)
(-0.0693428 -0.0221348 -0.44352)
(0.560629 0.175076 0.317332)
(0.440051 -0.440033 0.736874)
(0.539666 0.783621 0.646305)
(0.156875 -0.023131 0.777769)
(0.175009 -0.560655 0.317388)
(-0.412465 -0.41245 1.02616)
(0.379054 -0.0971877 0.0307087)
(-0.00968124 -0.0445101 -0.348989)
(0.00967007 -0.0445164 -0.348976)
(-0.379048 -0.0971837 0.0307297)
(0.412475 -0.412383 1.02618)
(-0.174997 -0.56065 0.317404)
(-0.156893 -0.0231333 0.77775)
(0.185437 0.192613 -0.361559)
(-0.0220987 0.0693564 -0.443504)
(-0.0971913 0.379053 0.0307157)
(0.122748 0.122744 -0.328072)
(-0.0375486 0.139151 -0.425432)
(0.0375338 0.139153 -0.42543)
(-0.122773 0.12275 -0.328059)
(0.0971969 0.379029 0.0307509)
(0.0221217 0.0693633 -0.443501)
(-0.18543 0.192621 -0.36157)
(0.119853 -0.159237 -0.447906)
(-0.129649 -0.162498 -0.43355)
(-0.0445093 -0.00968019 -0.348988)
(0.139151 -0.0375515 -0.425433)
(-0.066741 -0.0667432 -0.397885)
(0.0667333 -0.066742 -0.397883)
(-0.139157 -0.037545 -0.425431)
(0.0445095 -0.00966284 -0.348978)
(0.129648 -0.162494 -0.433549)
(-0.11986 -0.159242 -0.447903)
(0.119872 0.159272 -0.447901)
(-0.129651 0.162497 -0.433539)
(-0.044521 0.00967432 -0.348971)
(0.139155 0.0375281 -0.425429)
(-0.066739 0.0667311 -0.397883)
(0.0667315 0.0667299 -0.397882)
(-0.139161 0.0375253 -0.425428)
(0.0445196 0.00965789 -0.348964)
(0.129651 0.162493 -0.433539)
(-0.119876 0.159271 -0.4479)
(0.185363 -0.192611 -0.3616)
(-0.0221549 -0.0693373 -0.443528)
(-0.0971826 -0.379048 0.0307292)
(0.122749 -0.122786 -0.328052)
(-0.0375392 -0.139161 -0.425429)
(0.0375277 -0.139163 -0.425427)
(-0.122769 -0.122786 -0.328043)
(0.0971875 -0.379032 0.0307602)
(0.0221664 -0.0693463 -0.443524)
(-0.185368 -0.192621 -0.361601)
(0.156911 0.0231474 0.77771)
(0.175111 0.560617 0.317309)
(-0.412338 0.412495 1.02619)
(0.379015 0.0971965 0.0307705)
(-0.00964799 0.0445062 -0.348974)
(0.00964092 0.0445115 -0.348964)
(-0.379017 0.0971917 0.0307822)
(0.412359 0.412435 1.02621)
(-0.175087 0.560618 0.317333)
(-0.156917 0.0231468 0.777703)
(-0.53966 -0.783633 0.64628)
(-0.440022 0.440057 0.736871)
(-0.56065 -0.174974 0.317417)
(0.0693655 0.022131 -0.443498)
(-0.162493 0.129646 -0.433544)
(0.162491 0.129647 -0.433537)
(-0.0693568 0.0221582 -0.44351)
(0.560633 -0.175023 0.317378)
(0.440025 0.440039 0.736863)
(0.539661 -0.783635 0.646281)
(-0.880393 0.880391 0.30372)
(0.78362 0.539669 0.646305)
(-0.0231277 -0.156897 0.777743)
(0.192625 -0.185429 -0.361569)
(-0.159238 -0.119864 -0.447902)
(0.159253 -0.119875 -0.4479)
(-0.192629 -0.185393 -0.361587)
(0.023136 -0.15691 0.777716)
(-0.783627 0.539666 0.646291)
(0.880394 0.880393 0.303721)
)
;

boundaryField
{
    bottom
    {
        type            noSlip;
    }
    atmosphere
    {
        type            pressureInletOutletVelocity;
        value           nonuniform List<vector> 0();
    }
    walls
    {
        type            noSlip;
    }
    procBoundary0to1
    {
        type            processor;
        value           nonuniform List<vector> 
100
(
(-0.884857 -0.884857 0.4128)
(0.699221 -0.524012 0.694221)
(-0.0871602 0.252486 0.81648)
(0.188049 0.152572 -0.368886)
(-0.16319 0.110086 -0.43716)
(0.163203 0.1101 -0.437156)
(-0.188061 0.152558 -0.36888)
(0.0871416 0.252478 0.816436)
(-0.699226 -0.524015 0.694204)
(0.884857 -0.884858 0.412797)
(-0.524009 0.699221 0.694225)
(-0.498886 -0.498896 0.766638)
(-0.49359 0.0204329 0.331091)
(0.047598 -0.0364001 -0.464552)
(-0.147957 -0.125736 -0.414315)
(0.147949 -0.125734 -0.414306)
(-0.0475834 -0.036421 -0.464567)
(0.493557 0.0204012 0.331041)
(0.498881 -0.498905 0.766625)
(0.524009 0.699226 0.694222)
(0.252484 -0.0871655 0.816492)
(0.0204509 -0.493597 0.331109)
(-0.307966 -0.307952 0.895096)
(0.384515 -0.0876988 -0.0953933)
(-0.00686218 -0.0499365 -0.328969)
(0.00685259 -0.0499426 -0.32896)
(-0.38451 -0.0876958 -0.0953864)
(0.307968 -0.307878 0.895131)
(-0.0204373 -0.493591 0.331129)
(-0.252475 -0.0871689 0.816473)
(0.152574 0.188047 -0.36889)
(-0.0364028 0.0476008 -0.464548)
(-0.0877012 0.384516 -0.0953835)
(0.134989 0.134985 -0.356573)
(-0.0328406 0.129248 -0.394197)
(0.0328288 0.129249 -0.394193)
(-0.135012 0.13499 -0.356564)
(0.0877016 0.384507 -0.0953416)
(0.0364217 0.0475992 -0.464545)
(-0.152574 0.188057 -0.368891)
(0.110082 -0.16319 -0.437162)
(-0.125737 -0.147957 -0.414316)
(-0.0499354 -0.00686018 -0.328969)
(0.129248 -0.0328427 -0.394197)
(-0.0647865 -0.0647886 -0.365251)
(0.0647795 -0.0647879 -0.36525)
(-0.129255 -0.0328373 -0.394195)
(0.0499351 -0.00684258 -0.32896)
(0.125737 -0.147951 -0.414313)
(-0.110088 -0.163193 -0.437159)
(0.110103 0.163215 -0.437156)
(-0.125735 0.147946 -0.414305)
(-0.049946 0.00685622 -0.328957)
(0.12925 0.0328242 -0.394191)
(-0.0647853 0.0647776 -0.365249)
(0.0647784 0.0647769 -0.365247)
(-0.129257 0.0328213 -0.39419)
(0.0499443 0.00683995 -0.328949)
(0.125736 0.147942 -0.414303)
(-0.110107 0.163214 -0.437154)
(0.152549 -0.188061 -0.368877)
(-0.0364311 -0.0475774 -0.464577)
(-0.0876953 -0.384507 -0.095394)
(0.134989 -0.135024 -0.35656)
(-0.0328327 -0.129259 -0.394194)
(0.0328233 -0.129261 -0.394191)
(-0.135009 -0.135025 -0.356554)
(0.0876959 -0.384502 -0.0953551)
(0.0364427 -0.0475788 -0.464572)
(-0.152554 -0.18807 -0.368878)
(0.252482 0.0871325 0.816416)
(0.020395 0.49354 0.331011)
(-0.307834 0.307979 0.895139)
(0.3845 0.0877003 -0.095318)
(-0.00682962 0.0499334 -0.328955)
(0.006824 0.0499386 -0.328948)
(-0.384498 0.087697 -0.0953195)
(0.307849 0.307914 0.895165)
(-0.0203946 0.493541 0.331036)
(-0.252469 0.0871356 0.816411)
(-0.524016 -0.699229 0.694195)
(-0.498911 0.498877 0.766618)
(-0.493591 -0.0204252 0.331145)
(0.047597 0.036431 -0.464542)
(-0.14795 0.125736 -0.414308)
(0.147944 0.125735 -0.414301)
(-0.0475848 0.0364447 -0.464557)
(0.493563 -0.0203996 0.331093)
(0.498903 0.498887 0.766605)
(0.524016 -0.699232 0.694195)
(-0.884859 0.884857 0.412796)
(0.699225 0.524009 0.694221)
(-0.0871705 -0.252466 0.816469)
(0.188061 -0.152575 -0.368888)
(-0.163192 -0.110093 -0.437154)
(0.163202 -0.110105 -0.437151)
(-0.188072 -0.152564 -0.368879)
(0.0871511 -0.252459 0.816433)
(-0.699229 0.524011 0.694205)
(0.884859 0.884858 0.412795)
)
;
    }
    procBoundary0to2
    {
        type            processor;
        value           nonuniform List<vector> 
100
(
(-0.760119 -0.760119 -0.256892)
(0.414957 -0.418443 0.307352)
(-0.32727 -0.239674 0.381334)
(0.229864 0.154895 0.0100606)
(-0.407979 0.141755 -0.607174)
(0.408057 0.141777 -0.607133)
(-0.229859 0.1548 0.00999131)
(0.327207 -0.239659 0.381328)
(-0.414963 -0.41845 0.307381)
(0.760106 -0.76011 -0.256983)
(-0.418441 0.414953 0.307353)
(-0.283885 -0.283893 0.628998)
(-0.569365 0.320708 0.318873)
(-0.0603275 0.152827 -0.397517)
(-0.210215 -0.135135 -0.565948)
(0.210234 -0.135124 -0.565936)
(0.0603753 0.152679 -0.3975)
(0.569323 0.320654 0.318938)
(0.2839 -0.283891 0.629029)
(0.418463 0.414967 0.307369)
(-0.239697 -0.327282 0.381335)
(0.320723 -0.569372 0.31889)
(-0.475157 -0.475143 1.87249)
(0.223206 -0.125766 0.674836)
(-0.127874 -0.0195531 -0.339944)
(0.127873 -0.0195432 -0.339864)
(-0.223163 -0.125785 0.6749)
(0.475164 -0.475154 1.87247)
(-0.32072 -0.569366 0.318883)
(0.239722 -0.327218 0.381328)
(0.15491 0.229866 0.0100804)
(0.152848 -0.0603138 -0.397517)
(-0.125728 0.223208 0.674846)
(-0.14222 -0.142249 0.0149908)
(-0.0429472 0.104993 -0.56212)
(0.0429538 0.104992 -0.562133)
(0.142285 -0.142356 0.0150714)
(0.125718 0.223198 0.674858)
(-0.152812 -0.0603462 -0.397516)
(-0.154876 0.229857 0.0100574)
(0.14176 -0.40796 -0.607183)
(-0.135135 -0.210218 -0.565947)
(-0.0195452 -0.127868 -0.339944)
(0.105 -0.0429421 -0.562117)
(-0.110812 -0.110811 -0.668837)
(0.110823 -0.110823 -0.668837)
(-0.104992 -0.0429256 -0.562126)
(0.0195466 -0.127866 -0.339917)
(0.135128 -0.21023 -0.565945)
(-0.141781 -0.407995 -0.60719)
(0.141793 0.408071 -0.607124)
(-0.135119 0.210246 -0.565931)
(-0.0195349 0.127871 -0.339838)
(0.104996 0.0429506 -0.562131)
(-0.110827 0.110825 -0.668837)
(0.110834 0.110833 -0.66884)
(-0.10499 0.0429383 -0.562131)
(0.0195379 0.127872 -0.33984)
(0.135112 0.210252 -0.565935)
(-0.141806 0.408087 -0.607144)
(0.15477 -0.229866 0.00998097)
(0.152639 0.0603908 -0.397494)
(-0.125761 -0.223145 0.67492)
(-0.142377 0.142326 0.0150963)
(-0.0429262 -0.104983 -0.562126)
(0.0429362 -0.104985 -0.56213)
(0.142403 0.142403 0.0151255)
(0.125752 -0.223141 0.674905)
(-0.152642 0.060402 -0.397496)
(-0.154754 -0.229858 0.0099859)
(-0.239668 0.327189 0.381325)
(0.320643 0.569312 0.318965)
(-0.475165 0.475157 1.87244)
(0.22319 0.125738 0.67486)
(-0.127876 0.0195506 -0.339906)
(0.127879 0.0195447 -0.339855)
(-0.223148 0.125761 0.674889)
(0.475179 0.475174 1.87239)
(-0.320647 0.56932 0.318957)
(0.239692 0.327153 0.381329)
(-0.418453 -0.414962 0.307388)
(-0.283892 0.283907 0.629035)
(-0.569365 -0.320711 0.318867)
(-0.0603594 -0.152805 -0.397517)
(-0.210229 0.135122 -0.565945)
(0.210245 0.135111 -0.565938)
(0.060397 -0.152684 -0.397503)
(0.569336 -0.320661 0.318919)
(0.283908 0.283905 0.629058)
(0.418469 -0.414964 0.307392)
(-0.760107 0.760103 -0.257008)
(0.414969 0.418468 0.307375)
(-0.327197 0.239713 0.381333)
(0.229846 -0.154866 0.0100478)
(-0.408013 -0.141777 -0.607178)
(0.408076 -0.141796 -0.607148)
(-0.229843 -0.154785 0.00999698)
(0.32716 0.239696 0.381334)
(-0.414965 0.41847 0.30739)
(0.7601 0.7601 -0.257041)
)
;
    }
}


// ************************************************************************* //
