/*--------------------------------*- C++ -*----------------------------------*\
| =========                 |                                                 |
| \\      /  F ield         | OpenFOAM: The Open Source CFD Toolbox           |
|  \\    /   O peration     | Version:  2412                                  |
|   \\  /    A nd           | Website:  www.openfoam.com                      |
|    \\/     M anipulation  |                                                 |
\*---------------------------------------------------------------------------*/
FoamFile
{
    version     2.0;
    format      ascii;
    arch        "LSB;label=32;scalar=64";
    class       surfaceScalarField;
    location    "0.14";
    object      phi;
}
// * * * * * * * * * * * * * * * * * * * * * * * * * * * * * * * * * * * * * //

dimensions      [0 3 -1 0 0 0 0];

oriented        oriented;

internalField   nonuniform List<scalar> 
2700
(
-1.78788e-05
-1.78788e-05
0.000210729
-3.13557e-05
-2.27831e-05
0.000202357
-3.68955e-05
-3.31363e-05
0.000189271
-2.84725e-05
-4.78738e-05
0.000169022
-7.61382e-12
-6.99932e-05
0.000148363
2.84725e-05
-6.99932e-05
0.000148363
3.68955e-05
-4.78738e-05
0.000169022
3.13556e-05
-3.31363e-05
0.000189271
1.78788e-05
-2.27831e-05
0.000202357
-1.78788e-05
0.000210729
-2.27831e-05
-3.13556e-05
0.000202357
-4.11445e-05
-4.11445e-05
0.000190426
-5.14214e-05
-6.18053e-05
0.000168632
-4.35705e-05
-9.47614e-05
0.000136186
-8.77794e-12
-0.000149662
8.49177e-05
4.35705e-05
-0.000149662
8.49177e-05
5.14214e-05
-9.47614e-05
0.000136186
4.11445e-05
-6.18053e-05
0.000168632
2.27831e-05
-4.11445e-05
0.000190426
-3.13556e-05
0.000202357
-3.31363e-05
-3.68955e-05
0.000189271
-6.18053e-05
-5.14214e-05
0.000168632
-8.44213e-05
-8.44213e-05
0.000138445
-7.40375e-05
-0.000145687
6.64927e-05
-7.46253e-12
-0.000268727
-1.89088e-05
7.40375e-05
-0.000268727
-1.89088e-05
8.44213e-05
-0.000145687
6.64927e-05
6.18053e-05
-8.44213e-05
0.000138445
3.31363e-05
-5.14214e-05
0.000168632
-3.68955e-05
0.000189271
-4.78738e-05
-2.84725e-05
0.000169022
-9.47614e-05
-4.35705e-05
0.000136186
-0.000145687
-7.40375e-05
6.64927e-05
-0.000153289
-0.000153289
-8.99601e-05
-1.14323e-11
-0.000311569
-0.000509413
0.000153289
-0.000311569
-0.000509413
0.000145687
-0.000153289
-8.99602e-05
9.47614e-05
-7.40375e-05
6.64927e-05
4.78738e-05
-4.35705e-05
0.000136186
-2.84725e-05
0.000169022
-6.99932e-05
5.6498e-12
0.000148363
-0.000149663
5.77564e-12
8.49177e-05
-0.000268727
8.04735e-12
-1.89088e-05
-0.000311569
2.40133e-12
-0.000509413
-1.67645e-11
-5.59534e-12
-0.00172349
0.000311569
-4.75306e-12
-0.00172349
0.000268727
2.0374e-12
-0.000509413
0.000149662
7.33107e-12
-1.89088e-05
6.99932e-05
6.33252e-12
8.49177e-05
5.31891e-12
0.000148363
-6.99932e-05
2.84725e-05
0.000148363
-0.000149663
4.35705e-05
8.49177e-05
-0.000268727
7.40375e-05
-1.89088e-05
-0.000311569
0.000153289
-0.000509413
-1.68166e-11
0.000311569
-0.00172349
0.000311569
0.000311569
-0.00172349
0.000268727
0.000153289
-0.000509413
0.000149662
7.40375e-05
-1.89088e-05
6.99932e-05
4.35705e-05
8.49177e-05
2.84725e-05
0.000148363
-4.78738e-05
3.68955e-05
0.000169022
-9.47614e-05
5.14214e-05
0.000136186
-0.000145687
8.44213e-05
6.64927e-05
-0.000153289
0.000145687
-8.99602e-05
-1.1114e-11
0.000268727
-0.000509413
0.000153289
0.000268727
-0.000509413
0.000145687
0.000145687
-8.99603e-05
9.47614e-05
8.44213e-05
6.64927e-05
4.78738e-05
5.14214e-05
0.000136186
3.68955e-05
0.000169022
-3.31363e-05
3.13557e-05
0.000189271
-6.18053e-05
4.11445e-05
0.000168632
-8.44213e-05
6.18053e-05
0.000138445
-7.40375e-05
9.47614e-05
6.64927e-05
-8.43407e-12
0.000149663
-1.89088e-05
7.40375e-05
0.000149663
-1.89088e-05
8.44213e-05
9.47614e-05
6.64927e-05
6.18053e-05
6.18053e-05
0.000138445
3.31363e-05
4.11445e-05
0.000168632
3.13556e-05
0.000189271
-2.27831e-05
1.78788e-05
0.000202357
-4.11445e-05
2.27831e-05
0.000190426
-5.14214e-05
3.31363e-05
0.000168632
-4.35705e-05
4.78738e-05
0.000136186
-7.44468e-12
6.99932e-05
8.49177e-05
4.35705e-05
6.99932e-05
8.49177e-05
5.14214e-05
4.78738e-05
0.000136186
4.11445e-05
3.31363e-05
0.000168632
2.27831e-05
2.27831e-05
0.000190426
1.78788e-05
0.000202357
-1.78788e-05
0.000210729
-3.13557e-05
0.000202357
-3.68955e-05
0.000189271
-2.84725e-05
0.000169022
-7.90739e-12
0.000148363
2.84725e-05
0.000148363
3.68955e-05
0.000169022
3.13556e-05
0.000189271
1.78788e-05
0.000202357
0.000210729
-1.98312e-05
-1.98312e-05
0.000250391
-3.48276e-05
-2.57061e-05
0.00024306
-4.16976e-05
-3.78555e-05
0.000233997
-3.24105e-05
-5.66e-05
0.000216334
-8.15974e-12
-8.56432e-05
0.000201595
3.24105e-05
-8.56432e-05
0.000201595
4.16976e-05
-5.66e-05
0.000216334
3.48276e-05
-3.78555e-05
0.000233997
1.98312e-05
-2.57061e-05
0.00024306
-1.98312e-05
0.000250391
-2.57061e-05
-3.48276e-05
0.00024306
-4.67481e-05
-4.67481e-05
0.00023251
-6.02375e-05
-7.14248e-05
0.00021569
-5.23695e-05
-0.000115468
0.000187187
-9.0333e-12
-0.00019572
0.000142625
5.23695e-05
-0.00019572
0.000142625
6.02375e-05
-0.000115468
0.000187186
4.67481e-05
-7.14248e-05
0.00021569
2.57061e-05
-4.67481e-05
0.00023251
-3.48276e-05
0.00024306
-3.78555e-05
-4.16976e-05
0.000233997
-7.14248e-05
-6.02375e-05
0.00021569
-0.000101825
-0.000101825
0.000199246
-9.07514e-05
-0.000193182
0.000133133
-1.44638e-11
-0.000394859
8.94792e-05
9.07514e-05
-0.000394859
8.94792e-05
0.000101825
-0.000193182
0.000133133
7.14248e-05
-0.000101825
0.000199246
3.78555e-05
-6.02375e-05
0.00021569
-4.16976e-05
0.000233997
-5.66e-05
-3.24105e-05
0.000216335
-0.000115468
-5.23695e-05
0.000187187
-0.000193182
-9.07514e-05
0.000133133
-0.000220921
-0.000220921
-3.44827e-05
-1.95321e-11
-0.000453265
-0.000671928
0.000220921
-0.000453265
-0.000671928
0.000193182
-0.000220921
-3.44828e-05
0.000115468
-9.07514e-05
0.000133133
5.66e-05
-5.23695e-05
0.000187186
-3.24105e-05
0.000216335
-8.56432e-05
2.42714e-12
0.000201595
-0.00019572
2.05464e-12
0.000142625
-0.000394859
-9.51991e-13
8.94792e-05
-0.000453265
-1.04856e-11
-0.000671928
-2.0918e-11
-1.48818e-11
-0.00263002
0.000453265
-1.24951e-11
-0.00263002
0.000394859
-5.82426e-12
-0.000671928
0.00019572
-2.14675e-12
8.94792e-05
8.56432e-05
8.02495e-13
0.000142625
1.33787e-12
0.000201595
-8.56432e-05
3.24105e-05
0.000201595
-0.00019572
5.23695e-05
0.000142625
-0.000394859
9.07514e-05
8.94792e-05
-0.000453265
0.000220921
-0.000671928
-1.87756e-11
0.000453265
-0.00263002
0.000453265
0.000453265
-0.00263002
0.000394859
0.000220921
-0.000671928
0.00019572
9.07514e-05
8.94792e-05
8.56432e-05
5.23695e-05
0.000142625
3.24105e-05
0.000201595
-5.66e-05
4.16976e-05
0.000216334
-0.000115468
6.02375e-05
0.000187186
-0.000193182
0.000101825
0.000133133
-0.000220921
0.000193182
-3.44828e-05
-1.38129e-11
0.000394859
-0.000671928
0.000220921
0.000394859
-0.000671928
0.000193182
0.000193182
-3.44828e-05
0.000115468
0.000101825
0.000133133
5.66e-05
6.02375e-05
0.000187186
4.16976e-05
0.000216334
-3.78555e-05
3.48276e-05
0.000233997
-7.14248e-05
4.67481e-05
0.00021569
-0.000101825
7.14248e-05
0.000199246
-9.07515e-05
0.000115468
0.000133133
-1.55241e-11
0.00019572
8.94792e-05
9.07514e-05
0.00019572
8.94792e-05
0.000101825
0.000115468
0.000133133
7.14248e-05
7.14248e-05
0.000199246
3.78555e-05
4.67481e-05
0.00021569
3.48276e-05
0.000233997
-2.57061e-05
1.98312e-05
0.00024306
-4.67481e-05
2.57061e-05
0.00023251
-6.02375e-05
3.78555e-05
0.00021569
-5.23695e-05
5.66e-05
0.000187187
-9.78031e-12
8.56432e-05
0.000142625
5.23695e-05
8.56432e-05
0.000142625
6.02375e-05
5.66e-05
0.000187186
4.67481e-05
3.78555e-05
0.00021569
2.57061e-05
2.57061e-05
0.00023251
1.98312e-05
0.00024306
-1.98312e-05
0.000250391
-3.48276e-05
0.00024306
-4.16976e-05
0.000233997
-3.24106e-05
0.000216335
-9.21407e-12
0.000201595
3.24105e-05
0.000201595
4.16976e-05
0.000216335
3.48276e-05
0.000233997
1.98312e-05
0.00024306
0.000250391
-2.14078e-05
-2.14078e-05
0.000293207
-3.75566e-05
-2.81602e-05
0.000287369
-4.55983e-05
-4.14947e-05
0.000283533
-3.53631e-05
-6.41845e-05
0.000270284
-8.91841e-12
-9.93844e-05
0.000265617
3.53631e-05
-9.93844e-05
0.000265617
4.55983e-05
-6.41845e-05
0.000270284
3.75566e-05
-4.14947e-05
0.000283533
2.14078e-05
-2.81602e-05
0.000287369
-2.14078e-05
0.000293207
-2.81603e-05
-3.75566e-05
0.000287369
-5.14317e-05
-5.14317e-05
0.000279053
-6.81611e-05
-7.89213e-05
0.000269846
-6.04245e-05
-0.000134714
0.000249979
-1.20058e-11
-0.000245795
0.000228611
6.04245e-05
-0.000245795
0.000228611
6.81611e-05
-0.000134714
0.000249979
5.14317e-05
-7.89213e-05
0.000269846
2.81602e-05
-5.14317e-05
0.000279053
-3.75566e-05
0.000287369
-4.14947e-05
-4.55983e-05
0.000283533
-7.89213e-05
-6.81611e-05
0.000269846
-0.000116486
-0.000116486
0.000274375
-0.000105508
-0.000244221
0.000231662
-1.29372e-11
-0.000516532
0.000254708
0.000105508
-0.000516532
0.000254708
0.000116486
-0.000244221
0.000231662
7.89213e-05
-0.000116486
0.000274375
4.14947e-05
-6.81611e-05
0.000269846
-4.55983e-05
0.000283533
-6.41845e-05
-3.53631e-05
0.000270284
-0.000134714
-6.04245e-05
0.000249979
-0.000244221
-0.000105508
0.000231662
-0.000282864
-0.000282864
4.28037e-05
-2.10834e-11
-0.000447199
-0.00102412
0.000282864
-0.000447199
-0.00102413
0.000244221
-0.000282864
4.28036e-05
0.000134714
-0.000105508
0.000231662
6.41845e-05
-6.04245e-05
0.000249979
-3.53631e-05
0.000270284
-9.93844e-05
4.16986e-12
0.000265616
-0.000245795
2.97188e-12
0.000228611
-0.000516532
2.53488e-12
0.000254708
-0.000447199
-1.58297e-11
-0.00102413
-1.86716e-11
-2.01023e-11
-0.00352441
0.000447199
-2.08716e-11
-0.00352441
0.000516532
-1.78459e-11
-0.00102413
0.000245795
1.83344e-12
0.000254708
9.93844e-05
3.63027e-12
0.000228611
3.45028e-12
0.000265616
-9.93844e-05
3.53632e-05
0.000265617
-0.000245795
6.04245e-05
0.000228611
-0.000516532
0.000105508
0.000254708
-0.000447199
0.000282864
-0.00102412
-1.92301e-11
0.000447199
-0.00352441
0.000447199
0.000447199
-0.00352441
0.000516532
0.000282864
-0.00102413
0.000245795
0.000105508
0.000254708
9.93844e-05
6.04245e-05
0.000228611
3.53632e-05
0.000265616
-6.41845e-05
4.55983e-05
0.000270284
-0.000134714
6.81611e-05
0.000249979
-0.000244221
0.000116486
0.000231662
-0.000282864
0.000244221
4.28036e-05
-2.21377e-11
0.000516532
-0.00102413
0.000282864
0.000516532
-0.00102413
0.000244221
0.000244221
4.28036e-05
0.000134714
0.000116486
0.000231662
6.41845e-05
6.81611e-05
0.000249979
4.55983e-05
0.000270284
-4.14947e-05
3.75566e-05
0.000283533
-7.89213e-05
5.14317e-05
0.000269846
-0.000116486
7.89213e-05
0.000274375
-0.000105508
0.000134714
0.000231662
-1.30942e-11
0.000245795
0.000254708
0.000105508
0.000245795
0.000254708
0.000116486
0.000134714
0.000231662
7.89213e-05
7.89213e-05
0.000274375
4.14947e-05
5.14317e-05
0.000269846
3.75566e-05
0.000283533
-2.81603e-05
2.14078e-05
0.000287369
-5.14317e-05
2.81602e-05
0.000279053
-6.81611e-05
4.14947e-05
0.000269846
-6.04245e-05
6.41845e-05
0.000249979
-1.01509e-11
9.93844e-05
0.000228611
6.04245e-05
9.93844e-05
0.000228611
6.81611e-05
6.41845e-05
0.000249979
5.14317e-05
4.14947e-05
0.000269846
2.81602e-05
2.81602e-05
0.000279053
2.14078e-05
0.000287369
-2.14078e-05
0.000293207
-3.75566e-05
0.000287369
-4.55983e-05
0.000283533
-3.53632e-05
0.000270284
-9.38877e-12
0.000265617
3.53631e-05
0.000265617
4.55983e-05
0.000270284
3.75566e-05
0.000283533
2.14078e-05
0.000287369
0.000293207
-2.24609e-05
-2.24609e-05
0.000338128
-3.92451e-05
-2.9841e-05
0.000333994
-4.79767e-05
-4.31714e-05
0.000335436
-3.663e-05
-6.86585e-05
0.000327596
-8.9324e-12
-0.000105898
0.000334885
3.66299e-05
-0.000105898
0.000334885
4.79767e-05
-6.86585e-05
0.000327596
3.92451e-05
-4.31714e-05
0.000335436
2.24609e-05
-2.9841e-05
0.000333994
-2.24609e-05
0.000338128
-2.9841e-05
-3.92451e-05
0.000333994
-5.44725e-05
-5.44724e-05
0.000328316
-7.37845e-05
-8.20059e-05
0.000327993
-6.61348e-05
-0.000146367
0.000320038
-1.17154e-11
-0.000277905
0.000334483
6.61348e-05
-0.000277905
0.000334483
7.37845e-05
-0.000146367
0.000320038
5.44724e-05
-8.20059e-05
0.000327993
2.9841e-05
-5.44725e-05
0.000328316
-3.92451e-05
0.000333994
-4.31714e-05
-4.79767e-05
0.000335436
-8.20059e-05
-7.37845e-05
0.000327993
-0.000122349
-0.000122349
0.00035506
-0.000109164
-0.000278998
0.000351109
-2.14904e-11
-0.000519759
0.000387398
0.000109164
-0.000519759
0.000387398
0.000122349
-0.000278998
0.000351109
8.20059e-05
-0.000122349
0.00035506
4.31714e-05
-7.37845e-05
0.000327993
-4.79767e-05
0.000335436
-6.86585e-05
-3.66299e-05
0.000327596
-0.000146367
-6.61348e-05
0.000320038
-0.000278998
-0.000109164
0.000351109
-0.000290275
-0.000290275
6.53571e-05
-2.3995e-11
-0.000311148
-0.00152301
0.000290275
-0.000311148
-0.00152301
0.000278998
-0.000290275
6.5357e-05
0.000146367
-0.000109164
0.000351109
6.86585e-05
-6.61348e-05
0.000320038
-3.66299e-05
0.000327596
-0.000105898
3.78977e-12
0.000334885
-0.000277905
2.64317e-12
0.000334483
-0.000519759
-1.08331e-11
0.000387398
-0.000311148
-2.6271e-11
-0.00152301
-7.69219e-12
-1.40135e-11
-0.00414671
0.000311148
-1.44515e-11
-0.00414671
0.000519759
-1.96489e-11
-0.00152301
0.000277905
-1.1488e-11
0.000387398
0.000105898
2.95206e-13
0.000334483
2.19136e-12
0.000334885
-0.000105898
3.663e-05
0.000334885
-0.000277905
6.61348e-05
0.000334483
-0.000519759
0.000109164
0.000387398
-0.000311148
0.000290275
-0.00152301
-7.99085e-12
0.000311148
-0.00414671
0.000311148
0.000311148
-0.00414671
0.000519759
0.000290275
-0.00152301
0.000277905
0.000109164
0.000387398
0.000105898
6.61348e-05
0.000334483
3.663e-05
0.000334885
-6.86585e-05
4.79767e-05
0.000327596
-0.000146367
7.37845e-05
0.000320038
-0.000278998
0.000122349
0.000351109
-0.000290275
0.000278998
6.5357e-05
-1.68819e-11
0.000519759
-0.00152301
0.000290275
0.000519759
-0.00152301
0.000278998
0.000278998
6.53569e-05
0.000146367
0.000122349
0.000351109
6.86585e-05
7.37845e-05
0.000320038
4.79767e-05
0.000327596
-4.31714e-05
3.92451e-05
0.000335436
-8.2006e-05
5.44725e-05
0.000327993
-0.000122349
8.2006e-05
0.00035506
-0.000109164
0.000146367
0.000351109
-2.08393e-11
0.000277905
0.000387398
0.000109164
0.000277905
0.000387398
0.000122349
0.000146367
0.000351109
8.2006e-05
8.2006e-05
0.00035506
4.31714e-05
5.44725e-05
0.000327993
3.92451e-05
0.000335436
-2.9841e-05
2.24609e-05
0.000333994
-5.44725e-05
2.9841e-05
0.000328316
-7.37845e-05
4.31714e-05
0.000327993
-6.61348e-05
6.86585e-05
0.000320038
-1.23723e-11
0.000105898
0.000334483
6.61348e-05
0.000105898
0.000334483
7.37845e-05
6.86585e-05
0.000320038
5.44725e-05
4.31714e-05
0.000327993
2.9841e-05
2.9841e-05
0.000328316
2.24609e-05
0.000333994
-2.24609e-05
0.000338128
-3.92451e-05
0.000333994
-4.79767e-05
0.000335436
-3.663e-05
0.000327596
-1.09565e-11
0.000334885
3.66299e-05
0.000334885
4.79767e-05
0.000327596
3.92451e-05
0.000335436
2.24609e-05
0.000333994
0.000338128
-2.29244e-05
-2.29244e-05
0.000383977
-3.97849e-05
-3.05891e-05
0.000381444
-4.84781e-05
-4.23335e-05
0.000386463
-3.59494e-05
-6.82342e-05
0.000383301
-1.15328e-11
-0.000101227
0.000400162
3.59494e-05
-0.000101227
0.000400162
4.84781e-05
-6.82342e-05
0.000383301
3.97848e-05
-4.23335e-05
0.000386463
2.29244e-05
-3.05891e-05
0.000381444
-2.29244e-05
0.000383977
-3.05891e-05
-3.97848e-05
0.000381444
-5.54516e-05
-5.54516e-05
0.000378041
-7.56922e-05
-7.89708e-05
0.000384871
-6.68545e-05
-0.000143451
0.000386417
-1.53321e-11
-0.000264373
0.000430775
6.68545e-05
-0.000264373
0.000430775
7.56922e-05
-0.000143451
0.000386417
5.54515e-05
-7.89708e-05
0.000384871
3.05891e-05
-5.54516e-05
0.000378041
-3.97848e-05
0.000381444
-4.23335e-05
-4.84781e-05
0.000386463
-7.89708e-05
-7.56922e-05
0.000384871
-0.000114118
-0.000114118
0.000425355
-9.2448e-05
-0.000264872
0.000450861
-1.43612e-11
-0.000376012
0.000406589
9.2448e-05
-0.000376012
0.000406589
0.000114118
-0.000264873
0.000450861
7.89708e-05
-0.000114118
0.000425355
4.23335e-05
-7.56922e-05
0.000384871
-4.84781e-05
0.000386463
-6.82342e-05
-3.59494e-05
0.000383301
-0.000143451
-6.68545e-05
0.000386417
-0.000264872
-9.2448e-05
0.000450861
-0.000219752
-0.000219752
-2.48841e-05
-1.54761e-11
-0.000148861
-0.00196991
0.000219752
-0.000148861
-0.00196991
0.000264872
-0.000219752
-2.48843e-05
0.000143451
-9.2448e-05
0.000450861
6.82342e-05
-6.68545e-05
0.000386417
-3.59494e-05
0.000383301
-0.000101227
2.02035e-12
0.000400162
-0.000264373
-8.72751e-13
0.000430775
-0.000376012
-4.70199e-12
0.000406589
-0.000148861
-2.04043e-11
-0.00196991
-5.64486e-12
-1.26109e-11
-0.00444443
0.000148861
-1.24759e-11
-0.00444443
0.000376012
-2.34933e-11
-0.00196991
0.000264373
-3.92925e-12
0.000406589
0.000101227
7.71171e-13
0.000430775
1.08369e-12
0.000400162
-0.000101227
3.59494e-05
0.000400162
-0.000264373
6.68545e-05
0.000430775
-0.000376012
9.2448e-05
0.000406589
-0.000148861
0.000219752
-0.00196991
-5.37042e-12
0.000148861
-0.00444443
0.000148861
0.000148861
-0.00444443
0.000376012
0.000219752
-0.00196991
0.000264373
9.2448e-05
0.000406589
0.000101227
6.68545e-05
0.000430775
3.59494e-05
0.000400162
-6.82342e-05
4.84781e-05
0.000383301
-0.000143451
7.56922e-05
0.000386417
-0.000264873
0.000114118
0.000450861
-0.000219752
0.000264872
-2.48844e-05
-1.80919e-11
0.000376012
-0.00196991
0.000219752
0.000376012
-0.00196991
0.000264873
0.000264873
-2.48845e-05
0.000143451
0.000114118
0.000450861
6.82342e-05
7.56922e-05
0.000386417
4.84781e-05
0.000383301
-4.23335e-05
3.97849e-05
0.000386463
-7.89708e-05
5.54516e-05
0.000384871
-0.000114118
7.89708e-05
0.000425355
-9.2448e-05
0.000143451
0.000450861
-1.34279e-11
0.000264373
0.000406589
9.2448e-05
0.000264373
0.000406589
0.000114118
0.000143451
0.000450861
7.89708e-05
7.89708e-05
0.000425355
4.23335e-05
5.54516e-05
0.000384871
3.97849e-05
0.000386463
-3.05891e-05
2.29244e-05
0.000381444
-5.54516e-05
3.05891e-05
0.000378041
-7.56922e-05
4.23335e-05
0.000384871
-6.68545e-05
6.82342e-05
0.000386417
-1.14276e-11
0.000101227
0.000430775
6.68545e-05
0.000101227
0.000430775
7.56922e-05
6.82342e-05
0.000386417
5.54515e-05
4.23335e-05
0.000384871
3.05891e-05
3.05891e-05
0.000378041
2.29244e-05
0.000381444
-2.29244e-05
0.000383977
-3.97849e-05
0.000381444
-4.84781e-05
0.000386463
-3.59494e-05
0.000383301
-1.15246e-11
0.000400162
3.59494e-05
0.000400162
4.84781e-05
0.000383301
3.97848e-05
0.000386463
2.29244e-05
0.000381444
0.000383977
-2.28954e-05
-2.28954e-05
0.000429768
-3.94538e-05
-3.04864e-05
0.000428488
-4.73172e-05
-3.94418e-05
0.000433768
-3.37241e-05
-6.31007e-05
0.000432809
-1.12702e-11
-8.25872e-05
0.000449025
3.37241e-05
-8.25872e-05
0.000449025
4.73172e-05
-6.31007e-05
0.000432809
3.94538e-05
-3.94418e-05
0.000433768
2.28954e-05
-3.04864e-05
0.000428488
-2.28954e-05
0.000429768
-3.04864e-05
-3.94538e-05
0.000428488
-5.4627e-05
-5.4627e-05
0.000426322
-7.31698e-05
-7.10389e-05
0.00043501
-6.12066e-05
-0.000124425
0.000435778
-9.94977e-12
-0.000199519
0.000486501
6.12066e-05
-0.000199519
0.000486501
7.31698e-05
-0.000124425
0.000435778
5.4627e-05
-7.10389e-05
0.00043501
3.04864e-05
-5.4627e-05
0.000426322
-3.94538e-05
0.000428488
-3.94418e-05
-4.73172e-05
0.000433768
-7.10389e-05
-7.31698e-05
0.00043501
-9.2866e-05
-9.2866e-05
0.000469009
-6.01562e-05
-0.00020062
0.000494346
-1.91221e-11
-0.000203592
0.000350505
6.01562e-05
-0.000203592
0.000350505
9.2866e-05
-0.00020062
0.000494346
7.10389e-05
-9.2866e-05
0.000469009
3.94418e-05
-7.31698e-05
0.00043501
-4.73172e-05
0.000433768
-6.31007e-05
-3.37241e-05
0.000432809
-0.000124425
-6.12066e-05
0.000435778
-0.00020062
-6.01562e-05
0.000494346
-0.00011318
-0.00011318
-0.000199766
-1.08749e-11
-3.88901e-05
-0.0022478
0.00011318
-3.88901e-05
-0.0022478
0.00020062
-0.00011318
-0.000199766
0.000124425
-6.01562e-05
0.000494346
6.31007e-05
-6.12066e-05
0.000435778
-3.37241e-05
0.000432809
-8.25872e-05
4.02492e-12
0.000449025
-0.000199519
4.63282e-12
0.000486501
-0.000203592
-8.47356e-12
0.000350505
-3.889e-05
3.86025e-12
-0.0022478
-2.99575e-12
-1.02427e-11
-0.00452221
3.889e-05
-9.30438e-12
-0.00452221
0.000203592
1.10543e-11
-0.0022478
0.000199519
-1.30664e-11
0.000350505
8.25872e-05
1.95755e-12
0.0004865
2.61408e-12
0.000449025
-8.25872e-05
3.37241e-05
0.000449025
-0.000199519
6.12066e-05
0.000486501
-0.000203592
6.01562e-05
0.000350505
-3.88901e-05
0.00011318
-0.0022478
-2.0697e-12
3.889e-05
-0.00452221
3.889e-05
3.889e-05
-0.00452221
0.000203592
0.00011318
-0.0022478
0.000199519
6.01562e-05
0.000350505
8.25872e-05
6.12066e-05
0.0004865
3.37241e-05
0.000449025
-6.31007e-05
4.73172e-05
0.000432809
-0.000124425
7.31698e-05
0.000435778
-0.00020062
9.28661e-05
0.000494346
-0.00011318
0.00020062
-0.000199766
-2.8043e-12
0.000203592
-0.0022478
0.00011318
0.000203592
-0.0022478
0.00020062
0.00020062
-0.000199766
0.000124425
9.28661e-05
0.000494346
6.31007e-05
7.31698e-05
0.000435778
4.73172e-05
0.000432809
-3.94418e-05
3.94538e-05
0.000433768
-7.10389e-05
5.4627e-05
0.00043501
-9.2866e-05
7.10389e-05
0.00046901
-6.01562e-05
0.000124425
0.000494346
-2.40382e-11
0.000199519
0.000350505
6.01562e-05
0.000199519
0.000350505
9.2866e-05
0.000124425
0.000494346
7.10389e-05
7.10389e-05
0.00046901
3.94418e-05
5.4627e-05
0.00043501
3.94538e-05
0.000433768
-3.04864e-05
2.28954e-05
0.000428488
-5.4627e-05
3.04864e-05
0.000426322
-7.31698e-05
3.94418e-05
0.00043501
-6.12066e-05
6.31007e-05
0.000435778
-1.12306e-11
8.25872e-05
0.000486501
6.12066e-05
8.25872e-05
0.000486501
7.31698e-05
6.31007e-05
0.000435778
5.4627e-05
3.94418e-05
0.00043501
3.04864e-05
3.04864e-05
0.000426322
2.28954e-05
0.000428488
-2.28954e-05
0.000429768
-3.94538e-05
0.000428489
-4.73172e-05
0.000433768
-3.37241e-05
0.000432809
-1.24649e-11
0.000449025
3.37241e-05
0.000449025
4.73172e-05
0.000432809
3.94538e-05
0.000433768
2.28954e-05
0.000428488
0.000429768
-2.26183e-05
-2.26183e-05
0.000475004
-3.89126e-05
-3.00483e-05
0.000474831
-4.56376e-05
-3.63449e-05
0.000476838
-3.16071e-05
-5.75962e-05
0.000476374
-1.35112e-11
-6.0737e-05
0.000478155
3.16071e-05
-6.0737e-05
0.000478155
4.56376e-05
-5.75962e-05
0.000476374
3.89126e-05
-3.63449e-05
0.000476838
2.26183e-05
-3.00483e-05
0.000474831
-2.26183e-05
0.000475004
-3.00483e-05
-3.89126e-05
0.000474831
-5.35091e-05
-5.35091e-05
0.000473243
-6.94977e-05
-6.34822e-05
0.000478136
-5.40382e-05
-0.000107364
0.000470086
-1.27944e-11
-0.000128066
0.000499792
5.40382e-05
-0.000128066
0.000499792
6.94977e-05
-0.000107364
0.000470086
5.35091e-05
-6.34822e-05
0.000478136
3.00483e-05
-5.35091e-05
0.000473243
-3.89126e-05
0.000474831
-3.63449e-05
-4.56376e-05
0.000476838
-6.34822e-05
-6.94977e-05
0.000478136
-6.97401e-05
-6.97401e-05
0.000481525
-2.83617e-05
-0.000140254
0.000485858
-2.6939e-11
-3.68018e-05
0.000230879
2.83617e-05
-3.68018e-05
0.000230879
6.97401e-05
-0.000140254
0.000485858
6.34822e-05
-6.97401e-05
0.000481525
3.63449e-05
-6.94977e-05
0.000478136
-4.56376e-05
0.000476838
-5.75962e-05
-3.16071e-05
0.000476374
-0.000107364
-5.40382e-05
0.000470086
-0.000140254
-2.83617e-05
0.000485858
-4.67903e-05
-4.67903e-05
-0.000386693
1.94928e-11
6.97263e-05
-0.00240111
4.67903e-05
6.97263e-05
-0.00240111
0.000140254
-4.67904e-05
-0.000386693
0.000107364
-2.83617e-05
0.000485858
5.75961e-05
-5.40382e-05
0.000470086
-3.16071e-05
0.000476374
-6.0737e-05
1.01663e-12
0.000478155
-0.000128066
1.73086e-12
0.000499791
-3.68017e-05
-8.17621e-12
0.000230879
6.97264e-05
6.23459e-11
-0.00240111
-1.43562e-12
-8.45698e-12
-0.00438276
-6.97264e-05
-8.17384e-12
-0.00438276
3.68017e-05
6.55226e-11
-0.00240111
0.000128066
-1.27687e-12
0.000230879
6.0737e-05
1.45314e-12
0.000499792
1.34545e-13
0.000478155
-6.07371e-05
3.16071e-05
0.000478155
-0.000128066
5.40382e-05
0.000499791
-3.68018e-05
2.83618e-05
0.000230879
6.97263e-05
4.67903e-05
-0.00240111
-1.10993e-12
-6.97264e-05
-0.00438276
-6.97263e-05
-6.97264e-05
-0.00438276
3.68018e-05
4.67904e-05
-0.00240111
0.000128066
2.83617e-05
0.000230879
6.0737e-05
5.40382e-05
0.000499791
3.16071e-05
0.000478155
-5.75962e-05
4.56377e-05
0.000476374
-0.000107364
6.94977e-05
0.000470086
-0.000140254
6.97401e-05
0.000485858
-4.67904e-05
0.000140254
-0.000386693
2.10992e-11
3.68017e-05
-0.00240111
4.67905e-05
3.68018e-05
-0.00240111
0.000140254
0.000140254
-0.000386693
0.000107364
6.97401e-05
0.000485858
5.75961e-05
6.94977e-05
0.000470086
4.56376e-05
0.000476374
-3.63449e-05
3.89126e-05
0.000476838
-6.34822e-05
5.35091e-05
0.000478136
-6.97401e-05
6.34822e-05
0.000481525
-2.83617e-05
0.000107364
0.000485858
-2.09398e-11
0.000128066
0.000230879
2.83617e-05
0.000128066
0.000230879
6.97401e-05
0.000107364
0.000485858
6.34822e-05
6.34822e-05
0.000481525
3.63449e-05
5.35091e-05
0.000478136
3.89126e-05
0.000476838
-3.00483e-05
2.26183e-05
0.000474831
-5.35091e-05
3.00483e-05
0.000473243
-6.94977e-05
3.63449e-05
0.000478136
-5.40382e-05
5.75961e-05
0.000470086
-1.16269e-11
6.0737e-05
0.000499792
5.40382e-05
6.0737e-05
0.000499792
6.94977e-05
5.75961e-05
0.000470086
5.35091e-05
3.63449e-05
0.000478136
3.00483e-05
3.00483e-05
0.000473243
2.26183e-05
0.000474831
-2.26183e-05
0.000475004
-3.89126e-05
0.000474831
-4.56376e-05
0.000476838
-3.16071e-05
0.000476374
-1.35113e-11
0.000478155
3.16071e-05
0.000478155
4.56376e-05
0.000476374
3.89126e-05
0.000476838
2.26183e-05
0.000474831
0.000475004
-2.23598e-05
-2.23598e-05
0.000519724
-3.88395e-05
-2.97602e-05
0.000521071
-4.47274e-05
-3.4897e-05
0.000517623
-3.15434e-05
-5.6022e-05
0.000519212
-1.09445e-11
-4.97658e-05
0.000496377
3.15434e-05
-4.97658e-05
0.000496377
4.47274e-05
-5.6022e-05
0.000519212
3.88395e-05
-3.4897e-05
0.000517623
2.23598e-05
-2.97602e-05
0.000521071
-2.23598e-05
0.000519724
-2.97602e-05
-3.88395e-05
0.000521071
-5.35981e-05
-5.35981e-05
0.000520919
-6.84161e-05
-6.18002e-05
0.000519858
-5.11795e-05
-0.000110869
0.000507697
-1.36712e-11
-0.000109373
0.000508219
5.11795e-05
-0.000109373
0.000508219
6.84161e-05
-0.000110869
0.000507697
5.35981e-05
-6.18002e-05
0.000519858
2.97602e-05
-5.35981e-05
0.000520919
-3.88395e-05
0.000521071
-3.4897e-05
-4.47274e-05
0.000517623
-6.18002e-05
-6.84162e-05
0.000519858
-5.84333e-05
-5.84333e-05
0.000474791
-1.68475e-05
-0.000138037
0.00047144
-2.13486e-11
0.0001031
1.55916e-06
1.68475e-05
0.0001031
1.55908e-06
5.84333e-05
-0.000138037
0.00047144
6.18002e-05
-5.84333e-05
0.000474791
3.4897e-05
-6.84162e-05
0.000519858
-4.47274e-05
0.000517623
-5.6022e-05
-3.15434e-05
0.000519212
-0.000110869
-5.11795e-05
0.000507696
-0.000138037
-1.68475e-05
0.00047144
-5.68388e-05
-5.68388e-05
-0.000549089
4.89868e-11
0.000212785
-0.00256764
5.68388e-05
0.000212785
-0.00256764
0.000138037
-5.68389e-05
-0.000549089
0.000110869
-1.68475e-05
0.00047144
5.6022e-05
-5.11795e-05
0.000507696
-3.15434e-05
0.000519212
-4.97658e-05
5.29942e-12
0.000496377
-0.000109373
5.1094e-12
0.000508219
0.0001031
1.70653e-11
1.55885e-06
0.000212785
1.44773e-10
-0.00256764
8.12743e-14
-4.98496e-12
-0.00395719
-0.000212785
-4.69936e-12
-0.00395719
-0.0001031
1.42504e-10
-0.00256764
0.000109373
2.38215e-11
1.55876e-06
4.97658e-05
4.38311e-12
0.000508219
3.05941e-12
0.000496377
-4.97658e-05
3.15434e-05
0.000496377
-0.000109373
5.11796e-05
0.000508219
0.0001031
1.68475e-05
1.55893e-06
0.000212785
5.68389e-05
-0.00256764
3.49227e-13
-0.000212785
-0.00395719
-0.000212785
-0.000212785
-0.00395719
-0.0001031
5.68389e-05
-0.00256764
0.000109373
1.68475e-05
1.55882e-06
4.97658e-05
5.11796e-05
0.000508219
3.15434e-05
0.000496377
-5.6022e-05
4.47274e-05
0.000519212
-0.000110869
6.84162e-05
0.000507697
-0.000138037
5.84334e-05
0.00047144
-5.68389e-05
0.000138037
-0.000549089
4.62378e-11
-0.0001031
-0.00256764
5.68389e-05
-0.0001031
-0.00256764
0.000138037
0.000138037
-0.000549089
0.000110869
5.84333e-05
0.00047144
5.6022e-05
6.84162e-05
0.000507697
4.47274e-05
0.000519212
-3.4897e-05
3.88395e-05
0.000517623
-6.18002e-05
5.35981e-05
0.000519858
-5.84333e-05
6.18002e-05
0.000474791
-1.68475e-05
0.000110869
0.00047144
-1.58131e-11
0.000109373
1.5588e-06
1.68474e-05
0.000109373
1.55869e-06
5.84333e-05
0.000110869
0.00047144
6.18002e-05
6.18002e-05
0.000474791
3.4897e-05
5.35981e-05
0.000519858
3.88395e-05
0.000517623
-2.97602e-05
2.23598e-05
0.000521071
-5.35981e-05
2.97602e-05
0.000520919
-6.84161e-05
3.4897e-05
0.000519858
-5.11796e-05
5.6022e-05
0.000507697
-1.30082e-11
4.97658e-05
0.000508219
5.11795e-05
4.97658e-05
0.000508219
6.84161e-05
5.6022e-05
0.000507697
5.35981e-05
3.4897e-05
0.000519858
2.97602e-05
2.97602e-05
0.000520919
2.23599e-05
0.000521071
-2.23598e-05
0.000519724
-3.88395e-05
0.000521071
-4.47274e-05
0.000517623
-3.15434e-05
0.000519212
-1.38553e-11
0.000496377
3.15434e-05
0.000496377
4.47274e-05
0.000519212
3.88395e-05
0.000517623
2.23598e-05
0.000521071
0.000519724
-2.2248e-05
-2.2248e-05
0.00056422
-3.95236e-05
-2.97921e-05
0.000568139
-4.55408e-05
-3.65072e-05
0.000560148
-3.50659e-05
-5.98524e-05
0.00056859
-1.61026e-11
-6.2257e-05
0.000523568
3.50659e-05
-6.2257e-05
0.000523568
4.55408e-05
-5.98524e-05
0.00056859
3.95236e-05
-3.65072e-05
0.000560148
2.2248e-05
-2.97921e-05
0.000568139
-2.2248e-05
0.00056422
-2.97921e-05
-3.95236e-05
0.000568139
-5.52772e-05
-5.52772e-05
0.000571889
-7.0788e-05
-6.88732e-05
0.000567734
-5.33398e-05
-0.000136885
0.000567281
-8.23297e-12
-0.000168313
0.000560935
5.33398e-05
-0.000168313
0.000560935
7.0788e-05
-0.000136885
0.000567281
5.52772e-05
-6.88732e-05
0.000567734
2.97921e-05
-5.52772e-05
0.000571889
-3.95236e-05
0.000568139
-3.65072e-05
-4.55409e-05
0.000560148
-6.88732e-05
-7.0788e-05
0.000567734
-7.11205e-05
-7.11205e-05
0.000479286
-5.16427e-05
-0.000175298
0.000490376
-1.24297e-11
9.87329e-05
-0.000317129
5.16427e-05
9.87329e-05
-0.000317129
7.11204e-05
-0.000175298
0.000490376
6.88732e-05
-7.11205e-05
0.000479286
3.65072e-05
-7.0788e-05
0.000567734
-4.55409e-05
0.000560148
-5.98524e-05
-3.50659e-05
0.00056859
-0.000136885
-5.33398e-05
0.000567281
-0.000175298
-5.16427e-05
0.000490375
-8.14159e-05
-8.1416e-05
-0.000736854
6.5464e-13
0.000244239
-0.00279456
8.1416e-05
0.000244239
-0.00279456
0.000175298
-8.14158e-05
-0.000736854
0.000136885
-5.16427e-05
0.000490375
5.98524e-05
-5.33398e-05
0.000567281
-3.50659e-05
0.00056859
-6.22571e-05
7.73116e-13
0.000523568
-0.000168313
8.77303e-12
0.000560935
9.87328e-05
5.94765e-11
-0.00031713
0.000244239
3.24064e-11
-0.00279456
6.56988e-13
-1.23026e-13
-0.00346871
-0.000244239
-2.46502e-13
-0.00346871
-9.87329e-05
2.83636e-11
-0.00279456
0.000168313
4.84483e-11
-0.00031713
6.2257e-05
6.52521e-12
0.000560935
-4.58195e-13
0.000523568
-6.22571e-05
3.5066e-05
0.000523568
-0.000168313
5.33399e-05
0.000560935
9.8733e-05
5.16428e-05
-0.00031713
0.000244239
8.1416e-05
-0.00279456
5.585e-13
-0.000244239
-0.00346871
-0.000244239
-0.000244239
-0.00346871
-9.87331e-05
8.14158e-05
-0.00279456
0.000168313
5.16427e-05
-0.00031713
6.2257e-05
5.33399e-05
0.000560935
3.50659e-05
0.000523568
-5.98524e-05
4.55409e-05
0.00056859
-0.000136885
7.0788e-05
0.000567281
-0.000175298
7.11205e-05
0.000490376
-8.14157e-05
0.000175298
-0.000736854
-3.30111e-12
-9.87329e-05
-0.00279456
8.14158e-05
-9.87329e-05
-0.00279456
0.000175298
0.000175298
-0.000736854
0.000136885
7.11205e-05
0.000490376
5.98524e-05
7.0788e-05
0.000567281
4.55409e-05
0.00056859
-3.65072e-05
3.95236e-05
0.000560148
-6.88732e-05
5.52772e-05
0.000567734
-7.11204e-05
6.88732e-05
0.000479286
-5.16426e-05
0.000136885
0.000490375
-2.45436e-11
0.000168313
-0.00031713
5.16426e-05
0.000168313
-0.00031713
7.11204e-05
0.000136885
0.000490375
6.88732e-05
6.88732e-05
0.000479286
3.65072e-05
5.52772e-05
0.000567734
3.95236e-05
0.000560148
-2.97921e-05
2.2248e-05
0.000568139
-5.52772e-05
2.97921e-05
0.000571889
-7.0788e-05
3.65072e-05
0.000567735
-5.33398e-05
5.98524e-05
0.000567281
-9.88208e-12
6.2257e-05
0.000560935
5.33398e-05
6.2257e-05
0.000560935
7.07879e-05
5.98524e-05
0.000567281
5.52772e-05
3.65072e-05
0.000567734
2.97921e-05
2.97921e-05
0.000571889
2.2248e-05
0.000568139
-2.2248e-05
0.00056422
-3.95236e-05
0.000568139
-4.55408e-05
0.000560148
-3.50659e-05
0.00056859
-1.63456e-11
0.000523568
3.50659e-05
0.000523568
4.55408e-05
0.00056859
3.95235e-05
0.000560148
2.2248e-05
0.000568139
0.00056422
-2.21521e-05
-2.21521e-05
-4.03771e-05
-2.95784e-05
-4.74348e-05
-4.06079e-05
-4.12763e-05
-6.54725e-05
-1.20159e-11
-0.000100852
4.12763e-05
-0.000100852
4.74348e-05
-6.54725e-05
4.03771e-05
-4.06079e-05
2.21521e-05
-2.95785e-05
-2.21521e-05
-2.95785e-05
-4.03771e-05
-5.67301e-05
-5.67301e-05
-7.4109e-05
-8.12984e-05
-5.99162e-05
-0.000167442
-2.23546e-11
-0.00025019
5.99162e-05
-0.00025019
7.4109e-05
-0.000167441
5.67301e-05
-8.12984e-05
2.95785e-05
-5.67301e-05
-4.03771e-05
-4.06079e-05
-4.74349e-05
-8.12983e-05
-7.41091e-05
-0.000113026
-0.000113026
-0.000148102
-0.000186149
-1.32563e-11
-4.46874e-05
0.000148102
-4.46873e-05
0.000113026
-0.000186149
8.12983e-05
-0.000113026
4.06079e-05
-7.41091e-05
-4.74349e-05
-6.54726e-05
-4.12763e-05
-0.000167442
-5.99162e-05
-0.000186149
-0.000148102
-5.92649e-05
-5.92648e-05
-9.02254e-12
9.96233e-05
5.92649e-05
9.96233e-05
0.000186149
-5.92647e-05
0.000167442
-0.000148102
6.54726e-05
-5.99162e-05
-4.12763e-05
-0.000100852
3.4945e-12
-0.00025019
-5.64764e-12
-4.46874e-05
6.93267e-11
9.96232e-05
-1.14204e-11
1.3072e-13
8.51542e-13
-9.96232e-05
5.51961e-13
4.46873e-05
-1.39678e-11
0.00025019
7.11386e-11
0.000100852
-4.98248e-12
6.23043e-13
-0.000100852
4.12763e-05
-0.00025019
5.99163e-05
-4.46873e-05
0.000148102
9.96233e-05
5.9265e-05
-1.95681e-13
-9.96232e-05
-9.96233e-05
-9.96232e-05
4.46872e-05
5.92649e-05
0.00025019
0.000148102
0.000100852
5.99162e-05
4.12763e-05
-6.54725e-05
4.74349e-05
-0.000167441
7.41091e-05
-0.000186149
0.000113026
-5.92647e-05
0.000186149
-1.1348e-11
4.46873e-05
5.92647e-05
4.46873e-05
0.000186149
0.000186149
0.000167441
0.000113026
6.54726e-05
7.41091e-05
4.74349e-05
-4.06079e-05
4.03771e-05
-8.12984e-05
5.67302e-05
-0.000113026
8.12983e-05
-0.000148102
0.000167441
-1.34951e-11
0.00025019
0.000148102
0.00025019
0.000113026
0.000167441
8.12983e-05
8.12984e-05
4.06079e-05
5.67302e-05
4.03771e-05
-2.95785e-05
2.21521e-05
-5.67301e-05
2.95785e-05
-7.4109e-05
4.06079e-05
-5.99162e-05
6.54726e-05
-1.87246e-11
0.000100852
5.99162e-05
0.000100852
7.4109e-05
6.54726e-05
5.67301e-05
4.06079e-05
2.95785e-05
2.95785e-05
2.21521e-05
-2.21521e-05
-4.03771e-05
-4.74348e-05
-4.12763e-05
-1.65081e-11
4.12762e-05
4.74348e-05
4.03771e-05
2.21521e-05
)
;

boundaryField
{
    bottom
    {
        type            calculated;
        value           nonuniform List<scalar> 0();
    }
    atmosphere
    {
        type            calculated;
        value           nonuniform List<scalar> 0();
    }
    walls
    {
        type            calculated;
        value           uniform 0;
    }
    procBoundary0to1
    {
        type            processor;
        value           nonuniform List<scalar> 
100
(
0.000608524
0.000615942
0.000607813
0.000627904
0.000583144
0.000583144
0.000627904
0.000607813
0.000615942
0.000608524
0.000615942
0.000626192
0.000625804
0.000655057
0.000650357
0.000650357
0.000655057
0.000625804
0.000626192
0.000615942
0.000607813
0.000625804
0.000542741
0.00054416
-0.000670734
-0.000670734
0.00054416
0.00054274
0.000625804
0.000607813
0.000627904
0.000655057
0.00054416
-0.000990622
-0.00299814
-0.00299814
-0.000990622
0.00054416
0.000655057
0.000627904
0.000583144
0.000650357
-0.000670735
-0.00299814
-0.00326947
-0.00326947
-0.00299814
-0.000670735
0.000650357
0.000583144
0.000583144
0.000650357
-0.000670735
-0.00299814
-0.00326947
-0.00326947
-0.00299813
-0.000670735
0.000650357
0.000583144
0.000627904
0.000655057
0.00054416
-0.000990622
-0.00299814
-0.00299814
-0.000990622
0.00054416
0.000655057
0.000627904
0.000607813
0.000625804
0.00054274
0.00054416
-0.000670734
-0.000670735
0.00054416
0.00054274
0.000625804
0.000607813
0.000615942
0.000626192
0.000625804
0.000655057
0.000650357
0.000650357
0.000655057
0.000625804
0.000626192
0.000615942
0.000608524
0.000615942
0.000607813
0.000627904
0.000583144
0.000583144
0.000627904
0.000607813
0.000615942
0.000608524
)
;
    }
    procBoundary0to2
    {
        type            processor;
        value           nonuniform List<scalar> 
100
(
-0.000174971
-0.000166097
-0.000150595
-0.000129571
-0.000106842
-0.000106842
-0.000129571
-0.000150595
-0.000166097
-0.000174971
-0.000166097
-0.000153703
-0.000129686
-9.71498e-05
-4.88189e-05
-4.88189e-05
-9.71498e-05
-0.000129686
-0.000153703
-0.000166097
-0.000150595
-0.000129686
-9.32132e-05
-2.59506e-05
6.39363e-05
6.39363e-05
-2.59506e-05
-9.32132e-05
-0.000129686
-0.000150595
-0.000129571
-9.71498e-05
-2.59506e-05
0.000105164
0.000398965
0.000398965
0.000105164
-2.59506e-05
-9.71498e-05
-0.000129571
-0.000106842
-4.88189e-05
6.39363e-05
0.000398965
0.00110035
0.00110035
0.000398965
6.39363e-05
-4.88189e-05
-0.000106842
-0.000106842
-4.88189e-05
6.39363e-05
0.000398965
0.00110035
0.00110035
0.000398965
6.39363e-05
-4.88189e-05
-0.000106842
-0.000129571
-9.71497e-05
-2.59506e-05
0.000105164
0.000398965
0.000398965
0.000105164
-2.59506e-05
-9.71497e-05
-0.000129571
-0.000150595
-0.000129686
-9.32132e-05
-2.59507e-05
6.39363e-05
6.39363e-05
-2.59506e-05
-9.32132e-05
-0.000129686
-0.000150595
-0.000166097
-0.000153703
-0.000129686
-9.71498e-05
-4.88189e-05
-4.88189e-05
-9.71498e-05
-0.000129686
-0.000153703
-0.000166097
-0.000174971
-0.000166097
-0.000150595
-0.000129571
-0.000106842
-0.000106842
-0.000129571
-0.000150595
-0.000166097
-0.000174971
)
;
    }
}


// ************************************************************************* //
